EwEVersion,"6.5.13829.0 (compiled 2016-05-17)"
Date,"2016-09-06 18:34:59"
ModelName,Baltic_Proper-SEALS
EcosimScenario,Proper1_SealVuln100_19742100_seal1_cofF1
TimeSeries,new_data_weights_19742100_BAU_WAR1_codF1_seal1
StartYear,1974

Data,"Prey of Temora sp"

Year,"Cyanobacteria","Phytoplankton","microzooplankton","Detritus-water column",
1974,0.03575868,0.6257873,0.1919153,0.1465388
1975,0.03568298,0.6123868,0.2028339,0.1490963
1976,0.02831195,0.647203,0.2035632,0.1209219
1977,0.02929848,0.6316591,0.2103662,0.1286761
1978,0.03128025,0.6173812,0.2130099,0.1383286
1979,0.03242605,0.6117117,0.212041,0.1438212
1980,0.02806403,0.6366475,0.2091209,0.1261675
1981,0.02750571,0.6336558,0.2128818,0.1259567
1982,0.02617924,0.6381228,0.2143457,0.1213523
1983,0.0284629,0.624148,0.214036,0.1333531
1984,0.02799036,0.6277713,0.2130584,0.13118
1985,0.03462185,0.575403,0.2317666,0.1582086
1986,0.02878701,0.627073,0.2117842,0.1323558
1987,0.04978675,0.4832111,0.2456073,0.2213949
1988,0.04372635,0.555142,0.2100189,0.1911127
1989,0.03939299,0.5865414,0.2008706,0.173195
1990,0.03663578,0.5981349,0.205063,0.1601663
1991,0.04659116,0.5363125,0.2181144,0.1989819
1992,0.03873276,0.5970353,0.1987731,0.1654587
1993,0.03930788,0.5856872,0.2071965,0.1678083
1994,0.035919,0.6018821,0.2092531,0.1529458
1995,0.03440941,0.6127945,0.2040962,0.1486998
1996,0.04303324,0.5522404,0.2224186,0.1823076
1997,0.04799557,0.5381433,0.213321,0.2005401
1998,0.03917495,0.5974805,0.1980298,0.1653147
1999,0.03077218,0.6371185,0.1990067,0.1331026
2000,0.04360868,0.5458432,0.2245666,0.1859815
2001,0.04539184,0.5536866,0.2102377,0.1906838
2002,0.04649252,0.5530701,0.2061227,0.1943147
2003,0.03188327,0.6293364,0.2039171,0.1348633
2004,0.04172572,0.5574864,0.2243534,0.1764345
2005,0.04533653,0.5496147,0.2162433,0.1888055
2006,0.04635803,0.5532905,0.2077992,0.1925524
2007,0.04956664,0.5392125,0.207006,0.2042149
2008,0.03790604,0.6069278,0.1975255,0.1576406
2009,0.03708431,0.6008464,0.2063765,0.1556928
2010,0.04609853,0.5404352,0.2239274,0.1895388
2011,0.04838417,0.5362723,0.218956,0.1963876
2012,0.04785065,0.5528256,0.2034573,0.1958665
2013,0.0352562,0.6188362,0.1993351,0.1465724
2014,0.0454434,0.5506728,0.2153932,0.1884907
2015,0.03974232,0.5955024,0.199614,0.1651413
2016,0.04792118,0.5448179,0.2094512,0.1978098
2017,0.03892339,0.6014408,0.1984095,0.1612264
2018,0.04355986,0.5670367,0.2091149,0.1802885
2019,0.05103777,0.5293087,0.2119226,0.207731
2020,0.05138512,0.5381619,0.2023807,0.2080723
2021,0.0442809,0.5770987,0.1984628,0.1801576
2022,0.04233673,0.5814889,0.2033021,0.1728723
2023,0.04276839,0.5794364,0.2027353,0.17506
2024,0.03905398,0.6007488,0.1990407,0.1611565
2025,0.04310929,0.5705265,0.2094121,0.1769521
2026,0.04351266,0.5731794,0.2052201,0.1780879
2027,0.05080752,0.5341553,0.20902,0.2060172
2028,0.0430604,0.5820022,0.2000374,0.1749
2029,0.04395707,0.5729969,0.2036407,0.1794054
2030,0.04107845,0.5872183,0.2040433,0.1676598
2031,0.04291299,0.575954,0.2055912,0.1755418
2032,0.03087145,0.643608,0.1959347,0.1295859
2033,0.03644255,0.5929172,0.2168871,0.1537531
2034,0.03893548,0.5879853,0.2092252,0.163854
2035,0.03927027,0.5916908,0.2032781,0.1657608
2036,0.04379531,0.5603248,0.2140324,0.1818475
2037,0.03345712,0.6291222,0.1958142,0.1416065
2038,0.03562212,0.5996662,0.2136119,0.1510998
2039,0.03129435,0.628544,0.2057563,0.1344054
2040,0.0307144,0.6287094,0.2060251,0.1345511
2041,0.0356042,0.5886614,0.2219884,0.1537461
2042,0.03681696,0.5990273,0.2042707,0.159885
2043,0.03070992,0.6320317,0.2029065,0.1343518
2044,0.03305459,0.6077945,0.2145887,0.1445622
2045,0.03317547,0.6140586,0.2070911,0.1456749
2046,0.03316201,0.6126475,0.2085209,0.1456696
2047,0.02988803,0.6308157,0.2070753,0.132221
2048,0.03087671,0.6211671,0.2103456,0.1376105
2049,0.03037224,0.6231643,0.2109347,0.1355287
2050,0.03552071,0.5928363,0.2141023,0.1575407
2051,0.03693136,0.5904829,0.2110547,0.161531
2052,0.03517129,0.6051973,0.2061121,0.1535193
2053,0.03388361,0.6094199,0.2092017,0.1474948
2054,0.03220982,0.6202276,0.2064947,0.141068
2055,0.02692283,0.6486465,0.2041805,0.1202501
2056,0.03260431,0.6009389,0.2213479,0.1451089
2057,0.0257422,0.6551834,0.2018959,0.1171786
2058,0.02781583,0.6237158,0.221034,0.1274345
2059,0.03029098,0.6127453,0.2186139,0.1383498
2060,0.03291467,0.6057535,0.2112593,0.1500725
2061,0.02671376,0.6426777,0.2085718,0.1220367
2062,0.03203833,0.6020672,0.2197419,0.1461525
2063,0.02933112,0.626445,0.2108424,0.1333815
2064,0.03102678,0.6150278,0.2124419,0.1415036
2065,0.02858431,0.627088,0.2146462,0.1296816
2066,0.02828707,0.6325386,0.208806,0.1303684
2067,0.02907309,0.6163459,0.2221815,0.1323995
2068,0.03063587,0.6185706,0.2100035,0.1407901
2069,0.02987786,0.6210743,0.2126111,0.1364368
2070,0.03024959,0.6194324,0.2123508,0.1379671
2071,0.03102286,0.6175454,0.2100157,0.141416
2072,0.03035118,0.6198301,0.2122774,0.1375414
2073,0.03060752,0.6201627,0.210269,0.1389607
2074,0.02919903,0.6273531,0.2108117,0.1326361
2075,0.02610106,0.6455458,0.2079939,0.1203593
2076,0.02546259,0.6417299,0.2138913,0.1189162
2077,0.02674346,0.631732,0.2158025,0.1257219
2078,0.02455096,0.6481014,0.2103674,0.1169802
2079,0.03095538,0.5927946,0.2316119,0.1446381
2080,0.03117837,0.6122847,0.2114228,0.145114
2081,0.02672355,0.6397539,0.208615,0.1249075
2082,0.02549833,0.6374,0.2174541,0.1196476
2083,0.02796106,0.6257159,0.2140104,0.1323126
2084,0.02516914,0.6416191,0.2142025,0.1190092
2085,0.02701294,0.6301765,0.2138525,0.1289581
2086,0.02678849,0.6282562,0.2182513,0.126704
2087,0.02362757,0.6544253,0.2078184,0.1141288
2088,0.02601255,0.6185756,0.231197,0.1242148
2089,0.02411568,0.6469168,0.2115725,0.117395
2090,0.02163291,0.6537114,0.2178663,0.1067894
2091,0.0212736,0.6493551,0.2227215,0.1066499
2092,0.02306859,0.6389055,0.2209226,0.1171033
2093,0.02497765,0.6207408,0.2297255,0.1245561
2094,0.02304217,0.649272,0.2109926,0.1166932
2095,0.02836399,0.5921023,0.2408999,0.1386337
2096,0.02896873,0.6159593,0.213834,0.1412379
2097,0.02452813,0.6437828,0.2122573,0.1194317
2098,0.02959359,0.598218,0.2309519,0.1412365
