EwEVersion,"6.5.13829.0 (compiled 2016-05-17)"
Date,"2016-09-06 18:34:59"
ModelName,Baltic_Proper-SEALS
EcosimScenario,Proper1_SealVuln100_19742100_seal1_cofF1
TimeSeries,new_data_weights_19742100_BAU_WAR1_codF1_seal1
StartYear,1974

Data,"Prey of Temora sp"

TimeStep,"Cyanobacteria","Phytoplankton","microzooplankton","Detritus-water column",
1,0.04225926,0.6065168,0.1818384,0.1693856
2,0.03843141,0.6257737,0.1810654,0.1547296
3,0.0365148,0.6314564,0.1842176,0.1478112
4,0.03551377,0.6320713,0.1878981,0.1445169
5,0.03498649,0.6309366,0.1910353,0.1430416
6,0.03471035,0.6293929,0.1934095,0.1424873
7,0.0345667,0.6279414,0.1951074,0.1423845
8,0.03449095,0.6267245,0.1962997,0.1424849
9,0.03444799,0.6257406,0.1971526,0.1426588
10,0.03441905,0.6249409,0.1977991,0.142841
11,0.03439435,0.6242702,0.198335,0.1430005
12,0.03436901,0.6236819,0.198825,0.143124
13,0.03504702,0.6175472,0.2012598,0.146146
14,0.03547346,0.6146087,0.2018546,0.1480632
15,0.03571072,0.6132495,0.2019098,0.14913
16,0.03582744,0.6126234,0.2018864,0.1496628
17,0.03586937,0.6122902,0.2019732,0.1498673
18,0.03586669,0.6120398,0.2022164,0.1498771
19,0.03583881,0.6117857,0.2025973,0.1497781
20,0.03579811,0.6115039,0.2030724,0.1496255
21,0.03575267,0.611199,0.2035918,0.1494565
22,0.035708,0.6108875,0.2041071,0.1492974
23,0.03566799,0.6105883,0.2045756,0.1491682
24,0.03563545,0.6103187,0.204962,0.1490838
25,0.03168522,0.6408312,0.1948487,0.132635
26,0.02964744,0.6499566,0.1960325,0.1243634
27,0.0286395,0.6517194,0.1990226,0.1206185
28,0.02812166,0.6510121,0.2018997,0.1189665
29,0.02786311,0.6496834,0.2040507,0.1184028
30,0.02774152,0.6484029,0.20546,0.1183956
31,0.02769012,0.6473576,0.2062961,0.1186562
32,0.02767263,0.64655,0.2067476,0.1190296
33,0.02766973,0.6459256,0.2069693,0.1194354
34,0.02767111,0.6454218,0.2070757,0.1198313
35,0.02767179,0.6449878,0.2071419,0.1201985
36,0.02766954,0.6445873,0.2072133,0.1205297
37,0.02845109,0.6369652,0.2103782,0.1242056
38,0.02894338,0.6335509,0.2109403,0.1265653
39,0.02922915,0.6321344,0.2106663,0.1279702
40,0.02938368,0.6316024,0.2102372,0.1287767
41,0.02945791,0.6313975,0.2099236,0.1292209
42,0.02948493,0.6312666,0.2097943,0.1294542
43,0.02948535,0.631112,0.209833,0.1295696
44,0.02947164,0.6309086,0.2099968,0.129623
45,0.02945112,0.6306612,0.2102404,0.1296472
46,0.0294286,0.6303865,0.2105206,0.1296643
47,0.02940696,0.6301019,0.2108028,0.1296883
48,0.02938797,0.6298229,0.2110611,0.1297279
49,0.03022137,0.6217711,0.2145301,0.1334775
50,0.03075722,0.6181589,0.2152077,0.1358762
51,0.0310782,0.6167275,0.2149029,0.1372914
52,0.0312649,0.6163185,0.2143048,0.1381118
53,0.03137182,0.6163386,0.2136969,0.1385926
54,0.03143433,0.6165078,0.2131615,0.1388964
55,0.031474,0.616708,0.2126987,0.1391193
56,0.0315032,0.6168981,0.212284,0.1393146
57,0.03152857,0.6170697,0.2118928,0.139509
58,0.03155274,0.6172239,0.2115135,0.1397099
59,0.0315766,0.6173632,0.2111429,0.1399174
60,0.03160006,0.6174893,0.2107833,0.1401275
61,0.03194922,0.6139862,0.2123996,0.141665
62,0.03216113,0.6123073,0.2129683,0.1425634
63,0.03230232,0.6115549,0.2129701,0.1431727
64,0.03239314,0.6112732,0.2127598,0.1435738
65,0.03245208,0.6112143,0.2124862,0.1438474
66,0.03249157,0.6112514,0.2122105,0.1440465
67,0.03251944,0.6113232,0.2119536,0.1442037
68,0.03254034,0.6114014,0.2117212,0.1443369
69,0.03255688,0.6114739,0.2115141,0.1444552
70,0.03257072,0.6115366,0.2113287,0.144564
71,0.03258265,0.6115885,0.2111632,0.1446657
72,0.03259307,0.6116302,0.2110162,0.1447605
73,0.03030401,0.6312862,0.203739,0.1346709
74,0.02904118,0.6380054,0.203701,0.1292524
75,0.02836677,0.6397136,0.2053659,0.1265537
76,0.02800392,0.6395267,0.2072059,0.1252636
77,0.02781017,0.6387452,0.2087269,0.1247177
78,0.02770728,0.6378844,0.209853,0.1245553
79,0.02765162,0.6371161,0.2106545,0.1245777
80,0.02761905,0.6364709,0.2112332,0.1246769
81,0.02759641,0.6359282,0.2116798,0.1247956
82,0.02757679,0.6354556,0.2120627,0.1249049
83,0.02755669,0.6350244,0.2124275,0.1249915
84,0.02753452,0.6346132,0.2128022,0.1250501
85,0.02758659,0.6344589,0.2124016,0.1255529
86,0.02762656,0.6344943,0.2118825,0.1259966
87,0.02762882,0.6345138,0.2116553,0.126202
88,0.02761395,0.6344552,0.2116396,0.1262912
89,0.02758897,0.6343102,0.2117955,0.1263052
90,0.02755712,0.6340895,0.2120894,0.1262641
91,0.02752015,0.6338086,0.212492,0.1261793
92,0.02747921,0.633483,0.2129785,0.1260593
93,0.0274353,0.6331269,0.2135258,0.1259119
94,0.02738957,0.6327533,0.2141115,0.1257457
95,0.02734348,0.6323742,0.2147112,0.1255712
96,0.0272988,0.632002,0.2152984,0.1254009
97,0.02674976,0.6367371,0.2135377,0.1229753
98,0.0264229,0.6384377,0.2135247,0.1216147
99,0.02622928,0.6388439,0.21404,0.1208868
100,0.02611996,0.6387478,0.2145708,0.1205615
101,0.0260634,0.6385122,0.214935,0.1204894
102,0.0260402,0.6382878,0.2150927,0.1205793
103,0.02603832,0.6381235,0.2150642,0.120774
104,0.02605009,0.6380225,0.2148913,0.1210361
105,0.02607037,0.63797,0.2146201,0.1213395
106,0.02609539,0.6379458,0.2142948,0.121664
107,0.02612229,0.6379318,0.2139529,0.121993
108,0.02614889,0.6379135,0.2136239,0.1223138
109,0.02715873,0.628536,0.2170939,0.1272114
110,0.02782937,0.6245598,0.2171495,0.1304615
111,0.02823782,0.6231818,0.2161831,0.1323973
112,0.02847921,0.6229627,0.2150434,0.1335147
113,0.02861698,0.6231715,0.2140788,0.1341327
114,0.02869282,0.6234723,0.2133772,0.1344576
115,0.02873287,0.623732,0.2129184,0.1346167
116,0.02875281,0.6239138,0.2126483,0.1346851
117,0.02876174,0.6240219,0.2125106,0.1347058
118,0.02876473,0.6240726,0.2124608,0.1347019
119,0.02876464,0.6240831,0.212466,0.1346863
120,0.02876306,0.6240683,0.2125027,0.134666
121,0.02840233,0.6271316,0.2115199,0.1329462
122,0.02817756,0.628211,0.2117312,0.1318802
123,0.02805204,0.6284446,0.2121859,0.1313175
124,0.02798159,0.628346,0.2126468,0.1310256
125,0.02794281,0.6281471,0.2130232,0.130887
126,0.02792186,0.6279441,0.213301,0.130833
127,0.02791063,0.6277705,0.2134951,0.1308238
128,0.02790448,0.6276315,0.2136271,0.1308369
129,0.02790091,0.6275221,0.2137164,0.1308605
130,0.02789855,0.6274356,0.2137778,0.1308881
131,0.02789669,0.6273651,0.2138215,0.1309167
132,0.02789495,0.627306,0.2138545,0.1309445
133,0.03065085,0.5983096,0.2276385,0.143401
134,0.03256273,0.5828114,0.2330687,0.1515572
135,0.03383421,0.5752503,0.2342731,0.1566423
136,0.03461134,0.5720226,0.2339525,0.1594136
137,0.03505506,0.5709565,0.2332959,0.1606926
138,0.03529407,0.5708637,0.2327275,0.1611147
139,0.03541952,0.5711622,0.2323028,0.1611155
140,0.03549045,0.5716033,0.231938,0.1609682
141,0.03554243,0.5721021,0.2315259,0.1608296
142,0.03559602,0.5726427,0.2309755,0.1607858
143,0.03566169,0.5732319,0.2302314,0.160875
144,0.03574386,0.5738794,0.2292692,0.1611076
145,0.03195019,0.6100616,0.2137857,0.1442025
146,0.03004842,0.6233384,0.2105123,0.1361007
147,0.0290988,0.628192,0.2103015,0.1324077
148,0.02862046,0.6297182,0.2108355,0.1308258
149,0.02838237,0.6299728,0.2113832,0.1302617
150,0.02826682,0.6298009,0.2117612,0.130171
151,0.02821267,0.6295306,0.2119743,0.1302824
152,0.02818824,0.6292707,0.2120768,0.1304642
153,0.02817729,0.6290432,0.2121239,0.1306556
154,0.02817148,0.6288409,0.2121577,0.1308298
155,0.02816665,0.6286499,0.2122072,0.1309763
156,0.0281607,0.6284575,0.2122902,0.1310916
157,0.03472828,0.5643542,0.2396912,0.1612262
158,0.04058484,0.5214308,0.2505951,0.1873892
159,0.04530258,0.4943512,0.2528247,0.2075215
160,0.04879257,0.4786167,0.2510623,0.2215284
161,0.05116981,0.470391,0.2481976,0.2302417
162,0.05265838,0.4667407,0.2456858,0.2349152
163,0.05350786,0.4656243,0.2440389,0.2368289
164,0.05394025,0.4657604,0.2432369,0.2370625
165,0.05412737,0.466437,0.2430176,0.2364181
166,0.05419027,0.4673143,0.2430564,0.2354391
167,0.05420845,0.4682623,0.2430614,0.2344678
168,0.05423032,0.4692502,0.2428192,0.2337003
169,0.04855016,0.517,0.2255255,0.2089243
170,0.04541732,0.5389423,0.2198618,0.1957784
171,0.04405222,0.549458,0.2156175,0.1908722
172,0.04341233,0.5552698,0.2122164,0.1891014
173,0.04309561,0.5586369,0.2097554,0.1885121
174,0.04294925,0.5606992,0.2079122,0.1884393
175,0.04288836,0.5620319,0.2065427,0.1885371
176,0.04286762,0.5629374,0.2055508,0.1886441
177,0.04286429,0.5635803,0.2048554,0.1887
178,0.04286774,0.5640528,0.2043864,0.1886931
179,0.04287312,0.5644095,0.2040873,0.1886301
180,0.04287818,0.5646853,0.2039153,0.1885211
181,0.04130099,0.5781647,0.1989375,0.1815969
182,0.04033046,0.5844141,0.1978659,0.1773894
183,0.03975451,0.5871081,0.19821,0.1749275
184,0.03941651,0.5880791,0.1990123,0.1734921
185,0.03921933,0.5882667,0.1998706,0.1726435
186,0.03910331,0.5881366,0.2006438,0.1721164
187,0.03903221,0.5879068,0.2013078,0.1717532
188,0.03898434,0.5876691,0.2018845,0.171462
189,0.03894685,0.5874543,0.2024089,0.1711899
190,0.03891243,0.5872657,0.2029139,0.1709079
191,0.0388769,0.5870962,0.2034263,0.1706006
192,0.038838,0.5869362,0.2039658,0.1702601
193,0.03790483,0.5944884,0.2015148,0.166092
194,0.03731602,0.597797,0.2014186,0.1634685
195,0.03694726,0.5990525,0.2021876,0.1618126
196,0.03671444,0.5993344,0.2032092,0.1607421
197,0.03656368,0.5991978,0.2042227,0.1600159
198,0.03646186,0.5989167,0.2051318,0.1594896
199,0.03638925,0.5986179,0.2059121,0.1590806
200,0.03633462,0.5983545,0.2065666,0.1587442
201,0.03629192,0.5981443,0.2071051,0.1584587
202,0.03625831,0.5979899,0.2075354,0.1582164
203,0.03623264,0.5978889,0.2078623,0.1580161
204,0.03621457,0.5978369,0.2080894,0.1578592
205,0.04006597,0.5647875,0.2208415,0.1743051
206,0.04298521,0.5459951,0.2246091,0.1864105
207,0.04501963,0.5361236,0.2244169,0.1944399
208,0.04635155,0.5316222,0.2226805,0.1993458
209,0.04717795,0.5301002,0.2206309,0.202091
210,0.04767157,0.5300758,0.2187681,0.2034846
211,0.0479641,0.5307089,0.2172056,0.2041213
212,0.04814629,0.5315692,0.2158874,0.204397
213,0.04827527,0.532463,0.2147123,0.2045495
214,0.04838158,0.5333192,0.2136071,0.2046921
215,0.04847981,0.5341199,0.2125325,0.2048678
216,0.04857496,0.5348656,0.2114813,0.2050782
217,0.04356259,0.5754305,0.1969627,0.1840442
218,0.04081399,0.5921867,0.1941646,0.1728346
219,0.03934526,0.5987105,0.1948309,0.1671133
220,0.03855472,0.60082,0.1963971,0.1642282
221,0.03813425,0.601103,0.1979248,0.1628379
222,0.03791652,0.6007254,0.1991314,0.1622267
223,0.03780838,0.6001912,0.1999937,0.1620066
224,0.03775772,0.5996953,0.2005784,0.1619685
225,0.03773562,0.599293,0.2009693,0.1620021
226,0.03772626,0.5989819,0.2012408,0.162051
227,0.03772131,0.5987409,0.2014494,0.1620885
228,0.03771649,0.598546,0.2016347,0.1621028
229,0.03845241,0.591603,0.2048213,0.1651233
230,0.03891934,0.5880436,0.2061103,0.1669268
231,0.03920747,0.5862758,0.2065587,0.167958
232,0.03937257,0.5854444,0.2067177,0.1684653
233,0.03945802,0.5850636,0.2068371,0.1686413
234,0.03949425,0.5848758,0.2070107,0.1686192
235,0.0395015,0.5847553,0.2072571,0.1684861
236,0.03949276,0.5846486,0.2075611,0.1682975
237,0.0394763,0.5845396,0.2078959,0.1680882
238,0.03945729,0.5844294,0.2082326,0.1678807
239,0.03943906,0.5843266,0.2085448,0.1676895
240,0.03942364,0.5842413,0.208811,0.1675241
241,0.03773551,0.596797,0.2052789,0.1601886
242,0.03670697,0.6016741,0.2058674,0.1557515
243,0.03614175,0.6031883,0.2072479,0.153422
244,0.03583362,0.6033375,0.2085942,0.1522346
245,0.03567247,0.6030235,0.2096149,0.1516892
246,0.03559405,0.6026337,0.2102751,0.1514972
247,0.03556061,0.6023112,0.2106372,0.151491
248,0.03555027,0.6020886,0.2107871,0.151574
249,0.03555063,0.601954,0.2108032,0.1516921
250,0.03555527,0.601883,0.2107432,0.1518185
251,0.03556089,0.6018521,0.2106471,0.15194
252,0.03556598,0.6018425,0.2105404,0.1520511
253,0.03504671,0.6080003,0.2067482,0.1502048
254,0.03475018,0.6111393,0.2047868,0.1493236
255,0.0345533,0.612717,0.2039497,0.14878
256,0.03443123,0.6134471,0.2036178,0.148504
257,0.03435694,0.6137356,0.2035162,0.1483913
258,0.0343115,0.6138014,0.2035189,0.1483682
259,0.03428273,0.6137574,0.2035712,0.1483887
260,0.03426309,0.6136599,0.2036514,0.1484256
261,0.03424811,0.6135356,0.2037522,0.1484641
262,0.03423524,0.6133968,0.2038715,0.1484964
263,0.03422305,0.613249,0.2040086,0.1485193
264,0.03421085,0.6130948,0.2041622,0.148532
265,0.03769515,0.5811387,0.2179831,0.1631831
266,0.04021313,0.5631279,0.2233623,0.1732966
267,0.04192865,0.5536495,0.2246081,0.1798138
268,0.04300783,0.549151,0.2242841,0.183557
269,0.04363775,0.547319,0.2236259,0.1854173
270,0.04397867,0.5467799,0.22311,0.1861314
271,0.04415103,0.5467986,0.2228135,0.1862368
272,0.0442379,0.547031,0.2226363,0.1860947
273,0.04429255,0.5473477,0.2224294,0.1859304
274,0.04434565,0.5477201,0.2220677,0.1858666
275,0.04441259,0.548156,0.2214742,0.1859571
276,0.04449794,0.548667,0.2206282,0.1862069
277,0.04578295,0.5405954,0.2219913,0.1916304
278,0.0467487,0.5368667,0.2206657,0.1957188
279,0.04740926,0.5355587,0.2185771,0.198455
280,0.04785121,0.5355359,0.2163777,0.2002352
281,0.04814288,0.5361192,0.2143733,0.2013647
282,0.0483349,0.5369268,0.2126722,0.2020662
283,0.04846254,0.5377603,0.2112845,0.2024927
284,0.04854928,0.5385281,0.2101777,0.2027448
285,0.04861004,0.5391971,0.2093073,0.2028855
286,0.04865423,0.5397636,0.2086282,0.202954
287,0.04868753,0.5402371,0.2081015,0.2029739
288,0.04871338,0.5406314,0.2076955,0.2029596
289,0.04394898,0.5781223,0.1946238,0.1833048
290,0.04129865,0.5936531,0.19236,0.1726883
291,0.03985536,0.5996227,0.193357,0.167165
292,0.03906079,0.6014345,0.1951915,0.1643132
293,0.03862453,0.6015245,0.1969619,0.1628891
294,0.0383874,0.6009965,0.1983932,0.1622229
295,0.03825976,0.6003292,0.1994648,0.1619462
296,0.0381907,0.5997068,0.2002458,0.1618567
297,0.0381515,0.5991806,0.2008234,0.1618445
298,0.03812639,0.5987466,0.2012736,0.1618533
299,0.03810686,0.5983832,0.2016548,0.1618552
300,0.0380885,0.5980663,0.2020075,0.1618377
301,0.03434164,0.628301,0.1911789,0.1461784
302,0.03235529,0.6387723,0.1907244,0.1381481
303,0.03129273,0.6416461,0.1929563,0.1341048
304,0.0307115,0.6415694,0.1956256,0.1320935
305,0.03039031,0.6404918,0.1979693,0.1311486
306,0.03021064,0.639213,0.1998164,0.1307599
307,0.03010715,0.6380253,0.2012164,0.1306511
308,0.03004368,0.6370038,0.2022793,0.1306732
309,0.03000048,0.6361387,0.2031131,0.1307478
310,0.02996677,0.6353943,0.2038048,0.1308341
311,0.02993708,0.6347347,0.2044149,0.1309134
312,0.02990883,0.6341313,0.2049811,0.1309788
313,0.03480098,0.5891019,0.2238842,0.152213
314,0.03873481,0.5623646,0.2300324,0.1688681
315,0.041584,0.5477586,0.2302817,0.1803757
316,0.0434786,0.5407402,0.2282554,0.1875257
317,0.04463513,0.5380005,0.2259336,0.1914308
318,0.04527982,0.5373899,0.2241489,0.1931814
319,0.0456031,0.5376698,0.2230676,0.1936595
320,0.04574573,0.5382257,0.2225307,0.1934978
321,0.04580339,0.5388182,0.2222621,0.1931163
322,0.04583464,0.5393997,0.2220032,0.1927625
323,0.04587236,0.5399976,0.2215627,0.1925673
324,0.04593157,0.5406519,0.2208365,0.1925801
325,0.04552314,0.5456542,0.2180082,0.1908145
326,0.04531731,0.5487145,0.2159456,0.1900226
327,0.04523282,0.5507509,0.2142347,0.1897817
328,0.04522432,0.5522245,0.212677,0.1898742
329,0.04525696,0.5533779,0.2112344,0.1901307
330,0.04530786,0.5543304,0.2099214,0.1904404
331,0.04536336,0.5551372,0.2087605,0.1907389
332,0.04541603,0.5558245,0.2077663,0.1909931
333,0.04546233,0.5564065,0.2069417,0.1911895
334,0.04550172,0.5568938,0.2062745,0.19133
335,0.04553457,0.5572973,0.2057473,0.1914208
336,0.04556159,0.5576283,0.2053408,0.1914693
337,0.04596169,0.5548449,0.2061616,0.1930319
338,0.04622914,0.5534753,0.2062973,0.1939982
339,0.04640086,0.5528708,0.2061818,0.1945464
340,0.04650707,0.5526686,0.2060104,0.194814
341,0.04656973,0.5526593,0.2058719,0.194899
342,0.04660394,0.5527283,0.2058013,0.1948666
343,0.04661959,0.5528155,0.2058066,0.1947583
344,0.04662304,0.5528927,0.2058841,0.1946001
345,0.04661836,0.5529485,0.206025,0.1944082
346,0.04660789,0.5529794,0.2062214,0.1941913
347,0.04659326,0.5529863,0.2064647,0.1939558
348,0.04657565,0.5529714,0.2067464,0.1937066
349,0.03834045,0.6139966,0.1883173,0.1593456
350,0.03444865,0.6320336,0.1900482,0.1434695
351,0.03257497,0.6361826,0.1950293,0.136213
352,0.03161592,0.6357162,0.1998838,0.132784
353,0.03111774,0.6339377,0.203706,0.1312386
354,0.03085928,0.6320583,0.2064444,0.130638
355,0.03072491,0.6304585,0.2083191,0.1304975
356,0.03065273,0.6291927,0.2095922,0.1305625
357,0.03060982,0.6282021,0.2104861,0.130702
358,0.03057901,0.6274051,0.2111649,0.130851
359,0.03055175,0.6267298,0.2117385,0.13098
360,0.03052408,0.626123,0.2122751,0.1310778
361,0.03472021,0.588948,0.2271142,0.1492177
362,0.03801474,0.5681387,0.2305993,0.1632472
363,0.04030514,0.5575331,0.2295922,0.1725695
364,0.04177118,0.5529606,0.2271083,0.1781599
365,0.04263161,0.5515548,0.2247161,0.1810975
366,0.04308785,0.5515675,0.2230142,0.1823304
367,0.04329746,0.5520587,0.2220664,0.1825774
368,0.04337094,0.5526025,0.2216963,0.1823302
369,0.04338037,0.5530613,0.2216556,0.1819027
370,0.04337098,0.553439,0.2217008,0.1814892
371,0.04336926,0.5537918,0.2216382,0.1812008
372,0.0433889,0.5541808,0.2213392,0.1810911
373,0.0440392,0.5495871,0.2227409,0.1836328
374,0.0445077,0.5475636,0.2224849,0.1854438
375,0.04484801,0.5469694,0.2214195,0.1867632
376,0.04510246,0.5471666,0.2199619,0.1877691
377,0.04529977,0.5477757,0.2183501,0.1885745
378,0.04545771,0.5485735,0.216727,0.1892417
379,0.04558671,0.5494297,0.2151822,0.1898015
380,0.04569304,0.5502687,0.2137695,0.1902688
381,0.04578081,0.5510488,0.2125181,0.1906523
382,0.04585277,0.5517487,0.2114404,0.1909581
383,0.04591138,0.5523602,0.210535,0.1911934
384,0.04595886,0.5528839,0.2097902,0.1913671
385,0.04612168,0.552535,0.2093088,0.1920346
386,0.04623877,0.5525413,0.2087309,0.192489
387,0.04631573,0.5527109,0.2082231,0.1927502
388,0.04636546,0.5529346,0.2078196,0.1928803
389,0.04639666,0.553157,0.2075257,0.1929207
390,0.04641493,0.553353,0.2073345,0.1928975
391,0.0464237,0.5535137,0.2072361,0.1928265
392,0.04642493,0.5536371,0.2072218,0.1927161
393,0.04641968,0.5537247,0.207285,0.1925706
394,0.04640888,0.5537786,0.2074183,0.1923942
395,0.04639311,0.5538018,0.2076156,0.1921896
396,0.04637284,0.5537972,0.2078711,0.1919588
397,0.04774123,0.5446712,0.209873,0.1977146
398,0.04871858,0.5401425,0.2093699,0.2017691
399,0.04931665,0.5382264,0.208373,0.204084
400,0.04966267,0.5376673,0.2073921,0.2052779
401,0.04984684,0.5377382,0.2066429,0.2057721
402,0.04993196,0.5380454,0.2061708,0.2058518
403,0.04995999,0.5383955,0.2059409,0.2057036
404,0.04995784,0.5387083,0.2058886,0.2054453
405,0.04994223,0.5389631,0.2059457,0.205149
406,0.04992294,0.5391667,0.206054,0.2048563
407,0.04990558,0.5393361,0.2061677,0.2045906
408,0.04989311,0.5394892,0.2062537,0.2043641
409,0.04361883,0.5863847,0.191252,0.1787445
410,0.04031393,0.6040908,0.1899648,0.1656304
411,0.03860372,0.6101704,0.1920393,0.1591866
412,0.03769667,0.6116108,0.1946684,0.1560241
413,0.03721716,0.6113046,0.196923,0.1545553
414,0.03696788,0.6104757,0.1985997,0.1539567
415,0.03684085,0.6096112,0.1997614,0.1537865
416,0.03677633,0.6088716,0.2005451,0.153807
417,0.03674151,0.6082802,0.2010849,0.1538934
418,0.0367188,0.607811,0.2014871,0.1539831
419,0.03669904,0.6074271,0.201827,0.1540468
420,0.03667779,0.6070958,0.2021534,0.154073
421,0.03693912,0.6041896,0.2036667,0.1552047
422,0.03708594,0.6026353,0.2044665,0.1558123
423,0.0371617,0.6017682,0.2049606,0.1561095
424,0.03718835,0.6012471,0.2053731,0.1561914
425,0.0371839,0.6008872,0.2057902,0.1561387
426,0.0371611,0.6005967,0.2062334,0.1560088
427,0.03712867,0.600336,0.2066941,0.1558413
428,0.03709269,0.6000925,0.2071504,0.1556644
429,0.03705749,0.5998671,0.2075763,0.1554991
430,0.03702633,0.5996664,0.2079454,0.1553618
431,0.03700158,0.5994987,0.2082347,0.1552649
432,0.03698483,0.5993713,0.2084267,0.1552172
433,0.04050035,0.5683716,0.2216178,0.1695103
434,0.04302581,0.5507718,0.2268986,0.1793038
435,0.04476206,0.5413964,0.2281265,0.185715
436,0.04586848,0.5368856,0.2277522,0.1894937
437,0.04653808,0.5350443,0.2268857,0.191532
438,0.04693495,0.5345634,0.22594,0.1925616
439,0.04718078,0.5347347,0.2249765,0.193108
440,0.04735727,0.535215,0.2239154,0.1935124
441,0.04751313,0.5358592,0.2226601,0.1939675
442,0.04767029,0.5366115,0.2211748,0.1945435
443,0.04783356,0.5374432,0.2194899,0.1952334
444,0.04799772,0.538326,0.2176914,0.1959849
445,0.04813661,0.5373994,0.2181515,0.1963126
446,0.04818439,0.5368418,0.2187606,0.1962132
447,0.04823554,0.5364622,0.2191075,0.1961947
448,0.04828434,0.536217,0.219289,0.1962097
449,0.04833102,0.5360686,0.2193522,0.1962481
450,0.04837578,0.5359904,0.2193307,0.1963031
451,0.04841857,0.5359629,0.2192502,0.1963684
452,0.04845904,0.5359717,0.2191318,0.1964375
453,0.04849673,0.5360053,0.2189933,0.1965047
454,0.04853162,0.536055,0.2188463,0.1965671
455,0.04856363,0.5361144,0.2186994,0.1966226
456,0.04859277,0.5361786,0.2185589,0.1966696
457,0.04820616,0.5427192,0.2133996,0.1956751
458,0.04812814,0.5471107,0.2086408,0.1961202
459,0.04804667,0.5501601,0.2054711,0.1963221
460,0.04796785,0.5522641,0.2034107,0.1963574
461,0.0478979,0.5536792,0.202123,0.1962999
462,0.04783888,0.5545993,0.2013673,0.1961944
463,0.04778944,0.5551714,0.2009785,0.1960606
464,0.04774665,0.555503,0.2008471,0.1959034
465,0.04770723,0.5556695,0.2009026,0.1957205
466,0.04766833,0.5557228,0.2011009,0.1955079
467,0.04762762,0.5556968,0.2014144,0.1952613
468,0.04758292,0.5556106,0.2018318,0.1949746
469,0.04106287,0.6033131,0.1873381,0.168286
470,0.03771978,0.6196365,0.1877078,0.154936
471,0.0360111,0.6242756,0.1912779,0.1484354
472,0.03510092,0.6245465,0.1951478,0.1452048
473,0.03460881,0.6233441,0.1984089,0.1436382
474,0.03434038,0.6218347,0.2008982,0.1429268
475,0.03419089,0.6204464,0.2027202,0.1426425
476,0.03410294,0.6192917,0.2040484,0.1425569
477,0.03404535,0.6183606,0.2050436,0.1425505
478,0.0340015,0.6176028,0.2058324,0.1425632
479,0.03396318,0.6169676,0.2065001,0.1425691
480,0.03392672,0.6164151,0.2070984,0.1425598
481,0.03823549,0.5808076,0.2201367,0.1608202
482,0.04160587,0.5606486,0.2228512,0.1748944
483,0.04394471,0.5502694,0.221548,0.1842379
484,0.04545278,0.5457594,0.2188733,0.1899145
485,0.04634937,0.5444204,0.2162512,0.1929789
486,0.04683447,0.5445704,0.2142453,0.1943499
487,0.04706516,0.5452685,0.2129404,0.194726
488,0.04715286,0.5460575,0.2121994,0.1945903
489,0.04717153,0.5467613,0.2118104,0.1942566
490,0.04716645,0.5473495,0.2115728,0.1939112
491,0.04716409,0.547851,0.2113262,0.1936589
492,0.0471781,0.5483098,0.2109629,0.1935492
493,0.04339368,0.578213,0.2002661,0.1781272
494,0.04126994,0.5909689,0.1979879,0.1697732
495,0.04012739,0.5961616,0.1981567,0.1655543
496,0.03952634,0.5980183,0.1988886,0.1635666
497,0.03922597,0.5984676,0.1995322,0.1627742
498,0.03908947,0.5983834,0.1999324,0.1625948
499,0.03903857,0.5981438,0.2001153,0.1627023
500,0.03902903,0.5978959,0.200156,0.162919
501,0.03903653,0.597684,0.2001266,0.163153
502,0.03904844,0.5975093,0.2000811,0.1633612
503,0.0390585,0.5973601,0.2000552,0.1635262
504,0.03906394,0.5972227,0.2000698,0.1636435
505,0.04253842,0.5691544,0.2102451,0.178062
506,0.04511081,0.5534196,0.2130068,0.1884628
507,0.04686152,0.5452459,0.2126667,0.1952259
508,0.04797404,0.5415381,0.2112444,0.1992434
509,0.04862977,0.5402471,0.2097697,0.2013535
510,0.04898124,0.5401182,0.208664,0.2022364
511,0.0491433,0.5404481,0.2080186,0.2023901
512,0.04919611,0.5408839,0.2077662,0.2021538
513,0.04919291,0.5412781,0.2077807,0.2017485
514,0.04916694,0.5415924,0.2079321,0.2013086
515,0.04913875,0.5418391,0.2081062,0.2009159
516,0.04912033,0.5420488,0.2082139,0.200617
517,0.04383045,0.5820145,0.1950876,0.1790675
518,0.04096783,0.5978086,0.1934732,0.1677503
519,0.03946809,0.6035764,0.1948126,0.1621428
520,0.03867983,0.6052023,0.1966671,0.1594508
521,0.03827692,0.6052121,0.1982205,0.1582904
522,0.03808196,0.6046997,0.1993019,0.1579164
523,0.03799605,0.6041111,0.1999723,0.1579205
524,0.03796405,0.6035998,0.2003545,0.1580817
525,0.03795574,0.6031939,0.2005662,0.1582841
526,0.03795523,0.6028751,0.200698,0.1584717
527,0.03795455,0.6026136,0.200812,0.1586199
528,0.03795001,0.6023822,0.2009476,0.1587202
529,0.04032683,0.5826735,0.2084135,0.1685861
530,0.04199337,0.5722759,0.2104149,0.1753159
531,0.04306918,0.5672128,0.2102674,0.1794507
532,0.04371516,0.5650795,0.2094623,0.181743
533,0.04406929,0.564404,0.2087101,0.1828166
534,0.044237,0.5643539,0.2082729,0.1831362
535,0.04429255,0.5645023,0.2081831,0.1830221
536,0.04428551,0.5646595,0.2083708,0.1826842
537,0.04424814,0.5647634,0.2087301,0.1822584
538,0.04420086,0.5648143,0.2091548,0.18183
539,0.04415667,0.5648376,0.2095518,0.1814539
540,0.04412371,0.5648646,0.2098469,0.1811649
541,0.04674594,0.5447732,0.2167257,0.1917553
542,0.04867069,0.5337801,0.2181863,0.1993629
543,0.04996243,0.528267,0.217526,0.2042447
544,0.05080051,0.5259306,0.2160173,0.2072516
545,0.05133186,0.5253181,0.2143058,0.2090442
546,0.05167028,0.5255644,0.2126485,0.2101168
547,0.05189501,0.5261892,0.2111149,0.2108009
548,0.0520562,0.5269445,0.2097041,0.2112952
549,0.05218255,0.5277116,0.2084027,0.2117032
550,0.0522891,0.528437,0.2072036,0.2120703
551,0.05238271,0.5290989,0.2061092,0.2124093
552,0.052466,0.5296893,0.205127,0.2127178
553,0.05195437,0.5341969,0.2032719,0.210577
554,0.05162175,0.5366023,0.2025897,0.2091863
555,0.05143525,0.5378277,0.2023171,0.2084199
556,0.0513385,0.5384237,0.2022164,0.2080214
557,0.05129479,0.5386975,0.2021788,0.2078289
558,0.0512801,0.5388159,0.2021638,0.2077402
559,0.0512794,0.5388653,0.2021628,0.2076925
560,0.05128356,0.538887,0.2021798,0.2076497
561,0.0512873,0.5388986,0.2022225,0.2075915
562,0.05128784,0.5389064,0.2022973,0.2075084
563,0.05128381,0.5389109,0.2024088,0.2073964
564,0.0512747,0.5389112,0.2025593,0.2072549
565,0.04800264,0.5630397,0.1948638,0.1940939
566,0.04603607,0.5739293,0.1936551,0.1863795
567,0.04490491,0.5784292,0.1945585,0.1821074
568,0.04425824,0.5799327,0.1960241,0.1797849
569,0.04389162,0.5801125,0.1974426,0.1785533
570,0.04368439,0.5797775,0.1986242,0.1779139
571,0.04356529,0.5792992,0.1995566,0.177579
572,0.04349267,0.578831,0.2002909,0.1773854
573,0.0434427,0.5784233,0.2008902,0.1772438
574,0.04340221,0.5780803,0.2014092,0.1771083
575,0.04336432,0.5777904,0.2018877,0.1769575
576,0.04332577,0.5775391,0.202351,0.1767841
577,0.0429454,0.5800698,0.2017451,0.1752397
578,0.04269439,0.5812569,0.2017976,0.1742511
579,0.04252193,0.5817506,0.202151,0.1735764
580,0.04240321,0.5818911,0.2025901,0.1731155
581,0.04231905,0.5818686,0.2030229,0.1727894
582,0.04225729,0.581783,0.2034104,0.1725494
583,0.0422107,0.5816841,0.2037367,0.1723684
584,0.04217521,0.5815957,0.2039963,0.1722327
585,0.04214871,0.5815283,0.2041867,0.1721363
586,0.04213024,0.581486,0.2043059,0.1720779
587,0.04211928,0.5814706,0.2043529,0.1720572
588,0.04211536,0.5814819,0.2043294,0.1720735
589,0.04237055,0.5797769,0.2046696,0.1731829
590,0.04254702,0.5790694,0.2044175,0.1739661
591,0.04265764,0.5788757,0.2040046,0.1744621
592,0.04272988,0.5789251,0.2035463,0.1747987
593,0.04277895,0.5790762,0.2031033,0.1750416
594,0.0428143,0.5792558,0.2027,0.17523
595,0.04284154,0.5794284,0.2023439,0.1753862
596,0.04286375,0.5795786,0.2020362,0.1755214
597,0.04288252,0.5797007,0.2017764,0.1756404
598,0.04289863,0.5797935,0.2015629,0.175745
599,0.04291229,0.5798583,0.2013942,0.1758352
600,0.04292357,0.5798973,0.2012687,0.1759104
601,0.04108773,0.5941211,0.1962966,0.1684946
602,0.03999105,0.6001644,0.1956531,0.1641914
603,0.03936588,0.6024023,0.1963646,0.1618673
604,0.0390153,0.6029075,0.1974106,0.1606666
605,0.03882321,0.6026911,0.1983925,0.1600931
606,0.0387202,0.6022291,0.1991959,0.1598548
607,0.03866512,0.6017288,0.1998236,0.1597824
608,0.03863406,0.6012674,0.2003183,0.1597802
609,0.03861346,0.600863,0.2007276,0.1597961
610,0.038596,0.6005095,0.2010906,0.1598038
611,0.03857799,0.6001948,0.2014355,0.1597917
612,0.03855775,0.5999065,0.2017797,0.159756
613,0.04052102,0.5834113,0.2083047,0.1677629
614,0.04186142,0.5748118,0.210276,0.1730508
615,0.04270987,0.5706491,0.2104196,0.1762215
616,0.04320741,0.5688844,0.2099905,0.1779177
617,0.04347378,0.5682991,0.2095537,0.1786734
618,0.04359881,0.5682227,0.2092974,0.1788811
619,0.04364495,0.5683227,0.2092238,0.1788086
620,0.04365332,0.5684589,0.209258,0.1786298
621,0.04364983,0.5685912,0.2093063,0.1784526
622,0.04364926,0.5687242,0.20929,0.1783365
623,0.04365925,0.5688767,0.209154,0.1783101
624,0.04368257,0.5690659,0.2088713,0.1783803
625,0.04350631,0.5707847,0.208055,0.1776539
626,0.04341181,0.5717371,0.2075489,0.1773022
627,0.04338355,0.5723145,0.2070395,0.1772624
628,0.04339341,0.5727226,0.2064866,0.1773975
629,0.04342442,0.5730541,0.2058959,0.1776256
630,0.04346522,0.5733453,0.2052983,0.1778912
631,0.04350846,0.5736046,0.2047289,0.1781581
632,0.04354981,0.5738294,0.2042161,0.1784047
633,0.04358694,0.5740156,0.2037779,0.1786196
634,0.04361819,0.57416,0.2034271,0.1787948
635,0.0436429,0.5742618,0.2031678,0.1789274
636,0.04366092,0.5743229,0.2029986,0.1790176
637,0.04651332,0.5526214,0.2102561,0.1906092
638,0.04859059,0.5405893,0.2119828,0.1988372
639,0.0499783,0.5343918,0.2115536,0.2040763
640,0.05084995,0.5315938,0.2104142,0.2071421
641,0.05136077,0.5306242,0.2092815,0.2087335
642,0.05163534,0.5305362,0.2084339,0.2093947
643,0.05176492,0.5308029,0.2079184,0.2095137
644,0.05181174,0.5311611,0.2076785,0.2093485
645,0.05181597,0.5314989,0.2076244,0.2090607
646,0.05180294,0.5317843,0.2076623,0.2087504
647,0.05178774,0.5320233,0.207714,0.208475
648,0.05177875,0.5322359,0.2077204,0.208265
649,0.04743234,0.564086,0.1977173,0.1907643
650,0.04493167,0.5777472,0.196361,0.1809601
651,0.04357745,0.5831713,0.1973301,0.1759212
652,0.04285051,0.5849828,0.1987384,0.1734284
653,0.04247444,0.5852891,0.1999195,0.172317
654,0.04229242,0.585048,0.2007265,0.1719331
655,0.04221428,0.5846708,0.2012078,0.1719071
656,0.04218842,0.5843125,0.2014657,0.1720334
657,0.04218581,0.5840136,0.2015996,0.172201
658,0.0421905,0.5837696,0.201687,0.1723528
659,0.04219416,0.5835623,0.2017811,0.1724624
660,0.04219274,0.5833729,0.2019146,0.1725197
661,0.04303785,0.5771934,0.203688,0.1760807
662,0.04360282,0.574227,0.2037396,0.1784306
663,0.0439315,0.5729575,0.2033878,0.1797231
664,0.04410746,0.5725183,0.203025,0.1803492
665,0.04418572,0.5724363,0.2028226,0.1805554
666,0.04420341,0.572468,0.2028235,0.1805051
667,0.04418493,0.5725015,0.2030097,0.1803038
668,0.04414602,0.5724949,0.2033395,0.1800196
669,0.04409692,0.5724418,0.2037644,0.179697
670,0.04404465,0.572352,0.2042359,0.1793675
671,0.04399423,0.572242,0.204709,0.1790548
672,0.04394941,0.5721294,0.2051434,0.1787778
673,0.04256515,0.5819542,0.2024162,0.1730644
674,0.04170303,0.5861652,0.2025704,0.1695613
675,0.04121795,0.5877264,0.2033642,0.1676915
676,0.04095314,0.5881265,0.2041662,0.1667542
677,0.04082115,0.5880831,0.2047229,0.1663728
678,0.04076745,0.5879286,0.2049898,0.1663141
679,0.04075835,0.5877976,0.2050095,0.1664346
680,0.04077334,0.587729,0.2048507,0.1666469
681,0.04080018,0.5877195,0.2045811,0.1668992
682,0.0408311,0.5877497,0.2042618,0.1671574
683,0.04086158,0.5877973,0.2039395,0.1674016
684,0.04088904,0.587844,0.2036469,0.16762
685,0.04177532,0.580934,0.2060161,0.1712745
686,0.04236498,0.5775115,0.2064728,0.1736507
687,0.04273505,0.5759429,0.2062316,0.1750904
688,0.042955,0.5753285,0.2058162,0.1759003
689,0.04307755,0.5751584,0.205454,0.1763101
690,0.04313949,0.5751634,0.2052198,0.1764774
691,0.04316515,0.5752133,0.2051173,0.1765043
692,0.04316989,0.5752536,0.2051223,0.1764541
693,0.04316309,0.5752677,0.2052047,0.1763645
694,0.04315079,0.5752564,0.2053328,0.17626
695,0.04313664,0.5752277,0.2054805,0.1761553
696,0.04312289,0.575191,0.2056267,0.1760595
697,0.03632576,0.6282815,0.1867045,0.1486882
698,0.03309229,0.6450403,0.1857257,0.1361418
699,0.03148168,0.6495088,0.1887231,0.1302865
700,0.03064845,0.6495559,0.1922206,0.127575
701,0.03021572,0.6481904,0.1951562,0.1264377
702,0.02999335,0.6465763,0.197341,0.1260894
703,0.02988024,0.6451173,0.1988833,0.126119
704,0.02982157,0.6439058,0.1999635,0.1263093
705,0.02978759,0.6429169,0.200749,0.1265464
706,0.0297625,0.6420938,0.2013704,0.1267733
707,0.02973806,0.6413797,0.2019199,0.1269624
708,0.02971011,0.6407295,0.2024588,0.1271016
709,0.03261422,0.6140602,0.2137727,0.1395529
710,0.03469351,0.6002601,0.2167744,0.148272
711,0.0360336,0.5938465,0.216491,0.1536288
712,0.03681649,0.5913677,0.2153049,0.1565109
713,0.03721533,0.5907011,0.2143564,0.1577271
714,0.03736873,0.590667,0.2140581,0.1579061
715,0.03736186,0.5905832,0.2146609,0.157394
716,0.03709012,0.5890414,0.2184746,0.1553938
717,0.03717401,0.5890622,0.2180972,0.1556665
718,0.03707005,0.5890022,0.2189879,0.1549399
719,0.03671741,0.588089,0.2223457,0.1528478
720,0.0371553,0.588326,0.2193211,0.1551976
721,0.03772651,0.5851074,0.2194664,0.1576997
722,0.03816202,0.5841811,0.217962,0.1596949
723,0.03848214,0.5844437,0.2158421,0.161232
724,0.03872413,0.5853058,0.2135043,0.1624658
725,0.0389177,0.5864338,0.2111264,0.1635222
726,0.03907187,0.5876285,0.2088816,0.164418
727,0.03919167,0.5887561,0.2068992,0.1651531
728,0.0392826,0.5897253,0.2052579,0.1657343
729,0.03935099,0.5904816,0.2039885,0.166179
730,0.03940287,0.5910067,0.2030807,0.1665098
731,0.03944223,0.5913143,0.202499,0.1667446
732,0.03947106,0.5914394,0.2021939,0.1668955
733,0.03943677,0.5920415,0.2017416,0.1667801
734,0.03941324,0.5923117,0.2015847,0.1666904
735,0.03939024,0.5923747,0.2016625,0.1665725
736,0.03936675,0.5923094,0.2018941,0.1664297
737,0.03934074,0.5921676,0.2022344,0.1662573
738,0.03931072,0.5919807,0.2026569,0.1660517
739,0.03927584,0.5917677,0.2031445,0.165812
740,0.03923607,0.5915397,0.203684,0.1655402
741,0.03919185,0.5913039,0.2042633,0.1652409
742,0.03914404,0.5910655,0.2048704,0.1649201
743,0.03909391,0.5908287,0.2054913,0.164586
744,0.03904314,0.5905986,0.2061093,0.1642489
745,0.04103388,0.5734724,0.2131688,0.1723249
746,0.04239229,0.5644528,0.2155594,0.1775955
747,0.04325475,0.5600345,0.215997,0.1807138
748,0.04376433,0.558134,0.2157579,0.1823438
749,0.04404768,0.5575026,0.2153853,0.1830644
750,0.04420097,0.5574591,0.2150329,0.183307
751,0.04429064,0.557674,0.214671,0.1833644
752,0.04435809,0.5580139,0.2142136,0.1834143
753,0.04442546,0.5584407,0.2135881,0.1835456
754,0.0445024,0.558951,0.2127557,0.1837909
755,0.04458974,0.559546,0.2117233,0.184141
756,0.04468349,0.5602173,0.2105354,0.1845639
757,0.03863967,0.609369,0.1919672,0.1600242
758,0.03560454,0.6270433,0.1891943,0.1481578
759,0.03405187,0.6329901,0.1904882,0.1424699
760,0.03323638,0.6343282,0.1926519,0.1397835
761,0.03280968,0.6339297,0.1946365,0.1386241
762,0.03259269,0.6329747,0.1961904,0.1382423
763,0.03248829,0.6319254,0.1973461,0.1382401
764,0.03244202,0.6309437,0.1982132,0.1384012
765,0.03242271,0.6300704,0.1988995,0.1386074
766,0.03241244,0.6293002,0.1994925,0.1387949
767,0.03240129,0.6286114,0.2000559,0.1389314
768,0.03238389,0.6279798,0.2006349,0.1390014
769,0.03400689,0.6129037,0.207164,0.1459255
770,0.03507251,0.6053745,0.2092348,0.1503182
771,0.03571073,0.6018596,0.2096471,0.1527826
772,0.03604737,0.6003485,0.2096988,0.1539053
773,0.03618327,0.5996969,0.2099727,0.1541473
774,0.03619149,0.5993037,0.2106691,0.1538358
775,0.03612075,0.5988683,0.2118279,0.1531829
776,0.03594984,0.5978865,0.214185,0.1519787
777,0.03585039,0.5970877,0.2158041,0.1512579
778,0.03555058,0.5949669,0.2201778,0.1493047
779,0.03554758,0.594447,0.2208058,0.1491996
780,0.03523414,0.593251,0.2241555,0.1473594
781,0.03327047,0.6145247,0.2123465,0.1398583
782,0.03198937,0.6233883,0.2097117,0.1349106
783,0.03141961,0.6272268,0.2081549,0.1331988
784,0.0311102,0.6289866,0.2073925,0.1325107
785,0.03097186,0.6298946,0.206616,0.1325175
786,0.03092463,0.6304848,0.2057223,0.1328684
787,0.03092228,0.6309434,0.2047747,0.1333597
788,0.03093883,0.631299,0.203887,0.1338751
789,0.03096196,0.6315225,0.2031558,0.1343597
790,0.03098628,0.6315809,0.2026423,0.1347905
791,0.0310091,0.6314678,0.2023643,0.1351588
792,0.03102762,0.6312078,0.2023076,0.1354571
793,0.03097754,0.6314551,0.2021413,0.135426
794,0.03094277,0.6312737,0.2023613,0.1354223
795,0.03091234,0.6308866,0.2027982,0.1354028
796,0.03088017,0.6303989,0.2033754,0.1353455
797,0.03084246,0.6298623,0.2040586,0.1352366
798,0.0307972,0.6292996,0.2048333,0.1350699
799,0.03074351,0.6287188,0.2056943,0.1348435
800,0.03068127,0.628121,0.2066387,0.134559
801,0.03061135,0.6275052,0.2076606,0.1342229
802,0.03053516,0.6268672,0.2087537,0.133844
803,0.03045175,0.6261744,0.2099601,0.1334137
804,0.03019729,0.6239501,0.2140256,0.131827
805,0.03247194,0.603039,0.2227689,0.1417201
806,0.03396718,0.5924473,0.2257067,0.1478788
807,0.03456441,0.5865356,0.2294374,0.1494626
808,0.03540741,0.584659,0.2268865,0.1530472
809,0.0353784,0.5833784,0.229263,0.1519802
810,0.0359432,0.5838116,0.2256368,0.1546085
811,0.03582911,0.5841418,0.2264615,0.1535676
812,0.03642558,0.5856433,0.2211621,0.1567691
813,0.03661089,0.5875285,0.2180976,0.157763
814,0.03676315,0.5893133,0.2152858,0.1586377
815,0.03689117,0.5909674,0.2127237,0.1594177
816,0.03699791,0.5924709,0.2104306,0.1601006
817,0.0368937,0.595354,0.2079012,0.1598512
818,0.03683769,0.5971861,0.2061868,0.1597894
819,0.03681254,0.598393,0.2049615,0.159833
820,0.03680378,0.5991916,0.2040942,0.1599105
821,0.03680366,0.5996991,0.2035111,0.1599861
822,0.03680778,0.5999836,0.2031673,0.1600414
823,0.0368132,0.6000919,0.2030293,0.1600656
824,0.03681745,0.6000633,0.2030677,0.1600515
825,0.03681824,0.5999336,0.2032558,0.1599924
826,0.03681337,0.5997335,0.2035707,0.1598825
827,0.03680119,0.5994869,0.2039937,0.1597182
828,0.03678086,0.599211,0.204509,0.1594991
829,0.0337573,0.6242156,0.1955694,0.1464576
830,0.0321032,0.6331806,0.1952211,0.1394951
831,0.03119602,0.6357349,0.19724,0.1358292
832,0.03069066,0.6357387,0.19967,0.1339007
833,0.0304062,0.6348625,0.2018285,0.1329027
834,0.03024272,0.6338046,0.2035576,0.1323951
835,0.03014418,0.6328246,0.2048958,0.1321354
836,0.03007938,0.6319913,0.2059373,0.131992
837,0.03003135,0.6312987,0.2067733,0.1318966
838,0.0299913,0.6307186,0.2074739,0.1318161
839,0.02995516,0.6302222,0.2080842,0.1317385
840,0.02992159,0.6297885,0.2086272,0.1316627
841,0.03129632,0.6163464,0.214717,0.1376402
842,0.03219295,0.6098953,0.2165001,0.1414116
843,0.03274365,0.6070943,0.2165456,0.1436165
844,0.03305867,0.6060897,0.2160752,0.1447764
845,0.03322924,0.6058825,0.2155654,0.1453229
846,0.03331972,0.6059898,0.215134,0.1455565
847,0.03337165,0.6062118,0.2147479,0.1456686
848,0.03340944,0.606486,0.2143361,0.1457685
849,0.03344548,0.6068029,0.2138442,0.1459074
850,0.03348482,0.6071641,0.2132496,0.1461015
851,0.03352827,0.6075675,0.212558,0.1463463
852,0.03357487,0.6080039,0.2117919,0.1466294
853,0.03333012,0.6111105,0.2098724,0.145687
854,0.03319756,0.6127216,0.2088221,0.1452588
855,0.03313504,0.6136048,0.2081169,0.1451434
856,0.03311447,0.6141177,0.2075613,0.1452065
857,0.03311694,0.614433,0.2070931,0.1453569
858,0.03313073,0.6146284,0.2067025,0.1455384
859,0.03314869,0.6147386,0.2063955,0.1457171
860,0.03316651,0.6147808,0.2061792,0.1458736
861,0.0331814,0.6147664,0.206056,0.1459962
862,0.03319179,0.6147061,0.2060227,0.1460793
863,0.0331967,0.6146095,0.206073,0.1461208
864,0.03319568,0.6144851,0.206199,0.1461204
865,0.03324154,0.6138817,0.2065669,0.1463099
866,0.03326171,0.6135185,0.2068497,0.1463702
867,0.03326271,0.6132674,0.2071369,0.146333
868,0.03325018,0.6130644,0.2074589,0.1462265
869,0.03322814,0.6128783,0.2078228,0.1460707
870,0.03319956,0.6126953,0.2082243,0.1458809
871,0.03316681,0.612511,0.2086529,0.1456692
872,0.03313193,0.6123266,0.2090946,0.145447
