EwEVersion,"6.5.13829.0 (compiled 2016-05-17)"
Date,"2016-09-06 18:34:59"
ModelName,Baltic_Proper-SEALS
EcosimScenario,Proper1_SealVuln100_19742100_seal1_cofF1
TimeSeries,new_data_weights_19742100_BAU_WAR1_codF1_seal1
StartYear,1974

Data,"Prey of other mesozooplankton"

TimeStep,"Cyanobacteria","Phytoplankton","microzooplankton","Detritus-water column",
1,0.04280683,0.5585232,0.1841945,0.2144754
2,0.03914407,0.5794344,0.184423,0.1969986
3,0.03727721,0.5860372,0.1880639,0.1886217
4,0.03628786,0.5871349,0.1919937,0.1845836
5,0.03575879,0.58624,0.1952522,0.1827489
6,0.03547649,0.5848045,0.1976785,0.1820404
7,0.03532583,0.5833926,0.1993923,0.1818893
8,0.03524353,0.5821813,0.200583,0.1819923
9,0.03519486,0.5811884,0.2014271,0.1821897
10,0.03516104,0.5803755,0.2020631,0.1824004
11,0.03513219,0.5796929,0.2025897,0.1825852
12,0.03510328,0.5790967,0.2030727,0.1827272
13,0.03574783,0.5726325,0.2052842,0.1863354
14,0.03615526,0.5694741,0.2057343,0.1886363
15,0.03638261,0.5679889,0.2057087,0.1899198
16,0.03649445,0.5672991,0.205645,0.1905615
17,0.03653415,0.5669435,0.2057164,0.190806
18,0.03653048,0.5666971,0.2059588,0.1908136
19,0.03650215,0.5664629,0.2063472,0.1906879
20,0.03646115,0.5662091,0.2068337,0.1904961
21,0.03641541,0.5659351,0.2073657,0.1902837
22,0.03637033,0.5656533,0.207893,0.1900833
23,0.03632978,0.5653792,0.2083713,0.1899198
24,0.03629651,0.5651276,0.2087641,0.1898117
25,0.03250096,0.597572,0.199865,0.170062
26,0.03050136,0.6078881,0.2016787,0.1599318
27,0.02949767,0.6102252,0.2049862,0.1552909
28,0.02897472,0.609782,0.2080242,0.1532192
29,0.02870892,0.6085501,0.2102448,0.1524962
30,0.02858026,0.6072788,0.2116719,0.1524689
31,0.0285226,0.6061998,0.2124982,0.1527794
32,0.02849969,0.6053397,0.2129267,0.1532339
33,0.02849206,0.6046565,0.2131204,0.1537311
34,0.02848924,0.6040949,0.2131981,0.1542178
35,0.02848608,0.6036071,0.2132374,0.1546695
36,0.02848028,0.6031583,0.2132848,0.1550767
37,0.02923621,0.5950387,0.2161837,0.1595414
38,0.0297146,0.5913022,0.216561,0.1624222
39,0.02999321,0.5896895,0.2161731,0.1641441
40,0.03014404,0.5890422,0.2156775,0.1651363
41,0.03021618,0.5887728,0.2153271,0.165684
42,0.03024171,0.5886083,0.215179,0.165971
43,0.03024082,0.5884383,0.2152093,0.1661117
44,0.03022575,0.5882294,0.2153701,0.1661748
45,0.03020383,0.5879816,0.2156138,0.1662009
46,0.03017984,0.5877076,0.2158946,0.1662178
47,0.03015666,0.5874233,0.2161769,0.1662431
48,0.03013609,0.5871419,0.216434,0.1662879
49,0.03093774,0.5786451,0.2196153,0.1708018
50,0.03145641,0.5747375,0.2200999,0.1737062
51,0.03176897,0.5731229,0.2196795,0.1754287
52,0.0319519,0.5726011,0.2190138,0.1764332
53,0.03205729,0.5725505,0.2183661,0.1770261
54,0.03211918,0.5726722,0.2178055,0.1774031
55,0.03215848,0.5728361,0.2173244,0.177681
56,0.03218728,0.5729944,0.2168936,0.1779247
57,0.03221211,0.5731344,0.2164866,0.1781669
58,0.03223561,0.5732563,0.2160911,0.1784169
59,0.03225869,0.5733628,0.2157038,0.1786747
60,0.03228131,0.5734558,0.2153274,0.1789355
61,0.03261459,0.5697934,0.216823,0.1807691
62,0.03281827,0.5680166,0.2173197,0.1818454
63,0.03295492,0.5671909,0.2172727,0.1825815
64,0.03304333,0.5668569,0.2170303,0.1830695
65,0.03310096,0.5667597,0.2167349,0.1834045
66,0.03313967,0.5667672,0.2164434,0.1836498
67,0.03316699,0.5668148,0.2161742,0.183844
68,0.03318742,0.5668722,0.2159314,0.1840089
69,0.03320351,0.5669261,0.2157151,0.1841553
70,0.03321689,0.5669717,0.2155213,0.1842901
71,0.03322836,0.5670079,0.2153479,0.1844158
72,0.03323831,0.5670351,0.2151937,0.1845329
73,0.03104035,0.5878412,0.2086895,0.1724289
74,0.02980685,0.5952966,0.2090715,0.1658251
75,0.02913947,0.5973992,0.21096,0.1625013
76,0.02877578,0.5974122,0.2129169,0.1608952
77,0.02857861,0.5967223,0.2144943,0.1602048
78,0.02847176,0.595895,0.2156432,0.15999
79,0.02841237,0.5951313,0.21645,0.1600063
80,0.02837647,0.5944776,0.217026,0.16012
81,0.02835091,0.5939225,0.2174672,0.1602595
82,0.02832871,0.5934382,0.2178448,0.1603883
83,0.02830628,0.5929984,0.2182059,0.1604894
84,0.028282,0.5925828,0.2185792,0.160556
85,0.02833143,0.5923537,0.2181364,0.1611785
86,0.02836933,0.5923212,0.2175792,0.1617302
87,0.02837021,0.5923094,0.2173348,0.1619856
88,0.02835414,0.5922378,0.2173126,0.1620955
89,0.02832799,0.5920923,0.2174689,0.1621107
90,0.02829501,0.5918803,0.2177684,0.1620562
91,0.02825693,0.5916155,0.2181809,0.1619467
92,0.0282149,0.5913118,0.2186805,0.1617928
93,0.02816995,0.5909822,0.2192435,0.1616044
94,0.02812321,0.5906379,0.2198465,0.1613923
95,0.02807615,0.5902896,0.2204644,0.1611698
96,0.02803053,0.5899476,0.2210693,0.1609527
97,0.02749604,0.5950012,0.2194952,0.1580077
98,0.02717387,0.5968937,0.2195934,0.156339
99,0.02698083,0.5974081,0.2201729,0.1554383
100,0.0268704,0.5973628,0.2207354,0.1550316
101,0.02681211,0.5971403,0.2211093,0.1549383
102,0.02678706,0.596904,0.2212617,0.1550471
103,0.02678338,0.5967114,0.2212179,0.1552873
104,0.02679342,0.5965712,0.2210231,0.1556123
105,0.02681205,0.5964726,0.2207258,0.1559895
106,0.02683549,0.5963989,0.2203725,0.1563931
107,0.02686084,0.5963345,0.220002,0.1568026
108,0.02688593,0.5962672,0.2196452,0.1572017
109,0.02786474,0.5862501,0.2227373,0.1631479
110,0.02851846,0.5818405,0.2225263,0.1671148
111,0.02891897,0.5801946,0.2213977,0.1694887
112,0.02915725,0.5798129,0.2201632,0.1708668
113,0.02929423,0.5799267,0.2191451,0.1716338
114,0.02937025,0.5801747,0.2184149,0.1720401
115,0.02941075,0.5804067,0.2179417,0.1722408
116,0.02943115,0.5805755,0.217665,0.1723282
117,0.02944043,0.580679,0.2175251,0.1723555
118,0.02944366,0.5807294,0.2174755,0.1723515
119,0.02944371,0.5807421,0.2174819,0.1723324
120,0.02944221,0.5807304,0.2175202,0.1723071
121,0.02909405,0.5840046,0.2166713,0.1702301
122,0.02887459,0.5852284,0.2169689,0.1689282
123,0.02875074,0.5855431,0.2174709,0.1682353
124,0.02868043,0.5854896,0.2179575,0.1678724
125,0.02864116,0.5853142,0.218347,0.1676977
126,0.02861954,0.5851222,0.2186307,0.1676276
127,0.02860763,0.5849522,0.2188266,0.1676135
128,0.02860087,0.5848132,0.2189583,0.1676276
129,0.02859674,0.5847019,0.2190464,0.167655
130,0.02859388,0.5846123,0.2191059,0.1676879
131,0.02859158,0.5845386,0.2191477,0.1677222
132,0.02858944,0.5844761,0.2191787,0.1677557
133,0.03122991,0.5541934,0.231939,0.1826377
134,0.03306174,0.5379481,0.2366405,0.1923497
135,0.03428454,0.5299152,0.2373912,0.198409
136,0.035037,0.5264158,0.2368297,0.2017176
137,0.0354712,0.5252131,0.2360654,0.2032503
138,0.03570895,0.5250673,0.2354631,0.2037607
139,0.03583683,0.5253561,0.2350398,0.2037673
140,0.0359114,0.5258028,0.234689,0.2035967
141,0.03596691,0.5263042,0.2342909,0.203438
142,0.03602333,0.5268336,0.2337482,0.2033949
143,0.03609094,0.5273923,0.2330026,0.2035142
144,0.03617411,0.5279884,0.232029,0.2038085
145,0.03258261,0.5655791,0.2180173,0.183821
146,0.03074454,0.5797992,0.2153892,0.1740672
147,0.02981455,0.5851305,0.2154743,0.1695806
148,0.02934049,0.5868734,0.2161397,0.1676463
149,0.02910132,0.5872095,0.2167376,0.1669517
150,0.02898305,0.5870535,0.2171268,0.1668366
151,0.02892597,0.5867699,0.2173336,0.1669704
152,0.02889888,0.5864862,0.2174233,0.1671916
153,0.02888562,0.586233,0.2174563,0.1674252
154,0.02887783,0.5860073,0.2174772,0.1676377
155,0.02887128,0.5857968,0.2175158,0.167816
156,0.02886381,0.5855896,0.2175906,0.1679559
157,0.03511449,0.5187548,0.2423567,0.2037739
158,0.0406074,0.4742915,0.2507344,0.2343667
159,0.04499039,0.446313,0.2510824,0.2576142
160,0.04822013,0.4300014,0.2481168,0.2736617
161,0.05042367,0.4213925,0.2445784,0.2836054
162,0.05181393,0.4175053,0.2417458,0.2889349
163,0.05261977,0.4162692,0.2399884,0.2911226
164,0.05304258,0.416372,0.2391889,0.2913966
165,0.05323823,0.4170681,0.2390256,0.2906681
166,0.05331711,0.4179859,0.23914,0.2895569
167,0.05335228,0.4189695,0.2392225,0.2884558
168,0.05338861,0.4199699,0.2390503,0.2875912
169,0.04829752,0.4675542,0.2243519,0.2597963
170,0.04541961,0.4899722,0.2198729,0.2447353
171,0.04415079,0.500625,0.2160999,0.2391241
172,0.04355187,0.5064132,0.2128985,0.2371365
173,0.04325381,0.5097159,0.2105253,0.2365051
174,0.0431158,0.5117031,0.2087185,0.2364626
175,0.04305885,0.5129691,0.2073638,0.2366082
176,0.04304044,0.5138243,0.2063794,0.2367557
177,0.04303901,0.5144342,0.2056904,0.2368364
178,0.04304441,0.5148885,0.2052287,0.2368384
179,0.0430519,0.5152391,0.2049383,0.2367707
180,0.04305924,0.515518,0.2047764,0.2366465
181,0.04159889,0.5293954,0.2003724,0.2286334
182,0.04068775,0.5359923,0.1996188,0.2237012
183,0.04014154,0.5389307,0.2001396,0.2207881
184,0.03981824,0.5400659,0.2010406,0.2190753
185,0.03962822,0.5403633,0.2019543,0.2180542
186,0.03951577,0.5403093,0.2027602,0.2174148
187,0.03944671,0.5401363,0.2034456,0.2169714
188,0.03940037,0.5399458,0.204039,0.2166148
189,0.03936441,0.539775,0.204579,0.2162816
190,0.03933174,0.5396308,0.2051004,0.215937
191,0.03929827,0.5395085,0.2056311,0.2155621
192,0.03926174,0.5394,0.2061911,0.2151471
193,0.03838548,0.5472969,0.2040701,0.2102476
194,0.03782584,0.5508765,0.2041703,0.2071273
195,0.0374721,0.5523293,0.2050597,0.2051389
196,0.03724705,0.5527534,0.2061571,0.2038424
197,0.03710047,0.5527223,0.2072209,0.2029563
198,0.03700113,0.5525225,0.2081657,0.2023106
199,0.03693028,0.5522891,0.2089735,0.2018072
200,0.03687708,0.5520797,0.2096505,0.2013927
201,0.03683569,0.5519149,0.2102082,0.2010412
202,0.03680332,0.5517986,0.2106549,0.2007432
203,0.03677879,0.5517283,0.2109955,0.2004974
204,0.03676173,0.5516996,0.2112334,0.2003053
205,0.04037965,0.5174628,0.2225704,0.2195871
206,0.043116,0.4978694,0.2252925,0.2337221
207,0.04502542,0.4874477,0.2244457,0.2430811
208,0.0462818,0.4825656,0.2223454,0.2488072
209,0.0470682,0.4807881,0.2201176,0.2520261
210,0.04754405,0.4805979,0.2181828,0.2536753
211,0.04783094,0.4811233,0.2166026,0.2544433
212,0.04801307,0.4819076,0.21529,0.2547894
213,0.04814377,0.4827385,0.2141273,0.2549903
214,0.04825182,0.4835352,0.2130341,0.2551789
215,0.04835117,0.4842751,0.2119686,0.2554052
216,0.0484468,0.4849585,0.2109233,0.2556714
217,0.04383881,0.5264355,0.1982116,0.231514
218,0.04125236,0.5441338,0.1962501,0.2183638
219,0.03984936,0.5512557,0.197327,0.2115679
220,0.03908483,0.5537099,0.1990974,0.2081079
221,0.03867321,0.5541805,0.2007221,0.2064242
222,0.03845702,0.5538989,0.20197,0.2056741
223,0.0383476,0.55341,0.202846,0.2053964
224,0.03829483,0.5529328,0.2034316,0.2053407
225,0.03827067,0.5525365,0.2038188,0.2053738
226,0.03825961,0.5522271,0.2040858,0.2054275
227,0.03825336,0.5519874,0.2042908,0.2054684
228,0.03824765,0.5517958,0.2044743,0.2054822
229,0.03893921,0.5446295,0.2074142,0.2090171
230,0.03938116,0.5409284,0.208556,0.2111344
231,0.03965592,0.5390741,0.2089212,0.2123488
232,0.03981475,0.5381994,0.2090393,0.2129466
233,0.03989799,0.5378066,0.2091434,0.2131521
234,0.03993415,0.5376276,0.2093165,0.2131217
235,0.03994239,0.537529,0.2095703,0.2129583
236,0.03993507,0.5374513,0.2098857,0.2127279
237,0.03992013,0.5373741,0.2102333,0.2124725
238,0.0399026,0.5372956,0.2105826,0.2122192
239,0.0398857,0.5372219,0.2109066,0.2119858
240,0.03987148,0.5371617,0.2111829,0.2117838
241,0.03827935,0.5503618,0.2082374,0.2031215
242,0.03729473,0.5557348,0.2091637,0.1978068
243,0.03674734,0.5575412,0.2107206,0.1949909
244,0.03644555,0.5578552,0.2121563,0.1935429
245,0.03628563,0.5576259,0.2132178,0.1928706
246,0.03620631,0.5572725,0.2138921,0.1926289
247,0.03617128,0.5569586,0.2142544,0.1926156
248,0.03615926,0.5567297,0.2143979,0.1927131
249,0.03615809,0.5565816,0.2144053,0.1928552
250,0.0361614,0.5564944,0.2143359,0.1930084
251,0.0361659,0.556447,0.2142309,0.1931563
252,0.03617003,0.5564219,0.2141162,0.1932918
253,0.035679,0.5626995,0.2104782,0.1911434
254,0.03539535,0.565896,0.2085888,0.1901199
255,0.03520482,0.5675183,0.2077953,0.1894816
256,0.03508529,0.5682728,0.2074857,0.1891562
257,0.03501153,0.5685716,0.2073937,0.1890232
258,0.03496564,0.5686395,0.207399,0.188996
259,0.034936,0.5685934,0.2074503,0.1890204
260,0.03491534,0.5684925,0.2075282,0.1890639
261,0.03489934,0.5683652,0.2076265,0.1891089
262,0.03488548,0.5682247,0.2077437,0.1891461
263,0.03487238,0.5680768,0.2078793,0.1891716
264,0.03485934,0.567924,0.2080323,0.1891845
265,0.03815434,0.5347436,0.2206385,0.2064637
266,0.04053209,0.515995,0.2251339,0.2183389
267,0.04215537,0.5060394,0.2258226,0.2259827
268,0.04318202,0.50125,0.2251925,0.2303755
269,0.0437867,0.4992612,0.2243893,0.2325628
270,0.04411872,0.4986556,0.2238205,0.2334052
271,0.04429054,0.4986604,0.2235176,0.2335316
272,0.0443802,0.4989006,0.2233525,0.2333667
273,0.04443814,0.4992244,0.2231605,0.233177
274,0.04449365,0.4995891,0.2228087,0.2331086
275,0.04456157,0.4999952,0.2222171,0.2332261
276,0.04464649,0.5004533,0.2213647,0.2335356
277,0.04583968,0.4920592,0.2222664,0.2398348
278,0.04674292,0.4880004,0.2206384,0.2446183
279,0.04736538,0.4864207,0.2183747,0.2478391
280,0.04778556,0.4861829,0.2160809,0.2499506
281,0.04806583,0.486601,0.2140301,0.251303
282,0.04825262,0.4872844,0.2123102,0.2521527
283,0.04837857,0.4880258,0.2109183,0.2526773
284,0.04846548,0.4887259,0.2098149,0.2529936
285,0.04852739,0.4893456,0.2089513,0.2531757
286,0.04857316,0.4898765,0.2082806,0.2532698
287,0.04860825,0.4903249,0.2077626,0.2533043
288,0.04863598,0.4907021,0.2073655,0.2532964
289,0.04424679,0.529127,0.1959426,0.2306836
290,0.04174938,0.5455748,0.1944595,0.2182163
291,0.04036885,0.5521346,0.1958482,0.2116484
292,0.03959924,0.5542957,0.1978822,0.2082228
293,0.03917144,0.5545834,0.1997507,0.2064944
294,0.03893563,0.5541633,0.2012265,0.2056746
295,0.0388065,0.5535528,0.2023151,0.2053256
296,0.03873511,0.5529597,0.2031003,0.2052049
297,0.0386936,0.5524494,0.2036769,0.2051802
298,0.03866649,0.5520259,0.2041249,0.2051827
299,0.03864538,0.551672,0.2045045,0.2051781
300,0.0386258,0.5513663,0.2048571,0.2051508
301,0.03506302,0.583181,0.1951948,0.1865612
302,0.03313507,0.5946972,0.1953209,0.1768469
303,0.03208869,0.598152,0.1978643,0.171895
304,0.0315087,0.5983847,0.2007036,0.169403
305,0.0311836,0.5974644,0.203137,0.1682151
306,0.03099864,0.5962598,0.2050283,0.1677132
307,0.03088989,0.5951027,0.2064477,0.1675597
308,0.03082166,0.5940899,0.2075173,0.1675712
309,0.03077427,0.5932238,0.2083518,0.1676502
310,0.03073687,0.5924754,0.2090423,0.1677454
311,0.03070391,0.5918119,0.2096509,0.1678333
312,0.03067269,0.5912062,0.2102163,0.1679049
313,0.03534894,0.5439796,0.2274094,0.1932621
314,0.03908292,0.5158351,0.2320998,0.2129822
315,0.04178047,0.5003151,0.2313697,0.2265348
316,0.04357782,0.4927038,0.2287763,0.2349421
317,0.04468212,0.4896061,0.2261714,0.2395404
318,0.04530511,0.4888091,0.2242741,0.2416117
319,0.04562428,0.4890178,0.2231712,0.2421868
320,0.04577115,0.4895679,0.2226542,0.2420066
321,0.04583568,0.4901801,0.2224188,0.2415655
322,0.04587344,0.4907784,0.2221911,0.2411571
323,0.04591593,0.4913732,0.2217731,0.2409378
324,0.04597778,0.4919963,0.2210588,0.2409673
325,0.04560986,0.4969942,0.2184234,0.2389725
326,0.04542531,0.5000201,0.2164602,0.2380943
327,0.04535178,0.5019993,0.214798,0.237851
328,0.04534829,0.5033984,0.21326,0.2379934
329,0.04538288,0.5044704,0.2118221,0.2383246
330,0.04543433,0.5053433,0.2105073,0.238715
331,0.04548993,0.5060782,0.2093429,0.2390889
332,0.0455427,0.5067042,0.2083458,0.2394073
333,0.0455893,0.5072368,0.2075196,0.2396543
334,0.04562922,0.5076857,0.2068525,0.2398326
335,0.04566279,0.5080607,0.2063267,0.2399498
336,0.04569072,0.5083715,0.2059227,0.240015
337,0.04606223,0.5055077,0.2066125,0.2418176
338,0.04631326,0.5040749,0.2066727,0.242939
339,0.04647637,0.5034276,0.2065173,0.2435787
340,0.04657876,0.5032004,0.2063279,0.2438929
341,0.04664049,0.5031809,0.2061847,0.2439939
342,0.04667543,0.5032509,0.2061169,0.2439568
343,0.04669273,0.5033479,0.2061295,0.2438298
344,0.04669836,0.5034419,0.2062167,0.2436431
345,0.04669615,0.5035193,0.2063688,0.2434157
346,0.04668834,0.5035762,0.2065773,0.2431581
347,0.04667646,0.5036125,0.2068334,0.2428777
348,0.04666168,0.5036297,0.2071282,0.2425804
349,0.03896314,0.5672442,0.1913757,0.202417
350,0.03520881,0.587255,0.1942419,0.1832943
351,0.03336853,0.592437,0.1997804,0.1744141
352,0.03241317,0.5924971,0.2049242,0.1701655
353,0.03190977,0.5909756,0.2088909,0.1682237
354,0.03164406,0.589211,0.2116945,0.1674504
355,0.03150271,0.5876533,0.2135926,0.1672513
356,0.03142447,0.5863944,0.2148691,0.1673121
357,0.03137647,0.5853962,0.2157579,0.1674695
358,0.03134136,0.5845879,0.2164293,0.1676415
359,0.03131042,0.5839025,0.2169963,0.1677906
360,0.03127951,0.5832897,0.2175286,0.1679023
361,0.03529324,0.5442437,0.2308625,0.1896006
362,0.03843123,0.5221483,0.2331257,0.2062947
363,0.04061145,0.5107002,0.2313371,0.2173513
364,0.04201188,0.5055881,0.228417,0.2239831
365,0.04284012,0.5038657,0.2258151,0.227479
366,0.04328523,0.503722,0.2240358,0.228957
367,0.04349506,0.504162,0.2230798,0.2292632
368,0.04357374,0.5047148,0.222733,0.2289784
369,0.04358972,0.5052093,0.2227253,0.2284757
370,0.04358632,0.5056244,0.2228015,0.2279879
371,0.04358915,0.5059996,0.2227619,0.2276493
372,0.04361163,0.506387,0.2224754,0.227526
373,0.04421847,0.5016585,0.2236476,0.2304754
374,0.04466033,0.4994922,0.2232479,0.2325997
375,0.04498449,0.4987579,0.2220932,0.2341644
376,0.04522911,0.498821,0.2205795,0.2353704
377,0.04542033,0.4993031,0.2189311,0.2363455
378,0.04557437,0.499983,0.2172833,0.2371593
379,0.04570086,0.5007322,0.215721,0.2378459
380,0.0458056,0.5014765,0.2142961,0.2384218
381,0.04589243,0.5021749,0.2130362,0.2388965
382,0.04596398,0.5028062,0.2119533,0.2392765
383,0.04602259,0.5033619,0.2110449,0.2395706
384,0.04607037,0.5038412,0.2102992,0.2397892
385,0.04622437,0.503423,0.2097749,0.2405778
386,0.04633648,0.5033718,0.209172,0.2411198
387,0.04641129,0.5035012,0.2086527,0.2414349
388,0.04646056,0.5036988,0.2082458,0.2415949
389,0.04649229,0.5039065,0.2079534,0.2416479
390,0.0465117,0.504097,0.2077667,0.2416246
391,0.046522,0.5042596,0.2076749,0.2415435
392,0.04652504,0.5043918,0.2076686,0.2414146
393,0.04652185,0.5044938,0.2077412,0.2412431
394,0.0465133,0.5045677,0.207885,0.2410339
395,0.04649998,0.5046158,0.2080938,0.2407903
396,0.04648234,0.5046407,0.2083619,0.2405151
397,0.04774539,0.4951987,0.2098913,0.2471647
398,0.04865346,0.4903823,0.20909,0.2518743
399,0.04921373,0.4882756,0.2079381,0.2545726
400,0.04954176,0.4875984,0.2068871,0.2559727
401,0.04971968,0.4876058,0.2061157,0.256559
402,0.04980498,0.4878882,0.2056465,0.2566604
403,0.04983636,0.4882392,0.2054312,0.2564932
404,0.04983885,0.4885682,0.2053982,0.2561948
405,0.04982809,0.4888467,0.2054751,0.2558501
406,0.0498134,0.4890761,0.205602,0.2555085
407,0.04980015,0.4892697,0.2057322,0.2551979
408,0.04979122,0.4894429,0.2058325,0.2549334
409,0.04399817,0.5377129,0.1929152,0.2253737
410,0.04086602,0.5566943,0.1925663,0.2098734
411,0.03921841,0.5635328,0.1950971,0.2021516
412,0.03833281,0.5653926,0.1979534,0.1983213
413,0.03785827,0.5653045,0.2003151,0.1965221
414,0.03760754,0.5645806,0.2020361,0.1957758
415,0.03747693,0.5637605,0.2032104,0.1955522
416,0.03740855,0.563035,0.2039926,0.1955639
417,0.03737026,0.562445,0.204526,0.1956588
418,0.03734469,0.5619741,0.2049215,0.1957597
419,0.03732267,0.5615901,0.2052566,0.1958306
420,0.03729966,0.5612628,0.2055808,0.1958566
421,0.03754454,0.5582654,0.2070046,0.1971855
422,0.03768253,0.5566633,0.2077556,0.1978985
423,0.03775363,0.5557759,0.2082253,0.1982451
424,0.03777811,0.5552564,0.20863,0.1983355
425,0.03777284,0.554913,0.2090495,0.1982647
426,0.03774991,0.5546482,0.2095011,0.1981009
427,0.03771766,0.5544176,0.2099729,0.1978918
428,0.03768195,0.5542051,0.2104412,0.1976717
429,0.03764699,0.5540087,0.2108784,0.1974659
430,0.03761595,0.5538325,0.2112568,0.1972948
431,0.03759115,0.5536826,0.2115526,0.1971736
432,0.03757415,0.5535651,0.2117478,0.1971131
433,0.04088024,0.521548,0.2236965,0.2138753
434,0.04325264,0.5033413,0.2280948,0.2253114
435,0.04488726,0.4935552,0.2287646,0.232793
436,0.04593438,0.4887789,0.2280794,0.2372074
437,0.04657336,0.4867725,0.2270576,0.2395965
438,0.04695638,0.4861885,0.2260432,0.2408119
439,0.04719661,0.4862854,0.225052,0.241466
440,0.04737043,0.4866943,0.2239776,0.2419577
441,0.04752371,0.4872532,0.2227097,0.2425133
442,0.0476773,0.4879003,0.2212073,0.2432151
443,0.04783596,0.4886093,0.2195009,0.244054
444,0.04799497,0.4893592,0.2176789,0.244967
445,0.04812585,0.4884357,0.2181027,0.2453358
446,0.04817237,0.4879163,0.218706,0.2452053
447,0.04822207,0.4875567,0.2190463,0.2451748
448,0.0482696,0.4873212,0.219222,0.2451872
449,0.04831515,0.487175,0.2192802,0.2452296
450,0.04835889,0.4870938,0.2192541,0.2452931
451,0.04840075,0.4870597,0.2191695,0.2453701
452,0.04844041,0.4870596,0.2190475,0.2454524
453,0.04847743,0.4870834,0.2189061,0.245533
454,0.04851176,0.4871233,0.2187567,0.2456083
455,0.04854335,0.4871731,0.218608,0.2456756
456,0.04857218,0.4872286,0.2184663,0.2457328
457,0.04822639,0.4935881,0.2134891,0.2446965
458,0.04816221,0.4977254,0.2087885,0.2453239
459,0.04809158,0.5006131,0.2056632,0.2456321
460,0.04802147,0.5026194,0.203638,0.2457211
461,0.04795831,0.5039796,0.2023779,0.2456843
462,0.04790448,0.5048727,0.2016435,0.2455793
463,0.04785907,0.5054367,0.2012714,0.2454329
464,0.04781954,0.5057737,0.2011537,0.2452531
465,0.04778299,0.5059562,0.2012216,0.2450391
466,0.04774679,0.506034,0.2014319,0.2447872
467,0.04770885,0.5060404,0.2017579,0.2444928
468,0.04766713,0.5059943,0.202189,0.2441495
469,0.04159425,0.5555638,0.1897623,0.2130796
470,0.03839541,0.5733957,0.1910699,0.197139
471,0.03673266,0.5788947,0.1951105,0.1892621
472,0.03583467,0.5796381,0.1992271,0.1853001
473,0.03534246,0.5786889,0.2026148,0.1833538
474,0.0350698,0.5773116,0.2051653,0.1824532
475,0.03491515,0.5759903,0.2070144,0.1820801
476,0.03482237,0.5748693,0.2083529,0.1819554
477,0.03476061,0.5739563,0.2093514,0.1819317
478,0.0347133,0.5732108,0.2101414,0.1819346
479,0.03467208,0.5725867,0.2108102,0.1819311
480,0.03463316,0.5720458,0.2114107,0.1819103
481,0.03872324,0.5347423,0.2229449,0.2035896
482,0.04190949,0.5133998,0.2244774,0.2202133
483,0.04411964,0.5022363,0.2224299,0.2312142
484,0.04555007,0.4972068,0.2193418,0.2379013
485,0.04640729,0.4955461,0.2165214,0.2415251
486,0.04687756,0.4955193,0.2144423,0.2431608
487,0.04710701,0.4961394,0.2131297,0.2436239
488,0.04719977,0.4969098,0.2124106,0.2434799
489,0.04722543,0.4976238,0.2120524,0.2430983
490,0.04722697,0.4982288,0.2118442,0.2427
491,0.04722974,0.4987395,0.2116203,0.2424105
492,0.04724704,0.4991918,0.2112712,0.24229
493,0.04374509,0.5299048,0.2018879,0.2244621
494,0.04174083,0.5433743,0.2002469,0.2146379
495,0.040648,0.5489966,0.2007276,0.2096277
496,0.04006619,0.5510781,0.201605,0.2072507
497,0.03977134,0.5516257,0.2023063,0.2062966
498,0.03963443,0.5515689,0.2027197,0.206077
499,0.03958088,0.5513208,0.2028952,0.2062031
500,0.03956813,0.5510495,0.2029206,0.2064617
501,0.03957261,0.5508106,0.2028748,0.2067419
502,0.03958196,0.5506118,0.2028148,0.2069914
503,0.03958995,0.5504438,0.2027772,0.2071891
504,0.03959379,0.5502938,0.2027835,0.2073289
505,0.04284804,0.521179,0.2117754,0.2241976
506,0.0452554,0.5047214,0.2136895,0.2363337
507,0.04689723,0.4960558,0.2128287,0.2442182
508,0.04794624,0.492022,0.211122,0.2489099
509,0.04857028,0.4905328,0.209513,0.2513839
510,0.04890997,0.4903021,0.2083604,0.2524277
511,0.04907136,0.4905973,0.2077141,0.2526173
512,0.04912895,0.4910413,0.2074826,0.2523473
513,0.04913248,0.4914663,0.2075254,0.2518757
514,0.04911334,0.4918198,0.2077054,0.2513614
515,0.04909109,0.4921032,0.2079043,0.2509013
516,0.04907729,0.4923398,0.2080315,0.2505516
517,0.04419032,0.5334482,0.1966893,0.2256722
518,0.04148258,0.5502908,0.1959041,0.2123226
519,0.04004209,0.5566859,0.1976459,0.2056261
520,0.03927508,0.5586507,0.1996936,0.2023807
521,0.03887745,0.5588248,0.2013304,0.2009673
522,0.03868127,0.5583783,0.2024384,0.200502
523,0.03859188,0.5578039,0.2031081,0.2004962
524,0.03855598,0.5572826,0.2034784,0.200683
525,0.03854411,0.5568584,0.2036753,0.2009222
526,0.03854062,0.5565211,0.2037934,0.2011448
527,0.03853755,0.5562454,0.2038966,0.2013205
528,0.03853114,0.5560058,0.2040246,0.2014383
529,0.04076811,0.5354994,0.210694,0.2130385
530,0.0423404,0.52455,0.2121537,0.2209559
531,0.04335979,0.5191272,0.2116861,0.2258269
532,0.04397617,0.5167758,0.2107129,0.2285351
533,0.0443177,0.5159867,0.2098866,0.2298089
534,0.04448258,0.5158972,0.2094291,0.2301912
535,0.04454032,0.5160546,0.2093477,0.2300573
536,0.04453767,0.5162495,0.2095573,0.2296555
537,0.04450528,0.5164047,0.209943,0.2291469
538,0.04446271,0.5165094,0.2103939,0.228634
539,0.04442257,0.5165808,0.2108136,0.2281832
540,0.04439274,0.5166442,0.2111263,0.2278368
541,0.0468202,0.496035,0.2170699,0.2400749
542,0.04860677,0.4846173,0.2178997,0.2488763
543,0.04981116,0.4787887,0.2168673,0.2545329
544,0.05059806,0.4762134,0.2151564,0.2580321
545,0.05110166,0.4754202,0.2133447,0.2601334
546,0.05142597,0.4755268,0.2116431,0.2614042
547,0.05164378,0.476038,0.2100928,0.2622255
548,0.05180135,0.4766953,0.2086774,0.2628259
549,0.05192542,0.4773739,0.2073758,0.263325
550,0.0520301,0.4780178,0.2061773,0.2637749
551,0.05212197,0.4786048,0.2050832,0.26419
552,0.05220363,0.4791276,0.2041012,0.2645675
553,0.05174322,0.4836597,0.2024457,0.2621514
554,0.05144096,0.4861117,0.2018802,0.260567
555,0.05127059,0.4873691,0.2016694,0.2596909
556,0.05118201,0.4879839,0.2016,0.259234
557,0.05114215,0.4882677,0.2015771,0.2590131
558,0.05112919,0.488391,0.2015688,0.258911
559,0.05112932,0.4884437,0.2015711,0.2588558
560,0.05113412,0.4884696,0.2015906,0.2588057
561,0.05113865,0.4884878,0.2016363,0.2587373
562,0.05114027,0.4885052,0.2017153,0.2586392
563,0.0511377,0.4885231,0.2018322,0.258507
564,0.05113043,0.4885407,0.2019893,0.2583396
565,0.04813077,0.5132204,0.1953839,0.243265
566,0.04629442,0.5246819,0.1947419,0.2342818
567,0.04522409,0.5295823,0.1959414,0.2292522
568,0.04460505,0.5313427,0.1975601,0.2264921
569,0.04425002,0.5316812,0.1990547,0.225014
570,0.04404683,0.5314435,0.2002722,0.2242375
571,0.04392853,0.5310265,0.2012205,0.2238245
572,0.04385556,0.5306006,0.201962,0.2235818
573,0.0438051,0.5302259,0.202566,0.223403
574,0.0437644,0.5299129,0.2030899,0.2232328
575,0.04372668,0.5296533,0.2035748,0.2230452
576,0.04368872,0.5294338,0.2040461,0.2228313
577,0.04333209,0.5320843,0.2035616,0.221022
578,0.04309426,0.5333643,0.2036876,0.2198539
579,0.04292944,0.5339324,0.2040883,0.2190498
580,0.04281511,0.5341304,0.204558,0.2184965
581,0.04273356,0.5341527,0.2050115,0.2181023
582,0.04267345,0.5341021,0.2054135,0.2178108
583,0.04262796,0.534031,0.2057507,0.2175904
584,0.04259324,0.5339638,0.2060182,0.2174248
585,0.04256723,0.5339116,0.2062142,0.217307
586,0.04254904,0.5338786,0.2063368,0.2172356
587,0.04253814,0.5338664,0.2063851,0.2172103
588,0.04253405,0.533875,0.2063607,0.2172302
589,0.04277309,0.5320774,0.2066141,0.2185354
590,0.04293998,0.5312886,0.2063054,0.219466
591,0.04304546,0.531035,0.2058593,0.2200603
592,0.0431149,0.5310377,0.2053803,0.2204671
593,0.04316237,0.531151,0.2049237,0.220763
594,0.04319668,0.5312992,0.2045104,0.2209937
595,0.04322314,0.5314451,0.2041462,0.2211856
596,0.04324468,0.531572,0.2038317,0.2213515
597,0.04326281,0.5316741,0.2035657,0.2214975
598,0.04327827,0.5317496,0.2033467,0.2216254
599,0.04329134,0.5318002,0.2031731,0.2217354
600,0.04330206,0.5318277,0.2030434,0.2218268
601,0.04158204,0.5466079,0.1986581,0.213152
602,0.04053884,0.5530775,0.1983331,0.2080506
603,0.03993686,0.5555816,0.1992127,0.2052689
604,0.0395951,0.5562428,0.2003443,0.2038178
605,0.03940511,0.556113,0.2013661,0.2031158
606,0.03930125,0.5556966,0.2021851,0.2028171
607,0.03924425,0.5552196,0.2028166,0.2027195
608,0.03921108,0.5547705,0.2033102,0.2027082
609,0.03918855,0.5543744,0.2037171,0.20272
610,0.03916948,0.5540292,0.2040785,0.2027228
611,0.03915017,0.5537244,0.2044232,0.2027022
612,0.03912896,0.5534488,0.2047689,0.2026534
613,0.04097572,0.5363253,0.2106422,0.2120568
614,0.04224129,0.5272981,0.2121841,0.2182765
615,0.04304657,0.5228616,0.2120784,0.2220134
616,0.0435224,0.5209379,0.2115214,0.2240184
617,0.04378004,0.520275,0.2110299,0.224915
618,0.04390335,0.5201743,0.2107593,0.2251631
619,0.04395101,0.5202799,0.210691,0.2250782
620,0.04396197,0.5204345,0.2107376,0.224866
621,0.04396094,0.5205852,0.2107982,0.2246557
622,0.04396219,0.5207286,0.2107904,0.2245188
623,0.04397316,0.5208789,0.2106578,0.2244901
624,0.04399663,0.521052,0.210373,0.2245784
625,0.04383403,0.5228037,0.2096222,0.2237401
626,0.0437465,0.5237681,0.209149,0.2233364
627,0.04372078,0.5243301,0.2086489,0.2233004
628,0.04373085,0.5247056,0.2080923,0.2234712
629,0.04376092,0.5249951,0.2074914,0.2237525
630,0.04380027,0.5252408,0.2068808,0.2240781
631,0.04384194,0.5254555,0.2062981,0.2244045
632,0.04388179,0.5256397,0.2057728,0.2247058
633,0.04391756,0.5257906,0.2053236,0.2249681
634,0.0439477,0.5259066,0.2049638,0.2251818
635,0.04397154,0.5259873,0.2046977,0.2253434
636,0.04398893,0.5260342,0.2045237,0.2254532
637,0.04663391,0.5036856,0.2108012,0.2388792
638,0.04856316,0.4911675,0.2118631,0.2484063
639,0.04985676,0.4846292,0.2110391,0.254475
640,0.05067468,0.4816013,0.2096889,0.2580351
641,0.05115897,0.4804903,0.2084592,0.2598916
642,0.05142358,0.4803275,0.207579,0.2606699
643,0.05155234,0.4805664,0.2070646,0.2608167
644,0.05160277,0.4809262,0.2068409,0.2606302
645,0.05161225,0.4812812,0.2068081,0.2602985
646,0.05160459,0.4815892,0.2068672,0.2599389
647,0.0515941,0.4818491,0.2069373,0.2596194
648,0.05158884,0.4820762,0.2069585,0.2593764
649,0.04760322,0.5146527,0.1984296,0.2393144
650,0.04526129,0.5290778,0.1978014,0.2278595
651,0.04397478,0.5349895,0.1991293,0.2219064
652,0.04327561,0.5370783,0.20071,0.2189361
653,0.04290906,0.5375255,0.2019652,0.2176003
654,0.04272837,0.5373443,0.2027956,0.2171317
655,0.04264823,0.5369828,0.2032761,0.2170928
656,0.04261936,0.5366189,0.2035236,0.2172383
657,0.04261374,0.536307,0.2036446,0.2174347
658,0.04261589,0.5360504,0.2037205,0.2176132
659,0.04261759,0.535835,0.2038061,0.2177414
660,0.0426148,0.535644,0.2039343,0.2178068
661,0.04340471,0.529194,0.2054243,0.2219771
662,0.04393651,0.5260196,0.2052988,0.2247452
663,0.04424815,0.5246248,0.2048538,0.2262732
664,0.04441659,0.5241189,0.2044479,0.2270165
665,0.04449276,0.5240126,0.204232,0.2272626
666,0.04451127,0.5240499,0.2042361,0.2272027
667,0.04449505,0.5241087,0.2044345,0.2269617
668,0.04445902,0.5241398,0.2047812,0.2266199
669,0.04441296,0.5241313,0.2052247,0.2262311
670,0.04436364,0.5240883,0.205715,0.2258331
671,0.04431588,0.5240235,0.2062057,0.2254549
672,0.04427338,0.5239516,0.2066555,0.2251196
673,0.04297942,0.5341984,0.2043862,0.218436
674,0.04216249,0.5387484,0.2048022,0.2142868
675,0.04169776,0.5405163,0.2057315,0.2120544
676,0.04144122,0.5410325,0.2065994,0.2109269
677,0.04131147,0.5410426,0.2071819,0.210464
678,0.04125715,0.5409008,0.2074522,0.2103899
679,0.0412462,0.5407572,0.2074633,0.2105333
680,0.04125889,0.5406618,0.2072901,0.2107892
681,0.04128338,0.540618,0.2070039,0.2110947
682,0.04131208,0.5406119,0.206668,0.2114081
683,0.04134056,0.5406247,0.20633,0.2117047
684,0.04136622,0.5406401,0.2060235,0.2119702
685,0.04219702,0.533453,0.2080957,0.2162543
686,0.04275355,0.5298258,0.2083665,0.2190542
687,0.04310516,0.5281189,0.2080176,0.2207584
688,0.04331572,0.527418,0.2075446,0.2217217
689,0.04343413,0.5271993,0.2071546,0.2222119
690,0.04349477,0.5271819,0.2069099,0.2224134
691,0.04352054,0.5272266,0.2068061,0.2224468
692,0.04352603,0.5272722,0.2068145,0.2223873
693,0.04352022,0.5272976,0.2069025,0.2222797
694,0.04350891,0.5273006,0.2070369,0.2221536
695,0.04349568,0.5272868,0.2071907,0.2220268
696,0.04348272,0.5272641,0.2073425,0.2219107
697,0.037065,0.5827884,0.190504,0.1896425
698,0.03392705,0.6011922,0.1904107,0.17447
699,0.03233781,0.6065199,0.1938553,0.1672869
700,0.031504,0.6069893,0.1975864,0.1639203
701,0.03106431,0.605813,0.200637,0.1624858
702,0.03083379,0.6042674,0.2028707,0.1620282
703,0.0307131,0.6028171,0.2044268,0.162043
704,0.03064781,0.6015873,0.2055037,0.162261
705,0.03060821,0.6005715,0.2062795,0.1625409
706,0.03057829,0.5997215,0.20689,0.1628102
707,0.03054966,0.5989855,0.2074306,0.1630342
708,0.03051801,0.5983205,0.2079642,0.1631972
709,0.03331161,0.5701734,0.2183438,0.1781713
710,0.0353115,0.5554113,0.2206357,0.1886415
711,0.03660385,0.548404,0.2199171,0.195075
712,0.03736323,0.5455906,0.2185022,0.1985439
713,0.03775401,0.544774,0.2174592,0.2000128
714,0.03790781,0.5447161,0.217146,0.2002301
715,0.03790546,0.5447053,0.2177841,0.199605
716,0.03764351,0.5434818,0.2217343,0.1971403
717,0.03772611,0.5434644,0.2213364,0.197473
718,0.03762734,0.5435062,0.22228,0.1965865
719,0.03728605,0.5429061,0.2257892,0.1940187
720,0.03770905,0.5428129,0.2225898,0.1968883
721,0.03825312,0.5393407,0.2225299,0.1998763
722,0.03867186,0.5381687,0.2208739,0.2022854
723,0.03898202,0.5382141,0.2186459,0.204158
724,0.03921801,0.5388824,0.2162272,0.2056723
725,0.0394076,0.5398326,0.2137841,0.2069757
726,0.03955909,0.5408692,0.2114863,0.2080854
727,0.03967712,0.5418625,0.2094619,0.2089984
728,0.03976687,0.542723,0.2077882,0.2097218
729,0.0398344,0.5433958,0.2064943,0.2102755
730,0.03988551,0.5438598,0.2055681,0.2106866
731,0.03992411,0.5441258,0.2049729,0.2109771
732,0.03995222,0.5442265,0.2046587,0.2111625
733,0.03992089,0.5448266,0.2042181,0.2110344
734,0.03989897,0.5451012,0.204069,0.2109308
735,0.03987711,0.5451787,0.204155,0.2107892
736,0.03985453,0.545135,0.2043957,0.2106148
737,0.03982941,0.5450211,0.2047465,0.210403
738,0.03980041,0.5448681,0.2051813,0.2101503
739,0.03976673,0.5446944,0.2056834,0.2098554
740,0.03972836,0.5445106,0.2062395,0.2095215
741,0.03968573,0.544323,0.2068373,0.209154
742,0.03963966,0.5441357,0.2074644,0.2087602
743,0.03959139,0.5439519,0.2081062,0.2083505
744,0.03954251,0.5437749,0.2087455,0.2079371
745,0.04140875,0.5261011,0.2151162,0.217374
746,0.04268748,0.516712,0.2170604,0.2235402
747,0.0435042,0.5120583,0.2172426,0.227195
748,0.04399104,0.510023,0.2168755,0.2291105
749,0.04426529,0.5093244,0.2164493,0.229961
750,0.04441646,0.5092516,0.2160812,0.2302508
751,0.04450679,0.5094504,0.2157186,0.2303241
752,0.04457541,0.5097705,0.215263,0.2303911
753,0.04464336,0.5101635,0.2146358,0.2305574
754,0.04472001,0.510622,0.213796,0.230862
755,0.04480627,0.5111483,0.2127514,0.231294
756,0.04489846,0.5117385,0.2115483,0.2318147
757,0.03924368,0.5626312,0.194968,0.203157
758,0.03632985,0.5816518,0.1930485,0.1889699
759,0.03481527,0.5883463,0.1947587,0.1820798
760,0.03400908,0.5900685,0.1971307,0.1787917
761,0.03358118,0.589851,0.1992132,0.1773547
762,0.03335937,0.5889676,0.2008054,0.1768678
763,0.0332493,0.5879342,0.2019687,0.1768478
764,0.03319754,0.5869429,0.2028292,0.1770303
765,0.03317333,0.586052,0.2035043,0.1772704
766,0.03315885,0.5852655,0.2040866,0.1774889
767,0.03314417,0.5845672,0.2046427,0.1776459
768,0.03312383,0.5839351,0.2052192,0.1777219
769,0.03467391,0.568114,0.2112274,0.1859847
770,0.03569556,0.560117,0.2129518,0.1912357
771,0.03631053,0.5563352,0.2131684,0.1941859
772,0.03663726,0.5547025,0.2131304,0.1955299
773,0.03677091,0.554033,0.2133827,0.1958134
774,0.03678083,0.5536935,0.2140996,0.1954261
775,0.03671356,0.5533608,0.2153044,0.1946212
776,0.03654771,0.5525725,0.217747,0.1931328
777,0.03645059,0.5518945,0.219417,0.1922378
778,0.03615663,0.5500996,0.2239313,0.1898124
779,0.0361528,0.5496072,0.2245652,0.1896748
780,0.03584684,0.5486974,0.2280534,0.1874023
781,0.03398072,0.5705848,0.2168796,0.1785549
782,0.03274057,0.5800247,0.2146363,0.1725984
783,0.03218303,0.5840606,0.2132124,0.170544
784,0.03187693,0.5858985,0.2125039,0.1697206
785,0.03173782,0.5867929,0.2117257,0.1697434
786,0.03168831,0.5873222,0.2108025,0.1701869
787,0.03168327,0.5877006,0.2098141,0.170802
788,0.03169709,0.5879737,0.208884,0.1714452
789,0.0317175,0.5881211,0.2081133,0.172048
790,0.03173909,0.5881138,0.2075655,0.1725816
791,0.03175914,0.5879468,0.207259,0.173035
792,0.03177491,0.5876456,0.20718,0.1733994
793,0.03172461,0.5878941,0.2070162,0.173365
794,0.0316885,0.5877159,0.2072382,0.1733574
795,0.03165635,0.5873373,0.2076792,0.1733272
796,0.03162243,0.5868652,0.2082639,0.1732485
797,0.03158312,0.5863528,0.2089589,0.1731053
798,0.03153647,0.5858232,0.2097502,0.1728902
799,0.03148161,0.5852848,0.2106326,0.172601
800,0.03141842,0.5847383,0.2116033,0.1722399
801,0.03134772,0.5841819,0.2126559,0.1718145
802,0.03127086,0.5836098,0.2137833,0.171336
803,0.03118688,0.5829915,0.2150287,0.170793
804,0.03093244,0.5810363,0.219236,0.1687953
805,0.03311408,0.5590584,0.2271742,0.1806533
806,0.03455071,0.5478411,0.2295842,0.188024
807,0.03512486,0.54186,0.2331576,0.1898576
808,0.03594255,0.5395414,0.2303156,0.1942004
809,0.0359186,0.5384418,0.2327636,0.192876
810,0.03646915,0.5385039,0.2289384,0.1960886
811,0.0363641,0.5389672,0.2298429,0.1948258
812,0.03694458,0.5399887,0.2243132,0.1987535
813,0.03712964,0.5416847,0.2211878,0.1999979
814,0.03728191,0.5432991,0.2183236,0.2010953
815,0.03741004,0.5447994,0.2157156,0.2020749
816,0.03751699,0.5461666,0.2133829,0.2029335
817,0.03742363,0.549005,0.2108874,0.202684
818,0.03737372,0.5507962,0.209187,0.2026432
819,0.03735195,0.5519646,0.2079647,0.2027187
820,0.03734508,0.5527311,0.2070959,0.2028279
821,0.03734598,0.5532146,0.20651,0.2029294
822,0.03735062,0.5534837,0.2061636,0.2030021
823,0.03735626,0.5535858,0.2060243,0.2030336
824,0.03736062,0.55356,0.2060635,0.2030158
825,0.03736152,0.553442,0.206255,0.2029415
826,0.03735694,0.5532625,0.2065765,0.2028041
827,0.03734529,0.5530456,0.2070097,0.2025995
828,0.03732578,0.5528077,0.2075388,0.2023277
829,0.03445088,0.579128,0.1995876,0.1868335
830,0.03284847,0.5889816,0.1997532,0.1784168
831,0.03195779,0.5920534,0.2020564,0.1739325
832,0.03145564,0.5923498,0.2046468,0.1715478
833,0.03116951,0.5916364,0.2068952,0.1702989
834,0.03100291,0.5906691,0.2086742,0.1696538
835,0.03090113,0.5897411,0.2100409,0.1693168
836,0.03083344,0.5889405,0.2110999,0.1691262
837,0.03078297,0.5882716,0.2119484,0.1689971
838,0.03074089,0.5877113,0.2126594,0.1688884
839,0.03070304,0.5872333,0.2132793,0.1687844
840,0.03066798,0.5868168,0.2138314,0.1686837
841,0.03198795,0.5726976,0.2194621,0.1758525
842,0.03285304,0.5658189,0.2209392,0.1803889
843,0.03338758,0.5627574,0.2208041,0.183051
844,0.03369569,0.5616078,0.2202388,0.1844577
845,0.03386418,0.5613269,0.2196843,0.1851246
846,0.0339547,0.5613984,0.2192338,0.1854131
847,0.03400735,0.5615996,0.2188387,0.1855544
848,0.03404586,0.5618536,0.218419,0.1856816
849,0.03408239,0.5621438,0.2179164,0.1858575
850,0.03412193,0.5624695,0.217307,0.1861016
851,0.03416535,0.562829,0.2165968,0.1864088
852,0.03421175,0.5632154,0.2158093,0.1867635
853,0.03398029,0.5663922,0.2139664,0.1856611
854,0.0338539,0.5680323,0.2129506,0.1851633
855,0.03379391,0.5689143,0.212255,0.1850368
856,0.03377398,0.5694079,0.2116951,0.1851231
857,0.0337762,0.5696949,0.2112157,0.1853132
858,0.03378931,0.5698602,0.2108113,0.1855392
859,0.03380644,0.5699422,0.2104909,0.1857606
860,0.03382338,0.5699607,0.2102626,0.1859533
861,0.03383747,0.5699288,0.2101301,0.1861036
862,0.03384716,0.5698576,0.2100906,0.1862046
863,0.03385151,0.5697569,0.2101378,0.1862538
864,0.03385008,0.569635,0.2102638,0.1862511
865,0.03389331,0.5690165,0.210617,0.1864733
866,0.03391221,0.5686518,0.210895,0.1865409
867,0.03391277,0.5684113,0.211185,0.186491
868,0.03390027,0.5682279,0.211515,0.1863568
869,0.03387855,0.5680681,0.2118908,0.1861625
870,0.03385048,0.5679163,0.2123068,0.1859263
871,0.03381834,0.5677665,0.2127517,0.1856635
872,0.03378411,0.567618,0.2132104,0.1853875
