EwEVersion,"6.5.13829.0 (compiled 2016-05-17)"
Date,"2016-09-06 18:34:59"
ModelName,Baltic_Proper-SEALS
EcosimScenario,Proper1_SealVuln100_19742100_seal1_cofF1
TimeSeries,new_data_weights_19742100_BAU_WAR1_codF1_seal1
StartYear,1974

Data,"Prey of microzooplankton"

TimeStep,"Cyanobacteria","Phytoplankton","Detritus-water column",
1,0.0008785255,0.5158164,0.483305
2,0.0008198718,0.5461308,0.4530492
3,0.0007911188,0.559675,0.4395338
4,0.0007766322,0.5654634,0.4337601
5,0.0007692976,0.567544,0.4316868
6,0.0007655741,0.5678974,0.431337
7,0.0007636457,0.5675094,0.431727
8,0.0007625802,0.5668615,0.4323759
9,0.0007619071,0.5661771,0.433061
10,0.0007613972,0.5655503,0.4336883
11,0.0007609448,0.5650129,0.4342261
12,0.0007605043,0.5645697,0.4346699
13,0.0007726948,0.5569893,0.442238
14,0.0007796324,0.5525924,0.446628
15,0.0007832795,0.5502692,0.4489475
16,0.0007850192,0.5491337,0.4500813
17,0.0007856891,0.5486611,0.4505533
18,0.0007857836,0.5485436,0.4506706
19,0.000785586,0.5486045,0.45061
20,0.0007852534,0.5487427,0.450472
21,0.0007848715,0.5488992,0.4503158
22,0.0007844871,0.5490368,0.4501787
23,0.0007841254,0.54913,0.4500859
24,0.0007838001,0.5491609,0.4500553
25,0.0007128019,0.5897602,0.4095269
26,0.0006786227,0.6086188,0.3907026
27,0.0006622651,0.6165195,0.3828183
28,0.0006541656,0.6195205,0.3798253
29,0.0006501476,0.6201602,0.3791896
30,0.0006481193,0.6197114,0.3796404
31,0.000647025,0.6188141,0.3805389
32,0.0006463414,0.6177795,0.3815741
33,0.0006458191,0.6167487,0.3826056
34,0.0006453432,0.6157827,0.3835718
35,0.0006448679,0.6149006,0.3844545
36,0.0006443789,0.6141027,0.3852529
37,0.0006596079,0.6041189,0.3952215
38,0.0006681603,0.598319,0.4010129
39,0.0006726587,0.5951244,0.404203
40,0.0006748311,0.593407,0.4059182
41,0.0006757188,0.5924978,0.4068265
42,0.0006759249,0.5920126,0.4073115
43,0.0006757871,0.5917385,0.4075857
44,0.0006754882,0.5915614,0.4077632
45,0.0006751236,0.591422,0.4079029
46,0.0006747453,0.591285,0.4080402
47,0.0006743786,0.5911317,0.408194
48,0.0006740356,0.5909511,0.4083749
49,0.0006902048,0.5809171,0.4183927
50,0.0006995351,0.5751518,0.4241487
51,0.0007046559,0.5720504,0.427245
52,0.0007073484,0.5704288,0.4288639
53,0.0007086945,0.5695849,0.4297064
54,0.0007093267,0.5691155,0.4301751
55,0.0007096,0.5688021,0.4304883
56,0.0007097046,0.5685337,0.4307567
57,0.0007097368,0.5682601,0.4310302
58,0.0007097392,0.5679686,0.4313217
59,0.0007097299,0.5676601,0.4316301
60,0.0007097147,0.5673423,0.431948
61,0.0007164613,0.5632625,0.436021
62,0.0007203277,0.5610325,0.4382472
63,0.0007226323,0.5596789,0.4395985
64,0.0007239576,0.5588757,0.4404004
65,0.0007247046,0.5583827,0.4408926
66,0.0007251186,0.5580565,0.4412184
67,0.0007253435,0.5578166,0.4414581
68,0.0007254618,0.5576205,0.4416541
69,0.0007255198,0.5574479,0.4418266
70,0.000725545,0.5572874,0.4419871
71,0.0007255507,0.5571351,0.4421394
72,0.0007255446,0.5569903,0.4422842
73,0.0006834583,0.5824491,0.4168674
74,0.0006619956,0.5949562,0.4043818
75,0.0006510922,0.600673,0.3986759
76,0.0006455063,0.6030594,0.3962951
77,0.0006426264,0.6038129,0.3955446
78,0.0006411021,0.6038029,0.395556
79,0.0006402352,0.6034724,0.3958874
80,0.0006396709,0.6030402,0.3963201
81,0.0006392344,0.6026087,0.3967521
82,0.0006388442,0.6022215,0.3971396
83,0.0006384642,0.6018935,0.397468
84,0.0006380806,0.6016265,0.3977354
85,0.0006383589,0.6006067,0.3987549
86,0.0006383623,0.5997743,0.3995873
87,0.0006379871,0.5993913,0.3999707
88,0.000637499,0.5992,0.4001625
89,0.0006369814,0.5991188,0.4002442
90,0.0006364624,0.5991138,0.4002497
91,0.0006359488,0.599169,0.4001951
92,0.0006354408,0.5992742,0.4000904
93,0.000634937,0.5994204,0.3999447
94,0.0006344387,0.5995958,0.3997697
95,0.0006339511,0.5997854,0.3995806
96,0.0006334829,0.5999701,0.3993964
97,0.0006227616,0.6064318,0.3929455
98,0.0006168393,0.6097195,0.3896638
99,0.0006135149,0.6112986,0.3880879
100,0.0006116547,0.6119035,0.3874849
101,0.0006106101,0.6119584,0.3874309
102,0.0006100218,0.6116985,0.3876915
103,0.0006096922,0.6112547,0.3881356
104,0.0006095131,0.6107025,0.3886879
105,0.000609424,0.6100881,0.3893025
106,0.0006093886,0.6094444,0.3899462
107,0.0006093818,0.6087967,0.3905939
108,0.0006093866,0.6081648,0.3912258
109,0.0006286779,0.5952079,0.4041634
110,0.0006399935,0.5875786,0.4117814
111,0.0006462695,0.5834679,0.4158858
112,0.0006496438,0.5813385,0.4180119
113,0.0006513968,0.5802957,0.419053
114,0.0006522773,0.5798237,0.419524
115,0.0006527056,0.579637,0.4197103
116,0.0006529087,0.5795842,0.4197629
117,0.0006530037,0.579589,0.419758
118,0.0006530486,0.5796158,0.4197312
119,0.000653072,0.5796481,0.4196989
120,0.0006530865,0.579679,0.419668
121,0.0006465263,0.5839973,0.4153562
122,0.000642908,0.5863689,0.4129882
123,0.0006410362,0.5874959,0.4118631
124,0.0006400722,0.5879971,0.4113629
125,0.000639583,0.5881769,0.4111835
126,0.0006393338,0.5881987,0.4111618
127,0.0006391992,0.5881489,0.4112118
128,0.0006391154,0.588071,0.4112898
129,0.0006390518,0.5879853,0.4113756
130,0.000638994,0.5879009,0.4114601
131,0.0006389362,0.587821,0.4115402
132,0.0006388758,0.5877467,0.4116144
133,0.0006936348,0.5539035,0.4454028
134,0.0007288627,0.5336701,0.4656011
135,0.0007507709,0.5221894,0.4770598
136,0.0007637936,0.5164051,0.4828311
137,0.000771332,0.5139413,0.4852873
138,0.0007756632,0.5132437,0.4859806
139,0.0007782071,0.5133716,0.4858502
140,0.0007798017,0.513792,0.4854282
141,0.000780919,0.514224,0.4849951
142,0.0007818191,0.5145273,0.4846909
143,0.0007826358,0.5146451,0.4845723
144,0.0007834333,0.5145659,0.4846506
145,0.0007134796,0.5573162,0.4419704
146,0.0006796735,0.5767962,0.4225241
147,0.0006628307,0.5853825,0.4139547
148,0.0006542469,0.588886,0.4104598
149,0.000649803,0.5900308,0.4093193
150,0.0006474481,0.5901346,0.409218
151,0.000646146,0.589825,0.4095289
152,0.0006453753,0.5893884,0.4099663
153,0.000644874,0.5889467,0.4104084
154,0.0006445107,0.5885469,0.4108086
155,0.0006442193,0.5882028,0.4111529
156,0.000643966,0.5879158,0.4114402
157,0.0007674717,0.5102121,0.4890205
158,0.0008618384,0.4529794,0.5461587
159,0.0009292632,0.4148309,0.5842398
160,0.0009752012,0.3913346,0.6076903
161,0.001005398,0.3780966,0.620898
162,0.001024707,0.3715591,0.6274162
163,0.001036843,0.3691057,0.6298574
164,0.001044451,0.3689415,0.6300141
165,0.001049305,0.3699113,0.6290394
166,0.001052532,0.3713154,0.627632
167,0.001054822,0.3727529,0.6261922
168,0.001056582,0.3740118,0.6249317
169,0.0009734679,0.4240737,0.5749528
170,0.0009275723,0.450286,0.5487865
171,0.0009042085,0.4613762,0.5377195
172,0.0008911829,0.4663131,0.5327957
173,0.0008836554,0.4685968,0.5305195
174,0.0008793158,0.4696119,0.5295088
175,0.0008768507,0.4700748,0.5290483
176,0.0008755011,0.470335,0.5287895
177,0.000874826,0.4705457,0.5285795
178,0.0008745682,0.4707634,0.5283619
179,0.0008745721,0.471004,0.5281214
180,0.0008747407,0.4712694,0.5278558
181,0.0008495058,0.4864937,0.5126568
182,0.0008350877,0.495039,0.5041259
183,0.0008270712,0.4996828,0.4994902
184,0.0008227375,0.5021558,0.4970213
185,0.0008204883,0.5034615,0.495718
186,0.0008193944,0.5041706,0.49501
187,0.0008189224,0.5046008,0.4945803
188,0.0008187724,0.5049236,0.4942576
189,0.0008187791,0.505229,0.4939521
190,0.000818855,0.5055606,0.4936206
191,0.0008189544,0.5059379,0.4932432
192,0.0008190551,0.5063689,0.4928121
193,0.0008038519,0.5157564,0.4834398
194,0.0007951642,0.5211168,0.478088
195,0.0007902748,0.5241803,0.4750294
196,0.0007875799,0.5259527,0.4732597
197,0.0007861233,0.5270245,0.4721894
198,0.0007853495,0.5277284,0.4714863
199,0.0007849427,0.5282437,0.4709713
200,0.0007847291,0.5286614,0.4705539
201,0.0007846173,0.529022,0.4701933
202,0.0007845624,0.5293388,0.4698767
203,0.0007845444,0.5296121,0.4696034
204,0.0007845556,0.5298378,0.4693777
205,0.0008512291,0.4908803,0.5082684
206,0.0008961976,0.4656861,0.5334177
207,0.0009251073,0.4506869,0.548388
208,0.000942972,0.4424432,0.5566139
209,0.0009536665,0.4383642,0.5606822
210,0.000959943,0.4366603,0.5623798
211,0.000963629,0.4361841,0.5628522
212,0.0009658686,0.4362495,0.5627847
213,0.0009673382,0.4364785,0.5625542
214,0.0009684067,0.4367016,0.56233
215,0.0009692678,0.4368592,0.5621716
216,0.0009700164,0.4369494,0.5620806
217,0.0008918723,0.4819497,0.5171584
218,0.0008505007,0.5048288,0.4943208
219,0.0008288736,0.5159796,0.4831914
220,0.000817567,0.5212066,0.4779758
221,0.0008117431,0.5234464,0.4757419
222,0.0008088225,0.5242285,0.4749627
223,0.0008074143,0.5243458,0.4748468
224,0.000806773,0.5241988,0.4749945
225,0.0008065053,0.5239801,0.4752134
226,0.0008064091,0.5237755,0.4754181
227,0.0008063846,0.5236176,0.475576
228,0.000806385,0.5235143,0.4756792
229,0.0008198186,0.5159936,0.4831866
230,0.0008279664,0.5117719,0.4874001
231,0.0008328645,0.5094802,0.4896869
232,0.0008357364,0.5083713,0.4907929
233,0.0008373962,0.5079473,0.4912154
234,0.0008383552,0.5078993,0.4912623
235,0.0008389219,0.5080448,0.4911163
236,0.0008392759,0.5082788,0.490882
237,0.0008395182,0.5085427,0.4906178
238,0.0008397034,0.508804,0.4903563
239,0.0008398598,0.5090445,0.4901156
240,0.0008400005,0.5092545,0.4899056
241,0.0008125991,0.5257419,0.4734456
242,0.0007975002,0.5347655,0.464437
243,0.0007896522,0.5391374,0.460073
244,0.0007856179,0.541129,0.4580854
245,0.0007835945,0.5418913,0.4573251
246,0.0007826001,0.5420455,0.4571719
247,0.0007821071,0.5419233,0.4572946
248,0.0007818404,0.5416958,0.4575223
249,0.0007816642,0.5414472,0.4577711
250,0.000781518,0.5412115,0.458007
251,0.0007813769,0.5410004,0.4582182
252,0.0007812337,0.5408152,0.4584036
253,0.0007698615,0.5463727,0.4528574
254,0.0007632275,0.549107,0.4501297
255,0.0007590745,0.5506487,0.4485922
256,0.0007565281,0.5514033,0.4478401
257,0.000754958,0.5517081,0.447537
258,0.000753968,0.5517735,0.4474725
259,0.0007533192,0.551722,0.4475246
260,0.0007528702,0.5516215,0.4476256
261,0.0007525383,0.5515076,0.4477398
262,0.000752276,0.551398,0.4478497
263,0.0007520564,0.5513005,0.4479474
264,0.000751864,0.5512173,0.4480309
265,0.0008157635,0.5144917,0.4846925
266,0.000858114,0.4915911,0.5075507
267,0.0008851183,0.4781291,0.5209857
268,0.0009016037,0.4709554,0.528143
269,0.0009113509,0.4676099,0.5314788
270,0.0009170097,0.4664061,0.5326768
271,0.0009203081,0.4662723,0.5328074
272,0.0009223093,0.4665668,0.5325109
273,0.0009236322,0.4669297,0.5321466
274,0.000924614,0.4671839,0.5318914
275,0.0009254243,0.4672603,0.5318142
276,0.0009261361,0.4671578,0.5319161
277,0.0009447123,0.4563393,0.5427159
278,0.0009565561,0.449394,0.5496495
279,0.000963709,0.4453583,0.5536779
280,0.0009678951,0.4431429,0.5558891
281,0.0009702783,0.4420236,0.5570061
282,0.0009716124,0.441537,0.5574914
283,0.0009723649,0.4413992,0.5576283
284,0.0009728149,0.441444,0.5575832
285,0.0009731212,0.4415789,0.557448
286,0.0009733702,0.4417544,0.5572722
287,0.0009736052,0.4419461,0.5570802
288,0.0009738457,0.4421433,0.5568829
289,0.000899617,0.4841149,0.5149855
290,0.0008598766,0.5056534,0.4934869
291,0.0008388259,0.5162773,0.4828839
292,0.0008276436,0.5213273,0.477845
293,0.0008217465,0.5235375,0.4756408
294,0.0008186745,0.5243416,0.4748397
295,0.0008170918,0.524491,0.474692
296,0.0008162764,0.5243708,0.4748129
297,0.0008158438,0.524171,0.4750132
298,0.0008155957,0.5239769,0.4752074
299,0.0008154332,0.5238228,0.4753618
300,0.0008153087,0.5237178,0.4754669
301,0.0007498086,0.5611991,0.4380511
302,0.0007170184,0.5790964,0.4201865
303,0.0007002751,0.587409,0.4118907
304,0.000691598,0.5910391,0.4082693
305,0.0006870587,0.5923688,0.4069442
306,0.0006846352,0.5926041,0.4067112
307,0.000683275,0.5923572,0.4069596
308,0.0006824359,0.5919302,0.4073873
309,0.0006818448,0.5914647,0.4078534
310,0.0006813673,0.5910231,0.4082955
311,0.000680942,0.5906262,0.4086928
312,0.0006805431,0.5902761,0.4090434
313,0.0007729144,0.5352421,0.4639851
314,0.0008380219,0.4977277,0.5014343
315,0.0008808968,0.4746875,0.5244317
316,0.0009076464,0.4617954,0.5372969
317,0.0009235946,0.4554147,0.5436617
318,0.0009327668,0.4528743,0.5461929
319,0.0009379311,0.452389,0.5466731
320,0.0009408511,0.4528503,0.5462089
321,0.000942581,0.4536107,0.5454468
322,0.0009437047,0.4543315,0.5447249
323,0.0009445259,0.4548566,0.5441989
324,0.0009451889,0.4551399,0.543915
325,0.0009375189,0.4597113,0.5393512
326,0.000932967,0.4621345,0.5369325
327,0.000930267,0.463371,0.5356987
328,0.0009286982,0.4639146,0.5351566
329,0.0009277983,0.4640981,0.5349741
330,0.0009272919,0.4641212,0.5349515
331,0.000927023,0.4640936,0.5349794
332,0.000926905,0.4640701,0.5350029
333,0.000926889,0.4640749,0.5349982
334,0.00092695,0.4641098,0.5349633
335,0.0009270714,0.4641718,0.5349011
336,0.0009272396,0.4642563,0.5348164
337,0.0009334639,0.4609914,0.5380751
338,0.0009374319,0.4591368,0.5399258
339,0.0009399483,0.4581645,0.5408955
340,0.0009415549,0.457732,0.5413264
341,0.000942607,0.4576192,0.5414382
342,0.0009433299,0.457691,0.5413657
343,0.000943862,0.4578678,0.5411883
344,0.0009442866,0.4581039,0.5409518
345,0.0009446521,0.4583734,0.5406819
346,0.0009449859,0.458664,0.540391
347,0.0009453036,0.4589681,0.5400866
348,0.0009456147,0.4592803,0.5397741
349,0.0008152933,0.5341245,0.4650602
350,0.0007557583,0.5672451,0.4319991
351,0.000727876,0.5815338,0.4177383
352,0.0007142775,0.5875492,0.4117364
353,0.0007075843,0.5897074,0.4095851
354,0.0007042628,0.5901003,0.4091955
355,0.0007025567,0.589749,0.4095485
356,0.0007015951,0.5891432,0.4101552
357,0.0007009566,0.5885041,0.4107949
358,0.0007004466,0.5879216,0.4113779
359,0.0006999818,0.5874227,0.4118773
360,0.0006995309,0.5870076,0.4122929
361,0.0007783373,0.5401101,0.4591116
362,0.0008320922,0.5087373,0.4904306
363,0.0008661504,0.4901437,0.5089901
364,0.000886573,0.4801221,0.5189913
365,0.0008982288,0.4754049,0.5236969
366,0.0009045977,0.4737172,0.5253782
367,0.000907965,0.4736001,0.5254919
368,0.0009097274,0.474182,0.5249082
369,0.0009106873,0.4749732,0.5241161
370,0.0009112805,0.4757101,0.5233786
371,0.0009117263,0.4762651,0.5228231
372,0.000912122,0.4765908,0.5224971
373,0.0009226588,0.4710403,0.528037
374,0.0009292375,0.4676771,0.5313936
375,0.0009332816,0.4656421,0.5334246
376,0.0009357259,0.4643953,0.5346689
377,0.000937182,0.4636075,0.5354553
378,0.0009380357,0.4630912,0.5359709
379,0.000938529,0.4627446,0.5363168
380,0.0009388131,0.4625128,0.5365484
381,0.0009389835,0.4623643,0.5366967
382,0.0009390982,0.4622816,0.5367793
383,0.000939195,0.4622508,0.53681
384,0.0009392956,0.4622606,0.5368001
385,0.0009411324,0.4612382,0.5378207
386,0.0009423152,0.4606537,0.538404
387,0.0009430599,0.4603929,0.538664
388,0.0009435526,0.4603256,0.5387308
389,0.0009439057,0.4603733,0.5386828
390,0.000944184,0.4604909,0.5385649
391,0.0009444234,0.4606543,0.5384013
392,0.0009446425,0.4608518,0.5382036
393,0.0009448508,0.4610783,0.5379767
394,0.0009450545,0.46133,0.5377249
395,0.0009452562,0.4616047,0.5374501
396,0.0009454573,0.4619009,0.5371537
397,0.0009651309,0.4504503,0.5485846
398,0.0009775334,0.4433689,0.5556536
399,0.0009847928,0.4396794,0.5593358
400,0.0009889113,0.4379865,0.5610246
401,0.000991179,0.4374266,0.5615822
402,0.0009924062,0.4374713,0.5615363
403,0.0009930815,0.4378081,0.5611989
404,0.0009934863,0.4382599,0.5607467
405,0.0009937737,0.4387312,0.560275
406,0.0009940201,0.4391754,0.5598306
407,0.0009942596,0.439572,0.5594338
408,0.0009945034,0.4399144,0.5590911
409,0.000898158,0.493948,0.5051539
410,0.0008489663,0.5204241,0.4787269
411,0.0008240122,0.5328138,0.4663621
412,0.0008111618,0.5383931,0.4607957
413,0.0008045589,0.54062,0.4585755
414,0.0008011844,0.5412478,0.457951
415,0.000799451,0.5411716,0.4580289
416,0.0007985276,0.5408379,0.4583636
417,0.000797986,0.5404577,0.4587443
418,0.0007976124,0.540122,0.4590804
419,0.0007973042,0.5398628,0.45934
420,0.0007970151,0.5396852,0.4595178
421,0.0008020544,0.5366738,0.4625241
422,0.0008048935,0.5350612,0.4641338
423,0.0008064433,0.5342289,0.4649647
424,0.0008071976,0.5338827,0.4653102
425,0.000807486,0.5338175,0.465375
426,0.0008075124,0.5339043,0.4652882
427,0.0008073988,0.5340634,0.4651291
428,0.0008072179,0.534245,0.4649478
429,0.0008070128,0.5344158,0.4647771
430,0.0008068103,0.5345524,0.4646408
431,0.0008066256,0.534638,0.4645554
432,0.0008064677,0.5346617,0.4645319
433,0.0008699024,0.4994177,0.4997123
434,0.0009118721,0.4775252,0.5215629
435,0.0009387587,0.464493,0.5345684
436,0.0009552477,0.4574074,0.5416374
437,0.0009650703,0.4538998,0.5451351
438,0.0009708432,0.4523471,0.546682
439,0.0009742708,0.4517235,0.5473022
440,0.0009763963,0.4514271,0.5475965
441,0.0009778162,0.4511429,0.5478793
442,0.0009788348,0.450756,0.5482652
443,0.000979595,0.4502631,0.5487573
444,0.0009801585,0.4497186,0.5493012
445,0.0009828501,0.4488785,0.5501387
446,0.0009845573,0.4487462,0.5502692
447,0.0009859655,0.4485941,0.5504199
448,0.000987123,0.4484617,0.5505512
449,0.0009880923,0.4483444,0.5506675
450,0.0009889187,0.4482388,0.5507722
451,0.0009896342,0.4481437,0.5508667
452,0.0009902613,0.4480605,0.5509493
453,0.0009908162,0.4479912,0.551018
454,0.0009913133,0.4479353,0.5510733
455,0.0009917631,0.4478928,0.5511155
456,0.0009921736,0.4478632,0.5511446
457,0.0009816604,0.45212,0.5468983
458,0.0009752917,0.4535555,0.5454692
459,0.0009706435,0.4546795,0.5443498
460,0.0009672762,0.4555824,0.5434504
461,0.0009648943,0.4562904,0.5427447
462,0.0009632569,0.456836,0.5422007
463,0.0009621647,0.4572613,0.5417765
464,0.0009614591,0.4576086,0.5414299
465,0.00096102,0.4579148,0.5411242
466,0.0009607597,0.4582082,0.540831
467,0.000960616,0.4585099,0.5405295
468,0.000960546,0.4588359,0.5402036
469,0.0008587092,0.5161304,0.483011
470,0.0008085446,0.5433651,0.4558264
471,0.0007837475,0.5558224,0.4433939
472,0.0007712101,0.5613565,0.4378722
473,0.000764846,0.5635532,0.4356819
474,0.000761601,0.5641793,0.4350591
475,0.0007599026,0.5641202,0.4351199
476,0.0007589443,0.5638106,0.4354304
477,0.0007583214,0.5634523,0.4357894
478,0.0007578393,0.5631293,0.4361129
479,0.000757411,0.5628665,0.436376
480,0.0007570015,0.5626625,0.4365805
481,0.0008335419,0.5179797,0.4811867
482,0.0008855802,0.4881843,0.5109302
483,0.0009185455,0.4705321,0.5285493
484,0.0009383752,0.4609323,0.5381293
485,0.0009496954,0.4563466,0.5427037
486,0.0009558205,0.4546577,0.5443864
487,0.0009589547,0.4544947,0.5445463
488,0.0009604727,0.4550249,0.5440146
489,0.0009611854,0.4557691,0.5432696
490,0.0009615396,0.4564766,0.5425619
491,0.0009617686,0.4570264,0.5420119
492,0.0009619808,0.4573744,0.5416636
493,0.0009013026,0.4913057,0.5077931
494,0.0008685,0.5087687,0.4903628
495,0.000851042,0.5172423,0.4819067
496,0.0008418201,0.5210351,0.4781231
497,0.0008370393,0.5224355,0.4767274
498,0.0008346289,0.5226766,0.4764887
499,0.0008334549,0.5224125,0.476754
500,0.0008329028,0.5219777,0.4771893
501,0.0008326464,0.5215318,0.4776356
502,0.0008325196,0.521141,0.4780265
503,0.00083244,0.520827,0.4783406
504,0.0008323701,0.5205908,0.4785767
505,0.0008905747,0.4874599,0.5116495
506,0.0009291326,0.4663065,0.5327644
507,0.0009534947,0.4538518,0.5451947
508,0.0009682344,0.4471189,0.5519129
509,0.0009767876,0.4439255,0.5550977
510,0.000981555,0.4427857,0.5562328
511,0.0009841173,0.4427478,0.5562681
512,0.0009854621,0.4432339,0.5557806
513,0.0009861785,0.4439083,0.5551055
514,0.0009865982,0.4445897,0.5544237
515,0.0009869003,0.4451839,0.5538293
516,0.000987174,0.4456466,0.5533662
517,0.0009050168,0.4916255,0.5074695
518,0.0008621084,0.5146369,0.4845011
519,0.0008400089,0.5255207,0.4736393
520,0.000828589,0.5303651,0.4688063
521,0.0008227646,0.5321892,0.466988
522,0.0008198515,0.5325685,0.4666117
523,0.0008184178,0.5323206,0.466861
524,0.000817708,0.5318567,0.4673256
525,0.0008173322,0.5313712,0.4678115
526,0.0008170978,0.530945,0.4682378
527,0.0008169136,0.5306047,0.4685785
528,0.0008167404,0.5303519,0.4688314
529,0.0008577363,0.5069964,0.4921459
530,0.0008837846,0.4927095,0.5064067
531,0.0008995829,0.4846636,0.5144368
532,0.0009087478,0.4805524,0.5185388
533,0.0009138286,0.4787828,0.5203035
534,0.0009165083,0.4783238,0.5207597
535,0.0009178406,0.4785442,0.5205379
536,0.0009184551,0.4790741,0.5200076
537,0.0009187131,0.4797017,0.5193796
538,0.0009188143,0.480311,0.5187702
539,0.0009188644,0.4808377,0.5182435
540,0.0009189167,0.4812473,0.5178338
541,0.0009608358,0.4580794,0.5409598
542,0.0009882839,0.4434007,0.555611
543,0.001005412,0.4348845,0.56411
544,0.001015778,0.4302086,0.5687757
545,0.001021877,0.4278127,0.5711654
546,0.001025396,0.4266744,0.5723003
547,0.001027416,0.4261695,0.5728031
548,0.001028593,0.4259472,0.5730242
549,0.00102931,0.425831,0.5731397
550,0.001029783,0.425743,0.5732272
551,0.001030131,0.4256585,0.5733114
552,0.00103042,0.4255763,0.5733932
553,0.00102258,0.4301266,0.5688508
554,0.001017892,0.4328541,0.5661281
555,0.001015321,0.4343156,0.5646691
556,0.00101402,0.4350581,0.5639279
557,0.001013462,0.4354105,0.563576
558,0.001013319,0.4355695,0.5634171
559,0.001013396,0.4356483,0.5633383
560,0.001013578,0.4357088,0.5632776
561,0.001013802,0.4357828,0.5632033
562,0.001014035,0.4358846,0.5631013
563,0.00101426,0.4360192,0.5629665
564,0.001014469,0.4361871,0.5627984
565,0.000965443,0.4632553,0.5357793
566,0.0009374923,0.4781319,0.5209306
567,0.0009220313,0.485872,0.513206
568,0.0009135912,0.4897282,0.5093582
569,0.0009090643,0.4915243,0.5075667
570,0.0009066812,0.492277,0.5068163
571,0.0009054432,0.4925421,0.5065525
572,0.000904795,0.4926129,0.5064823
573,0.0009044359,0.4926365,0.5064591
574,0.0009042079,0.4926795,0.5064163
575,0.0009040324,0.4927671,0.5063289
576,0.0009038718,0.4929033,0.5061929
577,0.0008979749,0.4961895,0.5029124
578,0.0008943602,0.498115,0.5009907
579,0.0008921039,0.4992972,0.4998107
580,0.00089069,0.5000223,0.499087
581,0.0008897778,0.5004842,0.4986261
582,0.0008891616,0.5007949,0.498316
583,0.0008887223,0.5010148,0.4980966
584,0.0008883918,0.5011737,0.497938
585,0.000888133,0.5012847,0.4978271
586,0.0008879265,0.5013514,0.4977607
587,0.0008877607,0.5013748,0.4977373
588,0.0008876278,0.5013561,0.4977562
589,0.0008914509,0.4990155,0.500093
590,0.0008936836,0.4975825,0.5015239
591,0.0008948744,0.4967872,0.502318
592,0.0008954828,0.4963268,0.5027778
593,0.0008957685,0.496045,0.5030591
594,0.0008958849,0.4958537,0.5032505
595,0.0008959198,0.4957056,0.5033985
596,0.0008959213,0.4955779,0.5035262
597,0.0008959139,0.4954612,0.5036429
598,0.0008959103,0.4953524,0.5037516
599,0.0008959142,0.4952522,0.5038519
600,0.0008959267,0.4951622,0.5039419
601,0.0008655165,0.5119859,0.4871486
602,0.0008485725,0.5209742,0.4781772
603,0.0008393688,0.5254595,0.4737011
604,0.0008344643,0.5275254,0.4716403
605,0.0008319175,0.5283276,0.4708404
606,0.0008306304,0.5285082,0.4706611
607,0.0008299912,0.5284145,0.4707555
608,0.0008296665,0.5282272,0.4709432
609,0.0008294805,0.528035,0.4711356
610,0.0008293444,0.5278765,0.4712942
611,0.0008292166,0.5277649,0.4714059
612,0.0008290794,0.527701,0.47147
613,0.0008633836,0.5085318,0.4906048
614,0.0008848677,0.4970612,0.502054
615,0.0008977594,0.4907053,0.508397
616,0.0009051525,0.4875368,0.5115581
617,0.0009092081,0.4862199,0.5128709
618,0.000911337,0.4858953,0.5131934
619,0.0009124121,0.4860398,0.5130478
620,0.0009129491,0.4863491,0.512738
621,0.0009132369,0.4866547,0.512432
622,0.0009134257,0.4868755,0.5122111
623,0.000913585,0.4869793,0.5121071
624,0.00091374,0.486964,0.5121222
625,0.0009106162,0.488737,0.5103524
626,0.0009088172,0.4896489,0.5094423
627,0.0009078808,0.4899574,0.5091347
628,0.0009074179,0.4899454,0.5091472
629,0.0009072146,0.4897691,0.5093237
630,0.0009071493,0.4895229,0.5095699
631,0.0009071567,0.4892614,0.5098314
632,0.0009072038,0.4890139,0.5100788
633,0.0009072752,0.4887943,0.5102984
634,0.0009073595,0.4886124,0.5104802
635,0.0009074509,0.4884715,0.5106211
636,0.0009075446,0.4883722,0.5107203
637,0.0009528517,0.4631221,0.5359251
638,0.0009825407,0.4471834,0.551834
639,0.001001149,0.4379221,0.5610768
640,0.00101238,0.4329651,0.5660225
641,0.001018914,0.4306384,0.5683427
642,0.001022587,0.4298215,0.5691559
643,0.001024598,0.4298045,0.5691708
644,0.001025686,0.4301625,0.5688118
645,0.001026292,0.4306549,0.5683188
646,0.001026663,0.4311503,0.5678231
647,0.001026932,0.4315838,0.5673892
648,0.001027164,0.4319288,0.5670441
649,0.0009619979,0.4680203,0.5310177
650,0.0009261051,0.487153,0.5119209
651,0.0009069989,0.4965476,0.5025454
652,0.0008968858,0.5008918,0.4982113
653,0.0008916341,0.502631,0.4964774
654,0.0008889838,0.5030865,0.4960244
655,0.0008876972,0.5029638,0.4961485
656,0.0008871043,0.5026276,0.4964854
657,0.0008868483,0.5022567,0.4968564
658,0.0008867444,0.5019323,0.4971809
659,0.000886699,0.5016848,0.4974286
660,0.000886667,0.5015207,0.4975926
661,0.0008999485,0.4937513,0.5053488
662,0.0009079322,0.4891503,0.5099418
663,0.0009123863,0.4867938,0.5122939
664,0.0009147465,0.4857333,0.513352
665,0.0009158941,0.4854117,0.5136724
666,0.000916367,0.485495,0.5135886
667,0.000916483,0.4857879,0.5132957
668,0.0009164233,0.4861788,0.5129048
669,0.0009162885,0.4866034,0.5124803
670,0.0009161343,0.4870225,0.5120614
671,0.0009159897,0.4874101,0.5116739
672,0.0009158704,0.4877475,0.5113366
673,0.0008941718,0.5001214,0.4989844
674,0.0008817923,0.5070357,0.4920824
675,0.0008751114,0.5104721,0.4886527
676,0.0008715718,0.5120431,0.4870854
677,0.0008697666,0.5125972,0.486533
678,0.0008688898,0.5126201,0.486511
679,0.0008684894,0.5123839,0.4867476
680,0.0008683213,0.5120367,0.487095
681,0.0008682593,0.511655,0.4874767
682,0.000868239,0.5112819,0.4878498
683,0.0008682319,0.5109378,0.488194
684,0.0008682263,0.510632,0.4884998
685,0.000882925,0.5022855,0.4968316
686,0.0008918681,0.4973638,0.5017443
687,0.0008971322,0.4946197,0.5044832
688,0.0009001197,0.4931991,0.5059008
689,0.0009017541,0.4925432,0.506555
690,0.0009026118,0.4923082,0.5067891
691,0.0009030399,0.4922916,0.5068054
692,0.0009032378,0.49238,0.5067168
693,0.0009033172,0.4925129,0.5065838
694,0.0009033398,0.4926559,0.5064407
695,0.0009033379,0.4927919,0.5063047
696,0.0009033275,0.4929118,0.5061848
697,0.0007871884,0.5569781,0.4422347
698,0.0007336467,0.5850148,0.4142516
699,0.0007077061,0.5973101,0.4019822
700,0.0006947704,0.6023782,0.3969271
701,0.0006882747,0.6040199,0.3952918
702,0.0006849891,0.6040854,0.3952297
703,0.0006832756,0.6034903,0.3958265
704,0.0006823006,0.602681,0.3966367
705,0.0006816471,0.6018647,0.3974537
706,0.0006811129,0.6011294,0.3981895
707,0.0006806046,0.600506,0.3988134
708,0.0006800821,0.6000006,0.3993193
709,0.000736098,0.5669692,0.4322948
710,0.0007719769,0.5464059,0.4528221
711,0.0007934241,0.5349237,0.464283
712,0.0008054319,0.5292536,0.469941
713,0.00081167,0.5270422,0.4721462
714,0.0008146015,0.5267437,0.4724417
715,0.0008157626,0.5275167,0.4716674
716,0.0008158482,0.53005,0.4691342
717,0.0008170039,0.5296217,0.4695613
718,0.0008165547,0.5307609,0.4684226
719,0.000814616,0.5337573,0.4654281
720,0.0008182923,0.5300605,0.4691212
721,0.0008270051,0.5247072,0.4744658
722,0.0008322397,0.5211761,0.4779918
723,0.000835177,0.5188977,0.4802672
724,0.000836709,0.517363,0.4818003
725,0.0008374295,0.5162261,0.4829365
726,0.0008376469,0.5153705,0.4837919
727,0.0008375732,0.5147358,0.4844266
728,0.000837378,0.5142695,0.4848931
729,0.0008371932,0.5139207,0.4852421
730,0.0008371047,0.5136464,0.4855165
731,0.0008371435,0.5134245,0.4857384
732,0.0008372955,0.5132513,0.4859113
733,0.0008364126,0.5136784,0.4854852
734,0.0008359366,0.5139269,0.4852372
735,0.0008356902,0.5141301,0.4850342
736,0.0008355872,0.5143167,0.4848477
737,0.0008355582,0.5145156,0.4846488
738,0.0008355573,0.5147457,0.4844188
739,0.0008355558,0.5150164,0.484148
740,0.0008355391,0.5153296,0.4838349
741,0.0008355009,0.5156817,0.4834827
742,0.0008354405,0.5160661,0.4830986
743,0.0008353615,0.516472,0.4826925
744,0.0008352714,0.5168864,0.4822783
745,0.000870231,0.4975357,0.5015941
746,0.0008923073,0.4860434,0.5130643
747,0.0009057311,0.4797335,0.5193607
748,0.000913599,0.4766435,0.5224429
749,0.0009181082,0.4753764,0.5237055
750,0.0009206955,0.4750256,0.5240536
751,0.0009222415,0.4750429,0.5240347
752,0.0009232458,0.4751266,0.5239502
753,0.0009239641,0.4751383,0.5239377
754,0.000924514,0.4750329,0.5240425
755,0.0009249359,0.4748236,0.5242514
756,0.0009252379,0.4745508,0.524524
757,0.0008233349,0.5311818,0.4679947
758,0.0007736412,0.5573803,0.4418461
759,0.000748671,0.5693336,0.4299178
760,0.0007358339,0.5745131,0.4247511
761,0.0007292264,0.5763963,0.4228744
762,0.0007258825,0.5767033,0.4225708
763,0.0007242564,0.5763034,0.4229724
764,0.000723517,0.5756404,0.4236361
765,0.0007232063,0.5749391,0.4243377
766,0.0007230706,0.5743104,0.4249666
767,0.0007229742,0.5738028,0.4254743
768,0.0007228479,0.5734341,0.4258431
769,0.000753438,0.5555111,0.4437355
770,0.0007719854,0.5451127,0.4541153
771,0.0007826727,0.5396305,0.4595869
772,0.0007884502,0.5371852,0.4620264
773,0.0007913072,0.5365237,0.462685
774,0.0007925063,0.5368626,0.4623449
775,0.0007928234,0.5377383,0.461469
776,0.0007926494,0.5392905,0.4599168
777,0.0007927588,0.5401385,0.4590687
778,0.0007923517,0.5424802,0.4567274
779,0.0007929155,0.5424377,0.4567694
780,0.000791251,0.5450155,0.4541933
781,0.0007498676,0.5666108,0.4326394
782,0.0007261941,0.5789292,0.4203447
783,0.000714533,0.5835336,0.4157518
784,0.0007078628,0.585474,0.4138182
785,0.0007041074,0.5858134,0.4134825
786,0.0007018805,0.5854007,0.4138974
787,0.0007004572,0.5846827,0.4146169
788,0.0006994805,0.5838841,0.4154164
789,0.0006988074,0.583093,0.4162081
790,0.0006983863,0.5823381,0.4169635
791,0.000698178,0.5816315,0.4176703
792,0.0006981184,0.5809954,0.4183065
793,0.0006969005,0.5811472,0.4181559
794,0.000696243,0.5810844,0.4182193
795,0.0006958486,0.5809703,0.4183339
796,0.0006955605,0.5808855,0.4184189
797,0.0006952895,0.5808743,0.4184305
798,0.0006949892,0.5809571,0.4183479
799,0.0006946378,0.5811407,0.4181647
800,0.0006942286,0.5814231,0.4178826
801,0.0006937674,0.5817931,0.4175132
802,0.0006932689,0.5822331,0.4170736
803,0.0006927511,0.582747,0.4165602
804,0.0006918262,0.5847881,0.4145201
805,0.0007354358,0.5587297,0.4405349
806,0.0007621631,0.5438235,0.4554142
807,0.0007759795,0.5386856,0.4605385
808,0.0007875486,0.5319929,0.4672196
809,0.0007903996,0.533186,0.4660237
810,0.0007962754,0.5291016,0.4701021
811,0.000796031,0.5309236,0.4682804
812,0.0008003667,0.5264238,0.4727759
813,0.0008006785,0.52565,0.4735493
814,0.000800625,0.525028,0.4741714
815,0.0008003653,0.5245044,0.4746952
816,0.000799985,0.5240726,0.4751273
817,0.0007962922,0.5256727,0.473531
818,0.0007939453,0.5265355,0.4726706
819,0.0007924584,0.5269713,0.4722362
820,0.000791532,0.5271832,0.4720253
821,0.0007909997,0.5272766,0.4719324
822,0.0007907614,0.5273088,0.4719005
823,0.0007907457,0.527316,0.4718933
824,0.00079089,0.527326,0.4718831
825,0.0007911348,0.5273641,0.4718447
826,0.0007914259,0.5274519,0.4717566
827,0.00079172,0.5276055,0.4716029
828,0.0007919876,0.5278324,0.4713756
829,0.000739138,0.5591295,0.4401314
830,0.0007121281,0.5745889,0.4246989
831,0.0006981931,0.5820659,0.4172359
832,0.0006909812,0.5855426,0.4137664
833,0.0006872552,0.5870234,0.4122894
834,0.0006853121,0.5875473,0.4117674
835,0.0006842552,0.5876486,0.4116671
836,0.0006836195,0.5875928,0.4117236
837,0.000683172,0.5875028,0.411814
838,0.0006828016,0.5874282,0.4118891
839,0.0006824608,0.5873805,0.4119371
840,0.0006821336,0.5873533,0.4119645
841,0.000709079,0.5712759,0.428015
842,0.0007252102,0.5620543,0.4372205
843,0.0007344956,0.5571063,0.4421593
844,0.0007395973,0.5547109,0.4445495
845,0.0007423057,0.553695,0.4455626
846,0.0007437197,0.5533413,0.445915
847,0.0007444716,0.5532413,0.4460143
848,0.0007448997,0.5531835,0.4460716
849,0.0007451703,0.553077,0.4461778
850,0.0007453586,0.5528957,0.446359
851,0.0007454936,0.5526461,0.4466084
852,0.0007455889,0.552346,0.4469084
853,0.0007401948,0.5551991,0.4440607
854,0.0007371365,0.5565763,0.4426866
855,0.0007354178,0.5571283,0.4421363
856,0.0007344784,0.5572276,0.4420379
857,0.0007339869,0.5570992,0.4421669
858,0.0007337573,0.5568702,0.4423961
859,0.0007336829,0.5566118,0.4426546
860,0.0007337002,0.556364,0.4429023
861,0.0007337659,0.5561511,0.4431152
862,0.0007338502,0.5559863,0.4432798
863,0.0007339306,0.5558776,0.4433885
864,0.0007339916,0.5558283,0.4434376
865,0.0007349833,0.5552657,0.4439994
866,0.000735536,0.5550176,0.4442468
867,0.0007358084,0.5549792,0.444285
868,0.0007359044,0.5550771,0.444187
869,0.000735889,0.5552652,0.4439989
870,0.0007358032,0.5555124,0.4437518
871,0.0007356745,0.5557964,0.4434679
872,0.0007355222,0.5560988,0.4431657
873,0.000735363,0.5564018,0.4428628
874,0.0007352082,0.5566912,0.4425736
875,0.0007350678,0.5569528,0.4423121
876,0.0007349493,0.5571743,0.4420907
877,0.000706248,0.5742281,0.4250656
878,0.0006909872,0.5828919,0.4164171
879,0.0006828987,0.587053,0.412264
880,0.0006786383,0.5888492,0.4104722
881,0.0006764016,0.5894314,0.4098922
882,0.0006752161,0.5894184,0.4099064
883,0.0006745656,0.5891352,0.4101902
884,0.000674183,0.5887482,0.4105776
885,0.0006739324,0.5883399,0.4109862
886,0.0006737473,0.5879486,0.4113777
887,0.0006735944,0.5875921,0.4117343
888,0.0006734564,0.5872786,0.4120479
889,0.000685207,0.5798246,0.4194902
890,0.0006919242,0.5755946,0.4237135
891,0.0006955618,0.5733986,0.4259059
892,0.00069743,0.5723534,0.4269492
893,0.0006983121,0.5719413,0.4273604
894,0.0006986646,0.5718626,0.4274387
895,0.0006987455,0.5719482,0.427353
896,0.0006986967,0.572104,0.4271973
897,0.0006985954,0.5722762,0.4270251
898,0.0006984811,0.572435,0.4268665
899,0.0006983742,0.5725619,0.4267397
900,0.0006982833,0.5726463,0.4266555
901,0.0006932428,0.5758448,0.4234619
902,0.0006903529,0.5776846,0.4216251
903,0.0006889289,0.5784283,0.4208827
904,0.0006882015,0.5786672,0.4206446
905,0.0006878311,0.5786365,0.4206757
906,0.0006876343,0.5784643,0.4208481
907,0.0006875143,0.5782219,0.4210905
908,0.0006874221,0.5779496,0.4213629
909,0.0006873346,0.5776709,0.4216418
910,0.0006872441,0.5773986,0.4219142
911,0.0006871495,0.5771412,0.4221717
912,0.0006870533,0.5769039,0.4224089
913,0.0007266692,0.5525813,0.446692
914,0.0007513986,0.537829,0.4614196
915,0.0007660203,0.5297219,0.4695121
916,0.0007743308,0.5256518,0.473574
917,0.0007788996,0.5238971,0.4753241
918,0.0007813576,0.523386,0.4758326
919,0.0007826823,0.5234891,0.4757283
920,0.0007834311,0.5238557,0.4753609
921,0.0007839059,0.5243021,0.4749139
922,0.0007842632,0.5247357,0.47448
923,0.0007845768,0.5251152,0.4741002
924,0.0007848765,0.5254267,0.4737884
925,0.000789896,0.5229805,0.4762296
926,0.0007929638,0.5217109,0.4774961
927,0.0007949134,0.521028,0.478177
928,0.0007961439,0.5207138,0.47849
929,0.0007969413,0.5205961,0.478607
930,0.0007974793,0.5205765,0.478626
931,0.0007978597,0.5206036,0.4785986
932,0.0007981422,0.5206529,0.4785489
933,0.0007983614,0.5207152,0.4784865
934,0.0007985373,0.5207909,0.4784106
935,0.0007986847,0.5208824,0.478319
936,0.0007988143,0.5209919,0.4782093
937,0.0007826308,0.5306897,0.4685277
938,0.0007735732,0.5359816,0.4632448
939,0.0007686156,0.5387599,0.4604715
940,0.0007659781,0.5401661,0.4590679
941,0.0007646335,0.5408519,0.4583835
942,0.0007639956,0.5411822,0.4580538
943,0.0007637353,0.5413567,0.4578796
944,0.0007636704,0.5414804,0.457756
945,0.0007637011,0.5416077,0.4576285
946,0.0007637748,0.5417614,0.4574748
947,0.0007638641,0.5419492,0.457287
948,0.0007639552,0.54217,0.457066
949,0.0007566655,0.5467342,0.4525092
950,0.0007525605,0.5493266,0.4499208
951,0.0007503034,0.5507798,0.4484699
952,0.0007491034,0.551588,0.4476629
953,0.000748492,0.5520396,0.4472119
954,0.000748201,0.5522947,0.4469572
955,0.0007480799,0.5524384,0.4468136
956,0.0007480467,0.5525132,0.4467387
957,0.0007480597,0.5525361,0.4467158
958,0.0007480925,0.5525196,0.4467323
959,0.0007481309,0.5524704,0.4467815
960,0.0007481665,0.5523937,0.4468581
961,0.0007339423,0.5605701,0.4386961
962,0.0007260604,0.5648049,0.4344691
963,0.0007216905,0.5668901,0.4323882
964,0.0007192969,0.5677876,0.431493
965,0.0007179807,0.5680699,0.4312122
966,0.0007172395,0.5680551,0.4312277
967,0.0007167998,0.5679147,0.4313685
968,0.0007165166,0.5677381,0.4315454
969,0.0007163152,0.5675701,0.4317135
970,0.0007161594,0.5674298,0.4318541
971,0.0007160303,0.5673247,0.4319593
972,0.0007159173,0.5672572,0.4320268
973,0.0006668905,0.5962858,0.4030472
974,0.0006424154,0.6101341,0.3892235
975,0.0006299844,0.6164867,0.3828834
976,0.0006236035,0.6191685,0.3802079
977,0.0006203085,0.6200488,0.379331
978,0.0006185701,0.6200826,0.3792989
979,0.0006175962,0.6197561,0.3796263
980,0.0006169808,0.6193103,0.3800727
981,0.0006165213,0.6188573,0.3805262
982,0.0006161185,0.6184461,0.3809378
983,0.0006157286,0.6180923,0.381292
984,0.0006153343,0.6177956,0.3815891
985,0.0006679464,0.5852831,0.4140489
986,0.000701545,0.5651129,0.4341855
987,0.0007215602,0.5539438,0.4453347
988,0.0007328371,0.5484444,0.4508228
989,0.0007389272,0.5461969,0.4530641
990,0.0007421484,0.5457175,0.4535404
991,0.0007436122,0.5474258,0.4518306
992,0.0007456935,0.5464455,0.4528088
993,0.0007440961,0.5497493,0.4495066
994,0.0007479147,0.5461161,0.453136
995,0.000748178,0.545945,0.4533068
996,0.0007484962,0.5454818,0.4537697
997,0.0006652466,0.5946749,0.4046599
998,0.0006265433,0.616262,0.3831115
999,0.0006074148,0.6256887,0.373704
1000,0.0005975785,0.6294964,0.369906
1001,0.0005923237,0.6306857,0.3687221
1002,0.000589385,0.6306798,0.3687308
1003,0.0005876612,0.6301515,0.3692608
1004,0.000586631,0.6294038,0.3700096
1005,0.000586055,0.6285658,0.3708481
1006,0.000585795,0.6277077,0.3717065
1007,0.0005857168,0.6268992,0.3725151
1008,0.0005856875,0.6262088,0.3732055
1009,0.000615934,0.6067034,0.3926807
1010,0.0006339913,0.5953726,0.4039934
1011,0.0006440895,0.5895177,0.4098382
1012,0.0006493343,0.5869875,0.4123632
1013,0.0006517347,0.5864456,0.4129026
1014,0.000652076,0.5887013,0.4106467
1015,0.000653076,0.5886323,0.4107146
1016,0.0006493742,0.5944453,0.4049053
1017,0.0006514002,0.5935996,0.4057491
1018,0.0006502348,0.5962281,0.4031217
1019,0.0006520888,0.5949561,0.4043918
1020,0.0006533244,0.593837,0.4055097
1021,0.0006697738,0.5833659,0.4159642
1022,0.000680379,0.5756313,0.4236884
1023,0.0006842135,0.5737347,0.4255812
1024,0.0006894782,0.5685161,0.4307945
1025,0.0006903299,0.5674398,0.4318698
1026,0.0006908405,0.5663292,0.43298
1027,0.0006907947,0.565649,0.4336602
1028,0.0006905203,0.5651612,0.4341482
1029,0.0006901373,0.564806,0.4345038
1030,0.0006896962,0.5645787,0.4347316
1031,0.0006892387,0.56447,0.4348408
1032,0.0006888009,0.5644624,0.4348488
1033,0.0007059191,0.5536995,0.4455946
1034,0.0007160025,0.5476524,0.4516317
1035,0.0007217404,0.5445734,0.4547049
1036,0.0007249213,0.5432411,0.4560341
1037,0.0007266644,0.5429032,0.4563701
1038,0.0007276388,0.5431181,0.4561543
1039,0.0007282252,0.543638,0.4556338
1040,0.0007286315,0.5443273,0.454944
1041,0.0007289669,0.5451101,0.454161
1042,0.0007292914,0.545934,0.4533367
1043,0.0007296389,0.5467579,0.4525125
1044,0.0007300333,0.5475453,0.4517247
1045,0.0006696062,0.58514,0.4141904
1046,0.0006395989,0.6042432,0.3951173
1047,0.0006258682,0.6111398,0.3882343
1048,0.0006185094,0.614321,0.3850605
1049,0.0006146165,0.615464,0.3839213
1050,0.0006125815,0.6155081,0.3838793
1051,0.0006114721,0.6150326,0.3843559
1052,0.0006107607,0.6143983,0.3849909
1053,0.0006102373,0.6137282,0.3856616
1054,0.0006098042,0.6130791,0.3863111
1055,0.0006094165,0.6124803,0.3869103
1056,0.0006090602,0.6119455,0.3874455
