EwEVersion,"6.5.13829.0 (compiled 2016-05-17)"
Date,"2016-09-06 18:34:59"
ModelName,Baltic_Proper-SEALS
EcosimScenario,Proper1_SealVuln100_19742100_seal1_cofF1
TimeSeries,new_data_weights_19742100_BAU_WAR1_codF1_seal1
StartYear,1974

Data,"Prey of Cod larvae"

TimeStep,"Temora sp","Acartia sp","Pseudocalanus sp.",
1,0.1079207,0.1002678,0.7918116
2,0.1141322,0.1024312,0.7834366
3,0.1163488,0.1016292,0.7820219
4,0.1165551,0.1003183,0.7831266
5,0.1157019,0.09866481,0.7856333
6,0.1143674,0.09697755,0.788655
7,0.1128841,0.095458,0.7916579
8,0.111417,0.0941787,0.7944043
9,0.1100314,0.09313832,0.7968302
10,0.1087406,0.09230439,0.798955
11,0.107536,0.09163692,0.800827
12,0.1064044,0.0910985,0.802497
13,0.1098771,0.0912352,0.7988877
14,0.1071031,0.09022529,0.8026716
15,0.1057372,0.08990476,0.8043579
16,0.1047977,0.08955631,0.805646
17,0.1041138,0.08918742,0.8066989
18,0.1036688,0.08885361,0.8074775
19,0.1034872,0.08863283,0.80788
20,0.1036145,0.08872848,0.807657
21,0.1040879,0.08939312,0.8065189
22,0.1049105,0.09087368,0.8042158
23,0.1060425,0.09334082,0.8006167
24,0.1074083,0.09678234,0.7958094
25,0.07486404,0.09317458,0.8319613
26,0.0879067,0.1007995,0.8112938
27,0.09150032,0.105066,0.8034337
28,0.0942132,0.1099895,0.7957973
29,0.09619441,0.112416,0.7913896
30,0.09759032,0.1124854,0.7899243
31,0.09850066,0.1112972,0.7902022
32,0.09907395,0.1099096,0.7910165
33,0.09934275,0.108476,0.7921813
34,0.09939008,0.1072373,0.7933726
35,0.09927995,0.1062484,0.7944716
36,0.099058,0.1054935,0.7954485
37,0.09820621,0.1053699,0.7964239
38,0.09620636,0.1043912,0.7994024
39,0.09508105,0.104027,0.8008919
40,0.09432163,0.1039108,0.8017676
41,0.09376384,0.1039994,0.8022369
42,0.09333958,0.104265,0.8023954
43,0.09302046,0.1046856,0.802294
44,0.09268634,0.1048901,0.8024236
45,0.09245194,0.1053709,0.8021771
46,0.09233659,0.1061114,0.8015519
47,0.09235528,0.1071033,0.8005415
48,0.09251557,0.1083108,0.7991737
49,0.09293158,0.1115809,0.7954875
50,0.09167202,0.1122875,0.7960405
51,0.09141758,0.1130761,0.7955064
52,0.09165569,0.1139048,0.7944396
53,0.09223892,0.1148837,0.7928774
54,0.09307381,0.1158912,0.7910351
55,0.09408236,0.1167399,0.7891777
56,0.09527978,0.1175388,0.7871814
57,0.09651154,0.1178815,0.785607
58,0.09770509,0.1178495,0.7844453
59,0.09880087,0.1175239,0.7836753
60,0.09975963,0.1169907,0.7832496
61,0.08794244,0.1163223,0.7957352
62,0.08722457,0.1161772,0.7965983
63,0.08693177,0.1152145,0.7978537
64,0.08702951,0.1146242,0.7983463
65,0.08732836,0.1142124,0.7984592
66,0.08772469,0.1138463,0.798429
67,0.08815973,0.1134704,0.7983699
68,0.0885104,0.1128327,0.7986569
69,0.08880329,0.1121741,0.7990226
70,0.08903538,0.111467,0.7994977
71,0.08920179,0.1107201,0.8000782
72,0.08930013,0.1099476,0.8007523
73,0.07894264,0.1086852,0.8123721
74,0.07880362,0.1098645,0.8113319
75,0.07956827,0.1086039,0.8118277
76,0.08031571,0.1072842,0.8124002
77,0.08070356,0.1059632,0.8133332
78,0.08069181,0.104675,0.8146332
79,0.08033496,0.1034813,0.8161837
80,0.07971007,0.102424,0.8178658
81,0.07886851,0.1015165,0.8196151
82,0.07785496,0.10077,0.821375
83,0.07670552,0.1001872,0.8231073
84,0.07545085,0.09976795,0.8247812
85,0.0909972,0.1000639,0.8089389
86,0.09178801,0.09877566,0.8094363
87,0.09125134,0.099397,0.8093517
88,0.0903608,0.09952717,0.8101121
89,0.08926186,0.09943098,0.8113071
90,0.08804943,0.09930941,0.8126411
91,0.08679496,0.09924018,0.8139648
92,0.08552166,0.09916237,0.815316
93,0.0843099,0.09918506,0.8165051
94,0.08322544,0.0993917,0.8173829
95,0.08232472,0.09990826,0.817767
96,0.08165596,0.1009179,0.8174261
97,0.0862852,0.1031377,0.8105771
98,0.0872412,0.1053339,0.8074248
99,0.08841679,0.1097203,0.8018629
100,0.08967528,0.1144403,0.7958844
101,0.09107753,0.1185156,0.7904069
102,0.09263118,0.121317,0.7860519
103,0.09427577,0.1226383,0.7830859
104,0.09595917,0.1228352,0.7812057
105,0.09750739,0.1220168,0.7804757
106,0.09879867,0.1205602,0.7806411
107,0.09975765,0.1187737,0.7814687
108,0.1003617,0.1168732,0.7827652
109,0.1099946,0.1152959,0.7747095
110,0.1066909,0.1127019,0.7806073
111,0.1050978,0.1111153,0.7837868
112,0.1040487,0.1096569,0.7862944
113,0.1032732,0.1084979,0.7882289
114,0.1026585,0.1076117,0.7897299
115,0.1021433,0.1069234,0.7909333
116,0.1018552,0.1067322,0.7914127
117,0.1016678,0.1066369,0.7916953
118,0.1015391,0.1066257,0.7918352
119,0.1014529,0.1066909,0.7918562
120,0.101404,0.1068271,0.791769
121,0.09442583,0.1063122,0.799262
122,0.09557891,0.1072362,0.7971849
123,0.09583578,0.1074288,0.7967355
124,0.09599178,0.1078424,0.7961658
125,0.09611446,0.1082901,0.7955953
126,0.09622353,0.1087039,0.7950726
127,0.09632904,0.1090809,0.79459
128,0.0963909,0.1093733,0.7942358
129,0.09644635,0.1096409,0.7939127
130,0.09650365,0.1098857,0.7936106
131,0.09656537,0.1101134,0.7933213
132,0.09663244,0.1103307,0.7930368
133,0.05247231,0.1093687,0.8381589
134,0.04422389,0.1111245,0.8446515
135,0.03556016,0.1092778,0.855162
136,0.02875414,0.1091498,0.862096
137,0.02345354,0.1107838,0.8657627
138,0.01948619,0.1139668,0.866547
139,0.01676238,0.118223,0.8650146
140,0.01519349,0.1224085,0.862398
141,0.01476639,0.1260159,0.8592177
142,0.01552287,0.1282753,0.8562018
143,0.01756366,0.1289868,0.8534496
144,0.02098331,0.1283303,0.8506864
145,0.03374868,0.12702,0.8392313
146,0.04913976,0.1252016,0.8256586
147,0.06325436,0.1208308,0.8159148
148,0.07318549,0.1161107,0.8107038
149,0.07882935,0.1117074,0.8094632
150,0.08146589,0.1078872,0.8106468
151,0.08236007,0.1046775,0.8129625
152,0.08233301,0.1019875,0.8156796
153,0.08181318,0.09968982,0.8184969
154,0.081014,0.09768789,0.8212981
155,0.08003213,0.09590849,0.8240593
156,0.07890754,0.09430604,0.8267865
157,0.06497585,0.09220359,0.8428206
158,0.05234006,0.08592808,0.8617318
159,0.04170196,0.08403487,0.8742632
160,0.03240049,0.0837419,0.8838576
161,0.02416125,0.0841275,0.8917112
162,0.01704634,0.08501325,0.8979404
163,0.01127132,0.08664455,0.9020841
164,0.006989677,0.08945737,0.9035529
165,0.004137993,0.0939575,0.9019045
166,0.002422771,0.1001667,0.8974106
167,0.001465716,0.1072578,0.8912764
168,0.0009541968,0.1137871,0.8852587
169,0.00528077,0.1315348,0.8631845
170,0.02865684,0.1292255,0.8421176
171,0.06587479,0.1224898,0.8116354
172,0.09072661,0.1163576,0.7929158
173,0.1033868,0.1104739,0.7861392
174,0.1077784,0.1047726,0.787449
175,0.1078556,0.09965937,0.7924851
176,0.1059401,0.0953621,0.7986978
177,0.1033535,0.09192514,0.8047214
178,0.1007364,0.08921684,0.8100469
179,0.09833441,0.08707246,0.8145931
180,0.09619998,0.08534954,0.8184505
181,0.1006972,0.08421916,0.8150837
182,0.1016384,0.08357069,0.8147909
183,0.1013475,0.08257136,0.816081
184,0.1004181,0.08153494,0.818047
185,0.09920374,0.08060599,0.8201903
186,0.09790375,0.07985412,0.8222421
187,0.09662333,0.07931149,0.8240652
188,0.09543369,0.07905383,0.8255125
189,0.09435492,0.07904998,0.8265951
190,0.09337281,0.07929921,0.827328
191,0.09247315,0.0798127,0.8277141
192,0.09164707,0.08061685,0.827736
193,0.09639941,0.08175516,0.8218455
194,0.09691462,0.08337372,0.8197117
195,0.09719744,0.08522235,0.8175802
196,0.09737527,0.08706155,0.8155632
197,0.09756025,0.08891027,0.8135295
198,0.09782107,0.09079739,0.8113815
199,0.09819543,0.09274318,0.8090614
200,0.09865621,0.09465357,0.8066902
201,0.09925028,0.09668857,0.8040612
202,0.09998303,0.0988096,0.8012074
203,0.1008428,0.1009482,0.798209
204,0.1018039,0.1030067,0.7951894
205,0.09732741,0.1073829,0.7952897
206,0.09231179,0.1073788,0.8003094
207,0.08990865,0.1074914,0.8025999
208,0.08900356,0.1083435,0.802653
209,0.08909726,0.1099586,0.8009442
210,0.08990429,0.1120466,0.798049
211,0.09123474,0.1141884,0.7945769
212,0.09312757,0.1163994,0.7904731
213,0.09524082,0.1177588,0.7870004
214,0.09738264,0.1182928,0.7843246
215,0.09936289,0.1181071,0.78253
216,0.1010347,0.1173968,0.7815685
217,0.1121079,0.1160583,0.7718338
218,0.1177535,0.1160403,0.7662062
219,0.1199521,0.1140438,0.7660041
220,0.1201402,0.1115766,0.7682832
221,0.1192886,0.109101,0.7716104
222,0.1180133,0.1068777,0.7751091
223,0.1166492,0.1049842,0.7783666
224,0.1153453,0.103396,0.7812587
225,0.1141296,0.1020185,0.7838519
226,0.1129885,0.1007798,0.7862318
227,0.1118943,0.09962612,0.7884796
228,0.1108206,0.09852083,0.7906585
229,0.09800708,0.0971289,0.8048639
230,0.09540062,0.09608924,0.8085101
231,0.09333161,0.09488565,0.8117827
232,0.09167855,0.09392448,0.814397
233,0.0902831,0.09319596,0.8165209
234,0.08907343,0.09268638,0.8182402
235,0.08802801,0.09240816,0.8195639
236,0.08714995,0.09239525,0.8204548
237,0.08645763,0.09271449,0.8208278
238,0.08597027,0.09337728,0.8206524
239,0.085702,0.09435518,0.8199428
240,0.08565709,0.0955761,0.8187668
241,0.07013548,0.09466035,0.8352042
242,0.07003225,0.09838386,0.8315839
243,0.07031818,0.09929015,0.8303916
244,0.07111543,0.1003837,0.8285009
245,0.07208394,0.101275,0.8266411
246,0.07305337,0.1018058,0.8251408
247,0.07394122,0.1020338,0.824025
248,0.07467469,0.1019237,0.8234015
249,0.07526919,0.1017404,0.8229904
250,0.07574093,0.1015052,0.8227538
251,0.07610779,0.1012466,0.8226455
252,0.0763876,0.1009824,0.82263
253,0.1054584,0.1014083,0.7931333
254,0.1074236,0.09994658,0.7926298
255,0.1078255,0.1002377,0.7919369
256,0.1078816,0.0998067,0.7923117
257,0.1076798,0.09910022,0.79322
258,0.1073336,0.09836943,0.794297
259,0.1069203,0.09770023,0.7953795
260,0.10648,0.09713501,0.7963849
261,0.1060409,0.09664132,0.7973179
262,0.1056162,0.09622418,0.7981597
263,0.1052149,0.0958828,0.7989023
264,0.1048448,0.0956164,0.7995389
265,0.06982789,0.0948661,0.835306
266,0.06252318,0.09449415,0.8429826
267,0.05580769,0.09320959,0.8509827
268,0.05063263,0.09311988,0.8562474
269,0.04660337,0.09412809,0.8592685
270,0.04355582,0.09613209,0.860312
271,0.04149121,0.09901179,0.8594971
272,0.04051349,0.1026453,0.8568411
273,0.0406873,0.1061955,0.8531172
274,0.04202636,0.1091016,0.848872
275,0.04444062,0.1109764,0.844583
276,0.04770011,0.1117474,0.8405524
277,0.06097607,0.1126193,0.8264046
278,0.06840026,0.1100398,0.82156
279,0.07255658,0.1088188,0.8186247
280,0.07517722,0.107483,0.8173398
281,0.07690351,0.1060895,0.8170069
282,0.07803647,0.1047022,0.8172613
283,0.07874613,0.1033476,0.8179064
284,0.07912385,0.1019771,0.818899
285,0.0792478,0.1006336,0.8201187
286,0.07917738,0.09932461,0.821498
287,0.07895742,0.09805631,0.8229863
288,0.07862129,0.09683258,0.8245461
289,0.08946232,0.09694947,0.8135883
290,0.09505978,0.09676622,0.808174
291,0.0976653,0.0950607,0.807274
292,0.09830883,0.09305524,0.808636
293,0.09789065,0.09109517,0.8110142
294,0.09695575,0.08930861,0.8137357
295,0.0957959,0.08773619,0.8164679
296,0.0945426,0.08637856,0.8190789
297,0.09328232,0.0852357,0.8214819
298,0.09204267,0.08428362,0.8236737
299,0.09083424,0.0835079,0.8256579
300,0.08966255,0.08290148,0.827436
301,0.09481229,0.08358919,0.8215986
302,0.09793396,0.08471175,0.8173543
303,0.0988672,0.08440867,0.8167241
304,0.09860829,0.08390763,0.8174841
305,0.09778711,0.0833578,0.8188551
306,0.0967366,0.08284445,0.820419
307,0.09562596,0.08242727,0.8219467
308,0.09453457,0.08200953,0.8234559
309,0.09345406,0.08173876,0.8248072
310,0.09242944,0.0816249,0.8259456
311,0.09148473,0.08165403,0.8268612
312,0.09063164,0.08180345,0.8275649
313,0.08332296,0.08400914,0.8326679
314,0.07376876,0.08133188,0.8448994
315,0.06799873,0.07982944,0.8521718
316,0.06401356,0.07876056,0.8572258
317,0.06110997,0.07812397,0.8607661
318,0.05900213,0.07826275,0.8627352
319,0.05760026,0.07984205,0.8625576
320,0.05700398,0.08420502,0.858791
321,0.05725463,0.09103269,0.8517126
322,0.05846121,0.09936649,0.8421723
323,0.0606994,0.1072534,0.8320473
324,0.06392009,0.1129186,0.8231614
325,0.07330379,0.1170623,0.8096339
326,0.0795036,0.1168352,0.8036613
327,0.08455285,0.1163318,0.7991153
328,0.08858669,0.1151234,0.7962899
329,0.09160146,0.1136348,0.7947637
330,0.09367625,0.1120816,0.7942421
331,0.09496293,0.1105647,0.7944723
332,0.09556539,0.1089789,0.7954558
333,0.09571071,0.1075213,0.7967681
334,0.09554832,0.1061637,0.798288
335,0.09518349,0.1048972,0.7999193
336,0.0946839,0.1037034,0.8016127
337,0.09203597,0.1020893,0.8058747
338,0.09062733,0.1010669,0.8083058
339,0.08953176,0.1000794,0.8103889
340,0.08857558,0.09910488,0.8123195
341,0.0876624,0.09811573,0.8142219
342,0.08673893,0.09710174,0.8161593
343,0.08577946,0.09606747,0.818153
344,0.08483943,0.09516274,0.8199978
345,0.08387829,0.09426589,0.8218558
346,0.08289141,0.09340645,0.8237021
347,0.08188826,0.09260812,0.8255036
348,0.08088606,0.09189683,0.8272172
349,0.06083358,0.08993221,0.8492342
350,0.05813358,0.09461085,0.8472555
351,0.058143,0.09303208,0.848825
352,0.05916316,0.09200073,0.8488361
353,0.06011393,0.0911797,0.8487064
354,0.06064126,0.09033757,0.8490212
355,0.06070325,0.08950852,0.8497882
356,0.06036423,0.08882561,0.8508102
357,0.05970908,0.08823205,0.8520588
358,0.05880616,0.08775352,0.8534403
359,0.05770968,0.08738945,0.8549009
360,0.05646197,0.08713175,0.8564063
361,0.07105994,0.09096611,0.837974
362,0.06763437,0.08599836,0.8463672
363,0.06304979,0.08537833,0.8515719
364,0.05927971,0.08479623,0.855924
365,0.05608975,0.08422558,0.8596846
366,0.05339742,0.08407209,0.8625305
367,0.05122486,0.08483145,0.8639437
368,0.04963065,0.08687352,0.8634958
369,0.04874889,0.09084179,0.8604093
370,0.04871828,0.09655298,0.8547288
371,0.04966272,0.1030554,0.8472819
372,0.05164433,0.1089419,0.8394137
373,0.05160796,0.1141157,0.8342764
374,0.05392067,0.1157151,0.8303642
375,0.05720409,0.1161462,0.8266498
376,0.06096303,0.1160132,0.8230239
377,0.06478767,0.1155258,0.8196865
378,0.0683522,0.1147821,0.8168657
379,0.0714393,0.113853,0.8147077
380,0.07397039,0.1128524,0.8131772
381,0.07591141,0.1117682,0.8123204
382,0.07730445,0.1106617,0.8120338
383,0.07823426,0.1095781,0.8121877
384,0.07879799,0.1085453,0.8126568
385,0.08107774,0.1072313,0.811691
386,0.08165547,0.1062694,0.8120751
387,0.08169959,0.1054332,0.8128672
388,0.08147584,0.1046275,0.8138967
389,0.08108581,0.1038384,0.8150758
390,0.08057061,0.103064,0.8163654
391,0.07994789,0.1023053,0.8177468
392,0.07916745,0.1014294,0.8194031
393,0.07826651,0.1005599,0.8211735
394,0.07726419,0.09969408,0.8230417
395,0.07617524,0.09884217,0.8249826
396,0.07501522,0.09801993,0.8269649
397,0.09455842,0.09794857,0.807493
398,0.09546883,0.09535747,0.8091738
399,0.09478548,0.09530337,0.8099112
400,0.09404743,0.09514479,0.8108078
401,0.09335268,0.09490535,0.8117419
402,0.09274098,0.09474457,0.8125144
403,0.09224117,0.09474833,0.8130105
404,0.09189462,0.09506667,0.8130387
405,0.09170644,0.09557202,0.8127216
406,0.09168141,0.09625041,0.8120682
407,0.09181618,0.09705564,0.8111282
408,0.09209957,0.09792759,0.8099728
409,0.09486824,0.09812474,0.807007
410,0.1007409,0.1010265,0.7982326
411,0.1038729,0.1014555,0.7946717
412,0.10542,0.1013761,0.7932039
413,0.1059049,0.1006049,0.7934902
414,0.1057082,0.09947856,0.7948132
415,0.105107,0.09831078,0.7965823
416,0.1043229,0.09730645,0.7983707
417,0.1034595,0.0965113,0.8000292
418,0.1025778,0.09591268,0.8015095
419,0.10171,0.09548513,0.8028049
420,0.1008717,0.09520108,0.8039272
421,0.09511314,0.09433061,0.8105563
422,0.09418663,0.09465916,0.8111542
423,0.09318465,0.09458598,0.8122293
424,0.09237117,0.09470478,0.812924
425,0.09175087,0.09502608,0.8132231
426,0.09131637,0.09555338,0.8131303
427,0.09106964,0.09631634,0.812614
428,0.09101341,0.09736803,0.8116185
429,0.09117255,0.09880906,0.8100184
430,0.0915537,0.1006337,0.8078126
431,0.09215526,0.1027546,0.8050901
432,0.09296571,0.105002,0.8020323
433,0.05787167,0.1074434,0.8346849
434,0.05196981,0.1098778,0.8381524
435,0.04599021,0.1087524,0.8452573
436,0.04173661,0.1096144,0.848649
437,0.03898515,0.1120898,0.8489251
438,0.037722,0.1154396,0.8468384
439,0.03802537,0.1187748,0.8431998
440,0.04002661,0.1215886,0.8383847
441,0.04360904,0.1229648,0.8334261
442,0.04842183,0.1231062,0.828472
443,0.05388968,0.1223348,0.8237755
444,0.05933746,0.1209823,0.8196802
445,0.04106174,0.1169444,0.8419939
446,0.03284587,0.1176595,0.8494947
447,0.02804078,0.1167909,0.8551684
448,0.02510681,0.1158094,0.8590838
449,0.02326461,0.1148336,0.8619018
450,0.02209925,0.1138498,0.8640509
451,0.02137094,0.1128452,0.8657838
452,0.02091499,0.1117208,0.8673642
453,0.02063615,0.1105568,0.8688071
454,0.02046904,0.1093533,0.8701776
455,0.0203666,0.1081204,0.871513
456,0.0202945,0.1068696,0.8728358
457,0.05897326,0.1066214,0.8344054
458,0.08220837,0.1022156,0.815576
459,0.09226044,0.1002405,0.8074991
460,0.09544533,0.09887324,0.8056814
461,0.09599174,0.0975653,0.8064429
462,0.09543963,0.09626967,0.8082907
463,0.09438726,0.09502037,0.8105924
464,0.09307945,0.09382704,0.8130935
465,0.09163833,0.09273412,0.8156275
466,0.09012426,0.09176091,0.8181148
467,0.08857465,0.09092744,0.8204979
468,0.08704306,0.0902788,0.8226781
469,0.08125819,0.09043537,0.8283065
470,0.08258997,0.09294982,0.8244603
471,0.08360882,0.09211762,0.8242736
472,0.08396812,0.09159656,0.8244353
473,0.08377718,0.09122325,0.8249995
474,0.08322106,0.09085342,0.8259255
475,0.08244136,0.090514,0.8270446
476,0.08152359,0.09030135,0.8281751
477,0.08053514,0.09027972,0.8291851
478,0.0795408,0.0904736,0.8299856
479,0.07858169,0.0908676,0.8305507
480,0.07768848,0.09143735,0.8308741
481,0.1081631,0.09281572,0.7990212
482,0.09714925,0.09096652,0.8118843
483,0.09240419,0.09188239,0.8157134
484,0.09014743,0.09196667,0.8178859
485,0.0890998,0.09198312,0.8189171
486,0.0888436,0.09245081,0.8187056
487,0.08919571,0.09375245,0.8170518
488,0.09020536,0.09666125,0.8131334
489,0.09165965,0.1008874,0.8074529
490,0.09349856,0.1061228,0.8003786
491,0.09565908,0.1115371,0.7928038
492,0.0980805,0.1161202,0.7857994
493,0.1060951,0.1177256,0.7761793
494,0.1128326,0.1197871,0.7673802
495,0.1171514,0.1201003,0.7627483
496,0.1196068,0.1186019,0.7617912
497,0.1205468,0.1161027,0.7633505
498,0.1204071,0.1134044,0.7661886
499,0.1196052,0.1109066,0.7694882
500,0.1184279,0.108706,0.7728661
501,0.117143,0.1068579,0.7759991
502,0.1158728,0.1053145,0.7788127
503,0.1146717,0.1040242,0.7813041
504,0.1135497,0.1029275,0.7835227
505,0.10789,0.1022679,0.7898421
506,0.1024501,0.09994066,0.7976093
507,0.09937938,0.0991925,0.8014281
508,0.09745809,0.09893291,0.803609
509,0.09619671,0.09889216,0.8049112
510,0.095373,0.09903367,0.8055934
511,0.0948966,0.09943005,0.8056733
512,0.09487079,0.1004513,0.8046779
513,0.0951703,0.1019272,0.8029025
514,0.09578826,0.1039256,0.8002861
515,0.09671099,0.1063602,0.7969288
516,0.09791564,0.1089909,0.7930935
517,0.1015623,0.1088959,0.7895418
518,0.1083479,0.1126633,0.7789888
519,0.1122759,0.1141772,0.7735469
520,0.1145817,0.1141783,0.7712401
521,0.1155762,0.1127551,0.7716687
522,0.1156221,0.110724,0.7736539
523,0.1150562,0.1086428,0.776301
524,0.1141294,0.1066993,0.7791712
525,0.1130303,0.1050141,0.7819555
526,0.1118659,0.1035747,0.7845594
527,0.1106913,0.1023482,0.7869605
528,0.1095303,0.101298,0.7891718
529,0.1030774,0.1012527,0.7956699
530,0.09889343,0.09930312,0.8018035
531,0.09619121,0.09835902,0.8054497
532,0.09424658,0.09776588,0.8079875
533,0.09277372,0.0973948,0.8098315
534,0.09165364,0.09726345,0.811083
535,0.09085321,0.09746618,0.8116806
536,0.09040671,0.09837753,0.8112158
537,0.09031421,0.09998469,0.8097011
538,0.09058954,0.1024394,0.8069711
539,0.09123306,0.1057107,0.8030563
540,0.09223627,0.1095325,0.7982313
541,0.1015198,0.1161535,0.7823267
542,0.09847439,0.1183203,0.7832053
543,0.0983403,0.1204136,0.7812461
544,0.09923953,0.1216982,0.7790623
545,0.1007596,0.1227876,0.7764528
546,0.1026459,0.1236319,0.7737221
547,0.1046862,0.12405,0.7712638
548,0.1066613,0.1238783,0.7694603
549,0.1084069,0.1232358,0.7683573
550,0.1097959,0.1222173,0.7679868
551,0.1107619,0.1209451,0.7682929
552,0.1112961,0.1195253,0.7691787
553,0.1067423,0.1173417,0.7759159
554,0.106369,0.1163061,0.7773249
555,0.1058528,0.1147234,0.7794238
556,0.1052144,0.1132511,0.7815346
557,0.1044771,0.1119144,0.7836085
558,0.1036803,0.1107113,0.7856084
559,0.1028557,0.1096384,0.7875059
560,0.1020162,0.1086609,0.7893229
561,0.101178,0.1077989,0.7910231
562,0.100346,0.1070343,0.7926196
563,0.09952369,0.106361,0.7941153
564,0.09871475,0.1057769,0.7955084
565,0.1039793,0.1058153,0.7902054
566,0.1064562,0.1059911,0.7875527
567,0.107334,0.1054541,0.7872119
568,0.1073593,0.1048092,0.7878315
569,0.1069173,0.1041065,0.7889762
570,0.1062237,0.1034085,0.7903678
571,0.105406,0.1027794,0.7918145
572,0.1045422,0.102268,0.7931899
573,0.1036857,0.1019004,0.7944137
574,0.1028683,0.101688,0.7954437
575,0.1021149,0.1016399,0.7962451
576,0.101447,0.10176,0.796793
577,0.1051427,0.1048365,0.7900208
578,0.1050896,0.1043826,0.7905279
579,0.1053307,0.1051538,0.7895154
580,0.10557,0.1060985,0.7883314
581,0.105849,0.1071449,0.787006
582,0.1062022,0.1082797,0.7855181
583,0.1066477,0.1094846,0.7838677
584,0.1071842,0.1106928,0.782123
585,0.1078303,0.1119707,0.7801989
586,0.1085757,0.1132403,0.778184
587,0.1094036,0.1144238,0.7761726
588,0.1102881,0.1154494,0.7742625
589,0.1159742,0.1165605,0.7674652
590,0.1159583,0.1168539,0.7671877
591,0.1166548,0.1173267,0.7660185
592,0.1173415,0.1174425,0.7652159
593,0.1179461,0.1173812,0.7646728
594,0.1184357,0.1172061,0.7643582
595,0.1187939,0.1169435,0.7642626
596,0.1190122,0.1165982,0.7643896
597,0.1191038,0.1162253,0.7646709
598,0.1190788,0.1158343,0.7650869
599,0.1189526,0.1154393,0.7656081
600,0.1187429,0.1150534,0.7662037
601,0.1189369,0.1138745,0.7671887
602,0.120596,0.1142058,0.7651982
603,0.120929,0.1137595,0.7653115
604,0.1206932,0.1131612,0.7661456
605,0.120117,0.112436,0.7674469
606,0.1193442,0.1116594,0.7689964
607,0.1184726,0.1108993,0.7706281
608,0.1175574,0.1101664,0.7722762
609,0.1166484,0.109524,0.7738276
610,0.1157697,0.1089722,0.7752581
611,0.1149392,0.108513,0.7765478
612,0.1141715,0.1081491,0.7776794
613,0.1053734,0.108699,0.7859276
614,0.1028606,0.1080493,0.7890902
615,0.1008177,0.107158,0.7920243
616,0.09945824,0.1066481,0.7938937
617,0.09866799,0.1066738,0.7946582
618,0.09837118,0.1074013,0.7942275
619,0.09851647,0.1089679,0.7925155
620,0.09910071,0.111589,0.7893102
621,0.1000451,0.1148356,0.7851193
622,0.1013263,0.1182937,0.7803801
623,0.1029031,0.1214156,0.7756813
624,0.1047117,0.1237564,0.7715319
625,0.1033511,0.125039,0.7716098
626,0.1058548,0.1257065,0.7684386
627,0.1078778,0.1254525,0.7666698
628,0.1096191,0.124893,0.765488
629,0.1109997,0.1240753,0.7649249
630,0.1119743,0.123105,0.7649207
631,0.1125401,0.1220678,0.7653921
632,0.1127702,0.1211306,0.7660992
633,0.1126669,0.1201304,0.7672027
634,0.1122971,0.1191467,0.7685562
635,0.1117268,0.1182065,0.7700667
636,0.1110176,0.1173275,0.7716548
637,0.1118251,0.1175524,0.7706226
638,0.1076953,0.1156721,0.7766325
639,0.1052254,0.115286,0.7794886
640,0.103534,0.1151884,0.7812776
641,0.1023348,0.1153009,0.7823643
642,0.1015039,0.115631,0.782865
643,0.1009837,0.1161929,0.7828234
644,0.1007111,0.1168571,0.7824318
645,0.1007131,0.1177853,0.7815017
646,0.1009804,0.1188937,0.780126
647,0.1015045,0.1200952,0.7784003
648,0.1022667,0.1212816,0.7764516
649,0.1001122,0.1206606,0.7792273
650,0.1049438,0.1230025,0.7720537
651,0.1082281,0.1231126,0.7686593
652,0.11055,0.1227964,0.7666536
653,0.1119603,0.1217723,0.7662674
654,0.1125708,0.1203263,0.767103
655,0.1125353,0.1187436,0.768721
656,0.1120198,0.1172005,0.7707797
657,0.1111583,0.1157265,0.7731151
658,0.1100672,0.1143578,0.775575
659,0.1088349,0.1131058,0.7780593
660,0.107523,0.1119675,0.7805095
661,0.1175065,0.1117308,0.7707627
662,0.1147253,0.1099709,0.7753038
663,0.1131657,0.1095223,0.777312
664,0.1118914,0.1089305,0.7791781
665,0.110754,0.1083169,0.7809291
666,0.1097438,0.1077844,0.7824719
667,0.1088818,0.1073949,0.7837232
668,0.1082,0.1072138,0.7845861
669,0.1077474,0.1073674,0.7848852
670,0.1075541,0.1079443,0.7845016
671,0.1076403,0.1090179,0.7833418
672,0.1080092,0.1106058,0.7813849
673,0.09924546,0.1105897,0.7901648
674,0.1034063,0.1138942,0.7826995
675,0.1051901,0.1162269,0.778583
676,0.106781,0.1187247,0.7744942
677,0.1082391,0.1204523,0.7713086
678,0.10956,0.1212391,0.7692009
679,0.1107018,0.1212679,0.7680302
680,0.1116658,0.1209553,0.7673789
681,0.1123627,0.1202765,0.7673607
682,0.1127838,0.119428,0.7677883
683,0.1129348,0.118511,0.7685543
684,0.1128435,0.1175867,0.7695698
685,0.1088743,0.1170634,0.7740623
686,0.107493,0.1160149,0.7764922
687,0.1063819,0.1151656,0.7784525
688,0.1054997,0.1146079,0.7798924
689,0.1047843,0.1142777,0.780938
690,0.1041984,0.1141238,0.7816778
691,0.1037233,0.1141138,0.7821628
692,0.1033184,0.1141174,0.7825643
693,0.103018,0.114283,0.782699
694,0.1028196,0.1145693,0.7826111
695,0.1027255,0.1149594,0.782315
696,0.1027351,0.115433,0.7818319
697,0.1193265,0.1135992,0.7670742
698,0.125502,0.1154369,0.7590612
699,0.128433,0.1167738,0.7547931
700,0.1294128,0.1166989,0.7538883
701,0.128913,0.115248,0.755839
702,0.127544,0.1132175,0.7592386
703,0.1257516,0.1111173,0.7631311
704,0.1237959,0.109152,0.7670521
705,0.1217958,0.107339,0.7708651
706,0.1197935,0.1056277,0.7745787
707,0.1177865,0.1039188,0.7782947
708,0.1157571,0.1020773,0.7821656
709,0.1119228,0.1016465,0.7864307
710,0.103905,0.0980328,0.7980622
711,0.09849396,0.09148489,0.8100211
712,0.09458153,0.07988983,0.8255287
713,0.09248571,0.05924144,0.8482729
714,0.09339566,0.02248579,0.8841186
715,0.09552653,1.370549E-21,0.9044735
716,0.08011422,0.2044611,0.7154247
717,0.07079428,0.2464346,0.6827711
718,0.07235913,0.2787282,0.6489127
719,0.1073282,0.03587597,0.8567958
720,0.09241986,0.2527249,0.6548553
721,0.09076034,0.2478495,0.6613901
722,0.09815819,0.2253978,0.676444
723,0.1073092,0.1915021,0.7011887
724,0.1166823,0.162585,0.7207326
725,0.1236723,0.1465116,0.7298161
726,0.1282547,0.1389826,0.7327626
727,0.1309196,0.1349104,0.73417
728,0.1319467,0.1318947,0.7361587
729,0.1316242,0.1292674,0.7391083
730,0.1302103,0.1267364,0.7430534
731,0.1280357,0.1242768,0.7476875
732,0.1254571,0.1219521,0.7525907
733,0.1270084,0.1206668,0.7523248
734,0.1247603,0.1186621,0.7565776
735,0.1226937,0.1171277,0.7601786
736,0.1207159,0.1157056,0.7635785
737,0.1188421,0.1143802,0.7667776
738,0.1170646,0.1130883,0.7698471
739,0.1154189,0.1119048,0.7726763
740,0.1139228,0.1108447,0.7752324
741,0.1125884,0.1098841,0.7775275
742,0.111448,0.109063,0.779489
743,0.1105395,0.1084521,0.7810084
744,0.1099037,0.1081681,0.7819281
745,0.1004801,0.1104766,0.7890433
746,0.09883942,0.1111062,0.7900544
747,0.09705943,0.1105552,0.7923855
748,0.0961471,0.1108352,0.7930177
749,0.09605009,0.1128009,0.791149
750,0.09667499,0.1168496,0.7864754
751,0.09796491,0.122506,0.7795291
752,0.09985045,0.1280787,0.7720708
753,0.1023796,0.1324177,0.7652026
754,0.1054422,0.1346164,0.7599414
755,0.1088103,0.1348324,0.7563573
756,0.1121807,0.1338156,0.7540038
757,0.1305666,0.1299532,0.7394802
758,0.1387187,0.1296707,0.7316107
759,0.1429659,0.1280998,0.7289343
760,0.1445477,0.1256918,0.7297605
761,0.144142,0.1229135,0.7329445
762,0.1422709,0.1200489,0.7376802
763,0.1393937,0.1172232,0.7433832
764,0.1360043,0.1146392,0.7493565
765,0.1324317,0.1122119,0.7553563
766,0.1289259,0.1099743,0.7610999
767,0.1255734,0.1078628,0.7665638
768,0.1223513,0.1057506,0.771898
769,0.1101326,0.1030357,0.7868317
770,0.1056687,0.09986047,0.7944708
771,0.101245,0.09490187,0.8038532
772,0.09718389,0.08710595,0.8157102
773,0.0937708,0.07396204,0.8322672
774,0.091769,0.05055617,0.8576748
775,0.09253535,0.008711947,0.8987527
776,0.09107082,0.01905761,0.8898715
777,0.09158096,1.418001E-21,0.908419
778,0.07436875,0.2364843,0.6891469
779,0.06600325,0.2807505,0.6532462
780,0.09944245,0.02943201,0.8711255
781,0.09816102,0.2614833,0.6403557
782,0.1073519,0.2347568,0.6578914
783,0.110609,0.2416342,0.6477568
784,0.1213982,0.2107003,0.6679015
785,0.1316338,0.1715693,0.6967969
786,0.1383261,0.1459851,0.7156889
787,0.1414706,0.1341356,0.7243938
788,0.1423737,0.1285472,0.7290791
789,0.1415435,0.1248152,0.7336413
790,0.1393082,0.1215986,0.7390932
791,0.1360248,0.1185119,0.7454633
792,0.1321818,0.1155404,0.7522778
793,0.1294519,0.1121745,0.7583737
794,0.1253971,0.1095586,0.7650443
795,0.1217633,0.1069114,0.7713253
796,0.1183672,0.1039834,0.7776495
797,0.1151178,0.1005079,0.7843744
798,0.1119427,0.09594709,0.7921102
799,0.1088414,0.08930273,0.8018559
800,0.1060658,0.07911611,0.8148181
801,0.1041602,0.06274495,0.8330948
802,0.1040869,0.0355593,0.8603538
803,0.1064329,1.108769E-21,0.8935671
804,0.09071019,0.1912637,0.718026
805,0.07160413,0.2311499,0.6972461
806,0.06903381,0.289499,0.6414672
807,0.08965718,0.04283875,0.867504
808,0.0634302,0.3063596,0.6302102
809,0.1081961,0.0214332,0.8703707
810,0.09121095,0.2760736,0.6327155
811,0.1265774,0.04409418,0.8293284
812,0.1075831,0.2153641,0.6770528
813,0.1150489,0.1967046,0.6882465
814,0.1233544,0.170567,0.7060786
815,0.1300542,0.1522551,0.7176908
816,0.1345278,0.1428084,0.7226638
817,0.1363361,0.1379998,0.7256641
818,0.1383172,0.1350814,0.7266014
819,0.1390795,0.1328022,0.7281182
820,0.1388747,0.1307919,0.7303333
821,0.1378198,0.1288417,0.7333385
822,0.1360264,0.1268577,0.7371159
823,0.1336707,0.1248702,0.7414591
824,0.1309517,0.1229084,0.7461399
825,0.128051,0.1209585,0.7509905
826,0.1251034,0.1189695,0.7559271
827,0.1222484,0.117021,0.7607306
828,0.1195096,0.1149811,0.7655094
829,0.1241744,0.1120451,0.7637805
830,0.1248797,0.1106197,0.7645006
831,0.1245499,0.1097236,0.7657264
832,0.1239101,0.1091386,0.7669514
833,0.1229362,0.1083369,0.7687269
834,0.1217355,0.1071701,0.7710944
835,0.1204556,0.1056422,0.7739022
836,0.1192316,0.1037929,0.7769756
837,0.1181645,0.1016284,0.780207
838,0.1173751,0.09921404,0.7834108
839,0.1169809,0.09670936,0.7863098
840,0.1170565,0.09434076,0.7886027
841,0.1075063,0.09327023,0.7992235
842,0.1092305,0.09301211,0.7977573
843,0.1085797,0.08911178,0.8023086
844,0.1089629,0.08423202,0.8068051
845,0.1105269,0.08070704,0.8087661
846,0.1127434,0.08110692,0.8061496
847,0.114946,0.08721505,0.797839
848,0.1166986,0.09869307,0.7846083
849,0.1180334,0.1129767,0.7689899
850,0.1192594,0.1260207,0.7547199
851,0.1207346,0.1347887,0.7444768
852,0.1225616,0.1386916,0.7387468
853,0.1269943,0.1387134,0.7342923
854,0.1289385,0.1374159,0.7336456
855,0.1306551,0.1357691,0.7335757
856,0.1317522,0.1340232,0.7342246
857,0.1322193,0.132387,0.7353936
858,0.1321148,0.1308921,0.7369931
859,0.1315317,0.1295154,0.7389529
860,0.1305589,0.1281794,0.7412618
861,0.12934,0.1269388,0.7437211
862,0.1279797,0.125782,0.7462382
863,0.126561,0.1247037,0.7487352
864,0.1251388,0.123691,0.7511702
865,0.1237465,0.1225577,0.7536958
866,0.12225,0.1216255,0.7561245
867,0.120894,0.1206608,0.7584451
868,0.1196607,0.1196735,0.7606659
869,0.1185596,0.1186696,0.7627707
870,0.1176223,0.1176672,0.7647105
871,0.116886,0.1167064,0.7664077
872,0.1164298,0.115987,0.7675833
873,0.1162362,0.1155064,0.7682574
874,0.11634,0.1154575,0.7682025
875,0.1167343,0.116033,0.7672327
876,0.1173904,0.117412,0.7651975
877,0.1202931,0.1173595,0.7623474
878,0.1238157,0.1199781,0.7562062
879,0.1269618,0.1252258,0.7478124
880,0.1291508,0.1300621,0.7407871
881,0.1305136,0.133033,0.7364535
882,0.1313228,0.1341072,0.7345701
883,0.1317408,0.1338602,0.734399
884,0.1318079,0.1328332,0.7353589
885,0.1315873,0.13152,0.7368928
886,0.1310942,0.1301152,0.7387906
887,0.1303656,0.128706,0.7409285
888,0.1294477,0.1273218,0.7432305
889,0.1322706,0.1270218,0.7407076
890,0.1287707,0.1255469,0.7456825
891,0.1266746,0.1239605,0.7493649
892,0.125062,0.1222416,0.7526963
893,0.1237996,0.120554,0.7556464
894,0.1228619,0.1189811,0.758157
895,0.1222596,0.1175968,0.7601436
896,0.1220571,0.1166421,0.7613009
897,0.1222297,0.1162462,0.7615241
898,0.1227764,0.1166627,0.760561
899,0.1236432,0.1181016,0.7582552
900,0.1247444,0.12065,0.7546056
901,0.1083312,0.1239405,0.7677283
902,0.1166654,0.127886,0.7554486
903,0.1192521,0.1316003,0.7491477
904,0.1210477,0.1355847,0.7433676
905,0.1225952,0.1388729,0.7385319
906,0.1240653,0.1410021,0.7349326
907,0.1254848,0.1419776,0.7325376
908,0.1267928,0.1420244,0.7311828
909,0.1279514,0.1415336,0.7305151
910,0.1288837,0.1407463,0.7303699
911,0.1295502,0.1398301,0.7306196
912,0.1299317,0.1388686,0.7311997
913,0.1384723,0.1396832,0.7218444
914,0.1314658,0.1382704,0.7302638
915,0.1279754,0.136743,0.7352816
916,0.1257267,0.1352,0.7390733
917,0.1241816,0.1339604,0.7418579
918,0.1231472,0.1331361,0.7437168
919,0.1225435,0.1327851,0.7446713
920,0.1222782,0.1328075,0.7449143
921,0.1223574,0.1333528,0.7442898
922,0.1227256,0.1343554,0.742919
923,0.1233357,0.1356939,0.7409704
924,0.1241416,0.1371862,0.7386723
925,0.1173717,0.1391888,0.7434395
926,0.1198389,0.1403967,0.7397645
927,0.12089,0.1407915,0.7383186
928,0.1219698,0.1412348,0.7367954
929,0.1231269,0.1415471,0.735326
930,0.1243181,0.1416542,0.7340277
931,0.1254822,0.1415545,0.7329633
932,0.1265766,0.1413328,0.7320907
933,0.1275019,0.140886,0.7316121
934,0.1282181,0.1402828,0.7314991
935,0.1286957,0.1395687,0.7317357
936,0.1289201,0.1387711,0.7323088
937,0.1316203,0.1372522,0.7311276
938,0.1323996,0.1365532,0.7310472
939,0.1325396,0.1357231,0.7317374
940,0.1321726,0.134702,0.7331254
941,0.1313832,0.1335045,0.7351122
942,0.130254,0.1321806,0.7375654
943,0.1288649,0.1307776,0.7403575
944,0.1272487,0.1292054,0.7435459
945,0.1255277,0.1276315,0.7468409
946,0.1237653,0.12605,0.7501847
947,0.1220375,0.1244874,0.753475
948,0.1204157,0.1229815,0.7566028
949,0.1207454,0.1213477,0.7579069
950,0.1198754,0.120189,0.7599356
951,0.1193853,0.1197897,0.760825
952,0.1190658,0.1198586,0.7610757
953,0.1189044,0.1203447,0.7607509
954,0.1189083,0.1212423,0.7598494
955,0.1190785,0.1225357,0.7583858
956,0.119505,0.1245372,0.7559578
957,0.1200527,0.1267064,0.7532408
958,0.1207355,0.1288677,0.7503967
959,0.1215297,0.1308045,0.7476657
960,0.1224036,0.1323378,0.7452586
961,0.1306248,0.1322142,0.737161
962,0.1310506,0.1328508,0.7360986
963,0.1324342,0.1337246,0.7338412
964,0.1334539,0.1337494,0.7327967
965,0.1340414,0.1331346,0.732824
966,0.1342345,0.1321751,0.7335903
967,0.1340776,0.1310718,0.7348506
968,0.133569,0.1298229,0.736608
969,0.1328191,0.1286339,0.7385471
970,0.1318559,0.127476,0.7406681
971,0.1307314,0.1263417,0.7429268
972,0.1295003,0.125224,0.7452757
973,0.1267379,0.1216576,0.7516046
974,0.130685,0.1212158,0.7480991
975,0.1321795,0.1218096,0.7460109
976,0.132652,0.1225221,0.7448258
977,0.1322155,0.1225716,0.745213
978,0.1311448,0.1219279,0.7469272
979,0.1296801,0.1207391,0.7495808
980,0.1280511,0.1192729,0.7526761
981,0.1263162,0.1174367,0.756247
982,0.1245946,0.1152315,0.7601739
983,0.1229806,0.1125813,0.7644381
984,0.1215753,0.1093536,0.769071
985,0.1282828,0.1113304,0.7603868
986,0.119328,0.1094057,0.7712662
987,0.1109834,0.0972509,0.7917657
988,0.106503,0.07234236,0.8211547
989,0.1080974,0.02817085,0.8637317
990,0.1131429,1.414835E-21,0.8868571
991,0.09460196,0.2324462,0.6729518
992,0.08474097,0.2820017,0.6332573
993,0.1168753,0.0637501,0.8193746
994,0.1013238,0.2556784,0.6429977
995,0.1069085,0.2691256,0.6239659
996,0.1122731,0.2562583,0.6314685
997,0.1228421,0.2148714,0.6622865
998,0.1408924,0.1778944,0.6812133
999,0.1523668,0.1561991,0.6914341
1000,0.1572987,0.1456333,0.6970681
1001,0.1589473,0.1405009,0.7005517
1002,0.158993,0.1374777,0.7035293
1003,0.1578631,0.1351122,0.7070248
1004,0.1554586,0.1326701,0.7118714
1005,0.1516173,0.1297601,0.7186226
1006,0.1464326,0.1262403,0.7273271
1007,0.1403536,0.1221887,0.7374576
1008,0.1338477,0.1176113,0.748541
1009,0.1280204,0.112977,0.7590025
1010,0.1167771,0.1047386,0.7784843
1011,0.10553,0.09017868,0.8042912
1012,0.09205706,0.05835359,0.8495894
1013,0.07565054,1.184488E-21,0.9243494
1014,0.05171419,0.2151221,0.7331637
1015,0.007056643,0.279375,0.7135684
1016,0.1191353,0.08358417,0.7972805
1017,0.009908299,0.1191043,0.8709874
1018,0.1462042,0.08821471,0.7655811
1019,0.155726,0.06823713,0.7760368
1020,0.1629061,0.06069846,0.7763955
1021,0.155657,0.06430666,0.7800363
1022,0.1272765,0.2248386,0.647885
1023,0.1557708,0.03887694,0.8053522
1024,0.1180004,0.2660858,0.6159137
1025,0.1212781,0.2569387,0.6217833
1026,0.1270932,0.2286309,0.644276
1027,0.1359296,0.1878868,0.6761836
1028,0.142505,0.1604796,0.6970153
1029,0.1459281,0.1477528,0.7063191
1030,0.147419,0.1420508,0.7105302
1031,0.1477823,0.1388815,0.7133363
1032,0.1473397,0.1365923,0.716068
1033,0.1437238,0.1350663,0.7212099
1034,0.140613,0.1328361,0.7265509
1035,0.137438,0.1307211,0.7318408
1036,0.1338027,0.1282247,0.7379726
1037,0.1296568,0.1251842,0.745159
1038,0.1250461,0.1212971,0.7536569
1039,0.1201476,0.1161255,0.763727
1040,0.1152552,0.1088489,0.775896
1041,0.1109604,0.09842122,0.7906183
1042,0.1079841,0.08258022,0.8094357
1043,0.1075067,0.05855314,0.8339401
1044,0.1105411,0.02368727,0.8657717
1045,0.1302236,1.221957E-21,0.8697764
1046,0.1093144,0.2041196,0.6865659
1047,0.1078174,0.228427,0.6637556
1048,0.1137503,0.2515289,0.6347207
1049,0.1190796,0.2578927,0.6230277
1050,0.1239696,0.2482143,0.6278161
1051,0.1292762,0.2268962,0.6438276
1052,0.1352292,0.1981254,0.6666453
1053,0.1401979,0.1712217,0.6885804
1054,0.1431701,0.1522824,0.7045475
1055,0.1441647,0.1410625,0.7147728
1056,0.1436707,0.1345841,0.7217453
1057,0.1324914,0.1336501,0.7338585
1058,0.1267879,0.1292022,0.7440098
1059,0.1206271,0.1237628,0.7556101
1060,0.1147615,0.1171825,0.768056
1061,0.1092887,0.1080493,0.782662
1062,0.104702,0.09397771,0.8013203
1063,0.1020188,0.07058738,0.8273938
1064,0.1028926,0.03048079,0.8666266
1065,0.1058317,1.368019E-21,0.8941684
1066,0.08689621,0.2235218,0.689582
1067,0.07548861,0.2732041,0.6513073
1068,0.1013619,0.06783264,0.8308054
1069,0.09713058,0.2652637,0.6376057
1070,0.1078943,0.252455,0.6396508
1071,0.1202011,0.2125001,0.6672987
1072,0.1206252,0.2486892,0.6306856
1073,0.131102,0.214627,0.6542709
1074,0.1398455,0.1778318,0.6823227
1075,0.1454039,0.1556089,0.6989871
1076,0.1480249,0.1456101,0.706365
1077,0.1489473,0.1410453,0.7100073
1078,0.1487978,0.1383556,0.7128466
1079,0.1477972,0.1362325,0.7159703
1080,0.1460039,0.1341742,0.7198219
1081,0.1435291,0.1319765,0.7244945
1082,0.1379296,0.1288307,0.7332397
1083,0.1325245,0.1253079,0.7421676
1084,0.1267497,0.1207699,0.7524804
1085,0.1207257,0.1147666,0.7645077
1086,0.1146961,0.1062324,0.7790715
1087,0.1090733,0.09292312,0.7980036
1088,0.1048741,0.07086965,0.8242563
1089,0.1037715,0.03195752,0.864271
1090,0.1048139,1.301948E-21,0.8951861
1091,0.08660181,0.2249352,0.688463
1092,0.0700309,0.2794363,0.6505327
1093,0.07824956,0.06689738,0.854853
1094,0.07385696,0.2861093,0.6400338
1095,0.1211328,0.0468892,0.831978
1096,0.1001877,0.2774743,0.6223381
1097,0.1448511,0.04627684,0.808872
1098,0.1222672,0.2184483,0.6592845
1099,0.1302732,0.2005625,0.6691643
1100,0.1364906,0.1731469,0.6903625
1101,0.1411445,0.1539085,0.7049471
1102,0.1436714,0.1439272,0.7124014
1103,0.1446228,0.138853,0.7165242
1104,0.1444256,0.1357289,0.7198455
1105,0.1438642,0.1331195,0.7230164
1106,0.1418824,0.13078,0.7273375
1107,0.1389436,0.1282184,0.7328379
1108,0.1352106,0.1253138,0.7394757
1109,0.1309108,0.1219684,0.7471208
1110,0.1263242,0.1181257,0.7555501
1111,0.1216042,0.113371,0.7650248
1112,0.1168039,0.1067373,0.7764588
1113,0.1122374,0.09712048,0.7906421
1114,0.108228,0.08161337,0.8101587
1115,0.1058389,0.05537251,0.8387886
1116,0.1066056,0.008955593,0.8844388
1117,0.09420781,0.01080335,0.8949889
1118,0.1011164,1.263116E-21,0.8988836
1119,0.08196227,0.2332435,0.6847943
1120,0.06600365,0.3137589,0.6202375
