EwEVersion,"6.5.13829.0 (compiled 2016-05-17)"
Date,"2016-09-06 18:34:59"
ModelName,Baltic_Proper-SEALS
EcosimScenario,Proper1_SealVuln100_19742100_seal1_cofF1
TimeSeries,new_data_weights_19742100_BAU_WAR1_codF1_seal1
StartYear,1974

Data,"Prey of Acartia sp"

TimeStep,"Cyanobacteria","Phytoplankton","microzooplankton","Detritus-water column",
1,0.04394565,0.4587057,0.1890948,0.3082538
2,0.04065174,0.4814015,0.1915262,0.2864206
3,0.03890169,0.4892607,0.1962595,0.2755781
4,0.03794188,0.4911174,0.2007448,0.2701958
5,0.0374104,0.4906536,0.2042704,0.2676655
6,0.03711492,0.4894504,0.206808,0.2666267
7,0.03694871,0.4881553,0.2085525,0.2663436
8,0.03685172,0.4869973,0.2097357,0.2664154
9,0.03679014,0.4860257,0.2105572,0.266627
10,0.03674531,0.4852207,0.2111676,0.2668664
11,0.03670709,0.4845434,0.2116713,0.2670781
12,0.03667014,0.4839561,0.212137,0.2672368
13,0.03723703,0.47719,0.213836,0.271737
14,0.03760064,0.4737921,0.2139589,0.2746484
15,0.03780521,0.4721584,0.2137521,0.2762842
16,0.03790588,0.4713916,0.2135983,0.2771041
17,0.03794045,0.4710136,0.213635,0.277411
18,0.03793459,0.4707833,0.2138752,0.277407
19,0.0379053,0.4705904,0.2142792,0.2772252
20,0.03786375,0.4703922,0.2147903,0.2769538
21,0.03781743,0.4701794,0.2153495,0.2766536
22,0.03777155,0.4699568,0.2159024,0.2763692
23,0.03772984,0.4697342,0.2164015,0.2761345
24,0.03769502,0.4695218,0.2168079,0.2759753
25,0.03426526,0.5040089,0.2107146,0.2510113
26,0.03236579,0.5160368,0.2140065,0.2375909
27,0.03137812,0.5193012,0.2180539,0.2312668
28,0.03084611,0.5193328,0.2214599,0.2283612
29,0.03056454,0.5183072,0.2238341,0.2272941
30,0.03041968,0.5170907,0.2252951,0.2271946
31,0.03034733,0.5159851,0.2260927,0.2275748
32,0.03031154,0.5150591,0.2264635,0.2281659
33,0.03029262,0.5142942,0.2265885,0.2288246
34,0.03027974,0.5136489,0.2265972,0.2294741
35,0.03026743,0.5130825,0.226572,0.2300782
36,0.03025313,0.5125633,0.2265615,0.230622
37,0.03094405,0.5038384,0.2288121,0.2364055
38,0.03138728,0.4996699,0.2287515,0.2401912
39,0.03164776,0.4977755,0.2280981,0.2424786
40,0.03178926,0.4969531,0.2274488,0.2438088
41,0.03185616,0.4965828,0.227014,0.244547
42,0.03187811,0.4963668,0.2268226,0.2449326
43,0.03187414,0.4961761,0.2268328,0.2451169
44,0.03185602,0.495965,0.2269864,0.2451926
45,0.0318309,0.4957247,0.2272288,0.2452156
46,0.03180355,0.4954617,0.22751,0.2452248
47,0.03177688,0.495187,0.2277914,0.2452447
48,0.03175272,0.494911,0.2280445,0.2452917
49,0.03247745,0.4859544,0.2305451,0.2510231
50,0.03295469,0.48169,0.2305834,0.2547719
51,0.03324689,0.4798282,0.2298992,0.2570257
52,0.03342063,0.4791375,0.2290812,0.2583606
53,0.0335222,0.4789712,0.2283447,0.2591618
54,0.03358248,0.4790098,0.2277284,0.2596793
55,0.03362081,0.4791077,0.2272067,0.2600648
56,0.0336486,0.479207,0.2267407,0.2604037
57,0.03367213,0.4792896,0.2262989,0.2607393
58,0.03369404,0.4793537,0.2258677,0.2610846
59,0.03371528,0.4794017,0.2254436,0.2614395
60,0.0337359,0.4794365,0.22503,0.2617976
61,0.03403205,0.4756459,0.2262464,0.2640757
62,0.03421653,0.4737742,0.2265789,0.2654304
63,0.03434255,0.4728589,0.2264213,0.2663772
64,0.03442528,0.4724514,0.226107,0.2670163
65,0.03447981,0.4722949,0.2257632,0.2674622
66,0.03451666,0.4722536,0.2254368,0.2677929
67,0.03454266,0.4722598,0.2251405,0.2680571
68,0.03456198,0.4722808,0.2248749,0.2682823
69,0.03457702,0.4723022,0.2246384,0.2684824
70,0.03458934,0.4723182,0.2244262,0.2686663
71,0.03459974,0.4723272,0.2242355,0.2688375
72,0.0346086,0.4723294,0.2240653,0.2689967
73,0.03262585,0.4942941,0.2193491,0.253731
74,0.03146603,0.5027468,0.2207093,0.2450779
75,0.03081843,0.5054563,0.2231152,0.24061
76,0.03045456,0.5058123,0.2253386,0.2383945
77,0.03025031,0.5053021,0.2270411,0.2374064
78,0.03013469,0.5045592,0.228238,0.2370681
79,0.03006675,0.5038275,0.2290534,0.2370524
80,0.03002316,0.5031803,0.2296201,0.2371765
81,0.02999083,0.5026217,0.2300463,0.2373412
82,0.02996263,0.5021331,0.2304095,0.2374947
83,0.02993486,0.5016928,0.2307602,0.2376121
84,0.02990571,0.5012829,0.2311281,0.2376832
85,0.02994863,0.500933,0.2305879,0.2385304
86,0.0299815,0.5007853,0.2299438,0.2392894
87,0.02997912,0.5007199,0.2296602,0.2396408
88,0.02996028,0.5006287,0.2296225,0.2397886
89,0.02993155,0.5004871,0.2297792,0.2398023
90,0.02989605,0.500297,0.2300906,0.2397164
91,0.02985552,0.5000682,0.2305242,0.239552
92,0.02981114,0.499812,0.2310522,0.2393246
93,0.02976395,0.4995385,0.2316494,0.2390482
94,0.02971507,0.4992559,0.2322905,0.2387386
95,0.02966595,0.4989716,0.2329481,0.2384144
96,0.02961832,0.4986922,0.2335917,0.2380978
97,0.0291209,0.5041299,0.2324661,0.2342831
98,0.02881162,0.5062944,0.2328281,0.2320659
99,0.02862099,0.5069795,0.2335572,0.2308423
100,0.02850849,0.5070237,0.234192,0.2302758
101,0.02844643,0.5068311,0.2345869,0.2301356
102,0.02841712,0.5065818,0.2347261,0.2302749
103,0.02840916,0.506346,0.2346461,0.2305987
104,0.02841505,0.5061422,0.2344002,0.2310426
105,0.02842967,0.505967,0.2340426,0.2315608
106,0.0284492,0.50581,0.2336242,0.2321166
107,0.02847075,0.5056607,0.2331878,0.2326808
108,0.02849211,0.5055108,0.2327669,0.2332302
109,0.02939289,0.4947211,0.2349527,0.2409333
110,0.03000434,0.4897247,0.2341204,0.2461506
111,0.03038483,0.4876832,0.2326201,0.2493119
112,0.03061501,0.4870412,0.2311705,0.2511733
113,0.03074966,0.4869917,0.230033,0.2522256
114,0.03082581,0.4871421,0.2292393,0.2527928
115,0.03086722,0.4873196,0.2287346,0.2530787
116,0.03088859,0.4874608,0.2284439,0.2532068
117,0.03089864,0.4875526,0.2282994,0.2532494
118,0.03090241,0.4876009,0.2282501,0.2532467
119,0.0309028,0.4876167,0.2282592,0.2532213
120,0.03090147,0.487611,0.2283013,0.2531862
121,0.03058375,0.4911259,0.2277655,0.2505249
122,0.0303775,0.4925514,0.228262,0.2488092
123,0.03025803,0.4929927,0.228872,0.2478772
124,0.0301883,0.4930175,0.2294167,0.2473776
125,0.03014807,0.4928878,0.229835,0.2471291
126,0.03012499,0.4927207,0.2301311,0.2470232
127,0.03011155,0.492563,0.2303305,0.246995
128,0.03010338,0.4924285,0.230461,0.2470072
129,0.03009798,0.4923175,0.2305456,0.2470389
130,0.03009398,0.492226,0.2306007,0.2470793
131,0.03009066,0.4921491,0.2306378,0.2471224
132,0.03008758,0.4920832,0.2306641,0.2471651
133,0.03245622,0.4607641,0.2410466,0.2657331
134,0.03410712,0.4439659,0.2441227,0.2778043
135,0.03522213,0.4355257,0.2438832,0.2853689
136,0.0359205,0.4317521,0.2428016,0.2895258
137,0.03633386,0.430389,0.2418065,0.2914706
138,0.03656865,0.4301667,0.2411319,0.2921327
139,0.03670169,0.4304277,0.240712,0.2921587
140,0.03678399,0.4308632,0.2403916,0.2919613
141,0.03684702,0.4313464,0.2400241,0.2917826
142,0.03690948,0.4318347,0.2394982,0.2917576
143,0.03698118,0.4323211,0.2387499,0.2919478
144,0.03706646,0.4328103,0.2377527,0.2923705
145,0.03392563,0.4711135,0.2270038,0.2679571
146,0.03223823,0.4863746,0.2258536,0.2555336
147,0.03135712,0.4923238,0.2266227,0.2496963
148,0.03089502,0.4943737,0.2275913,0.24714
149,0.0306543,0.4948366,0.2283037,0.2462054
150,0.0305302,0.4947129,0.2287172,0.2460396
151,0.03046653,0.4944166,0.2289086,0.2462083
152,0.03043335,0.4941018,0.228968,0.2464967
153,0.03041476,0.4938136,0.228968,0.2468036
154,0.0304024,0.4935559,0.2289586,0.2470831
155,0.03039188,0.4933197,0.228972,0.2473164
156,0.0303809,0.4930947,0.2290272,0.2474971
157,0.03591325,0.4244441,0.2478697,0.2917729
158,0.0406526,0.3798555,0.2510134,0.3284785
159,0.04437871,0.3521961,0.2476687,0.3557565
160,0.04711461,0.3361144,0.2424283,0.3743427
161,0.0489948,0.3275612,0.2376478,0.3857963
162,0.05020374,0.3236247,0.2342333,0.3919383
163,0.05092917,0.322316,0.2322779,0.3944769
164,0.05133396,0.3223678,0.2314841,0.3948141
165,0.0515448,0.3230414,0.2314225,0.3939913
166,0.05165258,0.3239493,0.2316742,0.3927239
167,0.05171857,0.3249122,0.2318972,0.391472
168,0.05178118,0.3258604,0.231853,0.3905054
169,0.04780003,0.3701906,0.222041,0.3599684
170,0.04542416,0.3920171,0.2198949,0.3426638
171,0.04434928,0.4023005,0.2170714,0.3362788
172,0.04383363,0.4077517,0.2142759,0.3341389
173,0.04357368,0.4107883,0.2120822,0.3335557
174,0.0434528,0.4125622,0.2103499,0.3336351
175,0.04340393,0.4136642,0.2090256,0.3339062
176,0.04339028,0.4144007,0.2080569,0.3341521
177,0.04339276,0.41493,0.207381,0.3342963
178,0.04340214,0.4153341,0.2069343,0.3343294
179,0.04341395,0.4156577,0.2066617,0.3342667
180,0.04342597,0.4159269,0.2065204,0.3341268
181,0.04220776,0.4297152,0.2033052,0.3247718
182,0.04142166,0.4365282,0.2032194,0.3188306
183,0.04093865,0.4397061,0.2041139,0.3152414
184,0.04064674,0.4410425,0.2052236,0.3130871
185,0.0404721,0.4414963,0.2062549,0.3117767
186,0.04036735,0.4415626,0.2071297,0.3109402
187,0.04030269,0.4414857,0.2078602,0.3103514
188,0.04025964,0.4413771,0.2084888,0.3098744
189,0.04022697,0.4412822,0.2090618,0.3094291
190,0.04019806,0.4412135,0.209618,0.3089705
191,0.040169,0.44117,0.2101873,0.3084736
192,0.04013759,0.4411464,0.2107908,0.3079252
193,0.03938427,0.4492302,0.20938,0.3020055
194,0.03888845,0.4530814,0.2099059,0.2981242
195,0.03856783,0.454784,0.2110559,0.2955923
196,0.03836002,0.4554161,0.2123172,0.2939066
197,0.03822276,0.4555539,0.2134893,0.2927341
198,0.03812899,0.4554915,0.214511,0.2918684
199,0.03806204,0.4553716,0.2153777,0.2911885
200,0.03801207,0.4552572,0.2161031,0.2906276
201,0.03797363,0.4551719,0.216702,0.2901525
202,0.037944,0.455121,0.2171839,0.2897511
203,0.03792201,0.4551025,0.217554,0.2894214
204,0.0379072,0.4551122,0.2178153,0.2891653
205,0.04102196,0.4205553,0.2261107,0.312312
206,0.04337997,0.400734,0.2266718,0.3292142
207,0.04503699,0.3900585,0.2245035,0.3404011
208,0.04614291,0.3848941,0.2216782,0.3472849
209,0.04685022,0.3828492,0.2190982,0.3512025
210,0.04729102,0.3824321,0.2170217,0.3532552
211,0.04756681,0.3827732,0.2154064,0.3542535
212,0.04774882,0.3834043,0.2141051,0.3547418
213,0.04788288,0.3840981,0.212967,0.355052
214,0.04799434,0.384764,0.2118974,0.3553441
215,0.04809593,0.3853748,0.2108496,0.3556796
216,0.04819249,0.3859303,0.2098161,0.3560611
217,0.0444019,0.4265579,0.2007575,0.3282827
218,0.04215796,0.4448633,0.2005583,0.3124205
219,0.04089731,0.452602,0.2025163,0.3039844
220,0.04019001,0.4554935,0.2047272,0.2995893
221,0.03979816,0.4562407,0.2065609,0.2974003
222,0.03958561,0.4561232,0.2078972,0.2963939
223,0.03947352,0.4557269,0.2088017,0.2959979
224,0.03941623,0.4552997,0.2093888,0.2958953
225,0.03938761,0.4549302,0.2097674,0.2959149
226,0.03937285,0.4546363,0.2100241,0.2959667
227,0.03936382,0.4544089,0.2102212,0.2960061
228,0.03935617,0.4542307,0.2104005,0.2960126
229,0.03995072,0.4470218,0.2128022,0.3002254
230,0.04033847,0.4432622,0.2136258,0.3027736
231,0.0405843,0.4413555,0.2138122,0.304248
232,0.04072959,0.4404526,0.2138425,0.3049753
233,0.04080802,0.4400587,0.2139138,0.3052195
234,0.04084403,0.4399018,0.2140857,0.3051685
235,0.04085436,0.4398416,0.2143553,0.3049488
236,0.04085008,0.4398125,0.2146947,0.3046428
237,0.04083842,0.4397883,0.2150693,0.304304
238,0.04082405,0.4397625,0.2154455,0.3039678
239,0.04081006,0.4397377,0.2157944,0.3036579
240,0.04079836,0.4397193,0.2160923,0.30339
241,0.03941545,0.4533568,0.2144177,0.29281
242,0.03852858,0.4592964,0.2160836,0.2860913
243,0.03802151,0.4614986,0.2180271,0.2824528
244,0.03773433,0.4620655,0.2196585,0.2805417
245,0.03757743,0.4619823,0.2208086,0.2796317
246,0.03749629,0.461702,0.2215129,0.2792889
247,0.03745779,0.4614145,0.2218748,0.2792529
248,0.03744205,0.4611842,0.2220039,0.2793698
249,0.03743748,0.4610203,0.2219916,0.2795506
250,0.03743787,0.4609105,0.2219018,0.2797499
251,0.03743986,0.4608384,0.2217773,0.2799444
252,0.03744184,0.4607895,0.221645,0.2801237
253,0.03701458,0.4670106,0.2183571,0.2776179
254,0.0367603,0.470175,0.2166327,0.2764321
255,0.03658446,0.471807,0.2159385,0.2756701
256,0.03647089,0.4725722,0.2156798,0.275277
257,0.0363985,0.4728763,0.2156095,0.2751157
258,0.03635172,0.4729447,0.2156204,0.2750832
259,0.03632017,0.4728971,0.2156696,0.2751132
260,0.03629727,0.4727947,0.2157421,0.2751658
261,0.03627901,0.4726675,0.2158346,0.2752189
262,0.03626298,0.4725296,0.2159468,0.2752607
263,0.03624786,0.4723869,0.2160788,0.2752864
264,0.03623297,0.4722424,0.2162297,0.2752949
265,0.03910712,0.4384776,0.2261481,0.2962672
266,0.04118543,0.41945,0.2287629,0.3106017
267,0.04261626,0.4092575,0.2282915,0.3198346
268,0.04353463,0.4042746,0.2270314,0.3251594
269,0.0440877,0.4021545,0.2259317,0.327826
270,0.04440152,0.4014816,0.2252552,0.3288618
271,0.04457221,0.4014653,0.224939,0.3290234
272,0.04466757,0.4017049,0.2247987,0.3288288
273,0.04473222,0.4020225,0.2246373,0.3286081
274,0.04479261,0.4023567,0.2243058,0.3285448
275,0.04486254,0.4026978,0.2237179,0.3287218
276,0.04494657,0.4030535,0.2228525,0.3291474
277,0.04595355,0.3946252,0.2228185,0.3366028
278,0.04673137,0.3903038,0.2205839,0.3423809
279,0.04727785,0.3884175,0.2179712,0.3463336
280,0.04765482,0.3878821,0.2154896,0.3489734
281,0.04791246,0.3880387,0.2133472,0.3507016
282,0.04808892,0.388505,0.2115899,0.3518161
283,0.04821148,0.3890723,0.2101898,0.3525264
284,0.04829874,0.3896357,0.2090931,0.3529725
285,0.04836289,0.3901496,0.2082431,0.3532445
286,0.04841182,0.3905995,0.2075888,0.3533999
287,0.04845046,0.3909866,0.2070882,0.3534748
288,0.04848189,0.3913181,0.2067086,0.3534915
289,0.04485465,0.429117,0.1986345,0.3273938
290,0.04268105,0.4461997,0.1987989,0.3123203
291,0.04143657,0.4533905,0.2010282,0.3041448
292,0.04072195,0.4560088,0.2034925,0.2997768
293,0.04031306,0.4565971,0.2055723,0.2975176
294,0.04008044,0.4563657,0.2071431,0.2964107
295,0.03994823,0.4558711,0.2082675,0.2959131
296,0.03987186,0.4553498,0.2090606,0.2957177
297,0.03982534,0.4548864,0.2096342,0.295654
298,0.03979394,0.4544977,0.2100768,0.2956316
299,0.03976938,0.454174,0.2104526,0.2956041
300,0.03974718,0.4538988,0.2108045,0.2955494
301,0.03660068,0.4870047,0.2037549,0.2726398
302,0.03481308,0.499851,0.2052123,0.2601238
303,0.03380862,0.5041699,0.2084697,0.2535517
304,0.03323407,0.5049211,0.2116938,0.2501509
305,0.03290128,0.5042995,0.2143263,0.2484731
306,0.03270474,0.5032614,0.2163126,0.2477213
307,0.03258416,0.5021946,0.2177711,0.2474502
308,0.03250508,0.5012304,0.2188515,0.2474131
309,0.03244809,0.5003916,0.2196842,0.2474762
310,0.03240225,0.4996614,0.2203686,0.2475678
311,0.03236177,0.4990135,0.220971,0.2476537
312,0.03232377,0.498424,0.221532,0.2477202
313,0.0364983,0.4493337,0.2348036,0.2793643
314,0.03979826,0.4202212,0.2363479,0.3036326
315,0.04217902,0.4040702,0.2335768,0.3201741
316,0.04377762,0.3959703,0.2298252,0.3304269
317,0.04477637,0.3925112,0.2266485,0.336064
318,0.04535578,0.3914846,0.2245249,0.3386346
319,0.04566669,0.3915779,0.2233787,0.3393767
320,0.04582205,0.39209,0.2229019,0.3391861
321,0.04590039,0.3926977,0.2227328,0.3386692
322,0.04595122,0.3932886,0.2225678,0.3381924
323,0.04600332,0.3938467,0.2221952,0.3379548
324,0.04607049,0.3943906,0.2215045,0.3380344
325,0.04578429,0.3991159,0.2192587,0.335841
326,0.04564286,0.4019319,0.2174969,0.3349284
327,0.04559156,0.4037228,0.2159338,0.334752
328,0.04559826,0.4049387,0.2144356,0.3350274
329,0.04563681,0.4058345,0.2130073,0.3355214
330,0.0456894,0.4065443,0.2116891,0.3360772
331,0.04574519,0.4071345,0.2105176,0.3366027
332,0.04579815,0.4076372,0.2095145,0.3370502
333,0.04584537,0.4080687,0.2086853,0.3374006
334,0.04588637,0.4084375,0.2080182,0.3376579
335,0.04592144,0.4087507,0.2074954,0.3378325
336,0.04595118,0.4090157,0.2070966,0.3379364
337,0.04626461,0.406183,0.2075203,0.3400321
338,0.04648243,0.4047329,0.2074276,0.341357
339,0.0466281,0.4040569,0.2071915,0.3421234
340,0.0467228,0.4038053,0.206966,0.342506
341,0.04678265,0.4037716,0.2068131,0.3426326
342,0.04681903,0.4038394,0.2067511,0.3425904
343,0.0468397,0.4039459,0.2067783,0.3424361
344,0.04684974,0.4040591,0.2068852,0.342206
345,0.04685253,0.4041644,0.2070599,0.3419232
346,0.04685006,0.4042565,0.2072929,0.3416006
347,0.04684375,0.404334,0.2075747,0.3412475
348,0.04683467,0.4043975,0.2078961,0.3408717
349,0.04027124,0.4690305,0.1978007,0.2928976
350,0.03683443,0.4914953,0.2032102,0.26846
351,0.03507757,0.4982239,0.2100126,0.2566859
352,0.03413469,0.4991726,0.2158081,0.2508846
353,0.03362129,0.4981386,0.220095,0.2481452
354,0.03333981,0.4966285,0.2230387,0.2469931
355,0.03318276,0.4951945,0.2249836,0.2466392
356,0.03309072,0.4939899,0.2262622,0.2466571
357,0.03303104,0.4930128,0.2271354,0.2468208
358,0.03298608,0.4922125,0.227787,0.2470144
359,0.03294669,0.4915338,0.2283365,0.247183
360,0.03290838,0.4909314,0.2288563,0.2473039
361,0.03649798,0.4502573,0.2387431,0.2745017
362,0.03929219,0.4270768,0.2383484,0.2952828
363,0.04123826,0.414866,0.2349075,0.3089882
364,0.04250168,0.4091861,0.23108,0.3172323
365,0.0432633,0.4070745,0.2280457,0.3216165
366,0.04368545,0.4067036,0.2261073,0.3235036
367,0.0438957,0.4070447,0.2251346,0.323925
368,0.04398507,0.4075835,0.2248355,0.3235959
369,0.04401453,0.4081064,0.2248959,0.3229832
370,0.04402345,0.4085564,0.225036,0.3223841
371,0.04403568,0.4089465,0.2250439,0.3219739
372,0.04406404,0.4093121,0.2247832,0.3218407
373,0.04458143,0.4046211,0.2254834,0.3253141
374,0.04496875,0.4023533,0.2247896,0.3278884
375,0.04525993,0.4014495,0.2234531,0.3298374
376,0.04548455,0.4013106,0.2218253,0.3313796
377,0.04566337,0.4015799,0.2201026,0.3326541
378,0.04580951,0.4020502,0.2184043,0.333736
379,0.04593088,0.402602,0.2168068,0.3346603
380,0.04603238,0.4031675,0.2153571,0.3354431
381,0.04611732,0.4037085,0.2140802,0.336094
382,0.04618802,0.4042057,0.2129864,0.3366199
383,0.04624661,0.4046498,0.2120722,0.3370315
384,0.04629502,0.4050385,0.2113247,0.3373418
385,0.04643115,0.40454,0.2107133,0.3383155
386,0.04653315,0.4044066,0.2100598,0.3390004
387,0.04660359,0.4044699,0.2095172,0.3394093
388,0.04665191,0.4046187,0.2091035,0.3396259
389,0.04668473,0.4047938,0.2088141,0.3397073
390,0.04670645,0.4049661,0.2086367,0.3396908
391,0.04671983,0.4051232,0.208558,0.3395989
392,0.04672655,0.4052611,0.2085681,0.3394443
393,0.04672752,0.4053794,0.2086596,0.3392335
394,0.04672356,0.4054789,0.2088247,0.3389728
395,0.0467152,0.4055611,0.2090569,0.3386667
396,0.04670287,0.405628,0.2093504,0.3383186
397,0.04775369,0.3962279,0.2099278,0.3460907
398,0.04852374,0.3912599,0.2085325,0.3516839
399,0.04900916,0.3889968,0.2070738,0.3549202
400,0.04930168,0.3881885,0.2058846,0.3566252
401,0.04946728,0.3881044,0.2050693,0.3573591
402,0.04955293,0.3883353,0.2046057,0.357506
403,0.04959092,0.3886677,0.2044194,0.3573219
404,0.04960252,0.3890013,0.2044242,0.356972
405,0.04960137,0.389298,0.2045402,0.3565604
406,0.04959577,0.3895515,0.2047037,0.356149
407,0.04959061,0.3897689,0.2048665,0.3557739
408,0.04958866,0.3899615,0.2049951,0.3554547
409,0.04477697,0.4377849,0.19633,0.3211082
410,0.04201684,0.457897,0.1979892,0.302097
411,0.04050843,0.4656555,0.2015145,0.2923215
412,0.03967173,0.4681129,0.2048677,0.2873477
413,0.03920911,0.4683803,0.2074627,0.284948
414,0.03895562,0.467855,0.2092783,0.2839111
415,0.03881734,0.4671393,0.2104785,0.2835649
416,0.0387405,0.4664658,0.2112558,0.2835378
417,0.03869461,0.4659018,0.211774,0.2836296
418,0.03866274,0.4654467,0.212154,0.2837364
419,0.03863573,0.4650781,0.2124778,0.2838083
420,0.03860888,0.4647706,0.2127968,0.2838237
421,0.0388169,0.4617479,0.21402,0.2854152
422,0.0389352,0.4601347,0.214662,0.2862681
423,0.03899593,0.4592512,0.2150771,0.2866758
424,0.03901557,0.4587555,0.2154638,0.2867651
425,0.0390085,0.4584527,0.2158882,0.2866507
426,0.03898532,0.4582398,0.2163573,0.2864175
427,0.03895353,0.4580671,0.216853,0.2861264
428,0.03891848,0.4579131,0.2173468,0.2858215
429,0.0388841,0.4577712,0.217808,0.2855367
430,0.03885337,0.4576412,0.2182064,0.2852991
431,0.0388285,0.4575261,0.2185161,0.2851292
432,0.03881096,0.4574293,0.2187178,0.2850419
433,0.04166179,0.4252152,0.2279731,0.3051499
434,0.04371354,0.4069639,0.2305253,0.3187971
435,0.04513976,0.3970653,0.2300514,0.3277435
436,0.04606671,0.3921497,0.2287365,0.333047
437,0.04664407,0.3900093,0.2274024,0.3359443
438,0.04699929,0.3893063,0.2262497,0.3374447
439,0.04722828,0.3892894,0.225203,0.3382792
440,0.04739677,0.3895719,0.2241021,0.3389291
441,0.04754489,0.3899762,0.2228089,0.3396699
442,0.04769132,0.3904351,0.2212723,0.3406012
443,0.04784075,0.3909266,0.2195229,0.3417098
444,0.04798945,0.3914424,0.2176538,0.3429144
445,0.04810433,0.3905739,0.2180052,0.3433166
446,0.04814836,0.3901384,0.218597,0.3431163
447,0.04819515,0.3898277,0.218924,0.3430532
448,0.04824014,0.3896191,0.2190882,0.3430526
449,0.04828343,0.3894843,0.2191363,0.343096
450,0.04832513,0.3894031,0.2191011,0.3431707
451,0.04836515,0.3893611,0.2190083,0.3432654
452,0.04840318,0.3893483,0.2188792,0.3433693
453,0.04843884,0.3893567,0.2187319,0.3434726
454,0.04847207,0.3893798,0.2185778,0.3435704
455,0.04850282,0.3894131,0.2184255,0.3436587
456,0.04853106,0.3894529,0.2182814,0.3437347
457,0.04826688,0.395202,0.2136683,0.3428627
458,0.04823048,0.3987448,0.2090845,0.3439402
459,0.04818168,0.4012407,0.2060485,0.3445291
460,0.04812906,0.4029965,0.2040943,0.3447802
461,0.04807957,0.4042031,0.2028896,0.3448277
462,0.04803624,0.405009,0.2021981,0.3447567
463,0.04799895,0.4055312,0.2018596,0.3446102
464,0.04796601,0.4058582,0.2017698,0.3444059
465,0.04793521,0.4060545,0.2018627,0.3441477
466,0.04790449,0.4061644,0.2020972,0.3438339
467,0.04787213,0.4062179,0.2024484,0.3434615
468,0.04783642,0.4062332,0.2029071,0.3430233
469,0.04269935,0.4562595,0.194804,0.3062371
470,0.03982197,0.47576,0.198169,0.286249
471,0.03826613,0.4824496,0.2032558,0.2760285
472,0.0373982,0.483943,0.2079197,0.2707391
473,0.03690718,0.4834475,0.2115853,0.2680601
474,0.03662569,0.4823396,0.2142676,0.2667671
475,0.03645981,0.4811778,0.2161728,0.2661896
476,0.0363563,0.480154,0.2175309,0.2659587
477,0.03628527,0.4793047,0.2185339,0.2658761
478,0.03623019,0.4786071,0.2193241,0.2658386
479,0.03618251,0.4780244,0.2199938,0.2657992
480,0.03613813,0.4775231,0.2205975,0.2657412
481,0.03973703,0.4389938,0.2287817,0.2924875
482,0.0425302,0.4168029,0.2278021,0.3128648
483,0.04447373,0.4050137,0.224215,0.3262977
484,0.0457459,0.3994756,0.2202847,0.3344938
485,0.04652356,0.3974302,0.2170639,0.3389823
486,0.04696395,0.3971461,0.2148375,0.3410524
487,0.04719093,0.3976187,0.2135094,0.3416811
488,0.04729389,0.3983205,0.2128341,0.3415515
489,0.04733361,0.399011,0.2125382,0.3411172
490,0.04734845,0.3996083,0.2123891,0.340654
491,0.04736158,0.4001054,0.212211,0.340322
492,0.04738552,0.400524,0.2118904,0.3402002
493,0.04446525,0.4309029,0.2052115,0.3194203
494,0.04271559,0.4448509,0.2049232,0.3075103
495,0.04173084,0.4508973,0.2060749,0.3012969
496,0.04119134,0.453243,0.2072665,0.2982991
497,0.04090887,0.4539226,0.2080926,0.2970759
498,0.04077125,0.4539115,0.2085343,0.2967829
499,0.04071197,0.4536606,0.2086933,0.296934
500,0.04069226,0.4533639,0.2086856,0.2972582
501,0.04069019,0.4530929,0.2086042,0.2976126
502,0.04069395,0.4528643,0.2085126,0.2979292
503,0.04069746,0.4526737,0.2084498,0.2981791
504,0.04069781,0.4525104,0.2084378,0.2983539
505,0.04348098,0.4231022,0.2149037,0.3185131
506,0.0455474,0.4063824,0.2150683,0.3330019
507,0.0469688,0.3974503,0.2131535,0.3424274
508,0.0478907,0.3931617,0.2108774,0.3480702
509,0.04845171,0.3914683,0.2090016,0.3510784
510,0.04876801,0.3911033,0.2077556,0.352373
511,0.04892812,0.3913322,0.2071077,0.3526319
512,0.04899515,0.3917633,0.2069175,0.352324
513,0.04901205,0.3922095,0.2070168,0.3517617
514,0.04900648,0.3925998,0.2072535,0.3511403
515,0.04899604,0.3929204,0.2075018,0.3505818
516,0.04899142,0.3931827,0.2076674,0.3501584
517,0.04492807,0.4338833,0.199973,0.3212156
518,0.04255186,0.4515805,0.2009539,0.3049138
519,0.04124168,0.4586906,0.203567,0.2965008
520,0.04052227,0.4611126,0.2060349,0.2923302
521,0.04013686,0.4615421,0.2078524,0.2904686
522,0.03993833,0.4612195,0.2090172,0.2898251
523,0.03984139,0.4606915,0.2096842,0.2897829
524,0.03979698,0.4601759,0.2100277,0.2899994
525,0.03977732,0.45974,0.2101919,0.2902909
526,0.03976729,0.4593873,0.2102797,0.2905656
527,0.03975898,0.4591003,0.210359,0.2907817
528,0.03974847,0.4588576,0.2104705,0.2909234
529,0.04168025,0.4379846,0.2154081,0.3049271
530,0.04305195,0.4266923,0.215719,0.3145368
531,0.04395292,0.4209828,0.2145818,0.3204825
532,0.04450764,0.418417,0.2132595,0.3238159
533,0.04482302,0.4174961,0.2122798,0.325401
534,0.04498202,0.4173516,0.2117805,0.3258859
535,0.04504428,0.4175149,0.2117164,0.3257245
536,0.04505069,0.417757,0.2119711,0.3252212
537,0.0450286,0.4179817,0.2124117,0.324578
538,0.04499583,0.4181621,0.2129166,0.3239256
539,0.04496405,0.4183021,0.2133833,0.3233505
540,0.04494075,0.4184176,0.2137326,0.3229091
541,0.04696942,0.3980928,0.2177618,0.337176
542,0.04847941,0.386678,0.2173288,0.3475138
543,0.04951134,0.3807255,0.215562,0.3542011
544,0.05019797,0.3779584,0.2134551,0.3583885
545,0.05064739,0.3769552,0.2114482,0.3609493
546,0.05094423,0.3768578,0.2096605,0.3625376
547,0.05114853,0.3771783,0.2080781,0.3635951
548,0.05129907,0.3776585,0.206654,0.3643885
549,0.05141868,0.3781721,0.205352,0.3650572
550,0.05151972,0.378663,0.2041548,0.3656624
551,0.05160821,0.3791098,0.2030617,0.3662203
552,0.05168669,0.3795065,0.2020801,0.3667267
553,0.051326,0.383808,0.2008134,0.3640527
554,0.05108315,0.3861844,0.2004759,0.3622565
555,0.05094441,0.3874149,0.2003864,0.3612543
556,0.05087186,0.3880215,0.2003783,0.3607284
557,0.05083957,0.388303,0.2003845,0.3604729
558,0.05082999,0.3884265,0.2003893,0.3603542
559,0.05083177,0.388481,0.200398,0.3602892
560,0.05083781,0.3885113,0.2004225,0.3602284
561,0.05084388,0.3885378,0.2004741,0.3601442
562,0.05084766,0.3885681,0.2005611,0.3600231
563,0.05084796,0.3886042,0.2006886,0.3598592
564,0.0508443,0.3886454,0.2008589,0.3596514
565,0.04838906,0.4127797,0.1964325,0.3423987
566,0.04681991,0.4245102,0.1969524,0.3317176
567,0.04587625,0.4297754,0.198767,0.3255814
568,0.04531522,0.4318419,0.2007056,0.3221373
569,0.04498465,0.4324064,0.2023594,0.3202495
570,0.04479007,0.4323287,0.2036515,0.3192297
571,0.04467348,0.4320255,0.2046328,0.3186682
572,0.04459982,0.4316842,0.2053894,0.3183265
573,0.04454835,0.4313779,0.206003,0.3180709
574,0.0445072,0.4311256,0.2065369,0.3178303
575,0.04446989,0.4309245,0.2070348,0.3175707
576,0.04443317,0.4307642,0.207523,0.3172796
577,0.04412673,0.4334735,0.2072946,0.3151052
578,0.04391687,0.4348365,0.2075757,0.3136709
579,0.04376832,0.4354929,0.2080764,0.3126624
580,0.04366337,0.4357703,0.2086108,0.3119555
581,0.04358742,0.4358605,0.2091078,0.3114443
582,0.04353084,0.4358667,0.2095407,0.3110619
583,0.04348771,0.4358414,0.2099004,0.3107704
584,0.04345463,0.4358101,0.2101846,0.3105506
585,0.04342972,0.4357837,0.2103926,0.310394
586,0.04341214,0.4357666,0.2105223,0.310299
587,0.04340136,0.4357601,0.2105733,0.3102653
588,0.04339691,0.4357644,0.2105469,0.3102917
589,0.04360158,0.4339068,0.2106161,0.3118755
590,0.04374806,0.4330295,0.2101879,0.3130345
591,0.04384265,0.4326957,0.2096717,0.31379
592,0.04390612,0.4326264,0.2091493,0.3143182
593,0.04395017,0.4326766,0.208664,0.3147093
594,0.04398231,0.4327697,0.2082298,0.3150182
595,0.04400712,0.4328676,0.207849,0.3152763
596,0.04402721,0.4329529,0.2075201,0.3154998
597,0.04404396,0.4330192,0.2072413,0.3156955
598,0.04405809,0.4330649,0.2070107,0.3158663
599,0.04406988,0.433091,0.2068269,0.3160122
600,0.04407939,0.4330998,0.2066883,0.3161325
601,0.0426072,0.4480671,0.2035558,0.3057699
602,0.04168069,0.4549248,0.2039195,0.299475
603,0.04112998,0.4577438,0.2051643,0.2959619
604,0.04080797,0.4586253,0.2064812,0.2940856
605,0.04062283,0.4586388,0.2075888,0.2931496
606,0.04051727,0.4583124,0.2084409,0.2927294
607,0.04045616,0.4578924,0.2090798,0.2925717
608,0.04041841,0.4574818,0.2095702,0.2925296
609,0.04039169,0.4571156,0.2099715,0.2925212
610,0.04036912,0.456798,0.2103288,0.2925042
611,0.04034702,0.4565219,0.2106726,0.2924585
612,0.04032369,0.4562778,0.2110211,0.2923774
613,0.04191642,0.4389105,0.215478,0.3036951
614,0.04302211,0.429636,0.2161063,0.3112356
615,0.04373616,0.4249901,0.2154758,0.315798
616,0.04416636,0.4229166,0.214651,0.3182661
617,0.04440566,0.422168,0.2140456,0.3193808
618,0.04452534,0.422035,0.2137452,0.3196944
619,0.04457617,0.4221444,0.2136878,0.3195916
620,0.04459253,0.4223195,0.2137603,0.3193278
621,0.04459666,0.4224907,0.2138465,0.3190661
622,0.0446017,0.4226429,0.2138567,0.3188987
623,0.04461471,0.4227826,0.2137312,0.3188714
624,0.04463849,0.4229229,0.213442,0.3189966
625,0.04450447,0.4246401,0.2128284,0.3180271
626,0.04443159,0.4255765,0.2124244,0.3175675
627,0.04441118,0.426088,0.2119437,0.3175572
628,0.04442172,0.4263961,0.2113798,0.3178023
629,0.04444981,0.4266078,0.2107577,0.3181848
630,0.04448611,0.4267721,0.2101202,0.3186215
631,0.04452446,0.4269086,0.2095097,0.3190573
632,0.04456115,0.4270219,0.2089585,0.3194585
633,0.0445941,0.4271123,0.2084865,0.3198072
634,0.04462187,0.4271794,0.208108,0.3200907
635,0.04464388,0.4272239,0.2078276,0.3203046
636,0.04465998,0.427247,0.2076437,0.3204493
637,0.04687699,0.4050489,0.2119001,0.3361741
638,0.04850839,0.3924909,0.2116242,0.3473766
639,0.04961541,0.3858266,0.2100176,0.3545404
640,0.05032774,0.3826433,0.2082533,0.3587758
641,0.05076007,0.381395,0.2068337,0.3610113
642,0.05100521,0.3811358,0.2058902,0.3619688
643,0.05113237,0.3813213,0.2053777,0.3621687
644,0.05118983,0.3816622,0.2051857,0.3619623
645,0.05120958,0.3820211,0.2051946,0.3615747
646,0.05121243,0.3823435,0.2052951,0.3611489
647,0.05121115,0.3826182,0.2054013,0.3607694
648,0.05121318,0.3828526,0.2054514,0.3604828
649,0.04794868,0.4147101,0.1998696,0.3374716
650,0.04593524,0.4295647,0.2007467,0.3237533
651,0.04479157,0.4359412,0.2028279,0.3164393
652,0.04415164,0.4383603,0.2047729,0.3127152
653,0.04380554,0.4390046,0.2061848,0.3110051
654,0.04362781,0.4389244,0.2070645,0.3103832
655,0.04354346,0.4386038,0.2075431,0.3103097
656,0.04350815,0.4382479,0.2077679,0.310476
657,0.04349617,0.4379301,0.2078616,0.3107121
658,0.04349291,0.4376658,0.207913,0.3109283
659,0.04349047,0.4374478,0.2079803,0.3110815
660,0.04348476,0.4372631,0.2080975,0.3111545
661,0.04415751,0.4306978,0.2089871,0.3161577
662,0.04461945,0.4273567,0.2084899,0.3195339
663,0.04489535,0.4258387,0.2078501,0.321416
664,0.04504804,0.4252561,0.2073544,0.3223414
665,0.04511981,0.4251182,0.2071103,0.3226517
666,0.04514001,0.425162,0.2071211,0.322577
667,0.04512852,0.4252564,0.2073451,0.32227
668,0.04509851,0.4253433,0.2077267,0.3218315
669,0.04505882,0.4254027,0.2082091,0.3213294
670,0.04501566,0.4254328,0.2087384,0.3208131
671,0.04497352,0.4254399,0.2092657,0.3203208
672,0.04493584,0.4254332,0.2097477,0.3198832
673,0.04383264,0.4358425,0.2084436,0.3118812
674,0.04311247,0.4407098,0.2094167,0.306761
675,0.04269169,0.4427203,0.2106354,0.3039526
676,0.04245311,0.4433946,0.2116441,0.3025082
677,0.04232832,0.4434881,0.2122815,0.3019021
678,0.04227272,0.4433723,0.2125587,0.3017963
679,0.04225777,0.4432155,0.2125514,0.3019753
680,0.04226551,0.4430821,0.2123475,0.3023048
681,0.04228492,0.4429869,0.2120259,0.3027023
682,0.04230884,0.4429245,0.2116544,0.3031124
683,0.04233296,0.4428823,0.2112831,0.3035016
684,0.04235477,0.4428481,0.2109469,0.3038501
685,0.04306649,0.4355558,0.2123835,0.3089943
686,0.04355244,0.4317809,0.2122601,0.3124065
687,0.04386491,0.4299419,0.211684,0.3145091
688,0.04405563,0.4291418,0.2110898,0.3157127
689,0.04416529,0.4288593,0.2106418,0.3163336
690,0.04422317,0.4288085,0.210375,0.3165934
691,0.04424918,0.4288429,0.2102685,0.3166395
692,0.04425624,0.4288943,0.2102841,0.3165653
693,0.04425249,0.428936,0.2103838,0.3164277
694,0.04424329,0.4289607,0.2105314,0.3162645
695,0.04423199,0.4289703,0.2106981,0.3160995
696,0.0442207,0.4289702,0.2108615,0.3159477
697,0.03863757,0.4860117,0.1985866,0.276764
698,0.03572962,0.5065073,0.2005274,0.2572357
699,0.0341978,0.5131244,0.2050054,0.2476724
700,0.03336686,0.5143049,0.2092699,0.2430582
701,0.03291297,0.5134924,0.2125771,0.2410176
702,0.03266438,0.5121139,0.214915,0.2403068
703,0.03252632,0.5107247,0.2164956,0.2402534
704,0.03244574,0.509503,0.2175594,0.2404919
705,0.032393,0.508473,0.2183078,0.2408262
706,0.03235183,0.5076042,0.2188895,0.2411544
707,0.03231343,0.5068542,0.2194065,0.2414257
708,0.03227318,0.5061854,0.2199249,0.2416165
709,0.03479987,0.4765176,0.2280987,0.2605839
710,0.03661597,0.4607433,0.2287864,0.2738543
711,0.03780026,0.453063,0.2271052,0.2820316
712,0.03850691,0.4498328,0.2251905,0.2864698
713,0.03887957,0.4488122,0.2239423,0.288366
714,0.03903398,0.448719,0.2235971,0.2886499
715,0.03904153,0.4488247,0.2243114,0.2878224
716,0.03880135,0.4481587,0.2285544,0.2844856
717,0.03888102,0.4480813,0.2281122,0.2849256
718,0.03879373,0.4482834,0.2291704,0.2837525
719,0.03847785,0.4482076,0.2330062,0.2803084
720,0.03886759,0.4475918,0.2294284,0.2841122
721,0.03935173,0.4438642,0.2289208,0.2878632
722,0.03973352,0.4423546,0.2269376,0.2909743
723,0.04002177,0.4420557,0.2244777,0.2934448
724,0.04024455,0.4423903,0.221887,0.2954782
725,0.04042536,0.4430197,0.2193053,0.2972496
726,0.04057092,0.4437627,0.2168956,0.2987708
727,0.04068501,0.4445018,0.2147827,0.3000304
728,0.04077215,0.4451541,0.213041,0.3010327
729,0.04083775,0.4456661,0.2116954,0.3018006
730,0.04088713,0.4460139,0.2107304,0.3023685
731,0.04092406,0.4462033,0.2101068,0.3027658
732,0.04095061,0.4462613,0.209773,0.3030151
733,0.04092568,0.4468318,0.2093582,0.3028844
734,0.04090725,0.4471011,0.209226,0.3027657
735,0.04088785,0.4471977,0.2093297,0.3025847
736,0.04086727,0.4471899,0.2095895,0.3023534
737,0.04084411,0.4471247,0.2099626,0.3020685
738,0.04081731,0.4470316,0.2104237,0.3017274
739,0.04078625,0.4469272,0.2109566,0.3013298
740,0.04075094,0.4468208,0.211548,0.3008803
741,0.04071179,0.446717,0.212185,0.3003862
742,0.04066953,0.4466184,0.2128545,0.2998576
743,0.04062531,0.4465257,0.2135409,0.2993081
744,0.04058056,0.44644,0.2142254,0.2987541
745,0.04217939,0.4287138,0.2191196,0.3099872
746,0.04329035,0.4192076,0.2201259,0.317376
747,0.04401181,0.4144265,0.2197774,0.3217842
748,0.04445157,0.4122899,0.219146,0.3241126
749,0.04470702,0.4115256,0.2186093,0.3251581
750,0.04485378,0.4114125,0.2182087,0.325525
751,0.04494548,0.4115776,0.2178449,0.325632
752,0.04501646,0.4118516,0.217393,0.3257389
753,0.04508564,0.4121741,0.2167622,0.3259781
754,0.04516167,0.412532,0.2159075,0.3263989
755,0.0452457,0.4129291,0.2148379,0.3269874
756,0.04533466,0.4133682,0.2136035,0.3276936
757,0.04051017,0.464631,0.2012601,0.2935988
758,0.03787289,0.485085,0.2012478,0.2757944
759,0.03644956,0.4927716,0.2039011,0.2668778
760,0.03566752,0.4950744,0.2067437,0.2625144
761,0.03523839,0.4951677,0.2090442,0.2605498
762,0.03500629,0.4944355,0.2107189,0.2598393
763,0.03488351,0.493465,0.2118955,0.2597559
764,0.0348193,0.492493,0.2127377,0.25995
765,0.0347839,0.491604,0.2133845,0.2602276
766,0.0347598,0.4908184,0.2139402,0.2604817
767,0.03473704,0.4901287,0.2144776,0.2606567
768,0.03471002,0.4895182,0.2150465,0.2607253
769,0.03608967,0.4730484,0.2198519,0.27101
770,0.03701051,0.4646005,0.2207965,0.2775925
771,0.0375727,0.4605388,0.2205782,0.2813103
772,0.03787691,0.4587772,0.2203418,0.283004
773,0.03800537,0.4581062,0.2205463,0.283342
774,0.03801905,0.4578667,0.2213072,0.282807
775,0.03795952,0.4577125,0.2226113,0.2817166
776,0.03780516,0.4572674,0.2252388,0.2796887
777,0.03771337,0.4568114,0.2270185,0.2784567
778,0.0374329,0.4556139,0.2318358,0.2751175
779,0.03742725,0.4551855,0.2324815,0.2749057
780,0.03713846,0.4547743,0.2362705,0.2718166
781,0.03549623,0.476826,0.2265522,0.2611256
782,0.03435403,0.4868867,0.2252135,0.2535456
783,0.03382682,0.4911139,0.2241026,0.2509566
784,0.03352965,0.4930206,0.2235215,0.2499282
785,0.0333893,0.4938614,0.2227429,0.2500064
786,0.0333347,0.4942697,0.2217549,0.2506407
787,0.03332343,0.4944994,0.2206756,0.2515016
788,0.03333086,0.4946238,0.2196505,0.2523948
789,0.03334491,0.4946378,0.2187914,0.2532259
790,0.03336006,0.4945199,0.2181662,0.2539538
791,0.03337361,0.4942679,0.2177949,0.2545635
792,0.03338295,0.4939077,0.2176648,0.2550445
793,0.03333233,0.4941496,0.2175073,0.2550109
794,0.03329324,0.4939828,0.217733,0.254991
795,0.03325724,0.4936315,0.2181817,0.2549295
796,0.03321941,0.4932022,0.2187815,0.2547968
797,0.03317654,0.4927481,0.2195012,0.2545742
798,0.03312684,0.4922929,0.2203278,0.2542525
799,0.03306948,0.4918444,0.2212566,0.2538294
800,0.03300433,0.4914035,0.2222845,0.2533077
801,0.0329321,0.4909662,0.223404,0.2526977
802,0.03285401,0.4905251,0.2246065,0.2520143
803,0.032769,0.4900535,0.2259371,0.2512404
804,0.03251559,0.4886194,0.2304567,0.2484082
805,0.03447768,0.4656639,0.236529,0.2633294
806,0.03578006,0.4538671,0.237753,0.2725998
807,0.0363021,0.4480167,0.2409721,0.2747091
808,0.03706289,0.4450873,0.2374946,0.2803552
809,0.03705002,0.4443222,0.2400956,0.2785322
810,0.03756861,0.4437909,0.2358404,0.2828002
811,0.03748347,0.4444463,0.236918,0.2811522
812,0.03802824,0.4446622,0.2308928,0.2864167
813,0.03821249,0.4459861,0.2276386,0.2881629
814,0.03836462,0.4472618,0.224664,0.2897096
815,0.03849284,0.4484545,0.2219593,0.2910933
816,0.03860011,0.4495476,0.2195433,0.2923091
817,0.03853051,0.4521944,0.2171248,0.2921503
818,0.03849397,0.4538447,0.2154572,0.2922041
819,0.03847961,0.4549029,0.2142432,0.2923743
820,0.03847688,0.455586,0.2133722,0.2925649
821,0.03848004,0.4560108,0.2127809,0.2927282
822,0.0384858,0.4562443,0.2124294,0.2928405
823,0.03849191,0.4563321,0.2122876,0.2928884
824,0.03849648,0.4563118,0.2123284,0.2928633
825,0.03849766,0.4562174,0.2125271,0.2927579
826,0.03849369,0.4560784,0.2128625,0.2925653
827,0.03848321,0.4559177,0.2133173,0.2922818
828,0.03846553,0.4557503,0.2138761,0.2919081
829,0.03592721,0.4831564,0.2081406,0.2727758
830,0.03444786,0.4941274,0.2094792,0.2619456
831,0.03359867,0.497962,0.212431,0.2560083
832,0.033106,0.4987426,0.2153839,0.2527675
833,0.03281719,0.4983291,0.2178321,0.2510216
834,0.03264399,0.4975482,0.21972,0.2500878
835,0.03253508,0.49674,0.2211472,0.2495777
836,0.03246095,0.4960218,0.2222426,0.2492747
837,0.03240501,0.4954155,0.2231166,0.2490628
838,0.03235838,0.4949079,0.2238489,0.2488847
839,0.03231671,0.4944773,0.2244887,0.2487173
840,0.03227834,0.4941044,0.2250596,0.2485577
841,0.03346715,0.4793444,0.2296105,0.257578
842,0.0342579,0.4720115,0.2303869,0.2633437
843,0.0347545,0.468638,0.2298441,0.2667635
844,0.03504632,0.4672951,0.2290667,0.2685919
845,0.03520973,0.4669045,0.2284133,0.2694725
846,0.03530015,0.466915,0.2279209,0.2698641
847,0.03535429,0.4670744,0.2275063,0.2700651
848,0.03539431,0.4672856,0.2270699,0.2702502
849,0.03543183,0.467521,0.2265445,0.2705027
850,0.03547174,0.467776,0.2259034,0.2708489
851,0.035515,0.4680502,0.2251531,0.2712816
852,0.03556084,0.4683401,0.2243195,0.2717796
853,0.03535982,0.4715092,0.222653,0.270478
854,0.03524763,0.4731341,0.2217175,0.2699008
855,0.03519348,0.4739808,0.2210456,0.2697802
856,0.03517509,0.4744237,0.2204772,0.2699239
857,0.03517672,0.4746537,0.2199737,0.2701959
858,0.03518826,0.474763,0.2195394,0.2705094
859,0.03520345,0.4747956,0.2191892,0.2708117
860,0.03521841,0.4747747,0.2189348,0.271072
861,0.03523065,0.4747154,0.2187817,0.2712723
862,0.03523872,0.4746291,0.2187281,0.2714041
863,0.03524179,0.4745255,0.2187682,0.2714645
864,0.03523945,0.4744125,0.218894,0.271454
865,0.03527665,0.4737925,0.2192132,0.2717177
866,0.03529264,0.4734396,0.2194798,0.271788
867,0.03529219,0.4732254,0.2197751,0.2717072
868,0.03527981,0.4730812,0.2201224,0.2715166
869,0.03525889,0.4729708,0.220524,0.2712464
870,0.03523202,0.4728759,0.2209717,0.2709204
871,0.03520132,0.4727881,0.2214521,0.2705585
872,0.03516865,0.4727041,0.2219482,0.2701791
