EwEVersion,"6.5.13829.0 (compiled 2016-05-17)"
Date,"2016-09-06 18:34:59"
ModelName,Baltic_Proper-SEALS
EcosimScenario,Proper1_SealVuln100_19742100_seal1_cofF1
TimeSeries,new_data_weights_19742100_BAU_WAR1_codF1_seal1
StartYear,1974

Data,"Prey of Pseudocalanus sp."

TimeStep,"Cyanobacteria","Phytoplankton","microzooplankton","Detritus-water column",
1,0.04366294,0.4557547,0.2818175,0.2187648
2,0.04009329,0.4747883,0.2833427,0.2017757
3,0.03816162,0.4799528,0.2887887,0.1930968
4,0.03708253,0.4799942,0.2942973,0.1886259
5,0.03647449,0.4783787,0.2987402,0.1864066
6,0.03613125,0.4764783,0.3019903,0.1854002
7,0.03593611,0.4747769,0.3042554,0.1850316
8,0.03582186,0.4733877,0.3058117,0.1849787
9,0.03574984,0.4722825,0.3069051,0.1850626
10,0.03569806,0.4713918,0.3077239,0.1851862
11,0.0356543,0.4706463,0.3084007,0.1852987
12,0.03561193,0.4699903,0.3090229,0.185375
13,0.03617777,0.4636159,0.3116299,0.1885765
14,0.03655842,0.4606593,0.3120425,0.1907397
15,0.03677773,0.4593259,0.311914,0.1919824
16,0.03688683,0.4587188,0.311784,0.1926104
17,0.03692296,0.4583818,0.3118586,0.1928367
18,0.0369129,0.4581037,0.3121724,0.1928111
19,0.03687529,0.4578027,0.3126848,0.1926372
20,0.03682293,0.4574618,0.313329,0.1923863
21,0.03676483,0.4570924,0.3140332,0.1921095
22,0.03670745,0.4567172,0.3147301,0.1918453
23,0.03665565,0.4563605,0.3153605,0.1916234
24,0.03661297,0.4560439,0.3158765,0.1914666
25,0.0331501,0.4876059,0.3057854,0.1734587
26,0.0311473,0.4966093,0.3089246,0.1633187
27,0.0300859,0.4979154,0.3136111,0.1583877
28,0.02950414,0.4967392,0.3177379,0.1560188
29,0.02919316,0.4950518,0.3206866,0.1550684
30,0.02903376,0.493532,0.322546,0.1548883
31,0.02895669,0.4923404,0.3235983,0.1551045
32,0.02892209,0.4914492,0.3241238,0.155505
33,0.02890749,0.4907782,0.3243417,0.1559726
34,0.02890019,0.4902472,0.3244103,0.1564424
35,0.02889356,0.4897931,0.3244314,0.1568819
36,0.02888434,0.4893726,0.3244662,0.1572768
37,0.02955887,0.4812846,0.3278544,0.1613022
38,0.03001414,0.4778103,0.3281161,0.1640595
39,0.03029162,0.4764452,0.3274859,0.1657773
40,0.03044759,0.4759791,0.3267741,0.1667992
41,0.03052419,0.4758197,0.3262832,0.1673729
42,0.03055126,0.4757066,0.3260723,0.1676698
43,0.03054884,0.4755455,0.326102,0.1678037
44,0.03052985,0.475318,0.3263055,0.1678467
45,0.03050243,0.4750356,0.326618,0.167844
46,0.03047219,0.4747208,0.326979,0.167828
47,0.0304427,0.4743961,0.3273412,0.16782
48,0.03041626,0.4740805,0.3276694,0.1678339
49,0.03112203,0.4656736,0.3313853,0.1718192
50,0.03161123,0.4620529,0.3317747,0.1745611
51,0.0319217,0.4607027,0.3311035,0.1762721
52,0.03211289,0.4603889,0.330176,0.1773222
53,0.03222897,0.4604934,0.3293034,0.1779742
54,0.03230109,0.4607324,0.3285587,0.1784078
55,0.0323495,0.4609911,0.327923,0.1787364
56,0.03238653,0.461233,0.3273543,0.1790261
57,0.03241906,0.4614533,0.3268162,0.1793116
58,0.03244996,0.4616547,0.3262921,0.1796033
59,0.03248022,0.4618403,0.3257777,0.1799018
60,0.03250976,0.4620113,0.325277,0.1802018
61,0.03279651,0.4583774,0.3270487,0.1817774
62,0.03298131,0.4566708,0.3275991,0.1827488
63,0.03311392,0.4559421,0.3274815,0.1834624
64,0.03320458,0.4556985,0.327134,0.1839629
65,0.03326678,0.4556791,0.3267309,0.1843232
66,0.0333106,0.4557526,0.3263397,0.184597
67,0.0333429,0.4558569,0.3259811,0.1848191
68,0.0333679,0.455964,0.3256585,0.1850096
69,0.03338807,0.4560619,0.3253711,0.1851789
70,0.03340508,0.4561471,0.3251136,0.1853342
71,0.03341978,0.4562194,0.3248827,0.1854781
72,0.03343256,0.4562791,0.3246769,0.1856114
73,0.03145631,0.476575,0.3172291,0.1747396
74,0.03024613,0.4832559,0.318229,0.168269
75,0.0295532,0.4847052,0.320933,0.1648086
76,0.02915549,0.4842364,0.3235898,0.1630183
77,0.02892856,0.4832236,0.3256813,0.1621666
78,0.02879884,0.4821925,0.3271807,0.1618279
79,0.02872261,0.4813037,0.3282202,0.1617535
80,0.02867417,0.4805715,0.3289544,0.1617998
81,0.02863875,0.479962,0.3295127,0.1618865
82,0.02860807,0.4794323,0.3299897,0.16197
83,0.02857767,0.4789471,0.330447,0.1620281
84,0.02854539,0.4784811,0.3309222,0.1620513
85,0.02860034,0.4783809,0.3303103,0.1627084
86,0.02864647,0.4784861,0.3295572,0.1633102
87,0.02865083,0.4785344,0.3292269,0.1635879
88,0.0286345,0.4784752,0.329192,0.1636983
89,0.028605,0.4783058,0.3293932,0.163696
90,0.02856615,0.4780417,0.3297829,0.1636092
91,0.02852024,0.4777029,0.3303211,0.1634558
92,0.0284689,0.477308,0.3309737,0.1632493
93,0.02841358,0.4768748,0.3317095,0.163002
94,0.02835585,0.4764191,0.3324978,0.1627274
95,0.0282976,0.4759564,0.3333049,0.1624411
96,0.02824106,0.4755029,0.3340946,0.1621616
97,0.02775283,0.4804462,0.3323175,0.1594833
98,0.02743677,0.4821348,0.3325769,0.1578515
99,0.02723672,0.4824592,0.3333916,0.1569125
100,0.02711729,0.4822813,0.3341454,0.1564561
101,0.02705215,0.4819892,0.3346333,0.1563255
102,0.02702351,0.4817384,0.3348223,0.1564157
103,0.02701935,0.4815748,0.3347504,0.1566554
104,0.02703137,0.4814954,0.334479,0.1569942
105,0.02705368,0.4814784,0.3340726,0.1573953
106,0.02708176,0.4814977,0.3335923,0.1578284
107,0.02711206,0.4815294,0.3330894,0.1582691
108,0.0271419,0.4815552,0.3326046,0.1586984
109,0.02802959,0.4717747,0.3360826,0.1641131
110,0.02866479,0.4678608,0.3355022,0.1679723
111,0.02907423,0.4666476,0.3338795,0.1703987
112,0.02932973,0.4665943,0.3321984,0.1718776
113,0.02948329,0.4669358,0.3308393,0.1727416
114,0.02957215,0.4673304,0.3298746,0.1732228
115,0.02962137,0.4676506,0.3292538,0.1734743
116,0.02964705,0.4678677,0.3288927,0.1735924
117,0.02965911,0.4679938,0.3287113,0.1736357
118,0.0296634,0.4680509,0.3286479,0.1736378
119,0.02966344,0.4680609,0.3286573,0.1736185
120,0.02966128,0.4680413,0.3287082,0.1735892
121,0.02934244,0.4711924,0.3277817,0.1716834
122,0.02912392,0.4722255,0.3282636,0.170387
123,0.02899351,0.4723898,0.3289608,0.1696558
124,0.02891519,0.4722258,0.3296125,0.1692466
125,0.02886892,0.4719749,0.330125,0.1690312
126,0.02884188,0.4717343,0.3304939,0.1689299
127,0.02882604,0.4715347,0.330746,0.1688932
128,0.02881651,0.4713781,0.3309138,0.1688915
129,0.02881043,0.4712569,0.3310248,0.1689079
130,0.02880617,0.4711621,0.3310989,0.1689329
131,0.02880281,0.4710857,0.3311502,0.1689613
132,0.02879984,0.4710222,0.3311877,0.1689904
133,0.03107048,0.4410916,0.3461326,0.1817054
134,0.03271073,0.4257894,0.3511922,0.1903076
135,0.03385416,0.4186106,0.3516169,0.1959184
136,0.03458286,0.4156741,0.35064,0.199103
137,0.03501634,0.4147824,0.3495574,0.2006439
138,0.03526049,0.4147786,0.3487591,0.2012018
139,0.0353962,0.4151172,0.3482248,0.2012618
140,0.03547912,0.4155788,0.3477961,0.201146
141,0.03554447,0.4160982,0.3473088,0.2010486
142,0.03561351,0.416672,0.3466335,0.201081
143,0.03569745,0.4173139,0.3456933,0.2012953
144,0.03580118,0.4180361,0.3444553,0.2017074
145,0.03271698,0.4543293,0.3283747,0.1845791
146,0.03100077,0.467705,0.3257764,0.1755178
147,0.03009409,0.4724934,0.3262419,0.1711706
148,0.02961607,0.4739084,0.3272547,0.1692209
149,0.02936777,0.4740688,0.3280831,0.1684803
150,0.02924176,0.4738351,0.3285974,0.1683259
151,0.02917946,0.4735296,0.3288573,0.1684336
152,0.02914914,0.473252,0.3289593,0.1686395
153,0.02913379,0.4730157,0.3289869,0.1688636
154,0.0291243,0.4728071,0.3290001,0.1690685
155,0.0291159,0.472608,0.3290382,0.1692379
156,0.02910605,0.4724034,0.3291252,0.1693654
157,0.03451302,0.4078953,0.3573082,0.2002835
158,0.03940519,0.3681998,0.3649669,0.2274281
159,0.04341533,0.3445506,0.3634385,0.2485955
160,0.04645224,0.331389,0.3585302,0.2636285
161,0.04857721,0.3247693,0.3534334,0.2732201
162,0.0499473,0.3219716,0.3495553,0.2785259
163,0.050755,0.3212138,0.3472255,0.2808057
164,0.05118358,0.3214235,0.346209,0.281184
165,0.05138333,0.3220295,0.3460464,0.2805408
166,0.05146574,0.3227776,0.3462543,0.2795024
167,0.05150741,0.3235856,0.3464257,0.2784813
168,0.05155673,0.3244479,0.346272,0.2777234
169,0.04741256,0.3671897,0.3303617,0.255036
170,0.0448836,0.387352,0.3259172,0.2418472
171,0.04380365,0.397351,0.3216012,0.237244
172,0.043328,0.4030481,0.3177063,0.2359176
173,0.0431107,0.4064235,0.3147432,0.2357226
174,0.04302894,0.4085378,0.312447,0.2359862
175,0.04301205,0.4099293,0.3107076,0.236351
176,0.04302216,0.4108849,0.3094378,0.2366552
177,0.0430408,0.4115645,0.3085484,0.2368463
178,0.04306005,0.4120606,0.3079549,0.2369245
179,0.04307682,0.4124299,0.3075854,0.2369078
180,0.04309006,0.4127096,0.3073845,0.2368159
181,0.04183706,0.4259411,0.3022794,0.2299425
182,0.04099063,0.4319858,0.3016572,0.2253664
183,0.04045369,0.4344973,0.302544,0.2225051
184,0.04011884,0.4353145,0.3038374,0.2207292
185,0.0399114,0.4353798,0.3050963,0.2196124
186,0.03978157,0.435155,0.3061861,0.2188773
187,0.03969697,0.4348505,0.3071045,0.218348
188,0.03963698,0.4345508,0.3078965,0.2179157
189,0.03958869,0.4342804,0.3086169,0.2175139
190,0.03954432,0.434038,0.3093135,0.2171041
191,0.03949916,0.4338132,0.3100235,0.2166641
192,0.03945049,0.4335945,0.3107736,0.2161814
193,0.03867259,0.4411125,0.3083947,0.2118202
194,0.03813435,0.4442956,0.3087534,0.2088166
195,0.03777186,0.4453981,0.3100501,0.2067799
196,0.03752746,0.4455318,0.3115637,0.205377
197,0.03735952,0.4452653,0.3130017,0.2043734
198,0.03724027,0.4448748,0.3142667,0.2036182
199,0.03715211,0.4444853,0.3153432,0.2030194
200,0.0370844,0.4441468,0.3162438,0.202525
201,0.03703117,0.4438751,0.3169856,0.2021081
202,0.03698945,0.4436715,0.3175805,0.2017585
203,0.03695796,0.4435329,0.3180351,0.2014741
204,0.03693619,0.4434542,0.3183537,0.2012559
205,0.04006742,0.4107693,0.3312741,0.2178892
206,0.04255964,0.393156,0.3335781,0.2307062
207,0.04437167,0.3842962,0.3317804,0.2395517
208,0.04561312,0.3804749,0.3286995,0.2452125
209,0.04642287,0.379357,0.3256495,0.2485707
210,0.04693521,0.3795548,0.3230833,0.2504267
211,0.04726019,0.3803058,0.3210269,0.2514071
212,0.04747829,0.3812321,0.3193382,0.2519515
213,0.04764275,0.3821719,0.3178485,0.2523368
214,0.04778305,0.3830702,0.3164469,0.2526999
215,0.04791375,0.3839152,0.3150764,0.2530946
216,0.0480399,0.3847083,0.3137277,0.2535241
217,0.04411147,0.4237679,0.2991666,0.232954
218,0.0416986,0.4400159,0.2975595,0.2207259
219,0.04031653,0.4461746,0.2994606,0.2140482
220,0.03952727,0.4479823,0.3020268,0.2104637
221,0.0390826,0.4480375,0.3042704,0.2086094
222,0.03883742,0.4475022,0.3059518,0.2077085
223,0.03870597,0.4468656,0.3071125,0.207316
224,0.03863757,0.4463053,0.3078785,0.2071785
225,0.03860256,0.4458628,0.3083797,0.2071549
226,0.0385838,0.4455252,0.3087228,0.2071682
227,0.03857166,0.4452643,0.308986,0.2071781
228,0.03856084,0.4450514,0.309223,0.2071648
229,0.03914348,0.4379893,0.3127536,0.2101137
230,0.03953565,0.4344403,0.3140613,0.2119628
231,0.03978937,0.4327106,0.3144365,0.2130634
232,0.03993937,0.4319071,0.3145404,0.2136131
233,0.04001762,0.4315354,0.3146558,0.2137913
234,0.04004898,0.4313389,0.3148776,0.2137345
235,0.04005135,0.4311963,0.3152131,0.2135392
236,0.04003706,0.4310592,0.3156326,0.2132712
237,0.04001449,0.4309154,0.3160953,0.2129747
238,0.03998928,0.4307703,0.3165602,0.2126803
239,0.03996528,0.430635,0.3169911,0.2124087
240,0.039945,0.4305219,0.3173586,0.2121744
241,0.03850862,0.4429264,0.3142269,0.2043381
242,0.03754119,0.4475258,0.315819,0.199114
243,0.03697465,0.4487921,0.3180361,0.1961971
244,0.03664685,0.4487491,0.3199922,0.1946119
245,0.0364649,0.4483048,0.3214069,0.1938235
246,0.03637029,0.4478371,0.3222913,0.1935014
247,0.0363262,0.4474752,0.322758,0.1934405
248,0.03630983,0.4472384,0.3229361,0.1935156
249,0.03630744,0.4471045,0.3229364,0.1936518
250,0.03631141,0.4470422,0.3228375,0.193809
251,0.03631749,0.4470234,0.3226933,0.1939659
252,0.03632355,0.4470268,0.3225375,0.1941122
253,0.0359414,0.4534702,0.3180392,0.1925491
254,0.03571264,0.4567751,0.3156881,0.1918242
255,0.03554628,0.4584182,0.3147161,0.1913194
256,0.03543652,0.4591694,0.3143443,0.1910498
257,0.03536581,0.45946,0.3142384,0.1909358
258,0.03531984,0.4595198,0.3142499,0.1909106
259,0.03528865,0.4594663,0.3143166,0.1909284
260,0.03526567,0.4593575,0.3144159,0.190961
261,0.03524686,0.45922,0.3145411,0.190992
262,0.03522978,0.4590663,0.3146911,0.1910128
263,0.03521309,0.4589016,0.3148655,0.1910198
264,0.03519611,0.4587286,0.3150631,0.1910122
265,0.03802617,0.4263578,0.3298459,0.2057701
266,0.04015591,0.4089649,0.3345667,0.2163125
267,0.04166771,0.4001484,0.3348154,0.2233685
268,0.04265537,0.3961096,0.3336692,0.2275659
269,0.04325286,0.3945394,0.3324803,0.2297274
270,0.04358786,0.3941244,0.3316911,0.2305967
271,0.0437642,0.3941875,0.331292,0.2307563
272,0.04385845,0.3944283,0.33109,0.2306231
273,0.04392269,0.394747,0.330858,0.2304723
274,0.04398837,0.3951325,0.3304178,0.2304614
275,0.04407195,0.3956012,0.3296632,0.2306636
276,0.04417856,0.3961665,0.3285669,0.231088
277,0.04526385,0.3887025,0.3292115,0.2368221
278,0.04615586,0.385497,0.326801,0.241546
279,0.0468082,0.3845592,0.3237089,0.2449238
280,0.04727481,0.3847891,0.320657,0.2472791
281,0.04760431,0.385543,0.3179626,0.2488901
282,0.04783652,0.3864659,0.3157191,0.2499783
283,0.04800155,0.3873781,0.313912,0.2507082
284,0.04812082,0.3882003,0.3124844,0.2511945
285,0.04820889,0.3889071,0.3113699,0.251514
286,0.04827553,0.3894999,0.3105066,0.2517179
287,0.04832716,0.3899916,0.3098418,0.2518395
288,0.0483679,0.390398,0.3093338,0.2519003
289,0.04459705,0.4266526,0.2962407,0.2325097
290,0.04225155,0.4417097,0.2951977,0.220841
291,0.04087997,0.4473002,0.2974918,0.2143281
292,0.04007688,0.4487852,0.3004036,0.2107344
293,0.03960877,0.4486201,0.3029713,0.2087999
294,0.03933763,0.447908,0.3049562,0.2077982
295,0.03918079,0.4471134,0.3063997,0.207306
296,0.03908853,0.4464041,0.3074302,0.2070772
297,0.03903126,0.4458164,0.3081815,0.2069708
298,0.03899179,0.4453361,0.3087633,0.2069089
299,0.03896025,0.4449336,0.3092562,0.2068499
300,0.0389312,0.4445806,0.3097153,0.2067729
301,0.03574353,0.4755996,0.2984748,0.1901821
302,0.03385547,0.4861015,0.2993512,0.1806918
303,0.03276691,0.4886355,0.3030695,0.1755281
304,0.03212961,0.4881412,0.306988,0.1727412
305,0.03175275,0.4866952,0.3102668,0.1712852
306,0.03152632,0.4851279,0.3127777,0.1705681
307,0.03138567,0.4837233,0.3146418,0.1702491
308,0.0312929,0.4825386,0.3160352,0.1701333
309,0.03122607,0.4815464,0.3171161,0.1701115
310,0.03117247,0.4806975,0.3180073,0.1701227
311,0.03112524,0.4799465,0.3187918,0.1701364
312,0.03108088,0.479259,0.3195207,0.1701394
313,0.03517626,0.4330579,0.3394478,0.192318
314,0.03858582,0.4074194,0.3437215,0.2102733
315,0.04113782,0.3940955,0.3417163,0.2230503
316,0.042898,0.388014,0.3378111,0.2312769
317,0.04401465,0.3858339,0.3341893,0.2359621
318,0.04466307,0.3855055,0.3316437,0.2381877
319,0.04500403,0.3858958,0.3302059,0.2388943
320,0.04516532,0.3864704,0.3295608,0.2388034
321,0.04523971,0.3870453,0.3292903,0.2384246
322,0.04528743,0.3876072,0.3290291,0.2380764
323,0.04534405,0.3882025,0.3285165,0.2379369
324,0.04542674,0.3888798,0.3276141,0.2380794
325,0.04516664,0.3937317,0.3244513,0.2366503
326,0.04505469,0.3967524,0.3220412,0.2361517
327,0.04503655,0.3988081,0.3199577,0.2361978
328,0.04508004,0.4003365,0.3179978,0.2365856
329,0.04515633,0.4015617,0.316147,0.2371349
330,0.04524498,0.4025898,0.314445,0.2377202
331,0.04533327,0.4034683,0.312933,0.2382655
332,0.04541407,0.4042186,0.3116361,0.2387311
333,0.04548412,0.4048532,0.3105613,0.2391014
334,0.04554318,0.4053828,0.3096937,0.2393804
335,0.04559207,0.405819,0.3090107,0.2395782
336,0.04563198,0.4061745,0.3084871,0.2397064
337,0.0459609,0.4035165,0.309237,0.2412857
338,0.04619678,0.4022458,0.3092294,0.2423281
339,0.04635708,0.4017085,0.3089809,0.2429535
340,0.0464615,0.4015469,0.3087127,0.2432789
341,0.04652621,0.4015585,0.3085193,0.2433961
342,0.04656328,0.4016334,0.3084325,0.2433707
343,0.04658116,0.4017162,0.3084555,0.2432472
344,0.04658562,0.4017812,0.3085783,0.2430549
345,0.04658061,0.4018187,0.3087873,0.2428134
346,0.04656848,0.4018269,0.3090706,0.242534
347,0.04655104,0.4018074,0.3094165,0.2422251
348,0.04652962,0.4017635,0.309813,0.2418939
349,0.03966767,0.4620009,0.2922543,0.2060771
350,0.03593946,0.4795533,0.2974092,0.187098
351,0.03400084,0.4829307,0.3053493,0.1777192
352,0.03294146,0.4817232,0.3123964,0.172939
353,0.03235463,0.4793716,0.3177047,0.170569
354,0.03202825,0.4770916,0.3213969,0.1694833
355,0.03184454,0.4752239,0.3238654,0.1690661
356,0.0317369,0.4737796,0.325508,0.1689756
357,0.03166782,0.4726656,0.326642,0.1690245
358,0.03161652,0.4717761,0.3274941,0.1691133
359,0.03157191,0.4710233,0.3282129,0.1691919
360,0.03152838,0.4703445,0.328889,0.1692382
361,0.03506243,0.4325477,0.3440292,0.1883607
362,0.03797052,0.4127112,0.3454966,0.2038217
363,0.04006937,0.4031067,0.3423738,0.2144501
364,0.041469,0.399244,0.3381981,0.2210889
365,0.04232651,0.3982599,0.3346618,0.2247518
366,0.04280269,0.3984852,0.3323075,0.2264046
367,0.04303426,0.3990566,0.3310747,0.2268344
368,0.04312424,0.3996066,0.3306529,0.2266163
369,0.04314443,0.4000388,0.330675,0.2261417
370,0.04314298,0.4003851,0.3308029,0.2256689
371,0.04314984,0.40072,0.3307752,0.225355
372,0.04318153,0.4011144,0.330422,0.2252821
373,0.04371608,0.3967671,0.3316599,0.2278569
374,0.04414272,0.3949625,0.3309908,0.229904
375,0.04448206,0.3945499,0.329419,0.231549
376,0.044758,0.3949002,0.327423,0.2329188
377,0.04498822,0.3956424,0.3252725,0.2340969
378,0.04518376,0.3965582,0.3231314,0.2351266
379,0.04535101,0.3975193,0.3211046,0.2360252
380,0.04549384,0.3984508,0.3192564,0.2367991
381,0.04561495,0.3993108,0.3176222,0.237452
382,0.0457164,0.4000784,0.3162174,0.2379877
383,0.04580044,0.4007459,0.3150394,0.2384143
384,0.0458694,0.4013147,0.3140728,0.2387432
385,0.04603091,0.4010529,0.3133454,0.2395709
386,0.04615593,0.4011283,0.3125355,0.2401803
387,0.0462436,0.4013456,0.3118483,0.2405626
388,0.04630389,0.4016003,0.3113155,0.2407803
389,0.0463442,0.4018411,0.3109365,0.2408782
390,0.04636962,0.4020457,0.3106981,0.2408865
391,0.04638351,0.4022069,0.3105851,0.2408245
392,0.04638791,0.4023242,0.3105849,0.2407031
393,0.046384,0.4023992,0.3106885,0.2405283
394,0.04637283,0.4024352,0.3108859,0.240306
395,0.04635518,0.4024356,0.3111687,0.2400405
396,0.04633162,0.4024037,0.3115295,0.2397353
397,0.04746506,0.393833,0.3129885,0.2457135
398,0.04834076,0.3897845,0.3116193,0.2502555
399,0.04890494,0.3881696,0.3099502,0.2529753
400,0.04925,0.3877815,0.3085032,0.2544653
401,0.0494459,0.3879367,0.3074712,0.2551463
402,0.04954509,0.3882739,0.30686,0.255321
403,0.04958507,0.3886219,0.3065931,0.2551999
404,0.0495916,0.3889156,0.3065689,0.2549239
405,0.04958175,0.389144,0.3066889,0.2545853
406,0.04956628,0.3893199,0.306873,0.2542409
407,0.04955179,0.3894638,0.3070593,0.2539253
408,0.04954213,0.3895956,0.3072042,0.2536581
409,0.04449135,0.4349923,0.2926165,0.2278999
410,0.04149069,0.452163,0.2932648,0.2130815
411,0.03982203,0.4577651,0.2971499,0.205263
412,0.03888109,0.4587837,0.3011773,0.2011579
413,0.03835315,0.4581553,0.3044005,0.199091
414,0.03806038,0.4571032,0.3067033,0.1981332
415,0.03789938,0.4560923,0.3082517,0.1977565
416,0.03780973,0.4552586,0.3092705,0.1976612
417,0.03775636,0.4546048,0.3099586,0.1976802
418,0.03771939,0.4540902,0.3104665,0.1977239
419,0.03768785,0.453668,0.3108975,0.1977467
420,0.03765596,0.4532994,0.311317,0.1977276
421,0.03785306,0.4502825,0.3130586,0.1988059
422,0.03796555,0.4486755,0.3139741,0.1993849
423,0.03802139,0.4477741,0.3145533,0.1996512
424,0.03803432,0.4472177,0.3150674,0.1996806
425,0.03801835,0.4468158,0.3156124,0.1995533
426,0.03798461,0.4464773,0.3162055,0.1993325
427,0.03794141,0.4461651,0.3168277,0.1990658
428,0.03789493,0.4458701,0.3174461,0.198789
429,0.03784996,0.4455965,0.318023,0.1985306
430,0.03781022,0.4453542,0.3185218,0.1983137
431,0.03777853,0.4451541,0.3189108,0.1981565
432,0.03775686,0.4450055,0.3191661,0.1980715
433,0.04057435,0.4141165,0.3330341,0.212275
434,0.04268159,0.3973567,0.337625,0.2223367
435,0.04419466,0.3887519,0.3378523,0.2292012
436,0.04519836,0.3847578,0.3366373,0.2334066
437,0.04583206,0.3832197,0.3351654,0.2357828
438,0.04622673,0.3829071,0.3337961,0.23707
439,0.0464868,0.3831776,0.3325011,0.2378345
440,0.04668647,0.3837337,0.3311156,0.2384642
441,0.04687199,0.384457,0.3294834,0.2391876
442,0.04706435,0.3853022,0.3275451,0.2400883
443,0.04726739,0.3862414,0.3253379,0.2411532
444,0.04747428,0.3872402,0.3229761,0.2423095
445,0.04758507,0.3863579,0.323478,0.2425791
446,0.04761199,0.3857923,0.3242428,0.2423529
447,0.0476497,0.3854159,0.3246696,0.2422648
448,0.04769032,0.3851783,0.3248867,0.2422447
449,0.04773257,0.3850406,0.3249542,0.2422726
450,0.04777563,0.3849752,0.3249145,0.2423346
451,0.04781866,0.3849616,0.3248005,0.2424191
452,0.04786072,0.3849848,0.3246393,0.2425151
453,0.04790087,0.3850324,0.3244539,0.2426128
454,0.0479387,0.3850952,0.324259,0.2427071
455,0.04797392,0.3851667,0.3240655,0.2427938
456,0.04800631,0.3852419,0.3238818,0.24287
457,0.04784236,0.3917261,0.3176836,0.2427479
458,0.04792979,0.3962588,0.3116715,0.24414
459,0.04796166,0.3994085,0.3076614,0.2449685
460,0.04795935,0.4015754,0.305062,0.2454033
461,0.04793946,0.4030252,0.3034475,0.2455878
462,0.04791181,0.4039599,0.3025115,0.2456169
463,0.04788069,0.4045321,0.3020434,0.2455437
464,0.04784719,0.4048529,0.301905,0.2453949
465,0.04781073,0.405,0.3020078,0.2451814
466,0.04777024,0.4050261,0.3022963,0.2449073
467,0.04772455,0.4049656,0.3027365,0.2445733
468,0.0476721,0.4048377,0.3033151,0.244175
469,0.04228053,0.4517843,0.28934,0.2165953
470,0.0391448,0.4676697,0.2921988,0.2009867
471,0.03741448,0.4717122,0.2980982,0.1927751
472,0.03642897,0.471401,0.3037968,0.1883733
473,0.03585993,0.4697295,0.3083722,0.1860384
474,0.03552737,0.4678754,0.3117634,0.1848339
475,0.03532817,0.466243,0.3141948,0.184234
476,0.03520246,0.4649153,0.3159408,0.1839415
477,0.03511583,0.4638572,0.3172362,0.1837909
478,0.03504876,0.4630002,0.3182582,0.1836928
479,0.03499092,0.4622817,0.3191233,0.1836041
480,0.03493725,0.4616548,0.3199004,0.1835075
481,0.03854885,0.4258672,0.3329113,0.2026727
482,0.04151267,0.406831,0.333528,0.2181283
483,0.04364963,0.3975088,0.3300905,0.228751
484,0.04508884,0.3937377,0.3256811,0.2354923
485,0.04598644,0.3928418,0.3218369,0.2393349
486,0.04650009,0.3932236,0.3190735,0.2412028
487,0.0467639,0.3940206,0.3173661,0.2418495
488,0.0468799,0.3948337,0.3164566,0.2418298
489,0.04692037,0.3955275,0.316024,0.241528
490,0.0469324,0.396097,0.3157843,0.2411862
491,0.04694515,0.3965874,0.3155177,0.2409498
492,0.0469747,0.3970517,0.3150802,0.2408934
493,0.04396655,0.4260701,0.3043649,0.2255985
494,0.04210085,0.4384488,0.3029612,0.2164892
495,0.04103519,0.4433808,0.3039594,0.2116245
496,0.04044691,0.4450518,0.3052811,0.2092201
497,0.0401395,0.4453856,0.3062686,0.2082063
498,0.03999251,0.4452417,0.3068269,0.2079388
499,0.03993294,0.4449798,0.30705,0.2080373
500,0.03991738,0.4447308,0.3070677,0.2082841
501,0.03992091,0.4445269,0.3069907,0.2085615
502,0.03992994,0.444362,0.3068968,0.2088112
503,0.03993741,0.4442198,0.3068354,0.2090075
504,0.03993994,0.4440839,0.3068346,0.2091415
505,0.04277737,0.4162556,0.3171393,0.2238278
506,0.04498994,0.4014086,0.3186541,0.2349474
507,0.04656183,0.3940065,0.31696,0.2424717
508,0.04760554,0.3908206,0.3144327,0.2471412
509,0.04824942,0.3898338,0.3121935,0.2497233
510,0.04861246,0.3898558,0.3106395,0.2508922
511,0.04879141,0.3902388,0.3097937,0.2511761
512,0.0488586,0.3906714,0.3095113,0.2509587
513,0.04886521,0.3910344,0.3095948,0.2505056
514,0.04884524,0.3913081,0.3098574,0.2499893
515,0.04882103,0.3915169,0.3101409,0.2495211
516,0.04880651,0.3916987,0.3103255,0.2491692
517,0.04456218,0.4303498,0.2975168,0.2275712
518,0.04199092,0.4456274,0.2974572,0.2149245
519,0.04054954,0.4509926,0.300226,0.208232
520,0.03974741,0.4522953,0.3031427,0.2048145
521,0.03931382,0.4520778,0.3053854,0.2032231
522,0.03909001,0.451423,0.3068663,0.2026207
523,0.03898196,0.4507537,0.3077416,0.2025227
524,0.03893431,0.4502008,0.3082125,0.2026523
525,0.03891512,0.4497749,0.3084538,0.2028562
526,0.03890663,0.4494451,0.3085932,0.2030551
527,0.03889934,0.449174,0.3087161,0.2032105
528,0.03888848,0.4489298,0.3088752,0.2033065
529,0.04083968,0.4291517,0.3165959,0.2134126
530,0.04229105,0.4191509,0.3178597,0.2206983
531,0.04327248,0.4144655,0.3168898,0.2253722
532,0.04388833,0.4125949,0.3154381,0.2280787
533,0.04424046,0.4120699,0.3142812,0.2294084
534,0.04441439,0.4120851,0.3136621,0.2298383
535,0.04447525,0.4122406,0.3135628,0.2297213
536,0.04446968,0.4123692,0.3138561,0.2293049
537,0.04443016,0.4124266,0.3143831,0.2287602
538,0.04437861,0.412426,0.3149939,0.2282015
539,0.04432988,0.4124024,0.3155606,0.2277071
540,0.04429377,0.4123939,0.3159834,0.2273289
541,0.0463875,0.3931606,0.3225957,0.2378561
542,0.04802915,0.3830866,0.3229655,0.2459188
543,0.04918765,0.3782364,0.3212291,0.2513468
544,0.04998151,0.3763286,0.3188021,0.2548879
545,0.05051626,0.3759792,0.3163511,0.2571535
546,0.05088072,0.376388,0.3140987,0.2586326
547,0.05114061,0.37712,0.3120688,0.2596706
548,0.05133931,0.3779548,0.3102242,0.2604817
549,0.05150242,0.3787881,0.3085297,0.2611798
550,0.05164354,0.3795731,0.3069682,0.2618152
551,0.05176887,0.38029,0.3055409,0.2624003
552,0.05188066,0.3809308,0.3042578,0.2629308
553,0.05151188,0.3851979,0.3023109,0.2609794
554,0.05125042,0.387449,0.3016987,0.2596019
555,0.05109885,0.3885892,0.3014908,0.258821
556,0.05101858,0.3891407,0.3014344,0.2584063
557,0.05098231,0.3893933,0.3014207,0.2582036
558,0.05097086,0.389503,0.301417,0.2581092
559,0.05097147,0.3895486,0.3014232,0.2580567
560,0.05097602,0.3895675,0.301451,0.2580055
561,0.05097955,0.3895745,0.3015136,0.2579323
562,0.05097935,0.3895745,0.3016208,0.2578254
563,0.05097399,0.3895675,0.3017791,0.2576794
564,0.05096293,0.3895523,0.3019915,0.2574933
565,0.04837029,0.4126196,0.2945344,0.2444756
566,0.04664733,0.4229453,0.2943396,0.2360677
567,0.0455863,0.4270592,0.2962661,0.2310884
568,0.04494159,0.4282813,0.2985761,0.2282009
569,0.04455337,0.4282609,0.3006291,0.2265566
570,0.04431951,0.4277868,0.302268,0.2256257
571,0.04417569,0.4272115,0.303529,0.2250838
572,0.04408211,0.4266732,0.3045079,0.2247367
573,0.04401471,0.4262104,0.3053029,0.224472
574,0.04395946,0.42582,0.3059927,0.2242278
575,0.0439086,0.4254856,0.3066326,0.2239732
576,0.04385817,0.4251899,0.3072563,0.2236956
577,0.04353391,0.4276501,0.3067646,0.2220514
578,0.04330336,0.428762,0.307014,0.2209207
579,0.04313399,0.4291813,0.3075911,0.2200936
580,0.04301067,0.4292562,0.3082386,0.2194945
581,0.04291918,0.4291782,0.308853,0.2190496
582,0.04284972,0.4290467,0.309393,0.2187105
583,0.04279618,0.4289108,0.309844,0.2184491
584,0.042755,0.4287935,0.310201,0.2182506
585,0.04272425,0.4287048,0.3104624,0.2181085
586,0.04270308,0.4286491,0.3106257,0.2180221
587,0.042691,0.428628,0.3106902,0.2179909
588,0.04268749,0.4286409,0.3106578,0.2180139
589,0.04290647,0.4269892,0.3108875,0.2192168
590,0.04307371,0.4263547,0.310422,0.2201496
591,0.043187,0.4262249,0.3098042,0.2207839
592,0.04326709,0.4263297,0.3091578,0.2212453
593,0.04332563,0.4265282,0.3085483,0.221598
594,0.04337036,0.4267483,0.307999,0.2218823
595,0.04340613,0.4269561,0.3075158,0.222122
596,0.04343573,0.4271364,0.3070984,0.2223295
597,0.04346063,0.4272842,0.3067449,0.2225103
598,0.04348162,0.4273985,0.3064532,0.2226667
599,0.04349898,0.4274807,0.3062214,0.222799
600,0.04351282,0.4275331,0.3060476,0.2229065
601,0.04200174,0.4416999,0.3009949,0.2153035
602,0.04100833,0.4475864,0.3009452,0.2104601
603,0.04040188,0.4496405,0.3022985,0.207659
604,0.04003858,0.4499784,0.3038824,0.2061007
605,0.03982484,0.4496294,0.3052665,0.2052793
606,0.0397001,0.449069,0.3063555,0.2048754
607,0.03962607,0.4484972,0.3071848,0.2046919
608,0.03957912,0.4479822,0.3078278,0.2046109
609,0.03954509,0.4475347,0.3083559,0.2045644
610,0.0395159,0.4471433,0.3088251,0.2045157
611,0.03948713,0.4467922,0.3092739,0.2044468
612,0.03945665,0.4464671,0.3097257,0.2043506
613,0.04105552,0.4298959,0.3165787,0.2124698
614,0.04221459,0.4215718,0.318075,0.2181385
615,0.04298351,0.4176766,0.3176516,0.2216882
616,0.04345404,0.4160957,0.3167837,0.2236665
617,0.04371621,0.4156132,0.3160834,0.2245872
618,0.04384438,0.4155805,0.3157144,0.2248608
619,0.0438944,0.4156879,0.3156294,0.2247882
620,0.04390568,0.4158146,0.3157017,0.2245781
621,0.04390465,0.4159349,0.3157924,0.224368
622,0.04390732,0.416063,0.3157911,0.2242386
623,0.04392251,0.4162231,0.3156227,0.2242316
624,0.04395372,0.4164352,0.3152517,0.2243594
625,0.04382306,0.4181383,0.3143545,0.2236841
626,0.04375433,0.4190895,0.3137798,0.2233764
627,0.04374446,0.4196914,0.3131429,0.2234213
628,0.04377002,0.4201405,0.312418,0.2236714
629,0.04381583,0.4205232,0.3116277,0.2240333
630,0.0438708,0.4208693,0.3108209,0.224439
631,0.04392724,0.4211823,0.3100493,0.2248412
632,0.04398037,0.4214565,0.3093526,0.2252107
633,0.04402746,0.4216852,0.3087562,0.2255311
634,0.04406665,0.4218641,0.3082779,0.2257914
635,0.04409715,0.421992,0.3079237,0.2259872
636,0.04411886,0.4220704,0.3076917,0.2261191
637,0.04641744,0.4010781,0.3147341,0.2377703
638,0.04819217,0.3899322,0.315367,0.2465086
639,0.04943194,0.3843999,0.3138615,0.2523067
640,0.05024636,0.3820246,0.311875,0.2558541
641,0.05074632,0.3812917,0.3101666,0.2577954
642,0.05102943,0.3813167,0.308982,0.2586719
643,0.05117268,0.3816219,0.3083095,0.2588959
644,0.05123209,0.3819773,0.3080327,0.258758
645,0.05124594,0.3822924,0.3080105,0.2584511
646,0.05123998,0.3825493,0.3081084,0.2581023
647,0.05123042,0.3827622,0.308218,0.2577894
648,0.05122698,0.3829557,0.3082602,0.2575571
649,0.04778076,0.4132578,0.2987545,0.240207
650,0.04557644,0.4262094,0.2987681,0.2294461
651,0.0443041,0.4311967,0.3009309,0.2235682
652,0.04358335,0.4327179,0.3032058,0.220493
653,0.04319077,0.4328436,0.3049367,0.2190289
654,0.04298936,0.4325012,0.3060515,0.218458
655,0.04289524,0.4320744,0.3066802,0.2183502
656,0.04285773,0.4316962,0.3069928,0.2184533
657,0.04284678,0.431392,0.3071375,0.2186238
658,0.0428451,0.4311469,0.3072244,0.2187836
659,0.04284311,0.4309364,0.3073268,0.2188936
660,0.04283591,0.4307385,0.3074887,0.2189369
661,0.04354085,0.4246831,0.3091028,0.2226733
662,0.04404903,0.4218934,0.3087368,0.2253207
663,0.04435897,0.4207509,0.3080502,0.2268399
664,0.04453237,0.4203881,0.3074713,0.2276082
665,0.04461261,0.4203394,0.3071732,0.2278748
666,0.0446314,0.4203715,0.3071811,0.227816
667,0.04461123,0.4203819,0.3074526,0.2275543
668,0.04456764,0.4203364,0.3079223,0.2271736
669,0.0445115,0.4202354,0.3085201,0.226733
670,0.04445076,0.4200941,0.3091785,0.2262767
671,0.04439143,0.4199334,0.3098359,0.2258393
672,0.04433822,0.4197752,0.3104373,0.2254492
673,0.04318006,0.4293537,0.3080105,0.2194557
674,0.0423892,0.4333164,0.3088553,0.2154391
675,0.0419173,0.4346898,0.3102221,0.2131709
676,0.04164556,0.4349602,0.3114272,0.211967
677,0.04150311,0.434842,0.3122145,0.2114403
678,0.04144173,0.4346566,0.3125705,0.2113312
679,0.0414293,0.4345263,0.3125765,0.2114679
680,0.04144486,0.434479,0.3123368,0.2117394
681,0.04147505,0.4345025,0.3119476,0.2120748
682,0.04151085,0.4345705,0.3114935,0.2124252
683,0.04154661,0.4346557,0.3110377,0.21276
684,0.04157894,0.4347363,0.3106245,0.2130603
685,0.04230883,0.4278932,0.3129707,0.2168273
686,0.04282986,0.4246172,0.3131077,0.2194453
687,0.04317488,0.4231785,0.3125311,0.2211154
688,0.04338997,0.4226577,0.3118505,0.2221018
689,0.04351518,0.4225465,0.3113118,0.2226266
690,0.04358112,0.4225829,0.310981,0.222855
691,0.0436096,0.4226444,0.310844,0.2229021
692,0.04361532,0.422683,0.3108582,0.2228435
693,0.04360779,0.4226869,0.3109783,0.222727
694,0.04359355,0.4226611,0.3111596,0.2225857
695,0.04357682,0.4226163,0.3113658,0.222441
696,0.04356033,0.422564,0.3115689,0.2223068
697,0.03787189,0.4763803,0.2919768,0.193771
698,0.03479815,0.4933027,0.2929495,0.1789497
699,0.03314579,0.4973392,0.2980483,0.1714667
700,0.0322326,0.4968219,0.3032342,0.1677113
701,0.03172559,0.4949675,0.3073622,0.1659447
702,0.03144438,0.4929867,0.3103321,0.1652368
703,0.03128722,0.4912684,0.3123722,0.165072
704,0.03119579,0.4898748,0.3137672,0.1651622
705,0.03113674,0.4887536,0.3147621,0.1653476
706,0.03109128,0.487826,0.3155412,0.1655415
707,0.03104898,0.4870206,0.3162315,0.165699
708,0.03100421,0.4862823,0.3169162,0.1657972
709,0.03347439,0.4583676,0.3291161,0.1790419
710,0.03533851,0.4446689,0.3312068,0.1887858
711,0.03659368,0.4386013,0.3297841,0.1950209
712,0.03735826,0.4364145,0.3277097,0.1985175
713,0.03776252,0.4359174,0.3262623,0.2000578
714,0.03792184,0.4359343,0.3258397,0.2003042
715,0.03790731,0.4357857,0.3266922,0.1996148
716,0.03756197,0.4338437,0.331881,0.1967133
717,0.03765173,0.4339144,0.3313501,0.1970837
718,0.03753579,0.4337472,0.3326088,0.1961082
719,0.0371259,0.4324595,0.3372292,0.1931854
720,0.0376063,0.433067,0.3329749,0.1963518
721,0.03812362,0.4300119,0.3326649,0.1991996
722,0.03856375,0.4293315,0.3303847,0.20172
723,0.03891663,0.4298491,0.3274187,0.2038156
724,0.03920479,0.4309606,0.3242315,0.205603
725,0.03944999,0.4323306,0.321021,0.2071984
726,0.03965548,0.4337497,0.3180024,0.2085924
727,0.03982212,0.4350743,0.3153412,0.2097623
728,0.03995267,0.436207,0.3131387,0.2107017
729,0.04005196,0.4370908,0.3114332,0.211424
730,0.04012578,0.4377088,0.3102097,0.2119558
731,0.04017879,0.4380774,0.3094208,0.212323
732,0.04021425,0.4382368,0.3090015,0.2125475
733,0.04019648,0.4388704,0.3084419,0.2124913
734,0.04017965,0.4391487,0.3082569,0.2124147
735,0.04015652,0.439199,0.3083784,0.2122662
736,0.04012857,0.4391067,0.3087017,0.212063
737,0.04009529,0.4389273,0.3091699,0.2118075
738,0.04005608,0.4386946,0.3097491,0.2115003
739,0.04001068,0.4384286,0.3104179,0.2111428
740,0.03995942,0.4381419,0.3111585,0.2107401
741,0.03990303,0.4378428,0.3119549,0.2102992
742,0.03984265,0.4375378,0.3127902,0.2098293
743,0.03977983,0.4372328,0.3136452,0.2093422
744,0.03971655,0.4369346,0.3144965,0.2088523
745,0.04131216,0.4198992,0.3219217,0.216867
746,0.04246717,0.4112362,0.3239102,0.2223864
747,0.04323572,0.4071186,0.3238529,0.2257928
748,0.04370984,0.4054103,0.3232338,0.227646
749,0.04398554,0.4048845,0.3226222,0.2285078
750,0.04414319,0.4048948,0.3221277,0.2288343
751,0.04424269,0.405142,0.3216579,0.2289574
752,0.04432376,0.4055141,0.3210717,0.2290904
753,0.04440865,0.4059851,0.320261,0.2293453
754,0.04450754,0.4065568,0.3191704,0.2297652
755,0.04462127,0.4072303,0.3178094,0.230339
756,0.04474514,0.4079928,0.3162389,0.2310231
757,0.03984301,0.456979,0.2969183,0.2062597
758,0.03706394,0.4747238,0.2954239,0.1927883
759,0.0355363,0.4804248,0.2981882,0.1858507
760,0.03468362,0.4814176,0.301561,0.1823378
761,0.03420939,0.4807083,0.3044099,0.1806725
762,0.03394978,0.4795131,0.306539,0.1799981
763,0.03381063,0.478288,0.3080677,0.1798335
764,0.03373644,0.4771768,0.3091827,0.1799041
765,0.03369418,0.4762029,0.3100492,0.1800537
766,0.03366415,0.4753473,0.3107949,0.1801936
767,0.03363498,0.4745789,0.3115097,0.1802765
768,0.0336002,0.4738663,0.3122558,0.1802777
769,0.03495386,0.4581607,0.3193992,0.1874863
770,0.03589467,0.4505933,0.3212096,0.1923024
771,0.03648137,0.4471621,0.321257,0.1950995
772,0.03679826,0.4457122,0.3211004,0.1963891
773,0.03692286,0.4450579,0.3213967,0.1966225
774,0.03691702,0.4445948,0.3223385,0.1961497
775,0.03682476,0.4440295,0.3239349,0.1952107
776,0.03660778,0.4427845,0.3271574,0.1934502
777,0.03647504,0.4418118,0.3293464,0.1923668
778,0.03608641,0.439225,0.3352447,0.1894438
779,0.03606763,0.43865,0.3360543,0.189228
780,0.03569381,0.437084,0.3406198,0.1866023
781,0.03417473,0.4590741,0.3271768,0.1795743
782,0.03302747,0.468086,0.3247757,0.1741109
783,0.03251487,0.4720663,0.3231164,0.1723024
784,0.03222912,0.4738975,0.3222776,0.1715958
785,0.03210691,0.4748936,0.3212821,0.1717175
786,0.03207523,0.475595,0.3200648,0.172265
787,0.03208864,0.476176,0.318748,0.1729874
788,0.03211955,0.4766482,0.317502,0.1737302
789,0.03215375,0.4769683,0.3164636,0.1744144
790,0.03218453,0.477094,0.3157178,0.1750036
791,0.03220877,0.4770165,0.31529,0.1754847
792,0.03222409,0.4767621,0.3151632,0.1758506
793,0.03217737,0.4770274,0.314956,0.1758392
794,0.03213595,0.4768119,0.3152469,0.1758054
795,0.03209372,0.4763616,0.3158228,0.1757219
796,0.03204677,0.4757922,0.3165878,0.1755732
797,0.03199233,0.47516,0.3174995,0.1753482
798,0.03192886,0.4744899,0.31854,0.1750413
799,0.03185561,0.4737903,0.3197025,0.1746515
800,0.03177255,0.4730634,0.3209827,0.1741813
801,0.03168063,0.4723088,0.3223715,0.1736392
802,0.03158132,0.4715231,0.3238586,0.173037
803,0.03147277,0.4706687,0.3254998,0.1723587
804,0.03113761,0.4679121,0.3310353,0.1699149
805,0.03305539,0.4464541,0.3401574,0.1803331
806,0.03437116,0.4359953,0.3425867,0.1870469
807,0.03483894,0.4299594,0.3468896,0.1883121
808,0.03568386,0.4285266,0.3429869,0.1928027
809,0.03560903,0.427041,0.3461363,0.1912137
810,0.03622396,0.4279068,0.3410989,0.1947702
811,0.03610672,0.4281221,0.3423243,0.1934469
812,0.03679157,0.4302018,0.3350763,0.1979303
813,0.03704602,0.4323719,0.3310346,0.1995475
814,0.0372632,0.4344212,0.3273211,0.2009945
815,0.03745132,0.4363204,0.3239304,0.2022979
816,0.03761259,0.4380467,0.32089,0.2034507
817,0.0375874,0.441126,0.3177155,0.203571
818,0.03758289,0.4431031,0.3155367,0.2037774
819,0.03759294,0.4444207,0.3139598,0.2040266
820,0.03760827,0.4453012,0.3128331,0.2042574
821,0.03762395,0.4458656,0.3120706,0.2044398
822,0.03763723,0.4461847,0.3116184,0.2045598
823,0.03764632,0.4463074,0.3114361,0.2046101
824,0.03764978,0.4462755,0.3114876,0.2045871
825,0.03764616,0.4461267,0.3117396,0.2044876
826,0.03763407,0.4458936,0.3121636,0.2043086
827,0.0376125,0.4456021,0.3127362,0.2040491
828,0.03758104,0.4452705,0.3134371,0.2037113
829,0.03501219,0.470851,0.3042593,0.1898776
830,0.03344784,0.4797828,0.305097,0.1816723
831,0.03252312,0.4820215,0.3084461,0.1770093
832,0.03197187,0.4816569,0.3120081,0.1743631
833,0.03164031,0.4804582,0.3150304,0.1728711
834,0.03143663,0.4791459,0.3173902,0.1720272
835,0.03130584,0.477972,0.3191878,0.1715343
836,0.03121545,0.4769899,0.3205731,0.1712216
837,0.03114676,0.4761791,0.3216799,0.1709943
838,0.03108947,0.4755006,0.3226064,0.1708035
839,0.03103847,0.4749191,0.3234141,0.1706284
840,0.03099177,0.4744099,0.3241336,0.1704647
841,0.03214251,0.4603717,0.3307837,0.1767021
842,0.03294179,0.453878,0.3323041,0.1808762
843,0.03345949,0.4511757,0.3319196,0.1834453
844,0.03377005,0.4502778,0.3310874,0.1848648
845,0.03394643,0.4501523,0.3303269,0.1855743
846,0.03404535,0.4503178,0.3297288,0.1859081
847,0.03410628,0.4505866,0.3292129,0.1860942
848,0.03415383,0.4509083,0.3286675,0.1862704
849,0.03420107,0.4512812,0.328013,0.1865047
850,0.03425346,0.4517102,0.3272172,0.1868191
851,0.03431177,0.4521929,0.3262876,0.1872077
852,0.03437462,0.4527175,0.3252552,0.1876527
853,0.03419556,0.4559843,0.3229829,0.1868373
854,0.03409705,0.4576896,0.3217201,0.1864932
855,0.0340546,0.4586424,0.3208387,0.1864642
856,0.03404752,0.4592156,0.3201145,0.1866224
857,0.03405996,0.4595848,0.3194852,0.18687
858,0.03408125,0.4598271,0.3189492,0.1871423
859,0.03410461,0.4599753,0.3185211,0.187399
860,0.03412576,0.4600449,0.3182136,0.1876158
861,0.03414204,0.460047,0.3180324,0.1877787
862,0.034152,0.4599921,0.3179743,0.1878817
863,0.03415488,0.4598905,0.3180316,0.187923
864,0.03415043,0.4597516,0.3181943,0.1879037
865,0.03418369,0.4591132,0.3186322,0.1880709
866,0.03419544,0.4587209,0.3189846,0.1880989
867,0.03418934,0.4584376,0.3193611,0.1880119
868,0.0341698,0.4581966,0.319795,0.1878385
869,0.03414035,0.4579664,0.3202923,0.187601
870,0.03410387,0.457734,0.3208441,0.1873181
871,0.03406282,0.4574969,0.3214347,0.1870057
872,0.03401947,0.4572578,0.3220436,0.1866791
