EwEVersion,"6.5.13829.0 (compiled 2016-05-17)"
Date,"2016-09-06 18:34:59"
ModelName,Baltic_Proper-SEALS
EcosimScenario,Proper1_SealVuln100_19742100_seal1_cofF1
TimeSeries,new_data_weights_19742100_BAU_WAR1_codF1_seal1
StartYear,1974

Data,"Prey of microzooplankton"

Year,"Cyanobacteria","Phytoplankton","Detritus-water column",
1974,0.000781,0.5598506,0.4393683
1975,0.0007833519,0.5499803,0.4492364
1976,0.0006566581,0.6143683,0.3849751
1977,0.0006730384,0.5936307,0.4056962
1978,0.0007064992,0.5704847,0.4288089
1979,0.0007238474,0.5586322,0.4406439
1980,0.0006466925,0.6003013,0.3990519
1981,0.0006361542,0.599535,0.3998289
1982,0.000611849,0.6101218,0.3892664
1983,0.0006488403,0.582122,0.4172291
1984,0.0006403026,0.5874924,0.4118673
1985,0.0007642394,0.5198733,0.4793625
1986,0.0006563811,0.5851144,0.4142293
1987,0.0009882011,0.3954209,0.6035908
1988,0.0008925385,0.4636875,0.5354199
1989,0.0008239686,0.5019687,0.4972073
1990,0.0007880246,0.5263729,0.4728391
1991,0.0009444701,0.4453453,0.5537103
1992,0.0008207709,0.5179227,0.4812566
1993,0.0008357848,0.5094527,0.4897115
1994,0.0007867753,0.5394003,0.4598129
1995,0.0007560451,0.550815,0.4484289
1996,0.0009026154,0.4742129,0.5248845
1997,0.0009678238,0.4440051,0.5550271
1998,0.0008301612,0.5183168,0.480853
1999,0.0006934002,0.5876162,0.4116904
2000,0.0009092186,0.4667433,0.5323475
2001,0.0009288849,0.4635106,0.5355605
2002,0.0009422534,0.4585494,0.5405083
2003,0.0007191767,0.5816674,0.4176134
2004,0.0008857907,0.484963,0.5141511
2005,0.0009358363,0.4641557,0.5349085
2006,0.0009439862,0.4609078,0.5381482
2007,0.0009885898,0.4399869,0.5590245
2008,0.0008146614,0.534132,0.4650533
2009,0.0008064267,0.5345121,0.4646815
2010,0.0009565638,0.4591767,0.5398667
2011,0.0009886223,0.4482625,0.5507488
2012,0.000965799,0.4564502,0.542584
2013,0.0007748398,0.5570374,0.4421878
2014,0.0009372884,0.4654,0.5336628
2015,0.0008442223,0.517662,0.4814937
2016,0.0009680174,0.4505632,0.5484688
2017,0.0008318792,0.5261963,0.4729718
2018,0.0009076493,0.4834787,0.5156136
2019,0.001016103,0.4313321,0.5676517
2020,0.001015011,0.4348805,0.5641045
2021,0.0009150908,0.4880775,0.5110074
2022,0.0008902192,0.5002049,0.4989049
2023,0.000895221,0.4961768,0.502928
2024,0.0008356041,0.5258999,0.4732644
2025,0.0009042547,0.4896511,0.5094447
2026,0.0009077573,0.4891756,0.5099167
2027,0.001012313,0.4355781,0.5634096
2028,0.0008995304,0.4976096,0.5014907
2029,0.0009137054,0.4872571,0.5118292
2030,0.0008725894,0.510318,0.4888093
2031,0.0008996676,0.4939886,0.5051117
2032,0.0006987998,0.5966216,0.4026797
2033,0.0008026066,0.5344254,0.4647719
2034,0.0008358246,0.5164157,0.4827484
2035,0.0008356176,0.5150638,0.4841006
2036,0.0009137343,0.4783394,0.5207468
2037,0.0007397052,0.5694948,0.4297654
2038,0.0007862591,0.5414939,0.4577199
2039,0.000708156,0.5818655,0.4174263
2040,0.0006946093,0.5816703,0.4176351
2041,0.0007871544,0.5326769,0.466536
2042,0.0007919911,0.5271537,0.4720543
2043,0.0006926208,0.5834003,0.4159071
2044,0.0007387825,0.5557978,0.4434635
2045,0.0007348244,0.55641,0.4428552
2046,0.0007354757,0.5558527,0.4434118
2047,0.0006794891,0.5867429,0.4125776
2048,0.0006965229,0.5732455,0.4260579
2049,0.0006883258,0.577751,0.4215607
2050,0.0007735344,0.5283327,0.4708939
2051,0.0007965614,0.5210202,0.4781833
2052,0.000766844,0.5398298,0.4594034
2053,0.0007494919,0.5514696,0.447781
2054,0.0007194958,0.5667844,0.4324962
2055,0.0006250042,0.6162053,0.3831697
2056,0.0007319129,0.5521552,0.4471129
2057,0.0005996698,0.624702,0.3746984
2058,0.0006463882,0.5929522,0.4064014
2059,0.0006870169,0.5686787,0.4306343
2060,0.000724806,0.5457084,0.4535669
2061,0.0006201277,0.61054,0.3888399
2062,0.0007162203,0.5508423,0.4484415
2063,0.000667172,0.5829346,0.4163982
2064,0.0006954705,0.5639828,0.4353218
2065,0.0006574044,0.5900109,0.4093317
2066,0.0006458513,0.5908199,0.4085343
2067,0.0006696469,0.5807821,0.4185482
2068,0.0006859829,0.5666351,0.4326789
2069,0.0006765191,0.5753208,0.4240026
2070,0.0006827278,0.5719378,0.4273795
2071,0.0006939677,0.5651285,0.4341775
2072,0.0006856738,0.5728454,0.4264691
2073,0.0006882224,0.5704622,0.4288495
2074,0.000665143,0.5846464,0.4146886
2075,0.0006076081,0.6148285,0.3845639
2076,0.0005977208,0.6162681,0.3831342
2077,0.0006201093,0.5992783,0.4001015
2078,0.0005763682,0.6224886,0.3769351
2079,0.0007011673,0.5496041,0.4496948
2080,0.0006929262,0.5566652,0.4426419
2081,0.0006164411,0.6039207,0.3954629
2082,0.0005996411,0.613228,0.3861723
2083,0.0006385624,0.5846317,0.4147298
2084,0.0005906798,0.6160743,0.3833351
2085,0.0006208676,0.5925712,0.4068079
2086,0.0006212747,0.5960744,0.4033043
2087,0.0005564105,0.6305493,0.3688943
2088,0.0006138353,0.5971188,0.4022674
2089,0.0005660992,0.6212146,0.3782193
2090,0.0005221738,0.6457043,0.3537736
2091,0.0005160538,0.6444623,0.3550217
2092,0.0005462275,0.618916,0.3805378
2093,0.000587412,0.5973937,0.4020189
2094,0.0005408379,0.6235264,0.3759327
2095,0.0006550853,0.5598317,0.4395132
2096,0.0006493573,0.5648242,0.4345265
2097,0.0005735552,0.6161322,0.3832943
2098,0.0006738892,0.5578763,0.4414499
