EwEVersion,"6.5.13829.0 (compiled 2016-05-17)"
Date,"2016-09-06 16:59:01"
ModelName,Baltic_Proper-SEALS
EcosimScenario,Proper1_SealVuln100_19742100_seal1_cofF03
TimeSeries,new_data_weights_19742100_BAU_WAR1_codF03_seal100
StartYear,1974

Data,"Prey of Pseudocalanus sp."

TimeStep,"Cyanobacteria","Phytoplankton","microzooplankton","Detritus-water column",
1,0.04366293,0.4557547,0.2818175,0.2187649
2,0.0400933,0.4747883,0.2833427,0.2017757
3,0.03816162,0.4799529,0.2887887,0.1930968
4,0.03708254,0.4799942,0.2942973,0.1886259
5,0.03647449,0.4783788,0.2987401,0.1864066
6,0.03613125,0.4764783,0.3019903,0.1854002
7,0.0359361,0.474777,0.3042554,0.1850316
8,0.03582186,0.4733878,0.3058116,0.1849787
9,0.03574984,0.4722825,0.306905,0.1850626
10,0.03569806,0.4713918,0.3077239,0.1851862
11,0.0356543,0.4706463,0.3084007,0.1852987
12,0.03561193,0.4699903,0.3090228,0.185375
13,0.03617777,0.4636159,0.3116299,0.1885765
14,0.03655842,0.4606593,0.3120425,0.1907397
15,0.03677773,0.4593259,0.311914,0.1919824
16,0.03688683,0.4587188,0.311784,0.1926104
17,0.03692295,0.4583818,0.3118585,0.1928366
18,0.0369129,0.4581036,0.3121724,0.1928111
19,0.03687529,0.4578028,0.3126848,0.1926372
20,0.03682293,0.4574618,0.313329,0.1923863
21,0.03676482,0.4570924,0.3140332,0.1921095
22,0.03670745,0.4567172,0.3147301,0.1918453
23,0.03665565,0.4563604,0.3153605,0.1916234
24,0.03661297,0.4560439,0.3158765,0.1914666
25,0.0331501,0.4876059,0.3057854,0.1734587
26,0.0311473,0.4966094,0.3089246,0.1633187
27,0.0300859,0.4979153,0.3136111,0.1583877
28,0.02950414,0.4967392,0.3177379,0.1560188
29,0.02919316,0.4950518,0.3206867,0.1550684
30,0.02903376,0.4935321,0.322546,0.1548883
31,0.02895668,0.4923404,0.3235983,0.1551046
32,0.02892208,0.4914491,0.3241238,0.155505
33,0.02890749,0.4907782,0.3243417,0.1559726
34,0.02890019,0.4902472,0.3244103,0.1564424
35,0.02889356,0.489793,0.3244314,0.1568819
36,0.02888434,0.4893726,0.3244662,0.1572769
37,0.02955887,0.4812846,0.3278544,0.1613022
38,0.03001414,0.4778103,0.3281161,0.1640595
39,0.03029162,0.4764452,0.3274859,0.1657773
40,0.03044759,0.4759791,0.3267741,0.1667992
41,0.03052419,0.4758197,0.3262832,0.1673729
42,0.03055126,0.4757065,0.3260723,0.1676699
43,0.03054884,0.4755455,0.326102,0.1678037
44,0.03052986,0.475318,0.3263055,0.1678467
45,0.03050243,0.4750355,0.326618,0.167844
46,0.03047219,0.4747207,0.326979,0.167828
47,0.03044269,0.4743961,0.3273412,0.16782
48,0.03041627,0.4740805,0.3276694,0.1678339
49,0.03112202,0.4656735,0.3313853,0.1718192
50,0.03161122,0.4620529,0.3317747,0.1745611
51,0.0319217,0.4607026,0.3311035,0.1762721
52,0.03211288,0.4603889,0.330176,0.1773222
53,0.03222897,0.4604934,0.3293034,0.1779742
54,0.03230108,0.4607324,0.3285586,0.1784078
55,0.0323495,0.460991,0.3279229,0.1787364
56,0.03238652,0.461233,0.3273543,0.1790261
57,0.03241906,0.4614532,0.3268161,0.1793116
58,0.03244996,0.4616546,0.3262921,0.1796034
59,0.03248022,0.4618402,0.3257777,0.1799018
60,0.03250977,0.4620113,0.325277,0.1802018
61,0.03279651,0.4583774,0.3270487,0.1817774
62,0.0329813,0.4566708,0.3275991,0.1827489
63,0.03311393,0.4559421,0.3274815,0.1834625
64,0.03320458,0.4556984,0.327134,0.1839629
65,0.03326678,0.4556791,0.326731,0.1843233
66,0.0333106,0.4557526,0.3263398,0.1845971
67,0.0333429,0.4558569,0.3259811,0.1848191
68,0.0333679,0.455964,0.3256585,0.1850096
69,0.03338807,0.4560619,0.3253711,0.185179
70,0.03340508,0.4561472,0.3251136,0.1853342
71,0.03341977,0.4562193,0.3248827,0.1854781
72,0.03343256,0.4562791,0.3246769,0.1856114
73,0.03145631,0.476575,0.3172291,0.1747396
74,0.03024613,0.4832559,0.318229,0.168269
75,0.0295532,0.4847052,0.320933,0.1648086
76,0.02915549,0.4842364,0.3235898,0.1630183
77,0.02892856,0.4832236,0.3256813,0.1621666
78,0.02879884,0.4821925,0.3271807,0.161828
79,0.02872261,0.4813037,0.3282202,0.1617535
80,0.02867417,0.4805715,0.3289544,0.1617999
81,0.02863875,0.4799619,0.3295128,0.1618866
82,0.02860806,0.4794323,0.3299896,0.16197
83,0.02857768,0.4789471,0.3304471,0.1620281
84,0.02854539,0.4784811,0.3309223,0.1620513
85,0.02860034,0.4783809,0.3303104,0.1627084
86,0.02864648,0.4784861,0.3295572,0.1633102
87,0.02865083,0.4785344,0.3292269,0.1635879
88,0.0286345,0.4784752,0.3291921,0.1636983
89,0.028605,0.4783057,0.3293933,0.163696
90,0.02856615,0.4780417,0.3297829,0.1636092
91,0.02852024,0.4777028,0.3303211,0.1634559
92,0.0284689,0.477308,0.3309737,0.1632493
93,0.02841358,0.4768748,0.3317096,0.1630021
94,0.02835585,0.476419,0.3324977,0.1627274
95,0.02829759,0.4759564,0.333305,0.1624411
96,0.02824106,0.4755028,0.3340946,0.1621616
97,0.02775283,0.4804463,0.3323175,0.1594834
98,0.02743677,0.4821347,0.3325769,0.1578515
99,0.02723672,0.4824591,0.3333917,0.1569125
100,0.02711729,0.4822811,0.3341454,0.1564561
101,0.02705215,0.4819891,0.3346333,0.1563255
102,0.02702351,0.4817384,0.3348223,0.1564157
103,0.02701934,0.4815749,0.3347503,0.1566554
104,0.02703136,0.4814954,0.334479,0.1569943
105,0.02705368,0.4814784,0.3340727,0.1573953
106,0.02708176,0.4814976,0.3335923,0.1578284
107,0.02711206,0.4815294,0.3330894,0.1582692
108,0.0271419,0.4815552,0.3326045,0.1586984
109,0.02802958,0.4717747,0.3360825,0.1641131
110,0.02866479,0.4678607,0.3355022,0.1679723
111,0.02907423,0.4666475,0.3338796,0.1703987
112,0.02932973,0.4665942,0.3321984,0.1718776
113,0.02948329,0.4669358,0.3308393,0.1727416
114,0.02957214,0.4673304,0.3298746,0.1732228
115,0.02962137,0.4676505,0.3292538,0.1734743
116,0.02964705,0.4678678,0.3288928,0.1735925
117,0.02965911,0.4679937,0.3287113,0.1736357
118,0.0296634,0.4680508,0.3286479,0.1736379
119,0.02966344,0.4680608,0.3286573,0.1736185
120,0.02966128,0.4680413,0.3287081,0.1735892
121,0.02934244,0.4711924,0.3277817,0.1716835
122,0.02912392,0.4722255,0.3282636,0.170387
123,0.02899351,0.4723898,0.3289608,0.1696559
124,0.02891519,0.4722258,0.3296125,0.1692466
125,0.02886891,0.4719748,0.330125,0.1690312
126,0.02884188,0.4717343,0.3304939,0.1689299
127,0.02882604,0.4715347,0.3307461,0.1688932
128,0.02881651,0.4713781,0.3309138,0.1688915
129,0.02881043,0.4712569,0.3310248,0.1689079
130,0.02880616,0.4711621,0.331099,0.1689329
131,0.0288028,0.4710858,0.3311502,0.1689613
132,0.02879984,0.471022,0.3311877,0.1689904
133,0.03107048,0.4410915,0.3461326,0.1817054
134,0.03271073,0.4257894,0.3511922,0.1903076
135,0.03385416,0.4186106,0.3516169,0.1959184
136,0.03458286,0.4156741,0.35064,0.199103
137,0.03501633,0.4147823,0.3495573,0.2006439
138,0.03526049,0.4147786,0.3487591,0.2012018
139,0.0353962,0.4151172,0.3482248,0.2012618
140,0.03547912,0.4155788,0.3477961,0.201146
141,0.03554447,0.4160981,0.3473088,0.2010486
142,0.03561351,0.416672,0.3466334,0.201081
143,0.03569744,0.4173138,0.3456933,0.2012954
144,0.03580118,0.4180361,0.3444554,0.2017074
145,0.03271698,0.4543293,0.3283747,0.1845791
146,0.03100077,0.467705,0.3257764,0.1755179
147,0.03009409,0.4724934,0.3262419,0.1711706
148,0.02961607,0.4739083,0.3272547,0.1692209
149,0.02936776,0.4740688,0.3280831,0.1684803
150,0.02924176,0.4738349,0.3285974,0.1683259
151,0.02917945,0.4735295,0.3288573,0.1684336
152,0.02914914,0.473252,0.3289594,0.1686395
153,0.02913379,0.4730157,0.3289869,0.1688636
154,0.0291243,0.4728071,0.3290001,0.1690685
155,0.02911589,0.472608,0.3290382,0.1692379
156,0.02910605,0.4724034,0.3291252,0.1693655
157,0.03451301,0.4078952,0.3573082,0.2002835
158,0.03940519,0.3681998,0.3649669,0.2274282
159,0.04341533,0.3445505,0.3634386,0.2485955
160,0.04645223,0.331389,0.3585303,0.2636285
161,0.0485772,0.3247692,0.3534335,0.2732201
162,0.04994729,0.3219715,0.3495553,0.2785259
163,0.05075501,0.3212138,0.3472255,0.2808057
164,0.05118357,0.3214234,0.346209,0.281184
165,0.05138332,0.3220294,0.3460464,0.2805409
166,0.05146573,0.3227775,0.3462544,0.2795024
167,0.05150741,0.3235855,0.3464257,0.2784813
168,0.05155673,0.3244478,0.346272,0.2777234
169,0.04741255,0.3671896,0.3303617,0.2550361
170,0.0448836,0.3873519,0.3259173,0.2418472
171,0.04380365,0.397351,0.3216014,0.237244
172,0.043328,0.4030481,0.3177063,0.2359176
173,0.04311069,0.4064235,0.3147432,0.2357226
174,0.04302894,0.4085378,0.312447,0.2359863
175,0.04301205,0.4099292,0.3107077,0.2363511
176,0.04302215,0.4108848,0.3094378,0.2366552
177,0.04304079,0.4115644,0.3085485,0.2368463
178,0.04306005,0.4120604,0.307955,0.2369246
179,0.04307681,0.4124298,0.3075855,0.2369079
180,0.04309006,0.4127095,0.3073845,0.2368159
181,0.04183706,0.425941,0.3022795,0.2299425
182,0.04099062,0.4319857,0.3016572,0.2253664
183,0.04045369,0.4344973,0.302544,0.2225051
184,0.04011884,0.4353145,0.3038375,0.2207292
185,0.0399114,0.4353798,0.3050963,0.2196125
186,0.03978157,0.4351549,0.3061862,0.2188773
187,0.03969697,0.4348505,0.3071045,0.218348
188,0.03963698,0.4345508,0.3078965,0.2179157
189,0.03958869,0.4342804,0.308617,0.2175139
190,0.03954431,0.434038,0.3093136,0.2171041
191,0.03949916,0.4338132,0.3100235,0.2166641
192,0.03945049,0.4335945,0.3107736,0.2161814
193,0.03867259,0.4411125,0.3083947,0.2118202
194,0.03813435,0.4442956,0.3087534,0.2088166
195,0.03777187,0.4453981,0.3100501,0.20678
196,0.03752746,0.4455318,0.3115637,0.205377
197,0.03735952,0.4452653,0.3130017,0.2043735
198,0.03724027,0.4448748,0.3142668,0.2036182
199,0.0371521,0.4444852,0.3153432,0.2030195
200,0.0370844,0.4441468,0.3162438,0.202525
201,0.03703117,0.4438751,0.3169857,0.2021081
202,0.03698945,0.4436715,0.3175806,0.2017586
203,0.03695795,0.4435328,0.3180351,0.2014741
204,0.03693619,0.4434541,0.3183538,0.2012559
205,0.04006742,0.4107692,0.3312742,0.2178892
206,0.04255964,0.393156,0.3335781,0.2307062
207,0.04437167,0.3842961,0.3317804,0.2395518
208,0.04561312,0.3804748,0.3286995,0.2452126
209,0.04642287,0.3793569,0.3256495,0.2485707
210,0.0469352,0.3795547,0.3230833,0.2504267
211,0.04726018,0.3803057,0.321027,0.2514072
212,0.04747829,0.381232,0.3193382,0.2519515
213,0.04764275,0.3821719,0.3178486,0.2523369
214,0.04778305,0.3830702,0.3164469,0.2526999
215,0.04791375,0.3839151,0.3150765,0.2530946
216,0.04803989,0.3847082,0.3137277,0.2535241
217,0.04411147,0.4237678,0.2991666,0.232954
218,0.0416986,0.4400159,0.2975595,0.2207259
219,0.04031652,0.4461746,0.2994606,0.2140483
220,0.03952726,0.4479822,0.3020269,0.2104637
221,0.0390826,0.4480375,0.3042705,0.2086094
222,0.03883742,0.4475022,0.3059518,0.2077086
223,0.03870597,0.4468655,0.3071126,0.207316
224,0.03863757,0.4463053,0.3078786,0.2071786
225,0.03860256,0.4458627,0.3083797,0.207155
226,0.0385838,0.4455252,0.3087228,0.2071682
227,0.03857166,0.4452642,0.308986,0.2071781
228,0.03856084,0.4450513,0.309223,0.2071648
229,0.03914348,0.4379893,0.3127536,0.2101137
230,0.03953565,0.4344403,0.3140613,0.2119628
231,0.03978937,0.4327106,0.3144365,0.2130635
232,0.03993937,0.4319071,0.3145404,0.2136131
233,0.04001762,0.4315353,0.3146558,0.2137913
234,0.04004898,0.4313388,0.3148777,0.2137345
235,0.04005134,0.4311962,0.3152131,0.2135392
236,0.04003705,0.4310591,0.3156326,0.2132712
237,0.04001449,0.4309154,0.3160954,0.2129748
238,0.03998929,0.4307701,0.3165602,0.2126803
239,0.03996528,0.4306349,0.3169911,0.2124087
240,0.039945,0.4305219,0.3173587,0.2121745
241,0.03850861,0.4429264,0.3142269,0.2043381
242,0.03754118,0.4475258,0.3158191,0.199114
243,0.03697465,0.448792,0.3180362,0.1961972
244,0.03664685,0.4487489,0.3199922,0.194612
245,0.0364649,0.4483047,0.3214069,0.1938235
246,0.03637028,0.447837,0.3222913,0.1935014
247,0.0363262,0.4474751,0.3227581,0.1934406
248,0.03630983,0.4472383,0.3229362,0.1935157
249,0.03630744,0.4471044,0.3229364,0.1936518
250,0.0363114,0.4470421,0.3228375,0.193809
251,0.03631749,0.4470233,0.3226933,0.1939659
252,0.03632354,0.4470267,0.3225375,0.1941123
253,0.0359414,0.4534702,0.3180393,0.1925491
254,0.03571264,0.456775,0.3156881,0.1918242
255,0.03554628,0.4584182,0.3147162,0.1913195
256,0.03543652,0.4591693,0.3143443,0.1910499
257,0.03536581,0.4594599,0.3142385,0.1909359
258,0.03531984,0.4595197,0.3142499,0.1909106
259,0.03528865,0.4594663,0.3143166,0.1909285
260,0.03526567,0.4593574,0.3144159,0.190961
261,0.03524686,0.45922,0.3145411,0.1909921
262,0.03522977,0.4590662,0.3146911,0.1910129
263,0.03521308,0.4589015,0.3148656,0.1910198
264,0.03519611,0.4587285,0.3150631,0.1910122
265,0.03802617,0.4263578,0.3298459,0.2057701
266,0.04015591,0.4089649,0.3345667,0.2163125
267,0.04166771,0.4001483,0.3348155,0.2233685
268,0.04265537,0.3961095,0.3336692,0.2275659
269,0.04325286,0.3945394,0.3324803,0.2297275
270,0.04358784,0.3941243,0.3316911,0.2305967
271,0.0437642,0.3941874,0.331292,0.2307564
272,0.04385845,0.3944283,0.3310901,0.2306232
273,0.04392269,0.3947469,0.330858,0.2304724
274,0.04398837,0.3951325,0.3304178,0.2304614
275,0.04407195,0.3956011,0.3296633,0.2306636
276,0.04417856,0.3961665,0.3285669,0.2310881
277,0.04526386,0.3887025,0.3292115,0.2368221
278,0.04615586,0.385497,0.3268011,0.2415461
279,0.0468082,0.3845591,0.3237089,0.2449238
280,0.04727481,0.3847891,0.320657,0.2472791
281,0.04760431,0.385543,0.3179626,0.2488901
282,0.04783653,0.3864659,0.3157191,0.2499785
283,0.04800155,0.3873781,0.313912,0.2507083
284,0.04812082,0.3882003,0.3124844,0.2511945
285,0.04820888,0.3889071,0.31137,0.251514
286,0.04827553,0.3894999,0.3105066,0.251718
287,0.04832716,0.3899915,0.3098418,0.2518395
288,0.0483679,0.3903979,0.3093338,0.2519003
289,0.04459705,0.4266526,0.2962407,0.2325098
290,0.04225155,0.4417097,0.2951976,0.2208411
291,0.04087996,0.4473002,0.2974918,0.2143281
292,0.04007688,0.4487852,0.3004035,0.2107344
293,0.03960876,0.44862,0.3029713,0.2087999
294,0.03933763,0.4479079,0.3049563,0.2077982
295,0.03918079,0.4471134,0.3063998,0.207306
296,0.03908853,0.446404,0.3074302,0.2070773
297,0.03903126,0.4458164,0.3081816,0.2069708
298,0.03899179,0.445336,0.3087633,0.2069089
299,0.03896025,0.4449336,0.3092563,0.2068499
300,0.03893119,0.4445806,0.3097153,0.2067729
301,0.03574353,0.4755995,0.2984748,0.1901821
302,0.03385547,0.4861015,0.2993512,0.1806918
303,0.03276691,0.4886353,0.3030696,0.1755281
304,0.03212961,0.4881411,0.3069881,0.1727413
305,0.03175275,0.4866952,0.3102668,0.1712853
306,0.03152632,0.4851279,0.3127777,0.1705682
307,0.03138567,0.4837233,0.3146418,0.1702491
308,0.0312929,0.4825386,0.3160353,0.1701333
309,0.03122607,0.4815464,0.3171161,0.1701115
310,0.03117247,0.4806975,0.3180073,0.1701227
311,0.03112524,0.4799464,0.3187918,0.1701365
312,0.03108088,0.479259,0.3195207,0.1701394
313,0.03517626,0.4330579,0.3394478,0.192318
314,0.03858582,0.4074194,0.3437215,0.2102733
315,0.04113782,0.3940955,0.3417163,0.2230504
316,0.042898,0.388014,0.337811,0.231277
317,0.04401464,0.3858339,0.3341893,0.2359621
318,0.04466307,0.3855056,0.3316438,0.2381877
319,0.04500402,0.3858957,0.3302059,0.2388943
320,0.04516532,0.3864704,0.3295609,0.2388035
321,0.04523971,0.3870452,0.3292903,0.2384247
322,0.04528742,0.387607,0.3290291,0.2380764
323,0.04534404,0.3882025,0.3285165,0.2379369
324,0.04542674,0.3888797,0.3276141,0.2380794
325,0.04516664,0.3937317,0.3244514,0.2366503
326,0.04505469,0.3967523,0.3220412,0.2361517
327,0.04503655,0.398808,0.3199576,0.2361978
328,0.04508004,0.4003365,0.3179978,0.2365856
329,0.04515632,0.4015617,0.316147,0.2371349
330,0.04524498,0.4025898,0.314445,0.2377202
331,0.04533326,0.4034683,0.312933,0.2382655
332,0.04541407,0.4042186,0.3116362,0.2387312
333,0.04548411,0.4048531,0.3105613,0.2391014
334,0.04554318,0.4053827,0.3096937,0.2393804
335,0.04559207,0.405819,0.3090107,0.2395782
336,0.04563197,0.4061745,0.3084871,0.2397065
337,0.04596089,0.4035165,0.309237,0.2412857
338,0.04619677,0.4022457,0.3092294,0.2423281
339,0.04635708,0.4017085,0.3089809,0.2429536
340,0.04646149,0.4015469,0.3087127,0.243279
341,0.0465262,0.4015584,0.3085193,0.2433961
342,0.04656328,0.4016334,0.3084326,0.2433708
343,0.04658115,0.4017162,0.3084555,0.2432472
344,0.04658562,0.4017811,0.3085784,0.2430549
345,0.04658061,0.4018187,0.3087873,0.2428135
346,0.04656848,0.4018269,0.3090706,0.242534
347,0.04655103,0.4018073,0.3094165,0.2422251
348,0.04652961,0.4017634,0.309813,0.2418939
349,0.03966767,0.4620009,0.2922543,0.2060771
350,0.03593946,0.4795533,0.2974092,0.187098
351,0.03400084,0.4829307,0.3053493,0.1777192
352,0.03294146,0.4817232,0.3123963,0.172939
353,0.03235463,0.4793716,0.3177048,0.170569
354,0.03202824,0.4770915,0.3213969,0.1694833
355,0.03184454,0.4752238,0.3238655,0.1690661
356,0.0317369,0.4737795,0.325508,0.1689756
357,0.03166782,0.4726655,0.326642,0.1690245
358,0.03161651,0.471776,0.3274941,0.1691133
359,0.03157191,0.4710232,0.3282129,0.1691919
360,0.03152838,0.4703444,0.328889,0.1692382
361,0.03506244,0.4325476,0.3440292,0.1883607
362,0.03797052,0.4127111,0.3454966,0.2038217
363,0.04006937,0.4031067,0.3423738,0.2144501
364,0.041469,0.399244,0.3381982,0.2210889
365,0.04232651,0.3982599,0.3346618,0.2247518
366,0.04280269,0.3984852,0.3323075,0.2264047
367,0.04303426,0.3990566,0.3310747,0.2268344
368,0.04312423,0.3996065,0.3306529,0.2266163
369,0.04314443,0.4000387,0.3306751,0.2261417
370,0.04314298,0.4003851,0.3308029,0.2256689
371,0.04314983,0.4007199,0.3307752,0.225355
372,0.04318153,0.4011143,0.330422,0.2252821
373,0.04371608,0.3967671,0.33166,0.2278569
374,0.04414273,0.3949625,0.3309908,0.229904
375,0.04448206,0.3945499,0.3294191,0.231549
376,0.044758,0.3949002,0.327423,0.2329188
377,0.04498822,0.3956424,0.3252725,0.234097
378,0.04518375,0.3965582,0.3231315,0.2351266
379,0.04535101,0.3975192,0.3211046,0.2360252
380,0.04549384,0.3984507,0.3192564,0.2367991
381,0.04561494,0.3993108,0.3176222,0.2374521
382,0.0457164,0.4000784,0.3162174,0.2379877
383,0.04580044,0.4007459,0.3150394,0.2384143
384,0.0458694,0.4013147,0.3140728,0.2387432
385,0.04603091,0.4010529,0.3133454,0.2395709
386,0.04615593,0.4011283,0.3125355,0.2401803
387,0.0462436,0.4013455,0.3118483,0.2405626
388,0.04630389,0.4016002,0.3113155,0.2407803
389,0.04634419,0.4018411,0.3109365,0.2408782
390,0.04636962,0.4020457,0.3106981,0.2408866
391,0.04638351,0.4022068,0.3105851,0.2408245
392,0.04638791,0.4023241,0.3105849,0.2407031
393,0.046384,0.4023992,0.3106885,0.2405283
394,0.04637284,0.4024352,0.3108859,0.2403061
395,0.04635517,0.4024356,0.3111688,0.2400405
396,0.04633162,0.4024036,0.3115295,0.2397353
397,0.04746506,0.393833,0.3129885,0.2457135
398,0.04834076,0.3897844,0.3116193,0.2502555
399,0.04890494,0.3881696,0.3099502,0.2529753
400,0.04925,0.3877815,0.3085032,0.2544653
401,0.0494459,0.3879367,0.3074711,0.2551463
402,0.04954508,0.3882738,0.30686,0.2553211
403,0.04958507,0.3886218,0.3065931,0.2551999
404,0.04959159,0.3889156,0.3065688,0.2549239
405,0.04958175,0.389144,0.306689,0.2545853
406,0.04956628,0.3893198,0.306873,0.2542409
407,0.04955178,0.3894637,0.3070592,0.2539253
408,0.04954213,0.3895956,0.3072042,0.2536581
409,0.04449135,0.4349922,0.2926165,0.2279
410,0.04149069,0.452163,0.2932648,0.2130815
411,0.03982202,0.457765,0.2971499,0.205263
412,0.03888109,0.4587837,0.3011773,0.2011579
413,0.03835315,0.4581553,0.3044005,0.199091
414,0.03806037,0.4571031,0.3067033,0.1981332
415,0.03789939,0.4560923,0.3082517,0.1977566
416,0.03780972,0.4552586,0.3092704,0.1976612
417,0.03775636,0.4546048,0.3099586,0.1976802
418,0.03771939,0.4540902,0.3104665,0.197724
419,0.03768785,0.4536679,0.3108975,0.1977467
420,0.03765596,0.4532994,0.311317,0.1977276
421,0.03785306,0.4502824,0.3130586,0.1988059
422,0.03796555,0.4486755,0.3139741,0.1993849
423,0.03802139,0.4477741,0.3145533,0.1996512
424,0.03803431,0.4472177,0.3150674,0.1996806
425,0.03801835,0.4468158,0.3156125,0.1995534
426,0.03798461,0.4464773,0.3162056,0.1993326
427,0.0379414,0.4461651,0.3168278,0.1990657
428,0.03789493,0.44587,0.3174461,0.1987889
429,0.03784996,0.4455965,0.318023,0.1985305
430,0.03781023,0.4453542,0.3185218,0.1983137
431,0.03777853,0.445154,0.3189108,0.1981565
432,0.03775686,0.4450055,0.3191662,0.1980716
433,0.04057436,0.4141165,0.3330341,0.212275
434,0.0426816,0.3973566,0.3376251,0.2223367
435,0.04419466,0.3887519,0.3378523,0.2292012
436,0.04519836,0.3847578,0.3366373,0.2334066
437,0.04583206,0.3832197,0.3351654,0.2357829
438,0.04622674,0.3829071,0.3337962,0.23707
439,0.0464868,0.3831776,0.3325011,0.2378345
440,0.04668647,0.3837337,0.3311156,0.2384643
441,0.04687199,0.384457,0.3294834,0.2391877
442,0.04706434,0.3853022,0.3275451,0.2400883
443,0.04726739,0.3862414,0.3253379,0.2411532
444,0.04747428,0.3872402,0.3229761,0.2423095
445,0.04758507,0.3863579,0.323478,0.2425791
446,0.04761198,0.3857923,0.3242428,0.2423529
447,0.0476497,0.3854158,0.3246697,0.2422648
448,0.04769032,0.3851782,0.3248867,0.2422447
449,0.04773256,0.3850406,0.3249542,0.2422726
450,0.04777563,0.3849751,0.3249146,0.2423347
451,0.04781866,0.3849616,0.3248006,0.2424192
452,0.04786072,0.3849847,0.3246394,0.2425151
453,0.04790086,0.3850323,0.3244539,0.2426128
454,0.04793869,0.3850952,0.324259,0.2427071
455,0.04797392,0.3851667,0.3240655,0.2427938
456,0.04800631,0.3852418,0.3238818,0.2428701
457,0.04784235,0.391726,0.3176836,0.242748
458,0.04792978,0.3962587,0.3116715,0.24414
459,0.04796165,0.3994084,0.3076614,0.2449685
460,0.04795935,0.4015754,0.305062,0.2454033
461,0.04793946,0.4030252,0.3034475,0.2455878
462,0.0479118,0.4039598,0.3025115,0.2456169
463,0.04788069,0.404532,0.3020435,0.2455438
464,0.04784719,0.4048529,0.301905,0.2453949
465,0.04781073,0.405,0.3020078,0.2451815
466,0.04777024,0.405026,0.3022964,0.2449074
467,0.04772454,0.4049656,0.3027365,0.2445734
468,0.0476721,0.4048377,0.3033152,0.244175
469,0.04228052,0.4517842,0.28934,0.2165953
470,0.0391448,0.4676697,0.2921988,0.2009867
471,0.03741448,0.4717121,0.2980982,0.1927751
472,0.03642897,0.4714009,0.3037969,0.1883733
473,0.03585993,0.4697294,0.3083722,0.1860384
474,0.03552737,0.4678753,0.3117634,0.1848339
475,0.03532816,0.4662429,0.3141949,0.184234
476,0.03520246,0.4649153,0.3159408,0.1839415
477,0.03511583,0.4638571,0.3172362,0.1837909
478,0.03504876,0.4630001,0.3182583,0.1836928
479,0.03499092,0.4622817,0.3191233,0.1836041
480,0.03493725,0.4616548,0.3199005,0.1835076
481,0.03704905,0.4413476,0.3266791,0.1949243
482,0.03866894,0.4317725,0.3259712,0.2035873
483,0.03974222,0.4278398,0.3233457,0.2090723
484,0.04041627,0.4267482,0.3204969,0.2123386
485,0.04081091,0.4269008,0.3181855,0.2141027
486,0.04102272,0.4274653,0.3165941,0.2149179
487,0.04112272,0.4280609,0.3156372,0.2151792
488,0.04115954,0.4285514,0.3151385,0.2151505
489,0.04116515,0.428919,0.3149134,0.2150024
490,0.04115901,0.429193,0.3148128,0.2148352
491,0.04115285,0.4294133,0.3147258,0.2147082
492,0.04115321,0.429615,0.3145792,0.2146526
493,0.0422303,0.4195839,0.3180135,0.2201723
494,0.04303049,0.4148271,0.3179674,0.224175
495,0.04358129,0.4128741,0.3167159,0.2268287
496,0.04395319,0.4123755,0.3151161,0.2285552
497,0.04420428,0.4125708,0.3135418,0.2296831
498,0.04437825,0.4130535,0.3121185,0.2304497
499,0.04450506,0.4136209,0.3108639,0.2310102
500,0.04460341,0.4141799,0.3097613,0.2314554
501,0.04468405,0.4146932,0.3087903,0.2318324
502,0.04475378,0.4151502,0.3079261,0.2321698
503,0.04481591,0.4155522,0.3071536,0.2324782
504,0.04487193,0.4159043,0.3064635,0.2327602
505,0.04346024,0.4299659,0.3010167,0.2255572
506,0.04252224,0.4362045,0.3003626,0.2209107
507,0.04194959,0.438694,0.3011411,0.2182153
508,0.04161041,0.439438,0.3022238,0.2167278
509,0.04141632,0.4394409,0.3031785,0.2159642
510,0.04130956,0.4391828,0.3038912,0.2156165
511,0.04125332,0.4388759,0.3043769,0.2154939
512,0.04122493,0.4386006,0.3046917,0.2154828
513,0.04121071,0.4383768,0.3048951,0.2155174
514,0.0412025,0.4381995,0.3050382,0.2155599
515,0.04119575,0.4380558,0.3051578,0.2155907
516,0.0411881,0.4379329,0.3052779,0.2156012
517,0.04116415,0.4376867,0.3056762,0.2154729
518,0.04113459,0.4374235,0.3061482,0.2152937
519,0.04111219,0.4371737,0.3065526,0.2151614
520,0.0410915,0.4369475,0.306922,0.2150389
521,0.04107104,0.4367437,0.3072682,0.214917
522,0.04105036,0.4365594,0.3075974,0.2147928
523,0.04102945,0.4363916,0.3079123,0.2146666
524,0.04100856,0.4362385,0.3082126,0.2145403
525,0.04098807,0.436099,0.3084966,0.2144163
526,0.0409683,0.4359728,0.3087619,0.2142971
527,0.04094966,0.43586,0.3090049,0.2141854
528,0.04093259,0.4357611,0.3092218,0.2140845
529,0.04114321,0.4337361,0.3099251,0.2151957
530,0.04129206,0.4328371,0.3099018,0.2159691
531,0.04138358,0.4324958,0.3096998,0.2164209
532,0.04143891,0.4324202,0.3094607,0.2166801
533,0.04147186,0.43246,0.3092415,0.2168267
534,0.04149196,0.432542,0.3090523,0.2169137
535,0.04150549,0.4326345,0.308885,0.2169751
536,0.04151628,0.4327257,0.3087272,0.2170309
537,0.04152654,0.4328129,0.3085689,0.2170917
538,0.04153727,0.4328967,0.3084043,0.2171617
539,0.04154883,0.4329783,0.3082314,0.2172414
540,0.04156118,0.4330583,0.3080513,0.2173293
541,0.04263178,0.4227523,0.3117878,0.2228282
542,0.04341643,0.4177422,0.3120977,0.2267437
543,0.0439498,0.4155475,0.3112087,0.229294
544,0.04429702,0.4148176,0.3100209,0.2308644
545,0.04451546,0.4147837,0.3089209,0.2317799
546,0.04464972,0.4150342,0.3080314,0.2322846
547,0.04473166,0.4153656,0.3073553,0.2325474
548,0.04478263,0.4156893,0.3068507,0.2326773
549,0.04481621,0.4159749,0.3064673,0.2327416
550,0.04484086,0.4162192,0.3061599,0.23278
551,0.04486138,0.4164294,0.3058954,0.2328138
552,0.04488037,0.4166148,0.3056521,0.2328528
553,0.04483251,0.4172561,0.3053749,0.2325366
554,0.04480057,0.4175907,0.305297,0.2323117
555,0.04478826,0.4177781,0.3052258,0.2322078
556,0.04478798,0.4179009,0.3051349,0.2321763
557,0.04479514,0.4179994,0.3050166,0.2321889
558,0.0448065,0.418092,0.3048751,0.2322264
559,0.04481987,0.4181857,0.3047188,0.2322758
560,0.04483378,0.418281,0.3045568,0.2323284
561,0.04484741,0.418377,0.3043961,0.2323795
562,0.04486048,0.4184721,0.3042397,0.2324277
563,0.04487289,0.4185652,0.3040893,0.2324727
564,0.04488462,0.4186557,0.3039453,0.2325144
565,0.04678128,0.4013191,0.3097039,0.2421957
566,0.04823019,0.3922115,0.3101873,0.2493711
567,0.04924626,0.3877731,0.3088076,0.254173
568,0.04992521,0.3859462,0.3069339,0.2571946
569,0.05036044,0.3854789,0.3051826,0.258978
570,0.05063098,0.3856487,0.303758,0.2599623
571,0.05079703,0.3860675,0.3026657,0.2604699
572,0.05090093,0.3865459,0.3018337,0.2607194
573,0.05097041,0.3870048,0.3011766,0.260848
574,0.05102224,0.3874206,0.300624,0.2609331
575,0.05106606,0.3877938,0.3001248,0.2610153
576,0.05110688,0.3881334,0.299648,0.2611118
577,0.04802608,0.4162343,0.2902451,0.2454945
578,0.04601898,0.4286449,0.28971,0.2356262
579,0.04481836,0.4335619,0.2916206,0.229999
580,0.04411142,0.4350725,0.2939232,0.2268929
581,0.04370363,0.4351522,0.2958818,0.2252624
582,0.04347424,0.4347268,0.2973252,0.2244738
583,0.04334877,0.4342027,0.2983023,0.2241463
584,0.04328181,0.4337341,0.2989283,0.2240559
585,0.04324629,0.4333604,0.2993193,0.224074
586,0.04322623,0.4330748,0.2995702,0.2241288
587,0.0432126,0.4328551,0.2997498,0.2241825
588,0.04320051,0.4326786,0.2999041,0.2242168
589,0.04259018,0.4383184,0.2978882,0.2212032
590,0.04216712,0.440791,0.2978559,0.2191859
591,0.04188892,0.4416953,0.2984922,0.2179235
592,0.04170792,0.4418439,0.2992973,0.2171509
593,0.04158929,0.4416618,0.3000693,0.2166796
594,0.04150919,0.4413597,0.3007471,0.216384
595,0.04145202,0.4410338,0.3013296,0.2161846
596,0.04140792,0.440723,0.3018363,0.216033
597,0.04137091,0.4404391,0.3022889,0.2159011
598,0.04133766,0.440182,0.3027052,0.2157751
599,0.0413065,0.4399475,0.3030966,0.2156494
600,0.04127678,0.4397316,0.3034684,0.2155232
601,0.04095995,0.4420584,0.3031019,0.2138798
602,0.04073505,0.4429378,0.3035841,0.212743
603,0.04058678,0.4431332,0.3042489,0.2120312
604,0.04048985,0.4430269,0.3048873,0.211596
605,0.04042731,0.4428126,0.3054171,0.2113431
606,0.0403877,0.4425823,0.3058192,0.2112107
607,0.04036351,0.4423753,0.3061019,0.2111593
608,0.04034983,0.4422036,0.3062827,0.2111639
609,0.04034343,0.4420668,0.3063821,0.2112078
610,0.04034206,0.4419601,0.3064184,0.2112793
611,0.04034421,0.4418779,0.3064073,0.2113706
612,0.04034874,0.4418142,0.3063618,0.2114754
613,0.04292841,0.4169657,0.3152302,0.2248757
614,0.0449376,0.4039762,0.3160226,0.2350635
615,0.04636819,0.3977089,0.3138975,0.2420254
616,0.04733244,0.3952085,0.3109762,0.2464829
617,0.04795054,0.3946536,0.3082486,0.2491472
618,0.04833015,0.3949831,0.3060621,0.2506247
619,0.04855598,0.3956254,0.3044436,0.2513751
620,0.04868885,0.3963053,0.3032892,0.2517166
621,0.04876936,0.3969138,0.3024628,0.251854
622,0.04882315,0.397424,0.3018419,0.2519109
623,0.04886514,0.3978451,0.3013356,0.2519542
624,0.04890325,0.3981977,0.3008843,0.2520148
625,0.04718927,0.4144924,0.2950955,0.2432228
626,0.04603808,0.4220852,0.2943797,0.237497
627,0.04532868,0.4253289,0.2952161,0.2341262
628,0.04490652,0.4264797,0.2963723,0.2322415
629,0.04466481,0.4266985,0.297379,0.2312577
630,0.04453276,0.4265572,0.2981136,0.2307964
631,0.0444648,0.426319,0.2985954,0.2306208
632,0.04443242,0.4260915,0.2988881,0.230588
633,0.04441843,0.4259078,0.2990587,0.2306151
634,0.0444127,0.4257689,0.2991621,0.2306564
635,0.04440954,0.4256645,0.299238,0.230688
636,0.04440588,0.4255826,0.2993128,0.2306988
637,0.04458076,0.423805,0.3000097,0.2316045
638,0.04469673,0.4229022,0.3002351,0.232166
639,0.0447676,0.4224569,0.3002986,0.232477
640,0.0448055,0.4222437,0.3003422,0.2326086
641,0.04482059,0.4221378,0.3004235,0.2326182
642,0.04482037,0.4220737,0.3005588,0.2325471
643,0.04481015,0.4220204,0.3007457,0.2324237
644,0.0447935,0.4219645,0.300975,0.2322669
645,0.04477282,0.4219022,0.3012362,0.2320888
646,0.04474983,0.4218338,0.3015175,0.2318988
647,0.04472583,0.4217618,0.3018084,0.231704
648,0.04470185,0.4216889,0.3020991,0.2315101
649,0.04242501,0.442673,0.2950598,0.2198422
650,0.04095747,0.4512411,0.2952583,0.2125432
651,0.04006896,0.4541938,0.2974122,0.208325
652,0.03953801,0.4547,0.2998029,0.2059591
653,0.03922564,0.4542621,0.30182,0.2046923
654,0.03904466,0.4535595,0.3033336,0.2040622
655,0.03894078,0.4528716,0.3044,0.2037876
656,0.03888075,0.4522897,0.3051288,0.2037008
657,0.03884458,0.4518242,0.305627,0.2037042
658,0.03882049,0.4514553,0.3059816,0.2037426
659,0.03880179,0.4511565,0.3062553,0.2037864
660,0.03878485,0.4509043,0.3064899,0.2038209
661,0.03884216,0.4501501,0.3067542,0.2042536
662,0.03887834,0.4497766,0.3067847,0.2045604
663,0.03889176,0.449569,0.3068168,0.2047224
664,0.03889102,0.4494263,0.3068876,0.2047951
665,0.03888113,0.4493008,0.3070087,0.2048093
666,0.03886554,0.4491723,0.3071764,0.2047858
667,0.03884665,0.4490347,0.3073796,0.204739
668,0.03882612,0.4488882,0.3076066,0.2046791
669,0.03880506,0.4487356,0.3078463,0.204613
670,0.03878426,0.4485804,0.3080894,0.2045459
671,0.03876431,0.4484258,0.3083282,0.2044817
672,0.0387457,0.4482745,0.3085559,0.2044238
673,0.03870673,0.4479327,0.3091622,0.2041983
674,0.03867258,0.4476151,0.3097081,0.2040042
675,0.03865188,0.4473425,0.3100995,0.2039062
676,0.03863737,0.4471186,0.3103911,0.203853
677,0.03862735,0.446937,0.3106033,0.2038324
678,0.038621,0.4467904,0.3107501,0.2038385
679,0.03861779,0.4466722,0.3108426,0.2038674
680,0.03861726,0.4465771,0.31089,0.2039157
681,0.03861895,0.4465008,0.3109003,0.2039799
682,0.03862253,0.4464394,0.3108805,0.2040576
683,0.03862755,0.4463899,0.310837,0.2041456
684,0.03863358,0.4463492,0.3107766,0.2042406
685,0.04028483,0.429933,0.3169077,0.2128745
686,0.04150991,0.4218541,0.3175372,0.2190988
687,0.04234754,0.4182543,0.3162282,0.22317
688,0.04289187,0.4169999,0.3144419,0.2256664
689,0.04323038,0.4168619,0.3128111,0.2270967
690,0.04343366,0.4171776,0.311533,0.2278557
691,0.04355327,0.4176205,0.3106038,0.2282225
692,0.04362419,0.4180505,0.3099456,0.2283798
693,0.04366875,0.4184217,0.3094694,0.2284401
694,0.04370055,0.4187315,0.3090993,0.2284687
695,0.04372725,0.4189928,0.3087809,0.2284991
696,0.04375271,0.4192209,0.3084805,0.2285459
697,0.04160358,0.4401818,0.3007662,0.2174485
698,0.04023017,0.4489109,0.3002749,0.2105841
699,0.03941002,0.4521103,0.3017865,0.2066931
700,0.03892967,0.4528809,0.3036131,0.2045763
701,0.03865509,0.452692,0.3051547,0.2034982
702,0.03850226,0.4522091,0.3062808,0.2030079
703,0.03841917,0.4517072,0.3070405,0.2028332
704,0.03837419,0.4512787,0.307534,0.2028131
705,0.03834849,0.4509367,0.3078592,0.2028555
706,0.03833127,0.4506654,0.3080934,0.20291
707,0.03831644,0.450442,0.3082915,0.20295
708,0.03830081,0.4502465,0.3084894,0.2029633
709,0.03915282,0.4413623,0.3120176,0.2074672
710,0.03975067,0.437142,0.31258,0.2105273
711,0.04013459,0.4353037,0.3121693,0.2123924
712,0.04036396,0.4346402,0.3115781,0.2134177
713,0.0404883,0.4344935,0.3111299,0.2138883
714,0.04054514,0.43453,0.3109109,0.2140139
715,0.04056112,0.4345981,0.3109004,0.2139403
716,0.04055436,0.4346421,0.3110386,0.213765
717,0.0405369,0.4346517,0.3112594,0.213552
718,0.04051658,0.4346364,0.3115041,0.2133429
719,0.04049843,0.4346116,0.3117254,0.2131645
720,0.04048561,0.434592,0.3118889,0.2130335
721,0.04174289,0.4222115,0.3165589,0.2194868
722,0.04266796,0.4161396,0.3171118,0.2240807
723,0.04330007,0.4134538,0.3161724,0.2270738
724,0.04371726,0.4125453,0.3147988,0.2289386
725,0.04398851,0.4124987,0.3134404,0.2300723
726,0.04416729,0.412824,0.3122378,0.2307708
727,0.04429113,0.4132785,0.3111964,0.2312341
728,0.04438426,0.4137537,0.3102773,0.2315847
729,0.04446105,0.4142087,0.3094397,0.2318905
730,0.04452909,0.4146332,0.3086554,0.2321823
731,0.04459189,0.4150276,0.3079107,0.2324698
732,0.04465059,0.4153954,0.3072026,0.2327514
733,0.04259668,0.4357281,0.2994562,0.2222191
734,0.04127283,0.4444646,0.2986031,0.2156594
735,0.04047678,0.4478345,0.2997674,0.2119213
736,0.04000781,0.4487858,0.3013272,0.2098791
737,0.03973782,0.448743,0.3026871,0.208832
738,0.03958598,0.4483654,0.3037006,0.2083481
739,0.03950201,0.4479346,0.3043976,0.2081657
740,0.03945524,0.4475519,0.3048626,0.2081303
741,0.03942733,0.4472382,0.3051815,0.2081529
742,0.03940763,0.4469832,0.3054249,0.2081843
743,0.03939014,0.446768,0.3056433,0.2081986
744,0.03937166,0.4465746,0.3058703,0.2081835
745,0.04223106,0.4181069,0.3165638,0.2230982
746,0.04446398,0.4029313,0.3181974,0.2344074
747,0.04605303,0.3953854,0.3164907,0.2420709
748,0.04710982,0.3921625,0.3138972,0.2468304
749,0.04776355,0.3911965,0.3115729,0.2494671
750,0.04813536,0.3912685,0.3099205,0.2506756
751,0.04832464,0.3917172,0.3089521,0.2510061
752,0.04840602,0.3922258,0.3085074,0.2508607
753,0.04843223,0.3926742,0.3083765,0.250517
754,0.04843853,0.3930418,0.3083632,0.2501565
755,0.04844713,0.3933512,0.3083118,0.2498899
756,0.04847049,0.3936357,0.3081182,0.2497755
757,0.04706332,0.407271,0.3031871,0.2424785
758,0.04613012,0.4137843,0.3022823,0.2378033
759,0.04557684,0.4167423,0.3024918,0.2351891
760,0.04527248,0.4179907,0.3028492,0.2338876
761,0.04512346,0.4184786,0.3030215,0.2333763
762,0.04506599,0.4186701,0.3029576,0.2333063
763,0.04505859,0.4187741,0.3027115,0.2334558
764,0.04507545,0.4188715,0.302362,0.2336911
765,0.0451014,0.4189832,0.3019782,0.2339372
766,0.04512808,0.419106,0.3016102,0.2341558
767,0.04515123,0.4192297,0.3012893,0.2343298
768,0.04516902,0.4193439,0.301033,0.2344541
769,0.04266281,0.4429345,0.2927331,0.2216696
770,0.0410546,0.4525845,0.2926515,0.2137095
771,0.04008475,0.4559389,0.2948426,0.2091337
772,0.03950338,0.456544,0.2973939,0.2065587
773,0.03915676,0.4560727,0.2996183,0.2051522
774,0.03894983,0.4552818,0.301357,0.2044115
775,0.03882401,0.454484,0.3026578,0.2040342
776,0.03874353,0.4537846,0.3036313,0.2038406
777,0.03868696,0.4531981,0.3043884,0.2037265
778,0.03864179,0.4527053,0.305019,0.203634
779,0.03860094,0.4522788,0.3055882,0.2035321
780,0.03856061,0.4518943,0.3061389,0.2034061
781,0.03849544,0.451672,0.306718,0.2031146
782,0.03843451,0.4513568,0.3073808,0.2028279
783,0.03837908,0.4510042,0.3080555,0.2025613
784,0.03832675,0.450641,0.3087306,0.2023016
785,0.03827699,0.4502817,0.3093925,0.2020488
786,0.03823015,0.4499355,0.3100267,0.2018077
787,0.03818704,0.4496091,0.3106176,0.2015862
788,0.03814874,0.4493086,0.3111492,0.2013934
789,0.03811631,0.449039,0.3116067,0.201238
790,0.03809068,0.4488047,0.3119769,0.2011277
791,0.03807257,0.4486093,0.3122495,0.2010686
792,0.03806237,0.4484548,0.3124189,0.2010639
793,0.03902525,0.4391018,0.3156911,0.2061818
794,0.03973157,0.4348693,0.3155098,0.2098894
795,0.04020181,0.43323,0.3142885,0.2122798
796,0.04050795,0.4328645,0.3128358,0.2137917
797,0.04070458,0.4330577,0.3114992,0.2147385
798,0.04083186,0.4334463,0.3103792,0.2153426
799,0.04091715,0.433863,0.3094697,0.2157502
800,0.04097787,0.4342414,0.3087299,0.2160508
801,0.04102448,0.434564,0.3081163,0.2162953
802,0.04106277,0.4348329,0.3075948,0.2165094
803,0.04109576,0.435057,0.3071426,0.2167046
804,0.04112483,0.4352452,0.3067458,0.2168842
805,0.03798059,0.4660733,0.2953523,0.2005938
806,0.03609252,0.4772959,0.295462,0.1911495
807,0.03500405,0.4805588,0.2984263,0.1860109
808,0.03437468,0.4806594,0.3016864,0.1832796
809,0.03401249,0.4796812,0.3043993,0.181907
810,0.03380497,0.4784913,0.3064137,0.18129
811,0.03368532,0.4774074,0.3078292,0.1810781
812,0.03361392,0.47651,0.3088079,0.1810683
813,0.03356756,0.4757854,0.309502,0.1811451
814,0.03353302,0.4751922,0.3100293,0.1812455
815,0.03350288,0.4746877,0.3104734,0.181336
816,0.03347315,0.4742373,0.31089,0.1813996
817,0.03530071,0.4540028,0.3194172,0.1912793
818,0.03664001,0.4442688,0.3207624,0.1983288
819,0.03753616,0.4400505,0.3195769,0.2028365
820,0.03809262,0.4386139,0.3178417,0.2054519
821,0.03840889,0.4384145,0.3164096,0.2067669
822,0.03856678,0.4386495,0.3155316,0.2072521
823,0.03862728,0.4389491,0.3151733,0.2072503
824,0.03863328,0.439178,0.3151905,0.2069983
825,0.03861376,0.4393154,0.3154158,0.206655
826,0.03858776,0.4393881,0.3157003,0.2063238
827,0.03856743,0.4394352,0.3159269,0.2060704
828,0.03855989,0.4394922,0.3160154,0.2059324
829,0.03916723,0.4337164,0.3180272,0.2090892
830,0.03961945,0.4311851,0.3177892,0.2114063
831,0.03993709,0.4303081,0.3167593,0.2129955
832,0.04016363,0.4302545,0.3154644,0.2141175
833,0.04033032,0.4305747,0.3141476,0.2149474
834,0.04045842,0.4310363,0.312907,0.2155982
835,0.04056131,0.4315262,0.3117765,0.2161359
836,0.04064675,0.4319935,0.3107646,0.2165951
837,0.04071911,0.432418,0.3098705,0.2169924
838,0.04078081,0.432794,0.3090895,0.2173357
839,0.04083326,0.4331224,0.308416,0.2176283
840,0.04087739,0.4334061,0.3078439,0.2178726
841,0.04025007,0.4400025,0.3051791,0.2145683
842,0.03982773,0.4429328,0.304835,0.2124045
843,0.03956626,0.444098,0.3052068,0.2111289
844,0.0394086,0.4444349,0.3057508,0.2104057
845,0.03931551,0.4444172,0.3062557,0.2100116
846,0.03926075,0.4442723,0.3066655,0.2098014
847,0.0392274,0.4440996,0.3069889,0.2096841
848,0.03920485,0.4439362,0.3072546,0.2096044
849,0.03918672,0.4437906,0.3074926,0.20953
850,0.03916933,0.4436598,0.3077273,0.2094435
851,0.03915072,0.4435373,0.3079756,0.2093363
852,0.03912993,0.4434173,0.3082476,0.2092052
853,0.03982333,0.4362061,0.3111522,0.2128183
854,0.04030909,0.4328031,0.3116381,0.2152498
855,0.0406168,0.4313422,0.3113636,0.2166775
856,0.0407978,0.4308392,0.3109502,0.2174128
857,0.04089382,0.4307599,0.3106477,0.2176985
858,0.04093634,0.4308349,0.3105158,0.2177129
859,0.04094773,0.4309419,0.3105298,0.2175806
860,0.04094325,0.4310358,0.3106361,0.2173848
861,0.04093292,0.4311085,0.3107788,0.2171798
862,0.04092324,0.4311674,0.3109092,0.2170001
863,0.04091804,0.4312243,0.3109915,0.2168662
864,0.04091943,0.4312897,0.3110028,0.2167881
865,0.03843083,0.4560632,0.3017072,0.2037987
866,0.0368967,0.4656491,0.3013909,0.1960633
867,0.03599983,0.4687841,0.3034281,0.1917879
868,0.03548411,0.4692483,0.3057362,0.1895314
869,0.03519474,0.4687466,0.3076205,0.1884381
870,0.03503735,0.4680111,0.3089559,0.1879957
871,0.03495457,0.4673215,0.309825,0.187899
872,0.03491196,0.4667567,0.3103619,0.1879695
