EwEVersion,"6.5.13829.0 (compiled 2016-05-17)"
Date,"2016-09-06 16:59:01"
ModelName,Baltic_Proper-SEALS
EcosimScenario,Proper1_SealVuln100_19742100_seal1_cofF03
TimeSeries,new_data_weights_19742100_BAU_WAR1_codF03_seal100
StartYear,1974

Data,"Prey of Cod larvae"

TimeStep,"Temora sp","Acartia sp","Pseudocalanus sp.",
1,0.1079211,0.1002682,0.7918108
2,0.1141324,0.1024312,0.7834364
3,0.1163488,0.1016293,0.7820219
4,0.1165552,0.1003183,0.7831265
5,0.1157019,0.09866478,0.7856334
6,0.1143675,0.09697758,0.7886549
7,0.1128841,0.09545804,0.7916578
8,0.111417,0.09417874,0.7944042
9,0.1100314,0.09313829,0.7968302
10,0.1087406,0.0923044,0.798955
11,0.1075361,0.09163691,0.8008271
12,0.1064044,0.09109852,0.8024971
13,0.1098771,0.09123518,0.7988878
14,0.1071032,0.09022532,0.8026716
15,0.1057372,0.08990476,0.804358
16,0.1047978,0.08955628,0.805646
17,0.1041138,0.08918739,0.8066989
18,0.1036688,0.08885361,0.8074777
19,0.1034872,0.08863278,0.80788
20,0.1036145,0.08872848,0.807657
21,0.1040879,0.08939307,0.806519
22,0.1049105,0.09087364,0.8042159
23,0.1060425,0.09334076,0.8006167
24,0.1074082,0.0967824,0.7958094
25,0.07486401,0.09317464,0.8319614
26,0.08790673,0.1007995,0.8112938
27,0.09150035,0.105066,0.8034337
28,0.09421314,0.1099896,0.7957972
29,0.09619442,0.112416,0.7913896
30,0.09759028,0.1124855,0.7899242
31,0.09850062,0.1112971,0.7902023
32,0.09907398,0.1099095,0.7910165
33,0.09934278,0.108476,0.7921813
34,0.09939011,0.1072373,0.7933726
35,0.09927996,0.1062484,0.7944717
36,0.09905796,0.1054935,0.7954485
37,0.09820619,0.1053699,0.7964239
38,0.09620634,0.1043913,0.7994024
39,0.09508106,0.104027,0.8008919
40,0.09432162,0.1039107,0.8017677
41,0.09376384,0.1039994,0.8022368
42,0.09333955,0.104265,0.8023954
43,0.09302047,0.1046856,0.802294
44,0.09268633,0.1048901,0.8024236
45,0.09245197,0.1053708,0.8021772
46,0.09233657,0.1061114,0.8015521
47,0.09235531,0.1071032,0.8005415
48,0.09251558,0.1083108,0.7991737
49,0.09293159,0.1115809,0.7954875
50,0.09167203,0.1122874,0.7960405
51,0.09141757,0.1130761,0.7955063
52,0.09165569,0.1139048,0.7944395
53,0.0922389,0.1148837,0.7928774
54,0.09307378,0.1158912,0.791035
55,0.09408239,0.1167399,0.7891777
56,0.09527981,0.1175388,0.7871813
57,0.09651151,0.1178815,0.785607
58,0.0977051,0.1178495,0.7844454
59,0.0988009,0.1175239,0.7836752
60,0.09975962,0.1169907,0.7832496
61,0.08794246,0.1163223,0.7957352
62,0.08722456,0.1161772,0.7965982
63,0.08693175,0.1152145,0.7978537
64,0.0870295,0.1146242,0.7983462
65,0.08732835,0.1142124,0.7984592
66,0.08772467,0.1138463,0.798429
67,0.08815973,0.1134704,0.7983699
68,0.08851041,0.1128327,0.7986569
69,0.08880329,0.1121741,0.7990227
70,0.08903539,0.111467,0.7994977
71,0.08920179,0.1107201,0.800078
72,0.08930011,0.1099476,0.8007523
73,0.07894265,0.1086852,0.8123721
74,0.0788036,0.1098645,0.811332
75,0.07956827,0.1086039,0.8118278
76,0.08031572,0.1072841,0.8124002
77,0.08070356,0.1059633,0.8133332
78,0.08069181,0.104675,0.8146331
79,0.08033495,0.1034813,0.8161837
80,0.07971007,0.102424,0.817866
81,0.07886851,0.1015165,0.819615
82,0.07785497,0.10077,0.821375
83,0.07670555,0.1001872,0.8231073
84,0.07545082,0.09976796,0.8247812
85,0.09099716,0.1000638,0.808939
86,0.09178802,0.09877565,0.8094364
87,0.0912513,0.09939699,0.8093517
88,0.09036075,0.09952714,0.8101121
89,0.08926187,0.099431,0.8113071
90,0.08804942,0.09930937,0.8126413
91,0.08679496,0.09924018,0.8139648
92,0.08552168,0.09916243,0.8153159
93,0.0843099,0.09918509,0.816505
94,0.08322545,0.09939166,0.8173829
95,0.08232471,0.09990829,0.817767
96,0.08165591,0.1009179,0.8174261
97,0.0862852,0.1031376,0.8105772
98,0.08724124,0.1053339,0.8074249
99,0.08841681,0.1097203,0.801863
100,0.08967531,0.1144403,0.7958844
101,0.09107753,0.1185155,0.7904069
102,0.09263119,0.1213169,0.7860518
103,0.09427576,0.1226384,0.7830859
104,0.09595919,0.1228351,0.7812057
105,0.09750737,0.1220168,0.7804758
106,0.09879863,0.1205602,0.7806411
107,0.09975763,0.1187737,0.7814686
108,0.1003617,0.1168732,0.7827652
109,0.1099947,0.1152959,0.7747094
110,0.1066909,0.1127019,0.7806072
111,0.1050979,0.1111153,0.7837868
112,0.1040487,0.1096569,0.7862945
113,0.1032732,0.108498,0.7882288
114,0.1026585,0.1076117,0.7897298
115,0.1021433,0.1069234,0.7909333
116,0.1018552,0.1067321,0.7914127
117,0.1016678,0.1066369,0.7916953
118,0.101539,0.1066257,0.7918352
119,0.1014529,0.1066909,0.7918562
120,0.101404,0.106827,0.791769
121,0.09442579,0.1063122,0.799262
122,0.09557892,0.1072362,0.7971849
123,0.09583579,0.1074289,0.7967354
124,0.09599178,0.1078425,0.7961658
125,0.09611448,0.1082901,0.7955954
126,0.09622356,0.1087039,0.7950726
127,0.09632906,0.109081,0.7945899
128,0.0963909,0.1093734,0.7942357
129,0.09644631,0.1096409,0.7939128
130,0.09650367,0.1098858,0.7936106
131,0.0965654,0.1101134,0.7933212
132,0.09663244,0.1103308,0.7930368
133,0.05247235,0.1093687,0.8381589
134,0.04422392,0.1111246,0.8446515
135,0.03556017,0.1092778,0.8551621
136,0.02875415,0.1091498,0.862096
137,0.02345354,0.1107838,0.8657627
138,0.01948621,0.1139668,0.866547
139,0.01676238,0.118223,0.8650146
140,0.01519349,0.1224085,0.862398
141,0.01476639,0.1260159,0.8592178
142,0.01552286,0.1282753,0.8562018
143,0.01756365,0.1289868,0.8534495
144,0.0209833,0.1283303,0.8506864
145,0.03374866,0.1270201,0.8392313
146,0.04913973,0.1252016,0.8256587
147,0.06325433,0.1208308,0.8159148
148,0.0731855,0.1161107,0.8107038
149,0.07882933,0.1117074,0.8094633
150,0.08146587,0.1078873,0.8106468
151,0.08236007,0.1046775,0.8129625
152,0.08233303,0.1019875,0.8156795
153,0.08181319,0.09968986,0.818497
154,0.08101399,0.0976879,0.8212981
155,0.0800321,0.09590853,0.8240594
156,0.07890753,0.09430604,0.8267864
157,0.06497584,0.0922036,0.8428205
158,0.05234007,0.08592809,0.8617318
159,0.04170196,0.08403488,0.8742632
160,0.03240049,0.08374189,0.8838576
161,0.02416124,0.08412752,0.8917112
162,0.01704634,0.0850133,0.8979404
163,0.01127131,0.08664455,0.9020841
164,0.006989672,0.08945741,0.9035528
165,0.004137987,0.09395757,0.9019045
166,0.002422768,0.1001667,0.8974105
167,0.001465715,0.1072578,0.8912765
168,0.0009541954,0.1137871,0.8852587
169,0.005280762,0.1315348,0.8631845
170,0.02865681,0.1292255,0.8421176
171,0.06587477,0.1224898,0.8116354
172,0.09072662,0.1163576,0.7929158
173,0.1033868,0.1104739,0.7861392
174,0.1077785,0.1047726,0.7874489
175,0.1078556,0.09965938,0.7924849
176,0.1059401,0.0953621,0.7986978
177,0.1033535,0.09192515,0.8047214
178,0.1007364,0.08921685,0.8100469
179,0.09833441,0.08707245,0.8145931
180,0.09619998,0.08534956,0.8184505
181,0.1006972,0.08421915,0.8150837
182,0.1016384,0.08357068,0.8147909
183,0.1013475,0.08257139,0.8160812
184,0.1004181,0.08153494,0.818047
185,0.09920373,0.08060598,0.8201903
186,0.09790373,0.07985411,0.8222421
187,0.09662335,0.07931149,0.8240651
188,0.0954337,0.07905383,0.8255125
189,0.09435492,0.07905,0.8265951
190,0.09337278,0.0792992,0.827328
191,0.09247313,0.07981269,0.8277142
192,0.09164711,0.08061685,0.827736
193,0.0963994,0.08175512,0.8218455
194,0.0969146,0.0833737,0.8197117
195,0.0971974,0.08522236,0.8175802
196,0.09737528,0.08706153,0.8155631
197,0.09756026,0.08891024,0.8135295
198,0.09782103,0.09079739,0.8113816
199,0.0981954,0.09274322,0.8090614
200,0.09865619,0.09465356,0.8066903
201,0.0992503,0.09668855,0.8040612
202,0.09998303,0.09880964,0.8012073
203,0.1008428,0.1009483,0.798209
204,0.1018039,0.1030067,0.7951894
205,0.09732744,0.1073828,0.7952897
206,0.09231178,0.1073788,0.8003094
207,0.08990864,0.1074914,0.8025999
208,0.08900353,0.1083435,0.802653
209,0.08909725,0.1099586,0.8009441
210,0.08990435,0.1120467,0.798049
211,0.09123474,0.1141884,0.7945769
212,0.09312756,0.1163994,0.790473
213,0.09524081,0.1177588,0.7870004
214,0.09738263,0.1182928,0.7843245
215,0.09936292,0.1181071,0.7825299
216,0.1010346,0.1173968,0.7815686
217,0.1121079,0.1160583,0.7718337
218,0.1177535,0.1160403,0.7662062
219,0.1199522,0.1140438,0.766004
220,0.1201402,0.1115766,0.7682832
221,0.1192885,0.109101,0.7716105
222,0.1180133,0.1068776,0.7751091
223,0.1166492,0.1049842,0.7783666
224,0.1153454,0.103396,0.7812586
225,0.1141296,0.1020185,0.7838519
226,0.1129884,0.1007798,0.7862318
227,0.1118943,0.09962611,0.7884796
228,0.1108206,0.09852082,0.7906585
229,0.0980071,0.09712888,0.804864
230,0.09540062,0.09608926,0.8085102
231,0.09333162,0.09488566,0.8117827
232,0.09167857,0.0939245,0.814397
233,0.0902831,0.09319592,0.8165209
234,0.08907343,0.09268636,0.8182402
235,0.088028,0.09240814,0.8195639
236,0.08714994,0.09239524,0.8204548
237,0.0864576,0.09271449,0.820828
238,0.08597023,0.09337725,0.8206525
239,0.08570199,0.09435517,0.8199429
240,0.08565713,0.09557609,0.8187668
241,0.07013548,0.09466028,0.8352042
242,0.07003225,0.09838387,0.8315839
243,0.07031818,0.09929019,0.8303916
244,0.07111543,0.1003836,0.828501
245,0.07208396,0.101275,0.8266411
246,0.07305335,0.1018058,0.8251408
247,0.07394122,0.1020337,0.824025
248,0.07467466,0.1019237,0.8234017
249,0.07526919,0.1017404,0.8229904
250,0.07574092,0.1015052,0.8227539
251,0.07610776,0.1012466,0.8226456
252,0.07638759,0.1009824,0.82263
253,0.1054584,0.1014083,0.7931333
254,0.1074236,0.09994657,0.7926298
255,0.1078255,0.1002376,0.7919369
256,0.1078816,0.09980671,0.7923117
257,0.1076798,0.09910021,0.79322
258,0.1073336,0.09836945,0.794297
259,0.1069203,0.09770023,0.7953795
260,0.10648,0.09713503,0.7963849
261,0.1060408,0.09664131,0.7973178
262,0.1056161,0.09622418,0.7981598
263,0.1052149,0.09588279,0.7989023
264,0.1048448,0.09561637,0.7995389
265,0.06982789,0.09486611,0.835306
266,0.06252318,0.09449418,0.8429826
267,0.0558077,0.09320962,0.8509827
268,0.05063263,0.09311987,0.8562475
269,0.04660338,0.0941281,0.8592685
270,0.04355584,0.0961322,0.860312
271,0.0414912,0.09901178,0.8594971
272,0.04051349,0.1026453,0.8568411
273,0.04068729,0.1061955,0.8531172
274,0.04202634,0.1091016,0.848872
275,0.0444406,0.1109764,0.844583
276,0.0477001,0.1117475,0.8405524
277,0.06097607,0.1126194,0.8264046
278,0.06840026,0.1100398,0.82156
279,0.07255657,0.1088188,0.8186246
280,0.07517722,0.107483,0.8173398
281,0.07690352,0.1060895,0.817007
282,0.07803647,0.1047022,0.8172613
283,0.07874611,0.1033476,0.8179063
284,0.07912385,0.1019771,0.818899
285,0.0792478,0.1006336,0.8201186
286,0.07917738,0.09932462,0.821498
287,0.07895739,0.09805629,0.8229863
288,0.07862128,0.0968326,0.8245462
289,0.0894623,0.09694946,0.8135883
290,0.09505983,0.0967662,0.808174
291,0.09766532,0.0950607,0.807274
292,0.09830882,0.09305523,0.808636
293,0.09789063,0.09109518,0.8110142
294,0.09695573,0.08930862,0.8137357
295,0.09579592,0.0877362,0.8164679
296,0.09454262,0.08637857,0.8190789
297,0.09328232,0.08523573,0.8214819
298,0.09204267,0.08428364,0.8236737
299,0.09083421,0.08350793,0.8256578
300,0.08966257,0.08290149,0.8274359
301,0.0948123,0.08358916,0.8215985
302,0.09793394,0.08471175,0.8173543
303,0.09886717,0.08440867,0.8167241
304,0.09860829,0.08390764,0.8174841
305,0.0977871,0.08335778,0.8188551
306,0.09673657,0.08284444,0.820419
307,0.09562597,0.08242723,0.8219469
308,0.09453455,0.08200951,0.8234559
309,0.09345404,0.08173873,0.8248072
310,0.09242944,0.08162485,0.8259457
311,0.0914847,0.08165403,0.8268613
312,0.0906317,0.08180341,0.827565
313,0.08332297,0.08400911,0.8326679
314,0.07376878,0.08133189,0.8448994
315,0.06799871,0.07982939,0.8521719
316,0.06401354,0.07876058,0.8572258
317,0.06110997,0.07812396,0.8607661
318,0.05900209,0.07826276,0.8627351
319,0.05760026,0.07984211,0.8625576
320,0.05700396,0.08420503,0.858791
321,0.05725463,0.09103264,0.8517127
322,0.05846119,0.09936654,0.8421723
323,0.0606994,0.1072534,0.8320472
324,0.06392009,0.1129187,0.8231612
325,0.0733038,0.1170624,0.8096338
326,0.07950362,0.1168352,0.8036612
327,0.08455286,0.1163318,0.7991154
328,0.08858671,0.1151234,0.7962899
329,0.09160147,0.1136348,0.7947636
330,0.09367626,0.1120816,0.7942421
331,0.09496292,0.1105647,0.7944724
332,0.09556537,0.1089788,0.7954558
333,0.09571072,0.1075213,0.7967681
334,0.09554832,0.1061637,0.798288
335,0.09518348,0.1048972,0.7999194
336,0.09468389,0.1037033,0.8016127
337,0.09203598,0.1020894,0.8058747
338,0.09062732,0.1010669,0.8083058
339,0.08953175,0.1000794,0.8103889
340,0.08857557,0.09910488,0.8123196
341,0.08766238,0.09811571,0.8142219
342,0.08673893,0.09710175,0.8161593
343,0.0857795,0.09606749,0.8181531
344,0.08483944,0.09516277,0.8199978
345,0.08387831,0.09426589,0.8218558
346,0.08289143,0.09340642,0.8237022
347,0.08188825,0.09260807,0.8255036
348,0.08088605,0.09189684,0.8272171
349,0.06083356,0.0899322,0.8492342
350,0.05813356,0.09461085,0.8472555
351,0.05814298,0.09303209,0.848825
352,0.05916316,0.09200072,0.8488362
353,0.0601139,0.09117973,0.8487064
354,0.06064125,0.09033758,0.8490213
355,0.06070323,0.0895085,0.8497883
356,0.06036423,0.08882561,0.8508102
357,0.05970908,0.08823201,0.8520589
358,0.05880615,0.08775348,0.8534404
359,0.05770965,0.08738943,0.854901
360,0.05646197,0.08713174,0.8564063
361,0.07105994,0.09096609,0.837974
362,0.06763439,0.08599835,0.8463672
363,0.06304981,0.08537834,0.8515718
364,0.05927971,0.08479623,0.8559241
365,0.05608976,0.08422561,0.8596846
366,0.05339742,0.08407205,0.8625305
367,0.05122485,0.08483146,0.8639436
368,0.04963065,0.08687349,0.8634958
369,0.0487489,0.09084177,0.8604093
370,0.04871828,0.09655289,0.8547289
371,0.04966274,0.1030554,0.8472818
372,0.05164437,0.1089419,0.8394138
373,0.05160797,0.1141157,0.8342763
374,0.05392068,0.1157151,0.8303642
375,0.05720409,0.1161461,0.8266498
376,0.06096304,0.1160131,0.8230239
377,0.06478766,0.1155258,0.8196866
378,0.06835221,0.1147821,0.8168657
379,0.07143933,0.113853,0.8147077
380,0.07397041,0.1128524,0.8131772
381,0.07591141,0.1117682,0.8123204
382,0.07730446,0.1106618,0.8120337
383,0.07823423,0.109578,0.8121877
384,0.07879799,0.1085453,0.8126568
385,0.08107772,0.1072313,0.811691
386,0.08165549,0.1062694,0.8120751
387,0.08169959,0.1054332,0.8128672
388,0.08147582,0.1046276,0.8138966
389,0.08108583,0.1038384,0.8150759
390,0.08057062,0.103064,0.8163654
391,0.07994789,0.1023053,0.8177468
392,0.07916745,0.1014295,0.8194031
393,0.07826651,0.1005599,0.8211735
394,0.07726418,0.09969412,0.8230417
395,0.07617524,0.09884214,0.8249826
396,0.07501521,0.09801996,0.8269649
397,0.09455841,0.09794859,0.807493
398,0.09546879,0.09535751,0.8091737
399,0.09478546,0.09530337,0.8099113
400,0.09404741,0.09514481,0.8108078
401,0.09335268,0.09490536,0.8117419
402,0.09274099,0.09474459,0.8125144
403,0.09224117,0.09474831,0.8130106
404,0.09189464,0.09506667,0.8130388
405,0.09170646,0.09557202,0.8127216
406,0.09168142,0.09625047,0.8120682
407,0.09181613,0.09705569,0.8111282
408,0.09209954,0.09792762,0.8099728
409,0.09486822,0.09812475,0.807007
410,0.1007409,0.1010265,0.7982326
411,0.1038729,0.1014554,0.7946717
412,0.10542,0.1013761,0.7932039
413,0.1059049,0.1006049,0.7934902
414,0.1057082,0.09947855,0.7948132
415,0.1051069,0.0983108,0.7965823
416,0.1043229,0.09730648,0.7983706
417,0.1034594,0.09651133,0.8000293
418,0.1025778,0.09591269,0.8015095
419,0.10171,0.09548513,0.8028049
420,0.1008717,0.09520109,0.8039272
421,0.09511314,0.0943306,0.8105562
422,0.09418661,0.09465918,0.8111542
423,0.09318467,0.09458596,0.8122294
424,0.09237117,0.09470479,0.8129241
425,0.09175082,0.09502608,0.813223
426,0.09131638,0.09555338,0.8131303
427,0.09106965,0.09631635,0.812614
428,0.09101338,0.09736804,0.8116186
429,0.09117257,0.09880903,0.8100184
430,0.09155372,0.1006336,0.8078127
431,0.09215526,0.1027546,0.8050902
432,0.09296568,0.1050019,0.8020324
433,0.05787167,0.1074434,0.834685
434,0.05196979,0.1098778,0.8381523
435,0.04599021,0.1087525,0.8452573
436,0.04173659,0.1096143,0.848649
437,0.03898513,0.1120898,0.8489251
438,0.037722,0.1154397,0.8468383
439,0.03802537,0.1187748,0.8431998
440,0.04002661,0.1215886,0.8383848
441,0.04360903,0.1229648,0.8334262
442,0.04842183,0.1231062,0.828472
443,0.05388968,0.1223348,0.8237756
444,0.05933746,0.1209824,0.8196802
445,0.04106174,0.1169445,0.8419938
446,0.03284588,0.1176595,0.8494947
447,0.02804078,0.1167909,0.8551683
448,0.02510681,0.1158094,0.8590838
449,0.02326462,0.1148335,0.8619018
450,0.02209926,0.1138497,0.864051
451,0.02137095,0.1128452,0.8657838
452,0.020915,0.1117208,0.8673642
453,0.02063616,0.1105568,0.8688071
454,0.02046905,0.1093533,0.8701776
455,0.02036661,0.1081204,0.871513
456,0.02029451,0.1068697,0.8728359
457,0.05897327,0.1066214,0.8344054
458,0.0822084,0.1022156,0.815576
459,0.09226047,0.1002405,0.8074991
460,0.09544534,0.09887326,0.8056814
461,0.09599172,0.09756531,0.806443
462,0.09543961,0.09626968,0.8082907
463,0.09438723,0.09502039,0.8105924
464,0.09307943,0.09382702,0.8130935
465,0.09163831,0.09273417,0.8156276
466,0.09012422,0.0917609,0.8181148
467,0.08857464,0.09092744,0.8204979
468,0.08704308,0.0902788,0.8226781
469,0.08125816,0.0904354,0.8283065
470,0.08258995,0.09294982,0.8244602
471,0.08360879,0.09211761,0.8242735
472,0.08396815,0.09159659,0.8244353
473,0.08377717,0.09122328,0.8249995
474,0.08322105,0.09085342,0.8259255
475,0.08244134,0.09051403,0.8270446
476,0.08152359,0.09030137,0.8281751
477,0.08053513,0.09027974,0.8291851
478,0.0795408,0.09047358,0.8299856
479,0.07858171,0.09086762,0.8305507
480,0.07768848,0.09143735,0.8308741
481,0.1085822,0.09236749,0.7990503
482,0.101117,0.09120991,0.8076731
483,0.09835245,0.09287162,0.8087759
484,0.09723669,0.09360361,0.8091597
485,0.09684651,0.09421645,0.808937
486,0.09691278,0.09514024,0.807947
487,0.09731948,0.09652245,0.806158
488,0.0981516,0.09875287,0.8030955
489,0.09925745,0.1014238,0.7993188
490,0.1006027,0.1043869,0.7950104
491,0.1021391,0.1073819,0.7904791
492,0.1038133,0.1101261,0.7860605
493,0.1062109,0.1125873,0.7812018
494,0.1056641,0.1140269,0.780309
495,0.1063104,0.1149282,0.7787614
496,0.1073934,0.1155285,0.7770781
497,0.1086587,0.1159659,0.7753754
498,0.1099402,0.1161914,0.7738684
499,0.1111232,0.116151,0.7727258
500,0.1120065,0.1155776,0.7724158
501,0.1127003,0.1148875,0.7724122
502,0.1131785,0.1140234,0.7727981
503,0.1134538,0.1130299,0.7735162
504,0.113551,0.1119571,0.7744918
505,0.1151975,0.1093039,0.7754986
506,0.1165874,0.1091162,0.7742964
507,0.1167961,0.107866,0.7753378
508,0.1164449,0.1063979,0.7771572
509,0.1158107,0.1049016,0.7792876
510,0.1150526,0.1034723,0.7814751
511,0.114261,0.1021556,0.7835834
512,0.1135856,0.1011376,0.7852769
513,0.1129648,0.1002367,0.7867985
514,0.1123955,0.09946142,0.7881432
515,0.1118703,0.09880257,0.7893272
516,0.1113843,0.09825329,0.7903624
517,0.1065048,0.09624054,0.7972547
518,0.1063362,0.09662262,0.7970412
519,0.1058932,0.09646337,0.7976435
520,0.1055049,0.09640184,0.7980932
521,0.1051991,0.09647978,0.7983211
522,0.104975,0.09669027,0.7983347
523,0.1048334,0.09702785,0.7981388
524,0.1047759,0.09748248,0.7977417
525,0.1047868,0.09803692,0.7971763
526,0.1048708,0.09868595,0.7964433
527,0.1050266,0.09940945,0.795564
528,0.1052497,0.100182,0.7945683
529,0.1086402,0.1012078,0.790152
530,0.1082045,0.101731,0.7900646
531,0.1084219,0.1025311,0.7890469
532,0.1087784,0.1032244,0.7879972
533,0.1091907,0.1038426,0.7869667
534,0.1096259,0.1043831,0.785991
535,0.1100599,0.104827,0.7851132
536,0.1104743,0.1051575,0.7843683
537,0.1108483,0.1053572,0.7837945
538,0.1111738,0.1054341,0.7833921
539,0.1114447,0.1053992,0.7831562
540,0.1116589,0.1052683,0.7830728
541,0.1080084,0.1057316,0.7862601
542,0.1067702,0.1048775,0.7883523
543,0.1061696,0.1045198,0.7893105
544,0.105975,0.1044542,0.7895707
545,0.1060263,0.1045458,0.789428
546,0.1062192,0.1046996,0.7890812
547,0.1064844,0.1048505,0.7886651
548,0.1067762,0.1049498,0.7882739
549,0.1070892,0.1050139,0.787897
550,0.1073988,0.1050121,0.787589
551,0.1076916,0.1049391,0.7873693
552,0.1079584,0.1047971,0.7872446
553,0.106152,0.1039936,0.7898544
554,0.1063851,0.1040459,0.789569
555,0.1065036,0.1037536,0.7897428
556,0.1066008,0.1034262,0.7899731
557,0.1066756,0.1030773,0.7902471
558,0.1067217,0.1027122,0.7905661
559,0.1067381,0.1023401,0.7909218
560,0.1067272,0.1019738,0.791299
561,0.1067128,0.1016339,0.7916533
562,0.1066948,0.1013101,0.7919951
563,0.1066761,0.1010032,0.7923207
564,0.1066598,0.100714,0.7926262
565,0.1051911,0.09961013,0.7951988
566,0.1025266,0.09877206,0.7987012
567,0.101233,0.09876605,0.800001
568,0.1007022,0.09909426,0.8002036
569,0.1006565,0.09961439,0.7997292
570,0.1009296,0.1002128,0.7988576
571,0.1014068,0.1007894,0.7978038
572,0.1020025,0.1012816,0.796716
573,0.1026258,0.1015779,0.7957962
574,0.1032331,0.1016798,0.7950871
575,0.1037903,0.1015897,0.7946199
576,0.1042743,0.1013233,0.7944024
577,0.108434,0.1012034,0.7903627
578,0.1120111,0.1017087,0.7862803
579,0.1135925,0.1005579,0.7858496
580,0.1139401,0.09894826,0.7871116
581,0.1135758,0.09721087,0.7892134
582,0.1128431,0.09554509,0.7916117
583,0.1119575,0.09406125,0.7939813
584,0.1110475,0.09279073,0.7961618
585,0.1101629,0.09174311,0.798094
586,0.1093411,0.0909125,0.7997465
587,0.108597,0.0902834,0.8011196
588,0.1079353,0.08983985,0.8022248
589,0.1101976,0.08986603,0.7999364
590,0.1105651,0.0899148,0.7995201
591,0.1105158,0.08988229,0.7996019
592,0.1102697,0.08986548,0.7998648
593,0.1099565,0.08992203,0.8001215
594,0.1096504,0.09008336,0.8002663
595,0.1093932,0.09036343,0.8002434
596,0.1092003,0.09077142,0.8000284
597,0.1090974,0.09130857,0.799594
598,0.1090797,0.09195834,0.7989619
599,0.109146,0.09270528,0.7981487
600,0.1092942,0.09352934,0.7971765
601,0.1075869,0.09474846,0.7976646
602,0.10837,0.09574171,0.7958882
603,0.1088525,0.09655561,0.7945919
604,0.1092913,0.09736124,0.7933474
605,0.1097196,0.09809937,0.7921811
606,0.1101422,0.0987373,0.7911205
607,0.1105562,0.09926004,0.7901837
608,0.1109418,0.09969741,0.7893608
609,0.1112852,0.09998999,0.7887248
610,0.1115887,0.100167,0.7882443
611,0.1118496,0.1002441,0.7879064
612,0.1120665,0.1002375,0.7876959
613,0.1113035,0.1014184,0.7872781
614,0.1076294,0.09953982,0.7928308
615,0.1060514,0.09949879,0.7944497
616,0.1055225,0.1001105,0.794367
617,0.1056317,0.1010505,0.7933179
618,0.1061271,0.1021067,0.7917663
619,0.106836,0.1031236,0.7900404
620,0.1076438,0.1039752,0.788381
621,0.1084929,0.1046466,0.7868604
622,0.1093146,0.1050788,0.7856066
623,0.1100622,0.1052607,0.784677
624,0.1107034,0.1052066,0.78409
625,0.1150226,0.1054755,0.779502
626,0.1175425,0.1054717,0.7769859
627,0.1186885,0.1046168,0.7766947
628,0.1189686,0.1034195,0.7776119
629,0.1187156,0.1021038,0.7791806
630,0.1181611,0.1008225,0.7810163
631,0.1174602,0.09966431,0.7828755
632,0.1167175,0.09865218,0.7846304
633,0.1159869,0.09780954,0.7862036
634,0.115297,0.09712602,0.7875769
635,0.11466,0.09658874,0.7887512
636,0.1140789,0.0961849,0.7897362
637,0.1120423,0.09483884,0.7931188
638,0.1112281,0.09494705,0.7938249
639,0.1106388,0.09499376,0.7943674
640,0.1102036,0.09513004,0.7946663
641,0.1098773,0.09536883,0.7947539
642,0.1096332,0.09570346,0.7946634
643,0.1094578,0.09612624,0.794416
644,0.1093319,0.09665375,0.7940144
645,0.109268,0.09725986,0.7934722
646,0.1092605,0.09793121,0.7928082
647,0.1093073,0.09865368,0.7920391
648,0.1094067,0.09941031,0.7911831
649,0.1139139,0.1005683,0.7855179
650,0.116861,0.1020284,0.7811107
651,0.1181589,0.1024809,0.7793602
652,0.1186358,0.1025142,0.7788501
653,0.1186344,0.1022548,0.7791108
654,0.1183661,0.1018499,0.779784
655,0.1179668,0.1014152,0.780618
656,0.1175226,0.1010168,0.7814606
657,0.1170689,0.1006867,0.7822444
658,0.1166369,0.1004471,0.7829159
659,0.116242,0.1003026,0.7834554
660,0.1158922,0.1002519,0.7838559
661,0.1186708,0.1010068,0.7803224
662,0.1180512,0.1007774,0.7811715
663,0.117852,0.100977,0.781171
664,0.1177322,0.101235,0.7810328
665,0.1176646,0.1015504,0.780785
666,0.1176498,0.1019273,0.7804228
667,0.1176889,0.1023616,0.7799495
668,0.1177756,0.1028573,0.7793671
669,0.117905,0.1033968,0.7786981
670,0.118075,0.1039752,0.7779498
671,0.1182816,0.1045815,0.7771368
672,0.1185192,0.1052018,0.776279
673,0.1129758,0.1060326,0.7809916
674,0.1141554,0.1067223,0.7791222
675,0.11449,0.1071264,0.7783835
676,0.1147959,0.1076846,0.7775195
677,0.1151101,0.1082489,0.776641
678,0.1154232,0.1087481,0.7758287
679,0.1157217,0.1091538,0.7751245
680,0.1159918,0.1094929,0.7745153
681,0.1162485,0.1097431,0.7740083
682,0.1164779,0.1099044,0.7736177
683,0.1166725,0.1099854,0.7733421
684,0.1168284,0.1099971,0.7731745
685,0.1132541,0.109604,0.7771419
686,0.1106156,0.1091216,0.7802628
687,0.1093358,0.1090144,0.7816498
688,0.1088052,0.1092483,0.7819465
689,0.1087285,0.1097376,0.7815338
690,0.1089303,0.1103659,0.7807038
691,0.1092977,0.1110262,0.7796761
692,0.1097512,0.1115783,0.7786704
693,0.1102527,0.112052,0.7776953
694,0.1107607,0.112388,0.7768512
695,0.1112465,0.1125649,0.7761885
696,0.1116879,0.1125817,0.7757304
697,0.1165093,0.1118569,0.7716337
698,0.11954,0.1123752,0.7680848
699,0.1207921,0.1118106,0.7673972
700,0.1211108,0.110804,0.7680852
701,0.1208751,0.1095625,0.7695624
702,0.120332,0.1082849,0.771383
703,0.1196368,0.1070967,0.7732665
704,0.11888,0.1060389,0.7750812
705,0.1181138,0.1051409,0.7767454
706,0.1173604,0.1043938,0.7782457
707,0.1166309,0.1037879,0.7795811
708,0.1159316,0.1033155,0.7807529
709,0.1125473,0.1022836,0.7851691
710,0.1106617,0.1019585,0.7873799
711,0.1094872,0.101903,0.7886098
712,0.1087243,0.1020777,0.7891981
713,0.1082435,0.1024741,0.7892825
714,0.1079858,0.1030849,0.7889293
715,0.1079258,0.1039022,0.7881719
716,0.1080481,0.1049286,0.7870232
717,0.1083322,0.1061164,0.7855514
718,0.1087664,0.1074239,0.7838096
719,0.109329,0.1087756,0.7818954
720,0.1099904,0.110075,0.7799346
721,0.1080865,0.1106015,0.781312
722,0.1066683,0.1115537,0.781778
723,0.1062486,0.1121018,0.7816497
724,0.1064227,0.1126264,0.780951
725,0.1069565,0.1131445,0.779899
726,0.1076823,0.1135293,0.7787883
727,0.1084747,0.1136531,0.7778722
728,0.1092407,0.1134423,0.777317
729,0.1099046,0.1128852,0.7772101
730,0.110429,0.112041,0.77753
731,0.110796,0.1109857,0.7782183
732,0.111006,0.1097994,0.7791947
733,0.1159642,0.1087744,0.7752614
734,0.1185117,0.1081193,0.773369
735,0.119294,0.1065871,0.7741189
736,0.119143,0.1048129,0.7760441
737,0.1185005,0.1030305,0.778469
738,0.1176321,0.1013922,0.7809757
739,0.1166913,0.09997395,0.7833347
740,0.1157611,0.09878935,0.7854495
741,0.1148743,0.09783658,0.7872891
742,0.1140461,0.09709969,0.7888542
743,0.1132806,0.09656052,0.7901588
744,0.1125778,0.09620342,0.7912188
745,0.1074372,0.09614571,0.7964171
746,0.1023108,0.09454221,0.803147
747,0.09959026,0.09463633,0.8057734
748,0.09809534,0.09544569,0.806459
749,0.09737377,0.09673083,0.8058954
750,0.09721445,0.09842243,0.8043631
751,0.09751409,0.1005096,0.8019763
752,0.09821144,0.1029794,0.7988091
753,0.09924636,0.1057027,0.7950509
754,0.1005576,0.1084513,0.7909911
755,0.102064,0.11089,0.787046
756,0.1036668,0.1126852,0.783648
757,0.1074985,0.1126921,0.7798094
758,0.110669,0.1134146,0.7759164
759,0.1125998,0.1126201,0.77478
760,0.113613,0.1109001,0.7754869
761,0.1139066,0.1086809,0.7774126
762,0.113687,0.1063376,0.7799754
763,0.1131385,0.1041028,0.7827587
764,0.1124076,0.1020922,0.7855002
765,0.1116053,0.1003463,0.7880484
766,0.110797,0.09886381,0.7903391
767,0.1100209,0.09762966,0.7923494
768,0.109296,0.09662174,0.7940822
769,0.1132165,0.09609945,0.790684
770,0.1155571,0.09648754,0.7879554
771,0.116055,0.09569287,0.7882522
772,0.1156791,0.09470256,0.7896184
773,0.1149215,0.09375639,0.7913222
774,0.114036,0.09295849,0.7930055
775,0.1131498,0.0923567,0.7944934
776,0.1123171,0.09196471,0.7957183
777,0.1115745,0.09179374,0.7966318
778,0.1109188,0.09182352,0.7972577
779,0.1103467,0.0920407,0.7976125
780,0.1098586,0.09243327,0.7977081
781,0.1081882,0.09283061,0.7989812
782,0.1080688,0.09364777,0.7982835
783,0.1078823,0.0944973,0.7976205
784,0.1078086,0.0955184,0.7966729
785,0.1078796,0.09670115,0.7954193
786,0.1081078,0.09803303,0.7938592
787,0.1084975,0.09949972,0.7920028
788,0.1090253,0.1011341,0.7898407
789,0.1096807,0.102813,0.7875063
790,0.1104393,0.1044772,0.7850835
791,0.1112661,0.1060357,0.7826982
792,0.1121214,0.1073903,0.7804883
793,0.1195377,0.1106543,0.7698081
794,0.1172917,0.1101365,0.7725719
795,0.1172161,0.1103377,0.7724462
796,0.1175939,0.110429,0.7719771
797,0.1181303,0.1104578,0.771412
798,0.1186869,0.1103839,0.7709291
799,0.1191855,0.1101641,0.7706504
800,0.1195881,0.1097596,0.7706522
801,0.1198677,0.1092191,0.7709131
802,0.1200311,0.1085745,0.7713944
803,0.1200905,0.107863,0.7720464
804,0.120062,0.1071209,0.7728171
805,0.1257116,0.107599,0.7666894
806,0.1294976,0.1075954,0.7629071
807,0.1304076,0.1063692,0.7632232
808,0.1300519,0.1048206,0.7651275
809,0.1290935,0.1031929,0.7677135
810,0.1279057,0.1016803,0.770414
811,0.1266853,0.100384,0.7729307
812,0.1255089,0.09935053,0.7751405
813,0.1244334,0.09856236,0.7770041
814,0.1234507,0.09799019,0.7785591
815,0.122548,0.09760875,0.7798433
816,0.1217134,0.09739671,0.7808899
817,0.1139496,0.09709481,0.7889556
818,0.1105292,0.09633117,0.7931397
819,0.1084875,0.0962742,0.7952383
820,0.107281,0.09665033,0.7960686
821,0.1066528,0.09737244,0.7959747
822,0.1065104,0.09847097,0.7950186
823,0.1068365,0.1000554,0.793108
824,0.1076249,0.1022582,0.7901169
825,0.1088147,0.105169,0.7860163
826,0.1103425,0.1086937,0.7809638
827,0.1120996,0.1124874,0.7754131
828,0.1139647,0.1160227,0.7700126
829,0.1180682,0.1192458,0.762686
830,0.118064,0.1206434,0.7612926
831,0.1189682,0.1210451,0.7599866
832,0.1199493,0.1206112,0.7594396
833,0.1208013,0.1196482,0.7595505
834,0.1214109,0.1183155,0.7602736
835,0.1217362,0.1167372,0.7615266
836,0.1217848,0.1149832,0.763232
837,0.1216004,0.1132086,0.7651911
838,0.1212366,0.1114744,0.767289
839,0.1207482,0.1098309,0.7694209
840,0.1201826,0.1083114,0.7715059
841,0.1187785,0.1067918,0.7744297
842,0.119121,0.1059291,0.77495
843,0.1188252,0.1047422,0.7764325
844,0.1182819,0.1036127,0.7781054
845,0.1176288,0.102595,0.7797761
846,0.1169398,0.1017141,0.7813461
847,0.1162547,0.1009831,0.7827622
848,0.115594,0.1004015,0.7840045
849,0.1149706,0.09996792,0.7850614
850,0.1143858,0.09967466,0.7859396
851,0.1138421,0.09951767,0.7866402
852,0.1133438,0.09949347,0.7871627
853,0.112214,0.09982097,0.7879651
854,0.110696,0.09965163,0.7896523
855,0.1099191,0.1000066,0.7900743
856,0.1095149,0.1006167,0.7898684
857,0.1093811,0.1014559,0.7891629
858,0.1094681,0.1024978,0.7880341
859,0.1097439,0.1037012,0.7865549
860,0.1101714,0.1050541,0.7847746
861,0.1107322,0.1064339,0.7828339
862,0.1113889,0.1077585,0.7808527
863,0.1121019,0.1089381,0.7789599
864,0.1128304,0.1098924,0.7772772
865,0.1209359,0.1096579,0.7694062
866,0.1243995,0.1108406,0.76476
867,0.1260462,0.1109521,0.7630017
868,0.1264803,0.1100752,0.7634446
869,0.1261161,0.1085788,0.7653051
870,0.1253109,0.1068844,0.7678047
871,0.1243083,0.1052586,0.7704331
872,0.12326,0.1038052,0.7729349
873,0.1222573,0.1026099,0.7751328
874,0.1213295,0.1016589,0.7770116
875,0.120489,0.1009329,0.778578
876,0.1197366,0.10041,0.7798534
877,0.1117424,0.1017537,0.786504
878,0.1066637,0.09963854,0.7936978
879,0.1039374,0.0992585,0.7968041
880,0.1024744,0.0996839,0.7978417
881,0.101815,0.1006234,0.7975617
882,0.1017485,0.1020164,0.7962351
883,0.102182,0.1039122,0.7939058
884,0.1030615,0.1064139,0.7905246
885,0.1043215,0.1094098,0.7862687
886,0.1059004,0.1126706,0.7814289
887,0.1077144,0.1157765,0.776509
888,0.1096643,0.118255,0.7720807
889,0.1165507,0.1166458,0.7668035
890,0.1206514,0.1184885,0.7608602
891,0.1229345,0.1182334,0.7588321
892,0.1238986,0.1165029,0.7595985
893,0.1239088,0.1140206,0.7620706
894,0.1233203,0.1113969,0.7652828
895,0.1224096,0.1089558,0.7686347
896,0.1213662,0.1067923,0.7718415
897,0.1203165,0.1049663,0.7747173
898,0.1193126,0.1034371,0.7772503
899,0.1183777,0.1021686,0.7794538
900,0.1175181,0.1011265,0.7813554
901,0.1154412,0.1002991,0.7842596
902,0.1143036,0.09949408,0.7862024
903,0.1134786,0.09901244,0.787509
904,0.1128447,0.0987464,0.7884089
905,0.1123412,0.09865499,0.7890038
906,0.1119399,0.09871927,0.7893409
907,0.1116307,0.09892996,0.7894393
908,0.1114072,0.09928733,0.7893054
909,0.1112528,0.09975775,0.7889894
910,0.1111744,0.1003467,0.788479
911,0.1111766,0.1010477,0.7877757
912,0.1112641,0.1018474,0.7868885
913,0.110707,0.1030944,0.7861986
914,0.1084133,0.103348,0.7882387
915,0.1076488,0.104188,0.7881632
916,0.1075994,0.105296,0.7871045
917,0.1080263,0.106648,0.7853258
918,0.1087797,0.1081236,0.7830967
919,0.1097398,0.1095467,0.7807134
920,0.1108023,0.1107602,0.7784375
921,0.1118442,0.1115316,0.7766242
922,0.1128026,0.111819,0.7753784
923,0.1136166,0.1116254,0.774758
924,0.1142441,0.1110107,0.7747452
925,0.1137521,0.1098451,0.7764028
926,0.1144382,0.1089064,0.7766554
927,0.1146287,0.107578,0.7777932
928,0.114542,0.1061667,0.7792913
929,0.114262,0.1047566,0.7809815
930,0.1138521,0.1034134,0.7827345
931,0.1133619,0.1021814,0.7844567
932,0.112828,0.1010909,0.7860812
933,0.1123059,0.1001642,0.7875299
934,0.1118029,0.09938554,0.7888116
935,0.1113265,0.09874834,0.7899252
936,0.1108821,0.09824602,0.7908718
937,0.1160427,0.09910002,0.7848573
938,0.1185121,0.09937459,0.7821133
939,0.1192144,0.09886016,0.7819254
940,0.1190653,0.09815188,0.7827828
941,0.1185028,0.09741414,0.784083
942,0.1177698,0.09675904,0.7854712
943,0.1169989,0.09625427,0.7867468
944,0.1162705,0.09591192,0.7878176
945,0.1155958,0.09574962,0.7886546
946,0.1149935,0.09576483,0.7892417
947,0.1144713,0.09594712,0.7895816
948,0.1140342,0.09628379,0.789682
949,0.1118193,0.09656946,0.7916113
950,0.1091619,0.09653673,0.7943014
951,0.1079807,0.09720703,0.7948122
952,0.1075381,0.09823661,0.7942253
953,0.1076054,0.09959831,0.7927963
954,0.1080666,0.1012699,0.7906635
955,0.1088459,0.1032072,0.787947
956,0.1098637,0.1053867,0.7847495
957,0.1110889,0.1076373,0.7812738
958,0.1124275,0.1097428,0.7778298
959,0.1137942,0.1114869,0.7747189
960,0.1151067,0.1127,0.7721933
961,0.1167928,0.1130319,0.7701753
962,0.1174893,0.1131109,0.7693998
963,0.1181343,0.1126629,0.7692028
964,0.1185887,0.1118218,0.7695895
965,0.1188401,0.1107407,0.7704191
966,0.1188992,0.1095293,0.7715714
967,0.1187941,0.10827,0.7729359
968,0.1185654,0.1069939,0.7744407
969,0.1182467,0.1057808,0.7759725
970,0.1178716,0.1046526,0.7774758
971,0.1174668,0.1036241,0.7789091
972,0.117052,0.1027034,0.7802446
973,0.1199508,0.1013317,0.7787175
974,0.1239398,0.1023861,0.7736741
975,0.1247534,0.1012473,0.7739993
976,0.1242957,0.09977239,0.775932
977,0.1232895,0.09826262,0.7784479
978,0.1220969,0.09688722,0.7810158
979,0.1208954,0.09573456,0.78337
980,0.1197449,0.09484762,0.7854075
981,0.1186527,0.09417706,0.7871702
982,0.1176216,0.09371702,0.7886614
983,0.1166406,0.0934459,0.7899135
984,0.1156984,0.09334026,0.7909614
985,0.1163165,0.09367216,0.7900113
986,0.1138468,0.09330608,0.7928472
987,0.1125287,0.09350493,0.7939664
988,0.1115849,0.09380472,0.7946103
989,0.110876,0.09416634,0.7949576
990,0.1104023,0.09459294,0.7950048
991,0.110214,0.09512388,0.7946621
992,0.1103713,0.0958819,0.7937468
993,0.1109661,0.09708816,0.7919458
994,0.1120164,0.09895493,0.7890287
995,0.1134829,0.1016489,0.7848682
996,0.1152506,0.105171,0.7795784
997,0.1097212,0.1115871,0.7786916
998,0.1122495,0.1154825,0.7722679
999,0.1133392,0.1180447,0.7686161
1000,0.1146323,0.1201658,0.7652019
1001,0.1160617,0.1216847,0.7622536
1002,0.1174547,0.1223855,0.7601597
1003,0.118666,0.1222017,0.7591322
1004,0.1195981,0.1212029,0.759199
1005,0.12025,0.1197413,0.7600088
1006,0.1206101,0.1180066,0.7613834
1007,0.1207148,0.1161791,0.7631062
1008,0.120617,0.114388,0.7649949
1009,0.1188238,0.1130617,0.7681144
1010,0.1145581,0.1106219,0.77482
1011,0.1125827,0.1093598,0.7780575
1012,0.1116548,0.1087215,0.7796236
1013,0.1113026,0.1084853,0.7802121
1014,0.1112747,0.1084865,0.7802389
1015,0.1114294,0.1086131,0.7799575
1016,0.111684,0.1087966,0.7795194
1017,0.1119901,0.1089716,0.7790383
1018,0.1123168,0.1091051,0.7785781
1019,0.1126438,0.1091765,0.7781797
1020,0.1129575,0.1091744,0.777868
1021,0.1176474,0.1093994,0.7729531
1022,0.1208984,0.1098323,0.7692692
1023,0.1222191,0.1092965,0.7684844
1024,0.1225679,0.1083517,0.7690805
1025,0.1223458,0.1071587,0.7704955
1026,0.1218074,0.1059055,0.7722871
1027,0.1211129,0.1047209,0.7741662
1028,0.1203647,0.1036408,0.7759945
1029,0.1195842,0.1026891,0.7777268
1030,0.1188108,0.1018824,0.7793068
1031,0.1180622,0.1012197,0.7807181
1032,0.1173484,0.1006973,0.7819543
1033,0.1179946,0.1011388,0.7808666
1034,0.1161834,0.1002309,0.7835857
1035,0.1152677,0.1001201,0.7846122
1036,0.1147057,0.1002785,0.7850158
1037,0.1143698,0.1006458,0.7849844
1038,0.1142133,0.1011976,0.784589
1039,0.1142143,0.1019107,0.783875
1040,0.1143453,0.1027993,0.7828553
1041,0.1146094,0.1038008,0.7815898
1042,0.1149905,0.1048825,0.780127
1043,0.1154716,0.1060009,0.7785274
1044,0.1160307,0.1071029,0.7768664
1045,0.1180247,0.1083376,0.7736377
1046,0.1188911,0.1091989,0.77191
1047,0.1196857,0.1099212,0.7703931
1048,0.1203134,0.1103367,0.76935
1049,0.1207812,0.1104544,0.7687644
1050,0.1210993,0.1103156,0.7685852
1051,0.1212788,0.1099715,0.7687497
1052,0.1213408,0.1094429,0.7692164
1053,0.1213192,0.1088471,0.7698337
1054,0.1212231,0.1082004,0.7705765
1055,0.1210694,0.1075327,0.7713979
1056,0.1208743,0.1068708,0.7722548
1057,0.1180234,0.1050463,0.7769303
1058,0.118602,0.1051013,0.7762967
1059,0.1185308,0.1045859,0.7768834
1060,0.1183245,0.1040535,0.777622
1061,0.1180653,0.1035446,0.7783901
1062,0.1177908,0.103085,0.7791241
1063,0.117525,0.102696,0.7797789
1064,0.1172804,0.1023956,0.7803239
1065,0.1170514,0.1021666,0.7807819
1066,0.1168476,0.1020186,0.7811339
1067,0.1166719,0.1019497,0.7813784
1068,0.1165262,0.1019561,0.7815177
1069,0.1135082,0.1017164,0.7847754
1070,0.1127276,0.1017739,0.7854985
1071,0.1122944,0.1019706,0.785735
1072,0.1121444,0.1023593,0.7854964
1073,0.1121873,0.1028877,0.784925
1074,0.1123632,0.1035012,0.7841356
1075,0.1126317,0.1041507,0.7832175
1076,0.1129606,0.1048079,0.7822316
1077,0.1133186,0.1054042,0.7812771
1078,0.1136917,0.1059226,0.7803858
1079,0.1140635,0.106343,0.7795934
1080,0.1144198,0.1066524,0.7789278
1081,0.1155326,0.1059304,0.778537
1082,0.1155523,0.1063159,0.7781319
1083,0.1156937,0.1063964,0.7779099
1084,0.1158336,0.10631,0.7778565
1085,0.1159461,0.1061284,0.7779256
1086,0.1160214,0.1058833,0.7780952
1087,0.1160568,0.1055943,0.7783489
1088,0.1160544,0.1052711,0.7786746
1089,0.1160313,0.1049469,0.7790219
1090,0.1159858,0.1046231,0.7793911
1091,0.1159217,0.1043084,0.7797698
1092,0.1158433,0.1040111,0.7801456
1093,0.1192586,0.1036021,0.7771393
1094,0.1222127,0.104304,0.7734832
1095,0.1230658,0.1038437,0.7730904
1096,0.1230184,0.1030416,0.77394
1097,0.1225054,0.1020788,0.7754157
1098,0.1217755,0.1011177,0.7771069
1099,0.1209718,0.1002636,0.7787645
1100,0.1201795,0.09954853,0.7802721
1101,0.1194141,0.09900027,0.7815856
1102,0.1186956,0.09861853,0.7826858
1103,0.1180312,0.09839349,0.7835753
1104,0.1174244,0.09831365,0.784262
1105,0.120442,0.09875475,0.7808033
1106,0.1202504,0.09896963,0.78078
1107,0.1201005,0.09933911,0.7805605
1108,0.1198904,0.09972352,0.7803861
1109,0.1196703,0.1001413,0.7801884
1110,0.1194891,0.100618,0.7798928
1111,0.1193824,0.1011731,0.7794445
1112,0.1193235,0.1019074,0.7787691
1113,0.1193814,0.1027324,0.7778862
1114,0.1195523,0.1036589,0.7767888
1115,0.1198376,0.1046853,0.7754771
1116,0.1202325,0.1057972,0.7739702
1117,0.1147501,0.1101044,0.7751455
1118,0.1120603,0.1102082,0.7777314
1119,0.1104593,0.1100561,0.7794846
1120,0.1101013,0.1105476,0.7793511
