EwEVersion,"6.5.13829.0 (compiled 2016-05-17)"
Date,"2016-09-06 16:59:01"
ModelName,Baltic_Proper-SEALS
EcosimScenario,Proper1_SealVuln100_19742100_seal1_cofF03
TimeSeries,new_data_weights_19742100_BAU_WAR1_codF03_seal100
StartYear,1974

Data,"Prey of JuvSprat"

Year,"Temora sp","Acartia sp","Pseudocalanus sp.","other mesozooplankton","Mysids",
1974,0.3451402,0.2707768,0.1844684,0.1990497,0.0005648402
1975,0.3250975,0.2538365,0.1871371,0.23335,0.0005787756
1976,0.2761258,0.2833386,0.1759867,0.264131,0.0004178401
1977,0.275221,0.2803826,0.1771964,0.2667021,0.0004977536
1978,0.269896,0.2996313,0.1700786,0.2600493,0.0003448435
1979,0.2636178,0.3084541,0.1802727,0.2472409,0.0004145102
1980,0.2468263,0.2965945,0.1925558,0.263527,0.0004963504
1981,0.2605394,0.2704063,0.1834121,0.2852356,0.0004065908
1982,0.2564649,0.2900038,0.1636426,0.2897026,0.0001861056
1983,0.294487,0.281399,0.169222,0.2545244,0.0003677589
1984,0.2757836,0.2835797,0.1722284,0.2679752,0.0004331055
1985,0.08639252,0.3691464,0.222342,0.3217172,0.0004018953
1986,0.2328146,0.3183172,0.1995986,0.248779,0.0004904668
1987,0.08856414,0.3633146,0.290276,0.2570094,0.0008358572
1988,0.281819,0.3265213,0.2083598,0.1829248,0.0003751279
1989,0.3423318,0.258968,0.2187569,0.179093,0.0008504399
1990,0.3146132,0.2665181,0.1952927,0.2229427,0.0006333584
1991,0.2917738,0.3195312,0.1864415,0.201893,0.0003604368
1992,0.3457266,0.2901208,0.1753132,0.1882999,0.0005394365
1993,0.2963585,0.2824939,0.2035037,0.2167773,0.0008666607
1994,0.2437358,0.3038847,0.2075773,0.2441069,0.0006953361
1995,0.3272914,0.2741001,0.1843192,0.2136744,0.0006149562
1996,0.1783773,0.3348428,0.2354494,0.2506794,0.0006510487
1997,0.2641739,0.3309515,0.2164816,0.1878323,0.0005606441
1998,0.3232546,0.2784025,0.2113185,0.1862132,0.0008111238
1999,0.3191396,0.2523681,0.2078328,0.2196933,0.0009662083
2000,0.2331279,0.2920122,0.2350823,0.2387512,0.001026382
2001,0.291609,0.3262299,0.1947613,0.1869374,0.0004624444
2002,0.2986826,0.3045106,0.2135968,0.1823982,0.0008117422
2003,0.2131002,0.2943326,0.2309599,0.260634,0.0009732638
2004,0.2050195,0.3022025,0.2369483,0.2548302,0.0009995102
2005,0.2298789,0.3501294,0.2100729,0.2094634,0.0004553359
2006,0.2748786,0.3227256,0.2136242,0.1880817,0.0006898889
2007,0.3156343,0.2955805,0.2076565,0.1803959,0.0007328444
2008,0.3238987,0.2817154,0.1898412,0.2039572,0.0005875364
2009,0.2914834,0.2795891,0.1930091,0.2353625,0.0005557937
2010,0.1628422,0.3710641,0.2222337,0.2435594,0.0003006304
2011,0.09854258,0.4129096,0.2620641,0.2260914,0.0003923032
2012,0.3086684,0.3054363,0.2143745,0.1708776,0.0006431889
2013,0.2763678,0.2805844,0.2115278,0.2308576,0.0006624419
2014,0.3119358,0.2780649,0.1888042,0.2207072,0.0004878667
2015,0.3250058,0.3076666,0.1728362,0.1941759,0.0003154562
2016,0.3471243,0.2852943,0.1792107,0.1878497,0.0005209062
2017,0.3297639,0.2774022,0.1883195,0.2038758,0.0006386128
2018,0.3314981,0.2853198,0.1789653,0.2037122,0.0005046062
2019,0.3294877,0.2938894,0.1833582,0.1927773,0.0004875106
2020,0.3338914,0.2918298,0.1869123,0.186854,0.0005126058
2021,0.3339923,0.2976587,0.1962651,0.1715279,0.0005560876
2022,0.3568318,0.2783879,0.1923398,0.1718867,0.0005538334
2023,0.3539038,0.2664048,0.1946063,0.1844897,0.0005954809
2024,0.3402137,0.2761892,0.1844094,0.1987165,0.0004713035
2025,0.3399005,0.2936831,0.1876169,0.1783491,0.0004503027
2026,0.3618424,0.2834791,0.1830133,0.1711798,0.000485551
2027,0.3496531,0.2786482,0.1903878,0.1807252,0.0005856313
2028,0.3501174,0.2752688,0.176244,0.1978977,0.0004720651
2029,0.3465879,0.2736508,0.1727821,0.2065386,0.000440526
2030,0.3320488,0.2839731,0.1684851,0.2151057,0.0003873263
2031,0.3251649,0.2970998,0.1734188,0.2038781,0.0004383902
2032,0.3440917,0.2839657,0.1690312,0.2024247,0.0004867022
2033,0.3244933,0.282508,0.1763462,0.216148,0.0005044711
2034,0.3211175,0.3018587,0.1740276,0.2025792,0.0004170267
2035,0.3509309,0.2784445,0.1780503,0.1920318,0.0005424533
2036,0.3188237,0.292896,0.191637,0.1961073,0.0005359485
2037,0.3432246,0.2941788,0.1817756,0.1803454,0.0004755604
2038,0.3543009,0.2662201,0.1874796,0.1913508,0.0006484654
2039,0.3275403,0.2710364,0.1794257,0.2214763,0.0005213176
2040,0.3426165,0.2869561,0.1676747,0.2023475,0.0004052862
2041,0.3624463,0.2654962,0.1670154,0.2045454,0.0004966636
2042,0.3211448,0.2723661,0.174698,0.2313241,0.0004669659
2043,0.3381578,0.2963905,0.1618158,0.2032991,0.0003368163
2044,0.3483961,0.27761,0.1763595,0.1970966,0.0005377618
2045,0.3300749,0.2813428,0.1767884,0.2113295,0.0004643373
2046,0.3504586,0.2735353,0.1652271,0.2103464,0.0004325712
2047,0.3159716,0.2888246,0.179144,0.215625,0.0004347604
2048,0.3461592,0.286613,0.1662395,0.2005779,0.0004103375
2049,0.3398976,0.2741099,0.1798624,0.2055631,0.0005669437
2050,0.3272728,0.291372,0.1749375,0.2060063,0.000411459
2051,0.3451848,0.2865019,0.180376,0.1874494,0.0004878567
2052,0.3537322,0.2674546,0.1796571,0.1986129,0.000543246
2053,0.3284169,0.2794179,0.1768447,0.2148867,0.0004337488
2054,0.3455027,0.2886851,0.1707872,0.1946137,0.0004113525
2055,0.3567753,0.2610463,0.1746378,0.2069524,0.0005881789
2056,0.3256694,0.2538765,0.1731419,0.2468063,0.0005060182
2057,0.3179687,0.2924987,0.1567889,0.2324328,0.0003107995
2058,0.3324957,0.2932169,0.1731077,0.200685,0.0004946856
2059,0.3495965,0.2785585,0.1699386,0.2014058,0.0005006205
2060,0.3399129,0.274897,0.1741778,0.2105437,0.0004685267
2061,0.3429489,0.2823251,0.1654509,0.2089233,0.0003518302
2062,0.3449812,0.2752461,0.1724707,0.2068356,0.0004663733
2063,0.3339046,0.2791704,0.1745535,0.2118941,0.000477408
2064,0.3399596,0.2813146,0.1723749,0.205872,0.0004789809
2065,0.3495449,0.2662659,0.1703454,0.2133178,0.0005260563
2066,0.3373219,0.2596194,0.1654601,0.2371309,0.0004676928
2067,0.3162511,0.2898768,0.1605556,0.2329891,0.0003272417
2068,0.338026,0.2923054,0.1677592,0.2014753,0.0004339492
2069,0.350087,0.2718833,0.1714755,0.2060363,0.0005178628
2070,0.3341325,0.2727898,0.1684797,0.2241706,0.0004273743
2071,0.339942,0.2782657,0.1644421,0.2169624,0.0003878262
2072,0.3387214,0.2740375,0.170481,0.2162934,0.0004667497
2073,0.3381531,0.2794659,0.1657381,0.2162303,0.0004125592
2074,0.3351136,0.2806462,0.1656495,0.2181557,0.0004349855
2075,0.3352098,0.2674124,0.1633294,0.2335644,0.0004839676
2076,0.3133782,0.2837408,0.162386,0.2401367,0.0003582974
2077,0.3506616,0.2799009,0.1565026,0.2125305,0.0004043365
2078,0.3386573,0.264216,0.1674184,0.2292106,0.0004976772
2079,0.3167516,0.2865368,0.1620323,0.2343567,0.0003226236
2080,0.3467828,0.2771072,0.1652865,0.2103702,0.0004533227
2081,0.3358878,0.2610084,0.169883,0.2326921,0.000528593
2082,0.3205996,0.2765581,0.1598989,0.2425731,0.0003702765
2083,0.3381701,0.2786756,0.1593603,0.2233596,0.0004344324
2084,0.3326797,0.2705076,0.1640015,0.2323303,0.0004808879
2085,0.3323132,0.2731089,0.1587385,0.2354124,0.0004269132
2086,0.3352748,0.2721804,0.1597677,0.2323431,0.0004339326
2087,0.3319519,0.2757653,0.1603117,0.2315591,0.0004120202
2088,0.3424748,0.2666759,0.159239,0.2311524,0.0004578185
2089,0.3327194,0.2600674,0.1588227,0.2479466,0.0004439085
2090,0.3292429,0.2721033,0.1493044,0.2490118,0.0003375906
2091,0.3392202,0.2597762,0.1494989,0.2510591,0.0004456744
2092,0.3119814,0.2386672,0.161642,0.2873257,0.000383792
2093,0.3402289,0.2893409,0.1458876,0.2242152,0.0003274087
2094,0.3300971,0.2713385,0.1652778,0.2327849,0.0005016442
2095,0.3302472,0.2765769,0.157779,0.234999,0.0003979518
2096,0.3326967,0.2829072,0.1670993,0.2168396,0.0004572253
2097,0.353606,0.2643203,0.1631846,0.2184016,0.0004875502
2098,0.3225369,0.2732918,0.1703909,0.2333292,0.0004511458
