EwEVersion,"6.5.13829.0 (compiled 2016-05-17)"
Date,"2016-09-06 16:59:01"
ModelName,Baltic_Proper-SEALS
EcosimScenario,Proper1_SealVuln100_19742100_seal1_cofF03
TimeSeries,new_data_weights_19742100_BAU_WAR1_codF03_seal100
StartYear,1974

Data,"Prey of Temora sp"

TimeStep,"Cyanobacteria","Phytoplankton","microzooplankton","Detritus-water column",
1,0.04225925,0.6065168,0.1818384,0.1693856
2,0.03843141,0.6257736,0.1810653,0.1547296
3,0.0365148,0.6314564,0.1842176,0.1478112
4,0.03551377,0.6320712,0.1878981,0.1445169
5,0.03498649,0.6309366,0.1910353,0.1430416
6,0.03471035,0.629393,0.1934095,0.1424873
7,0.03456669,0.6279414,0.1951074,0.1423845
8,0.03449095,0.6267245,0.1962997,0.1424848
9,0.03444798,0.6257406,0.1971526,0.1426588
10,0.03441905,0.6249409,0.1977991,0.142841
11,0.03439435,0.6242702,0.198335,0.1430005
12,0.03436902,0.623682,0.198825,0.1431241
13,0.03504702,0.6175472,0.2012598,0.146146
14,0.03547345,0.6146087,0.2018546,0.1480632
15,0.03571072,0.6132495,0.2019097,0.14913
16,0.03582743,0.6126233,0.2018863,0.1496628
17,0.03586937,0.6122901,0.2019731,0.1498673
18,0.03586669,0.6120398,0.2022164,0.1498771
19,0.03583881,0.6117858,0.2025973,0.1497781
20,0.03579811,0.6115038,0.2030724,0.1496255
21,0.03575266,0.611199,0.2035918,0.1494565
22,0.03570799,0.6108875,0.2041071,0.1492974
23,0.03566799,0.6105883,0.2045756,0.1491682
24,0.03563545,0.6103187,0.204962,0.1490838
25,0.03168523,0.6408312,0.1948486,0.132635
26,0.02964744,0.6499566,0.1960325,0.1243635
27,0.0286395,0.6517194,0.1990227,0.1206185
28,0.02812166,0.6510121,0.2018997,0.1189665
29,0.02786311,0.6496834,0.2040507,0.1184028
30,0.02774151,0.6484029,0.20546,0.1183956
31,0.02769012,0.6473576,0.2062961,0.1186562
32,0.02767263,0.6465501,0.2067477,0.1190296
33,0.02766973,0.6459256,0.2069694,0.1194354
34,0.02767111,0.6454219,0.2070757,0.1198313
35,0.02767179,0.6449879,0.2071419,0.1201985
36,0.02766954,0.6445873,0.2072133,0.1205297
37,0.02845109,0.6369651,0.2103782,0.1242056
38,0.02894338,0.6335509,0.2109403,0.1265653
39,0.02922915,0.6321344,0.2106663,0.1279702
40,0.02938368,0.6316023,0.2102372,0.1287767
41,0.02945792,0.6313975,0.2099236,0.129221
42,0.02948493,0.6312666,0.2097943,0.1294542
43,0.02948535,0.631112,0.209833,0.1295696
44,0.02947163,0.6309086,0.2099968,0.129623
45,0.02945112,0.6306612,0.2102404,0.1296472
46,0.0294286,0.6303865,0.2105206,0.1296643
47,0.02940696,0.6301019,0.2108028,0.1296883
48,0.02938797,0.6298229,0.2110611,0.1297279
49,0.03022137,0.6217711,0.2145301,0.1334775
50,0.03075722,0.6181589,0.2152077,0.1358762
51,0.0310782,0.6167275,0.214903,0.1372914
52,0.0312649,0.6163185,0.2143048,0.1381118
53,0.03137182,0.6163386,0.2136969,0.1385927
54,0.03143433,0.6165078,0.2131615,0.1388964
55,0.03147399,0.6167079,0.2126987,0.1391193
56,0.03150321,0.6168982,0.212284,0.1393147
57,0.03152856,0.6170697,0.2118927,0.139509
58,0.03155274,0.6172239,0.2115135,0.1397099
59,0.03157659,0.6173632,0.2111429,0.1399174
60,0.03160006,0.6174892,0.2107833,0.1401275
61,0.03194922,0.6139861,0.2123997,0.141665
62,0.03216113,0.6123073,0.2129683,0.1425634
63,0.03230232,0.6115549,0.2129701,0.1431727
64,0.03239315,0.6112732,0.2127598,0.1435739
65,0.03245207,0.6112143,0.2124862,0.1438474
66,0.03249156,0.6112514,0.2122104,0.1440466
67,0.03251944,0.6113232,0.2119536,0.1442037
68,0.03254034,0.6114015,0.2117212,0.144337
69,0.03255688,0.6114739,0.2115141,0.1444552
70,0.03257072,0.6115365,0.2113287,0.144564
71,0.03258265,0.6115885,0.2111632,0.1446657
72,0.03259307,0.6116302,0.2110162,0.1447606
73,0.03030401,0.6312862,0.203739,0.1346709
74,0.02904118,0.6380054,0.203701,0.1292524
75,0.02836676,0.6397136,0.2053659,0.1265537
76,0.02800392,0.6395266,0.2072059,0.1252636
77,0.02781017,0.6387452,0.2087269,0.1247177
78,0.02770728,0.6378844,0.209853,0.1245553
79,0.02765162,0.6371161,0.2106545,0.1245777
80,0.02761905,0.6364709,0.2112332,0.1246769
81,0.02759641,0.6359282,0.2116799,0.1247956
82,0.02757679,0.6354555,0.2120627,0.124905
83,0.02755669,0.6350243,0.2124275,0.1249915
84,0.02753453,0.6346131,0.2128023,0.1250501
85,0.02758659,0.6344588,0.2124017,0.125553
86,0.02762656,0.6344942,0.2118825,0.1259967
87,0.02762882,0.6345137,0.2116553,0.1262021
88,0.02761395,0.6344552,0.2116396,0.1262912
89,0.02758897,0.6343101,0.2117956,0.1263053
90,0.02755711,0.6340894,0.2120894,0.1262641
91,0.02752015,0.6338085,0.212492,0.1261793
92,0.02747921,0.6334829,0.2129785,0.1260593
93,0.0274353,0.6331269,0.2135259,0.1259119
94,0.02738957,0.6327533,0.2141115,0.1257457
95,0.02734348,0.6323741,0.2147113,0.1255712
96,0.0272988,0.6320019,0.2152984,0.1254009
97,0.02674976,0.6367371,0.2135377,0.1229753
98,0.02642289,0.6384377,0.2135248,0.1216147
99,0.02622928,0.6388438,0.21404,0.1208869
100,0.02611996,0.6387477,0.2145708,0.1205615
101,0.0260634,0.6385121,0.214935,0.1204894
102,0.02604019,0.6382877,0.2150927,0.1205793
103,0.02603832,0.6381235,0.2150642,0.120774
104,0.02605009,0.6380225,0.2148913,0.1210361
105,0.02607037,0.63797,0.2146201,0.1213396
106,0.02609539,0.6379458,0.2142948,0.121664
107,0.02612229,0.6379318,0.213953,0.121993
108,0.02614889,0.6379134,0.2136239,0.1223138
109,0.02715873,0.628536,0.2170939,0.1272114
110,0.02782937,0.6245598,0.2171495,0.1304615
111,0.02823783,0.6231818,0.2161831,0.1323974
112,0.02847922,0.6229626,0.2150435,0.1335147
113,0.02861697,0.6231715,0.2140788,0.1341327
114,0.02869282,0.6234723,0.2133772,0.1344577
115,0.02873287,0.6237319,0.2129185,0.1346167
116,0.02875281,0.6239138,0.2126483,0.1346851
117,0.02876174,0.6240219,0.2125105,0.1347058
118,0.02876473,0.6240725,0.2124609,0.1347019
119,0.02876464,0.6240831,0.212466,0.1346863
120,0.02876306,0.6240683,0.2125027,0.134666
121,0.02840233,0.6271316,0.2115198,0.1329463
122,0.02817755,0.628211,0.2117312,0.1318802
123,0.02805204,0.6284446,0.2121859,0.1313175
124,0.02798159,0.628346,0.2126468,0.1310256
125,0.02794281,0.628147,0.2130232,0.130887
126,0.02792186,0.6279442,0.213301,0.130833
127,0.02791063,0.6277705,0.2134951,0.1308238
128,0.02790448,0.6276315,0.2136271,0.130837
129,0.02790091,0.6275222,0.2137164,0.1308605
130,0.02789854,0.6274354,0.2137778,0.1308881
131,0.02789668,0.6273651,0.2138216,0.1309167
132,0.02789495,0.627306,0.2138545,0.1309446
133,0.03065085,0.5983096,0.2276385,0.143401
134,0.03256272,0.5828113,0.2330687,0.1515572
135,0.03383421,0.5752503,0.2342731,0.1566423
136,0.03461134,0.5720225,0.2339525,0.1594136
137,0.03505505,0.5709563,0.2332959,0.1606926
138,0.03529408,0.5708637,0.2327275,0.1611148
139,0.03541951,0.5711621,0.2323028,0.1611156
140,0.03549045,0.5716034,0.2319381,0.1609682
141,0.03554242,0.5721021,0.2315258,0.1608296
142,0.03559602,0.5726427,0.2309755,0.1607859
143,0.03566169,0.5732319,0.2302314,0.160875
144,0.03574385,0.5738793,0.2292692,0.1611076
145,0.03195019,0.6100616,0.2137857,0.1442025
146,0.03004842,0.6233385,0.2105124,0.1361008
147,0.0290988,0.6281919,0.2103016,0.1324077
148,0.02862046,0.6297182,0.2108356,0.1308258
149,0.02838237,0.6299728,0.2113831,0.1302617
150,0.02826682,0.6298009,0.2117612,0.1301711
151,0.02821266,0.6295305,0.2119744,0.1302824
152,0.02818824,0.6292706,0.2120769,0.1304643
153,0.02817729,0.6290432,0.2121239,0.1306557
154,0.02817148,0.6288409,0.2121578,0.1308299
155,0.02816665,0.6286498,0.2122072,0.1309763
156,0.0281607,0.6284574,0.2122902,0.1310916
157,0.03472828,0.5643542,0.2396912,0.1612262
158,0.04058484,0.5214307,0.2505952,0.1873892
159,0.04530258,0.4943511,0.2528248,0.2075215
160,0.04879257,0.4786166,0.2510624,0.2215284
161,0.05116981,0.4703908,0.2481977,0.2302417
162,0.05265837,0.4667406,0.2456858,0.2349152
163,0.05350786,0.4656242,0.244039,0.2368289
164,0.05394024,0.4657603,0.2432369,0.2370626
165,0.05412736,0.4664369,0.2430176,0.2364182
166,0.05419026,0.4673142,0.2430564,0.2354392
167,0.05420844,0.4682622,0.2430615,0.2344679
168,0.05423032,0.4692501,0.2428192,0.2337003
169,0.04855016,0.517,0.2255256,0.2089243
170,0.04541731,0.5389423,0.2198619,0.1957784
171,0.04405222,0.5494581,0.2156175,0.1908723
172,0.04341232,0.5552698,0.2122164,0.1891014
173,0.04309561,0.5586368,0.2097554,0.1885122
174,0.04294924,0.5606991,0.2079123,0.1884394
175,0.04288836,0.5620317,0.2065428,0.1885371
176,0.04286762,0.5629374,0.2055509,0.1886442
177,0.04286428,0.5635803,0.2048554,0.1887
178,0.04286774,0.5640528,0.2043864,0.1886932
179,0.04287312,0.5644094,0.2040873,0.1886301
180,0.04287818,0.5646853,0.2039154,0.1885212
181,0.04130099,0.5781646,0.1989375,0.181597
182,0.04033046,0.5844141,0.197866,0.1773895
183,0.03975451,0.587108,0.1982099,0.1749275
184,0.03941651,0.588079,0.1990123,0.1734921
185,0.03921933,0.5882666,0.1998706,0.1726435
186,0.0391033,0.5881365,0.2006438,0.1721164
187,0.03903221,0.5879067,0.2013078,0.1717532
188,0.03898433,0.5876689,0.2018846,0.1714621
189,0.03894685,0.5874543,0.202409,0.1711899
190,0.03891242,0.5872657,0.2029139,0.170908
191,0.03887689,0.5870962,0.2034263,0.1706006
192,0.038838,0.5869362,0.2039658,0.1702601
193,0.03790483,0.5944883,0.2015148,0.166092
194,0.03731602,0.5977969,0.2014186,0.1634685
195,0.03694727,0.5990524,0.2021876,0.1618126
196,0.03671444,0.5993343,0.2032092,0.1607421
197,0.03656368,0.5991977,0.2042227,0.1600159
198,0.03646185,0.5989167,0.2051319,0.1594897
199,0.03638925,0.598618,0.2059122,0.1590807
200,0.03633462,0.5983545,0.2065666,0.1587442
201,0.03629191,0.5981442,0.2071051,0.1584587
202,0.03625831,0.5979899,0.2075354,0.1582164
203,0.03623264,0.5978888,0.2078624,0.1580161
204,0.03621457,0.5978369,0.2080894,0.1578592
205,0.04006597,0.5647874,0.2208415,0.1743051
206,0.04298522,0.5459951,0.2246092,0.1864105
207,0.04501963,0.5361235,0.2244169,0.1944399
208,0.04635154,0.5316222,0.2226805,0.1993458
209,0.04717795,0.5301,0.2206309,0.2020911
210,0.04767157,0.5300758,0.2187681,0.2034846
211,0.0479641,0.530709,0.2172056,0.2041214
212,0.04814628,0.5315692,0.2158874,0.2043971
213,0.04827527,0.5324629,0.2147123,0.2045496
214,0.04838157,0.5333192,0.2136071,0.2046922
215,0.04847981,0.5341198,0.2125326,0.2048678
216,0.04857495,0.5348655,0.2114813,0.2050782
217,0.04356259,0.5754304,0.1969627,0.1840443
218,0.04081399,0.5921867,0.1941646,0.1728347
219,0.03934526,0.5987105,0.1948309,0.1671133
220,0.03855472,0.6008199,0.1963971,0.1642283
221,0.03813424,0.6011029,0.1979249,0.162838
222,0.03791652,0.6007254,0.1991314,0.1622268
223,0.03780838,0.6001912,0.1999938,0.1620067
224,0.03775772,0.5996954,0.2005784,0.1619686
225,0.03773561,0.5992929,0.2009693,0.1620021
226,0.03772626,0.5989819,0.2012408,0.162051
227,0.0377213,0.5987409,0.2014494,0.1620885
228,0.03771648,0.598546,0.2016347,0.1621029
229,0.03845241,0.5916029,0.2048213,0.1651234
230,0.03891934,0.5880435,0.2061103,0.1669268
231,0.03920747,0.5862758,0.2065587,0.167958
232,0.03937257,0.5854443,0.2067178,0.1684653
233,0.03945801,0.5850636,0.2068371,0.1686413
234,0.03949425,0.5848758,0.2070108,0.1686192
235,0.0395015,0.5847553,0.2072571,0.1684861
236,0.03949277,0.5846486,0.2075612,0.1682975
237,0.0394763,0.5845395,0.207896,0.1680882
238,0.0394573,0.5844293,0.2082326,0.1678808
239,0.03943906,0.5843266,0.2085449,0.1676896
240,0.03942364,0.5842412,0.208811,0.1675241
241,0.03773551,0.596797,0.2052789,0.1601886
242,0.03670697,0.6016741,0.2058674,0.1557515
243,0.03614174,0.6031883,0.2072479,0.153422
244,0.03583362,0.6033375,0.2085942,0.1522347
245,0.03567247,0.6030234,0.2096149,0.1516892
246,0.03559404,0.6026335,0.2102752,0.1514972
247,0.03556061,0.6023111,0.2106373,0.151491
248,0.03555027,0.6020886,0.2107871,0.151574
249,0.03555063,0.601954,0.2108032,0.1516922
250,0.03555526,0.601883,0.2107432,0.1518185
251,0.03556089,0.6018519,0.2106471,0.15194
252,0.03556598,0.6018425,0.2105404,0.1520511
253,0.03504671,0.6080002,0.2067482,0.1502048
254,0.03475018,0.6111393,0.2047869,0.1493236
255,0.0345533,0.6127169,0.2039497,0.14878
256,0.03443123,0.613447,0.2036178,0.148504
257,0.03435694,0.6137356,0.2035162,0.1483913
258,0.0343115,0.6138014,0.203519,0.1483682
259,0.03428273,0.6137574,0.2035712,0.1483887
260,0.03426309,0.6136599,0.2036514,0.1484257
261,0.03424811,0.6135355,0.2037522,0.1484641
262,0.03423523,0.6133968,0.2038716,0.1484964
263,0.03422305,0.613249,0.2040086,0.1485194
264,0.03421086,0.6130948,0.2041623,0.1485321
265,0.03769515,0.5811387,0.2179831,0.1631831
266,0.04021313,0.5631279,0.2233623,0.1732966
267,0.04192865,0.5536494,0.2246081,0.1798138
268,0.04300783,0.5491509,0.2242842,0.183557
269,0.04363774,0.5473189,0.2236259,0.1854173
270,0.04397867,0.5467799,0.2231101,0.1861314
271,0.04415103,0.5467985,0.2228135,0.1862368
272,0.0442379,0.5470309,0.2226364,0.1860948
273,0.04429255,0.5473476,0.2224294,0.1859305
274,0.04434566,0.54772,0.2220677,0.1858666
275,0.0444126,0.548156,0.2214742,0.1859572
276,0.04449794,0.548667,0.2206282,0.186207
277,0.04578295,0.5405952,0.2219913,0.1916305
278,0.0467487,0.5368667,0.2206657,0.1957188
279,0.04740926,0.5355586,0.2185771,0.1984551
280,0.04785121,0.5355359,0.2163777,0.2002352
281,0.04814288,0.536119,0.2143732,0.2013647
282,0.0483349,0.5369267,0.2126722,0.2020662
283,0.04846254,0.5377603,0.2112845,0.2024928
284,0.04854927,0.5385281,0.2101777,0.2027449
285,0.04861005,0.539197,0.2093073,0.2028856
286,0.04865422,0.5397635,0.2086282,0.202954
287,0.04868753,0.540237,0.2081015,0.202974
288,0.04871338,0.5406314,0.2076955,0.2029597
289,0.04394898,0.5781223,0.1946238,0.1833048
290,0.04129864,0.5936531,0.19236,0.1726883
291,0.03985536,0.5996226,0.193357,0.167165
292,0.03906079,0.6014345,0.1951915,0.1643132
293,0.03862453,0.6015244,0.1969619,0.1628892
294,0.0383874,0.6009965,0.1983932,0.1622229
295,0.03825976,0.6003292,0.1994648,0.1619463
296,0.03819069,0.5997068,0.2002458,0.1618567
297,0.0381515,0.5991806,0.2008235,0.1618445
298,0.03812639,0.5987466,0.2012737,0.1618533
299,0.03810686,0.598383,0.2016549,0.1618552
300,0.03808849,0.5980663,0.2020075,0.1618377
301,0.03434164,0.628301,0.1911789,0.1461784
302,0.03235529,0.6387722,0.1907244,0.1381481
303,0.03129273,0.6416461,0.1929563,0.1341049
304,0.0307115,0.6415693,0.1956256,0.1320936
305,0.03039031,0.6404918,0.1979693,0.1311486
306,0.03021065,0.639213,0.1998164,0.1307599
307,0.03010715,0.6380253,0.2012164,0.1306511
308,0.03004368,0.6370037,0.2022794,0.1306732
309,0.03000049,0.6361386,0.2031131,0.1307479
310,0.02996677,0.6353943,0.2038048,0.1308341
311,0.02993708,0.6347346,0.2044149,0.1309134
312,0.02990883,0.6341313,0.2049811,0.1309788
313,0.03480097,0.5891018,0.2238842,0.152213
314,0.0387348,0.5623646,0.2300325,0.1688682
315,0.041584,0.5477586,0.2302817,0.1803757
316,0.0434786,0.5407403,0.2282554,0.1875258
317,0.04463512,0.5380004,0.2259336,0.1914308
318,0.04527982,0.5373898,0.2241489,0.1931814
319,0.04560309,0.5376697,0.2230677,0.1936595
320,0.04574573,0.5382257,0.2225307,0.1934978
321,0.04580338,0.5388182,0.2222622,0.1931163
322,0.04583464,0.5393996,0.2220032,0.1927625
323,0.04587236,0.5399976,0.2215627,0.1925673
324,0.04593156,0.5406517,0.2208365,0.1925801
325,0.04552313,0.5456541,0.2180081,0.1908146
326,0.04531731,0.5487143,0.2159456,0.1900226
327,0.04523282,0.5507508,0.2142347,0.1897817
328,0.04522432,0.5522244,0.212677,0.1898742
329,0.04525696,0.5533779,0.2112344,0.1901307
330,0.04530786,0.5543303,0.2099214,0.1904404
331,0.04536336,0.5551372,0.2087605,0.190739
332,0.04541603,0.5558245,0.2077664,0.1909932
333,0.04546233,0.5564065,0.2069417,0.1911895
334,0.04550172,0.5568938,0.2062745,0.19133
335,0.04553456,0.5572973,0.2057473,0.1914208
336,0.04556158,0.5576283,0.2053408,0.1914693
337,0.04596169,0.5548448,0.2061616,0.1930319
338,0.04622914,0.5534753,0.2062973,0.1939983
339,0.04640086,0.5528708,0.2061818,0.1945464
340,0.04650707,0.5526686,0.2060104,0.1948141
341,0.04656973,0.5526593,0.2058719,0.194899
342,0.04660394,0.5527282,0.2058013,0.1948666
343,0.04661959,0.5528155,0.2058067,0.1947583
344,0.04662303,0.5528927,0.2058841,0.1946001
345,0.04661835,0.5529484,0.206025,0.1944082
346,0.04660789,0.5529794,0.2062214,0.1941914
347,0.04659325,0.5529861,0.2064648,0.1939558
348,0.04657565,0.5529714,0.2067464,0.1937066
349,0.03834045,0.6139966,0.1883173,0.1593457
350,0.03444864,0.6320336,0.1900482,0.1434695
351,0.03257497,0.6361826,0.1950293,0.136213
352,0.03161592,0.6357163,0.1998838,0.1327841
353,0.03111774,0.6339377,0.2037061,0.1312386
354,0.03085928,0.6320583,0.2064444,0.130638
355,0.03072491,0.6304585,0.2083191,0.1304975
356,0.03065273,0.6291926,0.2095922,0.1305625
357,0.03060982,0.628202,0.2104861,0.130702
358,0.03057901,0.6274051,0.2111649,0.130851
359,0.03055175,0.6267297,0.2117385,0.13098
360,0.03052409,0.626123,0.2122751,0.1310779
361,0.0347202,0.5889478,0.2271142,0.1492177
362,0.03801474,0.5681388,0.2305993,0.1632473
363,0.04030514,0.5575331,0.2295922,0.1725696
364,0.04177118,0.5529606,0.2271084,0.1781599
365,0.04263161,0.5515547,0.2247161,0.1810976
366,0.04308785,0.5515675,0.2230143,0.1823304
367,0.04329746,0.5520587,0.2220664,0.1825774
368,0.04337094,0.5526025,0.2216964,0.1823302
369,0.04338037,0.5530613,0.2216556,0.1819027
370,0.04337098,0.553439,0.2217008,0.1814892
371,0.04336926,0.5537918,0.2216382,0.1812008
372,0.0433889,0.5541808,0.2213392,0.1810912
373,0.04403919,0.5495871,0.2227409,0.1836328
374,0.04450769,0.5475636,0.2224849,0.1854438
375,0.04484801,0.5469693,0.2214195,0.1867632
376,0.04510245,0.5471665,0.2199619,0.1877691
377,0.04529978,0.5477756,0.2183501,0.1885745
378,0.0454577,0.5485734,0.2167271,0.1892418
379,0.0455867,0.5494295,0.2151822,0.1898015
380,0.04569304,0.5502687,0.2137695,0.1902688
381,0.0457808,0.5510488,0.2125181,0.1906524
382,0.04585277,0.5517487,0.2114404,0.1909581
383,0.04591138,0.5523602,0.210535,0.1911934
384,0.04595885,0.5528838,0.2097902,0.191367
385,0.04612167,0.552535,0.2093088,0.1920346
386,0.04623876,0.5525413,0.2087309,0.192489
387,0.04631573,0.5527109,0.2082232,0.1927502
388,0.04636546,0.5529345,0.2078196,0.1928803
389,0.04639665,0.553157,0.2075257,0.1929207
390,0.04641493,0.553353,0.2073345,0.1928975
391,0.0464237,0.5535136,0.2072362,0.1928265
392,0.04642493,0.5536371,0.2072218,0.1927161
393,0.04641969,0.5537246,0.207285,0.1925707
394,0.04640888,0.5537785,0.2074183,0.1923943
395,0.04639311,0.5538017,0.2076156,0.1921896
396,0.04637283,0.5537971,0.2078711,0.1919588
397,0.04774123,0.5446712,0.2098731,0.1977146
398,0.04871857,0.5401424,0.2093699,0.2017691
399,0.04931664,0.5382264,0.208373,0.204084
400,0.04966267,0.5376673,0.2073921,0.205278
401,0.04984684,0.5377381,0.2066429,0.2057721
402,0.04993196,0.5380453,0.2061708,0.2058518
403,0.04995999,0.5383955,0.2059409,0.2057037
404,0.04995784,0.5387083,0.2058886,0.2054453
405,0.04994222,0.5389631,0.2059458,0.205149
406,0.04992294,0.5391667,0.206054,0.2048563
407,0.04990558,0.5393361,0.2061677,0.2045906
408,0.04989311,0.5394891,0.2062537,0.2043641
409,0.04361884,0.5863847,0.191252,0.1787445
410,0.04031393,0.6040908,0.1899649,0.1656304
411,0.03860372,0.6101704,0.1920393,0.1591866
412,0.03769667,0.6116108,0.1946684,0.1560241
413,0.03721716,0.6113046,0.196923,0.1545553
414,0.03696788,0.6104757,0.1985997,0.1539568
415,0.03684085,0.6096112,0.1997615,0.1537866
416,0.03677633,0.6088716,0.2005451,0.1538071
417,0.03674151,0.6082802,0.2010848,0.1538935
418,0.0367188,0.607811,0.2014871,0.1539831
419,0.03669904,0.6074271,0.201827,0.1540468
420,0.03667779,0.6070958,0.2021534,0.154073
421,0.03693911,0.6041896,0.2036667,0.1552047
422,0.03708594,0.6026353,0.2044665,0.1558123
423,0.0371617,0.6017681,0.2049606,0.1561095
424,0.03718835,0.6012471,0.2053731,0.1561914
425,0.03718391,0.6008872,0.2057901,0.1561388
426,0.03716109,0.6005967,0.2062334,0.1560088
427,0.03712868,0.600336,0.2066941,0.1558413
428,0.03709269,0.6000925,0.2071504,0.1556644
429,0.03705749,0.599867,0.2075763,0.1554991
430,0.03702633,0.5996664,0.2079455,0.1553618
431,0.03700159,0.5994987,0.2082347,0.155265
432,0.03698483,0.5993713,0.2084267,0.1552172
433,0.04050035,0.5683716,0.2216178,0.1695103
434,0.04302581,0.5507717,0.2268986,0.1793039
435,0.04476206,0.5413964,0.2281265,0.185715
436,0.04586848,0.5368856,0.2277522,0.1894937
437,0.04653808,0.5350443,0.2268857,0.191532
438,0.04693495,0.5345634,0.22594,0.1925616
439,0.04718078,0.5347346,0.2249765,0.1931081
440,0.04735727,0.5352149,0.2239154,0.1935124
441,0.04751313,0.5358592,0.2226601,0.1939675
442,0.04767028,0.5366114,0.2211748,0.1945435
443,0.04783355,0.5374432,0.2194899,0.1952334
444,0.04799772,0.5383259,0.2176914,0.1959849
445,0.04813661,0.5373994,0.2181515,0.1963126
446,0.04818438,0.5368418,0.2187606,0.1962132
447,0.04823553,0.5364622,0.2191075,0.1961947
448,0.04828434,0.536217,0.219289,0.1962097
449,0.04833101,0.5360686,0.2193522,0.1962481
450,0.04837577,0.5359903,0.2193307,0.1963031
451,0.04841857,0.5359628,0.2192502,0.1963684
452,0.04845903,0.5359716,0.2191318,0.1964375
453,0.04849673,0.5360053,0.2189934,0.1965047
454,0.04853161,0.5360549,0.2188463,0.1965671
455,0.04856363,0.5361143,0.2186994,0.1966227
456,0.04859277,0.5361786,0.218559,0.1966696
457,0.04820616,0.5427192,0.2133996,0.1956751
458,0.04812814,0.5471107,0.2086409,0.1961203
459,0.04804667,0.55016,0.2054712,0.1963221
460,0.04796785,0.5522641,0.2034107,0.1963574
461,0.04789791,0.5536792,0.202123,0.1962999
462,0.04783887,0.5545993,0.2013674,0.1961944
463,0.04778944,0.5551714,0.2009785,0.1960606
464,0.04774664,0.5555029,0.2008471,0.1959034
465,0.04770723,0.5556695,0.2009027,0.1957205
466,0.04766833,0.5557228,0.201101,0.195508
467,0.04762762,0.5556967,0.2014144,0.1952613
468,0.04758292,0.5556106,0.2018319,0.1949746
469,0.04106287,0.6033131,0.1873381,0.168286
470,0.03771977,0.6196365,0.1877077,0.154936
471,0.03601109,0.6242756,0.1912779,0.1484354
472,0.03510092,0.6245465,0.1951478,0.1452048
473,0.03460881,0.623344,0.1984089,0.1436382
474,0.03434038,0.6218346,0.2008982,0.1429268
475,0.03419088,0.6204463,0.2027202,0.1426425
476,0.03410293,0.6192918,0.2040484,0.1425569
477,0.03404534,0.6183605,0.2050436,0.1425505
478,0.0340015,0.6176028,0.2058325,0.1425632
479,0.03396318,0.6169677,0.2065001,0.1425691
480,0.03392672,0.6164151,0.2070985,0.1425598
481,0.03640728,0.596341,0.2140135,0.1532382
482,0.03819003,0.5863345,0.2146227,0.1608527
483,0.0393159,0.5819691,0.2132514,0.1654636
484,0.03998718,0.5805492,0.2113962,0.1680674
485,0.04035868,0.5804841,0.2097731,0.1693842
486,0.04054492,0.5809189,0.2086044,0.1699318
487,0.04062407,0.5814468,0.2078732,0.170056
488,0.04064615,0.5819085,0.2074718,0.1699736
489,0.04064197,0.5822682,0.207274,0.1698158
490,0.0406291,0.5825425,0.2071731,0.1696554
491,0.04061752,0.5827625,0.2070878,0.1695322
492,0.04061244,0.5829583,0.2069636,0.1694656
493,0.04192406,0.5727439,0.2104715,0.1748605
494,0.04282765,0.5676987,0.2109791,0.1784946
495,0.04341241,0.565502,0.2103257,0.1807598
496,0.04378283,0.5648186,0.2092631,0.1821355
497,0.04401661,0.5648764,0.2081404,0.1829664
498,0.04416777,0.5652548,0.2070921,0.1834854
499,0.04427111,0.565739,0.2061532,0.1838367
500,0.04434741,0.5662287,0.2053223,0.1841016
501,0.04440812,0.5666822,0.204589,0.1843207
502,0.04446011,0.5670859,0.2039371,0.1845171
503,0.0445065,0.5674395,0.2033554,0.1846986
504,0.04454862,0.567748,0.2028369,0.1848665
505,0.04278481,0.5820149,0.1975589,0.1776413
506,0.04171817,0.5884398,0.1964553,0.1733867
507,0.04110743,0.5910947,0.1967304,0.1710676
508,0.04076644,0.5919721,0.1973959,0.1698656
509,0.04058284,0.5920712,0.1980515,0.1692944
510,0.04048872,0.5918771,0.1985685,0.1690657
511,0.04044362,0.5916099,0.1989351,0.1690114
512,0.04042394,0.5913582,0.1991811,0.1690368
513,0.04041628,0.5911484,0.199345,0.1690902
514,0.04041309,0.5909804,0.1994626,0.1691439
515,0.04041043,0.5908446,0.1995603,0.1691847
516,0.04040643,0.5907298,0.1996562,0.1692075
517,0.04039082,0.5905133,0.1999558,0.16914
518,0.04037055,0.5902858,0.2003078,0.1690359
519,0.04035657,0.5900657,0.2006122,0.1689654
520,0.04034352,0.5898666,0.2008902,0.1688997
521,0.04033007,0.5896885,0.2011498,0.1688317
522,0.04031586,0.5895288,0.2013958,0.1687597
523,0.04030097,0.5893847,0.2016302,0.1686841
524,0.04028568,0.5892545,0.2018531,0.1686068
525,0.04027039,0.5891367,0.2020633,0.1685296
526,0.04025539,0.589031,0.2022593,0.1684543
527,0.04024107,0.5889371,0.2024386,0.1683833
528,0.04022782,0.588855,0.2025984,0.1683188
529,0.04048318,0.5868198,0.2033022,0.1693948
530,0.04064901,0.5858825,0.2033838,0.1700847
531,0.04074517,0.5855077,0.2032814,0.1704657
532,0.04079966,0.5854057,0.2031246,0.17067
533,0.04082975,0.5854257,0.202969,0.1707756
534,0.04084646,0.5854927,0.2028295,0.1708313
535,0.04085663,0.5855728,0.2027041,0.1708665
536,0.04086421,0.5856525,0.2025855,0.1708977
537,0.04087136,0.5857284,0.202467,0.1709333
538,0.04087901,0.5858002,0.2023446,0.1709762
539,0.04088749,0.5858689,0.2022168,0.1710268
540,0.04089672,0.5859353,0.2020842,0.1710837
541,0.04220812,0.575508,0.2057929,0.176491
542,0.04310298,0.5702486,0.206563,0.1800854
543,0.04367746,0.5678372,0.2061868,0.1822985
544,0.04403092,0.5669479,0.2054391,0.1835821
545,0.04424053,0.5668054,0.2046754,0.1842788
546,0.04436121,0.5669846,0.2040274,0.1846269
547,0.04442951,0.5672699,0.2035194,0.1847812
548,0.04446848,0.5675632,0.2031321,0.1848361
549,0.04449202,0.567828,0.2028336,0.1848464
550,0.04450826,0.5680564,0.2025926,0.1848427
551,0.04452155,0.5682529,0.2023854,0.1848401
552,0.04453408,0.5684252,0.2021958,0.1848449
553,0.0444691,0.5690766,0.201933,0.1845213
554,0.04442878,0.569422,0.2018422,0.184307
555,0.0444115,0.5696127,0.2017721,0.1842036
556,0.04440759,0.5697334,0.2016955,0.1841635
557,0.04441144,0.569826,0.2016026,0.18416
558,0.04441943,0.5699102,0.2014942,0.1841762
559,0.04442926,0.5699941,0.2013754,0.1842012
560,0.04443957,0.5700793,0.2012526,0.1842285
561,0.04444958,0.5701654,0.2011306,0.1842545
562,0.04445909,0.5702507,0.2010117,0.1842785
563,0.04446803,0.5703346,0.2008972,0.1843002
564,0.04447642,0.5704163,0.2007874,0.1843198
565,0.04683651,0.5524651,0.206713,0.1939853
566,0.04853063,0.5426502,0.2080797,0.2007396
567,0.04966121,0.5376806,0.2076064,0.2050517
568,0.05037966,0.5355065,0.2064852,0.2076286
569,0.0508162,0.5348302,0.2052963,0.2090574
570,0.05107157,0.5348813,0.2042675,0.2097796
571,0.05121738,0.5352355,0.2034468,0.2101002
572,0.05130111,0.5356792,0.2028044,0.2102153
573,0.05135222,0.5361177,0.2022885,0.2102416
574,0.05138771,0.536519,0.2018516,0.2102417
575,0.05141683,0.5368791,0.2014575,0.2102465
576,0.05144409,0.5372047,0.2010834,0.2102678
577,0.04753925,0.5665207,0.1915353,0.1944048
578,0.04524766,0.5795081,0.1899028,0.1853415
579,0.04396634,0.5848146,0.1907179,0.1805013
580,0.04325501,0.5866102,0.1921445,0.1779902
581,0.04286761,0.5868885,0.1934812,0.1767627
582,0.04266282,0.5865927,0.1945172,0.1762273
583,0.04255876,0.5861482,0.1952439,0.1760491
584,0.04250832,0.5857262,0.195724,0.1760414
585,0.04248487,0.5853792,0.1960329,0.176103
586,0.04247358,0.5851094,0.1962361,0.176181
587,0.04246657,0.5849005,0.1963832,0.1762497
588,0.04245988,0.5847335,0.1965083,0.1762983
589,0.04172101,0.5903884,0.1945394,0.1733512
590,0.04125238,0.5929397,0.194263,0.1715449
591,0.04096501,0.5939357,0.1946058,0.1704936
592,0.04079032,0.5941692,0.1951417,0.1698987
593,0.0406835,0.5940588,0.1956893,0.1695683
594,0.04061628,0.593815,0.1961851,0.1693835
595,0.04057132,0.5935372,0.1966183,0.1692732
596,0.04053828,0.593267,0.196998,0.1691967
597,0.04051119,0.5930191,0.1973381,0.1691316
598,0.04048697,0.5927948,0.1976505,0.1690677
599,0.0404641,0.5925911,0.1979436,0.1690012
600,0.04044211,0.5924045,0.1982213,0.168932
601,0.04007974,0.594768,0.1977255,0.1674268
602,0.0398442,0.5957202,0.1979633,0.1664724
603,0.0396994,0.5959864,0.1983979,0.1659163
604,0.03961101,0.59594,0.1988464,0.1656026
605,0.03955781,0.595772,0.1992321,0.165438
606,0.03952656,0.5955753,0.1995324,0.1653658
607,0.03950913,0.5953907,0.1997484,0.1653517
608,0.0395006,0.5952328,0.1998909,0.1653757
609,0.03949793,0.5951029,0.199974,0.1654251
610,0.03949916,0.5949981,0.2000108,0.1654919
611,0.03950302,0.5949138,0.2000124,0.1655708
612,0.0395086,0.5948453,0.1999885,0.1656576
613,0.04265922,0.5697327,0.2088357,0.1787724
614,0.0449764,0.5559468,0.2108636,0.1882131
615,0.04654959,0.548989,0.2100836,0.1943777
616,0.04755844,0.5460064,0.2083074,0.1981279
617,0.04817135,0.5451476,0.2064454,0.2002356
618,0.04852555,0.5452976,0.2048664,0.2013104
619,0.04872148,0.5458389,0.2036542,0.2017855
620,0.04882681,0.5464637,0.2027657,0.2019438
621,0.04888419,0.5470415,0.2021166,0.2019576
622,0.04891913,0.5475323,0.2016235,0.2019249
623,0.04894561,0.5479379,0.2012212,0.2018953
624,0.04897051,0.5482749,0.2008654,0.2018891
625,0.04679502,0.5651657,0.1950867,0.1929526
626,0.04546271,0.5731138,0.1938004,0.1876231
627,0.04469105,0.5766006,0.1940422,0.1846662
628,0.04425635,0.5779195,0.1947209,0.1831033
629,0.04402062,0.5782483,0.1953932,0.1823378
630,0.04389936,0.5781739,0.1959157,0.182011
631,0.04384165,0.5779735,0.1962738,0.181911
632,0.04381735,0.5777655,0.1965004,0.1819167
633,0.04380921,0.5775911,0.196638,0.1819617
634,0.04380765,0.5774568,0.1967243,0.1820112
635,0.04380759,0.5773556,0.196788,0.1820489
636,0.04380649,0.5772772,0.1968485,0.1820678
637,0.04402592,0.5754793,0.1975172,0.1829776
638,0.04416338,0.5745518,0.1977683,0.1835165
639,0.04424434,0.5740888,0.1978591,0.1838078
640,0.0442871,0.5738676,0.1979115,0.1839338
641,0.04430502,0.5737626,0.1979785,0.1839539
642,0.04430721,0.5737067,0.1980784,0.1839077
643,0.04429963,0.5736669,0.1982129,0.1838206
644,0.04428606,0.5736284,0.1983769,0.1837085
645,0.04426888,0.5735861,0.1985637,0.1835813
646,0.04424971,0.5735394,0.1987652,0.1834457
647,0.04422971,0.5734897,0.1989737,0.183307
648,0.04420973,0.5734389,0.1991822,0.1831691
649,0.04144359,0.594595,0.1921561,0.1718053
650,0.03983076,0.6033882,0.191424,0.165357
651,0.03892003,0.6066092,0.1925895,0.1618812
652,0.0384093,0.6073643,0.1941629,0.1600635
653,0.03812746,0.6071233,0.19558,0.1591692
654,0.03797523,0.6065628,0.1966836,0.1587784
655,0.03789479,0.6059721,0.1974823,0.1586509
656,0.03785272,0.6054549,0.1980406,0.1586518
657,0.03783007,0.6050328,0.1984299,0.1587072
658,0.03781633,0.6046944,0.1987113,0.158778
659,0.03780593,0.6044191,0.1989301,0.1588449
660,0.03779605,0.604187,0.1991174,0.1588996
661,0.03786879,0.6034452,0.1993779,0.159308
662,0.03791187,0.6030689,0.1994389,0.1595802
663,0.03792943,0.6028618,0.1994834,0.1597254
664,0.0379321,0.6027244,0.1995472,0.1597964
665,0.03792579,0.602609,0.1996436,0.1598216
666,0.03791426,0.6024951,0.1997719,0.1598187
667,0.0378999,0.6023751,0.1999255,0.1597994
668,0.03788425,0.6022483,0.2000963,0.1597711
669,0.03786828,0.6021165,0.2002765,0.1597388
670,0.03785263,0.6019821,0.2004592,0.159706
671,0.03783777,0.6018479,0.200639,0.1596754
672,0.03782407,0.6017159,0.200811,0.159649
673,0.03779655,0.6014246,0.2012616,0.1595173
674,0.03777287,0.6011521,0.2016686,0.1594064
675,0.03776051,0.600911,0.2019654,0.1593631
676,0.03775262,0.6007102,0.2021891,0.159348
677,0.03774781,0.6005453,0.2023539,0.1593529
678,0.03774548,0.60041,0.2024703,0.1593741
679,0.03774533,0.6002988,0.2025466,0.1594093
680,0.03774706,0.6002068,0.2025896,0.1594565
681,0.03775038,0.6001306,0.2026053,0.1595138
682,0.03775505,0.6000668,0.2025986,0.1595795
683,0.03776077,0.600013,0.2025746,0.1596517
684,0.03776717,0.5999665,0.2025381,0.1597282
685,0.0397673,0.5835634,0.2085576,0.1681118
686,0.04115883,0.5751436,0.209901,0.1737966
687,0.04206144,0.5712143,0.2093945,0.1773298
688,0.04261793,0.5697128,0.2082891,0.1793801
689,0.0429455,0.5694078,0.2071665,0.1804801
690,0.04313063,0.569617,0.2062396,0.1810128
691,0.04323211,0.569994,0.2055423,0.1812316
692,0.0432875,0.5703831,0.2050357,0.1812938
693,0.04331944,0.5707276,0.2046627,0.1812903
694,0.04334093,0.5710178,0.2043704,0.1812708
695,0.04335889,0.5712619,0.2041198,0.1812594
696,0.04337656,0.5714731,0.2038856,0.1812648
697,0.04073499,0.5926136,0.1963245,0.1703269
698,0.03920561,0.6015326,0.1950851,0.1641768
699,0.03835126,0.6049507,0.1957859,0.1609122
700,0.03787999,0.6059208,0.1969511,0.1592481
701,0.03762632,0.6058856,0.1980222,0.1584658
702,0.03749429,0.6055095,0.1988417,0.1581546
703,0.0374282,0.605077,0.1994138,0.1580811
704,0.03739608,0.6046922,0.1997969,0.1581149
705,0.03737997,0.6043783,0.2000559,0.1581858
706,0.03737012,0.6041269,0.2002453,0.1582576
707,0.03736142,0.6039205,0.2004049,0.1583132
708,0.03735134,0.6037418,0.2005613,0.1583455
709,0.03838469,0.594967,0.2039308,0.1627175
710,0.03906202,0.5906572,0.2047765,0.1655041
711,0.0394752,0.5887088,0.2046937,0.1671223
712,0.03971082,0.5879601,0.2043576,0.1679715
713,0.03983315,0.5877614,0.2040636,0.1683419
714,0.03988666,0.5877752,0.2039076,0.1684305
715,0.03990065,0.587842,0.203892,0.1683653
716,0.03989379,0.5878983,0.2039815,0.1682264
717,0.03987769,0.5879271,0.2041318,0.1680634
718,0.03985948,0.5879328,0.2043014,0.1679063
719,0.03984348,0.5879267,0.2044561,0.1677737
720,0.03983227,0.5879207,0.2045705,0.1676765
721,0.04137415,0.5754125,0.209175,0.1740383
722,0.0424332,0.5690438,0.2102448,0.1782782
723,0.04311727,0.5660989,0.2098917,0.1808922
724,0.0435438,0.5649989,0.2090331,0.1824242
725,0.04380487,0.5648177,0.2080879,0.1832894
726,0.04396613,0.5650476,0.2072105,0.1837758
727,0.04407076,0.5654304,0.206432,0.1840668
728,0.04414522,0.5658473,0.2057375,0.18427
729,0.0442045,0.5662507,0.2051028,0.184442
730,0.04425622,0.5666269,0.2045093,0.1846076
731,0.04430372,0.5669751,0.2039472,0.184774
732,0.04434804,0.5672985,0.203414,0.1849394
733,0.04179688,0.5878768,0.195889,0.1744373
734,0.04030518,0.5968107,0.1944015,0.1684826
735,0.03946524,0.6003839,0.1948507,0.1653002
736,0.03899867,0.6015154,0.1958177,0.1636682
737,0.0387453,0.6016104,0.1967513,0.1628929
738,0.03861165,0.6013286,0.1974838,0.162576
739,0.03854319,0.6009603,0.198006,0.1624904
740,0.0385085,0.6006176,0.1983649,0.162509
741,0.03848985,0.6003305,0.1986167,0.1625629
742,0.03847749,0.6000955,0.1988106,0.1626164
743,0.03846629,0.5998981,0.1989832,0.1626524
744,0.0384537,0.5997234,0.1991592,0.1626637
745,0.04195211,0.5710997,0.2096486,0.1772997
746,0.0445463,0.5550562,0.2125243,0.1878731
747,0.04631432,0.5467394,0.2121909,0.1947554
748,0.04743893,0.5429905,0.2107268,0.1988438
749,0.0481028,0.5417156,0.2091905,0.2009912
750,0.04846085,0.541632,0.2080107,0.2018965
751,0.04863058,0.5420212,0.207272,0.2020762
752,0.04869446,0.542524,0.2068971,0.2018844
753,0.04870708,0.5429909,0.206751,0.2015509
754,0.04870291,0.5433822,0.2066974,0.2012175
755,0.04870243,0.5437079,0.2066243,0.2009654
756,0.0487164,0.5439951,0.2064543,0.2008342
757,0.04691467,0.5582289,0.2014863,0.1933701
758,0.04581639,0.5650839,0.200151,0.1889488
759,0.04519675,0.5682418,0.1999794,0.1865821
760,0.04486781,0.5695999,0.2000948,0.1854376
761,0.04471003,0.5701361,0.2001634,0.1849905
762,0.04464834,0.5703365,0.2000999,0.1849153
763,0.04463698,0.5704266,0.1999194,0.1850171
764,0.044649,0.5704992,0.1996676,0.1851842
765,0.04466937,0.5705832,0.1993904,0.185357
766,0.04469025,0.57068,0.1991226,0.1855072
767,0.04470794,0.5707812,0.1988875,0.1856233
768,0.04472097,0.5708784,0.198698,0.1857028
769,0.04165522,0.594651,0.1905463,0.1731475
770,0.03988104,0.6045147,0.1895239,0.1660803
771,0.03888441,0.608143,0.1906757,0.162297
772,0.03832449,0.6090142,0.1923459,0.1603155
773,0.03801169,0.6087617,0.1939044,0.1593223
774,0.03783755,0.6081356,0.1951675,0.1588593
775,0.03773942,0.607458,0.1961352,0.1586674
776,0.03768127,0.6068464,0.1968709,0.1586014
777,0.03764271,0.6063272,0.1974482,0.158582
778,0.03761253,0.6058898,0.1979297,0.158568
779,0.03758482,0.605513,0.1983626,0.1585395
780,0.03755662,0.6051766,0.1987787,0.1584881
781,0.03750111,0.6050073,0.199197,0.1582945
782,0.03745203,0.6047512,0.1996823,0.1581145
783,0.0374091,0.6044577,0.2001798,0.1579534
784,0.03736936,0.604153,0.200679,0.1577985
785,0.03733193,0.6038508,0.2011691,0.1576482
786,0.0372969,0.603559,0.201639,0.1575051
787,0.03726485,0.6032831,0.2020776,0.1573744
788,0.0372366,0.6030278,0.2024731,0.1572625
789,0.03721303,0.6027969,0.2028148,0.1571753
790,0.03719487,0.6025937,0.2030933,0.1571182
791,0.03718273,0.6024209,0.203301,0.1570953
792,0.03717688,0.6022801,0.2034338,0.1571091
793,0.03832782,0.592975,0.2066995,0.1619976
794,0.03910864,0.5885704,0.207042,0.1652789
795,0.03959823,0.5867478,0.2063799,0.1672741
796,0.03989802,0.5862269,0.2054169,0.1684581
797,0.04007871,0.5862988,0.2044731,0.1691494
798,0.04018828,0.5865949,0.2036581,0.1695587
799,0.04025725,0.5869405,0.2029858,0.1698165
800,0.04030397,0.5872627,0.2024352,0.1699982
801,0.04033884,0.587539,0.2019778,0.1701443
802,0.04036729,0.5877687,0.2015901,0.1702739
803,0.04039195,0.5879585,0.201255,0.1703946
804,0.04041389,0.5881162,0.200962,0.1705079
805,0.03665344,0.6184577,0.1900212,0.1548676
806,0.03462881,0.6296667,0.1889865,0.146718
807,0.03354382,0.6332037,0.1906514,0.142601
808,0.03295658,0.6336415,0.1928271,0.1405748
809,0.03264053,0.6329569,0.1947471,0.1396555
810,0.03247236,0.6319897,0.1962232,0.1393148
811,0.03238343,0.6310649,0.197288,0.1392637
812,0.03233533,0.6302789,0.1980411,0.1393447
813,0.03230685,0.6296346,0.1985852,0.1394734
814,0.0322866,0.6291029,0.1990037,0.1396069
815,0.03226862,0.62865,0.199357,0.1397244
816,0.03224993,0.6282474,0.1996861,0.1398166
817,0.03442216,0.6087176,0.2076451,0.1492151
818,0.03592108,0.5988834,0.2096457,0.1555498
819,0.03687514,0.594414,0.2092993,0.1594116
820,0.03743957,0.5927549,0.2082618,0.1615437
821,0.03774524,0.5924042,0.207295,0.1625554
822,0.03788985,0.5925565,0.2066621,0.1628915
823,0.03794063,0.5928261,0.2063805,0.1628529
824,0.03794165,0.5930591,0.2063652,0.162634
825,0.0379208,0.5932184,0.2065036,0.1623571
826,0.03789533,0.5933173,0.2066901,0.1620972
827,0.03787563,0.5933852,0.20684,0.1618992
828,0.0378675,0.5934508,0.206894,0.1617877
829,0.03859537,0.5876529,0.2089226,0.1648292
830,0.03909235,0.5849917,0.2090409,0.166875
831,0.03941756,0.5839769,0.2084258,0.1681798
832,0.03963384,0.5837963,0.2075354,0.1690345
833,0.03978289,0.5840043,0.206589,0.1696238
834,0.03989131,0.5843672,0.2056806,0.1700609
835,0.03997489,0.5847701,0.204846,0.1704089
836,0.0400425,0.5851609,0.2040965,0.1707001
837,0.04009886,0.5855178,0.2034336,0.1709497
838,0.04014647,0.5858352,0.2028544,0.171164
839,0.04018667,0.5861129,0.2023548,0.1713457
840,0.04022027,0.5863534,0.2019302,0.1714961
841,0.0394469,0.5929308,0.1993929,0.1682294
842,0.03897011,0.5959181,0.1988473,0.1662645
843,0.03869276,0.5971538,0.1989792,0.1651743
844,0.0385352,0.5975543,0.1993164,0.164594
845,0.03844777,0.5975868,0.1996643,0.1643012
846,0.03839983,0.5974789,0.1999605,0.1641606
847,0.0383728,0.5973339,0.2002006,0.1640928
848,0.03835577,0.5971922,0.2004001,0.1640518
849,0.0383425,0.597066,0.2005787,0.1640128
850,0.03832961,0.5969542,0.2007534,0.1639627
851,0.03831541,0.596852,0.2009365,0.163896
852,0.03829918,0.5967544,0.2011355,0.1638109
853,0.03914626,0.5895858,0.203908,0.1673599
854,0.03969885,0.5860949,0.2046134,0.1695929
855,0.04003114,0.5845436,0.2045827,0.1708426
856,0.04021738,0.5839758,0.204351,0.1714558
857,0.04031149,0.5838605,0.2041493,0.1716787
858,0.04035064,0.5839223,0.2040487,0.1716784
859,0.04035941,0.5840315,0.2040454,0.1715636
860,0.04035344,0.5841365,0.2041075,0.1714026
861,0.04034244,0.584223,0.2041971,0.1712375
862,0.04033231,0.5842946,0.2042799,0.1710933
863,0.04032637,0.5843596,0.2043297,0.1709842
864,0.0403263,0.5844273,0.2043299,0.1709166
865,0.03732254,0.6090026,0.1953376,0.1583372
866,0.03565098,0.6186506,0.1941435,0.151555
867,0.03473902,0.6220034,0.1952008,0.1480568
868,0.03424611,0.6227058,0.196713,0.1463351
869,0.03398645,0.622399,0.1980396,0.145575
870,0.03385514,0.621802,0.1990208,0.1453219
871,0.03379242,0.6212034,0.1996828,0.1453214
872,0.03376445,0.6206956,0.2001071,0.1454329
