EwEVersion,"6.5.13829.0 (compiled 2016-05-17)"
Date,"2016-09-06 16:59:01"
ModelName,Baltic_Proper-SEALS
EcosimScenario,Proper1_SealVuln100_19742100_seal1_cofF03
TimeSeries,new_data_weights_19742100_BAU_WAR1_codF03_seal100
StartYear,1974

Data,"Prey of microzooplankton"

TimeStep,"Cyanobacteria","Phytoplankton","Detritus-water column",
1,0.0008785255,0.5158164,0.483305
2,0.0008198718,0.5461308,0.4530492
3,0.0007911187,0.559675,0.4395338
4,0.0007766321,0.5654632,0.43376
5,0.0007692975,0.567544,0.4316867
6,0.0007655739,0.5678975,0.4313369
7,0.0007636456,0.5675095,0.4317269
8,0.0007625802,0.5668615,0.4323759
9,0.000761907,0.5661771,0.433061
10,0.0007613972,0.5655503,0.4336883
11,0.0007609448,0.5650129,0.4342261
12,0.0007605043,0.5645697,0.4346699
13,0.0007726948,0.5569893,0.442238
14,0.0007796324,0.5525923,0.446628
15,0.0007832795,0.5502692,0.4489475
16,0.0007850194,0.5491336,0.4500813
17,0.0007856891,0.5486611,0.4505533
18,0.0007857836,0.5485436,0.4506706
19,0.000785586,0.5486044,0.45061
20,0.0007852534,0.5487427,0.450472
21,0.0007848715,0.5488992,0.4503159
22,0.0007844871,0.5490368,0.4501787
23,0.0007841254,0.54913,0.4500859
24,0.0007838001,0.549161,0.4500553
25,0.0007128019,0.5897602,0.4095269
26,0.0006786226,0.6086188,0.3907025
27,0.0006622651,0.6165195,0.3828183
28,0.0006541656,0.6195205,0.3798254
29,0.0006501475,0.6201601,0.3791896
30,0.0006481193,0.6197114,0.3796404
31,0.000647025,0.6188141,0.3805389
32,0.0006463414,0.6177795,0.3815742
33,0.0006458191,0.6167487,0.3826056
34,0.0006453432,0.6157827,0.3835718
35,0.0006448679,0.6149006,0.3844546
36,0.0006443789,0.6141027,0.385253
37,0.0006596078,0.6041189,0.3952215
38,0.0006681603,0.5983189,0.401013
39,0.0006726586,0.5951243,0.404203
40,0.0006748312,0.593407,0.4059182
41,0.0006757187,0.5924977,0.4068265
42,0.0006759249,0.5920126,0.4073115
43,0.0006757871,0.5917385,0.4075857
44,0.0006754881,0.5915613,0.4077632
45,0.0006751236,0.591422,0.4079029
46,0.0006747452,0.591285,0.4080403
47,0.0006743785,0.5911316,0.408194
48,0.0006740356,0.590951,0.4083749
49,0.0006902047,0.580917,0.4183927
50,0.0006995352,0.5751517,0.4241487
51,0.0007046558,0.5720504,0.427245
52,0.0007073484,0.5704288,0.4288639
53,0.0007086944,0.5695848,0.4297064
54,0.0007093266,0.5691155,0.4301751
55,0.0007096,0.568802,0.4304884
56,0.0007097046,0.5685337,0.4307567
57,0.0007097368,0.5682601,0.4310302
58,0.0007097391,0.5679685,0.4313217
59,0.0007097299,0.5676601,0.4316302
60,0.0007097147,0.5673422,0.4319481
61,0.0007164612,0.5632625,0.436021
62,0.0007203277,0.5610325,0.4382473
63,0.0007226323,0.5596789,0.4395985
64,0.0007239575,0.5588756,0.4404004
65,0.0007247046,0.5583826,0.4408926
66,0.0007251186,0.5580565,0.4412184
67,0.0007253434,0.5578165,0.4414581
68,0.0007254616,0.5576205,0.4416541
69,0.0007255198,0.5574478,0.4418266
70,0.0007255449,0.5572874,0.4419871
71,0.0007255506,0.557135,0.4421394
72,0.0007255446,0.5569903,0.4422842
73,0.0006834582,0.5824491,0.4168674
74,0.0006619956,0.5949561,0.4043818
75,0.0006510922,0.600673,0.398676
76,0.0006455063,0.6030594,0.3962952
77,0.0006426264,0.6038128,0.3955446
78,0.000641102,0.6038028,0.395556
79,0.0006402352,0.6034724,0.3958874
80,0.0006396708,0.6030402,0.3963202
81,0.0006392344,0.6026087,0.3967521
82,0.0006388441,0.6022214,0.3971397
83,0.0006384642,0.6018935,0.3974681
84,0.0006380806,0.6016264,0.3977355
85,0.000638359,0.6006066,0.3987551
86,0.0006383623,0.5997742,0.3995874
87,0.000637987,0.5993912,0.3999708
88,0.0006374989,0.5992,0.4001625
89,0.0006369815,0.5991187,0.4002444
90,0.0006364623,0.5991138,0.4002498
91,0.0006359489,0.599169,0.4001952
92,0.0006354408,0.5992742,0.4000904
93,0.0006349368,0.5994202,0.3999448
94,0.0006344386,0.5995958,0.3997698
95,0.0006339511,0.5997854,0.3995807
96,0.0006334829,0.59997,0.3993965
97,0.0006227615,0.6064317,0.3929455
98,0.0006168393,0.6097193,0.3896638
99,0.000613515,0.6112985,0.388088
100,0.0006116547,0.6119034,0.387485
101,0.0006106101,0.6119584,0.387431
102,0.0006100217,0.6116984,0.3876915
103,0.0006096922,0.6112546,0.3881357
104,0.000609513,0.6107025,0.388688
105,0.0006094241,0.610088,0.3893026
106,0.0006093885,0.6094443,0.3899463
107,0.0006093818,0.6087966,0.390594
108,0.0006093866,0.6081647,0.3912258
109,0.0006286778,0.5952079,0.4041635
110,0.0006399935,0.5875785,0.4117814
111,0.0006462695,0.5834679,0.4158859
112,0.0006496438,0.5813385,0.418012
113,0.0006513968,0.5802956,0.419053
114,0.0006522772,0.5798237,0.419524
115,0.0006527055,0.5796369,0.4197104
116,0.0006529086,0.5795842,0.4197629
117,0.0006530036,0.579589,0.419758
118,0.0006530487,0.5796157,0.4197313
119,0.000653072,0.579648,0.4196989
120,0.0006530865,0.5796789,0.419668
121,0.0006465263,0.5839973,0.4153562
122,0.000642908,0.5863689,0.4129882
123,0.0006410362,0.5874959,0.4118631
124,0.0006400722,0.5879971,0.4113629
125,0.0006395831,0.5881768,0.4111835
126,0.0006393337,0.5881987,0.4111619
127,0.0006391992,0.588149,0.4112119
128,0.0006391153,0.588071,0.4112899
129,0.0006390518,0.5879853,0.4113756
130,0.0006389939,0.5879008,0.4114601
131,0.0006389361,0.5878209,0.4115402
132,0.0006388758,0.5877466,0.4116145
133,0.0006936348,0.5539035,0.4454029
134,0.0007288627,0.53367,0.4656011
135,0.0007507708,0.5221894,0.4770599
136,0.0007637936,0.5164051,0.4828311
137,0.000771332,0.5139412,0.4852875
138,0.0007756632,0.5132437,0.4859807
139,0.0007782071,0.5133715,0.4858502
140,0.0007798016,0.5137919,0.4854283
141,0.000780919,0.5142239,0.4849951
142,0.000781819,0.5145272,0.484691
143,0.0007826356,0.514645,0.4845723
144,0.0007834332,0.5145658,0.4846507
145,0.0007134795,0.5573161,0.4419704
146,0.0006796734,0.5767962,0.4225242
147,0.0006628306,0.5853823,0.4139548
148,0.0006542468,0.5888859,0.4104599
149,0.0006498031,0.5900308,0.4093194
150,0.0006474479,0.5901346,0.409218
151,0.0006461459,0.589825,0.409529
152,0.0006453752,0.5893883,0.4099663
153,0.000644874,0.5889466,0.4104085
154,0.0006445106,0.5885468,0.4108087
155,0.0006442192,0.5882028,0.411153
156,0.0006439659,0.5879158,0.4114402
157,0.0007674716,0.510212,0.4890205
158,0.0008618382,0.4529794,0.5461587
159,0.000929263,0.4148309,0.5842399
160,0.0009752011,0.3913345,0.6076903
161,0.001005397,0.3780965,0.6208981
162,0.001024707,0.371559,0.6274163
163,0.001036843,0.3691057,0.6298575
164,0.001044451,0.3689414,0.6300141
165,0.001049305,0.3699112,0.6290395
166,0.001052532,0.3713154,0.6276321
167,0.001054822,0.3727528,0.6261923
168,0.001056582,0.3740117,0.6249317
169,0.0009734678,0.4240736,0.5749529
170,0.0009275721,0.4502859,0.5487866
171,0.0009042084,0.4613762,0.5377197
172,0.0008911827,0.466313,0.5327958
173,0.0008836553,0.4685967,0.5305197
174,0.0008793157,0.4696118,0.5295089
175,0.0008768507,0.4700747,0.5290484
176,0.000875501,0.4703348,0.5287896
177,0.000874826,0.4705456,0.5285795
178,0.0008745681,0.4707633,0.528362
179,0.0008745719,0.471004,0.5281215
180,0.0008747405,0.4712693,0.5278559
181,0.0008495057,0.4864936,0.5126569
182,0.0008350876,0.495039,0.504126
183,0.0008270711,0.4996827,0.4994902
184,0.0008227373,0.5021558,0.4970214
185,0.0008204882,0.5034615,0.495718
186,0.0008193943,0.5041705,0.49501
187,0.0008189224,0.5046007,0.4945804
188,0.0008187723,0.5049235,0.4942577
189,0.0008187791,0.505229,0.4939522
190,0.0008188548,0.5055605,0.4936206
191,0.0008189543,0.5059379,0.4932432
192,0.000819055,0.5063688,0.4928121
193,0.0008038517,0.5157563,0.4834398
194,0.0007951643,0.5211167,0.4780881
195,0.0007902749,0.5241802,0.4750295
196,0.0007875798,0.5259527,0.4732598
197,0.0007861232,0.5270244,0.4721895
198,0.0007853495,0.5277283,0.4714863
199,0.0007849425,0.5282437,0.4709714
200,0.000784729,0.5286613,0.470554
201,0.0007846172,0.529022,0.4701934
202,0.0007845624,0.5293387,0.4698768
203,0.0007845444,0.529612,0.4696034
204,0.0007845556,0.5298377,0.4693778
205,0.0008512291,0.4908803,0.5082685
206,0.0008961976,0.4656861,0.5334177
207,0.0009251072,0.4506868,0.5483881
208,0.0009429719,0.4424431,0.5566139
209,0.0009536662,0.4383641,0.5606822
210,0.0009599429,0.4366602,0.5623798
211,0.000963629,0.4361841,0.5628523
212,0.0009658685,0.4362494,0.5627847
213,0.0009673383,0.4364784,0.5625543
214,0.0009684066,0.4367015,0.5623301
215,0.0009692678,0.4368591,0.5621716
216,0.0009700163,0.4369493,0.5620806
217,0.0008918723,0.4819497,0.5171585
218,0.0008505007,0.5048288,0.4943208
219,0.0008288735,0.5159796,0.4831915
220,0.000817567,0.5212066,0.4779759
221,0.0008117431,0.5234463,0.475742
222,0.0008088225,0.5242284,0.4749628
223,0.0008074142,0.5243458,0.4748469
224,0.0008067728,0.5241988,0.4749945
225,0.0008065052,0.52398,0.4752135
226,0.000806409,0.5237754,0.4754182
227,0.0008063844,0.5236176,0.4755761
228,0.000806385,0.5235143,0.4756793
229,0.0008198185,0.5159935,0.4831867
230,0.0008279663,0.5117719,0.4874002
231,0.0008328645,0.5094802,0.4896869
232,0.0008357364,0.5083712,0.490793
233,0.000837396,0.5079471,0.4912155
234,0.0008383551,0.5078992,0.4912624
235,0.0008389219,0.5080447,0.4911164
236,0.0008392758,0.5082787,0.490882
237,0.0008395182,0.5085427,0.4906178
238,0.0008397033,0.5088039,0.4903564
239,0.0008398597,0.5090445,0.4901157
240,0.0008400005,0.5092544,0.4899056
241,0.000812599,0.5257418,0.4734456
242,0.0007975001,0.5347655,0.464437
243,0.0007896521,0.5391374,0.460073
244,0.0007856179,0.5411289,0.4580854
245,0.0007835943,0.5418913,0.4573252
246,0.0007826,0.5420454,0.457172
247,0.0007821071,0.5419231,0.4572947
248,0.0007818404,0.5416957,0.4575224
249,0.0007816642,0.5414471,0.4577712
250,0.0007815179,0.5412114,0.4580071
251,0.0007813768,0.5410002,0.4582183
252,0.0007812338,0.5408151,0.4584037
253,0.0007698614,0.5463726,0.4528575
254,0.0007632274,0.549107,0.4501298
255,0.0007590745,0.5506487,0.4485922
256,0.000756528,0.5514033,0.4478401
257,0.0007549579,0.551708,0.4475371
258,0.000753968,0.5517735,0.4474726
259,0.0007533193,0.5517219,0.4475247
260,0.0007528701,0.5516214,0.4476256
261,0.0007525382,0.5515075,0.4477399
262,0.000752276,0.551398,0.4478497
263,0.0007520564,0.5513005,0.4479475
264,0.0007518639,0.5512172,0.4480309
265,0.0008157634,0.5144917,0.4846925
266,0.0008581139,0.4915911,0.5075508
267,0.0008851181,0.4781291,0.5209858
268,0.0009016037,0.4709553,0.528143
269,0.0009113508,0.4676099,0.5314789
270,0.0009170097,0.4664061,0.5326769
271,0.000920308,0.4662723,0.5328074
272,0.0009223092,0.4665667,0.532511
273,0.0009236324,0.4669297,0.5321467
274,0.0009246141,0.4671838,0.5318916
275,0.0009254243,0.4672602,0.5318144
276,0.0009261361,0.4671578,0.5319161
277,0.0009447123,0.4563393,0.5427161
278,0.0009565561,0.4493939,0.5496496
279,0.0009637089,0.4453583,0.5536779
280,0.000967895,0.4431429,0.5558892
281,0.0009702784,0.4420235,0.5570062
282,0.0009716123,0.4415369,0.5574914
283,0.0009723648,0.4413992,0.5576284
284,0.0009728147,0.441444,0.5575832
285,0.0009731212,0.4415788,0.5574481
286,0.0009733702,0.4417544,0.5572723
287,0.0009736052,0.441946,0.5570803
288,0.0009738457,0.4421432,0.556883
289,0.000899617,0.4841149,0.5149856
290,0.0008598764,0.5056533,0.4934868
291,0.0008388259,0.5162772,0.482884
292,0.0008276435,0.5213273,0.4778451
293,0.0008217465,0.5235375,0.4756409
294,0.0008186743,0.5243416,0.4748398
295,0.0008170917,0.5244908,0.4746921
296,0.0008162764,0.5243708,0.474813
297,0.0008158438,0.5241709,0.4750133
298,0.0008155956,0.5239769,0.4752075
299,0.0008154332,0.5238227,0.4753619
300,0.0008153087,0.5237178,0.4754669
301,0.0007498086,0.5611991,0.4380512
302,0.0007170184,0.5790964,0.4201866
303,0.0007002749,0.587409,0.4118908
304,0.000691598,0.5910391,0.4082693
305,0.0006870587,0.5923687,0.4069442
306,0.0006846352,0.592604,0.4067113
307,0.0006832749,0.5923571,0.4069596
308,0.0006824359,0.5919302,0.4073874
309,0.0006818447,0.5914647,0.4078535
310,0.0006813673,0.5910231,0.4082955
311,0.000680942,0.5906262,0.4086929
312,0.0006805431,0.5902761,0.4090435
313,0.0007729144,0.535242,0.4639851
314,0.0008380218,0.4977276,0.5014343
315,0.0008808967,0.4746874,0.5244317
316,0.0009076463,0.4617954,0.537297
317,0.0009235946,0.4554147,0.5436618
318,0.0009327667,0.4528742,0.5461929
319,0.000937931,0.452389,0.5466731
320,0.0009408512,0.4528502,0.546209
321,0.000942581,0.4536106,0.5454468
322,0.0009437047,0.4543314,0.5447249
323,0.0009445257,0.4548565,0.5441989
324,0.0009451889,0.4551398,0.543915
325,0.0009375188,0.4597112,0.5393512
326,0.0009329669,0.4621344,0.5369326
327,0.0009302669,0.463371,0.5356987
328,0.0009286982,0.4639146,0.5351567
329,0.0009277982,0.464098,0.5349742
330,0.0009272918,0.4641212,0.5349516
331,0.000927023,0.4640935,0.5349795
332,0.000926905,0.4640701,0.535003
333,0.0009268889,0.4640748,0.5349983
334,0.0009269501,0.4641098,0.5349633
335,0.0009270713,0.4641718,0.5349011
336,0.0009272396,0.4642563,0.5348164
337,0.0009334639,0.4609914,0.5380751
338,0.0009374319,0.4591367,0.5399259
339,0.0009399483,0.4581644,0.5408956
340,0.0009415549,0.457732,0.5413265
341,0.0009426069,0.4576191,0.5414382
342,0.0009433298,0.457691,0.5413656
343,0.000943862,0.4578678,0.5411884
344,0.0009442865,0.4581039,0.5409518
345,0.0009446521,0.4583734,0.540682
346,0.0009449857,0.4586639,0.540391
347,0.0009453036,0.458968,0.5400866
348,0.0009456146,0.4592802,0.5397741
349,0.0008152933,0.5341244,0.4650602
350,0.0007557583,0.5672451,0.4319991
351,0.0007278759,0.5815338,0.4177383
352,0.0007142774,0.5875492,0.4117365
353,0.0007075843,0.5897073,0.4095851
354,0.0007042627,0.5901002,0.4091955
355,0.0007025567,0.5897489,0.4095485
356,0.0007015951,0.5891431,0.4101553
357,0.0007009566,0.5885041,0.4107949
358,0.0007004465,0.5879216,0.4113779
359,0.0006999818,0.5874227,0.4118774
360,0.0006995308,0.5870076,0.4122929
361,0.0007783372,0.54011,0.4591117
362,0.0008320922,0.5087373,0.4904307
363,0.0008661503,0.4901436,0.5089902
364,0.0008865728,0.4801221,0.5189913
365,0.0008982287,0.4754048,0.523697
366,0.0009045976,0.4737172,0.5253782
367,0.0009079649,0.4736001,0.5254919
368,0.0009097275,0.474182,0.5249084
369,0.0009106872,0.4749732,0.5241161
370,0.0009112805,0.4757101,0.5233786
371,0.0009117262,0.4762651,0.5228232
372,0.000912122,0.4765907,0.5224972
373,0.0009226587,0.4710403,0.528037
374,0.0009292375,0.4676771,0.5313937
375,0.0009332814,0.4656421,0.5334246
376,0.0009357259,0.4643953,0.5346689
377,0.0009371819,0.4636075,0.5354553
378,0.0009380357,0.4630912,0.5359708
379,0.0009385289,0.4627446,0.5363168
380,0.0009388131,0.4625127,0.5365485
381,0.0009389833,0.4623643,0.5366967
382,0.0009390981,0.4622816,0.5367794
383,0.000939195,0.4622508,0.53681
384,0.0009392956,0.4622605,0.5368001
385,0.0009411325,0.4612382,0.5378207
386,0.000942315,0.4606536,0.538404
387,0.00094306,0.4603929,0.5386641
388,0.0009435526,0.4603256,0.5387309
389,0.0009439057,0.4603733,0.5386828
390,0.000944184,0.4604909,0.5385649
391,0.0009444234,0.4606543,0.5384013
392,0.0009446424,0.4608517,0.5382036
393,0.0009448508,0.4610783,0.5379768
394,0.0009450546,0.46133,0.537725
395,0.0009452561,0.4616046,0.5374501
396,0.0009454572,0.4619008,0.5371538
397,0.0009651309,0.4504503,0.5485846
398,0.0009775334,0.4433689,0.5556536
399,0.0009847928,0.4396794,0.5593358
400,0.0009889111,0.4379864,0.5610247
401,0.000991179,0.4374266,0.5615823
402,0.000992406,0.4374712,0.5615364
403,0.0009930814,0.437808,0.5611989
404,0.0009934861,0.4382598,0.5607467
405,0.0009937737,0.4387312,0.5602751
406,0.00099402,0.4391753,0.5598307
407,0.0009942595,0.4395719,0.5594338
408,0.0009945034,0.4399143,0.5590912
409,0.0008981579,0.4939479,0.505154
410,0.0008489662,0.520424,0.4787269
411,0.0008240122,0.5328138,0.4663622
412,0.0008111617,0.538393,0.4607958
413,0.0008045589,0.54062,0.4585755
414,0.0008011843,0.5412478,0.457951
415,0.0007994511,0.5411716,0.458029
416,0.0007985276,0.5408379,0.4583636
417,0.0007979859,0.5404577,0.4587443
418,0.0007976122,0.5401219,0.4590804
419,0.0007973042,0.5398627,0.45934
420,0.0007970151,0.5396851,0.4595179
421,0.0008020544,0.5366738,0.4625242
422,0.0008048934,0.5350612,0.4641339
423,0.0008064432,0.5342288,0.4649647
424,0.0008071976,0.5338827,0.4653102
425,0.0008074859,0.5338175,0.465375
426,0.0008075122,0.5339043,0.4652882
427,0.0008073988,0.5340635,0.4651292
428,0.0008072178,0.534245,0.4649478
429,0.0008070128,0.5344159,0.4647771
430,0.0008068103,0.5345524,0.4646408
431,0.0008066256,0.5346379,0.4645554
432,0.0008064678,0.5346617,0.464532
433,0.0008699024,0.4994177,0.4997124
434,0.0009118721,0.4775251,0.5215631
435,0.0009387585,0.4644929,0.5345683
436,0.0009552474,0.4574073,0.5416374
437,0.0009650703,0.4538998,0.5451351
438,0.0009708432,0.4523471,0.5466821
439,0.0009742707,0.4517235,0.5473022
440,0.0009763964,0.451427,0.5475966
441,0.0009778162,0.4511428,0.5478793
442,0.0009788348,0.4507559,0.5482652
443,0.0009795949,0.4502631,0.5487573
444,0.0009801583,0.4497186,0.5493013
445,0.00098285,0.4488785,0.5501387
446,0.0009845571,0.4487462,0.5502692
447,0.0009859654,0.4485941,0.5504199
448,0.0009871228,0.4484617,0.5505512
449,0.0009880923,0.4483444,0.5506675
450,0.0009889186,0.4482388,0.5507723
451,0.0009896342,0.4481436,0.5508667
452,0.0009902611,0.4480603,0.5509494
453,0.0009908162,0.4479911,0.551018
454,0.0009913131,0.4479353,0.5510734
455,0.000991763,0.4478927,0.5511156
456,0.0009921736,0.4478631,0.5511447
457,0.0009816604,0.45212,0.5468984
458,0.0009752915,0.4535554,0.5454693
459,0.0009706435,0.4546795,0.5443498
460,0.0009672763,0.4555824,0.5434504
461,0.0009648942,0.4562904,0.5427448
462,0.0009632568,0.456836,0.5422007
463,0.0009621646,0.4572612,0.5417766
464,0.000961459,0.4576086,0.54143
465,0.0009610199,0.4579147,0.5411242
466,0.0009607596,0.4582082,0.540831
467,0.0009606159,0.4585098,0.5405296
468,0.000960546,0.4588359,0.5402036
469,0.0008587091,0.5161302,0.4830111
470,0.0008085444,0.543365,0.4558264
471,0.0007837474,0.5558223,0.4433939
472,0.0007712101,0.5613565,0.4378723
473,0.000764846,0.5635532,0.435682
474,0.000761601,0.5641793,0.4350592
475,0.0007599025,0.5641202,0.43512
476,0.0007589441,0.5638106,0.4354305
477,0.0007583213,0.5634522,0.4357894
478,0.0007578392,0.5631293,0.4361129
479,0.0007574109,0.5628665,0.4363761
480,0.0007570014,0.5626624,0.4365806
481,0.0008007916,0.5365938,0.4626054
482,0.0008283877,0.5202941,0.4788775
483,0.0008444677,0.5113692,0.4877864
484,0.0008533879,0.506856,0.4922907
485,0.0008580486,0.5048766,0.4942653
486,0.0008603048,0.5042562,0.4948834
487,0.0008612768,0.5043002,0.4948386
488,0.0008616064,0.5046193,0.4945191
489,0.0008616442,0.5050055,0.4941328
490,0.0008615688,0.5053592,0.4937792
491,0.0008614681,0.5056351,0.4935034
492,0.0008613809,0.5058171,0.4933214
493,0.000883133,0.4935636,0.5055532
494,0.0008966278,0.486212,0.5128914
495,0.0009046728,0.4820938,0.5170015
496,0.0009093368,0.4798989,0.5191917
497,0.0009119827,0.478788,0.5203
498,0.0009134709,0.4782481,0.5208384
499,0.0009143198,0.4779843,0.5211014
500,0.0009148286,0.4778408,0.5212443
501,0.000915162,0.4777436,0.5213411
502,0.0009154124,0.4776556,0.5214291
503,0.0009156242,0.4775658,0.5215186
504,0.0009158181,0.4774747,0.5216094
505,0.0008870302,0.4936315,0.5054815
506,0.0008707325,0.5024367,0.4966926
507,0.0008617677,0.5069286,0.4922096
508,0.0008569446,0.5090622,0.4900808
509,0.0008544234,0.5099465,0.4891992
510,0.0008531502,0.5102027,0.4889441
511,0.0008525308,0.5101705,0.488977
512,0.0008522387,0.5100269,0.4891208
513,0.0008520999,0.5098594,0.4892885
514,0.0008520237,0.5097092,0.4894387
515,0.0008519669,0.5095917,0.4895564
516,0.0008519106,0.5095095,0.4896386
517,0.0008519075,0.5095177,0.4896304
518,0.0008519044,0.5095752,0.4895729
519,0.0008519451,0.5095861,0.4895619
520,0.0008519787,0.509599,0.489549
521,0.000851994,0.5096242,0.4895238
522,0.0008519894,0.509663,0.4894849
523,0.0008519677,0.5097138,0.4894342
524,0.0008519322,0.5097732,0.4893748
525,0.0008518867,0.5098376,0.4893104
526,0.0008518334,0.5099044,0.4892437
527,0.0008517759,0.5099699,0.4891784
528,0.0008517159,0.5100309,0.4891174
529,0.0008559502,0.507573,0.4915711
530,0.0008584308,0.5061576,0.492984
531,0.0008597885,0.5054381,0.4937021
532,0.000860504,0.5050951,0.4940444
533,0.0008608602,0.504949,0.4941902
534,0.0008610237,0.5048961,0.4942429
535,0.0008610907,0.5048788,0.4942601
536,0.0008611135,0.5048672,0.4942718
537,0.0008611191,0.5048475,0.4942913
538,0.00086112,0.5048154,0.4943235
539,0.0008611213,0.5047708,0.4943681
540,0.0008611247,0.5047159,0.494423
541,0.0008828469,0.4924482,0.506669
542,0.0008963323,0.4851162,0.5139874
543,0.0009044103,0.4810074,0.5180882
544,0.0009090913,0.4788646,0.5202262
545,0.0009117249,0.4778563,0.5212321
546,0.0009131723,0.4774637,0.5216231
547,0.0009139589,0.4773805,0.5217054
548,0.0009143926,0.4774353,0.5216504
549,0.0009146459,0.4775375,0.5215478
550,0.0009148131,0.4776426,0.5214425
551,0.0009149415,0.4777324,0.5213527
552,0.0009150538,0.4778013,0.5212836
553,0.0009140537,0.4785242,0.5205618
554,0.0009135125,0.4789655,0.520121
555,0.0009132777,0.4791891,0.5198977
556,0.0009132082,0.4792963,0.5197906
557,0.0009132249,0.4793414,0.5197452
558,0.0009132827,0.4793564,0.5197303
559,0.0009133558,0.4793591,0.5197274
560,0.0009134316,0.4793595,0.5197271
561,0.0009135041,0.4793619,0.5197247
562,0.0009135721,0.4793668,0.5197197
563,0.0009136352,0.479374,0.5197123
564,0.000913694,0.4793832,0.5197031
565,0.0009505674,0.458694,0.5403554
566,0.0009745231,0.4457753,0.5532502
567,0.0009894832,0.4382636,0.5607469
568,0.000998517,0.434195,0.5648065
569,0.001003809,0.4322,0.5667962
570,0.001006836,0.4313768,0.5676164
571,0.001008544,0.4311639,0.5678276
572,0.001009516,0.4312322,0.5677582
573,0.001010093,0.431402,0.5675879
574,0.001010464,0.431585,0.5674044
575,0.00101073,0.4317439,0.5672454
576,0.001010943,0.4318677,0.5671214
577,0.0009525865,0.4643952,0.5346522
578,0.0009198452,0.4819455,0.5171346
579,0.0009020217,0.4908341,0.5082639
580,0.0008924059,0.4951029,0.5040047
581,0.0008872963,0.4969525,0.5021602
582,0.0008846282,0.4975856,0.5015298
583,0.0008832534,0.4976495,0.5014672
584,0.000882543,0.497481,0.5016364
585,0.0008821616,0.4972456,0.5018721
586,0.0008819336,0.4970201,0.502098
587,0.000881772,0.4968336,0.5022846
588,0.0008816363,0.4966935,0.5024248
589,0.0008694337,0.5033143,0.4958162
590,0.0008622555,0.5070109,0.4921268
591,0.0008581114,0.5089672,0.4901747
592,0.0008557471,0.5099391,0.489205
593,0.000854402,0.5103794,0.4887661
594,0.0008536251,0.5105498,0.4885966
595,0.0008531562,0.5105957,0.4885511
596,0.0008528486,0.5105951,0.488552
597,0.0008526212,0.5105869,0.4885604
598,0.0008524338,0.5105869,0.4885607
599,0.0008522664,0.5105995,0.4885483
600,0.0008521107,0.510623,0.4885248
601,0.000846442,0.5138541,0.4852995
602,0.000843111,0.5156817,0.4834751
603,0.0008412144,0.5166292,0.4825297
604,0.0008401431,0.5170823,0.4820775
605,0.0008395402,0.5172603,0.4819002
606,0.0008391975,0.5172871,0.4818738
607,0.0008389965,0.5172311,0.4819298
608,0.0008388721,0.5171289,0.4820323
609,0.0008387893,0.5169998,0.4821613
610,0.0008387286,0.5168553,0.482306
611,0.0008386791,0.5167012,0.4824603
612,0.0008386351,0.5165415,0.4826198
613,0.0008908416,0.4867192,0.5123898
614,0.0009250499,0.4677714,0.5313036
615,0.0009464466,0.4566292,0.5424243
616,0.0009592799,0.450542,0.5484987
617,0.0009666751,0.4475335,0.5514998
618,0.0009707827,0.4462774,0.5527518
619,0.0009729982,0.4459395,0.5530875
620,0.0009741795,0.4460278,0.552998
621,0.0009748268,0.4462715,0.5527537
622,0.0009752196,0.4465327,0.5524921
623,0.0009755035,0.4467517,0.5522727
624,0.0009757477,0.4469111,0.5521132
625,0.0009424988,0.4656684,0.5333891
626,0.0009232452,0.4761266,0.5229501
627,0.0009124656,0.4816048,0.5174826
628,0.0009065703,0.4842984,0.5147949
629,0.000903441,0.4854873,0.5136093
630,0.0009018413,0.4859038,0.5131943
631,0.0009010625,0.4859548,0.5131442
632,0.0009007066,0.4858572,0.5132421
633,0.0009005574,0.4857203,0.5133791
634,0.0009005011,0.4855943,0.5135052
635,0.0009004808,0.4854989,0.5136007
636,0.0009004693,0.4854392,0.5136604
637,0.0009040222,0.4834151,0.5156809
638,0.000906172,0.4822779,0.5168159
639,0.00090744,0.4816805,0.517412
640,0.0009081625,0.4814131,0.5176787
641,0.0009085584,0.4813401,0.5177513
642,0.0009087641,0.4813783,0.5177128
643,0.0009088619,0.4814791,0.517612
644,0.0009089,0.4816145,0.5174766
645,0.0009089058,0.4817689,0.5173222
646,0.0009088954,0.4819328,0.5171582
647,0.0009088784,0.4820999,0.5169911
648,0.0009088602,0.4822657,0.5168255
649,0.0008643796,0.5073271,0.4918085
650,0.000839972,0.5205506,0.4786094
651,0.0008268025,0.5271782,0.471995
652,0.0008197683,0.5303026,0.4688776
653,0.0008160673,0.5315999,0.467584
654,0.0008141462,0.5319828,0.467203
655,0.0008131493,0.5319407,0.4672461
656,0.000812614,0.5317272,0.4674602
657,0.0008122968,0.531467,0.4677207
658,0.0008120741,0.531217,0.4679709
659,0.000811887,0.5309989,0.4681892
660,0.0008117095,0.5308177,0.4683705
661,0.0008128216,0.5298728,0.4693144
662,0.0008133622,0.5292924,0.4698942
663,0.0008135388,0.5289804,0.4702061
664,0.0008135239,0.5288129,0.4703735
665,0.0008134109,0.5287262,0.4704604
666,0.0008132518,0.5286835,0.4705031
667,0.0008130759,0.5286643,0.4705226
668,0.0008128989,0.5286561,0.4705311
669,0.0008127276,0.5286519,0.4705354
670,0.0008125663,0.5286475,0.4705398
671,0.0008124168,0.5286399,0.4705476
672,0.0008122801,0.5286264,0.4705612
673,0.0008122129,0.5287115,0.4704764
674,0.0008121645,0.5287717,0.4704161
675,0.0008121751,0.5287395,0.4704483
676,0.0008121852,0.5286799,0.470508
677,0.0008121879,0.5286039,0.470584
678,0.0008121838,0.5285147,0.4706731
679,0.0008121756,0.5284136,0.4707742
680,0.0008121654,0.5283018,0.4708861
681,0.0008121537,0.5281807,0.4710071
682,0.0008121422,0.5280517,0.4711362
683,0.0008121303,0.5279167,0.4712711
684,0.0008121179,0.5277781,0.4714097
685,0.000846362,0.5080868,0.4910668
686,0.0008679022,0.4961396,0.5029924
687,0.0008808969,0.4893953,0.5097238
688,0.0008884478,0.4858648,0.5132467
689,0.0008926931,0.4842033,0.5149039
690,0.0008950184,0.4835585,0.5155465
691,0.0008962771,0.4834214,0.5156823
692,0.0008969698,0.4835059,0.5155971
693,0.0008973777,0.4836612,0.5154414
694,0.0008976515,0.4838147,0.5152877
695,0.0008978668,0.483937,0.5151652
696,0.0008980577,0.4840215,0.5150804
697,0.000854675,0.5086568,0.4904885
698,0.0008309684,0.5215732,0.4775958
699,0.0008182207,0.5279961,0.4711857
700,0.0008114412,0.5309858,0.4682027
701,0.0008078948,0.5321984,0.4669937
702,0.000806068,0.5325339,0.4666601
703,0.0008051291,0.5324723,0.4667226
704,0.0008046307,0.5322611,0.4669343
705,0.0008043383,0.5320207,0.467175
706,0.0008041337,0.5318043,0.4673915
707,0.0008039607,0.531632,0.4675641
708,0.000803794,0.5315078,0.4676884
709,0.0008217496,0.5210679,0.4781104
710,0.0008325638,0.515013,0.4841545
711,0.0008388171,0.5117565,0.4874048
712,0.000842282,0.5101715,0.4889862
713,0.0008441096,0.5095363,0.4896196
714,0.0008450147,0.5094103,0.4897448
715,0.0008454222,0.5095351,0.4896194
716,0.0008455774,0.509765,0.4893894
717,0.0008456163,0.5100194,0.489135
718,0.0008456128,0.5102552,0.4888992
719,0.0008456045,0.5104498,0.4887045
720,0.0008456106,0.510592,0.4885623
721,0.0008716269,0.4959074,0.503221
722,0.0008879062,0.4871097,0.5120024
723,0.0008977311,0.4821777,0.5169245
724,0.0009034947,0.4795862,0.5195102
725,0.0009068118,0.4783249,0.5207683
726,0.0009087144,0.4777647,0.5213266
727,0.0009098293,0.4775386,0.5215516
728,0.0009105204,0.4774469,0.5216425
729,0.0009109883,0.4773918,0.5216972
730,0.0009113374,0.4773335,0.5217552
731,0.0009116186,0.4772619,0.5218265
732,0.0009118554,0.4771808,0.5219073
733,0.0008701733,0.500689,0.4984409
734,0.0008471117,0.5131405,0.4860124
735,0.0008345706,0.5193943,0.4797711
736,0.000827823,0.5223413,0.4768309
737,0.000824243,0.5235659,0.4756097
738,0.0008223648,0.5239355,0.4752423
739,0.000821377,0.5239146,0.4752641
740,0.0008208391,0.5237442,0.4754349
741,0.0008205177,0.5235426,0.4756369
742,0.000820294,0.5233631,0.4758167
743,0.0008201101,0.523226,0.4759539
744,0.00081994,0.5231362,0.4760439
745,0.0008787715,0.4893886,0.5097325
746,0.0009177806,0.4678257,0.5312566
747,0.0009424378,0.4551322,0.5439253
748,0.0009573565,0.4482816,0.5507611
749,0.0009660121,0.4450445,0.5539895
750,0.0009708397,0.4438954,0.5551337
751,0.0009734455,0.443852,0.5551745
752,0.0009748348,0.4443144,0.5547107
753,0.0009756081,0.4449342,0.5540903
754,0.0009761066,0.4455203,0.5535035
755,0.0009765131,0.4459775,0.5530459
756,0.0009769157,0.4462691,0.552754
757,0.0009492363,0.4620593,0.5369914
758,0.000933198,0.4708535,0.5282134
759,0.0009242717,0.4753851,0.5236907
760,0.0009194603,0.4775159,0.5215647
761,0.0009169707,0.4783535,0.5207296
762,0.0009157465,0.4785429,0.5205413
763,0.0009151822,0.4784454,0.5206394
764,0.0009149427,0.4782523,0.5208328
765,0.0009148504,0.4780564,0.5210287
766,0.0009148175,0.4778967,0.5211884
767,0.0009148031,0.477785,0.5213001
768,0.0009147911,0.4777208,0.5213645
769,0.0008654232,0.5054068,0.4937278
770,0.0008384611,0.519928,0.4792334
771,0.0008239492,0.5271698,0.4720062
772,0.0008161817,0.5305883,0.4685956
773,0.0008120615,0.5320333,0.4671546
774,0.0008098869,0.5325024,0.4666878
775,0.000808724,0.5325263,0.4666649
776,0.0008080692,0.5323797,0.4668122
777,0.0008076567,0.5321975,0.4669948
778,0.000807353,0.5320401,0.4671526
779,0.0008070933,0.5319301,0.4672627
780,0.000806849,0.5318728,0.4673204
781,0.0008062375,0.5321074,0.4670863
782,0.0008057928,0.5322854,0.4669088
783,0.0008054612,0.5324184,0.4667762
784,0.0008051905,0.5325371,0.4666577
785,0.0008049571,0.5326499,0.4665451
786,0.0008047505,0.5327556,0.4664396
787,0.0008045666,0.5328484,0.466347
788,0.0008044057,0.5329202,0.4662754
789,0.0008042688,0.532963,0.4662327
790,0.0008041574,0.5329696,0.4662262
791,0.0008040725,0.5329344,0.4662615
792,0.0008040134,0.5328546,0.4663414
793,0.0008237127,0.5213361,0.4778401
794,0.0008356277,0.514468,0.4846964
795,0.0008424924,0.5106949,0.4884626
796,0.000846323,0.5087101,0.4904436
797,0.0008483923,0.5077171,0.4914346
798,0.0008494815,0.5072389,0.4919115
799,0.0008500485,0.5070064,0.4921435
800,0.0008503498,0.5068763,0.4922734
801,0.0008505219,0.5067791,0.4923703
802,0.0008506338,0.5066864,0.4924629
803,0.0008507168,0.5065901,0.4925591
804,0.0008507842,0.5064911,0.4926581
805,0.0007866764,0.5430142,0.4561991
806,0.0007539348,0.5608243,0.4384217
807,0.0007370758,0.5691975,0.4300654
808,0.0007283457,0.5728737,0.426398
809,0.0007238323,0.5742153,0.4250609
810,0.000721487,0.5744397,0.4248388
811,0.00072023,0.5741723,0.4251074
812,0.0007194977,0.5737263,0.4255542
813,0.0007190036,0.5732511,0.4260299
814,0.000718608,0.5728109,0.4264705
815,0.0007182467,0.5724294,0.4268524
816,0.0007178919,0.5721117,0.4271705
817,0.0007579257,0.5483075,0.4509346
818,0.0007828518,0.5339397,0.4652774
819,0.0007975926,0.5259644,0.4732381
820,0.0008058733,0.5219524,0.4772417
821,0.0008102759,0.5202459,0.4789438
822,0.0008124644,0.5197939,0.4793937
823,0.0008134528,0.5199659,0.4792207
824,0.0008138324,0.520399,0.4787871
825,0.0008139352,0.5208909,0.4782953
826,0.0008139415,0.521332,0.4778541
827,0.0008139453,0.5216651,0.477521
828,0.0008139914,0.5218645,0.4773216
829,0.0008264224,0.5147633,0.4844103
830,0.000833985,0.5105473,0.4886186
831,0.0008384566,0.5081667,0.4909948
832,0.0008410866,0.5068223,0.4923367
833,0.0008426484,0.5060411,0.4931162
834,0.0008436056,0.5055531,0.4936032
835,0.0008442246,0.5052145,0.4939413
836,0.0008446531,0.5049545,0.4942008
837,0.0008449702,0.5047419,0.4944132
838,0.0008452174,0.5045642,0.4945906
839,0.000845417,0.5044174,0.4947371
840,0.000845581,0.5043007,0.4948538
841,0.0008324732,0.5118954,0.4872721
842,0.000824987,0.5160857,0.4830893
843,0.0008208422,0.518246,0.4809332
844,0.0008186008,0.5192922,0.4798892
845,0.0008174202,0.5197505,0.4794321
846,0.000816813,0.5199192,0.479264
847,0.0008165035,0.5199619,0.4792216
848,0.0008163396,0.5199651,0.4792186
849,0.0008162404,0.5199718,0.4792119
850,0.000816165,0.5200012,0.4791826
851,0.0008160947,0.5200601,0.4791238
852,0.0008160216,0.5201489,0.4790351
853,0.0008306242,0.5117776,0.4873918
854,0.0008394246,0.5069809,0.4921797
855,0.0008445152,0.5044827,0.4946728
856,0.0008473516,0.5033436,0.495809
857,0.0008488699,0.502969,0.4961822
858,0.0008496492,0.5029955,0.4961548
859,0.0008500358,0.5032092,0.4959407
860,0.0008502288,0.5034884,0.4956613
861,0.0008503401,0.5037662,0.4953835
862,0.0008504288,0.504007,0.4951426
863,0.0008505245,0.5041941,0.4949555
864,0.00085064,0.5043218,0.4948276
865,0.0007994915,0.533681,0.4655195
866,0.0007725859,0.5484544,0.450773
867,0.0007584753,0.5555669,0.4436747
868,0.0007511255,0.5587324,0.4405164
869,0.0007473503,0.5598956,0.439357
870,0.0007454346,0.5600889,0.4391657
871,0.0007444572,0.5598531,0.4394024
872,0.0007439311,0.5594633,0.4397928
873,0.0007436061,0.5590512,0.4402051
874,0.0007433602,0.5586738,0.4405829
875,0.0007431374,0.5583511,0.4409057
876,0.0007429143,0.5580869,0.4411702
877,0.0008016037,0.5235825,0.4756159
878,0.0008400396,0.5017421,0.4974179
879,0.0008638948,0.4890784,0.5100577
880,0.0008779841,0.4823923,0.5167297
881,0.0008859144,0.4793387,0.5197754
882,0.0008901669,0.4783406,0.5207692
883,0.000892339,0.4784052,0.5207024
884,0.0008934062,0.4789404,0.5201662
885,0.0008939371,0.4796089,0.5194971
886,0.0008942473,0.4802299,0.5188758
887,0.0008945015,0.480714,0.5183916
888,0.000894776,0.4810275,0.5180777
889,0.0008501848,0.5067153,0.4924346
890,0.0008260715,0.5200383,0.4791355
891,0.000813276,0.5265442,0.4726425
892,0.0008066156,0.5294507,0.4697426
893,0.0008032486,0.5305105,0.4686862
894,0.0008016059,0.5306792,0.4685192
895,0.000800832,0.5304645,0.4687346
896,0.000800472,0.5301241,0.4690754
897,0.0008002939,0.529778,0.4694217
898,0.0008001857,0.5294748,0.4697251
899,0.0008000963,0.5292288,0.4699712
900,0.000800006,0.5290393,0.4701608
901,0.0008064347,0.525148,0.4740455
902,0.0008101943,0.5229223,0.4762675
903,0.0008123057,0.5217319,0.4774559
904,0.0008134335,0.5211529,0.4780337
905,0.0008139932,0.520924,0.478262
906,0.0008142351,0.5208899,0.4782959
907,0.0008143056,0.5209613,0.4782244
908,0.0008142873,0.5210884,0.4780974
909,0.0008142249,0.5212439,0.4779418
910,0.0008141429,0.5214134,0.4777724
911,0.0008140541,0.5215876,0.4775983
912,0.0008139663,0.5217596,0.4774263
913,0.0008432644,0.5049403,0.4942164
914,0.0008615328,0.4948974,0.504241
915,0.0008724427,0.4893883,0.5097392
916,0.00087873,0.4866293,0.512492
917,0.0008822433,0.4854386,0.5136792
918,0.0008841698,0.4850722,0.5140437
919,0.0008852349,0.4850867,0.5140281
920,0.0008858622,0.4852333,0.5138809
921,0.0008862867,0.4853834,0.5137303
922,0.0008866274,0.4854826,0.5136307
923,0.0008869392,0.4855158,0.5135973
924,0.0008872421,0.4854887,0.5136241
925,0.0008813196,0.4889987,0.51012
926,0.0008779325,0.4909451,0.508177
927,0.0008761082,0.4919176,0.5072064
928,0.0008751874,0.4923472,0.5067775
929,0.000874772,0.4924907,0.5066345
930,0.0008746251,0.4924983,0.5066271
931,0.0008746115,0.4924543,0.5066711
932,0.0008746561,0.4924038,0.5067216
933,0.0008747191,0.4923691,0.5067562
934,0.0008747832,0.492358,0.5067672
935,0.0008748414,0.4923723,0.5067528
936,0.0008748914,0.4924112,0.5067139
937,0.0008299768,0.5180956,0.4810744
938,0.0008056371,0.5314626,0.4677317
939,0.0007925783,0.5381216,0.4610858
940,0.0007856171,0.5412601,0.4579543
941,0.0007819429,0.5425835,0.4566345
942,0.0007800131,0.5430107,0.4562094
943,0.0007789847,0.5430294,0.4561915
944,0.0007784053,0.542891,0.4563307
945,0.0007780371,0.5427178,0.4565041
946,0.0007777609,0.5425653,0.4566569
947,0.0007775188,0.5424542,0.4567682
948,0.000777286,0.5423887,0.456834
949,0.0008070541,0.5250034,0.4741895
950,0.0008253792,0.514685,0.4844896
951,0.0008361407,0.5090635,0.4901003
952,0.0008421829,0.5062941,0.4928637
953,0.0008454173,0.5051574,0.4939973
954,0.0008470603,0.5048895,0.4942634
955,0.0008478494,0.5050355,0.4941167
956,0.0008482132,0.505335,0.4938168
957,0.0008483918,0.5056467,0.4935049
958,0.0008485133,0.5058967,0.4932547
959,0.0008486398,0.5060533,0.4930981
960,0.0008487957,0.506109,0.4930422
961,0.0008507508,0.5050426,0.4941066
962,0.0008520195,0.5043388,0.4948091
963,0.0008528536,0.5038569,0.4952902
964,0.0008534246,0.5034977,0.495649
965,0.0008538326,0.5032098,0.4959365
966,0.0008541364,0.5029681,0.4961778
967,0.0008543693,0.5027615,0.496384
968,0.0008545509,0.5025856,0.4965599
969,0.0008546934,0.5024383,0.496707
970,0.0008548049,0.5023184,0.4968267
971,0.0008548922,0.5022243,0.4969207
972,0.0008549597,0.5021546,0.4969905
973,0.0007808708,0.5446314,0.4545878
974,0.0007438185,0.5649893,0.4342669
975,0.0007250363,0.5744399,0.4248351
976,0.0007153958,0.5785825,0.420702
977,0.0007104346,0.5801176,0.4191719
978,0.0007078586,0.5804117,0.4188805
979,0.0007064727,0.5801593,0.4191342
980,0.0007056597,0.579706,0.4195884
981,0.0007051082,0.5792157,0.4200792
982,0.0007046664,0.5787613,0.4205341
983,0.0007042645,0.57837,0.4209258
984,0.0007038728,0.5780486,0.4212475
985,0.000717417,0.5695431,0.4297395
986,0.0007251598,0.5646938,0.434581
987,0.0007293256,0.5621569,0.4371138
988,0.0007314053,0.5609546,0.4383141
989,0.0007323113,0.5604982,0.4387696
990,0.0007325831,0.5604421,0.4388253
991,0.0007325292,0.5605882,0.4386792
992,0.0007323221,0.5608236,0.4384441
993,0.0007320564,0.5610822,0.4381857
994,0.0007317863,0.5613212,0.437947
995,0.0007315428,0.5615109,0.4377576
996,0.0007313447,0.5616296,0.437639
997,0.0007479311,0.5519365,0.4473155
998,0.0007577373,0.5464061,0.4528361
999,0.000763407,0.5433483,0.4558883
1000,0.000766597,0.5417193,0.4575141
1001,0.0007683843,0.5408379,0.4583937
1002,0.0007694128,0.540309,0.4589217
1003,0.0007700467,0.5399222,0.4593076
1004,0.0007704794,0.5395799,0.4596496
1005,0.0007708052,0.5392457,0.4599834
1006,0.0007710676,0.5389133,0.4603156
1007,0.0007712831,0.5385906,0.4606382
1008,0.0007714568,0.5382884,0.4609402
1009,0.0008149726,0.5124859,0.4866992
1010,0.0008428074,0.4965217,0.5026354
1011,0.000859836,0.4873836,0.5117565
1012,0.0008698643,0.4825368,0.5165934
1013,0.0008755798,0.4802322,0.5188921
1014,0.0008787578,0.4793433,0.519778
1015,0.0008805067,0.4791874,0.5199321
1016,0.0008814866,0.479374,0.5197445
1017,0.0008820729,0.4796931,0.5194249
1018,0.0008824693,0.4800392,0.5190783
1019,0.0008827809,0.4803654,0.5187518
1020,0.0008830585,0.4806546,0.5184624
1021,0.0008374457,0.5074225,0.49174
1022,0.0008126753,0.521459,0.4777284
1023,0.0007994245,0.5284977,0.4707028
1024,0.0007924133,0.531853,0.4673547
1025,0.0007887742,0.5332997,0.4659115
1026,0.0007869294,0.5337974,0.4654156
1027,0.0007860139,0.5338575,0.4653565
1028,0.000785562,0.5337434,0.465471
1029,0.0007853298,0.5335842,0.4656304
1030,0.0007851924,0.5334393,0.4657755
1031,0.0007850901,0.5333314,0.4658836
1032,0.0007849963,0.5332662,0.4659488
1033,0.0007983618,0.5253382,0.4738634
1034,0.0008063031,0.5207832,0.4784105
1035,0.0008108105,0.5184035,0.4807857
1036,0.0008132627,0.517296,0.4818907
1037,0.0008145272,0.5169042,0.4822813
1038,0.0008151313,0.5168948,0.48229
1039,0.0008153846,0.5170752,0.4821094
1040,0.0008154627,0.5173378,0.4818467
1041,0.0008154623,0.5176241,0.4815604
1042,0.0008154357,0.5179021,0.4812825
1043,0.0008154091,0.5181546,0.48103
1044,0.000815397,0.5183718,0.4808128
1045,0.0008104041,0.521432,0.4777576
1046,0.0008075277,0.5231618,0.4760307
1047,0.000805928,0.5240884,0.4751057
1048,0.0008050851,0.5245402,0.4746546
1049,0.0008046789,0.5247195,0.4744757
1050,0.0008045183,0.5247465,0.4744489
1051,0.0008044912,0.5246916,0.4745039
1052,0.0008045333,0.5245959,0.4745997
1053,0.0008046076,0.5244824,0.474713
1054,0.0008046942,0.5243641,0.4748313
1055,0.0008047818,0.5242485,0.4749467
