EwEVersion,"6.5.13829.0 (compiled 2016-05-17)"
Date,"2016-09-06 16:59:01"
ModelName,Baltic_Proper-SEALS
EcosimScenario,Proper1_SealVuln100_19742100_seal1_cofF03
TimeSeries,new_data_weights_19742100_BAU_WAR1_codF03_seal100
StartYear,1974

Data,"Prey of Acartia sp"

Year,"Cyanobacteria","Phytoplankton","microzooplankton","Detritus-water column",
1974,0.03805662,0.484624,0.2043771,0.2729423
1975,0.03776723,0.471392,0.2146822,0.2761586
1976,0.03096594,0.5148925,0.2226866,0.2314549
1977,0.03169974,0.497051,0.2276118,0.2436375
1978,0.03344092,0.4800322,0.2277308,0.258796
1979,0.03445768,0.472758,0.2253279,0.2674564
1980,0.03046948,0.5027424,0.2270674,0.2397207
1981,0.02984392,0.5000157,0.2309784,0.239162
1982,0.02854929,0.5061064,0.233752,0.2315923
1983,0.03061114,0.4882054,0.230202,0.2509814
1984,0.03018881,0.4924219,0.2297935,0.2475958
1985,0.03599152,0.4351805,0.2409934,0.2878345
1986,0.03100753,0.4913364,0.2281579,0.2494982
1987,0.04801816,0.3405202,0.2376225,0.3738391
1988,0.04407188,0.4071269,0.2116913,0.3371099
1989,0.04061235,0.4398105,0.2071045,0.3124727
1990,0.03828111,0.4545577,0.2142829,0.2928782
1991,0.04643369,0.3889889,0.2175105,0.3470669
1992,0.04028343,0.4517593,0.2068018,0.3011554
1993,0.04068587,0.4408928,0.2144611,0.3039602
1994,0.03778587,0.4605049,0.2201419,0.2815674
1995,0.03643505,0.4719086,0.2161116,0.2755447
1996,0.04362553,0.4073663,0.225556,0.3234521
1997,0.04781968,0.3899611,0.2125593,0.3496599
1998,0.04075364,0.4521963,0.2060805,0.3009695
1999,0.03322396,0.5003685,0.2149123,0.2514952
2000,0.04398329,0.4009569,0.2267507,0.3283092
2001,0.04575757,0.4059277,0.2119291,0.3363856
2002,0.04673083,0.4042955,0.2071797,0.3417939
2003,0.03428539,0.4924636,0.2194439,0.2538071
2004,0.04254144,0.4137261,0.2289134,0.314819
2005,0.04571481,0.4030614,0.2180571,0.3331667
2006,0.04666054,0.4050189,0.2091552,0.3391654
2007,0.04926486,0.3897801,0.2057536,0.3552015
2008,0.03977487,0.4633739,0.207365,0.2894862
2009,0.0389172,0.4585775,0.2165764,0.285929
2010,0.04632638,0.3951959,0.2251251,0.3333526
2011,0.04833413,0.3896132,0.2187296,0.3433231
2012,0.04803642,0.4036213,0.204244,0.3440982
2013,0.03744756,0.4782492,0.2118462,0.2724571
2014,0.04126936,0.4391225,0.2169665,0.3026417
2015,0.04468182,0.4196959,0.210622,0.3250003
2016,0.04223031,0.4440897,0.2052229,0.3084571
2017,0.04173675,0.443965,0.2085726,0.3057257
2018,0.04213865,0.4399758,0.2094241,0.3084615
2019,0.04483182,0.4208161,0.207755,0.3265971
2020,0.04521841,0.421742,0.2049311,0.3281085
2021,0.05000806,0.3878826,0.2025215,0.3595879
2022,0.04447477,0.4352926,0.1990045,0.3212281
2023,0.04220156,0.4466593,0.2032429,0.3078962
2024,0.04117823,0.4501119,0.2071598,0.3015501
2025,0.04770733,0.4003394,0.2054912,0.3464621
2026,0.04520746,0.4273578,0.1995966,0.3278382
2027,0.04508839,0.4253894,0.2020691,0.3274531
2028,0.04025493,0.4601175,0.2052089,0.2944187
2029,0.03965328,0.4585723,0.2092753,0.2924991
2030,0.03950303,0.4568951,0.2116261,0.2919758
2031,0.04357759,0.4252399,0.2110304,0.3201521
2032,0.03973248,0.4594181,0.2077209,0.2931285
2033,0.04106957,0.4437647,0.2116792,0.3034865
2034,0.04441775,0.4198246,0.2106486,0.325109
2035,0.04070229,0.4540653,0.2055148,0.2997176
2036,0.04744412,0.397876,0.2087927,0.3458872
2037,0.04571866,0.4201179,0.2029168,0.3312468
2038,0.04015097,0.4611822,0.2038973,0.2947695
2039,0.03911922,0.4602972,0.211466,0.2891176
2040,0.04133823,0.4424436,0.2108865,0.3053316
2041,0.03537027,0.4900835,0.2091521,0.2653942
2042,0.03894099,0.4516343,0.2164601,0.2929646
2043,0.04108905,0.4398781,0.212368,0.3066649
2044,0.04011488,0.4516996,0.2081774,0.3000081
2045,0.04144976,0.4390786,0.2108613,0.3086104
2046,0.03649139,0.4787935,0.2107269,0.2739882
2047,0.04287526,0.4223905,0.2149303,0.319804
2048,0.03948541,0.4573355,0.2090723,0.2941069
2049,0.03968118,0.4527305,0.2104436,0.2971447
2050,0.04310877,0.4259242,0.2112651,0.3197019
2051,0.0432107,0.4315642,0.2061411,0.319084
2052,0.03843877,0.4681367,0.2069564,0.2864681
2053,0.0410532,0.4409808,0.2124804,0.3054856
2054,0.04189971,0.4389462,0.2087682,0.3103859
2055,0.03471529,0.4940192,0.2095128,0.2617526
2056,0.03502383,0.4794509,0.2180867,0.2674386
2057,0.0368544,0.462888,0.2197144,0.2805431
2058,0.04265141,0.4226594,0.2130327,0.3216566
2059,0.03880923,0.4602058,0.2085017,0.2924832
2060,0.0396398,0.4496696,0.211707,0.2989836
2061,0.03924912,0.4539951,0.2115912,0.2951645
2062,0.03839465,0.4608767,0.2111831,0.2895455
2063,0.03957351,0.4501134,0.2124185,0.2978945
2064,0.0398871,0.4495599,0.2110142,0.2995388
2065,0.03522371,0.4855389,0.2116813,0.2675561
2066,0.03333454,0.4921884,0.2174252,0.2570518
2067,0.03822873,0.4482717,0.2205189,0.2929807
2068,0.04055065,0.4391148,0.2124045,0.3079301
2069,0.03760876,0.4658187,0.2102416,0.2863309
2070,0.03721286,0.4644264,0.2146205,0.2837402
2071,0.03664033,0.4686663,0.2148329,0.2798604
2072,0.03729425,0.4630187,0.2143943,0.2852927
2073,0.03855462,0.4536339,0.2140861,0.2937253
2074,0.03716296,0.4659425,0.2138326,0.2830619
2075,0.03391122,0.4888015,0.2163361,0.2609512
2076,0.0378167,0.4516042,0.2207629,0.2898162
2077,0.03542978,0.4776976,0.2144174,0.2724551
2078,0.03471475,0.4795832,0.2165215,0.2691806
2079,0.03803303,0.4500747,0.219581,0.2923112
2080,0.03608055,0.4722944,0.2138251,0.2777999
2081,0.03394521,0.4856369,0.2166741,0.2637438
2082,0.03557997,0.4676249,0.2207881,0.276007
2083,0.03487796,0.4765792,0.2174209,0.2711221
2084,0.0347277,0.47626,0.2181179,0.2708943
2085,0.03403074,0.4806994,0.2191085,0.2661613
2086,0.03418553,0.4784286,0.2191181,0.2682678
2087,0.03521145,0.4699224,0.2190107,0.2758555
2088,0.03215423,0.4955831,0.2183304,0.2539323
2089,0.03173946,0.4931781,0.2218379,0.2532446
2090,0.03157202,0.491903,0.2235566,0.2529685
2091,0.02810283,0.5189003,0.2236967,0.2293001
2092,0.03319873,0.4668107,0.2299013,0.2700892
2093,0.0335951,0.4739556,0.2214912,0.2709581
2094,0.03492445,0.4652164,0.2196916,0.2801676
2095,0.0352276,0.4652404,0.2196829,0.2798491
2096,0.03831878,0.4436889,0.2171572,0.3008352
2097,0.03326284,0.4900816,0.2144897,0.2621658
2098,0.03751903,0.4486339,0.2198185,0.2940286
