EwEVersion,"6.5.13829.0 (compiled 2016-05-17)"
Date,"2016-09-06 18:00:42"
ModelName,Baltic_Proper-SEALS
EcosimScenario,Proper1_SealVuln100_19742100_seal100_cofF1
TimeSeries,new_data_weights_19742100_seal100_codF1
StartYear,1974

Data,"Prey of Acartia sp"

Year,"Cyanobacteria","Phytoplankton","microzooplankton","Detritus-water column",
1974,0.03805662,0.484624,0.2043771,0.2729423
1975,0.03776723,0.471392,0.2146822,0.2761586
1976,0.03096594,0.5148926,0.2226866,0.2314549
1977,0.03169974,0.497051,0.2276118,0.2436375
1978,0.03344092,0.4800322,0.2277308,0.258796
1979,0.03445768,0.4727581,0.2253278,0.2674564
1980,0.03046948,0.5027425,0.2270674,0.2397207
1981,0.02984392,0.5000157,0.2309784,0.2391619
1982,0.02854929,0.5061064,0.233752,0.2315923
1983,0.03061114,0.4882054,0.230202,0.2509814
1984,0.03018882,0.4924219,0.2297935,0.2475958
1985,0.03599152,0.4351805,0.2409934,0.2878345
1986,0.03100753,0.4913365,0.2281579,0.2494981
1987,0.04801816,0.3405203,0.2376225,0.373839
1988,0.04407188,0.407127,0.2116913,0.3371099
1989,0.04061235,0.4398105,0.2071045,0.3124727
1990,0.03828111,0.4545578,0.2142829,0.2928781
1991,0.0464337,0.388989,0.2175105,0.3470668
1992,0.04028343,0.4517595,0.2068018,0.3011554
1993,0.04068587,0.4408928,0.2144611,0.3039601
1994,0.03778588,0.4605049,0.2201419,0.2815673
1995,0.03643506,0.4719087,0.2161116,0.2755447
1996,0.04362553,0.4073664,0.225556,0.3234521
1997,0.04781969,0.3899612,0.2125593,0.3496598
1998,0.04075364,0.4521964,0.2060805,0.3009695
1999,0.03322396,0.5003685,0.2149123,0.2514951
2000,0.04398329,0.4009569,0.2267507,0.3283091
2001,0.04575758,0.4059277,0.2119291,0.3363856
2002,0.04673083,0.4042956,0.2071797,0.3417939
2003,0.03428539,0.4924637,0.2194439,0.2538071
2004,0.04254144,0.4137261,0.2289134,0.314819
2005,0.04571482,0.4030614,0.2180571,0.3331667
2006,0.04666054,0.405019,0.2091552,0.3391653
2007,0.04926486,0.3897802,0.2057536,0.3552014
2008,0.03977487,0.463374,0.207365,0.2894862
2009,0.0389172,0.4585775,0.2165764,0.2859289
2010,0.04632638,0.3951959,0.2251251,0.3333525
2011,0.04833414,0.3896132,0.2187296,0.343323
2012,0.04803643,0.4036213,0.204244,0.3440982
2013,0.03744756,0.4782492,0.2118462,0.272457
2014,0.05213668,0.3547194,0.2195031,0.3736408
2015,0.05852077,0.3311157,0.1990814,0.4112821
2016,0.05354395,0.3760831,0.193472,0.3769009
2017,0.06104619,0.3155144,0.2005862,0.4228532
2018,0.0673421,0.2796475,0.1936944,0.459316
2019,0.05739401,0.3568937,0.1916169,0.3940954
2020,0.0596703,0.3351717,0.1949328,0.4102251
2021,0.05526745,0.3692521,0.1955452,0.3799351
2022,0.05715234,0.35496,0.1945066,0.3933811
2023,0.05577233,0.3661009,0.1950313,0.3830954
2024,0.05116317,0.3980995,0.1969072,0.3538301
2025,0.05645065,0.3542962,0.2017627,0.3874904
2026,0.05622462,0.3616244,0.19766,0.3844909
2027,0.05344136,0.3828557,0.1960328,0.3676701
2028,0.05451533,0.3703592,0.2013532,0.3737722
2029,0.05302411,0.3831868,0.1996171,0.364172
2030,0.05944987,0.3360465,0.1991364,0.4053672
2031,0.05582902,0.3670962,0.1964771,0.3805977
2032,0.0559664,0.3644523,0.1966492,0.3829321
2033,0.05478313,0.3708933,0.2003108,0.3740129
2034,0.05230174,0.389795,0.1983645,0.3595387
2035,0.05446247,0.3707872,0.2012492,0.3735011
2036,0.05569584,0.3631928,0.2008443,0.3802671
2037,0.0582804,0.3467019,0.198291,0.3967267
2038,0.05586023,0.3670507,0.1956966,0.3813924
2039,0.05094873,0.3998622,0.1982115,0.3509776
2040,0.05297222,0.3800785,0.2022548,0.3646945
2041,0.0559966,0.3610041,0.1993334,0.3836659
2042,0.05339817,0.3827527,0.1967723,0.3670768
2043,0.05663217,0.3557746,0.1999345,0.3876587
2044,0.05698907,0.3561327,0.1982176,0.3886606
2045,0.05115782,0.399787,0.1964294,0.3526258
2046,0.06095089,0.3188094,0.2067895,0.4134503
2047,0.05312835,0.3872319,0.1963754,0.3632642
2048,0.05116853,0.3968091,0.1975437,0.3544787
2049,0.0558117,0.3568959,0.2053947,0.3818977
2050,0.06010203,0.3345907,0.1959894,0.409318
2051,0.05124915,0.401137,0.1945945,0.3530194
2052,0.05368429,0.3746133,0.201658,0.3700444
2053,0.05640341,0.357048,0.2007686,0.3857801
2054,0.05538172,0.3695142,0.1950223,0.3800818
2055,0.06003055,0.333094,0.198034,0.4088414
2056,0.05911379,0.3447335,0.19403,0.4021227
2057,0.05991298,0.3387829,0.1936662,0.407638
2058,0.06258396,0.3204761,0.1930917,0.4238483
2059,0.06416819,0.3114862,0.1913163,0.4330293
2060,0.05668133,0.3674292,0.1891781,0.3867114
2061,0.05527378,0.3707013,0.1950279,0.378997
2062,0.05774863,0.3508027,0.197625,0.3938237
2063,0.05705405,0.3595847,0.1937409,0.3896203
2064,0.06186992,0.3233258,0.1949954,0.419809
2065,0.056323,0.3675823,0.1918201,0.3842746
2066,0.05189367,0.395378,0.1945669,0.3581615
2067,0.05712855,0.3503515,0.2020196,0.3905004
2068,0.0597371,0.3390421,0.1946535,0.4065673
2069,0.05891086,0.3481539,0.1910468,0.4018885
2070,0.05637152,0.3642693,0.1938826,0.3854766
2071,0.05841906,0.3475733,0.1954229,0.3985848
2072,0.05664651,0.3625106,0.1938998,0.3869431
2073,0.04883781,0.4172543,0.1953621,0.3385457
2074,0.05325905,0.376091,0.2024515,0.3681985
2075,0.05998539,0.3307815,0.2004166,0.4088165
2076,0.05871946,0.3490663,0.1910505,0.4011637
2077,0.05681908,0.3614041,0.1920008,0.3897761
2078,0.05690175,0.3575156,0.1962853,0.3892974
2079,0.05463693,0.375428,0.1946504,0.3752848
2080,0.06304842,0.311378,0.1975312,0.4280424
2081,0.05695371,0.3639238,0.1905,0.3886225
2082,0.05680759,0.3606969,0.1926945,0.3898009
2083,0.0539666,0.3786089,0.1973063,0.3701182
2084,0.05839103,0.3454537,0.1971672,0.398988
2085,0.05781339,0.353467,0.1945608,0.3941589
2086,0.05408371,0.3799201,0.1948576,0.3711386
2087,0.05190433,0.390844,0.199799,0.3574526
2088,0.05497656,0.365215,0.2032908,0.3765176
2089,0.05827588,0.3456795,0.1990412,0.3970034
2090,0.05459489,0.3750427,0.1969873,0.3733752
2091,0.0596811,0.3345467,0.2000093,0.4057629
2092,0.0620131,0.3215615,0.1983001,0.4181253
2093,0.05786769,0.3553306,0.1938867,0.3929149
2094,0.05861066,0.3465628,0.196428,0.3983986
2095,0.06208095,0.3215451,0.1974422,0.4189318
2096,0.05929537,0.3464487,0.1924218,0.4018341
2097,0.05904036,0.3455995,0.1944446,0.4009155
2098,0.06216962,0.3219721,0.19625,0.4196082
