EwEVersion,"6.5.13829.0 (compiled 2016-05-17)"
Date,"2016-09-06 18:00:42"
ModelName,Baltic_Proper-SEALS
EcosimScenario,Proper1_SealVuln100_19742100_seal100_cofF1
TimeSeries,new_data_weights_19742100_seal100_codF1
StartYear,1974

Data,"Prey of Acartia sp"

TimeStep,"Cyanobacteria","Phytoplankton","microzooplankton","Detritus-water column",
1,0.04394565,0.4587057,0.1890948,0.3082538
2,0.04065175,0.4814015,0.1915262,0.2864206
3,0.03890169,0.4892607,0.1962595,0.2755782
4,0.03794188,0.4911174,0.2007448,0.2701958
5,0.0374104,0.4906536,0.2042705,0.2676655
6,0.03711491,0.4894504,0.206808,0.2666267
7,0.03694871,0.4881553,0.2085525,0.2663436
8,0.03685171,0.4869973,0.2097356,0.2664154
9,0.03679014,0.4860257,0.2105572,0.266627
10,0.03674531,0.4852207,0.2111675,0.2668664
11,0.03670709,0.4845434,0.2116713,0.2670782
12,0.03667014,0.4839561,0.212137,0.2672367
13,0.03723703,0.47719,0.213836,0.271737
14,0.03760065,0.4737921,0.2139589,0.2746484
15,0.03780522,0.4721584,0.2137521,0.2762842
16,0.03790589,0.4713916,0.2135984,0.2771042
17,0.03794045,0.4710136,0.213635,0.277411
18,0.03793459,0.4707833,0.2138752,0.277407
19,0.0379053,0.4705903,0.2142792,0.2772252
20,0.03786375,0.4703922,0.2147903,0.2769538
21,0.03781743,0.4701794,0.2153495,0.2766536
22,0.03777155,0.4699568,0.2159024,0.2763692
23,0.03772985,0.4697342,0.2164015,0.2761345
24,0.03769502,0.4695218,0.2168079,0.2759753
25,0.03426526,0.5040089,0.2107146,0.2510113
26,0.03236579,0.5160367,0.2140065,0.2375909
27,0.03137812,0.5193012,0.2180539,0.2312668
28,0.03084611,0.5193328,0.2214599,0.2283612
29,0.03056454,0.5183072,0.2238341,0.2272941
30,0.03041968,0.5170907,0.2252951,0.2271945
31,0.03034733,0.5159852,0.2260927,0.2275748
32,0.03031155,0.5150592,0.2264635,0.2281659
33,0.03029262,0.5142942,0.2265885,0.2288246
34,0.03027974,0.5136489,0.2265973,0.2294741
35,0.03026743,0.5130824,0.226572,0.2300782
36,0.03025313,0.5125634,0.2265615,0.230622
37,0.03094405,0.5038384,0.2288121,0.2364055
38,0.03138728,0.49967,0.2287515,0.2401912
39,0.03164776,0.4977755,0.2280982,0.2424787
40,0.03178926,0.4969531,0.2274489,0.2438088
41,0.03185616,0.4965828,0.227014,0.244547
42,0.03187812,0.4963667,0.2268225,0.2449326
43,0.03187415,0.4961762,0.2268329,0.2451169
44,0.03185602,0.495965,0.2269864,0.2451926
45,0.0318309,0.4957247,0.2272288,0.2452156
46,0.03180354,0.4954616,0.22751,0.2452248
47,0.03177688,0.4951869,0.2277915,0.2452447
48,0.03175272,0.494911,0.2280445,0.2452917
49,0.03247744,0.4859544,0.2305451,0.2510231
50,0.03295469,0.48169,0.2305834,0.2547719
51,0.03324689,0.4798281,0.2298992,0.2570257
52,0.03342063,0.4791374,0.2290812,0.2583606
53,0.0335222,0.4789712,0.2283447,0.2591618
54,0.03358248,0.4790098,0.2277284,0.2596794
55,0.03362081,0.4791077,0.2272067,0.2600648
56,0.0336486,0.479207,0.2267407,0.2604037
57,0.03367214,0.4792896,0.2262989,0.2607394
58,0.03369404,0.4793537,0.2258677,0.2610846
59,0.03371528,0.4794017,0.2254436,0.2614395
60,0.0337359,0.4794365,0.2250301,0.2617976
61,0.03403205,0.4756459,0.2262464,0.2640757
62,0.03421653,0.4737741,0.2265789,0.2654304
63,0.03434255,0.4728589,0.2264214,0.2663772
64,0.03442529,0.4724514,0.226107,0.2670164
65,0.03447981,0.4722949,0.2257632,0.2674621
66,0.03451665,0.4722536,0.2254368,0.2677929
67,0.03454266,0.4722598,0.2251405,0.2680571
68,0.03456198,0.4722808,0.2248749,0.2682823
69,0.03457702,0.4723022,0.2246384,0.2684824
70,0.03458934,0.4723181,0.2244262,0.2686663
71,0.03459973,0.4723272,0.2242356,0.2688375
72,0.0346086,0.4723295,0.2240653,0.2689967
73,0.03262585,0.4942941,0.2193491,0.253731
74,0.03146603,0.5027468,0.2207093,0.2450779
75,0.03081843,0.5054563,0.2231152,0.24061
76,0.03045456,0.5058123,0.2253386,0.2383945
77,0.03025031,0.5053021,0.2270411,0.2374064
78,0.03013469,0.5045592,0.2282381,0.2370681
79,0.03006675,0.5038275,0.2290534,0.2370524
80,0.03002316,0.5031803,0.2296201,0.2371765
81,0.02999083,0.5026217,0.2300463,0.2373412
82,0.02996263,0.5021331,0.2304095,0.2374947
83,0.02993486,0.5016928,0.2307602,0.2376121
84,0.02990571,0.5012829,0.2311281,0.2376832
85,0.02994863,0.5009331,0.2305879,0.2385304
86,0.02998151,0.5007853,0.2299438,0.2392894
87,0.02997912,0.5007199,0.2296602,0.2396408
88,0.02996028,0.5006287,0.2296225,0.2397886
89,0.02993155,0.5004871,0.2297792,0.2398022
90,0.02989605,0.500297,0.2300906,0.2397164
91,0.02985552,0.5000683,0.2305242,0.239552
92,0.02981114,0.499812,0.2310522,0.2393246
93,0.02976395,0.4995384,0.2316494,0.2390482
94,0.02971507,0.4992559,0.2322905,0.2387386
95,0.02966595,0.4989716,0.2329481,0.2384144
96,0.02961832,0.4986922,0.2335918,0.2380978
97,0.0291209,0.5041299,0.2324661,0.2342831
98,0.02881161,0.5062944,0.2328281,0.2320659
99,0.02862099,0.5069795,0.2335572,0.2308423
100,0.02850849,0.5070236,0.234192,0.2302758
101,0.02844643,0.506831,0.2345869,0.2301356
102,0.02841712,0.5065819,0.2347261,0.2302749
103,0.02840916,0.506346,0.2346461,0.2305987
104,0.02841504,0.5061422,0.2344002,0.2310426
105,0.02842966,0.505967,0.2340426,0.2315608
106,0.0284492,0.50581,0.2336242,0.2321166
107,0.02847075,0.5056607,0.2331878,0.2326808
108,0.02849211,0.5055108,0.2327669,0.2332302
109,0.02939289,0.4947212,0.2349527,0.2409333
110,0.03000434,0.4897247,0.2341205,0.2461506
111,0.03038484,0.4876832,0.2326201,0.2493119
112,0.03061501,0.4870412,0.2311705,0.2511733
113,0.03074966,0.4869916,0.230033,0.2522256
114,0.03082581,0.4871421,0.2292393,0.2527928
115,0.03086722,0.4873196,0.2287346,0.2530786
116,0.03088859,0.4874608,0.2284439,0.2532068
117,0.03089865,0.4875526,0.2282994,0.2532494
118,0.03090241,0.4876008,0.2282501,0.2532467
119,0.0309028,0.4876167,0.2282592,0.2532213
120,0.03090148,0.487611,0.2283013,0.2531862
121,0.03058375,0.4911259,0.2277655,0.2505249
122,0.03037749,0.4925514,0.2282619,0.2488091
123,0.03025803,0.4929927,0.228872,0.2478772
124,0.0301883,0.4930174,0.2294167,0.2473776
125,0.03014807,0.4928878,0.229835,0.2471291
126,0.03012499,0.4927207,0.2301311,0.2470232
127,0.03011155,0.492563,0.2303305,0.246995
128,0.03010338,0.4924285,0.230461,0.2470072
129,0.03009798,0.4923175,0.2305456,0.2470389
130,0.03009398,0.492226,0.2306007,0.2470793
131,0.03009066,0.4921491,0.2306378,0.2471224
132,0.03008758,0.4920832,0.2306641,0.2471651
133,0.03245622,0.4607641,0.2410466,0.2657331
134,0.03410712,0.4439659,0.2441227,0.2778043
135,0.03522213,0.4355257,0.2438833,0.285369
136,0.0359205,0.431752,0.2428016,0.2895258
137,0.03633386,0.430389,0.2418065,0.2914706
138,0.03656865,0.4301667,0.2411319,0.2921327
139,0.03670168,0.4304276,0.240712,0.2921587
140,0.03678399,0.4308632,0.2403916,0.2919613
141,0.03684702,0.4313464,0.240024,0.2917826
142,0.03690948,0.4318347,0.2394982,0.2917576
143,0.03698117,0.4323211,0.2387499,0.2919478
144,0.03706646,0.4328104,0.2377527,0.2923705
145,0.03392564,0.4711135,0.2270038,0.2679571
146,0.03223823,0.4863746,0.2258536,0.2555336
147,0.03135712,0.4923238,0.2266227,0.2496963
148,0.03089502,0.4943737,0.2275913,0.24714
149,0.0306543,0.4948366,0.2283037,0.2462054
150,0.0305302,0.4947129,0.2287172,0.2460396
151,0.03046653,0.4944166,0.2289086,0.2462083
152,0.03043335,0.4941018,0.228968,0.2464967
153,0.03041476,0.4938136,0.228968,0.2468036
154,0.0304024,0.4935559,0.2289586,0.2470831
155,0.03039188,0.4933197,0.228972,0.2473164
156,0.0303809,0.4930947,0.2290272,0.2474971
157,0.03591325,0.4244441,0.2478697,0.2917729
158,0.0406526,0.3798555,0.2510134,0.3284785
159,0.04437871,0.3521961,0.2476687,0.3557565
160,0.04711461,0.3361144,0.2424283,0.3743427
161,0.0489948,0.3275612,0.2376478,0.3857963
162,0.05020374,0.3236247,0.2342333,0.3919383
163,0.05092917,0.322316,0.2322779,0.3944769
164,0.05133396,0.3223678,0.2314841,0.3948141
165,0.05154479,0.3230414,0.2314225,0.3939913
166,0.05165258,0.3239493,0.2316742,0.3927239
167,0.05171857,0.3249122,0.2318972,0.391472
168,0.05178119,0.3258604,0.231853,0.3905054
169,0.04780003,0.3701906,0.222041,0.3599684
170,0.04542416,0.3920171,0.2198949,0.3426638
171,0.04434928,0.4023005,0.2170714,0.3362788
172,0.04383363,0.4077516,0.2142759,0.3341389
173,0.04357368,0.4107883,0.2120822,0.3335558
174,0.04345281,0.4125622,0.2103499,0.3336352
175,0.04340394,0.4136642,0.2090256,0.3339062
176,0.04339028,0.4144007,0.2080569,0.3341521
177,0.04339276,0.41493,0.207381,0.3342963
178,0.04340214,0.4153341,0.2069343,0.3343294
179,0.04341395,0.4156577,0.2066617,0.3342667
180,0.04342597,0.4159269,0.2065204,0.3341268
181,0.04220776,0.4297152,0.2033052,0.3247718
182,0.04142166,0.4365282,0.2032195,0.3188306
183,0.04093865,0.4397061,0.2041139,0.3152414
184,0.04064674,0.4410425,0.2052236,0.3130871
185,0.04047211,0.4414963,0.2062549,0.3117767
186,0.04036735,0.4415626,0.2071298,0.3109403
187,0.04030268,0.4414856,0.2078602,0.3103514
188,0.04025964,0.4413771,0.2084888,0.3098744
189,0.04022697,0.4412822,0.2090618,0.3094291
190,0.04019806,0.4412135,0.209618,0.3089705
191,0.040169,0.44117,0.2101873,0.3084736
192,0.04013759,0.4411464,0.2107908,0.3079252
193,0.03938427,0.4492302,0.20938,0.3020055
194,0.03888844,0.4530814,0.2099059,0.2981242
195,0.03856783,0.454784,0.2110558,0.2955923
196,0.03836002,0.4554161,0.2123172,0.2939067
197,0.03822276,0.4555539,0.2134893,0.2927341
198,0.03812899,0.4554916,0.214511,0.2918684
199,0.03806204,0.4553716,0.2153777,0.2911885
200,0.03801207,0.4552572,0.2161031,0.2906276
201,0.03797362,0.4551719,0.216702,0.2901525
202,0.037944,0.455121,0.2171839,0.2897511
203,0.03792201,0.4551025,0.217554,0.2894214
204,0.03790721,0.4551122,0.2178153,0.2891653
205,0.04102196,0.4205552,0.2261108,0.312312
206,0.04337997,0.400734,0.2266718,0.3292142
207,0.04503699,0.3900585,0.2245035,0.3404011
208,0.04614292,0.384894,0.2216782,0.3472849
209,0.04685022,0.3828491,0.2190982,0.3512024
210,0.04729102,0.3824322,0.2170216,0.3532552
211,0.04756682,0.3827732,0.2154065,0.3542535
212,0.04774882,0.3834043,0.2141051,0.3547418
213,0.04788288,0.3840981,0.212967,0.355052
214,0.04799434,0.384764,0.2118974,0.3553441
215,0.04809593,0.3853748,0.2108496,0.3556796
216,0.04819249,0.3859303,0.2098161,0.3560611
217,0.0444019,0.4265579,0.2007575,0.3282827
218,0.04215796,0.4448633,0.2005583,0.3124205
219,0.0408973,0.452602,0.2025163,0.3039844
220,0.04019001,0.4554935,0.2047272,0.2995893
221,0.03979816,0.4562407,0.2065609,0.2974003
222,0.03958561,0.4561232,0.2078972,0.2963939
223,0.03947352,0.4557269,0.2088017,0.2959979
224,0.03941623,0.4552997,0.2093888,0.2958952
225,0.03938761,0.4549302,0.2097674,0.2959149
226,0.03937286,0.4546363,0.2100241,0.2959667
227,0.03936382,0.4544089,0.2102212,0.2960061
228,0.03935617,0.4542307,0.2104005,0.2960126
229,0.03995072,0.4470217,0.2128022,0.3002254
230,0.04033847,0.4432622,0.2136257,0.3027736
231,0.0405843,0.4413554,0.2138122,0.3042481
232,0.04072959,0.4404526,0.2138425,0.3049753
233,0.04080802,0.4400588,0.2139137,0.3052195
234,0.04084403,0.4399018,0.2140857,0.3051685
235,0.04085436,0.4398416,0.2143553,0.3049488
236,0.04085008,0.4398125,0.2146947,0.3046428
237,0.04083842,0.4397883,0.2150692,0.304304
238,0.04082406,0.4397626,0.2154456,0.3039679
239,0.04081006,0.4397377,0.2157943,0.3036579
240,0.04079837,0.4397193,0.2160923,0.30339
241,0.03941545,0.4533569,0.2144177,0.29281
242,0.03852858,0.4592964,0.2160836,0.2860913
243,0.03802151,0.4614986,0.2180271,0.2824528
244,0.03773433,0.4620655,0.2196585,0.2805417
245,0.03757743,0.4619823,0.2208086,0.2796317
246,0.0374963,0.461702,0.2215129,0.2792889
247,0.03745779,0.4614144,0.2218748,0.2792529
248,0.03744205,0.4611842,0.222004,0.2793698
249,0.03743748,0.4610203,0.2219916,0.2795506
250,0.03743787,0.4609105,0.2219017,0.2797499
251,0.03743987,0.4608385,0.2217773,0.2799444
252,0.03744184,0.4607895,0.221645,0.2801237
253,0.03701458,0.4670106,0.2183571,0.2776179
254,0.0367603,0.4701749,0.2166327,0.2764321
255,0.03658446,0.471807,0.2159385,0.2756701
256,0.03647088,0.4725723,0.2156799,0.275277
257,0.0363985,0.4728763,0.2156095,0.2751157
258,0.03635172,0.4729447,0.2156204,0.2750832
259,0.03632018,0.4728971,0.2156696,0.2751132
260,0.03629728,0.4727947,0.2157422,0.2751659
261,0.03627901,0.4726676,0.2158346,0.2752189
262,0.03626298,0.4725296,0.2159467,0.2752607
263,0.03624786,0.472387,0.2160788,0.2752864
264,0.03623297,0.4722424,0.2162298,0.2752949
265,0.03910712,0.4384776,0.2261481,0.2962672
266,0.04118544,0.41945,0.2287629,0.3106017
267,0.04261626,0.4092575,0.2282915,0.3198346
268,0.04353463,0.4042746,0.2270314,0.3251594
269,0.0440877,0.4021545,0.2259317,0.327826
270,0.04440151,0.4014815,0.2252552,0.3288617
271,0.04457221,0.4014654,0.224939,0.3290235
272,0.04466757,0.4017049,0.2247987,0.3288289
273,0.04473221,0.4020225,0.2246373,0.3286081
274,0.04479261,0.4023567,0.2243058,0.3285448
275,0.04486253,0.4026978,0.2237179,0.3287218
276,0.04494656,0.4030536,0.2228525,0.3291473
277,0.04595355,0.3946252,0.2228185,0.3366027
278,0.04673137,0.3903038,0.2205839,0.3423809
279,0.04727784,0.3884175,0.2179711,0.3463336
280,0.04765482,0.3878821,0.2154896,0.3489734
281,0.04791246,0.3880388,0.2133472,0.3507016
282,0.04808892,0.388505,0.2115899,0.3518162
283,0.04821148,0.3890723,0.2101898,0.3525264
284,0.04829873,0.3896357,0.2090931,0.3529725
285,0.04836289,0.3901496,0.2082431,0.3532445
286,0.04841182,0.3905995,0.2075887,0.3533999
287,0.04845046,0.3909866,0.2070882,0.3534748
288,0.04848189,0.3913181,0.2067086,0.3534915
289,0.04485465,0.429117,0.1986345,0.3273938
290,0.04268105,0.4461998,0.1987989,0.3123203
291,0.04143657,0.4533905,0.2010282,0.3041448
292,0.04072195,0.4560088,0.2034925,0.2997768
293,0.04031306,0.4565971,0.2055723,0.2975176
294,0.04008044,0.4563657,0.2071431,0.2964107
295,0.03994823,0.4558712,0.2082675,0.2959131
296,0.03987186,0.4553498,0.2090606,0.2957177
297,0.03982534,0.4548864,0.2096342,0.295654
298,0.03979394,0.4544976,0.2100768,0.2956316
299,0.03976938,0.454174,0.2104526,0.295604
300,0.03974718,0.4538989,0.2108045,0.2955495
301,0.03660068,0.4870047,0.2037549,0.2726398
302,0.03481308,0.499851,0.2052123,0.2601237
303,0.03380862,0.5041699,0.2084697,0.2535517
304,0.03323407,0.5049211,0.2116938,0.2501509
305,0.03290128,0.5042995,0.2143262,0.2484731
306,0.03270474,0.5032614,0.2163126,0.2477212
307,0.03258415,0.5021947,0.217771,0.2474502
308,0.03250508,0.5012304,0.2188515,0.247413
309,0.03244809,0.5003915,0.2196842,0.2474762
310,0.03240225,0.4996614,0.2203685,0.2475678
311,0.03236177,0.4990135,0.220971,0.2476537
312,0.03232377,0.4984241,0.221532,0.2477202
313,0.0364983,0.4493338,0.2348036,0.2793644
314,0.03979826,0.4202212,0.2363479,0.3036326
315,0.04217902,0.4040702,0.2335768,0.320174
316,0.04377762,0.3959703,0.2298252,0.3304269
317,0.04477637,0.3925112,0.2266485,0.336064
318,0.04535578,0.3914846,0.2245249,0.3386346
319,0.04566669,0.3915779,0.2233787,0.3393767
320,0.04582205,0.39209,0.2229019,0.3391861
321,0.04590038,0.3926977,0.2227328,0.3386692
322,0.04595123,0.3932885,0.2225679,0.3381924
323,0.04600332,0.3938467,0.2221952,0.3379548
324,0.04607049,0.3943906,0.2215045,0.3380344
325,0.04578428,0.3991159,0.2192588,0.335841
326,0.04564286,0.4019319,0.2174969,0.3349285
327,0.04559156,0.4037228,0.2159337,0.3347519
328,0.04559827,0.4049387,0.2144356,0.3350274
329,0.04563681,0.4058345,0.2130073,0.3355214
330,0.0456894,0.4065443,0.2116891,0.3360772
331,0.04574519,0.4071345,0.2105176,0.3366027
332,0.04579815,0.4076372,0.2095145,0.3370502
333,0.04584538,0.4080687,0.2086853,0.3374006
334,0.04588637,0.4084375,0.2080182,0.3376579
335,0.04592143,0.4087507,0.2074954,0.3378325
336,0.04595118,0.4090157,0.2070966,0.3379364
337,0.04626461,0.406183,0.2075203,0.3400321
338,0.04648243,0.404733,0.2074276,0.341357
339,0.04662809,0.404057,0.2071915,0.3421234
340,0.0467228,0.4038053,0.206966,0.342506
341,0.04678264,0.4037717,0.2068131,0.3426326
342,0.04681904,0.4038395,0.2067511,0.3425905
343,0.0468397,0.4039459,0.2067783,0.3424361
344,0.04684974,0.4040591,0.2068852,0.342206
345,0.04685253,0.4041644,0.2070599,0.3419232
346,0.04685006,0.4042565,0.2072929,0.3416006
347,0.04684376,0.404334,0.2075747,0.3412475
348,0.04683467,0.4043975,0.2078961,0.3408717
349,0.04027123,0.4690305,0.1978007,0.2928976
350,0.03683443,0.4914953,0.2032102,0.26846
351,0.03507757,0.4982239,0.2100126,0.2566859
352,0.03413469,0.4991726,0.2158081,0.2508846
353,0.03362129,0.4981385,0.220095,0.2481452
354,0.0333398,0.4966285,0.2230387,0.2469931
355,0.03318276,0.4951945,0.2249836,0.2466392
356,0.03309072,0.4939899,0.2262623,0.2466571
357,0.03303104,0.4930127,0.2271354,0.2468208
358,0.03298608,0.4922125,0.227787,0.2470144
359,0.0329467,0.4915338,0.2283365,0.247183
360,0.03290838,0.4909314,0.2288563,0.2473039
361,0.03649798,0.4502572,0.2387431,0.2745017
362,0.0392922,0.4270767,0.2383484,0.2952828
363,0.04123825,0.414866,0.2349075,0.3089883
364,0.04250168,0.409186,0.23108,0.3172322
365,0.0432633,0.4070744,0.2280457,0.3216165
366,0.04368545,0.4067036,0.2261073,0.3235036
367,0.0438957,0.4070447,0.2251346,0.323925
368,0.04398507,0.4075835,0.2248355,0.3235959
369,0.04401453,0.4081064,0.2248958,0.3229832
370,0.04402346,0.4085564,0.225036,0.3223841
371,0.04403568,0.4089465,0.2250439,0.3219739
372,0.04406404,0.409312,0.2247832,0.3218407
373,0.04458143,0.4046211,0.2254834,0.3253141
374,0.04496875,0.4023533,0.2247896,0.3278884
375,0.04525993,0.4014495,0.2234531,0.3298374
376,0.04548455,0.4013106,0.2218253,0.3313796
377,0.04566337,0.4015799,0.2201026,0.3326541
378,0.04580951,0.4020502,0.2184043,0.333736
379,0.04593088,0.402602,0.2168068,0.3346603
380,0.04603238,0.4031675,0.2153571,0.3354431
381,0.04611732,0.4037085,0.2140802,0.336094
382,0.04618802,0.4042057,0.2129864,0.3366199
383,0.04624661,0.4046498,0.2120722,0.3370315
384,0.04629502,0.4050385,0.2113247,0.3373418
385,0.04643116,0.4045401,0.2107133,0.3383155
386,0.04653315,0.4044066,0.2100598,0.3390005
387,0.04660359,0.4044699,0.2095172,0.3394093
388,0.04665191,0.4046187,0.2091035,0.3396259
389,0.04668473,0.4047938,0.2088141,0.3397074
390,0.04670644,0.4049661,0.2086366,0.3396908
391,0.04671983,0.4051232,0.208558,0.3395989
392,0.04672655,0.4052611,0.2085681,0.3394443
393,0.04672752,0.4053794,0.2086596,0.3392334
394,0.04672356,0.4054789,0.2088247,0.3389728
395,0.0467152,0.4055612,0.209057,0.3386667
396,0.04670287,0.405628,0.2093504,0.3383186
397,0.04775369,0.3962279,0.2099278,0.3460907
398,0.04852374,0.3912599,0.2085325,0.3516839
399,0.04900916,0.3889968,0.2070738,0.3549201
400,0.04930168,0.3881885,0.2058846,0.3566252
401,0.04946727,0.3881043,0.2050693,0.3573591
402,0.04955293,0.3883353,0.2046057,0.357506
403,0.04959092,0.3886677,0.2044194,0.3573219
404,0.04960252,0.3890013,0.2044242,0.356972
405,0.04960138,0.3892981,0.2045402,0.3565605
406,0.04959577,0.3895515,0.2047037,0.356149
407,0.04959062,0.3897689,0.2048666,0.3557739
408,0.04958865,0.3899615,0.2049951,0.3554547
409,0.04477697,0.4377849,0.19633,0.3211082
410,0.04201684,0.457897,0.1979892,0.302097
411,0.04050843,0.4656555,0.2015145,0.2923215
412,0.03967173,0.4681129,0.2048677,0.2873477
413,0.0392091,0.4683803,0.2074627,0.284948
414,0.03895562,0.467855,0.2092783,0.2839111
415,0.03881734,0.4671392,0.2104785,0.2835649
416,0.0387405,0.4664659,0.2112559,0.2835378
417,0.0386946,0.4659018,0.211774,0.2836295
418,0.03866274,0.4654467,0.2121541,0.2837365
419,0.03863574,0.4650781,0.2124778,0.2838083
420,0.03860888,0.4647706,0.2127968,0.2838237
421,0.03881691,0.4617479,0.21402,0.2854152
422,0.0389352,0.4601347,0.214662,0.2862681
423,0.03899593,0.4592511,0.2150771,0.2866758
424,0.03901557,0.4587555,0.2154638,0.286765
425,0.0390085,0.4584527,0.2158881,0.2866507
426,0.03898532,0.4582398,0.2163573,0.2864175
427,0.03895353,0.4580671,0.216853,0.2861264
428,0.03891848,0.4579132,0.2173468,0.2858216
429,0.0388841,0.4577712,0.217808,0.2855367
430,0.03885338,0.4576412,0.2182064,0.2852991
431,0.0388285,0.4575261,0.2185161,0.2851293
432,0.03881097,0.4574294,0.2187178,0.2850419
433,0.04166179,0.4252152,0.2279732,0.3051498
434,0.04371355,0.4069639,0.2305253,0.3187972
435,0.04513976,0.3970652,0.2300514,0.3277436
436,0.04606671,0.3921497,0.2287365,0.3330471
437,0.04664407,0.3900093,0.2274024,0.3359443
438,0.04699928,0.3893063,0.2262497,0.3374447
439,0.04722828,0.3892895,0.225203,0.3382792
440,0.04739677,0.3895719,0.2241021,0.3389291
441,0.04754489,0.3899762,0.2228089,0.3396699
442,0.04769132,0.3904351,0.2212723,0.3406012
443,0.04784075,0.3909266,0.2195229,0.3417098
444,0.04798945,0.3914424,0.2176538,0.3429144
445,0.04810433,0.3905739,0.2180052,0.3433166
446,0.04814836,0.3901384,0.218597,0.3431163
447,0.04819515,0.3898277,0.218924,0.3430532
448,0.04824014,0.3896191,0.2190882,0.3430526
449,0.04828344,0.3894843,0.2191362,0.343096
450,0.04832513,0.3894031,0.2191011,0.3431707
451,0.04836516,0.3893612,0.2190083,0.3432654
452,0.04840318,0.3893483,0.2188792,0.3433693
453,0.04843884,0.3893567,0.2187319,0.3434726
454,0.04847206,0.3893798,0.2185777,0.3435703
455,0.04850282,0.3894131,0.2184255,0.3436587
456,0.04853106,0.3894529,0.2182814,0.3437347
457,0.04826688,0.395202,0.2136683,0.3428627
458,0.04823048,0.3987448,0.2090845,0.3439402
459,0.04818168,0.4012407,0.2060485,0.3445291
460,0.04812906,0.4029965,0.2040943,0.3447802
461,0.04807958,0.4042031,0.2028896,0.3448277
462,0.04803624,0.405009,0.2021981,0.3447567
463,0.04799895,0.4055312,0.2018596,0.3446103
464,0.04796601,0.4058582,0.2017698,0.3444059
465,0.04793521,0.4060545,0.2018627,0.3441477
466,0.04790449,0.4061644,0.2020973,0.3438339
467,0.04787213,0.4062179,0.2024484,0.3434615
468,0.04783642,0.4062332,0.2029071,0.3430233
469,0.04269935,0.4562595,0.194804,0.3062371
470,0.03982197,0.47576,0.1981691,0.286249
471,0.03826614,0.4824496,0.2032558,0.2760285
472,0.03739819,0.483943,0.2079197,0.2707391
473,0.03690719,0.4834475,0.2115852,0.2680601
474,0.03662569,0.4823396,0.2142676,0.2667671
475,0.03645981,0.4811778,0.2161728,0.2661896
476,0.0363563,0.480154,0.2175309,0.2659587
477,0.03628527,0.4793047,0.2185339,0.2658761
478,0.03623019,0.4786071,0.2193241,0.2658386
479,0.03618252,0.4780244,0.2199938,0.2657992
480,0.03613814,0.4775231,0.2205975,0.2657412
481,0.04145119,0.4200887,0.2336592,0.3048008
482,0.04588025,0.3837348,0.2337496,0.3366354
483,0.04922097,0.3619211,0.2294736,0.3593844
484,0.05158042,0.3498174,0.2242291,0.374373
485,0.05313334,0.3438545,0.219735,0.3832771
486,0.05408105,0.3415044,0.2165725,0.387842
487,0.05461428,0.3410746,0.2146852,0.3896258
488,0.05489276,0.3415175,0.213709,0.3898807
489,0.05503893,0.3422488,0.2131751,0.3895372
490,0.0551371,0.3429927,0.212657,0.3892131
491,0.05523923,0.3436529,0.2118391,0.3892688
492,0.05537065,0.3442254,0.2105526,0.3898514
493,0.05632443,0.3368777,0.2104709,0.396327
494,0.05709978,0.3326524,0.20862,0.4016277
495,0.05771065,0.3304111,0.2060282,0.4058501
496,0.0581819,0.329425,0.2032624,0.4091308
497,0.05853961,0.3291958,0.2006422,0.4116225
498,0.05880748,0.329391,0.1983341,0.4134674
499,0.05900594,0.3297948,0.1964055,0.4147938
500,0.05915175,0.3302738,0.1948624,0.4157119
501,0.05925828,0.330751,0.1936758,0.4163149
502,0.05933651,0.331185,0.1927934,0.4166851
503,0.05939457,0.3315592,0.1921596,0.4168867
504,0.05943833,0.3318723,0.1917224,0.416967
505,0.05697811,0.3555542,0.1878595,0.3996082
506,0.05527177,0.3685924,0.1882869,0.387849
507,0.05420754,0.3751445,0.1898562,0.3807918
508,0.05356224,0.3781852,0.1915478,0.3767046
509,0.05318049,0.3794167,0.1929937,0.3744092
510,0.05295993,0.3797737,0.194116,0.3731503
511,0.05283506,0.3797507,0.1949526,0.3724616
512,0.05276501,0.3795955,0.1955755,0.372064
513,0.05272477,0.3794228,0.1960558,0.3717966
514,0.05269939,0.3792785,0.196453,0.3715691
515,0.05268029,0.3791745,0.1968104,0.3713347
516,0.05266278,0.3791085,0.1971566,0.3710721
517,0.05567764,0.3497292,0.2027903,0.3918029
518,0.05800396,0.3313908,0.2034455,0.4071598
519,0.05967965,0.3203261,0.2024306,0.4175636
520,0.06082524,0.3139932,0.2010956,0.4240858
521,0.06156527,0.3106247,0.2000471,0.4277628
522,0.06201407,0.3090197,0.1994648,0.4295014
523,0.06226766,0.3083947,0.1993048,0.4300328
524,0.06240103,0.3082663,0.1994236,0.4299092
525,0.06246911,0.3083566,0.1996521,0.4295222
526,0.06250976,0.3085209,0.1998381,0.4291313
527,0.06254694,0.3086944,0.1998676,0.428891
528,0.06259394,0.3088567,0.1996737,0.4288757
529,0.06411806,0.2957127,0.2010442,0.4391252
530,0.06535361,0.2872295,0.2001291,0.4472878
531,0.06628226,0.282002,0.1984879,0.4532279
532,0.06696291,0.2789302,0.1966713,0.4574356
533,0.06745204,0.2772476,0.1949488,0.4603516
534,0.06779944,0.2764272,0.1934264,0.4623469
535,0.06804551,0.2761175,0.1921265,0.4637105
536,0.06822094,0.2760926,0.191035,0.4646515
537,0.06834785,0.2762135,0.1901255,0.4653132
538,0.06844167,0.276398,0.1893697,0.4657906
539,0.06851278,0.2766008,0.188743,0.4661434
540,0.06856798,0.2767985,0.1882251,0.4664085
541,0.06392925,0.3187197,0.1826632,0.4346879
542,0.06059267,0.3428813,0.1840941,0.412432
543,0.05856505,0.3548828,0.1869837,0.3995684
544,0.05736768,0.3604578,0.1896836,0.3924909
545,0.05667497,0.3627928,0.1917481,0.3887842
546,0.0562822,0.3635761,0.1931807,0.3869611
547,0.05606372,0.363676,0.1941215,0.3861388
548,0.05594363,0.3635202,0.1947272,0.3858089
549,0.05587683,0.3633053,0.1951298,0.385688
550,0.05583704,0.36311,0.1954277,0.3856252
551,0.05580937,0.3629572,0.1956883,0.3855452
552,0.05578569,0.3628453,0.1959548,0.3854142
553,0.05728837,0.349124,0.1975899,0.3959977
554,0.05842767,0.340902,0.196857,0.4038134
555,0.05920186,0.336305,0.1956888,0.4088043
556,0.05969935,0.333931,0.1946374,0.4117323
557,0.05999754,0.3328519,0.1939221,0.4132284
558,0.06015933,0.332476,0.193581,0.4137836
559,0.06023249,0.3324444,0.1935652,0.4137578
560,0.06025134,0.3325539,0.1937936,0.4134012
561,0.06023951,0.3326986,0.1941807,0.4128812
562,0.06021276,0.3328307,0.1946498,0.4123067
563,0.06018138,0.3329344,0.1951369,0.4117474
564,0.06015195,0.3330091,0.1955916,0.4112474
565,0.05809838,0.3519525,0.1928022,0.3971469
566,0.056672,0.3625222,0.1931201,0.3876857
567,0.05577406,0.3679903,0.1942092,0.3820265
568,0.05523186,0.3706408,0.1952705,0.3788569
569,0.05491897,0.3718116,0.1960348,0.3772346
570,0.05474848,0.3722527,0.1964737,0.376525
571,0.05466296,0.3723662,0.1966507,0.3763202
572,0.05462584,0.3723556,0.19665,0.3763686
573,0.05461443,0.3723151,0.1965479,0.3765226
574,0.05461528,0.3722825,0.1964025,0.3766997
575,0.05462069,0.3722677,0.1962539,0.3768577
576,0.05462647,0.3722688,0.1961273,0.3769774
577,0.05561172,0.3633156,0.1971947,0.3838781
578,0.05634328,0.358136,0.196636,0.3888847
579,0.05683382,0.355359,0.1957393,0.3920678
580,0.05714766,0.3540058,0.1948853,0.3939613
581,0.05733774,0.353452,0.1942275,0.3949828
582,0.05744528,0.3533134,0.1937954,0.395446
583,0.05750037,0.3533661,0.193561,0.3955725
584,0.05752384,0.3534884,0.1934772,0.3955106
585,0.05752943,0.3536201,0.193496,0.3953545
586,0.05752589,0.3537357,0.1935764,0.395162
587,0.05751854,0.3538284,0.1936867,0.3949664
588,0.05751054,0.3538994,0.1938039,0.3947862
589,0.05679701,0.3602857,0.1931997,0.3897177
590,0.05629037,0.3638673,0.1936293,0.386213
591,0.0559662,0.3657225,0.1942393,0.3840721
592,0.05576679,0.366614,0.1947883,0.3828308
593,0.05564963,0.3669952,0.1951947,0.3821605
594,0.05558455,0.3671252,0.1954556,0.3818347
595,0.05555113,0.3671449,0.1955991,0.381705
596,0.05553601,0.367126,0.1956609,0.3816771
597,0.05553072,0.3671014,0.1956738,0.381694
598,0.05553027,0.3670833,0.1956622,0.3817242
599,0.05553176,0.3670739,0.1956436,0.3817507
600,0.05553357,0.3670717,0.1956292,0.3817655
601,0.05367517,0.3845095,0.192698,0.3691173
602,0.05242222,0.3936493,0.1930655,0.3608629
603,0.05164649,0.3980526,0.1942812,0.3560197
604,0.05117854,0.3999542,0.1955634,0.3533038
605,0.05090293,0.400602,0.1966334,0.3518617
606,0.05074378,0.4006679,0.1974413,0.351147
607,0.05065271,0.4004983,0.1980267,0.3508223
608,0.05059971,0.4002602,0.1984532,0.3506869
609,0.05056674,0.4000259,0.1987806,0.3506268
610,0.05054319,0.3998208,0.1990562,0.3505797
611,0.05052312,0.3996485,0.1993136,0.3505148
612,0.05050343,0.3995042,0.1995735,0.3504188
613,0.05278085,0.3772001,0.2040488,0.3659703
614,0.05447649,0.3639714,0.2044173,0.3771349
615,0.05564551,0.3564853,0.2034734,0.3843957
616,0.05640679,0.3525428,0.2023078,0.3887426
617,0.05687207,0.3506774,0.2013913,0.3910592
618,0.05713588,0.3499496,0.2008508,0.3920637
619,0.05727167,0.3497896,0.2006433,0.3922954
620,0.05733278,0.3498749,0.2006584,0.392134
621,0.05735588,0.3500384,0.2007737,0.391832
622,0.05736483,0.350205,0.2008828,0.3915474
623,0.05737402,0.3503493,0.2009069,0.3913698
624,0.05739117,0.35047,0.2007983,0.3913405
625,0.05684092,0.3559934,0.1995884,0.3875774
626,0.05646615,0.3591647,0.1992205,0.3851487
627,0.05624302,0.3608963,0.1990106,0.3838502
628,0.05612543,0.361806,0.1987549,0.3833138
629,0.05607653,0.3622701,0.1984015,0.3832518
630,0.05606901,0.3625076,0.1979688,0.3834546
631,0.05608392,0.3626383,0.1974982,0.3837794
632,0.05610889,0.3627232,0.1970314,0.3841365
633,0.05613636,0.3627899,0.1966004,0.3844734
634,0.05616195,0.3628491,0.1962273,0.3847616
635,0.05618342,0.3629031,0.195924,0.3849895
636,0.05619986,0.362951,0.1956947,0.3851544
637,0.05508362,0.3736726,0.1935624,0.3776814
638,0.05430532,0.379556,0.1935094,0.3726293
639,0.05380486,0.3825566,0.1941053,0.3695332
640,0.05349215,0.3839507,0.1948432,0.367714
641,0.05330057,0.3844953,0.1955228,0.3666813
642,0.05318391,0.3846202,0.1960912,0.3661046
643,0.05311158,0.3845584,0.1965578,0.3657723
644,0.05306407,0.3844287,0.1969521,0.3655551
645,0.05302942,0.3842869,0.1973053,0.3653784
646,0.05300057,0.384156,0.1976418,0.3652017
647,0.0529736,0.3840421,0.1979785,0.3650058
648,0.05294655,0.383945,0.1983244,0.364784
649,0.05360875,0.3771245,0.2001189,0.3691478
650,0.05406826,0.3732096,0.2007345,0.3719877
651,0.05436533,0.3710468,0.2009234,0.3736645
652,0.05454339,0.3699228,0.2010181,0.3745157
653,0.05464072,0.3693818,0.2011439,0.3748336
654,0.05468719,0.3691481,0.2013236,0.374841
655,0.05470456,0.369065,0.2015341,0.3746963
656,0.05470787,0.3690487,0.2017372,0.3745063
657,0.05470704,0.3690584,0.2018951,0.3743394
658,0.0547082,0.3690773,0.2019787,0.374236
659,0.05471471,0.3691,0.2019697,0.3742156
660,0.05472798,0.3691272,0.2018615,0.3742834
661,0.05397967,0.3765272,0.2001973,0.3692959
662,0.05347177,0.3805899,0.1998688,0.3660695
663,0.05315808,0.3826991,0.1999069,0.364236
664,0.05297691,0.3837216,0.1999772,0.3633243
665,0.05288102,0.3841719,0.1999664,0.3629807
666,0.05283691,0.3843414,0.1998632,0.3629585
667,0.05282202,0.3843862,0.1996954,0.3630964
668,0.05282189,0.3843844,0.1994995,0.3632942
669,0.05282762,0.384371,0.1993085,0.3634929
670,0.05283417,0.3843586,0.1991451,0.3636622
671,0.05283885,0.3843493,0.1990241,0.3637877
672,0.05284039,0.3843416,0.198953,0.363865
673,0.05528764,0.3610968,0.2030785,0.3805372
674,0.05714941,0.3469938,0.2030218,0.3928351
675,0.05845879,0.3388111,0.2016873,0.4010428
676,0.0593333,0.334363,0.2001558,0.406148
677,0.05988546,0.3321671,0.1989046,0.4090429
678,0.06021281,0.3312485,0.1980696,0.4104691
679,0.06039291,0.3309963,0.197616,0.4109947
680,0.06048341,0.3310503,0.1974382,0.411028
681,0.0605247,0.3312144,0.1974156,0.4108453
682,0.06054329,0.3313934,0.1974436,0.4106197
683,0.06055564,0.3315493,0.1974431,0.410452
684,0.06057099,0.331674,0.1973626,0.4103924
685,0.05854494,0.3503598,0.1944905,0.3966049
686,0.0571344,0.3607538,0.1947875,0.3873244
687,0.05626702,0.3660502,0.1957056,0.3819772
688,0.05575775,0.36857,0.1965348,0.3791375
689,0.05547507,0.369648,0.1970589,0.377818
690,0.05532941,0.3700249,0.1972849,0.3773608
691,0.05526236,0.3700931,0.1972956,0.377349
692,0.05523727,0.3700481,0.1971837,0.3775309
693,0.05523205,0.3699785,0.1970262,0.3777632
694,0.05523417,0.3699174,0.1968761,0.3779723
695,0.05523689,0.3698718,0.1967665,0.3781249
696,0.05523691,0.369839,0.1967146,0.3782095
697,0.05556048,0.3669648,0.1969324,0.3805424
698,0.0557955,0.3653514,0.1966478,0.3822054
699,0.05594125,0.3645363,0.196355,0.3831675
700,0.05602419,0.3641676,0.1961569,0.3836513
701,0.05606433,0.3640326,0.1960857,0.3838173
702,0.0560765,0.3640077,0.1961352,0.3837806
703,0.05607123,0.3640248,0.1962824,0.3836215
704,0.05605581,0.3640504,0.1964996,0.3833943
705,0.05603518,0.3640693,0.1967594,0.3831361
706,0.05601259,0.3640779,0.1970387,0.3828709
707,0.05599022,0.3640766,0.1973176,0.3826156
708,0.05596958,0.3640684,0.1975801,0.3823819
709,0.05548188,0.3680186,0.1976749,0.3788245
710,0.05511938,0.3701366,0.1985744,0.3761696
711,0.05489176,0.371099,0.1994483,0.3745609
712,0.05475367,0.3714563,0.2001669,0.3736232
713,0.05467529,0.3715163,0.2006838,0.3731245
714,0.05463567,0.3714498,0.2010078,0.3729067
715,0.0546205,0.3713461,0.2011698,0.3728637
716,0.05462022,0.3712472,0.2012066,0.3729259
717,0.05462861,0.3711699,0.2011531,0.3730485
718,0.05464163,0.3711175,0.2010387,0.3732023
719,0.05465671,0.3710874,0.2008872,0.3733686
720,0.05467222,0.3710749,0.2007176,0.3735354
721,0.0536885,0.3809757,0.1981715,0.3671643
722,0.05302173,0.3864067,0.1974993,0.3630723
723,0.05259225,0.3892551,0.1975549,0.3605977
724,0.05232674,0.3906413,0.1978211,0.3592109
725,0.05216755,0.391242,0.1980941,0.3584964
726,0.05207404,0.3914447,0.1983131,0.3581681
727,0.05201919,0.3914605,0.1984787,0.3580416
728,0.05198571,0.3913984,0.1986115,0.3580044
729,0.05196305,0.3913107,0.1987343,0.357992
730,0.05194486,0.3912198,0.1988668,0.3579686
731,0.05192766,0.3911331,0.199022,0.3579172
732,0.05190961,0.3910517,0.1992071,0.3578315
733,0.05295235,0.3807926,0.2013436,0.3649115
734,0.05369486,0.3749145,0.2016516,0.369739
735,0.05418352,0.3717063,0.2013989,0.3727112
736,0.0544861,0.3700714,0.2010745,0.374368
737,0.05466044,0.3693128,0.2008716,0.3751552
738,0.05475166,0.3690085,0.2008304,0.3754094
739,0.05479257,0.3689178,0.2009207,0.3753689
740,0.05480582,0.3689127,0.201088,0.3751935
741,0.05480641,0.3689316,0.2012761,0.3749859
742,0.0548038,0.3689497,0.2014378,0.3748088
743,0.05480356,0.3689609,0.2015389,0.3746967
744,0.0548086,0.3689673,0.2015588,0.3746653
745,0.05510648,0.3660073,0.2023503,0.376536
746,0.05532408,0.3643029,0.2025183,0.3778548
747,0.0554849,0.3633464,0.202337,0.3788318
748,0.05560201,0.3628539,0.2019959,0.3795483
749,0.0556887,0.3626342,0.2015835,0.3800936
750,0.05575506,0.3625681,0.2011437,0.380533
751,0.05580802,0.3625846,0.2006996,0.3809078
752,0.0558518,0.3626429,0.2002653,0.38124
753,0.05588885,0.3627202,0.1998524,0.3815386
754,0.05592066,0.3628035,0.1994675,0.3818083
755,0.05594805,0.362886,0.199116,0.38205
756,0.05597146,0.362964,0.1988019,0.3822627
757,0.05685126,0.3548956,0.2000439,0.3882092
758,0.05749712,0.3501469,0.1999404,0.3924156
759,0.05793982,0.347485,0.1994157,0.3951595
760,0.05823043,0.3460898,0.1988358,0.396844
761,0.05841387,0.3454259,0.1983492,0.3978111
762,0.05852563,0.3451593,0.1979925,0.3983226
763,0.05859174,0.3450924,0.1977521,0.3985638
764,0.05863023,0.3451146,0.1975974,0.3986578
765,0.05865296,0.3451688,0.1974963,0.398682
766,0.05866733,0.3452285,0.1974225,0.3986817
767,0.05867776,0.3452838,0.1973574,0.398681
768,0.05868669,0.3453325,0.197289,0.3986919
769,0.05753824,0.3564233,0.1949421,0.3910964
770,0.05673096,0.3627378,0.1945652,0.385966
771,0.05620671,0.366132,0.1948496,0.3828117
772,0.05588027,0.3678446,0.1952756,0.3809995
773,0.05568444,0.3686374,0.1956408,0.3800373
774,0.05557097,0.3689555,0.1958936,0.3795799
775,0.05550712,0.3690467,0.1960457,0.3794003
776,0.05547163,0.3690418,0.1961299,0.3793567
777,0.05545114,0.3690046,0.1961796,0.3793646
778,0.05543778,0.3689629,0.1962211,0.3793783
779,0.05542703,0.3689262,0.1962722,0.3793746
780,0.05541648,0.368896,0.1963436,0.3793439
781,0.05352703,0.3863817,0.1935492,0.366542
782,0.05225628,0.3954873,0.1940323,0.358224
783,0.05146762,0.3998487,0.1953461,0.3533376
784,0.05098822,0.4017199,0.1967146,0.3505773
785,0.05070147,0.4023503,0.1978633,0.349085
786,0.05053132,0.402408,0.1987444,0.3483162
787,0.05042956,0.4022353,0.1993987,0.3479364
788,0.05036634,0.4019963,0.1998896,0.3477478
789,0.05032379,0.401761,0.2002768,0.3476384
790,0.05029153,0.4015537,0.2006064,0.3475484
791,0.05026384,0.4013772,0.2009099,0.3474489
792,0.05023776,0.4012268,0.2012064,0.3473289
793,0.05135113,0.3902448,0.2034107,0.3549934
794,0.05214627,0.3840523,0.2035164,0.360285
795,0.05266465,0.3807644,0.2030427,0.3635283
796,0.05298416,0.3791555,0.2025059,0.3653545
797,0.05316859,0.3784628,0.2021096,0.366259
798,0.05326698,0.3782317,0.2018906,0.3666107
799,0.05331458,0.3782074,0.2018107,0.3666672
800,0.05333532,0.3782579,0.2018083,0.3665986
801,0.05334461,0.3783219,0.2018235,0.36651
802,0.05335172,0.3783767,0.2018099,0.3664616
803,0.05336174,0.3784179,0.2017375,0.3664829
804,0.05337692,0.3784491,0.2015915,0.3665825
805,0.05434604,0.369501,0.2029578,0.3731952
806,0.05506139,0.364348,0.2026409,0.3779497
807,0.05555518,0.361545,0.2017872,0.3811126
808,0.05588656,0.3601391,0.2008223,0.383152
809,0.05610492,0.3595241,0.1999291,0.3844419
810,0.05624823,0.3593289,0.199164,0.3852589
811,0.05634352,0.359338,0.1985263,0.3857922
812,0.05640883,0.3594335,0.1979965,0.3861612
813,0.0564555,0.3595555,0.1975536,0.3864353
814,0.05649057,0.3596759,0.1971789,0.3866547
815,0.05651812,0.3597836,0.196859,0.3868392
816,0.05654038,0.3598763,0.1965857,0.3869976
817,0.05523449,0.3722312,0.1944042,0.3781301
818,0.05433084,0.3789624,0.1945121,0.3721947
819,0.05376181,0.3823552,0.1952165,0.3686664
820,0.05341475,0.3839233,0.1959843,0.3666777
821,0.05320916,0.3845431,0.1966212,0.3656265
822,0.05309032,0.3847028,0.1970914,0.3651155
823,0.05302244,0.384662,0.1974223,0.3648933
824,0.05298303,0.3845506,0.1976579,0.3648084
825,0.05295836,0.3844275,0.1978401,0.364774
826,0.05294034,0.3843156,0.1980021,0.3647419
827,0.05292439,0.3842201,0.1981669,0.3646886
828,0.0529082,0.3841389,0.1983486,0.3646043
829,0.05436934,0.3700254,0.2010677,0.3745376
830,0.05544047,0.3617476,0.2012581,0.3815538
831,0.05616375,0.3571317,0.2006937,0.3860109
832,0.05662587,0.3547302,0.2000309,0.388613
833,0.05690321,0.3535997,0.1995421,0.389955
834,0.05705738,0.3531507,0.1992929,0.3904991
835,0.05713454,0.353034,0.1992501,0.3905813
836,0.05716727,0.353057,0.1993443,0.3904314
837,0.05717744,0.3531221,0.1995019,0.3901986
838,0.05717911,0.3531866,0.1996594,0.3899749
839,0.05718075,0.3532367,0.1997699,0.3898127
840,0.05718695,0.3532727,0.1998036,0.3897367
841,0.05705396,0.3546093,0.1995871,0.3887495
842,0.05696876,0.3553863,0.1994866,0.3881584
843,0.05692611,0.3558184,0.199344,0.3879115
844,0.05691336,0.3560581,0.1991277,0.3879009
845,0.05692028,0.3561977,0.1988404,0.3880417
846,0.05693897,0.3562904,0.1985015,0.3882692
847,0.05696364,0.3563648,0.1981352,0.3885365
848,0.05699028,0.3564343,0.1977644,0.388811
849,0.05701626,0.3565039,0.1974079,0.3890719
850,0.0570399,0.3565743,0.1970802,0.3893057
851,0.05706028,0.356644,0.1967908,0.3895049
852,0.05707698,0.356711,0.1965456,0.3896664
853,0.0545408,0.3807843,0.1919866,0.3726883
854,0.05284801,0.393389,0.1920041,0.3617589
855,0.05180924,0.3994772,0.1932902,0.3554234
856,0.05118554,0.4021533,0.1947518,0.3519094
857,0.05081761,0.4031253,0.1959984,0.3500586
858,0.05060316,0.4033021,0.1969495,0.3491453
859,0.05047795,0.4031488,0.1976448,0.3487284
860,0.05040259,0.4028895,0.198159,0.3485489
861,0.05035346,0.4026221,0.1985646,0.3484598
862,0.05031683,0.4023817,0.1989189,0.3483826
863,0.05028496,0.4021746,0.1992627,0.3482777
864,0.05025372,0.4019958,0.1996221,0.3481283
865,0.05408818,0.3641508,0.2076795,0.3740815
866,0.05706276,0.3403792,0.2091601,0.393398
867,0.05922353,0.3258714,0.208273,0.4066321
868,0.06070185,0.3174442,0.2068967,0.4149573
869,0.06164757,0.3128536,0.2058848,0.4196141
870,0.06220664,0.3105545,0.2054923,0.4217466
871,0.06250726,0.3095264,0.2056462,0.4223201
872,0.06265392,0.3091336,0.2061148,0.4220977
