EwEVersion,"6.5.13829.0 (compiled 2016-05-17)"
Date,"2016-09-06 18:00:42"
ModelName,Baltic_Proper-SEALS
EcosimScenario,Proper1_SealVuln100_19742100_seal100_cofF1
TimeSeries,new_data_weights_19742100_seal100_codF1
StartYear,1974

Data,"Prey of other mesozooplankton"

TimeStep,"Cyanobacteria","Phytoplankton","microzooplankton","Detritus-water column",
1,0.04280683,0.5585232,0.1841945,0.2144755
2,0.03914407,0.5794343,0.1844229,0.1969986
3,0.03727721,0.5860372,0.188064,0.1886217
4,0.03628786,0.5871348,0.1919937,0.1845836
5,0.0357588,0.5862401,0.1952522,0.182749
6,0.03547648,0.5848046,0.1976785,0.1820404
7,0.03532583,0.5833926,0.1993922,0.1818893
8,0.03524352,0.5821813,0.2005829,0.1819923
9,0.03519486,0.5811884,0.201427,0.1821897
10,0.03516104,0.5803755,0.2020631,0.1824004
11,0.03513219,0.5796928,0.2025897,0.1825852
12,0.03510328,0.5790968,0.2030727,0.1827272
13,0.03574783,0.5726325,0.2052842,0.1863354
14,0.03615527,0.5694742,0.2057343,0.1886363
15,0.03638261,0.5679889,0.2057087,0.1899198
16,0.03649445,0.5672991,0.205645,0.1905615
17,0.03653415,0.5669435,0.2057164,0.190806
18,0.03653048,0.5666971,0.2059588,0.1908136
19,0.03650215,0.5664629,0.2063472,0.1906879
20,0.03646115,0.5662091,0.2068337,0.1904961
21,0.03641541,0.5659351,0.2073657,0.1902837
22,0.03637033,0.5656533,0.207893,0.1900833
23,0.03632978,0.5653791,0.2083713,0.1899198
24,0.03629651,0.5651277,0.2087641,0.1898117
25,0.03250096,0.597572,0.199865,0.170062
26,0.03050136,0.6078881,0.2016787,0.1599317
27,0.02949767,0.6102252,0.2049862,0.1552909
28,0.02897472,0.609782,0.2080242,0.1532192
29,0.02870892,0.6085501,0.2102448,0.1524962
30,0.02858025,0.6072789,0.2116719,0.1524689
31,0.0285226,0.6061999,0.2124982,0.1527794
32,0.02849969,0.6053397,0.2129267,0.1532339
33,0.02849206,0.6046565,0.2131204,0.1537311
34,0.02848924,0.6040948,0.2131981,0.1542178
35,0.02848608,0.6036071,0.2132374,0.1546695
36,0.02848028,0.6031583,0.2132848,0.1550767
37,0.02923621,0.5950387,0.2161837,0.1595414
38,0.0297146,0.5913022,0.216561,0.1624222
39,0.02999321,0.5896895,0.2161731,0.1641442
40,0.03014404,0.5890422,0.2156775,0.1651363
41,0.03021618,0.5887728,0.2153271,0.165684
42,0.03024171,0.5886083,0.215179,0.165971
43,0.03024082,0.5884383,0.2152093,0.1661117
44,0.03022576,0.5882294,0.2153701,0.1661748
45,0.03020383,0.5879815,0.2156137,0.1662009
46,0.03017984,0.5877076,0.2158946,0.1662178
47,0.03015666,0.5874233,0.216177,0.1662431
48,0.03013609,0.5871419,0.2164341,0.166288
49,0.03093775,0.5786451,0.2196153,0.1708018
50,0.03145641,0.5747375,0.2200999,0.1737062
51,0.03176897,0.5731229,0.2196795,0.1754287
52,0.0319519,0.572601,0.2190138,0.1764332
53,0.03205729,0.5725505,0.2183661,0.1770261
54,0.03211918,0.5726722,0.2178055,0.1774031
55,0.03215848,0.5728361,0.2173244,0.177681
56,0.03218728,0.5729944,0.2168936,0.1779247
57,0.03221211,0.5731344,0.2164865,0.1781669
58,0.03223561,0.5732563,0.2160911,0.178417
59,0.03225869,0.5733628,0.2157038,0.1786747
60,0.03228131,0.5734557,0.2153275,0.1789355
61,0.03261459,0.5697933,0.216823,0.1807691
62,0.03281827,0.5680166,0.2173198,0.1818454
63,0.03295492,0.5671909,0.2172727,0.1825815
64,0.03304334,0.5668569,0.2170303,0.1830695
65,0.03310096,0.5667596,0.2167349,0.1834045
66,0.03313966,0.5667672,0.2164434,0.1836498
67,0.03316699,0.5668148,0.2161742,0.183844
68,0.03318742,0.5668722,0.2159314,0.1840089
69,0.03320351,0.5669261,0.2157151,0.1841553
70,0.03321689,0.5669717,0.2155213,0.1842901
71,0.03322836,0.567008,0.215348,0.1844158
72,0.03323831,0.5670351,0.2151936,0.1845329
73,0.03104035,0.5878413,0.2086895,0.1724289
74,0.02980685,0.5952966,0.2090715,0.1658251
75,0.02913947,0.5973992,0.21096,0.1625013
76,0.02877578,0.5974122,0.2129169,0.1608952
77,0.02857861,0.5967223,0.2144943,0.1602048
78,0.02847176,0.595895,0.2156432,0.15999
79,0.02841237,0.5951313,0.21645,0.1600063
80,0.02837647,0.5944776,0.217026,0.16012
81,0.02835091,0.5939225,0.2174672,0.1602595
82,0.02832871,0.5934382,0.2178448,0.1603883
83,0.02830628,0.5929984,0.2182059,0.1604894
84,0.02828201,0.5925828,0.2185792,0.160556
85,0.02833143,0.5923537,0.2181364,0.1611785
86,0.02836933,0.5923212,0.2175792,0.1617302
87,0.02837021,0.5923093,0.2173348,0.1619857
88,0.02835414,0.5922378,0.2173126,0.1620955
89,0.02832799,0.5920923,0.2174689,0.1621107
90,0.02829501,0.5918803,0.2177684,0.1620562
91,0.02825693,0.5916155,0.2181809,0.1619467
92,0.0282149,0.5913118,0.2186805,0.1617928
93,0.02816995,0.5909822,0.2192435,0.1616044
94,0.02812321,0.590638,0.2198465,0.1613923
95,0.02807615,0.5902896,0.2204644,0.1611698
96,0.02803053,0.5899476,0.2210693,0.1609527
97,0.02749604,0.5950012,0.2194952,0.1580077
98,0.02717387,0.5968937,0.2195934,0.156339
99,0.02698083,0.5974081,0.2201729,0.1554383
100,0.02687039,0.5973627,0.2207354,0.1550316
101,0.02681211,0.5971404,0.2211093,0.1549383
102,0.02678706,0.596904,0.2212617,0.1550471
103,0.02678338,0.5967114,0.2212179,0.1552873
104,0.02679342,0.5965712,0.2210231,0.1556123
105,0.02681205,0.5964726,0.2207258,0.1559895
106,0.02683549,0.5963989,0.2203725,0.1563931
107,0.02686084,0.5963345,0.220002,0.1568026
108,0.02688593,0.5962672,0.2196452,0.1572017
109,0.02786473,0.5862501,0.2227373,0.1631478
110,0.02851846,0.5818405,0.2225263,0.1671147
111,0.02891897,0.5801946,0.2213977,0.1694887
112,0.02915725,0.5798129,0.2201632,0.1708668
113,0.02929423,0.5799268,0.2191451,0.1716339
114,0.02937024,0.5801747,0.2184149,0.1720401
115,0.02941075,0.5804066,0.2179417,0.1722408
116,0.02943115,0.5805756,0.217665,0.1723282
117,0.02944043,0.5806789,0.2175251,0.1723555
118,0.02944366,0.5807293,0.2174755,0.1723515
119,0.02944371,0.5807421,0.2174819,0.1723324
120,0.02944221,0.5807304,0.2175202,0.1723071
121,0.02909405,0.5840046,0.2166713,0.1702301
122,0.02887459,0.5852284,0.2169688,0.1689282
123,0.02875075,0.5855432,0.2174709,0.1682353
124,0.02868043,0.5854896,0.2179575,0.1678724
125,0.02864116,0.5853142,0.218347,0.1676977
126,0.02861954,0.5851222,0.2186307,0.1676276
127,0.02860763,0.5849522,0.2188266,0.1676135
128,0.02860087,0.5848132,0.2189583,0.1676276
129,0.02859674,0.5847019,0.2190464,0.167655
130,0.02859388,0.5846123,0.2191059,0.1676879
131,0.02859158,0.5845386,0.2191477,0.1677222
132,0.02858944,0.5844761,0.2191787,0.1677558
133,0.03122991,0.5541934,0.231939,0.1826377
134,0.03306174,0.537948,0.2366405,0.1923497
135,0.03428454,0.5299153,0.2373912,0.198409
136,0.035037,0.5264158,0.2368297,0.2017176
137,0.0354712,0.5252131,0.2360654,0.2032503
138,0.03570895,0.5250673,0.2354631,0.2037607
139,0.03583683,0.5253561,0.2350398,0.2037673
140,0.0359114,0.5258028,0.234689,0.2035967
141,0.03596691,0.5263042,0.2342909,0.203438
142,0.03602333,0.5268335,0.2337482,0.2033949
143,0.03609093,0.5273923,0.2330025,0.2035142
144,0.03617411,0.5279884,0.232029,0.2038085
145,0.03258261,0.5655791,0.2180173,0.183821
146,0.03074454,0.5797992,0.2153892,0.1740672
147,0.02981455,0.5851305,0.2154743,0.1695806
148,0.02934049,0.5868734,0.2161397,0.1676463
149,0.02910132,0.5872095,0.2167376,0.1669517
150,0.02898305,0.5870535,0.2171268,0.1668366
151,0.02892597,0.5867699,0.2173336,0.1669704
152,0.02889888,0.5864862,0.2174233,0.1671916
153,0.02888562,0.586233,0.2174563,0.1674252
154,0.02887783,0.5860073,0.2174772,0.1676377
155,0.02887128,0.5857968,0.2175158,0.167816
156,0.02886381,0.5855897,0.2175906,0.1679559
157,0.03511449,0.5187548,0.2423567,0.2037739
158,0.0406074,0.4742915,0.2507344,0.2343667
159,0.04499038,0.446313,0.2510824,0.2576142
160,0.04822013,0.4300014,0.2481168,0.2736617
161,0.05042367,0.4213925,0.2445784,0.2836054
162,0.05181393,0.4175053,0.2417458,0.2889349
163,0.05261977,0.4162692,0.2399884,0.2911226
164,0.05304258,0.416372,0.2391889,0.2913966
165,0.05323824,0.4170681,0.2390256,0.2906681
166,0.05331711,0.4179859,0.23914,0.2895569
167,0.05335228,0.4189695,0.2392225,0.2884558
168,0.05338861,0.4199699,0.2390503,0.2875912
169,0.04829752,0.4675542,0.2243519,0.2597963
170,0.04541961,0.4899722,0.2198729,0.2447353
171,0.04415079,0.500625,0.2160999,0.2391241
172,0.04355187,0.5064132,0.2128985,0.2371365
173,0.04325381,0.5097159,0.2105253,0.2365051
174,0.0431158,0.5117031,0.2087185,0.2364626
175,0.04305885,0.5129691,0.2073638,0.2366082
176,0.04304044,0.5138243,0.2063794,0.2367557
177,0.04303901,0.5144342,0.2056904,0.2368364
178,0.04304441,0.5148885,0.2052287,0.2368384
179,0.0430519,0.5152391,0.2049383,0.2367707
180,0.04305924,0.515518,0.2047764,0.2366465
181,0.04159889,0.5293954,0.2003724,0.2286334
182,0.04068775,0.5359923,0.1996188,0.2237011
183,0.04014154,0.5389307,0.2001396,0.2207881
184,0.03981824,0.5400659,0.2010406,0.2190753
185,0.03962822,0.5403633,0.2019543,0.2180542
186,0.03951577,0.5403093,0.2027602,0.2174148
187,0.03944671,0.5401363,0.2034456,0.2169714
188,0.03940037,0.5399458,0.204039,0.2166148
189,0.03936441,0.539775,0.204579,0.2162816
190,0.03933174,0.5396308,0.2051004,0.215937
191,0.03929827,0.5395085,0.2056311,0.2155621
192,0.03926174,0.5394,0.2061911,0.2151471
193,0.03838548,0.5472969,0.2040701,0.2102476
194,0.03782584,0.5508765,0.2041703,0.2071273
195,0.03747211,0.5523293,0.2050597,0.2051389
196,0.03724705,0.5527534,0.2061571,0.2038424
197,0.03710047,0.5527223,0.2072209,0.2029563
198,0.03700113,0.5525225,0.2081657,0.2023106
199,0.03693027,0.552289,0.2089735,0.2018072
200,0.03687708,0.5520797,0.2096505,0.2013927
201,0.03683569,0.5519149,0.2102083,0.2010412
202,0.03680332,0.5517986,0.2106549,0.2007432
203,0.03677879,0.5517283,0.2109955,0.2004974
204,0.03676174,0.5516996,0.2112334,0.2003053
205,0.04037965,0.5174628,0.2225704,0.2195871
206,0.043116,0.4978694,0.2252925,0.2337221
207,0.04502542,0.4874477,0.2244457,0.2430811
208,0.0462818,0.4825656,0.2223454,0.2488073
209,0.0470682,0.480788,0.2201176,0.2520261
210,0.04754405,0.4805979,0.2181828,0.2536752
211,0.04783094,0.4811232,0.2166025,0.2544433
212,0.04801307,0.4819076,0.21529,0.2547894
213,0.04814377,0.4827385,0.2141273,0.2549903
214,0.04825182,0.4835352,0.2130341,0.2551789
215,0.04835117,0.4842751,0.2119686,0.2554052
216,0.0484468,0.4849585,0.2109233,0.2556714
217,0.04383881,0.5264355,0.1982116,0.231514
218,0.04125236,0.5441338,0.1962501,0.2183638
219,0.03984936,0.5512557,0.197327,0.2115679
220,0.03908483,0.5537099,0.1990974,0.2081079
221,0.03867321,0.5541805,0.2007221,0.2064242
222,0.03845702,0.5538989,0.20197,0.2056741
223,0.0383476,0.55341,0.202846,0.2053964
224,0.03829483,0.5529328,0.2034316,0.2053407
225,0.03827067,0.5525365,0.2038188,0.2053738
226,0.03825961,0.5522271,0.2040858,0.2054275
227,0.03825337,0.5519874,0.2042908,0.2054684
228,0.03824765,0.5517958,0.2044743,0.2054822
229,0.0389392,0.5446294,0.2074142,0.2090171
230,0.03938116,0.5409284,0.208556,0.2111344
231,0.03965592,0.5390741,0.2089212,0.2123488
232,0.03981475,0.5381994,0.2090393,0.2129466
233,0.03989799,0.5378066,0.2091434,0.2131521
234,0.03993416,0.5376277,0.2093165,0.2131217
235,0.03994239,0.537529,0.2095703,0.2129583
236,0.03993507,0.5374513,0.2098857,0.2127279
237,0.03992013,0.5373741,0.2102333,0.2124725
238,0.0399026,0.5372956,0.2105826,0.2122192
239,0.0398857,0.5372219,0.2109066,0.2119858
240,0.03987147,0.5371618,0.2111829,0.2117838
241,0.03827935,0.5503618,0.2082374,0.2031215
242,0.03729473,0.5557348,0.2091637,0.1978068
243,0.03674734,0.5575411,0.2107205,0.1949909
244,0.03644556,0.5578552,0.2121563,0.193543
245,0.03628564,0.5576259,0.2132178,0.1928706
246,0.03620632,0.5572725,0.2138922,0.192629
247,0.03617129,0.5569586,0.2142545,0.1926156
248,0.03615926,0.5567297,0.214398,0.1927132
249,0.03615809,0.5565815,0.2144052,0.1928552
250,0.0361614,0.5564944,0.2143359,0.1930084
251,0.0361659,0.556447,0.2142309,0.1931563
252,0.03617003,0.5564219,0.2141162,0.1932918
253,0.035679,0.5626995,0.2104782,0.1911434
254,0.03539535,0.565896,0.2085888,0.1901199
255,0.03520482,0.5675182,0.2077953,0.1894816
256,0.03508528,0.5682728,0.2074857,0.1891562
257,0.03501153,0.5685716,0.2073937,0.1890232
258,0.03496564,0.5686395,0.207399,0.188996
259,0.03493599,0.5685933,0.2074503,0.1890204
260,0.03491534,0.5684925,0.2075282,0.1890639
261,0.03489934,0.5683653,0.2076265,0.1891089
262,0.03488548,0.5682247,0.2077437,0.1891461
263,0.03487238,0.5680768,0.2078793,0.1891716
264,0.03485934,0.5679239,0.2080323,0.1891845
265,0.03815434,0.5347435,0.2206384,0.2064636
266,0.04053209,0.515995,0.2251339,0.2183389
267,0.04215537,0.5060394,0.2258226,0.2259827
268,0.04318202,0.50125,0.2251925,0.2303755
269,0.04378671,0.4992613,0.2243893,0.2325628
270,0.04411872,0.4986556,0.2238205,0.2334052
271,0.04429054,0.4986604,0.2235176,0.2335316
272,0.0443802,0.4989007,0.2233525,0.2333667
273,0.04443814,0.4992244,0.2231605,0.233177
274,0.04449365,0.4995891,0.2228087,0.2331086
275,0.04456157,0.4999952,0.2222171,0.2332261
276,0.04464649,0.5004533,0.2213647,0.2335356
277,0.04583968,0.4920592,0.2222663,0.2398348
278,0.04674293,0.4880003,0.2206384,0.2446183
279,0.04736538,0.4864208,0.2183747,0.2478392
280,0.04778557,0.4861829,0.2160808,0.2499507
281,0.04806583,0.4866011,0.2140301,0.251303
282,0.04825262,0.4872844,0.2123102,0.2521527
283,0.04837856,0.4880258,0.2109183,0.2526773
284,0.04846548,0.488726,0.2098149,0.2529936
285,0.04852739,0.4893456,0.2089513,0.2531757
286,0.04857316,0.4898765,0.2082806,0.2532698
287,0.04860825,0.4903249,0.2077626,0.2533043
288,0.04863598,0.4907021,0.2073655,0.2532964
289,0.04424679,0.529127,0.1959426,0.2306836
290,0.04174938,0.5455748,0.1944595,0.2182163
291,0.04036885,0.5521346,0.1958482,0.2116484
292,0.03959924,0.5542957,0.1978822,0.2082228
293,0.03917144,0.5545834,0.1997507,0.2064944
294,0.03893563,0.5541633,0.2012265,0.2056746
295,0.0388065,0.5535528,0.2023151,0.2053256
296,0.03873511,0.5529597,0.2031003,0.2052049
297,0.0386936,0.5524494,0.2036769,0.2051802
298,0.03866649,0.5520259,0.2041249,0.2051827
299,0.03864538,0.551672,0.2045045,0.2051781
300,0.0386258,0.5513663,0.2048571,0.2051508
301,0.03506302,0.5831809,0.1951948,0.1865612
302,0.03313507,0.5946972,0.1953209,0.1768469
303,0.0320887,0.598152,0.1978643,0.171895
304,0.0315087,0.5983847,0.2007036,0.169403
305,0.0311836,0.5974644,0.203137,0.1682151
306,0.03099864,0.5962599,0.2050283,0.1677132
307,0.03088989,0.5951027,0.2064477,0.1675598
308,0.03082166,0.5940899,0.2075173,0.1675712
309,0.03077427,0.5932238,0.2083518,0.1676501
310,0.03073687,0.5924754,0.2090423,0.1677454
311,0.0307039,0.5918118,0.2096509,0.1678333
312,0.03067269,0.5912061,0.2102163,0.1679049
313,0.03534894,0.5439796,0.2274094,0.1932621
314,0.03908292,0.515835,0.2320998,0.2129822
315,0.04178047,0.5003151,0.2313697,0.2265348
316,0.04357782,0.4927038,0.2287763,0.2349421
317,0.04468211,0.4896061,0.2261714,0.2395404
318,0.04530511,0.4888091,0.2242741,0.2416116
319,0.04562428,0.4890178,0.2231712,0.2421868
320,0.04577115,0.4895679,0.2226543,0.2420066
321,0.04583568,0.49018,0.2224188,0.2415655
322,0.04587344,0.4907784,0.2221911,0.2411571
323,0.04591593,0.4913732,0.2217731,0.2409378
324,0.04597779,0.4919962,0.2210588,0.2409673
325,0.04560986,0.4969942,0.2184234,0.2389725
326,0.04542531,0.5000201,0.2164602,0.2380943
327,0.04535178,0.5019993,0.214798,0.237851
328,0.04534829,0.5033984,0.21326,0.2379934
329,0.04538288,0.5044704,0.2118221,0.2383246
330,0.04543433,0.5053434,0.2105073,0.238715
331,0.04548993,0.5060782,0.2093429,0.2390889
332,0.04554269,0.5067043,0.2083458,0.2394072
333,0.0455893,0.5072368,0.2075196,0.2396543
334,0.04562922,0.5076857,0.2068525,0.2398326
335,0.0456628,0.5080607,0.2063267,0.2399498
336,0.04569072,0.5083715,0.2059227,0.240015
337,0.04606223,0.5055077,0.2066125,0.2418176
338,0.04631326,0.5040749,0.2066727,0.242939
339,0.04647637,0.5034276,0.2065173,0.2435787
340,0.04657876,0.5032004,0.2063279,0.2438929
341,0.04664049,0.5031809,0.2061847,0.2439939
342,0.04667543,0.5032509,0.2061169,0.2439568
343,0.04669273,0.5033479,0.2061295,0.2438298
344,0.04669836,0.5034419,0.2062167,0.2436431
345,0.04669615,0.5035193,0.2063688,0.2434157
346,0.04668834,0.5035762,0.2065773,0.2431581
347,0.04667646,0.5036125,0.2068334,0.2428777
348,0.04666168,0.5036297,0.2071282,0.2425804
349,0.03896314,0.5672442,0.1913757,0.202417
350,0.03520881,0.587255,0.1942419,0.1832943
351,0.03336853,0.592437,0.1997804,0.1744141
352,0.03241317,0.5924971,0.2049242,0.1701655
353,0.03190977,0.5909756,0.2088909,0.1682237
354,0.03164406,0.589211,0.2116945,0.1674504
355,0.03150271,0.5876533,0.2135926,0.1672513
356,0.03142448,0.5863944,0.2148691,0.1673121
357,0.03137647,0.5853962,0.2157579,0.1674695
358,0.03134136,0.5845879,0.2164293,0.1676415
359,0.03131042,0.5839025,0.2169964,0.1677906
360,0.03127951,0.5832896,0.2175286,0.1679022
361,0.03529324,0.5442436,0.2308626,0.1896005
362,0.03843123,0.5221483,0.2331257,0.2062947
363,0.04061145,0.5107002,0.2313371,0.2173513
364,0.04201188,0.5055881,0.228417,0.2239831
365,0.04284012,0.5038657,0.2258151,0.227479
366,0.04328523,0.5037219,0.2240358,0.228957
367,0.04349506,0.504162,0.2230798,0.2292632
368,0.04357374,0.5047148,0.222733,0.2289784
369,0.04358972,0.5052094,0.2227252,0.2284757
370,0.04358632,0.5056244,0.2228015,0.2279879
371,0.04358915,0.5059996,0.2227619,0.2276493
372,0.04361164,0.506387,0.2224754,0.227526
373,0.04421847,0.5016584,0.2236476,0.2304754
374,0.04466033,0.4994922,0.2232479,0.2325997
375,0.04498449,0.4987579,0.2220932,0.2341644
376,0.04522911,0.498821,0.2205795,0.2353704
377,0.04542033,0.4993032,0.2189311,0.2363454
378,0.04557437,0.499983,0.2172833,0.2371593
379,0.04570086,0.5007322,0.215721,0.2378459
380,0.0458056,0.5014765,0.2142961,0.2384218
381,0.04589243,0.5021749,0.2130362,0.2388965
382,0.04596398,0.5028062,0.2119533,0.2392765
383,0.04602259,0.5033619,0.2110449,0.2395706
384,0.04607037,0.5038412,0.2102992,0.2397892
385,0.04622437,0.503423,0.2097749,0.2405778
386,0.04633648,0.5033718,0.209172,0.2411198
387,0.04641129,0.5035012,0.2086527,0.2414349
388,0.04646056,0.5036988,0.2082458,0.2415949
389,0.04649229,0.5039065,0.2079534,0.2416479
390,0.0465117,0.504097,0.2077667,0.2416246
391,0.046522,0.5042596,0.2076749,0.2415435
392,0.04652504,0.5043918,0.2076686,0.2414146
393,0.04652185,0.5044938,0.2077412,0.2412431
394,0.0465133,0.5045677,0.207885,0.2410339
395,0.04649998,0.5046158,0.2080938,0.2407903
396,0.04648234,0.5046407,0.2083619,0.2405151
397,0.04774538,0.4951987,0.2098913,0.2471647
398,0.04865346,0.4903823,0.20909,0.2518743
399,0.04921373,0.4882755,0.2079381,0.2545726
400,0.04954176,0.4875985,0.2068871,0.2559727
401,0.04971968,0.4876058,0.2061156,0.2565589
402,0.04980499,0.4878882,0.2056465,0.2566604
403,0.04983637,0.4882392,0.2054312,0.2564932
404,0.04983884,0.4885682,0.2053981,0.2561948
405,0.04982809,0.4888467,0.2054751,0.2558501
406,0.0498134,0.4890761,0.205602,0.2555085
407,0.04980016,0.4892697,0.2057322,0.255198
408,0.04979121,0.4894429,0.2058325,0.2549334
409,0.04399817,0.5377129,0.1929152,0.2253737
410,0.04086602,0.5566943,0.1925664,0.2098734
411,0.03921841,0.5635328,0.1950971,0.2021516
412,0.03833281,0.5653925,0.1979535,0.1983212
413,0.03785826,0.5653045,0.2003151,0.196522
414,0.03760753,0.5645806,0.202036,0.1957758
415,0.03747693,0.5637604,0.2032104,0.1955522
416,0.03740854,0.563035,0.2039926,0.1955639
417,0.03737026,0.562445,0.2045259,0.1956587
418,0.03734469,0.561974,0.2049215,0.1957597
419,0.03732267,0.5615901,0.2052566,0.1958306
420,0.03729966,0.5612628,0.2055809,0.1958566
421,0.03754454,0.5582654,0.2070046,0.1971855
422,0.03768253,0.5566633,0.2077556,0.1978985
423,0.03775363,0.5557759,0.2082253,0.1982451
424,0.03777811,0.5552564,0.20863,0.1983355
425,0.03777284,0.554913,0.2090495,0.1982647
426,0.03774991,0.5546482,0.2095011,0.1981008
427,0.03771766,0.5544176,0.2099729,0.1978918
428,0.03768195,0.5542051,0.2104412,0.1976717
429,0.03764699,0.5540087,0.2108784,0.1974659
430,0.03761595,0.5538324,0.2112568,0.1972948
431,0.03759116,0.5536826,0.2115526,0.1971736
432,0.03757415,0.5535651,0.2117478,0.1971131
433,0.04088024,0.521548,0.2236965,0.2138753
434,0.04325265,0.5033413,0.2280948,0.2253114
435,0.04488726,0.4935552,0.2287646,0.232793
436,0.04593437,0.4887789,0.2280794,0.2372073
437,0.04657336,0.4867725,0.2270577,0.2395965
438,0.04695638,0.4861886,0.2260431,0.2408119
439,0.04719661,0.4862854,0.225052,0.241466
440,0.04737043,0.4866942,0.2239776,0.2419577
441,0.04752371,0.4872532,0.2227097,0.2425133
442,0.04767729,0.4879003,0.2212073,0.2432151
443,0.04783595,0.4886093,0.2195008,0.2440539
444,0.04799497,0.4893592,0.2176789,0.244967
445,0.04812585,0.4884357,0.2181027,0.2453358
446,0.04817237,0.4879163,0.218706,0.2452053
447,0.04822207,0.4875567,0.2190463,0.2451748
448,0.0482696,0.4873212,0.219222,0.2451872
449,0.04831515,0.4871751,0.2192802,0.2452296
450,0.04835889,0.4870938,0.2192541,0.2452932
451,0.04840075,0.4870597,0.2191695,0.2453701
452,0.04844041,0.4870596,0.2190475,0.2454524
453,0.04847742,0.4870834,0.2189061,0.245533
454,0.04851175,0.4871233,0.2187567,0.2456083
455,0.04854335,0.4871731,0.218608,0.2456756
456,0.04857218,0.4872286,0.2184663,0.2457328
457,0.04822639,0.4935881,0.2134891,0.2446965
458,0.04816221,0.4977254,0.2087885,0.2453239
459,0.04809159,0.5006131,0.2056632,0.2456321
460,0.04802147,0.5026194,0.203638,0.2457211
461,0.04795831,0.5039796,0.2023779,0.2456843
462,0.04790449,0.5048727,0.2016435,0.2455793
463,0.04785907,0.5054367,0.2012714,0.2454329
464,0.04781954,0.5057736,0.2011537,0.2452531
465,0.04778299,0.5059563,0.2012217,0.2450392
466,0.04774679,0.5060341,0.201432,0.2447872
467,0.04770885,0.5060404,0.2017579,0.2444928
468,0.04766712,0.5059943,0.202189,0.2441495
469,0.04159425,0.5555638,0.1897623,0.2130796
470,0.03839541,0.5733957,0.1910699,0.197139
471,0.03673266,0.5788948,0.1951105,0.1892621
472,0.03583467,0.5796381,0.1992271,0.1853001
473,0.03534246,0.5786889,0.2026148,0.1833538
474,0.0350698,0.5773116,0.2051653,0.1824532
475,0.03491516,0.5759903,0.2070144,0.1820801
476,0.03482237,0.5748694,0.2083529,0.1819554
477,0.03476062,0.5739563,0.2093514,0.1819317
478,0.03471329,0.5732108,0.2101414,0.1819346
479,0.03467208,0.5725867,0.2108102,0.1819311
480,0.03463316,0.5720458,0.2114107,0.1819103
481,0.04072082,0.5158584,0.2295421,0.2138787
482,0.04589163,0.4797874,0.2338075,0.2405135
483,0.04982893,0.4579892,0.2323079,0.2598739
484,0.05260675,0.4459724,0.2286907,0.2727301
485,0.05441448,0.4401819,0.2250332,0.2803704
486,0.05549256,0.4380219,0.222225,0.2842605
487,0.05607521,0.4377478,0.220428,0.2857488
488,0.05635895,0.4382993,0.2194172,0.2859246
489,0.05649272,0.4391111,0.2188059,0.2855903
490,0.05657731,0.4399397,0.2182118,0.2852712
491,0.05667344,0.4407191,0.2173392,0.2852682
492,0.05680962,0.4414639,0.2160244,0.2857021
493,0.05800762,0.4336811,0.2167607,0.2915506
494,0.05896227,0.4293785,0.2154248,0.2962344
495,0.05970198,0.427265,0.2131373,0.2998958
496,0.0602633,0.4265122,0.2105339,0.3026907
497,0.06068215,0.4265553,0.2079856,0.304777
498,0.06099006,0.42702,0.2056951,0.3062949
499,0.06121354,0.4276667,0.2037536,0.3073661
500,0.06137388,0.4283513,0.2021827,0.308092
501,0.06148779,0.4289939,0.2009626,0.3085558
502,0.06156878,0.4295554,0.2000464,0.3088293
503,0.06162674,0.4300247,0.1993814,0.3089672
504,0.0616686,0.4304061,0.1989163,0.309009
505,0.0584562,0.4559721,0.1927328,0.2928389
506,0.0563231,0.4695041,0.1918683,0.2823045
507,0.05503368,0.4760772,0.1927497,0.2761394
508,0.05427231,0.4789986,0.1940872,0.2726419
509,0.05383294,0.4800894,0.1953615,0.2707162
510,0.05358532,0.4803229,0.1964083,0.2696835
511,0.05344865,0.480201,0.1972167,0.2691337
512,0.05337375,0.4799685,0.1978318,0.268826
513,0.05333124,0.4797339,0.198311,0.2686237
514,0.05330402,0.4795375,0.198707,0.2684516
515,0.0532825,0.4793862,0.1990602,0.2682711
516,0.05326163,0.4792743,0.1993985,0.2680655
517,0.05707667,0.4481462,0.2078859,0.2868913
518,0.06001344,0.4285892,0.2104936,0.3009038
519,0.06211599,0.4167536,0.2106945,0.3104358
520,0.06353629,0.4099852,0.2100586,0.3164198
521,0.06443668,0.4063904,0.2093773,0.3197956
522,0.06496748,0.4046709,0.2089643,0.3213974
523,0.06525421,0.4039828,0.2088641,0.3218989
524,0.06539375,0.4038131,0.2089878,0.3218053
525,0.06545597,0.4038751,0.2091981,0.3214708
526,0.06548807,0.4040256,0.2093595,0.3211268
527,0.06551934,0.4042055,0.2093658,0.3209093
528,0.06556549,0.4043989,0.2091529,0.3208828
529,0.06760201,0.3897258,0.2119682,0.330704
530,0.06922973,0.3803313,0.2119987,0.3384403
531,0.07043759,0.3746013,0.2109314,0.3440297
532,0.07131021,0.3712983,0.2094394,0.3479521
533,0.07192714,0.369552,0.2078827,0.3506382
534,0.07235741,0.3687632,0.2064299,0.3524495
535,0.07265623,0.3685337,0.2051449,0.3536652
536,0.07286493,0.3686088,0.2040393,0.3544869
537,0.07301288,0.3688328,0.2031024,0.355052
538,0.07312015,0.3691148,0.2023145,0.3554505
539,0.07320004,0.3694053,0.2016558,0.3557389
540,0.07326108,0.3696797,0.2011081,0.3559511
541,0.06690777,0.4169613,0.1911736,0.3249573
542,0.06260333,0.4428239,0.1902029,0.3043698
543,0.06009395,0.4551841,0.1918651,0.2928568
544,0.0586597,0.4607199,0.1939557,0.2866647
545,0.05785421,0.4629267,0.1957378,0.2834812
546,0.05741127,0.4635871,0.197056,0.2819456
547,0.05717324,0.4635916,0.1979633,0.2812719
548,0.05704757,0.4633669,0.1985697,0.2810158
549,0.05698056,0.4631019,0.1989842,0.2809332
550,0.05694178,0.4628676,0.1992942,0.2808963
551,0.05691445,0.46268,0.1995631,0.2808424
552,0.05688975,0.462533,0.199833,0.2807443
553,0.05880925,0.4479905,0.2028354,0.2903647
554,0.06024401,0.4393745,0.2029767,0.2974049
555,0.06120479,0.4346036,0.2023094,0.3018821
556,0.0618105,0.4321746,0.2015203,0.3044945
557,0.06216412,0.4310894,0.2009248,0.3058217
558,0.06234806,0.4307152,0.2006239,0.3063128
559,0.06242392,0.4306746,0.2006076,0.3062939
560,0.06243509,0.4307586,0.2008174,0.3059889
561,0.06241088,0.4308635,0.20118,0.3055456
562,0.06237042,0.4309466,0.2016248,0.3050581
563,0.06232592,0.430998,0.2020905,0.3045856
564,0.06228504,0.4310226,0.2025275,0.3041649
565,0.05961759,0.4514445,0.1978438,0.2910942
566,0.05783665,0.4624653,0.1970889,0.2826092
567,0.05674744,0.4680156,0.1975985,0.2776384
568,0.05610626,0.4706357,0.1983619,0.2748962
569,0.05574559,0.4717599,0.1989854,0.273509
570,0.05555488,0.4721696,0.1993676,0.2729079
571,0.05546322,0.472272,0.1995296,0.2727353
572,0.05542647,0.4722663,0.1995322,0.272775
573,0.05541795,0.472241,0.1994396,0.2729015
574,0.05542211,0.4722278,0.1993039,0.2730462
575,0.05543035,0.4722324,0.199163,0.2731743
576,0.05543812,0.47225,0.1990414,0.2732705
577,0.05668018,0.4628698,0.2009833,0.2794667
578,0.05758575,0.4575419,0.2009722,0.2839002
579,0.05818247,0.4547395,0.2003841,0.286694
580,0.05855646,0.4534159,0.1996896,0.288338
581,0.05877715,0.4529063,0.1991034,0.2892132
582,0.05889747,0.4528062,0.1986944,0.2896019
583,0.05895535,0.4528844,0.1984588,0.2897014
584,0.05897649,0.4530188,0.198363,0.2896417
585,0.05897754,0.4531515,0.1983666,0.2895044
586,0.05896883,0.4532607,0.198432,0.2893385
587,0.05895652,0.4533427,0.198529,0.2891719
588,0.05894414,0.4534015,0.1986349,0.2890195
589,0.05803172,0.4601474,0.1973996,0.2844212
590,0.05740283,0.4638228,0.197456,0.2813183
591,0.05700973,0.4656769,0.197861,0.2794524
592,0.0567732,0.4665377,0.1983036,0.2783855
593,0.05663738,0.4668865,0.1986593,0.2778169
594,0.05656392,0.4669921,0.1988994,0.2775446
595,0.0565275,0.4669972,0.1990369,0.2774384
596,0.05651192,0.4669716,0.1990992,0.2774172
597,0.05650717,0.4669456,0.1991145,0.2774327
598,0.05650747,0.4669288,0.1991054,0.2774583
599,0.05650955,0.4669216,0.1990885,0.2774804
600,0.05651166,0.466921,0.1990748,0.2774925
601,0.05418094,0.4851657,0.1945138,0.2661396
602,0.05266932,0.494381,0.1939755,0.2589742
603,0.05176071,0.4986661,0.1947109,0.2548622
604,0.05122749,0.5004209,0.1957505,0.2526012
605,0.05092236,0.5009435,0.1967085,0.2514257
606,0.05075194,0.5009154,0.197473,0.2508596
607,0.0506583,0.5006782,0.1980485,0.250615
608,0.05060636,0.5003909,0.1984793,0.2505235
609,0.05057547,0.5001187,0.1988149,0.250491
610,0.05055382,0.4998811,0.1990981,0.2504668
611,0.050535,0.499678,0.1993604,0.2504266
612,0.05051573,0.4995019,0.1996222,0.2503601
613,0.05332815,0.4763892,0.2061647,0.264118
614,0.05540508,0.4627193,0.2079017,0.2739739
615,0.05682208,0.4550285,0.2077757,0.2803738
616,0.05773076,0.451022,0.2070564,0.2841909
617,0.05827426,0.4491542,0.2063567,0.2862149
618,0.05857272,0.4484375,0.2059018,0.2870881
619,0.05871831,0.4482813,0.2057114,0.287289
620,0.05877691,0.4483596,0.2057127,0.2871509
621,0.05879292,0.4485107,0.2058041,0.2868924
622,0.05879468,0.4486676,0.2058899,0.2866478
623,0.05879886,0.4488125,0.2058963,0.2864923
624,0.05881413,0.4489494,0.205777,0.2864595
625,0.05810398,0.4548799,0.2040235,0.2829927
626,0.0576333,0.4582357,0.2033383,0.2807926
627,0.05735849,0.4600675,0.2029576,0.2796165
628,0.05721636,0.461048,0.2026182,0.2791174
629,0.05715872,0.4615766,0.2022303,0.2790343
630,0.05715097,0.4618786,0.201789,0.2791815
631,0.05716967,0.4620735,0.2013217,0.2794352
632,0.05719984,0.4622197,0.2008623,0.2797182
633,0.05723248,0.4623422,0.2004392,0.2799861
634,0.05726251,0.4624494,0.2000726,0.2802154
635,0.05728742,0.4625426,0.1997739,0.2803961
636,0.05730624,0.4626202,0.1995473,0.2805263
637,0.05589356,0.4739588,0.1964085,0.2737392
638,0.05494135,0.4800017,0.1957758,0.2692811
639,0.05434515,0.4829976,0.1960544,0.2666028
640,0.05398196,0.4843329,0.1966273,0.2650579
641,0.05376522,0.484809,0.1972273,0.2641985
642,0.05363694,0.4848707,0.1977616,0.2637308
643,0.05355971,0.4847538,0.1982162,0.2634703
644,0.05351021,0.4845758,0.198608,0.2633061
645,0.05347445,0.4843898,0.1989611,0.2631747
646,0.05344439,0.484216,0.1992969,0.2630427
647,0.05341571,0.4840591,0.1996308,0.2628944
648,0.05338632,0.4839177,0.1999718,0.2627243
649,0.05421541,0.4767403,0.2023835,0.2666609
650,0.05477929,0.4726468,0.2033742,0.2691996
651,0.05513723,0.4703938,0.2037762,0.2706928
652,0.05534724,0.4692183,0.2039807,0.2714538
653,0.05545873,0.4686395,0.2041552,0.2717466
654,0.05550931,0.4683719,0.2043501,0.2717687
655,0.05552578,0.4682567,0.2045595,0.271658
656,0.05552631,0.4682121,0.2047552,0.2715064
657,0.05552265,0.4682006,0.2049051,0.2713716
658,0.05552189,0.4682082,0.2049827,0.2712872
659,0.05552785,0.4682317,0.2049712,0.2712692
660,0.05554202,0.4682721,0.2048641,0.2713219
661,0.05460111,0.4760773,0.202502,0.2668195
662,0.05398156,0.480273,0.2017744,0.2639711
663,0.05360799,0.4824226,0.2015989,0.2623705
664,0.05339749,0.4834599,0.2015649,0.2615777
665,0.05328953,0.4839245,0.2015112,0.2612748
666,0.05324246,0.4841142,0.2013973,0.261246
667,0.05322897,0.4841845,0.2012339,0.2613527
668,0.0532319,0.48421,0.2010481,0.2615101
669,0.0532409,0.4842225,0.2008677,0.261669
670,0.05325026,0.4842319,0.2007135,0.2618044
671,0.05325703,0.4842388,0.2005992,0.2619049
672,0.05325987,0.4842409,0.2005324,0.2619669
673,0.05632691,0.4598556,0.2068958,0.2769217
674,0.05864426,0.4450875,0.2083322,0.287936
675,0.0602594,0.4365586,0.2078996,0.2952825
676,0.06132335,0.4319718,0.206869,0.2998358
677,0.06198218,0.4297461,0.2058686,0.3024031
678,0.06236211,0.4288405,0.2051397,0.3036577
679,0.06256246,0.4286087,0.2047152,0.3041137
680,0.06265595,0.4286769,0.2045301,0.3041371
681,0.06269267,0.4288479,0.2044869,0.3039726
682,0.06270483,0.429031,0.2044929,0.3037713
683,0.06271198,0.4291943,0.2044738,0.3036199
684,0.06272474,0.4293343,0.2043802,0.3035606
685,0.06009082,0.4495137,0.199626,0.2907694
686,0.05832872,0.4603686,0.1988592,0.2824435
687,0.05727645,0.4657714,0.1992166,0.2777357
688,0.0566749,0.4682906,0.1997675,0.275267
689,0.05635054,0.4693519,0.2001688,0.2741289
690,0.05618974,0.4697231,0.2003525,0.2737346
691,0.05612049,0.4697999,0.2003592,0.2737204
692,0.05609861,0.469773,0.2002584,0.2738699
693,0.05609808,0.4697246,0.2001155,0.2740617
694,0.05610451,0.4696827,0.1999784,0.2742344
695,0.0561104,0.4696511,0.1998781,0.2743604
696,0.05611227,0.4696249,0.199832,0.2744308
697,0.05652049,0.4666318,0.2003351,0.2765126
698,0.05681034,0.4649957,0.2002246,0.2779694
699,0.05698653,0.4641846,0.2000239,0.278805
700,0.05708441,0.463824,0.199869,0.2792226
701,0.05713003,0.4636904,0.199813,0.2793665
702,0.05714218,0.4636566,0.1998626,0.2793386
703,0.05713391,0.463655,0.2000024,0.2792086
704,0.05711405,0.4636538,0.2002091,0.279023
705,0.05708847,0.4636409,0.2004579,0.2788128
706,0.05706093,0.4636149,0.2007265,0.2785977
707,0.05703392,0.4635791,0.2009958,0.2783913
708,0.05700913,0.463538,0.2012499,0.278203
709,0.05639726,0.4676131,0.2009364,0.2750534
710,0.05595552,0.4696892,0.2015867,0.2727685
711,0.05568486,0.4705759,0.2023301,0.2714091
712,0.05552465,0.4708584,0.2029854,0.2706316
713,0.05543631,0.4708593,0.2034772,0.2702272
714,0.05539359,0.4707533,0.2037962,0.2700569
715,0.05537897,0.4706283,0.2039633,0.2700295
716,0.05538108,0.4705233,0.2040094,0.2700863
717,0.05539263,0.4704511,0.2039663,0.2701899
718,0.05540904,0.470412,0.2038621,0.2703169
719,0.05542742,0.4704002,0.20372,0.2704525
720,0.05544601,0.4704084,0.2035584,0.2705872
721,0.0542122,0.4808649,0.2001045,0.2648184
722,0.05340267,0.4864785,0.1989182,0.2612006
723,0.0528945,0.4893652,0.1986902,0.2590501
724,0.05258817,0.4907412,0.1988095,0.2578611
725,0.05240953,0.4913209,0.1990129,0.2572567
726,0.052308,0.4915041,0.1992041,0.2569837
727,0.05225079,0.4915042,0.1993624,0.2568826
728,0.05221742,0.4914286,0.1994967,0.2568572
729,0.05219562,0.4913276,0.1996238,0.256853
730,0.0521782,0.4912213,0.1997601,0.2568404
731,0.05216128,0.491116,0.1999174,0.2568054
732,0.05214293,0.4910117,0.2001025,0.2567428
733,0.0534366,0.4803437,0.2031849,0.2630348
734,0.05434215,0.4742925,0.2040824,0.267283
735,0.05492849,0.4710211,0.2041679,0.2698825
736,0.05528466,0.469369,0.2040214,0.2713249
737,0.05548489,0.468604,0.2039014,0.2720098
738,0.05558587,0.4682886,0.2038904,0.2722352
739,0.05562803,0.4681787,0.2039843,0.2722089
740,0.05563874,0.468149,0.204144,0.2720682
741,0.05563572,0.4681425,0.2043217,0.2719
742,0.05562995,0.4681393,0.2044744,0.2717564
743,0.05562774,0.468137,0.2045698,0.2716655
744,0.05563226,0.4681401,0.2045878,0.2716398
745,0.05600707,0.464986,0.2056572,0.2733497
746,0.05627414,0.4631986,0.2059961,0.2745311
747,0.0564675,0.4622262,0.2059202,0.2753861
748,0.05660557,0.4617537,0.2056417,0.2759991
749,0.05670599,0.4615731,0.2052659,0.276455
750,0.05678178,0.4615559,0.2048478,0.2768146
751,0.05684166,0.4616252,0.2044168,0.2771163
752,0.05689092,0.4617372,0.2039912,0.2773806
753,0.05693248,0.4618666,0.2035843,0.2776166
754,0.05696815,0.4619992,0.2032039,0.2778288
755,0.05699886,0.462127,0.2028558,0.2780183
756,0.0570251,0.4622459,0.2025443,0.2781847
757,0.0581416,0.4536881,0.2045842,0.283586
758,0.05894614,0.4487138,0.2049792,0.2873608
759,0.05948839,0.4459654,0.2047455,0.2898008
760,0.05983777,0.4445536,0.2043243,0.2912843
761,0.06005356,0.4439026,0.2039169,0.292127
762,0.06018163,0.4436571,0.2035947,0.2925667
763,0.06025491,0.44361,0.2033655,0.2927696
764,0.06029582,0.4436483,0.2032108,0.292845
765,0.06031878,0.443715,0.2031054,0.2928608
766,0.06033263,0.4437849,0.2030264,0.292856
767,0.06034249,0.4438496,0.2029566,0.2928514
768,0.0603511,0.443908,0.2028843,0.2928565
769,0.05887084,0.4558477,0.199457,0.2858245
770,0.05786461,0.462483,0.1984532,0.2811992
771,0.05722775,0.4659789,0.1983892,0.2784042
772,0.05684064,0.4677081,0.1986317,0.2768196
773,0.05661421,0.4684906,0.1989074,0.2759877
774,0.05648676,0.4687947,0.1991219,0.2755966
775,0.05641762,0.4688753,0.1992615,0.2754456
776,0.0563809,0.4688637,0.1993448,0.2754107
777,0.05636074,0.4688219,0.1993977,0.2754197
778,0.05634798,0.4687757,0.1994427,0.2754336
779,0.05633752,0.468733,0.1994963,0.2754332
780,0.05632672,0.468694,0.1995687,0.2754106
781,0.05396583,0.4869364,0.1951358,0.263962
782,0.05243866,0.4960845,0.1947095,0.2567673
783,0.0515187,0.5003068,0.19554,0.2526345
784,0.0509747,0.5020169,0.1966624,0.250346
785,0.05065846,0.5025112,0.1976955,0.249135
786,0.05047667,0.5024657,0.1985295,0.2485281
787,0.05037171,0.5022174,0.19917,0.2482409
788,0.05030886,0.5019218,0.1996615,0.2481078
789,0.05026774,0.5016419,0.2000537,0.2480366
790,0.05023683,0.5013961,0.2003882,0.2479789
791,0.05020996,0.5011837,0.2006945,0.2479118
792,0.05018408,0.5009975,0.2009914,0.247827
793,0.05155041,0.4896988,0.2042,0.2545507
794,0.05250993,0.4834132,0.2049357,0.2591411
795,0.05312547,0.4801201,0.2048193,0.2619351
796,0.05349764,0.4785374,0.2044684,0.2634966
797,0.05370726,0.4778714,0.2041573,0.2642641
798,0.05381526,0.4776559,0.2039686,0.2645602
799,0.05386455,0.477636,0.2038925,0.2646069
800,0.05388375,0.4776841,0.2038834,0.2645487
801,0.05389089,0.4777451,0.2038903,0.2644737
802,0.05389657,0.477801,0.2038709,0.2644315
803,0.05390647,0.4778511,0.2037968,0.2644457
804,0.05392292,0.4779004,0.2036536,0.2645231
805,0.05513178,0.468554,0.2058922,0.270422
806,0.05600784,0.4632635,0.2061241,0.2746045
807,0.05660251,0.4604509,0.2055913,0.2773553
808,0.05699438,0.4590974,0.2048032,0.2791051
809,0.05724756,0.4585576,0.2040009,0.2801939
810,0.05741032,0.4584408,0.2032787,0.2808703
811,0.05751639,0.4585226,0.2026589,0.2813021
812,0.05758785,0.4586827,0.2021349,0.2815946
813,0.05763831,0.4588608,0.2016926,0.2818083
814,0.05767604,0.4590296,0.2013167,0.2819777
815,0.05770567,0.4591793,0.2009954,0.2821196
816,0.05772971,0.4593079,0.2007209,0.2822415
817,0.05607445,0.4723647,0.1973606,0.2742003
818,0.05496851,0.4792627,0.1967951,0.2689737
819,0.05429085,0.4826472,0.1971375,0.2659245
820,0.05388811,0.4841571,0.1977211,0.2642337
821,0.05365606,0.484716,0.1982726,0.2633553
822,0.05352617,0.4848264,0.1987095,0.2629379
823,0.05345488,0.484749,0.1990324,0.2627638
824,0.05341534,0.4846103,0.1992707,0.2627037
825,0.0533916,0.4844655,0.1994586,0.2626843
826,0.05337443,0.4843337,0.1996257,0.2626663
827,0.05335883,0.4842175,0.1997936,0.2626301
828,0.0533423,0.4841133,0.1999759,0.2625685
829,0.05516955,0.4693392,0.204027,0.2714643
830,0.05648997,0.4607444,0.205068,0.2776977
831,0.05736884,0.4559932,0.205,0.2816381
832,0.05792038,0.4535494,0.2046037,0.2839264
833,0.05824374,0.4524123,0.2042429,0.2851011
834,0.05841756,0.4519615,0.2040437,0.2855772
835,0.0584997,0.4518367,0.2040109,0.2856527
836,0.0585303,0.4518436,0.2040972,0.2855289
837,0.05853575,0.4518887,0.2042412,0.2853344
838,0.05853267,0.4519341,0.2043858,0.2851475
839,0.05853081,0.451971,0.2044866,0.2850116
840,0.05853532,0.4520028,0.2045147,0.2849472
841,0.05836239,0.453427,0.2041643,0.2840463
842,0.0582536,0.4542518,0.2039856,0.283509
843,0.05819935,0.454721,0.2038027,0.2832769
844,0.05818258,0.454998,0.2035684,0.283251
845,0.05818997,0.4551788,0.2032758,0.2833554
846,0.05821155,0.4553168,0.202938,0.2835336
847,0.05824022,0.4554388,0.2025755,0.2837455
848,0.0582711,0.4555561,0.202209,0.2839638
849,0.05830107,0.4556717,0.2018563,0.2841709
850,0.05832817,0.4557846,0.2015313,0.284356
851,0.05835137,0.4558921,0.2012436,0.2845129
852,0.0583702,0.4559914,0.2009988,0.2846395
853,0.0551634,0.4814137,0.1941782,0.2692447
854,0.05311424,0.4942135,0.1929714,0.259701
855,0.05189644,0.500187,0.1936155,0.2543011
856,0.05118591,0.5026953,0.1947532,0.2513657
857,0.05077879,0.5035215,0.1958487,0.2498509
858,0.05054909,0.5035889,0.196739,0.249123
859,0.05041994,0.5033568,0.1974177,0.2488055
860,0.05034535,0.50304,0.197934,0.2486807
861,0.05029836,0.5027269,0.1983473,0.2486275
862,0.05026367,0.5024457,0.1987088,0.2485818
863,0.05023293,0.5021981,0.1990566,0.2485124
864,0.05020183,0.5019758,0.199416,0.2484064
865,0.05495888,0.462516,0.2110227,0.2715024
866,0.05866457,0.4374175,0.2150314,0.2888865
867,0.06135328,0.4219876,0.2157627,0.3008964
868,0.06317832,0.4129938,0.2153375,0.3084903
869,0.06432854,0.408074,0.2148384,0.312759
870,0.06499223,0.4055763,0.2146941,0.3147374
871,0.06533506,0.4044114,0.2149496,0.315304
872,0.06549072,0.4039128,0.2154471,0.3151494
