EwEVersion,"6.5.13829.0 (compiled 2016-05-17)"
Date,"2016-09-06 18:00:42"
ModelName,Baltic_Proper-SEALS
EcosimScenario,Proper1_SealVuln100_19742100_seal100_cofF1
TimeSeries,new_data_weights_19742100_seal100_codF1
StartYear,1974

Data,"Prey of Temora sp"

TimeStep,"Cyanobacteria","Phytoplankton","microzooplankton","Detritus-water column",
1,0.04225926,0.6065167,0.1818384,0.1693856
2,0.03843141,0.6257737,0.1810654,0.1547296
3,0.0365148,0.6314564,0.1842176,0.1478111
4,0.03551377,0.6320713,0.1878981,0.1445169
5,0.03498649,0.6309366,0.1910353,0.1430416
6,0.03471035,0.6293929,0.1934095,0.1424873
7,0.03456669,0.6279414,0.1951074,0.1423845
8,0.03449094,0.6267244,0.1962997,0.1424848
9,0.03444799,0.6257406,0.1971526,0.1426588
10,0.03441905,0.6249409,0.197799,0.142841
11,0.03439435,0.6242702,0.198335,0.1430005
12,0.03436902,0.623682,0.198825,0.1431241
13,0.03504702,0.6175472,0.2012598,0.146146
14,0.03547345,0.6146087,0.2018546,0.1480632
15,0.03571071,0.6132495,0.2019098,0.14913
16,0.03582744,0.6126234,0.2018863,0.1496628
17,0.03586937,0.6122902,0.2019732,0.1498673
18,0.0358667,0.6120398,0.2022164,0.1498771
19,0.03583881,0.6117858,0.2025973,0.1497781
20,0.03579811,0.6115039,0.2030725,0.1496255
21,0.03575267,0.6111991,0.2035918,0.1494565
22,0.03570799,0.6108875,0.2041071,0.1492974
23,0.03566799,0.6105883,0.2045756,0.1491682
24,0.03563545,0.6103187,0.204962,0.1490838
25,0.03168522,0.6408311,0.1948487,0.132635
26,0.02964744,0.6499566,0.1960325,0.1243634
27,0.0286395,0.6517194,0.1990227,0.1206185
28,0.02812166,0.6510121,0.2018997,0.1189665
29,0.02786311,0.6496834,0.2040507,0.1184028
30,0.02774151,0.6484029,0.20546,0.1183956
31,0.02769012,0.6473576,0.2062961,0.1186562
32,0.02767263,0.6465501,0.2067476,0.1190296
33,0.02766973,0.6459256,0.2069694,0.1194354
34,0.02767111,0.6454218,0.2070757,0.1198313
35,0.02767178,0.6449878,0.2071418,0.1201985
36,0.02766954,0.6445874,0.2072133,0.1205297
37,0.02845109,0.6369651,0.2103782,0.1242056
38,0.02894338,0.6335509,0.2109403,0.1265653
39,0.02922915,0.6321344,0.2106663,0.1279702
40,0.02938368,0.6316024,0.2102372,0.1287767
41,0.02945791,0.6313975,0.2099236,0.1292209
42,0.02948493,0.6312666,0.2097943,0.1294541
43,0.02948536,0.631112,0.209833,0.1295696
44,0.02947164,0.6309086,0.2099968,0.129623
45,0.02945112,0.6306613,0.2102404,0.1296472
46,0.0294286,0.6303865,0.2105206,0.1296643
47,0.02940696,0.6301019,0.2108028,0.1296882
48,0.02938797,0.629823,0.2110612,0.1297279
49,0.03022137,0.6217711,0.2145301,0.1334775
50,0.03075721,0.6181589,0.2152077,0.1358762
51,0.0310782,0.6167274,0.214903,0.1372914
52,0.03126489,0.6163185,0.2143048,0.1381118
53,0.03137182,0.6163386,0.2136969,0.1385926
54,0.03143433,0.6165078,0.2131615,0.1388964
55,0.031474,0.616708,0.2126987,0.1391193
56,0.0315032,0.6168982,0.212284,0.1393146
57,0.03152857,0.6170697,0.2118927,0.139509
58,0.03155274,0.6172238,0.2115135,0.1397099
59,0.03157659,0.6173632,0.2111428,0.1399174
60,0.03160006,0.6174892,0.2107833,0.1401275
61,0.03194922,0.6139861,0.2123996,0.141665
62,0.03216113,0.6123072,0.2129683,0.1425634
63,0.03230232,0.6115549,0.2129701,0.1431727
64,0.03239315,0.6112732,0.2127598,0.1435739
65,0.03245208,0.6112144,0.2124862,0.1438474
66,0.03249156,0.6112514,0.2122104,0.1440465
67,0.03251944,0.6113232,0.2119536,0.1442037
68,0.03254034,0.6114015,0.2117212,0.144337
69,0.03255688,0.6114739,0.2115141,0.1444552
70,0.03257072,0.6115365,0.2113287,0.144564
71,0.03258264,0.6115885,0.2111632,0.1446657
72,0.03259306,0.6116302,0.2110162,0.1447605
73,0.03030401,0.6312861,0.2037389,0.1346709
74,0.02904118,0.6380054,0.2037009,0.1292524
75,0.02836677,0.6397136,0.2053659,0.1265537
76,0.02800392,0.6395267,0.2072059,0.1252636
77,0.02781017,0.6387452,0.2087269,0.1247177
78,0.02770728,0.6378844,0.209853,0.1245553
79,0.02765162,0.6371161,0.2106545,0.1245777
80,0.02761905,0.6364709,0.2112332,0.1246769
81,0.02759641,0.6359282,0.2116798,0.1247956
82,0.02757679,0.6354556,0.2120627,0.1249049
83,0.02755669,0.6350243,0.2124275,0.1249915
84,0.02753452,0.6346132,0.2128022,0.1250501
85,0.02758659,0.6344589,0.2124016,0.1255529
86,0.02762656,0.6344942,0.2118825,0.1259966
87,0.02762882,0.6345138,0.2116553,0.126202
88,0.02761395,0.6344552,0.2116396,0.1262912
89,0.02758896,0.6343102,0.2117955,0.1263052
90,0.02755711,0.6340895,0.2120893,0.1262641
91,0.02752015,0.6338085,0.212492,0.1261792
92,0.02747921,0.6334829,0.2129785,0.1260593
93,0.0274353,0.6331269,0.2135259,0.1259119
94,0.02738957,0.6327532,0.2141115,0.1257457
95,0.02734348,0.6323741,0.2147112,0.1255712
96,0.0272988,0.6320019,0.2152984,0.1254009
97,0.02674976,0.6367372,0.2135378,0.1229753
98,0.0264229,0.6384377,0.2135247,0.1216147
99,0.02622928,0.638844,0.21404,0.1208869
100,0.02611997,0.6387477,0.2145708,0.1205615
101,0.0260634,0.6385122,0.214935,0.1204894
102,0.0260402,0.6382878,0.2150927,0.1205793
103,0.02603832,0.6381235,0.2150642,0.120774
104,0.02605009,0.6380225,0.2148913,0.1210361
105,0.02607037,0.63797,0.2146201,0.1213395
106,0.02609539,0.6379458,0.2142948,0.121664
107,0.02612229,0.6379318,0.2139529,0.121993
108,0.02614889,0.6379134,0.2136239,0.1223138
109,0.02715872,0.628536,0.2170938,0.1272113
110,0.02782937,0.6245598,0.2171495,0.1304614
111,0.02823782,0.6231818,0.2161831,0.1323973
112,0.02847921,0.6229627,0.2150434,0.1335147
113,0.02861698,0.6231716,0.2140788,0.1341327
114,0.02869282,0.6234723,0.2133772,0.1344576
115,0.02873287,0.623732,0.2129184,0.1346167
116,0.02875281,0.6239138,0.2126483,0.1346851
117,0.02876174,0.6240219,0.2125106,0.1347058
118,0.02876473,0.6240725,0.2124608,0.1347019
119,0.02876464,0.6240831,0.212466,0.1346863
120,0.02876306,0.6240683,0.2125027,0.134666
121,0.02840233,0.6271316,0.2115198,0.1329462
122,0.02817755,0.628211,0.2117312,0.1318802
123,0.02805204,0.6284446,0.2121859,0.1313175
124,0.02798159,0.628346,0.2126468,0.1310256
125,0.02794281,0.628147,0.2130231,0.130887
126,0.02792186,0.6279442,0.213301,0.130833
127,0.02791063,0.6277705,0.2134951,0.1308238
128,0.02790448,0.6276315,0.2136271,0.1308369
129,0.02790091,0.6275222,0.2137164,0.1308605
130,0.02789855,0.6274355,0.2137778,0.1308881
131,0.02789669,0.6273651,0.2138215,0.1309167
132,0.02789495,0.627306,0.2138545,0.1309445
133,0.03065085,0.5983096,0.2276385,0.143401
134,0.03256273,0.5828114,0.2330687,0.1515572
135,0.03383421,0.5752503,0.2342731,0.1566423
136,0.03461134,0.5720226,0.2339525,0.1594136
137,0.03505505,0.5709564,0.2332959,0.1606926
138,0.03529407,0.5708637,0.2327275,0.1611147
139,0.03541952,0.5711622,0.2323028,0.1611155
140,0.03549044,0.5716034,0.231938,0.1609682
141,0.03554242,0.572102,0.2315259,0.1608296
142,0.03559602,0.5726427,0.2309755,0.1607858
143,0.03566169,0.5732319,0.2302314,0.160875
144,0.03574385,0.5738794,0.2292692,0.1611076
145,0.03195019,0.6100616,0.2137857,0.1442025
146,0.03004842,0.6233385,0.2105123,0.1361007
147,0.0290988,0.628192,0.2103015,0.1324077
148,0.02862046,0.6297182,0.2108355,0.1308257
149,0.02838237,0.6299728,0.2113832,0.1302617
150,0.02826682,0.6298009,0.2117612,0.130171
151,0.02821267,0.6295306,0.2119743,0.1302824
152,0.02818824,0.6292707,0.2120768,0.1304642
153,0.02817729,0.6290432,0.2121239,0.1306556
154,0.02817148,0.628841,0.2121578,0.1308298
155,0.02816665,0.6286499,0.2122072,0.1309763
156,0.0281607,0.6284574,0.2122902,0.1310916
157,0.03472828,0.5643542,0.2396912,0.1612262
158,0.04058484,0.5214308,0.2505951,0.1873892
159,0.04530258,0.4943512,0.2528247,0.2075215
160,0.04879257,0.4786167,0.2510623,0.2215284
161,0.05116981,0.470391,0.2481976,0.2302417
162,0.05265837,0.4667407,0.2456858,0.2349152
163,0.05350786,0.4656244,0.2440389,0.2368289
164,0.05394025,0.4657604,0.2432369,0.2370625
165,0.05412736,0.466437,0.2430176,0.2364181
166,0.05419026,0.4673143,0.2430564,0.2354391
167,0.05420845,0.4682623,0.2430615,0.2344678
168,0.05423032,0.4692502,0.2428192,0.2337003
169,0.04855016,0.517,0.2255255,0.2089242
170,0.04541732,0.5389424,0.2198619,0.1957784
171,0.04405222,0.549458,0.2156175,0.1908722
172,0.04341233,0.5552698,0.2122164,0.1891014
173,0.04309561,0.5586369,0.2097553,0.1885121
174,0.04294925,0.5606992,0.2079122,0.1884393
175,0.04288836,0.5620319,0.2065427,0.1885371
176,0.04286762,0.5629374,0.2055508,0.1886441
177,0.04286429,0.5635803,0.2048554,0.1887
178,0.04286774,0.5640528,0.2043864,0.1886931
179,0.04287312,0.5644095,0.2040873,0.1886301
180,0.04287818,0.5646853,0.2039153,0.1885211
181,0.04130099,0.5781647,0.1989375,0.1815969
182,0.04033046,0.5844141,0.1978659,0.1773894
183,0.03975451,0.5871081,0.19821,0.1749275
184,0.03941651,0.5880791,0.1990123,0.1734921
185,0.03921933,0.5882666,0.1998706,0.1726435
186,0.03910331,0.5881366,0.2006438,0.1721164
187,0.03903221,0.5879068,0.2013078,0.1717532
188,0.03898434,0.5876691,0.2018845,0.171462
189,0.03894685,0.5874543,0.2024089,0.1711899
190,0.03891243,0.5872657,0.2029139,0.1709079
191,0.0388769,0.5870962,0.2034263,0.1706006
192,0.038838,0.5869362,0.2039657,0.17026
193,0.03790483,0.5944884,0.2015148,0.166092
194,0.03731602,0.597797,0.2014185,0.1634685
195,0.03694726,0.5990525,0.2021876,0.1618125
196,0.03671444,0.5993344,0.2032092,0.1607421
197,0.03656368,0.5991977,0.2042227,0.1600159
198,0.03646186,0.5989166,0.2051318,0.1594896
199,0.03638925,0.598618,0.2059121,0.1590806
200,0.03633462,0.5983545,0.2065666,0.1587442
201,0.03629192,0.5981442,0.2071051,0.1584587
202,0.03625831,0.5979899,0.2075354,0.1582164
203,0.03623264,0.5978889,0.2078623,0.1580161
204,0.03621458,0.597837,0.2080894,0.1578592
205,0.04006597,0.5647874,0.2208415,0.1743051
206,0.04298521,0.5459951,0.2246092,0.1864105
207,0.04501963,0.5361236,0.2244169,0.1944399
208,0.04635155,0.5316222,0.2226805,0.1993458
209,0.04717795,0.5301,0.2206309,0.202091
210,0.04767158,0.5300758,0.2187681,0.2034845
211,0.0479641,0.530709,0.2172056,0.2041213
212,0.04814629,0.5315692,0.2158874,0.2043971
213,0.04827528,0.532463,0.2147122,0.2045495
214,0.04838158,0.5333192,0.2136071,0.2046921
215,0.04847981,0.5341199,0.2125326,0.2048678
216,0.04857496,0.5348656,0.2114812,0.2050782
217,0.04356259,0.5754305,0.1969627,0.1840442
218,0.04081399,0.5921867,0.1941646,0.1728347
219,0.03934526,0.5987105,0.1948309,0.1671133
220,0.03855472,0.60082,0.1963971,0.1642282
221,0.03813424,0.6011029,0.1979248,0.1628379
222,0.03791652,0.6007254,0.1991314,0.1622267
223,0.03780838,0.6001912,0.1999937,0.1620066
224,0.03775772,0.5996953,0.2005784,0.1619685
225,0.03773562,0.599293,0.2009694,0.1620021
226,0.03772626,0.5989819,0.2012408,0.162051
227,0.0377213,0.5987409,0.2014494,0.1620885
228,0.03771649,0.598546,0.2016347,0.1621028
229,0.03845241,0.591603,0.2048213,0.1651233
230,0.03891934,0.5880435,0.2061103,0.1669268
231,0.03920747,0.5862759,0.2065587,0.167958
232,0.03937257,0.5854444,0.2067178,0.1684653
233,0.03945803,0.5850636,0.2068371,0.1686413
234,0.03949425,0.5848758,0.2070108,0.1686192
235,0.0395015,0.5847553,0.2072571,0.1684861
236,0.03949277,0.5846486,0.2075611,0.1682975
237,0.03947629,0.5845396,0.2078959,0.1680882
238,0.03945729,0.5844294,0.2082326,0.1678807
239,0.03943906,0.5843266,0.2085448,0.1676895
240,0.03942364,0.5842413,0.208811,0.1675241
241,0.03773551,0.596797,0.2052789,0.1601886
242,0.03670697,0.6016741,0.2058674,0.1557515
243,0.03614175,0.6031883,0.207248,0.153422
244,0.03583362,0.6033375,0.2085942,0.1522346
245,0.03567247,0.6030234,0.2096149,0.1516892
246,0.03559404,0.6026336,0.2102751,0.1514972
247,0.03556061,0.6023111,0.2106372,0.151491
248,0.03555027,0.6020886,0.2107871,0.151574
249,0.03555063,0.601954,0.2108032,0.1516922
250,0.03555527,0.6018831,0.2107432,0.1518185
251,0.03556089,0.6018521,0.2106471,0.15194
252,0.03556598,0.6018425,0.2105404,0.1520511
253,0.03504671,0.6080003,0.2067482,0.1502048
254,0.03475018,0.6111393,0.2047869,0.1493236
255,0.0345533,0.612717,0.2039497,0.14878
256,0.03443122,0.613447,0.2036178,0.1485039
257,0.03435694,0.6137356,0.2035162,0.1483913
258,0.0343115,0.6138014,0.2035189,0.1483682
259,0.03428273,0.6137574,0.2035712,0.1483887
260,0.03426309,0.6136599,0.2036514,0.1484256
261,0.03424811,0.6135356,0.2037522,0.1484641
262,0.03423524,0.6133968,0.2038715,0.1484964
263,0.03422305,0.6132491,0.2040086,0.1485194
264,0.03421086,0.6130947,0.2041623,0.148532
265,0.03769515,0.5811387,0.2179831,0.1631831
266,0.04021313,0.563128,0.2233623,0.1732966
267,0.04192865,0.5536495,0.2246081,0.1798138
268,0.04300783,0.549151,0.2242841,0.183557
269,0.04363775,0.5473191,0.2236259,0.1854173
270,0.04397867,0.5467799,0.22311,0.1861314
271,0.04415103,0.5467986,0.2228135,0.1862368
272,0.0442379,0.547031,0.2226363,0.1860947
273,0.04429255,0.5473477,0.2224294,0.1859304
274,0.04434565,0.5477201,0.2220677,0.1858666
275,0.04441259,0.548156,0.2214742,0.1859571
276,0.04449794,0.548667,0.2206282,0.1862069
277,0.04578295,0.5405953,0.2219913,0.1916304
278,0.0467487,0.5368668,0.2206657,0.1957188
279,0.04740926,0.5355587,0.2185771,0.198455
280,0.04785121,0.5355359,0.2163777,0.2002352
281,0.04814288,0.5361192,0.2143732,0.2013647
282,0.04833489,0.5369269,0.2126722,0.2020662
283,0.04846254,0.5377603,0.2112845,0.2024927
284,0.04854928,0.5385281,0.2101777,0.2027448
285,0.04861005,0.5391971,0.2093073,0.2028856
286,0.04865423,0.5397636,0.2086282,0.202954
287,0.04868753,0.5402371,0.2081015,0.2029739
288,0.04871338,0.5406314,0.2076956,0.2029597
289,0.04394898,0.5781223,0.1946238,0.1833048
290,0.04129865,0.5936531,0.19236,0.1726883
291,0.03985536,0.5996227,0.193357,0.167165
292,0.03906079,0.6014345,0.1951915,0.1643132
293,0.03862453,0.6015245,0.1969619,0.1628891
294,0.0383874,0.6009965,0.1983932,0.1622229
295,0.03825976,0.6003292,0.1994648,0.1619462
296,0.0381907,0.5997068,0.2002458,0.1618567
297,0.0381515,0.5991806,0.2008234,0.1618445
298,0.03812639,0.5987466,0.2012736,0.1618533
299,0.03810686,0.5983832,0.2016548,0.1618552
300,0.0380885,0.5980663,0.2020075,0.1618377
301,0.03434164,0.628301,0.1911789,0.1461784
302,0.03235529,0.6387722,0.1907244,0.1381481
303,0.03129273,0.6416462,0.1929563,0.1341048
304,0.03071149,0.6415693,0.1956256,0.1320935
305,0.03039031,0.6404918,0.1979693,0.1311486
306,0.03021065,0.6392131,0.1998165,0.1307599
307,0.03010715,0.6380253,0.2012164,0.1306511
308,0.03004368,0.6370038,0.2022793,0.1306732
309,0.03000048,0.6361386,0.203113,0.1307478
310,0.02996677,0.6353943,0.2038048,0.1308341
311,0.02993708,0.6347346,0.2044149,0.1309134
312,0.02990883,0.6341313,0.2049811,0.1309788
313,0.03480097,0.5891019,0.2238842,0.152213
314,0.0387348,0.5623646,0.2300325,0.1688681
315,0.041584,0.5477586,0.2302817,0.1803756
316,0.0434786,0.5407403,0.2282554,0.1875257
317,0.04463513,0.5380005,0.2259336,0.1914308
318,0.04527982,0.5373898,0.2241489,0.1931814
319,0.04560309,0.5376698,0.2230676,0.1936595
320,0.04574573,0.5382258,0.2225307,0.1934978
321,0.04580339,0.5388182,0.2222621,0.1931163
322,0.04583464,0.5393996,0.2220032,0.1927625
323,0.04587236,0.5399976,0.2215627,0.1925673
324,0.04593157,0.5406519,0.2208365,0.1925801
325,0.04552314,0.5456542,0.2180081,0.1908145
326,0.04531731,0.5487144,0.2159456,0.1900226
327,0.04523282,0.5507508,0.2142347,0.1897817
328,0.04522432,0.5522245,0.212677,0.1898742
329,0.04525696,0.5533779,0.2112344,0.1901307
330,0.04530786,0.5543303,0.2099213,0.1904404
331,0.04536336,0.5551372,0.2087605,0.1907389
332,0.04541603,0.5558245,0.2077663,0.1909931
333,0.04546233,0.5564064,0.2069417,0.1911895
334,0.04550172,0.5568938,0.2062745,0.19133
335,0.04553456,0.5572973,0.2057473,0.1914208
336,0.04556158,0.5576283,0.2053408,0.1914693
337,0.04596169,0.5548449,0.2061616,0.1930319
338,0.04622913,0.5534753,0.2062973,0.1939982
339,0.04640086,0.5528708,0.2061818,0.1945464
340,0.04650707,0.5526686,0.2060104,0.194814
341,0.04656973,0.5526594,0.2058719,0.194899
342,0.04660394,0.5527282,0.2058012,0.1948666
343,0.04661958,0.5528155,0.2058066,0.1947583
344,0.04662303,0.5528927,0.2058841,0.1946
345,0.04661836,0.5529485,0.206025,0.1944082
346,0.04660789,0.5529794,0.2062214,0.1941914
347,0.04659326,0.5529863,0.2064647,0.1939558
348,0.04657565,0.5529714,0.2067463,0.1937066
349,0.03834045,0.6139966,0.1883173,0.1593456
350,0.03444865,0.6320336,0.1900482,0.1434695
351,0.03257497,0.6361827,0.1950293,0.136213
352,0.03161592,0.6357162,0.1998838,0.132784
353,0.03111774,0.6339377,0.203706,0.1312386
354,0.03085928,0.6320583,0.2064444,0.130638
355,0.03072491,0.6304585,0.2083191,0.1304975
356,0.03065273,0.6291926,0.2095922,0.1305625
357,0.03060982,0.6282021,0.2104861,0.130702
358,0.03057901,0.627405,0.2111649,0.130851
359,0.03055176,0.6267298,0.2117385,0.13098
360,0.03052408,0.626123,0.2122751,0.1310778
361,0.0347202,0.5889479,0.2271142,0.1492177
362,0.03801474,0.5681387,0.2305993,0.1632472
363,0.04030514,0.5575331,0.2295922,0.1725695
364,0.04177118,0.5529606,0.2271083,0.1781599
365,0.04263161,0.5515547,0.2247161,0.1810975
366,0.04308785,0.5515676,0.2230143,0.1823304
367,0.04329746,0.5520587,0.2220664,0.1825774
368,0.04337095,0.5526025,0.2216963,0.1823302
369,0.04338037,0.5530614,0.2216556,0.1819027
370,0.04337098,0.553439,0.2217008,0.1814892
371,0.04336926,0.5537918,0.2216382,0.1812008
372,0.0433889,0.5541808,0.2213392,0.1810912
373,0.04403919,0.5495871,0.2227409,0.1836328
374,0.04450769,0.5475636,0.2224849,0.1854438
375,0.04484802,0.5469694,0.2214195,0.1867632
376,0.04510246,0.5471666,0.2199619,0.1877691
377,0.04529977,0.5477757,0.2183501,0.1885745
378,0.04545771,0.5485736,0.2167271,0.1892417
379,0.04558671,0.5494297,0.2151822,0.1898015
380,0.04569304,0.5502687,0.2137695,0.1902688
381,0.04578081,0.5510488,0.2125181,0.1906523
382,0.04585277,0.5517487,0.2114405,0.1909581
383,0.04591138,0.5523602,0.210535,0.1911934
384,0.04595886,0.5528839,0.2097902,0.1913671
385,0.04612167,0.552535,0.2093088,0.1920346
386,0.04623876,0.5525413,0.2087309,0.192489
387,0.04631573,0.552711,0.2082231,0.1927502
388,0.04636546,0.5529346,0.2078196,0.1928803
389,0.04639665,0.553157,0.2075256,0.1929207
390,0.04641493,0.5533531,0.2073345,0.1928975
391,0.0464237,0.5535137,0.2072361,0.1928265
392,0.04642493,0.5536371,0.2072218,0.1927161
393,0.04641968,0.5537246,0.207285,0.1925706
394,0.04640888,0.5537786,0.2074183,0.1923942
395,0.04639311,0.5538017,0.2076156,0.1921895
396,0.04637284,0.5537972,0.2078711,0.1919588
397,0.04774123,0.5446712,0.209873,0.1977146
398,0.04871857,0.5401424,0.2093699,0.2017691
399,0.04931665,0.5382264,0.208373,0.204084
400,0.04966267,0.5376673,0.2073921,0.2052779
401,0.04984684,0.5377382,0.2066429,0.2057721
402,0.04993196,0.5380455,0.2061708,0.2058518
403,0.04995999,0.5383955,0.2059409,0.2057036
404,0.04995784,0.5387083,0.2058886,0.2054453
405,0.04994223,0.5389631,0.2059457,0.205149
406,0.04992294,0.5391667,0.206054,0.2048562
407,0.04990558,0.5393361,0.2061677,0.2045906
408,0.04989311,0.5394892,0.2062537,0.2043641
409,0.04361884,0.5863847,0.191252,0.1787445
410,0.04031393,0.6040908,0.1899648,0.1656304
411,0.03860372,0.6101704,0.1920393,0.1591866
412,0.03769667,0.6116108,0.1946684,0.1560241
413,0.03721716,0.6113046,0.196923,0.1545553
414,0.03696788,0.6104757,0.1985997,0.1539568
415,0.03684085,0.6096112,0.1997614,0.1537865
416,0.03677633,0.6088716,0.2005451,0.153807
417,0.03674151,0.6082802,0.2010849,0.1538934
418,0.03671879,0.607811,0.2014871,0.1539831
419,0.03669904,0.6074271,0.201827,0.1540468
420,0.03667779,0.6070958,0.2021534,0.154073
421,0.03693912,0.6041896,0.2036667,0.1552047
422,0.03708594,0.6026353,0.2044665,0.1558123
423,0.0371617,0.6017681,0.2049606,0.1561095
424,0.03718835,0.6012471,0.2053731,0.1561914
425,0.03718391,0.6008872,0.2057901,0.1561388
426,0.0371611,0.6005967,0.2062334,0.1560088
427,0.03712868,0.600336,0.2066941,0.1558413
428,0.03709268,0.6000925,0.2071504,0.1556644
429,0.03705749,0.5998671,0.2075763,0.1554991
430,0.03702634,0.5996664,0.2079455,0.1553618
431,0.03700159,0.5994987,0.2082347,0.155265
432,0.03698483,0.5993713,0.2084267,0.1552172
433,0.04050035,0.5683716,0.2216178,0.1695103
434,0.04302582,0.5507718,0.2268986,0.1793038
435,0.04476206,0.5413964,0.2281265,0.185715
436,0.04586848,0.5368856,0.2277522,0.1894937
437,0.04653808,0.5350442,0.2268857,0.191532
438,0.04693495,0.5345634,0.22594,0.1925616
439,0.04718078,0.5347347,0.2249765,0.193108
440,0.04735727,0.535215,0.2239154,0.1935124
441,0.04751314,0.5358593,0.2226602,0.1939675
442,0.04767028,0.5366115,0.2211748,0.1945435
443,0.04783355,0.5374432,0.2194899,0.1952334
444,0.04799772,0.538326,0.2176914,0.1959849
445,0.0481366,0.5373994,0.2181515,0.1963126
446,0.04818439,0.5368418,0.2187606,0.1962132
447,0.04823553,0.5364622,0.2191075,0.1961947
448,0.04828434,0.536217,0.2192889,0.1962097
449,0.04833101,0.5360686,0.2193522,0.1962481
450,0.04837578,0.5359904,0.2193307,0.1963031
451,0.04841857,0.5359629,0.2192502,0.1963684
452,0.04845903,0.5359716,0.2191318,0.1964375
453,0.04849673,0.5360053,0.2189933,0.1965047
454,0.04853161,0.536055,0.2188463,0.1965671
455,0.04856364,0.5361144,0.2186994,0.1966227
456,0.04859277,0.5361786,0.218559,0.1966696
457,0.04820616,0.5427192,0.2133995,0.1956751
458,0.04812815,0.5471107,0.2086409,0.1961203
459,0.04804666,0.5501601,0.2054711,0.1963221
460,0.04796785,0.5522641,0.2034107,0.1963574
461,0.04789791,0.5536793,0.202123,0.1962999
462,0.04783887,0.5545993,0.2013673,0.1961944
463,0.04778944,0.5551714,0.2009785,0.1960606
464,0.04774665,0.555503,0.2008471,0.1959034
465,0.04770723,0.5556695,0.2009026,0.1957205
466,0.04766833,0.5557228,0.201101,0.1955079
467,0.04762762,0.5556967,0.2014144,0.1952613
468,0.04758292,0.5556106,0.2018319,0.1949746
469,0.04106287,0.6033131,0.1873381,0.168286
470,0.03771978,0.6196365,0.1877078,0.154936
471,0.0360111,0.6242756,0.1912779,0.1484354
472,0.03510093,0.6245465,0.1951478,0.1452048
473,0.03460881,0.6233441,0.1984089,0.1436382
474,0.03434038,0.6218347,0.2008982,0.1429268
475,0.03419089,0.6204464,0.2027202,0.1426425
476,0.03410293,0.6192917,0.2040483,0.1425569
477,0.03404535,0.6183605,0.2050436,0.1425505
478,0.0340015,0.6176028,0.2058324,0.1425632
479,0.03396318,0.6169677,0.2065001,0.1425691
480,0.03392672,0.6164151,0.2070984,0.1425598
481,0.0403652,0.5624886,0.2275375,0.1696087
482,0.04589731,0.5278315,0.2338365,0.1924347
483,0.05013857,0.5069188,0.2337516,0.209191
484,0.05313538,0.4954993,0.2309888,0.2203766
485,0.05507851,0.4901088,0.2277793,0.2270335
486,0.05622631,0.488195,0.2251634,0.2304153
487,0.05683537,0.4880503,0.2234162,0.2316981
488,0.0571218,0.4886552,0.2223872,0.2318358
489,0.05724879,0.4894868,0.2217343,0.23153
490,0.057326,0.4903376,0.2210994,0.2312369
491,0.05741883,0.4911672,0.2201977,0.2312162
492,0.05755752,0.4920034,0.2188684,0.2315707
493,0.05888752,0.4842855,0.2200486,0.2367784
494,0.05993982,0.4801471,0.2189965,0.2409166
495,0.06075008,0.4782424,0.216879,0.2441285
496,0.06136084,0.4777081,0.2143683,0.2465628
497,0.06181332,0.4779573,0.2118627,0.2483667
498,0.06214325,0.4786034,0.2095843,0.249669
499,0.06238046,0.4794013,0.2076378,0.2505804
500,0.06254875,0.4802063,0.2060531,0.2511918
501,0.06266665,0.4809406,0.2048155,0.2515773
502,0.06274911,0.4815695,0.2038815,0.2517999
503,0.06280693,0.4820861,0.2031997,0.2519073
504,0.06284768,0.4824989,0.2027196,0.2519337
505,0.05922436,0.5081604,0.1952655,0.2373497
506,0.05686389,0.5214134,0.1937106,0.2280121
507,0.05545626,0.5277061,0.1942298,0.2226079
508,0.05463446,0.5304143,0.1953823,0.2195689
509,0.0541652,0.5313579,0.1965673,0.2179097
510,0.05390359,0.5314934,0.1975749,0.2170282
511,0.05376082,0.5313063,0.1983685,0.2165644
512,0.05368341,0.5310285,0.1989796,0.2163085
513,0.05363975,0.5307599,0.1994582,0.2161421
514,0.05361156,0.5305346,0.1998535,0.2160003
515,0.05358878,0.5303561,0.2002044,0.2158506
516,0.05356618,0.5302164,0.2005387,0.2156787
517,0.05780288,0.4992329,0.2105309,0.2324333
518,0.06107131,0.4797584,0.214204,0.2449663
519,0.0634103,0.4679814,0.2150848,0.2535235
520,0.06498449,0.4612632,0.2148466,0.2589057
521,0.06597523,0.4577031,0.2143766,0.261945
522,0.06655224,0.4559963,0.2140616,0.2633898
523,0.06685755,0.4552999,0.213996,0.2638466
524,0.06700039,0.4551078,0.2141224,0.2637693
525,0.06705912,0.4551436,0.2143218,0.2634755
526,0.06708625,0.4552741,0.2144687,0.2631709
527,0.06711406,0.4554481,0.2144618,0.2629761
528,0.06715964,0.4556545,0.2142382,0.2629477
529,0.06948991,0.4406706,0.2178878,0.2719516
530,0.07134546,0.4311501,0.2184776,0.2790267
531,0.07271697,0.4253958,0.2177572,0.28413
532,0.07370264,0.4221308,0.216466,0.2877006
533,0.074395,0.4204547,0.2150153,0.2901351
534,0.07487419,0.4197488,0.2136101,0.2917669
535,0.07520412,0.4196032,0.2123388,0.2928539
536,0.07543238,0.4197568,0.2112288,0.2935821
537,0.07559263,0.4200512,0.2102785,0.2940776
538,0.07570773,0.4203948,0.2094741,0.2944234
539,0.07579269,0.4207382,0.2087982,0.2946709
540,0.07585708,0.4210573,0.2082343,0.2948514
541,0.06850359,0.4695969,0.1957333,0.2661663
542,0.06365954,0.4953245,0.1934119,0.247604
543,0.06088872,0.5073246,0.1944026,0.237384
544,0.05932778,0.5125639,0.1961647,0.2319437
545,0.05846243,0.5145729,0.1977956,0.2291692
546,0.05799296,0.5151126,0.1990526,0.2278418
547,0.05774464,0.5150473,0.1999417,0.2272664
548,0.05761603,0.5147827,0.2005485,0.2270528
549,0.05754894,0.5144935,0.2009691,0.2269884
550,0.05751069,0.5142416,0.2012855,0.2269623
551,0.05748355,0.5140373,0.2015586,0.2269205
552,0.05745833,0.5138713,0.2018302,0.2268401
553,0.05960038,0.4994189,0.2055641,0.2354167
554,0.06119519,0.4909429,0.2061815,0.2416804
555,0.06225795,0.4862901,0.2057906,0.2456614
556,0.06292307,0.4839491,0.2051476,0.2479803
557,0.06330714,0.4829176,0.2046193,0.249156
558,0.06350325,0.482565,0.2043411,0.2495906
559,0.06358053,0.4825197,0.2043246,0.2495752
560,0.06358741,0.4825797,0.2045238,0.2493091
561,0.06355634,0.4826486,0.2048724,0.2489227
562,0.06350829,0.4826896,0.2053032,0.2484988
563,0.06345654,0.4826981,0.2057565,0.2480888
564,0.06340932,0.4826832,0.2061833,0.2477242
565,0.06040736,0.5031675,0.2004647,0.2359603
566,0.05843711,0.5139933,0.1991351,0.2284346
567,0.05724697,0.5193491,0.199338,0.2240659
568,0.05655392,0.5218298,0.1999446,0.2216717
569,0.0561683,0.522871,0.2004943,0.2204664
570,0.05596704,0.5232401,0.2008468,0.2199461
571,0.05587219,0.5233299,0.2010009,0.2197971
572,0.05583565,0.5233281,0.2010053,0.219831
573,0.05582862,0.5233146,0.2009175,0.2199391
574,0.05583453,0.523316,0.200787,0.2200625
575,0.05584423,0.5233343,0.2006502,0.2201712
576,0.05585305,0.5233632,0.2005311,0.2202526
577,0.05722995,0.5140954,0.2029328,0.225742
578,0.05822776,0.5089073,0.2032128,0.2296523
579,0.05888108,0.5062196,0.2027902,0.2321091
580,0.05928724,0.5049819,0.2021817,0.2335491
581,0.05952429,0.5045298,0.2016343,0.2343116
582,0.05965145,0.5044631,0.201238,0.2346474
583,0.05971079,0.5045564,0.2010018,0.2347309
584,0.05973067,0.5046932,0.2008997,0.2346765
585,0.05972927,0.5048202,0.200895,0.2345556
586,0.05971778,0.5049192,0.2009522,0.2344107
587,0.05970281,0.5049894,0.201042,0.2342658
588,0.05968807,0.5050362,0.2011419,0.2341338
589,0.05866942,0.5117244,0.1995689,0.2300374
590,0.0579757,0.515297,0.1994266,0.2273007
591,0.05754621,0.5170651,0.199723,0.2256657
592,0.05729014,0.5178643,0.2001092,0.2247362
593,0.05714452,0.5181738,0.2004382,0.2242436
594,0.05706666,0.518257,0.2006672,0.2240091
595,0.05702865,0.5182512,0.2008016,0.2239185
596,0.05701284,0.5182221,0.2008641,0.223901
597,0.05700839,0.5181962,0.2008807,0.2239148
598,0.05700907,0.5181811,0.2008728,0.223937
599,0.05701148,0.5181757,0.2008568,0.223956
600,0.05701375,0.5181764,0.2008435,0.2239663
601,0.05443741,0.5362086,0.1954345,0.2139196
602,0.05279373,0.5451038,0.1944337,0.2076688
603,0.05181802,0.54914,0.1949265,0.2041155
604,0.05125199,0.5507264,0.1958441,0.2021776
605,0.05093206,0.551143,0.196746,0.2011789
606,0.05075601,0.5510513,0.1974889,0.2007038
607,0.05066109,0.5507764,0.1980595,0.200503
608,0.05060967,0.5504661,0.1984923,0.200432
609,0.05057983,0.5501781,0.198832,0.2004101
610,0.05055914,0.5499272,0.1991191,0.2003946
611,0.05054093,0.5497104,0.1993838,0.2003648
612,0.05052189,0.549519,0.1996465,0.2003125
613,0.05360608,0.5267593,0.2072392,0.2123956
614,0.05588135,0.5133666,0.2096889,0.2210632
615,0.05742921,0.5058794,0.2099957,0.2266956
616,0.05841634,0.5020158,0.2095152,0.2300526
617,0.05900161,0.5002363,0.2089323,0.2318298
618,0.05931858,0.4995627,0.2085237,0.232595
619,0.05946938,0.4994169,0.2083427,0.232771
620,0.05952659,0.4994861,0.2083365,0.2326507
621,0.05953878,0.4996207,0.208415,0.2324255
622,0.05953667,0.4997628,0.2084883,0.2322123
623,0.05953816,0.4999012,0.2084851,0.2320756
624,0.05955238,0.5000433,0.20836,0.2320442
625,0.0587568,0.5059896,0.2063158,0.2289378
626,0.05823516,0.5093231,0.2054618,0.2269799
627,0.05793299,0.511143,0.2049904,0.2259337
628,0.05777788,0.5121301,0.2046067,0.2254853
629,0.05771562,0.5126812,0.2042007,0.2254024
630,0.05770776,0.5130163,0.2037549,0.2255211
631,0.05772846,0.5132489,0.2032895,0.2257331
632,0.05776137,0.5134331,0.2028342,0.2259713
633,0.05779675,0.5135906,0.2024154,0.2261973
634,0.05782913,0.513728,0.2020524,0.2263905
635,0.05785584,0.5138454,0.2017562,0.2265426
636,0.05787592,0.5139411,0.201531,0.226652
637,0.05630753,0.525216,0.1978632,0.2206133
638,0.05526498,0.5311121,0.196929,0.2166939
639,0.05461938,0.5339783,0.1970437,0.2143585
640,0.05423024,0.5352166,0.1975316,0.2130215
641,0.0540006,0.5356246,0.1980907,0.2122841
642,0.05386636,0.535639,0.1986075,0.2118871
643,0.05378661,0.5354882,0.199056,0.2116692
644,0.05373608,0.5352834,0.1994464,0.211534
645,0.05369976,0.5350739,0.1997994,0.2114269
646,0.0536691,0.5348771,0.2001348,0.211319
647,0.05363955,0.5346963,0.2004673,0.2111968
648,0.05360897,0.5345293,0.2008057,0.2110559
649,0.0545239,0.5273983,0.2035352,0.2145426
650,0.05514185,0.5233527,0.2047203,0.2167851
651,0.05553145,0.5211328,0.2052332,0.2181026
652,0.05575811,0.5199718,0.2054949,0.2187752
653,0.05587699,0.5193914,0.2056949,0.2190368
654,0.0559297,0.519111,0.2058978,0.2190615
655,0.05594571,0.5189777,0.2061066,0.21897
656,0.05594478,0.5189148,0.2062983,0.2188421
657,0.05593963,0.5188886,0.206444,0.2187278
658,0.05593787,0.5188878,0.2065186,0.2186558
659,0.05594353,0.5189106,0.2065057,0.21864
660,0.05595819,0.5189589,0.2063991,0.2186839
661,0.05491721,0.5267169,0.2036744,0.2146914
662,0.05424012,0.5308307,0.2027408,0.2121884
663,0.05383581,0.5329201,0.2024556,0.2107884
664,0.0536103,0.5339253,0.2023682,0.2100962
665,0.05349616,0.534381,0.2022925,0.2098303
666,0.05344758,0.5345773,0.2021732,0.209802
667,0.0534348,0.5346625,0.202012,0.2098906
668,0.05343929,0.5347062,0.2018314,0.2100231
669,0.05344997,0.5347363,0.2016564,0.2101572
670,0.05346077,0.5347608,0.201507,0.2102715
671,0.0534686,0.5347789,0.2013962,0.2103563
672,0.05347211,0.5347877,0.2013316,0.2104087
673,0.05686132,0.5106406,0.2088589,0.2236392
674,0.05942141,0.4960843,0.211093,0.2334014
675,0.06120194,0.4877257,0.2111514,0.2399209
676,0.06236928,0.4832735,0.2103974,0.2439598
677,0.06308657,0.4811437,0.2095368,0.246233
678,0.06349534,0.4802966,0.2088675,0.2473406
679,0.06370675,0.4800929,0.2084595,0.2477409
680,0.06380181,0.4801683,0.2082706,0.2477594
681,0.06383594,0.4803353,0.208216,0.2476127
682,0.06384453,0.4805119,0.2082096,0.247434
683,0.06384877,0.4806719,0.2081804,0.247299
684,0.06386009,0.4808161,0.2080796,0.2472442
685,0.06089478,0.5010806,0.2022969,0.2357278
686,0.05894479,0.5117542,0.2009596,0.2283414
687,0.05779486,0.5169859,0.2010197,0.2241996
688,0.05714488,0.5193912,0.2014242,0.2220397
689,0.0567987,0.5203933,0.2017608,0.2210473
690,0.05663001,0.520744,0.2019223,0.2207036
691,0.05655961,0.5208236,0.201927,0.2206898
692,0.05653943,0.520811,0.2018321,0.2208176
693,0.05654135,0.52078,0.2016969,0.2209819
694,0.05655004,0.5207538,0.2015664,0.2211297
695,0.0565576,0.5207337,0.2014711,0.2212376
696,0.05656044,0.5207134,0.201428,0.2212982
697,0.05701304,0.5177681,0.202081,0.2231379
698,0.05733173,0.5161897,0.2020622,0.2244164
699,0.05752394,0.5154184,0.2019102,0.2251474
700,0.05762971,0.5150801,0.2017783,0.2255119
701,0.05767822,0.5149537,0.2017303,0.2256377
702,0.05769035,0.514915,0.2017799,0.2256147
703,0.05768051,0.5148998,0.2019158,0.2255038
704,0.0576583,0.5148792,0.202117,0.2253455
705,0.0576301,0.5148437,0.2023598,0.2251664
706,0.05759995,0.5147939,0.2026226,0.2249836
707,0.05757049,0.5147344,0.2028867,0.2248083
708,0.05754353,0.5146714,0.2031364,0.2246486
709,0.05686636,0.5186529,0.2026077,0.221873
710,0.05638316,0.5206069,0.2031274,0.2198826
711,0.05609006,0.5214003,0.2038024,0.2187073
712,0.05591834,0.5216167,0.2044247,0.2180403
713,0.05582482,0.5215752,0.2049032,0.2176968
714,0.05578049,0.5214454,0.2052197,0.2175545
715,0.05576615,0.5213106,0.2053893,0.217534
716,0.05576951,0.5212057,0.2054403,0.2175845
717,0.05578271,0.5211406,0.2054027,0.2176741
718,0.05580088,0.5211125,0.2053038,0.2177828
719,0.05582098,0.5211142,0.2051665,0.2178982
720,0.05584117,0.5211371,0.2050092,0.2180125
721,0.0544779,0.5315439,0.2010853,0.212893
722,0.05359519,0.5370556,0.1996354,0.2097138
723,0.05304692,0.539853,0.1992628,0.2078373
724,0.05271986,0.5411672,0.1993074,0.2068055
725,0.05253135,0.5417094,0.1994756,0.2062837
726,0.05242576,0.5418718,0.1996526,0.2060499
727,0.05236736,0.5418609,0.1998072,0.2059646
728,0.05233406,0.5417789,0.1999423,0.2059447
729,0.05231268,0.5416725,0.2000715,0.2059433
730,0.05229565,0.5415598,0.2002098,0.2059348
731,0.05227887,0.5414455,0.2003681,0.2059074
732,0.05226037,0.5413295,0.2005532,0.2058569
733,0.05368206,0.5308052,0.2041182,0.2113944
734,0.05467166,0.5248854,0.20532,0.215123
735,0.0553087,0.5217096,0.2055812,0.2174005
736,0.05569277,0.5201173,0.2055276,0.2186623
737,0.05590651,0.5193813,0.2054508,0.2192614
738,0.05601258,0.5190719,0.2054556,0.21946
739,0.05605539,0.518953,0.2055514,0.2194401
740,0.05606475,0.518907,0.2057072,0.2193212
741,0.05605985,0.5188825,0.2058793,0.2191783
742,0.05605244,0.5188641,0.2060273,0.2190562
743,0.05604919,0.5188521,0.2061197,0.218979
744,0.05605343,0.5188527,0.2061367,0.2189571
745,0.05646849,0.5156987,0.2073515,0.2204814
746,0.05676151,0.5139313,0.2077802,0.221527
747,0.05697196,0.5129911,0.2077598,0.2222771
748,0.05712105,0.5125546,0.2075144,0.22281
749,0.05722868,0.5124106,0.207158,0.2232026
750,0.05730944,0.5124296,0.2067514,0.2235096
751,0.05737298,0.5125342,0.2063275,0.2237653
752,0.0574251,0.5126801,0.2059067,0.2239881
753,0.05746904,0.5128415,0.205503,0.2241864
754,0.05750674,0.5130038,0.205125,0.2243644
755,0.05753921,0.5131587,0.2047789,0.2245231
756,0.05756694,0.5133018,0.2044688,0.2246624
757,0.05880899,0.5047855,0.2069326,0.2294729
758,0.05969838,0.4998841,0.2075951,0.2328223
759,0.06029414,0.4972064,0.2075187,0.2349808
760,0.06067518,0.4958525,0.2071837,0.2362886
761,0.06090841,0.4952436,0.2068196,0.2370283
762,0.06104527,0.4950262,0.2065164,0.2374121
763,0.06112242,0.4949965,0.2062934,0.2375877
764,0.06116461,0.4950449,0.2061388,0.2376516
765,0.06118768,0.4951175,0.2060312,0.2376636
766,0.06120124,0.4951915,0.2059494,0.2376578
767,0.06121077,0.49526,0.2058771,0.2376523
768,0.06121923,0.4953228,0.2058027,0.2376553
769,0.05956056,0.5073071,0.2017938,0.2313385
770,0.0584486,0.5138656,0.2004561,0.2272297
771,0.0577523,0.5172752,0.2002077,0.2247649
772,0.05733331,0.5189382,0.2003534,0.2233752
773,0.05709083,0.5196782,0.200582,0.2226489
774,0.05695607,0.5199586,0.2007762,0.2223091
775,0.05688415,0.5200279,0.2009093,0.2221787
776,0.05684679,0.5200119,0.2009921,0.2221493
777,0.05682681,0.5199687,0.2010466,0.2221578
778,0.05681437,0.5199214,0.2010935,0.2221707
779,0.05680406,0.5198762,0.2011484,0.2221714
780,0.05679314,0.5198327,0.2012213,0.2221529
781,0.05418793,0.5378344,0.1959389,0.2120387
782,0.05253032,0.5466468,0.1950499,0.2057729
783,0.05154428,0.5506107,0.1956371,0.2022079
784,0.05096795,0.5521454,0.1966364,0.2002503
785,0.05063698,0.5525279,0.1976116,0.1992235
786,0.05044936,0.5524135,0.1984221,0.198715
787,0.05034284,0.5521225,0.1990558,0.1984789
788,0.05028016,0.5517992,0.1995476,0.198373
789,0.05023975,0.5514989,0.1999424,0.1983188
790,0.05020952,0.5512359,0.2002793,0.1982752
791,0.05018306,0.5510067,0.200587,0.1982232
792,0.05015728,0.5508029,0.2008841,0.1981557
793,0.05165061,0.5397159,0.204597,0.2040364
794,0.05269366,0.5336152,0.2056528,0.2080383
795,0.05335891,0.5304528,0.2057194,0.2104689
796,0.05375812,0.5289542,0.205464,0.2118237
797,0.05398071,0.5283349,0.2051968,0.2124877
798,0.05409364,0.5281396,0.2050238,0.212743
799,0.05414381,0.5281236,0.2049496,0.212783
800,0.05416222,0.5281681,0.204937,0.2127327
801,0.05416823,0.5282243,0.2049396,0.2126679
802,0.05417318,0.5282786,0.2049173,0.2126309
803,0.05418301,0.5283328,0.2048423,0.2126419
804,0.05420012,0.5283929,0.2047005,0.2127064
805,0.05553322,0.5191624,0.2073914,0.2179129
806,0.05649338,0.5140076,0.207911,0.2215881
807,0.05714112,0.5113157,0.2075476,0.2239956
808,0.05756492,0.5100626,0.2068533,0.2255192
809,0.0578365,0.5096027,0.2060996,0.2264611
810,0.05800955,0.5095485,0.2054005,0.2270415
811,0.05812132,0.5096797,0.2047904,0.2274086
812,0.05819603,0.5098795,0.2042696,0.2276548
813,0.05824849,0.5100903,0.2038278,0.2278333
814,0.05828762,0.5102868,0.2034515,0.2279742
815,0.05831836,0.5104601,0.2031295,0.228092
816,0.05834334,0.510609,0.2028544,0.2281932
817,0.05650409,0.5235823,0.1988727,0.2210409
818,0.05529299,0.530301,0.1979568,0.2164492
819,0.05455929,0.533537,0.1981122,0.2137915
820,0.05412795,0.5349431,0.1986011,0.2123278
821,0.05388234,0.5354362,0.1991088,0.2115727
822,0.0537468,0.5355073,0.1995286,0.2112173
823,0.05367375,0.5354072,0.1998473,0.2110717
824,0.05363415,0.535255,0.200087,0.2110238
825,0.05361088,0.5351008,0.2002778,0.2110106
826,0.05359415,0.5349603,0.2004475,0.2109981
827,0.05357873,0.5348343,0.200617,0.21097
828,0.05356203,0.5347183,0.2007997,0.21092
829,0.05557854,0.5201005,0.2055395,0.2187814
830,0.05702977,0.5116618,0.2070275,0.224281
831,0.05799098,0.507032,0.2072231,0.2277539
832,0.05859007,0.5046729,0.2069695,0.2297675
833,0.05893797,0.5035852,0.2066774,0.2307994
834,0.05912224,0.5031549,0.2065051,0.2312177
835,0.05920704,0.50303,0.2064777,0.2312853
836,0.05923648,0.5030248,0.2065597,0.2311791
837,0.05923939,0.5030528,0.2066963,0.2310115
838,0.05923376,0.503082,0.2068339,0.2308504
839,0.05923004,0.5031073,0.2069294,0.2307332
840,0.05923363,0.5031347,0.2069544,0.2306772
841,0.05903936,0.5045553,0.2065325,0.2298729
842,0.05891799,0.5053759,0.2063121,0.229394
843,0.05885757,0.5058502,0.2061076,0.2291846
844,0.05883865,0.5061415,0.2058639,0.229156
845,0.05884629,0.5063441,0.2055686,0.229241
846,0.05886943,0.5065088,0.2052315,0.2293903
847,0.0589002,0.5066599,0.2048711,0.2295688
848,0.05893334,0.5068068,0.2045071,0.2297528
849,0.05896543,0.5069507,0.2041565,0.2299273
850,0.05899438,0.5070895,0.2038332,0.230083
851,0.05901907,0.5072197,0.2035464,0.2302149
852,0.05903904,0.5073381,0.203302,0.2303209
853,0.05548006,0.5325949,0.1952929,0.2166322
854,0.05324836,0.5450076,0.1934587,0.2082854
855,0.05194015,0.5506691,0.1937786,0.2036123
856,0.05118609,0.5529668,0.1947539,0.2010932
857,0.0507594,0.5536622,0.1957739,0.1998044
858,0.05052209,0.553652,0.196634,0.199192
859,0.05039098,0.5533746,0.1973043,0.1989301
860,0.05031678,0.5530298,0.1978216,0.1988317
861,0.05027085,0.5526971,0.1982388,0.1987932
862,0.05023714,0.5523986,0.1986039,0.1987604
863,0.05020696,0.5521323,0.1989537,0.1987071
864,0.05017592,0.5518885,0.1993131,0.1986225
865,0.05540482,0.5128958,0.212735,0.2189643
866,0.05949968,0.4880087,0.2180925,0.2343991
867,0.06247663,0.4726855,0.2197133,0.2451246
868,0.0644939,0.4637532,0.2198216,0.2519313
869,0.06575842,0.458859,0.2196138,0.2557687
870,0.06648072,0.4563515,0.2196112,0.2575566
871,0.06684711,0.4551478,0.2199242,0.2580809
872,0.06700766,0.4545954,0.2204375,0.2579593
