EwEVersion,"6.5.13829.0 (compiled 2016-05-17)"
Date,"2016-09-06 18:00:42"
ModelName,Baltic_Proper-SEALS
EcosimScenario,Proper1_SealVuln100_19742100_seal100_cofF1
TimeSeries,new_data_weights_19742100_seal100_codF1
StartYear,1974

Data,"Prey of Pseudocalanus sp."

TimeStep,"Cyanobacteria","Phytoplankton","microzooplankton","Detritus-water column",
1,0.04366293,0.4557546,0.2818175,0.2187648
2,0.0400933,0.4747883,0.2833427,0.2017757
3,0.03816162,0.4799529,0.2887888,0.1930968
4,0.03708254,0.4799942,0.2942973,0.1886259
5,0.03647449,0.4783787,0.2987402,0.1864066
6,0.03613124,0.4764783,0.3019903,0.1854002
7,0.0359361,0.474777,0.3042554,0.1850316
8,0.03582186,0.4733877,0.3058116,0.1849787
9,0.03574984,0.4722825,0.306905,0.1850627
10,0.03569806,0.4713918,0.3077239,0.1851862
11,0.0356543,0.4706464,0.3084007,0.1852987
12,0.03561193,0.4699903,0.3090229,0.185375
13,0.03617778,0.4636158,0.3116299,0.1885765
14,0.03655842,0.4606593,0.3120425,0.1907397
15,0.03677773,0.4593259,0.3119141,0.1919824
16,0.03688683,0.4587188,0.311784,0.1926104
17,0.03692296,0.4583818,0.3118586,0.1928367
18,0.0369129,0.4581037,0.3121724,0.1928111
19,0.03687528,0.4578027,0.3126848,0.1926372
20,0.03682293,0.4574618,0.313329,0.1923863
21,0.03676483,0.4570924,0.3140332,0.1921095
22,0.03670746,0.4567172,0.3147301,0.1918453
23,0.03665565,0.4563604,0.3153605,0.1916234
24,0.03661297,0.4560439,0.3158765,0.1914666
25,0.0331501,0.4876059,0.3057854,0.1734587
26,0.0311473,0.4966094,0.3089246,0.1633187
27,0.0300859,0.4979153,0.3136111,0.1583877
28,0.02950414,0.4967392,0.3177379,0.1560188
29,0.02919316,0.4950518,0.3206866,0.1550684
30,0.02903376,0.4935321,0.322546,0.1548883
31,0.02895668,0.4923404,0.3235983,0.1551045
32,0.02892209,0.4914492,0.3241238,0.155505
33,0.02890749,0.4907782,0.3243417,0.1559726
34,0.02890019,0.4902472,0.3244103,0.1564424
35,0.02889356,0.489793,0.3244314,0.1568819
36,0.02888434,0.4893726,0.3244662,0.1572768
37,0.02955887,0.4812846,0.3278544,0.1613022
38,0.03001414,0.4778103,0.3281161,0.1640595
39,0.03029162,0.4764453,0.3274859,0.1657773
40,0.03044759,0.4759791,0.3267741,0.1667992
41,0.03052419,0.4758197,0.3262832,0.1673729
42,0.03055126,0.4757065,0.3260723,0.1676698
43,0.03054884,0.4755455,0.326102,0.1678037
44,0.03052986,0.475318,0.3263055,0.1678467
45,0.03050243,0.4750355,0.326618,0.167844
46,0.03047219,0.4747207,0.326979,0.167828
47,0.0304427,0.4743961,0.3273412,0.16782
48,0.03041627,0.4740805,0.3276694,0.1678339
49,0.03112202,0.4656734,0.3313853,0.1718192
50,0.03161122,0.4620529,0.3317747,0.1745611
51,0.0319217,0.4607027,0.3311035,0.1762721
52,0.03211289,0.4603889,0.330176,0.1773222
53,0.03222897,0.4604934,0.3293034,0.1779742
54,0.03230109,0.4607324,0.3285587,0.1784078
55,0.0323495,0.4609911,0.327923,0.1787364
56,0.03238653,0.461233,0.3273543,0.1790261
57,0.03241906,0.4614532,0.3268161,0.1793116
58,0.03244996,0.4616547,0.3262921,0.1796034
59,0.03248022,0.4618403,0.3257777,0.1799018
60,0.03250977,0.4620113,0.325277,0.1802018
61,0.03279651,0.4583774,0.3270486,0.1817774
62,0.0329813,0.4566708,0.3275991,0.1827488
63,0.03311393,0.4559421,0.3274815,0.1834624
64,0.03320458,0.4556984,0.3271341,0.1839629
65,0.03326678,0.4556791,0.3267309,0.1843233
66,0.03331061,0.4557526,0.3263398,0.1845971
67,0.0333429,0.4558569,0.3259811,0.1848191
68,0.03336789,0.455964,0.3256585,0.1850096
69,0.03338807,0.4560619,0.3253711,0.185179
70,0.03340508,0.4561472,0.3251136,0.1853342
71,0.03341977,0.4562194,0.3248827,0.1854781
72,0.03343256,0.4562791,0.3246769,0.1856114
73,0.03145631,0.476575,0.3172291,0.1747396
74,0.03024613,0.4832559,0.318229,0.168269
75,0.0295532,0.4847052,0.320933,0.1648086
76,0.02915549,0.4842364,0.3235898,0.1630183
77,0.02892856,0.4832236,0.3256813,0.1621666
78,0.02879884,0.4821925,0.3271807,0.1618279
79,0.02872261,0.4813037,0.3282202,0.1617535
80,0.02867417,0.4805715,0.3289544,0.1617998
81,0.02863875,0.479962,0.3295127,0.1618865
82,0.02860807,0.4794324,0.3299897,0.16197
83,0.02857767,0.4789471,0.330447,0.1620281
84,0.02854539,0.4784811,0.3309222,0.1620512
85,0.02860034,0.4783809,0.3303103,0.1627084
86,0.02864648,0.4784861,0.3295572,0.1633102
87,0.02865083,0.4785344,0.3292269,0.1635879
88,0.0286345,0.4784752,0.329192,0.1636983
89,0.028605,0.4783058,0.3293932,0.163696
90,0.02856615,0.4780417,0.3297829,0.1636092
91,0.02852024,0.4777029,0.3303211,0.1634558
92,0.02846891,0.4773081,0.3309737,0.1632493
93,0.02841358,0.4768747,0.3317096,0.1630021
94,0.02835585,0.4764191,0.3324978,0.1627274
95,0.0282976,0.4759564,0.333305,0.1624411
96,0.02824105,0.4755028,0.3340945,0.1621615
97,0.02775283,0.4804463,0.3323175,0.1594833
98,0.02743677,0.4821348,0.3325769,0.1578515
99,0.02723672,0.4824592,0.3333916,0.1569125
100,0.02711729,0.4822812,0.3341454,0.1564561
101,0.02705215,0.4819891,0.3346333,0.1563255
102,0.02702351,0.4817384,0.3348223,0.1564157
103,0.02701935,0.4815749,0.3347504,0.1566554
104,0.02703137,0.4814954,0.334479,0.1569942
105,0.02705368,0.4814784,0.3340726,0.1573953
106,0.02708176,0.4814977,0.3335923,0.1578284
107,0.02711206,0.4815294,0.3330894,0.1582691
108,0.0271419,0.4815552,0.3326046,0.1586984
109,0.02802958,0.4717748,0.3360826,0.164113
110,0.02866479,0.4678608,0.3355022,0.1679722
111,0.02907423,0.4666476,0.3338796,0.1703987
112,0.02932973,0.4665942,0.3321984,0.1718776
113,0.02948329,0.4669358,0.3308393,0.1727416
114,0.02957215,0.4673304,0.3298746,0.1732228
115,0.02962137,0.4676506,0.3292538,0.1734743
116,0.02964705,0.4678677,0.3288927,0.1735924
117,0.02965911,0.4679938,0.3287114,0.1736358
118,0.0296634,0.4680509,0.3286479,0.1736378
119,0.02966344,0.4680609,0.3286573,0.1736185
120,0.02966129,0.4680413,0.3287082,0.1735892
121,0.02934244,0.4711924,0.3277817,0.1716834
122,0.02912392,0.4722255,0.3282636,0.1703869
123,0.02899351,0.4723899,0.3289608,0.1696558
124,0.02891519,0.4722258,0.3296125,0.1692465
125,0.02886892,0.4719749,0.330125,0.1690312
126,0.02884188,0.4717343,0.3304938,0.1689299
127,0.02882604,0.4715347,0.330746,0.1688932
128,0.02881651,0.4713781,0.3309138,0.1688915
129,0.02881043,0.4712569,0.3310248,0.1689079
130,0.02880617,0.4711621,0.3310989,0.1689329
131,0.02880281,0.4710858,0.3311502,0.1689613
132,0.02879984,0.4710221,0.3311877,0.1689904
133,0.03107048,0.4410916,0.3461326,0.1817054
134,0.03271073,0.4257895,0.3511922,0.1903076
135,0.03385416,0.4186106,0.3516169,0.1959184
136,0.03458286,0.4156741,0.35064,0.199103
137,0.03501634,0.4147824,0.3495574,0.2006439
138,0.03526049,0.4147786,0.3487591,0.2012018
139,0.0353962,0.4151172,0.3482248,0.2012618
140,0.03547912,0.4155788,0.3477961,0.201146
141,0.03554447,0.4160982,0.3473088,0.2010486
142,0.03561351,0.4166721,0.3466335,0.201081
143,0.03569745,0.4173139,0.3456933,0.2012953
144,0.03580117,0.4180361,0.3444554,0.2017074
145,0.03271698,0.4543293,0.3283747,0.1845791
146,0.03100077,0.467705,0.3257764,0.1755178
147,0.03009409,0.4724934,0.3262419,0.1711706
148,0.02961607,0.4739084,0.3272547,0.1692209
149,0.02936777,0.4740688,0.3280831,0.1684803
150,0.02924176,0.473835,0.3285974,0.1683259
151,0.02917946,0.4735296,0.3288573,0.1684336
152,0.02914914,0.473252,0.3289593,0.1686395
153,0.02913379,0.4730157,0.3289869,0.1688636
154,0.0291243,0.4728071,0.3290001,0.1690685
155,0.0291159,0.472608,0.3290382,0.1692379
156,0.02910605,0.4724034,0.3291252,0.1693654
157,0.03451302,0.4078953,0.3573082,0.2002835
158,0.03940519,0.3681998,0.3649669,0.2274281
159,0.04341533,0.3445506,0.3634385,0.2485955
160,0.04645224,0.331389,0.3585302,0.2636285
161,0.04857721,0.3247693,0.3534334,0.2732201
162,0.0499473,0.3219716,0.3495553,0.2785259
163,0.05075501,0.3212138,0.3472255,0.2808057
164,0.05118358,0.3214235,0.346209,0.281184
165,0.05138333,0.3220295,0.3460464,0.2805408
166,0.05146574,0.3227775,0.3462543,0.2795024
167,0.05150741,0.3235856,0.3464257,0.2784813
168,0.05155673,0.3244479,0.346272,0.2777234
169,0.04741256,0.3671897,0.3303617,0.255036
170,0.0448836,0.387352,0.3259172,0.2418472
171,0.04380365,0.397351,0.3216012,0.237244
172,0.043328,0.4030481,0.3177063,0.2359176
173,0.0431107,0.4064235,0.3147432,0.2357226
174,0.04302894,0.4085378,0.312447,0.2359862
175,0.04301205,0.4099293,0.3107076,0.236351
176,0.04302216,0.4108849,0.3094378,0.2366552
177,0.0430408,0.4115645,0.3085485,0.2368463
178,0.04306005,0.4120606,0.3079549,0.2369245
179,0.04307682,0.4124299,0.3075854,0.2369078
180,0.04309006,0.4127096,0.3073845,0.2368159
181,0.04183706,0.4259411,0.3022794,0.2299425
182,0.04099062,0.4319857,0.3016572,0.2253664
183,0.04045369,0.4344973,0.302544,0.2225051
184,0.04011884,0.4353145,0.3038374,0.2207292
185,0.03991141,0.4353798,0.3050963,0.2196124
186,0.03978157,0.435155,0.3061861,0.2188773
187,0.03969697,0.4348505,0.3071045,0.218348
188,0.03963698,0.4345508,0.3078965,0.2179157
189,0.03958869,0.4342804,0.3086169,0.2175139
190,0.03954432,0.434038,0.3093135,0.2171041
191,0.03949916,0.4338132,0.3100235,0.2166641
192,0.03945049,0.4335945,0.3107736,0.2161814
193,0.03867259,0.4411125,0.3083947,0.2118202
194,0.03813435,0.4442956,0.3087534,0.2088166
195,0.03777187,0.4453981,0.3100501,0.2067799
196,0.03752746,0.4455318,0.3115637,0.205377
197,0.03735952,0.4452654,0.3130017,0.2043734
198,0.03724027,0.4448748,0.3142667,0.2036182
199,0.0371521,0.4444852,0.3153432,0.2030194
200,0.0370844,0.4441468,0.3162438,0.202525
201,0.03703117,0.4438751,0.3169856,0.2021081
202,0.03698945,0.4436715,0.3175805,0.2017585
203,0.03695796,0.4435328,0.3180351,0.2014741
204,0.03693619,0.4434542,0.3183537,0.2012559
205,0.04006742,0.4107693,0.3312741,0.2178892
206,0.04255964,0.393156,0.3335781,0.2307062
207,0.04437167,0.3842962,0.3317804,0.2395517
208,0.04561313,0.3804749,0.3286995,0.2452125
209,0.04642287,0.379357,0.3256496,0.2485707
210,0.04693521,0.3795548,0.3230833,0.2504267
211,0.04726019,0.3803058,0.3210269,0.2514071
212,0.04747829,0.3812321,0.3193382,0.2519515
213,0.04764275,0.3821719,0.3178485,0.2523368
214,0.04778305,0.3830702,0.3164469,0.2526999
215,0.04791375,0.3839152,0.3150764,0.2530946
216,0.0480399,0.3847083,0.3137277,0.2535241
217,0.04411148,0.4237679,0.2991667,0.232954
218,0.0416986,0.4400159,0.2975595,0.2207259
219,0.04031653,0.4461746,0.2994606,0.2140482
220,0.03952727,0.4479823,0.3020268,0.2104637
221,0.03908259,0.4480376,0.3042704,0.2086094
222,0.03883742,0.4475022,0.3059518,0.2077085
223,0.03870597,0.4468655,0.3071126,0.2073159
224,0.03863757,0.4463053,0.3078786,0.2071785
225,0.03860256,0.4458628,0.3083797,0.2071549
226,0.0385838,0.4455253,0.3087228,0.2071682
227,0.03857166,0.4452643,0.308986,0.207178
228,0.03856084,0.4450514,0.309223,0.2071648
229,0.03914348,0.4379893,0.3127536,0.2101137
230,0.03953565,0.4344403,0.3140613,0.2119627
231,0.03978937,0.4327106,0.3144366,0.2130634
232,0.03993937,0.4319071,0.3145404,0.2136131
233,0.04001762,0.4315354,0.3146558,0.2137913
234,0.04004898,0.4313389,0.3148776,0.2137345
235,0.04005135,0.4311963,0.3152131,0.2135392
236,0.04003706,0.4310592,0.3156326,0.2132712
237,0.04001449,0.4309154,0.3160953,0.2129747
238,0.03998928,0.4307703,0.3165602,0.2126802
239,0.03996528,0.430635,0.3169911,0.2124087
240,0.039945,0.4305219,0.3173586,0.2121744
241,0.03850862,0.4429264,0.3142269,0.2043381
242,0.03754119,0.4475258,0.315819,0.199114
243,0.03697465,0.4487921,0.3180361,0.1961971
244,0.03664685,0.448749,0.3199922,0.1946119
245,0.0364649,0.4483047,0.3214069,0.1938235
246,0.03637029,0.4478371,0.3222913,0.1935014
247,0.0363262,0.4474752,0.3227581,0.1934406
248,0.03630983,0.4472384,0.3229361,0.1935156
249,0.03630745,0.4471045,0.3229363,0.1936518
250,0.03631141,0.4470422,0.3228375,0.193809
251,0.03631749,0.4470234,0.3226933,0.1939659
252,0.03632355,0.4470268,0.3225375,0.1941122
253,0.0359414,0.4534702,0.3180392,0.1925491
254,0.03571264,0.4567751,0.3156881,0.1918242
255,0.03554628,0.4584182,0.3147161,0.1913194
256,0.03543652,0.4591694,0.3143443,0.1910498
257,0.03536581,0.45946,0.3142384,0.1909359
258,0.03531984,0.4595198,0.3142499,0.1909105
259,0.03528865,0.4594663,0.3143166,0.1909284
260,0.03526567,0.4593575,0.3144159,0.190961
261,0.03524686,0.45922,0.3145411,0.190992
262,0.03522978,0.4590663,0.3146911,0.1910128
263,0.03521309,0.4589016,0.3148655,0.1910198
264,0.03519612,0.4587286,0.3150631,0.1910122
265,0.03802617,0.4263578,0.3298459,0.2057701
266,0.04015591,0.4089649,0.3345667,0.2163125
267,0.04166771,0.4001484,0.3348154,0.2233685
268,0.04265537,0.3961096,0.3336691,0.2275659
269,0.04325286,0.3945394,0.3324803,0.2297274
270,0.04358786,0.3941244,0.3316911,0.2305967
271,0.0437642,0.3941875,0.331292,0.2307563
272,0.04385845,0.3944283,0.33109,0.2306232
273,0.04392269,0.394747,0.330858,0.2304723
274,0.04398837,0.3951325,0.3304178,0.2304614
275,0.04407195,0.3956012,0.3296632,0.2306636
276,0.04417855,0.3961665,0.3285669,0.231088
277,0.04526386,0.3887025,0.3292115,0.2368221
278,0.04615586,0.3854971,0.3268011,0.241546
279,0.0468082,0.3845591,0.3237089,0.2449238
280,0.04727481,0.3847891,0.320657,0.2472791
281,0.04760431,0.3855431,0.3179626,0.24889
282,0.04783653,0.386466,0.3157191,0.2499784
283,0.04800155,0.3873782,0.313912,0.2507082
284,0.04812082,0.3882004,0.3124843,0.2511945
285,0.04820888,0.3889072,0.3113699,0.251514
286,0.04827553,0.3894999,0.3105066,0.2517179
287,0.04832716,0.3899916,0.3098418,0.2518395
288,0.0483679,0.390398,0.3093338,0.2519003
289,0.04459705,0.4266526,0.2962407,0.2325097
290,0.04225155,0.4417097,0.2951977,0.220841
291,0.04087997,0.4473002,0.2974918,0.2143281
292,0.04007688,0.4487852,0.3004036,0.2107344
293,0.03960877,0.4486201,0.3029713,0.2087999
294,0.03933763,0.447908,0.3049562,0.2077982
295,0.03918079,0.4471134,0.3063997,0.207306
296,0.03908853,0.4464041,0.3074302,0.2070772
297,0.03903126,0.4458164,0.3081815,0.2069708
298,0.03899179,0.4453361,0.3087633,0.2069089
299,0.03896025,0.4449336,0.3092562,0.2068499
300,0.0389312,0.4445806,0.3097153,0.2067729
301,0.03574353,0.4755996,0.2984748,0.1901821
302,0.03385547,0.4861015,0.2993512,0.1806918
303,0.03276691,0.4886355,0.3030695,0.1755281
304,0.03212961,0.4881411,0.306988,0.1727413
305,0.03175275,0.4866952,0.3102668,0.1712853
306,0.03152632,0.4851279,0.3127777,0.1705681
307,0.03138568,0.4837234,0.3146418,0.1702491
308,0.0312929,0.4825386,0.3160352,0.1701333
309,0.03122607,0.4815464,0.3171161,0.1701115
310,0.03117247,0.4806975,0.3180072,0.1701227
311,0.03112524,0.4799465,0.3187918,0.1701364
312,0.03108088,0.479259,0.3195207,0.1701394
313,0.03517626,0.433058,0.3394478,0.192318
314,0.03858582,0.4074194,0.3437216,0.2102733
315,0.04113782,0.3940955,0.3417163,0.2230503
316,0.042898,0.388014,0.3378111,0.2312769
317,0.04401465,0.3858339,0.3341894,0.2359621
318,0.04466307,0.3855055,0.3316438,0.2381877
319,0.04500402,0.3858957,0.3302059,0.2388943
320,0.04516532,0.3864704,0.3295608,0.2388034
321,0.04523972,0.3870453,0.3292903,0.2384247
322,0.04528743,0.3876071,0.3290291,0.2380764
323,0.04534405,0.3882025,0.3285165,0.2379369
324,0.04542675,0.3888798,0.3276141,0.2380793
325,0.04516664,0.3937317,0.3244513,0.2366503
326,0.04505469,0.3967523,0.3220412,0.2361517
327,0.04503655,0.3988081,0.3199577,0.2361978
328,0.04508005,0.4003366,0.3179978,0.2365856
329,0.04515633,0.4015617,0.316147,0.2371349
330,0.04524497,0.4025898,0.314445,0.2377201
331,0.04533326,0.4034683,0.312933,0.2382655
332,0.04541407,0.4042186,0.3116361,0.2387311
333,0.04548412,0.4048532,0.3105613,0.2391014
334,0.04554318,0.4053828,0.3096937,0.2393804
335,0.04559207,0.405819,0.3090107,0.2395782
336,0.04563198,0.4061745,0.3084871,0.2397064
337,0.0459609,0.4035165,0.309237,0.2412857
338,0.04619678,0.4022458,0.3092294,0.2423281
339,0.04635708,0.4017085,0.3089809,0.2429535
340,0.0464615,0.4015469,0.3087127,0.2432789
341,0.04652621,0.4015585,0.3085193,0.2433961
342,0.04656328,0.4016334,0.3084325,0.2433707
343,0.04658116,0.4017162,0.3084555,0.2432472
344,0.04658562,0.4017812,0.3085783,0.2430549
345,0.04658061,0.4018187,0.3087873,0.2428134
346,0.04656848,0.4018269,0.3090706,0.242534
347,0.04655103,0.4018074,0.3094165,0.2422251
348,0.04652962,0.4017635,0.309813,0.2418939
349,0.03966767,0.4620009,0.2922543,0.2060771
350,0.03593946,0.4795533,0.2974092,0.187098
351,0.03400085,0.4829307,0.3053493,0.1777192
352,0.03294146,0.4817232,0.3123963,0.172939
353,0.03235464,0.4793717,0.3177047,0.170569
354,0.03202825,0.4770916,0.3213969,0.1694833
355,0.03184454,0.4752238,0.3238654,0.1690661
356,0.0317369,0.4737795,0.325508,0.1689756
357,0.03166782,0.4726656,0.326642,0.1690245
358,0.03161652,0.4717762,0.3274941,0.1691133
359,0.03157191,0.4710232,0.3282129,0.1691919
360,0.03152838,0.4703444,0.328889,0.1692382
361,0.03506243,0.4325477,0.3440292,0.1883607
362,0.03797052,0.4127111,0.3454966,0.2038217
363,0.04006937,0.4031067,0.3423738,0.2144501
364,0.041469,0.399244,0.3381981,0.2210889
365,0.04232651,0.3982599,0.3346618,0.2247518
366,0.0428027,0.3984852,0.3323075,0.2264046
367,0.04303426,0.3990566,0.3310747,0.2268344
368,0.04312424,0.3996066,0.3306529,0.2266163
369,0.04314444,0.4000388,0.3306751,0.2261417
370,0.04314298,0.4003852,0.3308029,0.2256689
371,0.04314983,0.40072,0.3307752,0.225355
372,0.04318153,0.4011144,0.330422,0.2252821
373,0.04371608,0.3967671,0.33166,0.2278568
374,0.04414272,0.3949625,0.3309908,0.229904
375,0.04448206,0.3945499,0.329419,0.231549
376,0.044758,0.3949002,0.327423,0.2329188
377,0.04498822,0.3956424,0.3252725,0.2340969
378,0.04518376,0.3965582,0.3231314,0.2351266
379,0.04535101,0.3975193,0.3211046,0.2360252
380,0.04549384,0.3984508,0.3192564,0.2367991
381,0.04561495,0.3993108,0.3176222,0.237452
382,0.0457164,0.4000784,0.3162174,0.2379877
383,0.04580044,0.4007459,0.3150394,0.2384143
384,0.04586939,0.4013147,0.3140728,0.2387432
385,0.04603091,0.4010529,0.3133454,0.2395709
386,0.04615593,0.4011283,0.3125355,0.2401803
387,0.0462436,0.4013456,0.3118483,0.2405626
388,0.0463039,0.4016003,0.3113155,0.2407803
389,0.0463442,0.4018411,0.3109365,0.2408782
390,0.04636962,0.4020457,0.3106981,0.2408865
391,0.04638351,0.4022069,0.3105851,0.2408245
392,0.04638791,0.4023242,0.3105849,0.2407031
393,0.046384,0.4023992,0.3106885,0.2405283
394,0.04637284,0.4024353,0.3108859,0.240306
395,0.04635518,0.4024356,0.3111687,0.2400405
396,0.04633162,0.4024037,0.3115295,0.2397352
397,0.04746506,0.393833,0.3129885,0.2457135
398,0.04834075,0.3897844,0.3116193,0.2502555
399,0.04890494,0.3881696,0.3099502,0.2529753
400,0.04925,0.3877815,0.3085032,0.2544653
401,0.0494459,0.3879367,0.3074712,0.2551463
402,0.04954509,0.3882739,0.30686,0.255321
403,0.04958507,0.3886219,0.3065931,0.2551999
404,0.0495916,0.3889157,0.3065689,0.2549239
405,0.04958175,0.389144,0.3066889,0.2545853
406,0.04956628,0.3893199,0.306873,0.2542409
407,0.04955179,0.3894638,0.3070592,0.2539252
408,0.04954213,0.3895956,0.3072042,0.2536581
409,0.04449135,0.4349923,0.2926165,0.2279
410,0.04149069,0.452163,0.2932648,0.2130815
411,0.03982203,0.4577651,0.2971499,0.205263
412,0.0388811,0.4587837,0.3011773,0.2011579
413,0.03835315,0.4581554,0.3044005,0.199091
414,0.03806038,0.4571032,0.3067033,0.1981332
415,0.03789939,0.4560924,0.3082517,0.1977565
416,0.03780973,0.4552587,0.3092705,0.1976612
417,0.03775636,0.4546048,0.3099586,0.1976802
418,0.03771939,0.4540902,0.3104665,0.1977239
419,0.03768785,0.453668,0.3108975,0.1977467
420,0.03765596,0.4532994,0.311317,0.1977276
421,0.03785306,0.4502824,0.3130586,0.1988059
422,0.03796555,0.4486755,0.3139741,0.1993849
423,0.0380214,0.4477741,0.3145533,0.1996512
424,0.03803432,0.4472177,0.3150674,0.1996806
425,0.03801835,0.4468158,0.3156124,0.1995534
426,0.03798461,0.4464773,0.3162055,0.1993325
427,0.0379414,0.4461651,0.3168277,0.1990657
428,0.03789493,0.4458701,0.3174461,0.198789
429,0.03784996,0.4455965,0.318023,0.1985305
430,0.03781023,0.4453542,0.3185218,0.1983137
431,0.03777854,0.4451541,0.3189108,0.1981565
432,0.03775686,0.4450055,0.3191661,0.1980715
433,0.04057436,0.4141165,0.3330341,0.212275
434,0.0426816,0.3973567,0.337625,0.2223367
435,0.04419466,0.3887519,0.3378523,0.2292012
436,0.04519836,0.3847577,0.3366373,0.2334066
437,0.04583206,0.3832197,0.3351654,0.2357828
438,0.04622674,0.3829071,0.3337961,0.23707
439,0.0464868,0.3831776,0.332501,0.2378345
440,0.04668647,0.3837337,0.3311155,0.2384642
441,0.04687199,0.384457,0.3294834,0.2391876
442,0.04706435,0.3853022,0.3275451,0.2400883
443,0.04726739,0.3862414,0.3253379,0.2411532
444,0.04747428,0.3872402,0.3229761,0.2423095
445,0.04758507,0.3863579,0.3234779,0.2425791
446,0.04761199,0.3857923,0.3242428,0.2423529
447,0.0476497,0.3854159,0.3246696,0.2422648
448,0.04769032,0.3851783,0.3248867,0.2422447
449,0.04773257,0.3850406,0.3249542,0.2422726
450,0.04777563,0.3849752,0.3249145,0.2423346
451,0.04781866,0.3849616,0.3248005,0.2424192
452,0.04786072,0.3849848,0.3246393,0.2425151
453,0.04790087,0.3850324,0.3244539,0.2426128
454,0.0479387,0.3850953,0.324259,0.2427071
455,0.04797392,0.3851668,0.3240655,0.2427938
456,0.0480063,0.3852419,0.3238818,0.24287
457,0.04784236,0.3917261,0.3176836,0.2427479
458,0.04792979,0.3962588,0.3116715,0.24414
459,0.04796166,0.3994085,0.3076614,0.2449685
460,0.04795935,0.4015754,0.305062,0.2454033
461,0.04793946,0.4030252,0.3034475,0.2455878
462,0.0479118,0.4039599,0.3025115,0.2456169
463,0.04788069,0.4045321,0.3020434,0.2455437
464,0.04784719,0.4048529,0.301905,0.2453949
465,0.04781073,0.405,0.3020078,0.2451814
466,0.04777024,0.4050261,0.3022963,0.2449073
467,0.04772455,0.4049656,0.3027365,0.2445733
468,0.0476721,0.4048377,0.3033151,0.244175
469,0.04228053,0.4517843,0.28934,0.2165953
470,0.0391448,0.4676697,0.2921988,0.2009867
471,0.03741449,0.4717122,0.2980982,0.1927751
472,0.03642897,0.4714009,0.3037968,0.1883733
473,0.03585993,0.4697295,0.3083722,0.1860384
474,0.03552737,0.4678753,0.3117634,0.1848338
475,0.03532817,0.466243,0.3141949,0.184234
476,0.03520246,0.4649154,0.3159408,0.1839414
477,0.03511583,0.4638571,0.3172362,0.1837909
478,0.03504876,0.4630002,0.3182582,0.1836928
479,0.03499092,0.4622817,0.3191233,0.1836041
480,0.03493725,0.4616548,0.3199004,0.1835075
481,0.0402539,0.4079546,0.3403651,0.2114263
482,0.04495009,0.375955,0.3435159,0.235579
483,0.04863464,0.3576098,0.3401101,0.2536453
484,0.0513161,0.3480248,0.3346201,0.266039
485,0.05311423,0.3437308,0.329484,0.2736709
486,0.05421799,0.3423691,0.3256814,0.2777315
487,0.05483246,0.3424371,0.3233144,0.2794161
488,0.05514311,0.3430751,0.3220255,0.2797563
489,0.05529932,0.343868,0.3212755,0.2795573
490,0.05540722,0.344673,0.3205484,0.2793714
491,0.05553357,0.345484,0.3194518,0.2795307
492,0.05571103,0.3463414,0.3177704,0.2801771
493,0.0567787,0.3395947,0.3182527,0.285374
494,0.05770224,0.3361621,0.3162318,0.2899038
495,0.0584674,0.3347436,0.3130947,0.2936942
496,0.05908371,0.334531,0.3096194,0.2967659
497,0.05956928,0.3349861,0.306257,0.2991876
498,0.05994441,0.3357591,0.3032528,0.3010436
499,0.06022917,0.3366317,0.3007157,0.3024235
500,0.0604418,0.3374768,0.2986683,0.3034131
501,0.06059805,0.338229,0.297082,0.304091
502,0.06071201,0.3388622,0.295894,0.3045317
503,0.06079472,0.3393752,0.2950343,0.3047958
504,0.06085454,0.3397797,0.2944359,0.3049299
505,0.05815542,0.3629007,0.2876117,0.2913322
506,0.0562088,0.3748411,0.2872185,0.2817316
507,0.05496994,0.3804207,0.2887897,0.2758196
508,0.05420488,0.3827228,0.2907691,0.2723032
509,0.05374356,0.3834339,0.2925557,0.2702668
510,0.05347092,0.383438,0.2939835,0.2691077
511,0.05331173,0.3831768,0.2950673,0.2684442
512,0.05321822,0.382856,0.2958831,0.2680427
513,0.05316066,0.3825597,0.296515,0.2677646
514,0.05312096,0.3823125,0.2970369,0.2675296
515,0.05308857,0.3821132,0.2975035,0.2672948
516,0.05305766,0.3819511,0.2979524,0.2670389
517,0.05627121,0.3534576,0.3074284,0.2828428
518,0.05886389,0.3363037,0.3096924,0.29514
519,0.06077905,0.3262271,0.3092396,0.3037542
520,0.06210584,0.320604,0.3079942,0.309296
521,0.06296268,0.3176753,0.3068817,0.3124802
522,0.06347281,0.3162888,0.3062353,0.3140032
523,0.0637475,0.315724,0.3060622,0.3144664
524,0.06387784,0.3155618,0.3062149,0.3143454
525,0.06393282,0.3155817,0.3064952,0.3139903
526,0.06396102,0.3156837,0.3067165,0.3136388
527,0.06399361,0.3158343,0.3067357,0.3134364
528,0.06404777,0.3160302,0.3064671,0.3134549
529,0.0657582,0.3032771,0.3092804,0.3216843
530,0.06721769,0.2954221,0.3087561,0.3286041
531,0.06834982,0.2907985,0.3070191,0.3338326
532,0.0692023,0.2882583,0.3048726,0.3376667
533,0.06983007,0.287022,0.3027326,0.3404152
534,0.07028659,0.2865676,0.3007831,0.3423626
535,0.07061779,0.2865553,0.299084,0.3437428
536,0.07085976,0.286772,0.2976365,0.3447318
537,0.07103907,0.2870896,0.2964177,0.3454537
538,0.07117463,0.287435,0.2953973,0.3459931
539,0.07127927,0.2877698,0.2945465,0.3464043
540,0.07136157,0.2880757,0.2938406,0.346722
541,0.06610169,0.3295503,0.2833056,0.3210424
542,0.06219676,0.3519585,0.2834515,0.3023932
543,0.05980117,0.3623732,0.2863955,0.2914301
544,0.0583775,0.3668029,0.289534,0.2852857
545,0.05755014,0.368395,0.2920636,0.2819913
546,0.05707959,0.3687272,0.2938764,0.2803168
547,0.05681738,0.3685648,0.2950966,0.2795212
548,0.05667286,0.3682588,0.2958983,0.27917
549,0.05659167,0.3679532,0.2964393,0.2790159
550,0.05654182,0.3676932,0.2968416,0.2789233
551,0.05650504,0.3674814,0.2971914,0.2788222
552,0.0564713,0.3673047,0.2975447,0.2786793
553,0.05812227,0.3542058,0.300699,0.2869729
554,0.05943489,0.3467787,0.3003759,0.2934105
555,0.06034583,0.3428034,0.2992052,0.2976455
556,0.06093755,0.3408569,0.2980114,0.3001942
557,0.06129104,0.340028,0.2971544,0.3015266
558,0.06147699,0.3397581,0.2967315,0.3020333
559,0.0615518,0.3397261,0.2967075,0.3020147
560,0.06155745,0.3397629,0.2969919,0.3016877
561,0.06152386,0.339792,0.2974812,0.301203
562,0.06147151,0.3397886,0.2980784,0.3006615
563,0.06141419,0.3397545,0.2987014,0.30013
564,0.06136098,0.3397024,0.2992843,0.2996524
565,0.0591073,0.3580644,0.2942256,0.2886027
566,0.05748875,0.3677468,0.2938551,0.2809093
567,0.05645409,0.3724771,0.2948656,0.2762032
568,0.05582412,0.3746153,0.2960467,0.2735139
569,0.05546049,0.3754778,0.2969516,0.2721102
570,0.05526473,0.375763,0.2974897,0.2714826
571,0.05517023,0.3758217,0.2977134,0.2712946
572,0.05513355,0.3758164,0.2977167,0.2713335
573,0.05512733,0.3758116,0.2975906,0.2714705
574,0.05513505,0.3758255,0.2974074,0.271632
575,0.05514716,0.3758559,0.2972183,0.2717787
576,0.05515843,0.375894,0.2970558,0.2718918
577,0.05623492,0.3673869,0.2991067,0.2772714
578,0.05707335,0.3627766,0.2987759,0.281374
579,0.05764954,0.3604594,0.297823,0.284068
580,0.05802485,0.3594397,0.296815,0.2857204
581,0.05825457,0.3591037,0.2959999,0.2866418
582,0.05838449,0.35909,0.2954459,0.2870796
583,0.0584496,0.3591996,0.2951345,0.2872162
584,0.05847491,0.3593328,0.295014,0.2871784
585,0.05847738,0.3594469,0.2950265,0.2870493
586,0.0584681,0.3595296,0.2951206,0.2868817
587,0.05845405,0.3595831,0.2952554,0.2867074
588,0.05843937,0.3596151,0.295401,0.2865446
589,0.05764718,0.3656787,0.2941375,0.2825366
590,0.05706253,0.3688586,0.2944282,0.2796506
591,0.05668124,0.3703951,0.2950814,0.2778423
592,0.05644332,0.3710616,0.2957271,0.276768
593,0.05630225,0.3712991,0.2962257,0.276173
594,0.05622369,0.3713465,0.2965546,0.2758752
595,0.0561837,0.3713256,0.2967397,0.2757511
596,0.05616619,0.3712919,0.2968218,0.2757201
597,0.05616076,0.3712665,0.2968408,0.2757319
598,0.05616112,0.3712536,0.2968276,0.2757577
599,0.05616358,0.3712504,0.2968045,0.2757816
600,0.05616606,0.3712524,0.296786,0.2757954
601,0.05416882,0.3880457,0.2917054,0.2660801
602,0.05276896,0.3962531,0.2915138,0.2594642
603,0.05188408,0.3998837,0.2927625,0.2554697
604,0.05134089,0.401223,0.2942757,0.2531604
605,0.05101593,0.4014913,0.295605,0.2518877
606,0.05082545,0.4013129,0.2966387,0.251223
607,0.05071465,0.4009881,0.2974033,0.2508938
608,0.05064881,0.4006487,0.2979687,0.2507338
609,0.05060665,0.4003417,0.2984062,0.2506454
610,0.05057543,0.4000759,0.2987748,0.2505739
611,0.0505479,0.3998445,0.299117,0.2504905
612,0.05052025,0.3996372,0.2994601,0.2503825
613,0.05291517,0.3781601,0.3068521,0.2620726
614,0.0547802,0.3660005,0.3083354,0.2708839
615,0.05609938,0.359393,0.3076997,0.2768079
616,0.05697168,0.3560734,0.3065008,0.2804542
617,0.05750668,0.3545904,0.3054579,0.2824449
618,0.05780602,0.3540541,0.3048098,0.2833301
619,0.05795336,0.3539531,0.3045473,0.2835463
620,0.05801204,0.3540201,0.3045537,0.2834142
621,0.05802697,0.354134,0.3046843,0.2831547
622,0.05802804,0.3542539,0.3048079,0.2829102
623,0.05803365,0.3543773,0.3048252,0.2827639
624,0.0580537,0.3545159,0.3046746,0.2827558
625,0.05746975,0.3599317,0.3026948,0.2799037
626,0.05706142,0.3629511,0.3019811,0.2780065
627,0.05682066,0.3646029,0.3015818,0.2769946
628,0.05670041,0.3655125,0.3011866,0.2766005
629,0.05666012,0.3660402,0.3006994,0.2766002
630,0.05666823,0.3663817,0.3001268,0.2768233
631,0.0567021,0.3666355,0.2995127,0.2771497
632,0.05674659,0.3668456,0.298906,0.2775017
633,0.05679227,0.3670288,0.2983463,0.2778326
634,0.05683361,0.3671886,0.2978611,0.2781166
635,0.05686782,0.3673238,0.297466,0.2783423
636,0.05689378,0.3674324,0.2971666,0.2785072
637,0.05570347,0.3778775,0.2936108,0.2728082
638,0.05483785,0.3832779,0.2931104,0.2687738
639,0.05426767,0.3858472,0.2936624,0.2662228
640,0.05390396,0.3869065,0.2945147,0.2646749
641,0.05367655,0.3872076,0.2953531,0.2637628
642,0.05353486,0.3871584,0.2960779,0.2632289
643,0.0534444,0.3869682,0.2966843,0.2629031
644,0.05338267,0.3867367,0.297202,0.2626785
645,0.05333563,0.3865059,0.2976669,0.2624916
646,0.05329488,0.3862891,0.2981091,0.2623069
647,0.05325575,0.3860876,0.2985495,0.2621071
648,0.05321591,0.3858983,0.2990001,0.2618856
649,0.05390042,0.3791764,0.3018116,0.2651116
650,0.05438997,0.3754302,0.3028933,0.2672864
651,0.05470997,0.373399,0.3032957,0.2685952
652,0.05489999,0.3723414,0.3034985,0.2692602
653,0.0549995,0.3718072,0.303697,0.2694964
654,0.05504142,0.3715392,0.3039415,0.2694779
655,0.05505077,0.3714007,0.3042144,0.2693341
656,0.05504547,0.3713261,0.3044732,0.2691553
657,0.05503763,0.3712885,0.3046728,0.2690011
658,0.05503484,0.3712808,0.3047769,0.2689074
659,0.05504132,0.3713033,0.304763,0.2688924
660,0.05505873,0.371358,0.3046223,0.268961
661,0.05427353,0.3785769,0.3019307,0.2652188
662,0.05372194,0.3823705,0.3012059,0.2627016
663,0.05337766,0.38428,0.3010991,0.2612433
664,0.05317995,0.3851923,0.3011156,0.2605121
665,0.05307876,0.3856084,0.3010713,0.2602414
666,0.05303689,0.3857961,0.3009296,0.2602374
667,0.05302851,0.3858889,0.3007141,0.2603685
668,0.05303661,0.3859469,0.3004658,0.2605507
669,0.05305047,0.3859925,0.3002239,0.2607331
670,0.05306398,0.3860304,0.3000171,0.2608886
671,0.05307382,0.3860584,0.2998638,0.2610039
672,0.05307844,0.3860731,0.299774,0.2610745
673,0.05568778,0.3637102,0.3068224,0.2737795
674,0.05776913,0.3507566,0.307835,0.2836393
675,0.05927319,0.3435311,0.3067457,0.2904499
676,0.06029589,0.3397875,0.3051045,0.2948122
677,0.06094698,0.338055,0.3036455,0.2973525
678,0.06133163,0.3374034,0.302625,0.29864
679,0.06153871,0.337276,0.3020479,0.2991374
680,0.0616371,0.3373649,0.3018064,0.2991916
681,0.0616766,0.337518,0.3017592,0.2990461
682,0.06169061,0.3376734,0.301778,0.298858
683,0.0617002,0.3378159,0.3017624,0.2987214
684,0.06171731,0.337951,0.3016465,0.2986851
685,0.05950115,0.3560821,0.2965006,0.2879161
686,0.05790278,0.3656055,0.2961107,0.280381
687,0.05690915,0.3702276,0.2969086,0.2759546
688,0.05632424,0.3723145,0.2977974,0.2735639
689,0.05600254,0.3731627,0.2983989,0.2724359
690,0.05584175,0.3734513,0.2986676,0.2720394
691,0.05577359,0.3735168,0.2986811,0.2720285
692,0.05575434,0.3735121,0.2985443,0.2721892
693,0.05575724,0.3734966,0.2983496,0.2723967
694,0.05576697,0.3734856,0.2981628,0.2725845
695,0.05577526,0.3734767,0.2980264,0.2727216
696,0.0557781,0.3734625,0.2979629,0.2727965
697,0.05613644,0.3707689,0.2984609,0.2746338
698,0.05640909,0.3693692,0.2982156,0.2760061
699,0.05658055,0.3687023,0.2978984,0.2768188
700,0.05667804,0.3684177,0.2976693,0.2772349
701,0.05672341,0.3683121,0.2975863,0.2773781
702,0.05673369,0.3682737,0.2976508,0.2773418
703,0.05672153,0.3682468,0.2978383,0.2771933
704,0.05669598,0.3682079,0.2981155,0.2769806
705,0.05666344,0.3681512,0.2984482,0.276737
706,0.05662826,0.3680797,0.2988067,0.2764853
707,0.05659349,0.3679994,0.2991655,0.2762416
708,0.05656132,0.3679174,0.2995036,0.2760176
709,0.05600824,0.3715101,0.2993256,0.2731561
710,0.05557452,0.373193,0.3003212,0.2709112
711,0.05529503,0.3738254,0.3013705,0.2695091
712,0.05512111,0.373949,0.3022653,0.2686647
713,0.05501999,0.3738586,0.3029236,0.2681978
714,0.05496773,0.3737073,0.3033442,0.2679807
715,0.0549473,0.3735678,0.3035601,0.2679247
716,0.054947,0.3734681,0.3036155,0.2679693
717,0.05495884,0.3734136,0.3035535,0.268074
718,0.05497753,0.3733989,0.3034118,0.2682118
719,0.05499952,0.3734149,0.3032209,0.2683646
720,0.05502247,0.373452,0.3030052,0.2685203
721,0.0540027,0.3832053,0.2989969,0.263795
722,0.05328738,0.3883427,0.2977332,0.2606367
723,0.05281674,0.3909167,0.2975972,0.2586693
724,0.05252218,0.3921003,0.2978401,0.2575375
725,0.05234449,0.3925691,0.298149,0.2569375
726,0.05224001,0.3926923,0.2984179,0.2566498
727,0.05217876,0.3926613,0.2986314,0.2565285
728,0.05214115,0.3925688,0.298808,0.2564821
729,0.05211502,0.3924552,0.2989734,0.2564565
730,0.05209297,0.3923352,0.2991509,0.2564209
731,0.0520709,0.3922121,0.2993565,0.2563604
732,0.0520467,0.3920844,0.2995998,0.256269
733,0.05314305,0.382164,0.3031031,0.2615899
734,0.05395459,0.376728,0.3039406,0.2653768
735,0.05449905,0.3738708,0.3038576,0.2677725
736,0.05483844,0.3724645,0.3035621,0.269135
737,0.05503198,0.3718231,0.3033555,0.2697895
738,0.05512899,0.3715516,0.3033218,0.2699976
739,0.05516703,0.3714391,0.3034408,0.269953
740,0.05517295,0.3713839,0.3036526,0.2697906
741,0.05516503,0.3713456,0.3038897,0.2695997
742,0.05515509,0.3713147,0.3040935,0.2694367
743,0.05515027,0.3712951,0.3042209,0.2693337
744,0.05515429,0.3712945,0.3042452,0.269306
745,0.0554618,0.3683673,0.3054824,0.2706884
746,0.05569721,0.3667599,0.3058263,0.2717166
747,0.05587993,0.3659332,0.3056662,0.2725206
748,0.05601903,0.3655753,0.3052663,0.2731393
749,0.05612685,0.3654873,0.3047544,0.2736315
750,0.0562133,0.365548,0.3041954,0.2740433
751,0.05628537,0.365686,0.3036244,0.2744043
752,0.05634725,0.3658598,0.3030629,0.27473
753,0.05640123,0.3660456,0.302527,0.2750261
754,0.0564487,0.3662293,0.3020266,0.2752955
755,0.0564903,0.3664031,0.3015689,0.2755378
756,0.05652636,0.3665625,0.3011593,0.2757518
757,0.05747748,0.3588047,0.3033711,0.2803467
758,0.0582042,0.3544529,0.3035989,0.2837439
759,0.05871455,0.3521313,0.3031232,0.286031
760,0.0590552,0.3509918,0.3024782,0.2874749
761,0.05927247,0.3505031,0.301897,0.2883274
762,0.05940543,0.350348,0.3014532,0.2887933
763,0.05948396,0.3503473,0.3011452,0.2890236
764,0.05952933,0.3504069,0.3009414,0.2891224
765,0.05955588,0.3504824,0.3008049,0.2891568
766,0.0595727,0.3505562,0.3007038,0.2891673
767,0.05958525,0.3506238,0.3006146,0.2891764
768,0.05959658,0.3506865,0.3005217,0.2891952
769,0.05837124,0.3615834,0.2966465,0.2833989
770,0.05747777,0.367513,0.2956898,0.2793193
771,0.05688649,0.3705602,0.2958093,0.2767441
772,0.05651431,0.3720183,0.296237,0.2752303
773,0.05629021,0.3726477,0.2966537,0.2744083
774,0.05616092,0.3728724,0.2969599,0.2740069
775,0.05608917,0.3729166,0.2971523,0.273842
776,0.05605021,0.372891,0.2972634,0.2737954
777,0.05602824,0.3728449,0.297332,0.2737948
778,0.05601378,0.3727964,0.2973898,0.2738
779,0.05600141,0.3727493,0.2974592,0.27379
780,0.05598824,0.372702,0.2975542,0.2737556
781,0.05395607,0.3894787,0.2926508,0.2639143
782,0.05253648,0.397608,0.2926091,0.2572464
783,0.05163702,0.4011647,0.2939837,0.2532147
784,0.05108055,0.4024475,0.2956062,0.2508659
785,0.05074241,0.4026751,0.2970346,0.2495479
786,0.05053875,0.402467,0.2981605,0.2488338
787,0.05041499,0.4021191,0.2990116,0.2484542
788,0.05033672,0.4017599,0.2996582,0.2482452
789,0.0502829,0.4014346,0.3001711,0.2481114
790,0.05024111,0.401151,0.3006079,0.248
791,0.05020441,0.4009026,0.3010086,0.2478844
792,0.05016922,0.4006793,0.3013979,0.2477536
793,0.05133683,0.390136,0.3050311,0.2534961
794,0.05220789,0.3845061,0.3056354,0.2576506
795,0.05278838,0.3816589,0.3052796,0.2602731
796,0.05315073,0.3803475,0.3047138,0.261788
797,0.05336018,0.3798265,0.3042569,0.2625563
798,0.0534702,0.3796747,0.3039913,0.2628638
799,0.05352099,0.3796717,0.3038881,0.2629192
800,0.05354083,0.3797153,0.3038788,0.2628651
801,0.05354838,0.379767,0.3038917,0.2627929
802,0.05355514,0.3798194,0.3038691,0.2627563
803,0.05356747,0.3798769,0.3037729,0.2627827
804,0.05358817,0.3799469,0.303584,0.262881
805,0.05462727,0.3714131,0.3060122,0.2679475
806,0.05543083,0.3667927,0.3060009,0.2717755
807,0.05600297,0.3644591,0.3051205,0.2744175
808,0.05639756,0.3634321,0.3039879,0.2761825
809,0.05666455,0.3631101,0.302885,0.2773404
810,0.05684464,0.3631389,0.3019137,0.2781028
811,0.05696807,0.3633212,0.3010904,0.2786204
812,0.05705546,0.3635538,0.3003994,0.2789913
813,0.05711999,0.3637875,0.2998184,0.2792741
814,0.05716994,0.3640014,0.2993253,0.2795034
815,0.05721012,0.3641888,0.2989041,0.2796969
816,0.05724321,0.3643497,0.298544,0.279863
817,0.05583951,0.3763085,0.2948005,0.2730515
818,0.05482897,0.3824369,0.2944433,0.2682909
819,0.05418035,0.3853319,0.2951044,0.2653833
820,0.05377898,0.3865413,0.2959811,0.2636986
821,0.05353864,0.3869242,0.2967581,0.262779
822,0.05339857,0.3869365,0.2973538,0.2623111
823,0.05331804,0.3868065,0.2977844,0.2620911
824,0.0532708,0.3866392,0.2980973,0.2619928
825,0.05324059,0.3864762,0.2983418,0.2619414
826,0.05321764,0.3863288,0.298559,0.2618947
827,0.0531964,0.3861948,0.2987781,0.2618307
828,0.05317397,0.3860686,0.2990174,0.26174
829,0.05472378,0.3724376,0.3035677,0.2692708
830,0.05590935,0.3648069,0.3044403,0.2748434
831,0.05672773,0.3607179,0.3040636,0.2784908
832,0.05725666,0.3586818,0.3033887,0.2806729
833,0.05757364,0.3577658,0.3028397,0.281821
834,0.05774599,0.3574127,0.3025471,0.2822942
835,0.05782671,0.3573109,0.3024959,0.2823665
836,0.05785456,0.3573016,0.3026114,0.2822324
837,0.05785635,0.357315,0.302806,0.2820227
838,0.05784969,0.3573286,0.3030014,0.2818203
839,0.05784539,0.3573425,0.303138,0.2816741
840,0.0578494,0.3573651,0.3031773,0.2816083
841,0.05770474,0.3586541,0.3027956,0.2808456
842,0.05761165,0.3593968,0.3026067,0.2803848
843,0.05756855,0.359834,0.3023907,0.2802067
844,0.05756178,0.3601147,0.3020947,0.2802288
845,0.05757949,0.3603229,0.3017149,0.2803827
846,0.05761207,0.3605022,0.3012721,0.2806136
847,0.05765216,0.3606722,0.3007952,0.2808805
848,0.05769454,0.3608389,0.3003124,0.2811541
849,0.05773561,0.3610018,0.2998478,0.2814148
850,0.05777304,0.3611574,0.2994199,0.2816496
851,0.05780549,0.3613018,0.2990414,0.2818513
852,0.05783229,0.3614314,0.2987198,0.2820164
853,0.05511894,0.3848207,0.2910326,0.2690277
854,0.05323972,0.3963048,0.2901409,0.2603145
855,0.05206458,0.4014461,0.2913643,0.2551251
856,0.05134829,0.403432,0.2930566,0.2521631
857,0.05092035,0.4039402,0.2945921,0.2505474
858,0.05066806,0.4038194,0.2958032,0.2497094
859,0.05051908,0.4034773,0.2967089,0.2492947
860,0.0504281,0.4030934,0.297389,0.2490895
861,0.05036744,0.4027339,0.2979296,0.248969
862,0.05032078,0.4024132,0.2984018,0.2488642
863,0.05027875,0.4021249,0.2988573,0.2487391
864,0.05023634,0.4018568,0.2993297,0.2485772
865,0.05425314,0.3652614,0.3124695,0.268016
866,0.05751247,0.3430618,0.3162127,0.2832131
867,0.05994551,0.329844,0.3162181,0.2939924
868,0.06163317,0.3223146,0.3151066,0.3009456
869,0.06271034,0.318247,0.3141512,0.3048915
870,0.06333094,0.3161674,0.3138095,0.3066923
871,0.06364263,0.3151485,0.3140724,0.3071365
872,0.06377261,0.3146532,0.3146926,0.3068817
873,0.06382182,0.3144068,0.315334,0.3064375
