EwEVersion,"6.5.13829.0 (compiled 2016-05-17)"
Date,"2016-09-06 18:00:42"
ModelName,Baltic_Proper-SEALS
EcosimScenario,Proper1_SealVuln100_19742100_seal100_cofF1
TimeSeries,new_data_weights_19742100_seal100_codF1
StartYear,1974

Data,"Prey of microzooplankton"

TimeStep,"Cyanobacteria","Phytoplankton","Detritus-water column",
1,0.0008785256,0.5158164,0.4833051
2,0.0008198718,0.5461308,0.4530493
3,0.0007911188,0.559675,0.4395338
4,0.0007766322,0.5654634,0.4337601
5,0.0007692975,0.5675439,0.4316868
6,0.0007655739,0.5678974,0.431337
7,0.0007636457,0.5675094,0.431727
8,0.0007625801,0.5668615,0.4323759
9,0.0007619071,0.5661771,0.433061
10,0.0007613972,0.5655503,0.4336883
11,0.0007609448,0.5650129,0.4342261
12,0.0007605043,0.5645697,0.4346699
13,0.0007726948,0.5569893,0.442238
14,0.0007796324,0.5525924,0.446628
15,0.0007832795,0.5502692,0.4489475
16,0.0007850192,0.5491337,0.4500813
17,0.0007856891,0.5486611,0.4505533
18,0.0007857836,0.5485436,0.4506706
19,0.000785586,0.5486045,0.45061
20,0.0007852534,0.5487427,0.450472
21,0.0007848715,0.5488992,0.4503158
22,0.0007844871,0.5490367,0.4501787
23,0.0007841254,0.54913,0.4500859
24,0.0007838001,0.549161,0.4500553
25,0.0007128019,0.5897602,0.4095269
26,0.0006786226,0.6086188,0.3907025
27,0.0006622651,0.6165195,0.3828183
28,0.0006541656,0.6195205,0.3798253
29,0.0006501476,0.6201602,0.3791896
30,0.0006481193,0.6197114,0.3796404
31,0.000647025,0.6188141,0.3805389
32,0.0006463414,0.6177795,0.3815741
33,0.0006458191,0.6167487,0.3826056
34,0.0006453432,0.6157827,0.3835718
35,0.0006448679,0.6149006,0.3844545
36,0.0006443789,0.6141027,0.3852529
37,0.0006596079,0.6041189,0.3952215
38,0.0006681603,0.598319,0.4010129
39,0.0006726587,0.5951244,0.404203
40,0.0006748312,0.593407,0.4059182
41,0.0006757188,0.5924978,0.4068265
42,0.0006759249,0.5920126,0.4073115
43,0.0006757872,0.5917385,0.4075857
44,0.0006754882,0.5915614,0.4077632
45,0.0006751236,0.591422,0.4079029
46,0.0006747453,0.591285,0.4080403
47,0.0006743785,0.5911316,0.4081939
48,0.0006740356,0.590951,0.4083749
49,0.0006902047,0.5809171,0.4183927
50,0.0006995352,0.5751517,0.4241487
51,0.0007046558,0.5720504,0.427245
52,0.0007073485,0.5704287,0.4288639
53,0.0007086945,0.5695848,0.4297064
54,0.0007093266,0.5691155,0.4301751
55,0.0007096,0.5688021,0.4304884
56,0.0007097046,0.5685337,0.4307567
57,0.0007097368,0.5682601,0.4310302
58,0.0007097392,0.5679685,0.4313217
59,0.0007097298,0.5676602,0.4316302
60,0.0007097147,0.5673422,0.4319481
61,0.0007164613,0.5632625,0.436021
62,0.0007203276,0.5610325,0.4382472
63,0.0007226323,0.5596789,0.4395985
64,0.0007239576,0.5588757,0.4404005
65,0.0007247046,0.5583827,0.4408926
66,0.0007251185,0.5580565,0.4412184
67,0.0007253435,0.5578166,0.4414581
68,0.0007254618,0.5576205,0.4416541
69,0.0007255198,0.5574478,0.4418266
70,0.0007255449,0.5572874,0.4419871
71,0.0007255507,0.5571351,0.4421394
72,0.0007255446,0.5569903,0.4422842
73,0.0006834582,0.5824492,0.4168673
74,0.0006619956,0.5949562,0.4043818
75,0.0006510922,0.600673,0.3986759
76,0.0006455063,0.6030594,0.3962951
77,0.0006426264,0.6038129,0.3955446
78,0.0006411021,0.6038029,0.395556
79,0.0006402352,0.6034724,0.3958874
80,0.0006396709,0.6030402,0.3963201
81,0.0006392344,0.6026087,0.3967521
82,0.0006388442,0.6022215,0.3971396
83,0.0006384642,0.6018935,0.397468
84,0.0006380806,0.6016265,0.3977354
85,0.0006383589,0.6006067,0.3987549
86,0.0006383623,0.5997743,0.3995873
87,0.0006379871,0.5993913,0.3999707
88,0.000637499,0.5992,0.4001625
89,0.0006369814,0.5991188,0.4002442
90,0.0006364624,0.5991138,0.4002497
91,0.0006359488,0.599169,0.4001951
92,0.0006354408,0.5992742,0.4000904
93,0.000634937,0.5994203,0.3999447
94,0.0006344387,0.5995958,0.3997697
95,0.0006339511,0.5997854,0.3995806
96,0.0006334829,0.5999701,0.3993964
97,0.0006227616,0.6064318,0.3929455
98,0.0006168393,0.6097195,0.3896638
99,0.0006135149,0.6112986,0.3880879
100,0.0006116548,0.6119035,0.3874849
101,0.0006106101,0.6119584,0.3874309
102,0.0006100218,0.6116985,0.3876915
103,0.0006096922,0.6112547,0.3881356
104,0.0006095131,0.6107025,0.3886879
105,0.000609424,0.6100881,0.3893025
106,0.0006093886,0.6094444,0.3899462
107,0.0006093818,0.6087967,0.3905939
108,0.0006093866,0.6081648,0.3912258
109,0.0006286778,0.5952079,0.4041633
110,0.0006399935,0.5875787,0.4117814
111,0.0006462695,0.5834679,0.4158858
112,0.0006496438,0.5813385,0.4180119
113,0.0006513968,0.5802957,0.419053
114,0.0006522773,0.5798237,0.419524
115,0.0006527056,0.579637,0.4197103
116,0.0006529087,0.5795842,0.4197629
117,0.0006530037,0.579589,0.419758
118,0.0006530487,0.5796157,0.4197313
119,0.000653072,0.5796481,0.4196989
120,0.0006530865,0.579679,0.419668
121,0.0006465263,0.5839973,0.4153562
122,0.000642908,0.586369,0.4129882
123,0.0006410361,0.5874959,0.4118631
124,0.0006400722,0.5879971,0.4113629
125,0.000639583,0.5881769,0.4111835
126,0.0006393338,0.5881988,0.4111619
127,0.0006391992,0.5881489,0.4112118
128,0.0006391154,0.588071,0.4112898
129,0.0006390518,0.5879853,0.4113756
130,0.000638994,0.5879009,0.4114601
131,0.0006389362,0.587821,0.4115402
132,0.0006388758,0.5877467,0.4116144
133,0.0006936348,0.5539035,0.4454028
134,0.0007288627,0.5336701,0.4656011
135,0.0007507709,0.5221894,0.4770598
136,0.0007637936,0.5164051,0.4828311
137,0.000771332,0.5139413,0.4852873
138,0.0007756632,0.5132437,0.4859806
139,0.0007782071,0.5133716,0.4858502
140,0.0007798017,0.513792,0.4854282
141,0.000780919,0.514224,0.4849951
142,0.0007818191,0.5145273,0.4846909
143,0.0007826357,0.5146451,0.4845723
144,0.0007834331,0.5145659,0.4846506
145,0.0007134796,0.5573162,0.4419704
146,0.0006796735,0.5767962,0.4225241
147,0.0006628307,0.5853825,0.4139547
148,0.0006542469,0.588886,0.4104598
149,0.000649803,0.5900308,0.4093193
150,0.0006474481,0.5901346,0.409218
151,0.000646146,0.589825,0.4095289
152,0.0006453753,0.5893884,0.4099663
153,0.000644874,0.5889467,0.4104084
154,0.0006445107,0.5885469,0.4108086
155,0.0006442193,0.5882028,0.4111529
156,0.000643966,0.5879158,0.4114402
157,0.0007674717,0.5102121,0.4890205
158,0.0008618384,0.4529794,0.5461587
159,0.0009292632,0.4148309,0.5842398
160,0.0009752012,0.3913346,0.6076903
161,0.001005398,0.3780966,0.620898
162,0.001024707,0.3715591,0.6274162
163,0.001036843,0.3691057,0.6298575
164,0.001044451,0.3689415,0.6300141
165,0.001049305,0.3699113,0.6290394
166,0.001052532,0.3713154,0.627632
167,0.001054822,0.3727529,0.6261922
168,0.001056582,0.3740117,0.6249317
169,0.0009734679,0.4240737,0.5749528
170,0.0009275723,0.450286,0.5487865
171,0.0009042085,0.4613762,0.5377195
172,0.0008911829,0.4663131,0.5327957
173,0.0008836554,0.4685968,0.5305195
174,0.0008793158,0.4696119,0.5295088
175,0.0008768507,0.4700748,0.5290483
176,0.0008755011,0.470335,0.5287895
177,0.000874826,0.4705457,0.5285795
178,0.0008745682,0.4707634,0.5283619
179,0.0008745721,0.471004,0.5281214
180,0.0008747407,0.4712694,0.5278558
181,0.0008495058,0.4864937,0.5126568
182,0.0008350877,0.495039,0.5041259
183,0.0008270712,0.4996828,0.4994902
184,0.0008227375,0.5021558,0.4970213
185,0.0008204884,0.5034615,0.495718
186,0.0008193944,0.5041706,0.49501
187,0.0008189224,0.5046008,0.4945803
188,0.0008187724,0.5049236,0.4942576
189,0.0008187791,0.505229,0.4939521
190,0.000818855,0.5055606,0.4936206
191,0.0008189544,0.5059379,0.4932432
192,0.0008190551,0.5063689,0.4928121
193,0.0008038519,0.5157564,0.4834398
194,0.0007951642,0.5211168,0.478088
195,0.0007902749,0.5241803,0.4750294
196,0.0007875799,0.5259527,0.4732597
197,0.0007861233,0.5270245,0.4721894
198,0.0007853495,0.5277284,0.4714863
199,0.0007849427,0.5282437,0.4709713
200,0.0007847291,0.5286614,0.4705539
201,0.0007846173,0.529022,0.4701934
202,0.0007845624,0.5293388,0.4698767
203,0.0007845444,0.5296121,0.4696034
204,0.0007845556,0.5298377,0.4693777
205,0.0008512292,0.4908803,0.5082685
206,0.0008961977,0.4656861,0.5334178
207,0.0009251073,0.4506869,0.548388
208,0.0009429721,0.4424432,0.5566139
209,0.0009536665,0.4383642,0.5606822
210,0.000959943,0.4366603,0.5623798
211,0.000963629,0.4361841,0.5628522
212,0.0009658686,0.4362495,0.5627847
213,0.0009673382,0.4364785,0.5625542
214,0.0009684067,0.4367016,0.56233
215,0.0009692678,0.4368592,0.5621716
216,0.0009700164,0.4369494,0.5620806
217,0.0008918723,0.4819497,0.5171584
218,0.0008505007,0.5048288,0.4943208
219,0.0008288736,0.5159796,0.4831914
220,0.000817567,0.5212066,0.4779758
221,0.0008117431,0.5234464,0.4757419
222,0.0008088225,0.5242285,0.4749627
223,0.0008074143,0.5243458,0.4748468
224,0.000806773,0.5241988,0.4749945
225,0.0008065053,0.5239801,0.4752134
226,0.0008064091,0.5237755,0.4754181
227,0.0008063846,0.5236176,0.475576
228,0.000806385,0.5235143,0.4756792
229,0.0008198186,0.5159936,0.4831866
230,0.0008279664,0.5117719,0.4874001
231,0.0008328645,0.5094802,0.4896869
232,0.0008357364,0.5083713,0.4907929
233,0.0008373961,0.5079472,0.4912154
234,0.0008383552,0.5078993,0.4912623
235,0.0008389219,0.5080447,0.4911163
236,0.0008392759,0.5082788,0.490882
237,0.0008395182,0.5085427,0.4906178
238,0.0008397033,0.508804,0.4903563
239,0.0008398598,0.5090445,0.4901156
240,0.0008400003,0.5092545,0.4899055
241,0.0008125991,0.5257419,0.4734456
242,0.0007975002,0.5347655,0.464437
243,0.0007896522,0.5391374,0.460073
244,0.0007856179,0.541129,0.4580854
245,0.0007835945,0.5418913,0.4573251
246,0.0007826001,0.5420455,0.4571719
247,0.0007821072,0.5419232,0.4572947
248,0.0007818405,0.5416958,0.4575223
249,0.0007816643,0.5414472,0.4577712
250,0.000781518,0.5412114,0.458007
251,0.0007813769,0.5410004,0.4582182
252,0.0007812337,0.5408152,0.4584036
253,0.0007698615,0.5463727,0.4528574
254,0.0007632275,0.549107,0.4501297
255,0.0007590745,0.5506487,0.4485922
256,0.0007565281,0.5514034,0.44784
257,0.000754958,0.5517081,0.447537
258,0.000753968,0.5517735,0.4474725
259,0.0007533192,0.551722,0.4475246
260,0.0007528702,0.5516215,0.4476256
261,0.0007525383,0.5515076,0.4477398
262,0.000752276,0.551398,0.4478497
263,0.0007520564,0.5513005,0.4479474
264,0.000751864,0.5512173,0.4480309
265,0.0008157635,0.5144917,0.4846925
266,0.000858114,0.4915911,0.5075507
267,0.0008851183,0.4781291,0.5209857
268,0.0009016037,0.4709554,0.528143
269,0.0009113507,0.4676099,0.5314787
270,0.0009170097,0.4664061,0.5326768
271,0.000920308,0.4662723,0.5328074
272,0.0009223093,0.4665668,0.5325109
273,0.0009236322,0.4669297,0.5321466
274,0.000924614,0.4671839,0.5318914
275,0.0009254243,0.4672603,0.5318142
276,0.0009261361,0.4671578,0.5319161
277,0.0009447123,0.4563393,0.542716
278,0.0009565561,0.449394,0.5496495
279,0.0009637091,0.4453584,0.553678
280,0.0009678951,0.443143,0.5558892
281,0.0009702784,0.4420236,0.5570061
282,0.0009716123,0.4415371,0.5574913
283,0.0009723649,0.4413993,0.5576283
284,0.0009728148,0.4414441,0.5575831
285,0.0009731212,0.4415789,0.557448
286,0.0009733702,0.4417544,0.5572722
287,0.0009736052,0.4419461,0.5570802
288,0.0009738457,0.4421433,0.5568829
289,0.000899617,0.4841149,0.5149855
290,0.0008598766,0.5056534,0.4934869
291,0.0008388259,0.5162773,0.4828839
292,0.0008276436,0.5213273,0.477845
293,0.0008217465,0.5235375,0.4756408
294,0.0008186745,0.5243416,0.4748397
295,0.0008170918,0.524491,0.474692
296,0.0008162764,0.5243708,0.4748129
297,0.0008158438,0.524171,0.4750132
298,0.0008155957,0.5239769,0.4752074
299,0.0008154332,0.5238228,0.4753618
300,0.0008153087,0.5237178,0.4754669
301,0.0007498086,0.5611991,0.4380511
302,0.0007170184,0.5790964,0.4201865
303,0.0007002751,0.587409,0.4118907
304,0.000691598,0.5910391,0.4082693
305,0.0006870588,0.5923688,0.4069442
306,0.0006846352,0.5926042,0.4067113
307,0.000683275,0.5923572,0.4069595
308,0.0006824359,0.5919302,0.4073873
309,0.0006818448,0.5914647,0.4078534
310,0.0006813673,0.5910231,0.4082955
311,0.0006809421,0.5906262,0.4086929
312,0.0006805431,0.5902761,0.4090435
313,0.0007729144,0.535242,0.463985
314,0.0008380219,0.4977277,0.5014343
315,0.0008808968,0.4746875,0.5244317
316,0.0009076466,0.4617955,0.537297
317,0.0009235946,0.4554147,0.5436617
318,0.0009327667,0.4528743,0.5461929
319,0.000937931,0.452389,0.546673
320,0.0009408512,0.4528503,0.5462089
321,0.0009425812,0.4536107,0.5454468
322,0.0009437047,0.4543314,0.5447249
323,0.0009445259,0.4548566,0.5441989
324,0.0009451889,0.4551399,0.543915
325,0.0009375189,0.4597113,0.5393512
326,0.0009329671,0.4621345,0.5369326
327,0.000930267,0.463371,0.5356987
328,0.0009286982,0.4639146,0.5351566
329,0.0009277983,0.4640981,0.5349741
330,0.0009272919,0.4641212,0.5349515
331,0.000927023,0.4640936,0.5349794
332,0.000926905,0.4640701,0.5350029
333,0.000926889,0.4640749,0.5349982
334,0.00092695,0.4641098,0.5349633
335,0.0009270714,0.4641718,0.5349011
336,0.0009272396,0.4642563,0.5348164
337,0.0009334639,0.4609914,0.5380751
338,0.0009374319,0.4591367,0.5399258
339,0.0009399483,0.4581645,0.5408955
340,0.0009415549,0.457732,0.5413264
341,0.000942607,0.4576192,0.5414382
342,0.0009433299,0.457691,0.5413657
343,0.000943862,0.4578678,0.5411883
344,0.0009442866,0.4581039,0.5409518
345,0.0009446521,0.4583734,0.5406819
346,0.0009449859,0.458664,0.540391
347,0.0009453036,0.4589681,0.5400866
348,0.0009456147,0.4592803,0.5397741
349,0.0008152933,0.5341245,0.4650602
350,0.0007557583,0.5672451,0.4319991
351,0.000727876,0.5815338,0.4177383
352,0.0007142775,0.5875492,0.4117364
353,0.0007075843,0.5897074,0.4095851
354,0.0007042628,0.5901003,0.4091955
355,0.0007025567,0.589749,0.4095485
356,0.0007015952,0.5891432,0.4101553
357,0.0007009566,0.5885041,0.4107949
358,0.0007004466,0.5879216,0.4113779
359,0.0006999819,0.5874227,0.4118773
360,0.0006995309,0.5870075,0.4122929
361,0.0007783372,0.5401101,0.4591116
362,0.0008320922,0.5087373,0.4904306
363,0.0008661504,0.4901437,0.5089901
364,0.000886573,0.4801221,0.5189913
365,0.0008982288,0.4754049,0.5236969
366,0.0009045977,0.4737172,0.5253782
367,0.000907965,0.4736001,0.5254919
368,0.0009097275,0.474182,0.5249082
369,0.0009106873,0.4749732,0.5241161
370,0.0009112805,0.4757101,0.5233786
371,0.0009117263,0.4762651,0.5228231
372,0.000912122,0.4765908,0.5224971
373,0.0009226588,0.4710404,0.528037
374,0.0009292375,0.4676771,0.5313936
375,0.0009332816,0.4656421,0.5334246
376,0.0009357259,0.4643953,0.5346689
377,0.000937182,0.4636075,0.5354553
378,0.0009380357,0.4630912,0.5359709
379,0.000938529,0.4627446,0.5363168
380,0.0009388131,0.4625128,0.5365484
381,0.0009389835,0.4623643,0.5366967
382,0.0009390982,0.4622816,0.5367793
383,0.000939195,0.4622508,0.53681
384,0.0009392956,0.4622606,0.5368001
385,0.0009411324,0.4612382,0.5378207
386,0.0009423152,0.4606537,0.538404
387,0.0009430599,0.4603929,0.538664
388,0.0009435526,0.4603256,0.5387308
389,0.0009439057,0.4603733,0.5386828
390,0.000944184,0.4604909,0.5385649
391,0.0009444234,0.4606543,0.5384013
392,0.0009446425,0.4608518,0.5382036
393,0.0009448508,0.4610783,0.5379767
394,0.0009450545,0.46133,0.5377249
395,0.0009452562,0.4616047,0.5374501
396,0.0009454573,0.4619009,0.5371537
397,0.0009651309,0.4504503,0.5485846
398,0.0009775335,0.4433689,0.5556536
399,0.0009847928,0.4396794,0.5593358
400,0.0009889113,0.4379865,0.5610246
401,0.000991179,0.4374266,0.5615822
402,0.0009924062,0.4374713,0.5615363
403,0.0009930815,0.4378081,0.5611989
404,0.0009934864,0.4382599,0.5607466
405,0.0009937737,0.4387312,0.560275
406,0.0009940201,0.4391754,0.5598306
407,0.0009942596,0.439572,0.5594338
408,0.0009945034,0.4399144,0.5590911
409,0.000898158,0.493948,0.5051539
410,0.0008489663,0.5204241,0.4787269
411,0.0008240122,0.5328138,0.4663622
412,0.0008111619,0.5383931,0.4607958
413,0.0008045589,0.54062,0.4585755
414,0.0008011844,0.5412478,0.457951
415,0.000799451,0.5411716,0.4580289
416,0.0007985276,0.5408379,0.4583636
417,0.0007979859,0.5404577,0.4587443
418,0.0007976124,0.540122,0.4590804
419,0.0007973042,0.5398628,0.45934
420,0.0007970151,0.5396852,0.4595178
421,0.0008020544,0.5366738,0.4625241
422,0.0008048935,0.5350612,0.4641338
423,0.0008064433,0.5342289,0.4649647
424,0.0008071978,0.5338826,0.4653102
425,0.000807486,0.5338175,0.465375
426,0.0008075124,0.5339043,0.4652882
427,0.0008073988,0.5340634,0.4651291
428,0.0008072179,0.534245,0.4649478
429,0.0008070129,0.5344158,0.4647771
430,0.0008068103,0.5345524,0.4646408
431,0.0008066258,0.534638,0.4645554
432,0.0008064678,0.5346617,0.4645319
433,0.0008699024,0.4994178,0.4997124
434,0.0009118722,0.4775252,0.5215629
435,0.0009387587,0.464493,0.5345684
436,0.0009552477,0.4574074,0.5416374
437,0.0009650703,0.4538998,0.5451351
438,0.0009708432,0.4523471,0.546682
439,0.0009742708,0.4517235,0.5473022
440,0.0009763963,0.4514271,0.5475965
441,0.0009778162,0.4511429,0.5478793
442,0.0009788348,0.450756,0.5482652
443,0.000979595,0.4502631,0.5487573
444,0.0009801585,0.4497186,0.5493012
445,0.0009828501,0.4488785,0.5501387
446,0.0009845573,0.4487462,0.5502692
447,0.0009859655,0.4485941,0.5504199
448,0.000987123,0.4484617,0.5505512
449,0.0009880923,0.4483444,0.5506675
450,0.0009889186,0.4482388,0.5507722
451,0.0009896342,0.4481437,0.5508667
452,0.0009902612,0.4480605,0.5509493
453,0.000990816,0.4479912,0.551018
454,0.0009913131,0.4479353,0.5510733
455,0.0009917631,0.4478928,0.5511155
456,0.0009921737,0.4478632,0.5511447
457,0.0009816603,0.45212,0.5468983
458,0.0009752917,0.4535555,0.5454692
459,0.0009706435,0.4546795,0.5443498
460,0.0009672762,0.4555824,0.5434504
461,0.0009648943,0.4562904,0.5427447
462,0.0009632569,0.456836,0.5422007
463,0.0009621647,0.4572613,0.5417765
464,0.0009614591,0.4576086,0.5414299
465,0.00096102,0.4579148,0.5411242
466,0.0009607597,0.4582082,0.540831
467,0.000960616,0.4585099,0.5405295
468,0.000960546,0.4588359,0.5402036
469,0.0008587092,0.5161304,0.483011
470,0.0008085446,0.5433651,0.4558264
471,0.0007837475,0.5558223,0.4433939
472,0.0007712102,0.5613565,0.4378722
473,0.000764846,0.5635532,0.435682
474,0.000761601,0.5641793,0.4350591
475,0.0007599026,0.5641202,0.4351199
476,0.0007589443,0.5638107,0.4354304
477,0.0007583214,0.5634522,0.4357894
478,0.0007578393,0.5631293,0.4361129
479,0.000757411,0.5628665,0.436376
480,0.0007570015,0.5626625,0.4365805
481,0.0008712529,0.4966732,0.5024555
482,0.0009551859,0.4493821,0.5496627
483,0.001012917,0.418948,0.5800391
484,0.001050724,0.400837,0.5981123
485,0.001074381,0.3911007,0.6078249
486,0.001088553,0.3866546,0.6122568
487,0.001096719,0.3852664,0.6136369
488,0.001101312,0.3854171,0.6134815
489,0.001103927,0.3861313,0.6127648
490,0.00110553,0.3868423,0.6120521
491,0.001106655,0.3872639,0.6116294
492,0.001107556,0.3873036,0.6115888
493,0.001124486,0.3783136,0.620562
494,0.00113591,0.3722395,0.6266245
495,0.001143384,0.3682248,0.6306319
496,0.001148118,0.3656603,0.6331916
497,0.001151023,0.3640918,0.6347572
498,0.001152755,0.3631941,0.6356532
499,0.001153775,0.3627367,0.6361095
500,0.001154389,0.3625611,0.6362845
501,0.001154795,0.3625597,0.6362855
502,0.001155114,0.3626571,0.6361878
503,0.001155415,0.3628061,0.6360385
504,0.001155727,0.3629796,0.6358647
505,0.001108575,0.3891217,0.6097696
506,0.001079379,0.404892,0.5940286
507,0.001062454,0.4135917,0.5853459
508,0.001052905,0.4181747,0.5807723
509,0.00104769,0.4204549,0.5784974
510,0.001044968,0.4215055,0.5774496
511,0.001043646,0.4219415,0.5770148
512,0.001043086,0.4221025,0.5768544
513,0.001042924,0.4221668,0.5767903
514,0.001042959,0.4222233,0.5767337
515,0.001043081,0.4223102,0.5766467
516,0.001043237,0.4224402,0.5765166
517,0.001103478,0.3898858,0.6090108
518,0.001145606,0.3681632,0.6306911
519,0.001174174,0.3545038,0.6443221
520,0.001193041,0.3464289,0.6523781
521,0.0012052,0.3420439,0.6567509
522,0.001212881,0.339967,0.6588202
523,0.00121768,0.3392344,0.6595479
524,0.001220688,0.3392045,0.6595749
525,0.001222623,0.3394712,0.6593062
526,0.00122393,0.3397942,0.6589818
527,0.001224876,0.3400456,0.6587295
528,0.001225605,0.3401712,0.6586032
529,0.001253826,0.3252741,0.673472
530,0.001273896,0.3149314,0.6837947
531,0.001287661,0.3081619,0.6905504
532,0.001296906,0.3038731,0.6948299
533,0.001302984,0.3012551,0.6974419
534,0.001306901,0.2997227,0.6989704
535,0.001309378,0.2988698,0.6998209
536,0.001310923,0.2984262,0.700263
537,0.001311879,0.2982197,0.7004684
538,0.001312472,0.2981447,0.7005427
539,0.001312851,0.2981396,0.7005476
540,0.001313104,0.2981701,0.7005168
541,0.001227429,0.3442138,0.6545588
542,0.001172139,0.3730999,0.625728
543,0.001140323,0.3886841,0.6101755
544,0.001122312,0.3966645,0.6022133
545,0.001112243,0.400488,0.5983997
546,0.001106692,0.4021366,0.5967568
547,0.001103678,0.4027149,0.5961814
548,0.001102068,0.4028181,0.5960798
549,0.001101222,0.4027515,0.5961472
550,0.001100783,0.4026617,0.5962375
551,0.001100561,0.4026105,0.596289
552,0.001100454,0.4026181,0.5962815
553,0.001128767,0.3869368,0.6119344
554,0.001147786,0.3766989,0.6221533
555,0.00115995,0.3706463,0.6281937
556,0.001167487,0.3673346,0.6314979
557,0.001172014,0.3657404,0.6330875
558,0.001174657,0.3651664,0.633659
559,0.001176171,0.3651583,0.6336656
560,0.00117704,0.365434,0.633389
561,0.00117756,0.3658263,0.632996
562,0.001177904,0.3662412,0.6325809
563,0.001178167,0.3666283,0.6321935
564,0.0011784,0.3669623,0.6318592
565,0.001139115,0.3881594,0.6107016
566,0.001114402,0.4009871,0.5978985
567,0.001099711,0.4081362,0.5907641
568,0.001091172,0.4118883,0.5870205
569,0.001086315,0.4136936,0.5852201
570,0.001083607,0.4144386,0.5844778
571,0.001082124,0.4146452,0.5842727
572,0.001081321,0.4146073,0.5843114
573,0.001080886,0.414482,0.5844371
574,0.001080645,0.4143468,0.5845726
575,0.001080505,0.4142355,0.584684
576,0.001080417,0.4141592,0.5847603
577,0.001099065,0.4038904,0.5950105
578,0.001111282,0.3973311,0.6015576
579,0.001118884,0.3935211,0.60536
580,0.001123454,0.3914623,0.6074142
581,0.001126103,0.3904726,0.6084013
582,0.001127581,0.3901001,0.6087723
583,0.001128376,0.3900592,0.6088125
584,0.001128791,0.3901785,0.6086927
585,0.001129008,0.3903609,0.6085101
586,0.001129129,0.3905545,0.6083165
587,0.001129209,0.3907344,0.6081364
588,0.001129277,0.3908907,0.6079801
589,0.001116121,0.3982496,0.6006343
590,0.001107774,0.4027935,0.5960987
591,0.001102781,0.4053568,0.5935404
592,0.001099879,0.4067249,0.5921753
593,0.001098245,0.4073988,0.5915029
594,0.001097357,0.4076903,0.5912123
595,0.001096894,0.4077855,0.5911176
596,0.001096666,0.4077908,0.5911126
597,0.001096563,0.407764,0.5911395
598,0.001096525,0.407733,0.5911705
599,0.001096521,0.4077101,0.5911934
600,0.001096534,0.4076993,0.5912042
601,0.001060111,0.4271764,0.5717635
602,0.001038122,0.4384955,0.5604665
603,0.00102546,0.4445707,0.5544039
604,0.001018322,0.4476413,0.5513404
605,0.001014391,0.4490537,0.5499319
606,0.001012279,0.449598,0.5493897
607,0.00101117,0.4497226,0.5492663
608,0.001010597,0.4496712,0.5493182
609,0.001010301,0.4495689,0.5494208
610,0.001010138,0.4494753,0.5495145
611,0.001010036,0.4494147,0.5495753
612,0.001009958,0.4493931,0.5495969
613,0.001056191,0.424581,0.5743629
614,0.001087225,0.4086014,0.5903114
615,0.001107251,0.3990066,0.5998861
616,0.001119727,0.3936545,0.6052258
617,0.001127236,0.3909723,0.6079006
618,0.00113161,0.3898664,0.6090021
619,0.00113409,0.3896163,0.6092495
620,0.001135476,0.3897715,0.609093
621,0.001136259,0.3900654,0.6087983
622,0.001136727,0.3903511,0.6085121
623,0.00113704,0.3905569,0.6083061
624,0.001137279,0.3906566,0.6082062
625,0.00112604,0.3966953,0.6021787
626,0.001118892,0.4003281,0.598553
627,0.001114573,0.4022953,0.5965901
628,0.001112045,0.4032376,0.5956504
629,0.00111061,0.4035853,0.5953041
630,0.001109818,0.4036161,0.5952742
631,0.001109391,0.4034992,0.5953914
632,0.001109166,0.403332,0.5955589
633,0.001109047,0.4031655,0.5957255
634,0.001108983,0.4030245,0.5958665
635,0.001108949,0.402918,0.5959731
636,0.001108931,0.4028467,0.5960443
637,0.001086565,0.414617,0.5842964
638,0.00107261,0.4216946,0.5772328
639,0.001064293,0.425655,0.5732808
640,0.00105946,0.4277525,0.571188
641,0.001056724,0.4287886,0.5701547
642,0.001055212,0.429254,0.5696908
643,0.001054397,0.4294373,0.5695083
644,0.001053964,0.4295003,0.5694458
645,0.001053733,0.4295285,0.5694178
646,0.001053605,0.4295635,0.5693828
647,0.001053525,0.4296224,0.5693241
648,0.001053467,0.4297093,0.5692372
649,0.001067508,0.4224183,0.5765142
650,0.001076594,0.4180084,0.580915
651,0.001082291,0.415502,0.5834157
652,0.001085755,0.4142128,0.5847015
653,0.00108781,0.4136514,0.5852607
654,0.001089006,0.4134928,0.5854182
655,0.0010897,0.4135315,0.5853788
656,0.001090109,0.4136435,0.5852664
657,0.001090365,0.4137579,0.5851518
658,0.001090541,0.4138372,0.5850723
659,0.001090678,0.4138653,0.5850441
660,0.001090793,0.4138391,0.5850701
661,0.001075357,0.4219308,0.5769939
662,0.00106577,0.4266961,0.5722381
663,0.001060056,0.4292788,0.5696611
664,0.001056741,0.4305473,0.5683959
665,0.001054865,0.4310674,0.5678778
666,0.001053822,0.4311909,0.5677553
667,0.001053245,0.4311267,0.5678201
668,0.001052919,0.4309922,0.567955
669,0.001052722,0.4308497,0.5680975
670,0.001052589,0.4307278,0.5682197
671,0.001052486,0.4306374,0.5683101
672,0.001052399,0.4305804,0.5683672
673,0.001101085,0.404519,0.59438
674,0.001134253,0.3873847,0.611481
675,0.001156002,0.3768677,0.6219763
676,0.001169801,0.3708123,0.6280179
677,0.001178269,0.3676227,0.631199
678,0.001183301,0.3661701,0.6326466
679,0.001186206,0.3656957,0.6331181
680,0.00118785,0.3657142,0.6330979
681,0.001188779,0.3659317,0.6328796
682,0.001189322,0.3661842,0.6326265
683,0.001189666,0.3663879,0.6324224
684,0.001189913,0.3665088,0.6323013
685,0.001150841,0.3874028,0.6114464
686,0.001126315,0.4000329,0.5988408
687,0.001111897,0.406887,0.5920011
688,0.001103611,0.4103487,0.5885476
689,0.001098954,0.4119006,0.5870004
690,0.001096389,0.4124415,0.5864621
691,0.001094999,0.4124943,0.5864108
692,0.001094248,0.4123485,0.5865573
693,0.001093835,0.4121542,0.5867521
694,0.001093596,0.4119802,0.5869262
695,0.001093446,0.4118528,0.5870537
696,0.001093343,0.4117772,0.5871295
697,0.001099277,0.4084024,0.5904984
698,0.001103056,0.406286,0.592611
699,0.001105288,0.4051413,0.5937534
700,0.001106548,0.4045933,0.5943002
701,0.001107222,0.4043997,0.5944931
702,0.001107555,0.404406,0.5944864
703,0.001107703,0.4045172,0.5943751
704,0.001107757,0.4046765,0.5942156
705,0.00110777,0.4048513,0.5940409
706,0.001107769,0.4050236,0.5938686
707,0.001107767,0.4051835,0.5937088
708,0.001107771,0.4053252,0.5935671
709,0.001099365,0.4101881,0.5887125
710,0.001094121,0.4132814,0.5856245
711,0.001091168,0.4149511,0.5839577
712,0.001089584,0.4157935,0.5831169
713,0.0010888,0.4161573,0.582754
714,0.001088464,0.4162557,0.5826558
715,0.001088361,0.416216,0.5826957
716,0.00108837,0.4161108,0.5828009
717,0.001088423,0.4159804,0.5829312
718,0.001088485,0.4158461,0.5830655
719,0.001088538,0.4157183,0.5831932
720,0.001088579,0.4156016,0.5833098
721,0.001067796,0.4262131,0.5727191
722,0.001054872,0.4324274,0.5665177
723,0.001047042,0.4359124,0.5630406
724,0.001042401,0.4377354,0.5612222
725,0.001039693,0.4386043,0.560356
726,0.001038129,0.4389578,0.560004
727,0.001037223,0.4390552,0.5599076
728,0.001036689,0.4390419,0.5599214
729,0.001036359,0.4389955,0.5599682
730,0.001036141,0.4389544,0.5600095
731,0.001035982,0.4389353,0.5600287
732,0.001035856,0.4389431,0.5600211
733,0.001057101,0.4276046,0.5713382
734,0.001070883,0.4205949,0.5783343
735,0.001079485,0.4165545,0.5823661
736,0.001084686,0.4144062,0.5845091
737,0.00108774,0.4133984,0.5855139
738,0.001089492,0.4130339,0.5858766
739,0.001090485,0.413,0.5859095
740,0.001091053,0.4131097,0.5857993
741,0.001091396,0.413256,0.5856527
742,0.001091624,0.4133823,0.5855261
743,0.001091796,0.413462,0.5854462
744,0.001091942,0.4134865,0.5854215
745,0.001098303,0.4103287,0.588573
746,0.001102469,0.4083546,0.590543
747,0.001105168,0.4070959,0.5917989
748,0.00110687,0.4063126,0.5925806
749,0.001107923,0.4058202,0.5930718
750,0.001108564,0.4054977,0.5933937
751,0.001108947,0.4052714,0.5936197
752,0.001109169,0.4051001,0.5937908
753,0.001109292,0.4049628,0.5939279
754,0.001109354,0.4048479,0.5940427
755,0.001109378,0.4047503,0.5941404
756,0.001109378,0.4046682,0.5942225
757,0.001126517,0.3955675,0.6033061
758,0.001137884,0.3897846,0.6090775
759,0.001145151,0.3863175,0.6125374
760,0.00114967,0.3843568,0.6144935
761,0.001152412,0.3833266,0.615521
762,0.001154042,0.3828402,0.6160058
763,0.001154999,0.3826511,0.6161939
764,0.00115556,0.3826104,0.6162339
765,0.001155895,0.3826331,0.616211
766,0.001156102,0.3826741,0.6161698
767,0.001156238,0.3827122,0.6161317
768,0.001156332,0.382739,0.6161047
769,0.0011331,0.3948211,0.6040458
770,0.001118259,0.402196,0.5966858
771,0.001109171,0.4064159,0.592475
772,0.001103734,0.4086889,0.5902073
773,0.001100541,0.4098212,0.5890782
774,0.001098691,0.4103215,0.5885797
775,0.001097625,0.4104961,0.5884062
776,0.001097004,0.410521,0.588382
777,0.001096631,0.4104917,0.5884117
778,0.001096395,0.4104557,0.5884478
779,0.001096233,0.4104341,0.5884696
780,0.001096114,0.4104339,0.5884699
781,0.00105921,0.4300787,0.5688621
782,0.001036966,0.4414497,0.5575133
783,0.001024135,0.4475497,0.5514261
784,0.001016856,0.450646,0.5483372
785,0.001012791,0.4520912,0.546896
786,0.001010547,0.4526735,0.546316
787,0.001009311,0.4528379,0.5461528
788,0.001008617,0.4528252,0.5461661
789,0.001008206,0.4527584,0.5462334
790,0.001007939,0.4526948,0.5462972
791,0.001007742,0.452657,0.5463353
792,0.001007581,0.4526498,0.5463427
793,0.001030232,0.4403972,0.5585725
794,0.00104477,0.4328229,0.5661323
795,0.001053679,0.428517,0.5704293
796,0.001058948,0.426254,0.5726871
797,0.001061952,0.425202,0.5737361
798,0.001063605,0.4248177,0.5741187
799,0.001064489,0.424764,0.5741715
800,0.001064957,0.4248421,0.5740929
801,0.001065213,0.4249424,0.5739924
802,0.00106537,0.4250099,0.5739247
803,0.001065485,0.4250223,0.5739122
804,0.001065584,0.424976,0.5739585
805,0.00108458,0.4147931,0.5841223
806,0.001097022,0.408326,0.5905769
807,0.001104859,0.4044523,0.5944429
808,0.001109658,0.4022301,0.5966603
809,0.001112518,0.4010114,0.5978761
810,0.001114184,0.400371,0.5985149
811,0.001115134,0.4000449,0.5988399
812,0.001115668,0.3998792,0.5990052
813,0.001115963,0.3997902,0.5990938
814,0.001116127,0.3997343,0.5991495
815,0.001116218,0.3996918,0.599192
816,0.001116268,0.3996553,0.5992284
817,0.001090525,0.4133906,0.5855188
818,0.001074546,0.4215967,0.5773287
819,0.001065113,0.4260997,0.5728351
820,0.001059667,0.4284254,0.5705149
821,0.00105659,0.4295242,0.5694192
822,0.001054884,0.4299691,0.568976
823,0.00105395,0.4300926,0.5688534
824,0.001053438,0.4300788,0.5688678
825,0.001053149,0.4300237,0.5689232
826,0.001052976,0.429974,0.568973
827,0.001052859,0.429949,0.5689982
828,0.001052771,0.4299539,0.5689933
829,0.001082133,0.4142674,0.5846505
830,0.001101573,0.40431,0.5945885
831,0.001113938,0.3984335,0.6004525
832,0.001121558,0.3952098,0.6036687
833,0.001126116,0.3936234,0.6052505
834,0.001128775,0.3929868,0.6058844
835,0.001130302,0.3928573,0.6060124
836,0.001131183,0.392964,0.6059048
837,0.001131711,0.3931499,0.6057183
838,0.001132056,0.39333,0.605538
839,0.00113231,0.393463,0.6054047
840,0.001132521,0.3935336,0.6053338
841,0.00112994,0.3950412,0.6038289
842,0.001128314,0.3959283,0.6029434
843,0.00112736,0.3963712,0.6025015
844,0.001126826,0.3965389,0.6023343
845,0.001126541,0.396546,0.6023275
846,0.001126396,0.3964681,0.6024055
847,0.001126324,0.3963536,0.6025202
848,0.001126283,0.3962313,0.6026424
849,0.001126253,0.3961177,0.6027561
850,0.001126224,0.3960213,0.6028525
851,0.001126191,0.3959458,0.602928
852,0.001126155,0.3958915,0.6029822
853,0.00107569,0.4224422,0.5764821
854,0.001045394,0.4377196,0.561235
855,0.001028007,0.445865,0.553107
856,0.001018171,0.4499741,0.5490077
857,0.001012682,0.4518782,0.5471091
858,0.001009654,0.4526348,0.5463556
859,0.001007989,0.4528371,0.5461549
860,0.001007062,0.4528058,0.5461871
861,0.001006525,0.452705,0.5462885
862,0.001006187,0.4526122,0.5463817
863,0.00100595,0.4525593,0.5464348
864,0.001005764,0.4525554,0.5464388
865,0.001084448,0.4106861,0.5882295
866,0.001139955,0.3824903,0.6163697
867,0.00117785,0.3645561,0.6342661
868,0.001202935,0.353859,0.644938
869,0.001219069,0.3479973,0.6507836
870,0.001229189,0.3451772,0.6535935
871,0.001235435,0.3441199,0.6546447
872,0.001239299,0.3439509,0.6548098
873,0.001241765,0.3441001,0.6546581
874,0.00124345,0.3442225,0.6545341
875,0.001244709,0.3441374,0.6546179
876,0.001245723,0.3437816,0.6549726
877,0.001155954,0.3901656,0.6086785
878,0.001102174,0.4164414,0.5824565
879,0.001071896,0.4298752,0.5690529
880,0.001054797,0.4363815,0.5625637
881,0.001045079,0.4392748,0.5596801
882,0.001039489,0.4403718,0.5585887
883,0.001036205,0.4406362,0.5583276
884,0.001034213,0.4405581,0.5584077
885,0.001032951,0.4403731,0.558594
886,0.001032108,0.4401852,0.5587827
887,0.001031513,0.4400357,0.5589327
888,0.00103107,0.4399372,0.5590317
889,0.001026519,0.4419264,0.5570471
890,0.001023544,0.4431213,0.5558551
891,0.00102158,0.4438873,0.5550911
892,0.001020293,0.4443829,0.5545968
893,0.001019446,0.4447258,0.5542547
894,0.001018878,0.4449945,0.5539866
895,0.001018487,0.4452377,0.5537439
896,0.001018206,0.4454829,0.5534989
897,0.001017994,0.4457444,0.5532376
898,0.001017829,0.4460264,0.5529557
899,0.001017695,0.4463267,0.5526556
900,0.001017585,0.446638,0.5523445
901,0.001058041,0.4253764,0.5735656
902,0.001085012,0.4119464,0.5869686
903,0.001102342,0.4040207,0.5948769
904,0.001113117,0.3997036,0.5991833
905,0.001119637,0.3975889,0.6012914
906,0.001123523,0.3966975,0.6021791
907,0.001125855,0.3963871,0.6024871
908,0.001127319,0.3962646,0.6026081
909,0.001128319,0.3961143,0.6027573
910,0.001129071,0.3958448,0.6030262
911,0.001129679,0.3954441,0.6034263
912,0.001130175,0.3949473,0.6039225
913,0.001150598,0.3837951,0.6150542
914,0.001164304,0.3763949,0.6224408
915,0.001173132,0.3717517,0.6270752
916,0.001178633,0.3689569,0.6298645
917,0.001181938,0.3673549,0.6314632
918,0.001183843,0.3664906,0.6323256
919,0.001184887,0.3660628,0.6327524
920,0.00118542,0.3658811,0.6329335
921,0.001185663,0.365831,0.6329833
922,0.001185752,0.3658469,0.6329674
923,0.001185765,0.3658938,0.6329204
924,0.001185746,0.3659544,0.6328598
925,0.001104933,0.4088683,0.5900267
926,0.001057291,0.4332194,0.5657233
927,0.001030938,0.4457288,0.5532403
928,0.001016436,0.4518626,0.547121
929,0.001008524,0.4546368,0.5443547
930,0.00100425,0.4557071,0.5432886
931,0.001001956,0.4559696,0.5430284
932,0.001000717,0.4558956,0.5431036
933,0.001000026,0.4557217,0.5432783
934,0.0009996103,0.4555583,0.5434421
935,0.0009993309,0.4554498,0.5435508
936,0.000999118,0.4554086,0.5435923
937,0.001030344,0.4383304,0.5606393
938,0.001050651,0.4276046,0.5713448
939,0.001063227,0.4214707,0.5774661
940,0.001070734,0.4182571,0.5806722
941,0.001075047,0.4168144,0.5821105
942,0.001077435,0.4163803,0.5825422
943,0.001078717,0.4164713,0.58245
944,0.001079399,0.4167935,0.5821271
945,0.00107978,0.4171747,0.5817454
946,0.001080028,0.4175178,0.5814021
947,0.00108023,0.4177717,0.5811481
948,0.001080429,0.4179135,0.5810061
949,0.001096748,0.4094655,0.5894377
950,0.001107514,0.4040948,0.5947977
951,0.001114406,0.4007947,0.5980909
952,0.001118717,0.3988162,0.6000651
953,0.001121364,0.3976336,0.601245
954,0.001122967,0.3969068,0.6019702
955,0.001123924,0.3964308,0.6024453
956,0.001124485,0.396091,0.6027846
957,0.001124801,0.3958282,0.603047
958,0.001124965,0.3956136,0.6032614
959,0.00112503,0.3954347,0.6034402
960,0.001125032,0.3952864,0.6035886
961,0.001111107,0.4025843,0.5963046
962,0.001102209,0.407034,0.5918638
963,0.001096775,0.4095346,0.5893686
964,0.001093524,0.4108558,0.5880507
965,0.001091609,0.4114977,0.5874107
966,0.001090492,0.4117711,0.5871384
967,0.001089837,0.4118609,0.5870492
968,0.001089447,0.4118716,0.5870389
969,0.001089205,0.4118592,0.5870516
970,0.001089046,0.4118505,0.5870605
971,0.001088933,0.4118572,0.5870538
972,0.001088849,0.4118826,0.5870286
973,0.001125989,0.3923211,0.6065529
974,0.001151265,0.3796205,0.6192282
975,0.001167909,0.3718233,0.6270089
976,0.001178563,0.3673256,0.6314959
977,0.001185211,0.3649351,0.6338797
978,0.001189275,0.3638141,0.6349966
979,0.001191732,0.3634032,0.6354051
980,0.001193222,0.3633475,0.6354593
981,0.00119415,0.3634343,0.6353716
982,0.001194759,0.3635456,0.6352597
983,0.001195188,0.3636225,0.6351823
984,0.001195513,0.3636426,0.6351619
985,0.001180229,0.3715509,0.6272688
986,0.001170157,0.3764549,0.622375
987,0.001163775,0.3793212,0.6195151
988,0.001159825,0.3808771,0.6179631
989,0.001157419,0.381643,0.6171996
990,0.001155962,0.3819633,0.6168808
991,0.001155075,0.3820532,0.6167918
992,0.001154522,0.3820394,0.6168061
993,0.001154162,0.3819925,0.6168534
994,0.001153914,0.3819479,0.6168981
995,0.001153734,0.3819217,0.6169246
996,0.001153596,0.3819187,0.6169277
997,0.001161597,0.3776843,0.6211541
998,0.001166942,0.3749962,0.6238369
999,0.001170369,0.3734096,0.62542
1000,0.001172509,0.3725462,0.6262813
1001,0.001173816,0.3721345,0.6266916
1002,0.001174603,0.3719905,0.6268349
1003,0.001175075,0.3719954,0.6268295
1004,0.001175365,0.3720758,0.6267488
1005,0.001175553,0.3721879,0.6266364
1006,0.001175685,0.372307,0.6265174
1007,0.001175789,0.3724194,0.6264048
1008,0.001175879,0.3725187,0.6263054
1009,0.001193727,0.3630067,0.6357996
1010,0.001205874,0.3567116,0.6420825
1011,0.00121374,0.3529058,0.6458805
1012,0.001218693,0.3507276,0.6480536
1013,0.001221726,0.3495695,0.6492088
1014,0.001223536,0.3490141,0.6497623
1015,0.001224596,0.3487884,0.649987
1016,0.001225209,0.3487237,0.6500511
1017,0.001225566,0.3487227,0.6500517
1018,0.00122578,0.3487328,0.6500415
1019,0.001225915,0.3487303,0.6500438
1020,0.001226006,0.3487077,0.6500662
1021,0.001233364,0.345055,0.6537116
1022,0.001238497,0.3426277,0.6561338
1023,0.00124198,0.3410375,0.6577206
1024,0.001244287,0.3400342,0.6587215
1025,0.001245785,0.3394192,0.659335
1026,0.001246741,0.3390495,0.6597037
1027,0.001247342,0.3388284,0.6599242
1028,0.001247714,0.3386937,0.6600585
1029,0.001247942,0.3386077,0.6601443
1030,0.001248077,0.3385487,0.6602032
1031,0.001248155,0.3385051,0.6602468
1032,0.001248196,0.338471,0.6602808
1033,0.00118622,0.3706869,0.6281269
1034,0.001146786,0.39036,0.6084932
1035,0.001123374,0.4012707,0.5976059
1036,0.001109706,0.4070054,0.5918849
1037,0.001101832,0.4098146,0.5890836
1038,0.001097342,0.4110457,0.5878569
1039,0.001094798,0.411477,0.5874282
1040,0.001093353,0.4115406,0.587366
1041,0.001092518,0.4114654,0.5874421
1042,0.001092016,0.4113646,0.5875434
1043,0.001091697,0.411289,0.5876194
1044,0.001091477,0.4112564,0.5876521
1045,0.001091543,0.4112364,0.587672
1046,0.001091594,0.411276,0.5876325
1047,0.001091643,0.411336,0.5875723
1048,0.001091678,0.4114274,0.5874809
1049,0.001091698,0.4115484,0.58736
1050,0.001091707,0.411693,0.5872152
1051,0.00109171,0.4118541,0.5870541
1052,0.001091713,0.4120238,0.5868845
1053,0.001091718,0.4121938,0.5867145
1054,0.00109173,0.4123555,0.5865527
1055,0.001091752,0.4125014,0.5864069
1056,0.001091785,0.4126242,0.5862841
1057,0.00111195,0.4020282,0.5968598
1058,0.001125309,0.3952865,0.6035882
1059,0.001133809,0.3912826,0.6075836
1060,0.001139069,0.3890316,0.6098294
1061,0.001142245,0.3878421,0.6110157
1062,0.00114413,0.3872518,0.6116042
1063,0.00114524,0.3869686,0.6118862
1064,0.001145902,0.3868199,0.6120342
1065,0.001146308,0.3867123,0.6121414
1066,0.001146568,0.3866032,0.6122502
1067,0.001146742,0.3864785,0.6123748
1068,0.001146861,0.386339,0.6125141
1069,0.001136091,0.392015,0.606849
1070,0.001129146,0.3954724,0.6033984
