EwEVersion,"6.5.13829.0 (compiled 2016-05-17)"
Date,"2016-09-06 18:00:37"
ModelName,Baltic_Proper-SEALS
EcosimScenario,Proper1_SealVuln100_19742100_seal100_cofF1
TimeSeries,new_data_weights_19742100_seal100_codF1
StartYear,1974

Data,"Prey of microzooplankton"

TimeStep,"Cyanobacteria","Phytoplankton","Detritus-water column",
1,0.0008785255,0.5158164,0.483305
2,0.0008198718,0.5461308,0.4530492
3,0.0007911188,0.559675,0.4395338
4,0.0007766322,0.5654634,0.4337601
5,0.0007692976,0.567544,0.4316868
6,0.0007655741,0.5678974,0.431337
7,0.0007636457,0.5675094,0.431727
8,0.0007625802,0.5668615,0.4323759
9,0.0007619071,0.5661771,0.433061
10,0.0007613972,0.5655503,0.4336883
11,0.0007609448,0.5650129,0.4342261
12,0.0007605043,0.5645697,0.4346699
13,0.0007726948,0.5569893,0.442238
14,0.0007796324,0.5525924,0.446628
15,0.0007832795,0.5502692,0.4489475
16,0.0007850192,0.5491337,0.4500813
17,0.0007856891,0.5486611,0.4505533
18,0.0007857836,0.5485436,0.4506706
19,0.000785586,0.5486045,0.45061
20,0.0007852534,0.5487427,0.450472
21,0.0007848715,0.5488992,0.4503158
22,0.0007844871,0.5490368,0.4501787
23,0.0007841254,0.54913,0.4500859
24,0.0007838001,0.5491609,0.4500553
25,0.0007128019,0.5897602,0.4095269
26,0.0006786227,0.6086188,0.3907026
27,0.0006622651,0.6165195,0.3828183
28,0.0006541656,0.6195205,0.3798253
29,0.0006501476,0.6201602,0.3791896
30,0.0006481193,0.6197114,0.3796404
31,0.000647025,0.6188141,0.3805389
32,0.0006463414,0.6177795,0.3815741
33,0.0006458191,0.6167487,0.3826056
34,0.0006453432,0.6157827,0.3835718
35,0.0006448679,0.6149006,0.3844545
36,0.0006443789,0.6141027,0.3852529
37,0.0006596079,0.6041189,0.3952215
38,0.0006681603,0.598319,0.4010129
39,0.0006726587,0.5951244,0.404203
40,0.0006748311,0.593407,0.4059182
41,0.0006757188,0.5924978,0.4068265
42,0.0006759249,0.5920126,0.4073115
43,0.0006757871,0.5917385,0.4075857
44,0.0006754882,0.5915614,0.4077632
45,0.0006751236,0.591422,0.4079029
46,0.0006747453,0.591285,0.4080402
47,0.0006743786,0.5911317,0.408194
48,0.0006740356,0.5909511,0.4083749
49,0.0006902048,0.5809171,0.4183927
50,0.0006995351,0.5751518,0.4241487
51,0.0007046559,0.5720504,0.427245
52,0.0007073484,0.5704288,0.4288639
53,0.0007086945,0.5695849,0.4297064
54,0.0007093267,0.5691155,0.4301751
55,0.0007096,0.5688021,0.4304883
56,0.0007097046,0.5685337,0.4307567
57,0.0007097368,0.5682601,0.4310302
58,0.0007097392,0.5679686,0.4313217
59,0.0007097299,0.5676601,0.4316301
60,0.0007097147,0.5673423,0.431948
61,0.0007164613,0.5632625,0.436021
62,0.0007203277,0.5610325,0.4382472
63,0.0007226323,0.5596789,0.4395985
64,0.0007239576,0.5588757,0.4404004
65,0.0007247046,0.5583827,0.4408926
66,0.0007251186,0.5580565,0.4412184
67,0.0007253435,0.5578166,0.4414581
68,0.0007254618,0.5576205,0.4416541
69,0.0007255198,0.5574479,0.4418266
70,0.000725545,0.5572874,0.4419871
71,0.0007255507,0.5571351,0.4421394
72,0.0007255446,0.5569903,0.4422842
73,0.0006834583,0.5824491,0.4168674
74,0.0006619956,0.5949562,0.4043818
75,0.0006510922,0.600673,0.3986759
76,0.0006455063,0.6030594,0.3962951
77,0.0006426264,0.6038129,0.3955446
78,0.0006411021,0.6038029,0.395556
79,0.0006402352,0.6034724,0.3958874
80,0.0006396709,0.6030402,0.3963201
81,0.0006392344,0.6026087,0.3967521
82,0.0006388442,0.6022215,0.3971396
83,0.0006384642,0.6018935,0.397468
84,0.0006380806,0.6016265,0.3977354
85,0.0006383589,0.6006067,0.3987549
86,0.0006383623,0.5997743,0.3995873
87,0.0006379871,0.5993913,0.3999707
88,0.000637499,0.5992,0.4001625
89,0.0006369814,0.5991188,0.4002442
90,0.0006364624,0.5991138,0.4002497
91,0.0006359488,0.599169,0.4001951
92,0.0006354408,0.5992742,0.4000904
93,0.000634937,0.5994204,0.3999447
94,0.0006344387,0.5995958,0.3997697
95,0.0006339511,0.5997854,0.3995806
96,0.0006334829,0.5999701,0.3993964
97,0.0006227616,0.6064318,0.3929455
98,0.0006168393,0.6097195,0.3896638
99,0.0006135149,0.6112986,0.3880879
100,0.0006116547,0.6119035,0.3874849
101,0.0006106101,0.6119584,0.3874309
102,0.0006100218,0.6116985,0.3876915
103,0.0006096922,0.6112547,0.3881356
104,0.0006095131,0.6107025,0.3886879
105,0.000609424,0.6100881,0.3893025
106,0.0006093886,0.6094444,0.3899462
107,0.0006093818,0.6087967,0.3905939
108,0.0006093866,0.6081648,0.3912258
109,0.0006286779,0.5952079,0.4041634
110,0.0006399935,0.5875786,0.4117814
111,0.0006462695,0.5834679,0.4158858
112,0.0006496438,0.5813385,0.4180119
113,0.0006513968,0.5802957,0.419053
114,0.0006522773,0.5798237,0.419524
115,0.0006527056,0.579637,0.4197103
116,0.0006529087,0.5795842,0.4197629
117,0.0006530037,0.579589,0.419758
118,0.0006530486,0.5796158,0.4197312
119,0.000653072,0.5796481,0.4196989
120,0.0006530865,0.579679,0.419668
121,0.0006465263,0.5839973,0.4153562
122,0.000642908,0.5863689,0.4129882
123,0.0006410362,0.5874959,0.4118631
124,0.0006400722,0.5879971,0.4113629
125,0.000639583,0.5881769,0.4111835
126,0.0006393338,0.5881987,0.4111618
127,0.0006391992,0.5881489,0.4112118
128,0.0006391154,0.588071,0.4112898
129,0.0006390518,0.5879853,0.4113756
130,0.000638994,0.5879009,0.4114601
131,0.0006389362,0.587821,0.4115402
132,0.0006388758,0.5877467,0.4116144
133,0.0006936348,0.5539035,0.4454028
134,0.0007288627,0.5336701,0.4656011
135,0.0007507709,0.5221894,0.4770598
136,0.0007637936,0.5164051,0.4828311
137,0.000771332,0.5139413,0.4852873
138,0.0007756632,0.5132437,0.4859806
139,0.0007782071,0.5133716,0.4858502
140,0.0007798017,0.513792,0.4854282
141,0.000780919,0.514224,0.4849951
142,0.0007818191,0.5145273,0.4846909
143,0.0007826358,0.5146451,0.4845723
144,0.0007834333,0.5145659,0.4846506
145,0.0007134796,0.5573162,0.4419704
146,0.0006796735,0.5767962,0.4225241
147,0.0006628307,0.5853825,0.4139547
148,0.0006542469,0.588886,0.4104598
149,0.000649803,0.5900308,0.4093193
150,0.0006474481,0.5901346,0.409218
151,0.000646146,0.589825,0.4095289
152,0.0006453753,0.5893884,0.4099663
153,0.000644874,0.5889467,0.4104084
154,0.0006445107,0.5885469,0.4108086
155,0.0006442193,0.5882028,0.4111529
156,0.000643966,0.5879158,0.4114402
157,0.0007674717,0.5102121,0.4890205
158,0.0008618384,0.4529794,0.5461587
159,0.0009292632,0.4148309,0.5842398
160,0.0009752012,0.3913346,0.6076903
161,0.001005398,0.3780966,0.620898
162,0.001024707,0.3715591,0.6274162
163,0.001036843,0.3691057,0.6298574
164,0.001044451,0.3689415,0.6300141
165,0.001049305,0.3699113,0.6290394
166,0.001052532,0.3713154,0.627632
167,0.001054822,0.3727529,0.6261922
168,0.001056582,0.3740118,0.6249317
169,0.0009734679,0.4240737,0.5749528
170,0.0009275723,0.450286,0.5487865
171,0.0009042085,0.4613762,0.5377195
172,0.0008911829,0.4663131,0.5327957
173,0.0008836554,0.4685968,0.5305195
174,0.0008793158,0.4696119,0.5295088
175,0.0008768507,0.4700748,0.5290483
176,0.0008755011,0.470335,0.5287895
177,0.000874826,0.4705457,0.5285795
178,0.0008745682,0.4707634,0.5283619
179,0.0008745721,0.471004,0.5281214
180,0.0008747407,0.4712694,0.5278558
181,0.0008495058,0.4864937,0.5126568
182,0.0008350877,0.495039,0.5041259
183,0.0008270712,0.4996828,0.4994902
184,0.0008227375,0.5021558,0.4970213
185,0.0008204883,0.5034615,0.495718
186,0.0008193944,0.5041706,0.49501
187,0.0008189224,0.5046008,0.4945803
188,0.0008187724,0.5049236,0.4942576
189,0.0008187791,0.505229,0.4939521
190,0.000818855,0.5055606,0.4936206
191,0.0008189544,0.5059379,0.4932432
192,0.0008190551,0.5063689,0.4928121
193,0.0008038519,0.5157564,0.4834398
194,0.0007951642,0.5211168,0.478088
195,0.0007902748,0.5241803,0.4750294
196,0.0007875799,0.5259527,0.4732597
197,0.0007861233,0.5270245,0.4721894
198,0.0007853495,0.5277284,0.4714863
199,0.0007849427,0.5282437,0.4709713
200,0.0007847291,0.5286614,0.4705539
201,0.0007846173,0.529022,0.4701933
202,0.0007845624,0.5293388,0.4698767
203,0.0007845444,0.5296121,0.4696034
204,0.0007845556,0.5298378,0.4693777
205,0.0008512291,0.4908803,0.5082684
206,0.0008961976,0.4656861,0.5334177
207,0.0009251073,0.4506869,0.548388
208,0.000942972,0.4424432,0.5566139
209,0.0009536665,0.4383642,0.5606822
210,0.000959943,0.4366603,0.5623798
211,0.000963629,0.4361841,0.5628522
212,0.0009658686,0.4362495,0.5627847
213,0.0009673382,0.4364785,0.5625542
214,0.0009684067,0.4367016,0.56233
215,0.0009692678,0.4368592,0.5621716
216,0.0009700164,0.4369494,0.5620806
217,0.0008918723,0.4819497,0.5171584
218,0.0008505007,0.5048288,0.4943208
219,0.0008288736,0.5159796,0.4831914
220,0.000817567,0.5212066,0.4779758
221,0.0008117431,0.5234464,0.4757419
222,0.0008088225,0.5242285,0.4749627
223,0.0008074143,0.5243458,0.4748468
224,0.000806773,0.5241988,0.4749945
225,0.0008065053,0.5239801,0.4752134
226,0.0008064091,0.5237755,0.4754181
227,0.0008063846,0.5236176,0.475576
228,0.000806385,0.5235143,0.4756792
229,0.0008198186,0.5159936,0.4831866
230,0.0008279664,0.5117719,0.4874001
231,0.0008328645,0.5094802,0.4896869
232,0.0008357364,0.5083713,0.4907929
233,0.0008373962,0.5079473,0.4912154
234,0.0008383552,0.5078993,0.4912623
235,0.0008389219,0.5080448,0.4911163
236,0.0008392759,0.5082788,0.490882
237,0.0008395182,0.5085427,0.4906178
238,0.0008397034,0.508804,0.4903563
239,0.0008398598,0.5090445,0.4901156
240,0.0008400005,0.5092545,0.4899056
241,0.0008125991,0.5257419,0.4734456
242,0.0007975002,0.5347655,0.464437
243,0.0007896522,0.5391374,0.460073
244,0.0007856179,0.541129,0.4580854
245,0.0007835945,0.5418913,0.4573251
246,0.0007826001,0.5420455,0.4571719
247,0.0007821071,0.5419233,0.4572946
248,0.0007818404,0.5416958,0.4575223
249,0.0007816642,0.5414472,0.4577711
250,0.000781518,0.5412115,0.458007
251,0.0007813769,0.5410004,0.4582182
252,0.0007812337,0.5408152,0.4584036
253,0.0007698615,0.5463727,0.4528574
254,0.0007632275,0.549107,0.4501297
255,0.0007590745,0.5506487,0.4485922
256,0.0007565281,0.5514033,0.4478401
257,0.000754958,0.5517081,0.447537
258,0.000753968,0.5517735,0.4474725
259,0.0007533192,0.551722,0.4475246
260,0.0007528702,0.5516215,0.4476256
261,0.0007525383,0.5515076,0.4477398
262,0.000752276,0.551398,0.4478497
263,0.0007520564,0.5513005,0.4479474
264,0.000751864,0.5512173,0.4480309
265,0.0008157635,0.5144917,0.4846925
266,0.000858114,0.4915911,0.5075507
267,0.0008851183,0.4781291,0.5209857
268,0.0009016037,0.4709554,0.528143
269,0.0009113509,0.4676099,0.5314788
270,0.0009170097,0.4664061,0.5326768
271,0.0009203081,0.4662723,0.5328074
272,0.0009223093,0.4665668,0.5325109
273,0.0009236322,0.4669297,0.5321466
274,0.000924614,0.4671839,0.5318914
275,0.0009254243,0.4672603,0.5318142
276,0.0009261361,0.4671578,0.5319161
277,0.0009447123,0.4563393,0.5427159
278,0.0009565561,0.449394,0.5496495
279,0.000963709,0.4453583,0.5536779
280,0.0009678951,0.4431429,0.5558891
281,0.0009702783,0.4420236,0.5570061
282,0.0009716124,0.441537,0.5574914
283,0.0009723649,0.4413992,0.5576283
284,0.0009728149,0.441444,0.5575832
285,0.0009731212,0.4415789,0.557448
286,0.0009733702,0.4417544,0.5572722
287,0.0009736052,0.4419461,0.5570802
288,0.0009738457,0.4421433,0.5568829
289,0.000899617,0.4841149,0.5149855
290,0.0008598766,0.5056534,0.4934869
291,0.0008388259,0.5162773,0.4828839
292,0.0008276436,0.5213273,0.477845
293,0.0008217465,0.5235375,0.4756408
294,0.0008186745,0.5243416,0.4748397
295,0.0008170918,0.524491,0.474692
296,0.0008162764,0.5243708,0.4748129
297,0.0008158438,0.524171,0.4750132
298,0.0008155957,0.5239769,0.4752074
299,0.0008154332,0.5238228,0.4753618
300,0.0008153087,0.5237178,0.4754669
301,0.0007498086,0.5611991,0.4380511
302,0.0007170184,0.5790964,0.4201865
303,0.0007002751,0.587409,0.4118907
304,0.000691598,0.5910391,0.4082693
305,0.0006870587,0.5923688,0.4069442
306,0.0006846352,0.5926041,0.4067112
307,0.000683275,0.5923572,0.4069596
308,0.0006824359,0.5919302,0.4073873
309,0.0006818448,0.5914647,0.4078534
310,0.0006813673,0.5910231,0.4082955
311,0.000680942,0.5906262,0.4086928
312,0.0006805431,0.5902761,0.4090434
313,0.0007729144,0.5352421,0.4639851
314,0.0008380219,0.4977277,0.5014343
315,0.0008808968,0.4746875,0.5244317
316,0.0009076464,0.4617954,0.5372969
317,0.0009235946,0.4554147,0.5436617
318,0.0009327668,0.4528743,0.5461929
319,0.0009379311,0.452389,0.5466731
320,0.0009408511,0.4528503,0.5462089
321,0.000942581,0.4536107,0.5454468
322,0.0009437047,0.4543315,0.5447249
323,0.0009445259,0.4548566,0.5441989
324,0.0009451889,0.4551399,0.543915
325,0.0009375189,0.4597113,0.5393512
326,0.000932967,0.4621345,0.5369325
327,0.000930267,0.463371,0.5356987
328,0.0009286982,0.4639146,0.5351566
329,0.0009277983,0.4640981,0.5349741
330,0.0009272919,0.4641212,0.5349515
331,0.000927023,0.4640936,0.5349794
332,0.000926905,0.4640701,0.5350029
333,0.000926889,0.4640749,0.5349982
334,0.00092695,0.4641098,0.5349633
335,0.0009270714,0.4641718,0.5349011
336,0.0009272396,0.4642563,0.5348164
337,0.0009334639,0.4609914,0.5380751
338,0.0009374319,0.4591368,0.5399258
339,0.0009399483,0.4581645,0.5408955
340,0.0009415549,0.457732,0.5413264
341,0.000942607,0.4576192,0.5414382
342,0.0009433299,0.457691,0.5413657
343,0.000943862,0.4578678,0.5411883
344,0.0009442866,0.4581039,0.5409518
345,0.0009446521,0.4583734,0.5406819
346,0.0009449859,0.458664,0.540391
347,0.0009453036,0.4589681,0.5400866
348,0.0009456147,0.4592803,0.5397741
349,0.0008152933,0.5341245,0.4650602
350,0.0007557583,0.5672451,0.4319991
351,0.000727876,0.5815338,0.4177383
352,0.0007142775,0.5875492,0.4117364
353,0.0007075843,0.5897074,0.4095851
354,0.0007042628,0.5901003,0.4091955
355,0.0007025567,0.589749,0.4095485
356,0.0007015951,0.5891432,0.4101552
357,0.0007009566,0.5885041,0.4107949
358,0.0007004466,0.5879216,0.4113779
359,0.0006999818,0.5874227,0.4118773
360,0.0006995309,0.5870076,0.4122929
361,0.0007783373,0.5401101,0.4591116
362,0.0008320922,0.5087373,0.4904306
363,0.0008661504,0.4901437,0.5089901
364,0.000886573,0.4801221,0.5189913
365,0.0008982288,0.4754049,0.5236969
366,0.0009045977,0.4737172,0.5253782
367,0.000907965,0.4736001,0.5254919
368,0.0009097274,0.474182,0.5249082
369,0.0009106873,0.4749732,0.5241161
370,0.0009112805,0.4757101,0.5233786
371,0.0009117263,0.4762651,0.5228231
372,0.000912122,0.4765908,0.5224971
373,0.0009226588,0.4710403,0.528037
374,0.0009292375,0.4676771,0.5313936
375,0.0009332816,0.4656421,0.5334246
376,0.0009357259,0.4643953,0.5346689
377,0.000937182,0.4636075,0.5354553
378,0.0009380357,0.4630912,0.5359709
379,0.000938529,0.4627446,0.5363168
380,0.0009388131,0.4625128,0.5365484
381,0.0009389835,0.4623643,0.5366967
382,0.0009390982,0.4622816,0.5367793
383,0.000939195,0.4622508,0.53681
384,0.0009392956,0.4622606,0.5368001
385,0.0009411324,0.4612382,0.5378207
386,0.0009423152,0.4606537,0.538404
387,0.0009430599,0.4603929,0.538664
388,0.0009435526,0.4603256,0.5387308
389,0.0009439057,0.4603733,0.5386828
390,0.000944184,0.4604909,0.5385649
391,0.0009444234,0.4606543,0.5384013
392,0.0009446425,0.4608518,0.5382036
393,0.0009448508,0.4610783,0.5379767
394,0.0009450545,0.46133,0.5377249
395,0.0009452562,0.4616047,0.5374501
396,0.0009454573,0.4619009,0.5371537
397,0.0009651309,0.4504503,0.5485846
398,0.0009775334,0.4433689,0.5556536
399,0.0009847928,0.4396794,0.5593358
400,0.0009889113,0.4379865,0.5610246
401,0.000991179,0.4374266,0.5615822
402,0.0009924062,0.4374713,0.5615363
403,0.0009930815,0.4378081,0.5611989
404,0.0009934863,0.4382599,0.5607467
405,0.0009937737,0.4387312,0.560275
406,0.0009940201,0.4391754,0.5598306
407,0.0009942596,0.439572,0.5594338
408,0.0009945034,0.4399144,0.5590911
409,0.000898158,0.493948,0.5051539
410,0.0008489663,0.5204241,0.4787269
411,0.0008240122,0.5328138,0.4663621
412,0.0008111618,0.5383931,0.4607957
413,0.0008045589,0.54062,0.4585755
414,0.0008011844,0.5412478,0.457951
415,0.000799451,0.5411716,0.4580289
416,0.0007985276,0.5408379,0.4583636
417,0.000797986,0.5404577,0.4587443
418,0.0007976124,0.540122,0.4590804
419,0.0007973042,0.5398628,0.45934
420,0.0007970151,0.5396852,0.4595178
421,0.0008020544,0.5366738,0.4625241
422,0.0008048935,0.5350612,0.4641338
423,0.0008064433,0.5342289,0.4649647
424,0.0008071976,0.5338827,0.4653102
425,0.000807486,0.5338175,0.465375
426,0.0008075124,0.5339043,0.4652882
427,0.0008073988,0.5340634,0.4651291
428,0.0008072179,0.534245,0.4649478
429,0.0008070128,0.5344158,0.4647771
430,0.0008068103,0.5345524,0.4646408
431,0.0008066256,0.534638,0.4645554
432,0.0008064677,0.5346617,0.4645319
433,0.0008699024,0.4994177,0.4997123
434,0.0009118721,0.4775252,0.5215629
435,0.0009387587,0.464493,0.5345684
436,0.0009552477,0.4574074,0.5416374
437,0.0009650703,0.4538998,0.5451351
438,0.0009708432,0.4523471,0.546682
439,0.0009742708,0.4517235,0.5473022
440,0.0009763963,0.4514271,0.5475965
441,0.0009778162,0.4511429,0.5478793
442,0.0009788348,0.450756,0.5482652
443,0.000979595,0.4502631,0.5487573
444,0.0009801585,0.4497186,0.5493012
445,0.0009828501,0.4488785,0.5501387
446,0.0009845573,0.4487462,0.5502692
447,0.0009859655,0.4485941,0.5504199
448,0.000987123,0.4484617,0.5505512
449,0.0009880923,0.4483444,0.5506675
450,0.0009889187,0.4482388,0.5507722
451,0.0009896342,0.4481437,0.5508667
452,0.0009902613,0.4480605,0.5509493
453,0.0009908162,0.4479912,0.551018
454,0.0009913133,0.4479353,0.5510733
455,0.0009917631,0.4478928,0.5511155
456,0.0009921736,0.4478632,0.5511446
457,0.0009816604,0.45212,0.5468983
458,0.0009752917,0.4535555,0.5454692
459,0.0009706435,0.4546795,0.5443498
460,0.0009672762,0.4555824,0.5434504
461,0.0009648943,0.4562904,0.5427447
462,0.0009632569,0.456836,0.5422007
463,0.0009621647,0.4572613,0.5417765
464,0.0009614591,0.4576086,0.5414299
465,0.00096102,0.4579148,0.5411242
466,0.0009607597,0.4582082,0.540831
467,0.000960616,0.4585099,0.5405295
468,0.000960546,0.4588359,0.5402036
469,0.0008587092,0.5161304,0.483011
470,0.0008085446,0.5433651,0.4558264
471,0.0007837475,0.5558224,0.4433939
472,0.0007712101,0.5613565,0.4378722
473,0.000764846,0.5635532,0.4356819
474,0.000761601,0.5641793,0.4350591
475,0.0007599026,0.5641202,0.4351199
476,0.0007589443,0.5638106,0.4354304
477,0.0007583214,0.5634523,0.4357894
478,0.0007578393,0.5631293,0.4361129
479,0.000757411,0.5628665,0.436376
480,0.0007570015,0.5626625,0.4365805
481,0.0008335419,0.5179797,0.4811867
482,0.00088558,0.4881844,0.5109301
483,0.0009185447,0.4705322,0.5285493
484,0.0009383746,0.4609293,0.5381323
485,0.0009496968,0.4563355,0.5427148
486,0.0009558268,0.4546317,0.5444126
487,0.0009589689,0.4544449,0.5445961
488,0.0009604981,0.4549415,0.544098
489,0.0009612247,0.4556424,0.5433964
490,0.0009615946,0.4562985,0.5427399
491,0.0009618386,0.4567916,0.5422465
492,0.0009620638,0.4570818,0.5419561
493,0.0009014134,0.4909702,0.5081284
494,0.0008686104,0.5084121,0.4907192
495,0.0008511449,0.5168744,0.4822744
496,0.0008419126,0.5206666,0.4784915
497,0.0008371206,0.5220751,0.4770879
498,0.0008346981,0.52233,0.4768352
499,0.0008335109,0.522083,0.4770834
500,0.0008329449,0.5216662,0.4775009
501,0.0008326746,0.5212371,0.4779302
502,0.0008325344,0.5208614,0.4783061
503,0.0008324425,0.5205602,0.4786074
504,0.0008323616,0.520335,0.4788327
505,0.0008905372,0.4872036,0.5119058
506,0.0009290785,0.4660465,0.5330244
507,0.0009534318,0.4535873,0.5454593
508,0.0009681666,0.4468516,0.5521802
509,0.0009767159,0.4436578,0.5553655
510,0.00098148,0.4425198,0.5564988
511,0.0009840389,0.4424852,0.5565307
512,0.0009853805,0.4429753,0.5560393
513,0.0009860939,0.4436534,0.5553604
514,0.0009865108,0.4443379,0.5546755
515,0.0009868096,0.4449339,0.5540793
516,0.0009870796,0.4453971,0.5536158
517,0.0009049524,0.4913831,0.5077119
518,0.0008620446,0.5144073,0.4847306
519,0.0008399397,0.5253013,0.4738588
520,0.0008285142,0.530152,0.4690194
521,0.0008226846,0.53198,0.4671973
522,0.0008197667,0.5323616,0.4668186
523,0.0008183289,0.5321146,0.467067
524,0.0008176155,0.5316505,0.4675319
525,0.000817237,0.5311634,0.4680194
526,0.0008170003,0.5307341,0.4684489
527,0.000816815,0.530389,0.4687942
528,0.0008166417,0.5301297,0.4690537
529,0.0008576213,0.5067584,0.4923839
530,0.0008836639,0.49245,0.5066664
531,0.0008994627,0.4843801,0.5147204
532,0.0009086314,0.4802435,0.5188478
533,0.0009137174,0.4784475,0.5206388
534,0.0009164028,0.4779617,0.5211219
535,0.000917741,0.4781559,0.5209264
536,0.0009183603,0.4786612,0.5204204
537,0.0009186221,0.4792686,0.5198128
538,0.0009187243,0.4798637,0.5192175
539,0.0009187728,0.4803843,0.5186969
540,0.0009188205,0.4807973,0.5182839
541,0.0009607003,0.4576383,0.541401
542,0.000988122,0.4429802,0.5560317
543,0.001005239,0.4344855,0.5645092
544,0.001015597,0.4298381,0.5691463
545,0.00102169,0.4274768,0.5715015
546,0.001025206,0.4263763,0.5725985
547,0.001027225,0.4259085,0.5730643
548,0.001028405,0.4257193,0.5732523
549,0.001029129,0.4256295,0.5733414
550,0.001029613,0.4255603,0.5734101
551,0.001029974,0.4254871,0.5734829
552,0.001030275,0.42541,0.5735597
553,0.001022449,0.42996,0.5690176
554,0.001017772,0.4326846,0.5662976
555,0.001015205,0.4341421,0.5648427
556,0.001013907,0.4348798,0.5641063
557,0.001013349,0.4352268,0.5637599
558,0.001013206,0.4353803,0.5636064
559,0.001013281,0.4354536,0.5635331
560,0.001013463,0.4355086,0.5634779
561,0.001013687,0.4355772,0.5634091
562,0.00101392,0.4356732,0.5633129
563,0.001014146,0.4358021,0.5631838
564,0.001014359,0.435964,0.5630216
565,0.0009653579,0.4630291,0.5360054
566,0.000937416,0.4779082,0.5211543
567,0.0009219602,0.4856499,0.5134282
568,0.0009135242,0.4895065,0.5095799
569,0.0009090012,0.4913024,0.5077886
570,0.0009066224,0.4920545,0.507039
571,0.0009053891,0.4923186,0.506776
572,0.0009047459,0.4923883,0.5067069
573,0.0009043917,0.4924109,0.5066847
574,0.0009041691,0.492453,0.5066429
575,0.0009039983,0.4925399,0.5065561
576,0.0009038427,0.4926758,0.5064204
577,0.0008979528,0.4959629,0.5031391
578,0.0008943448,0.4978893,0.5012164
579,0.0008920946,0.499073,0.500035
580,0.0008906854,0.4998006,0.4993088
581,0.0008897764,0.5002662,0.498844
582,0.0008891622,0.500582,0.4985289
583,0.0008887232,0.5008081,0.4983032
584,0.0008883923,0.5009743,0.4981372
585,0.0008881322,0.5010934,0.4980185
586,0.0008879238,0.5011686,0.4979434
587,0.0008877557,0.5012007,0.4979115
588,0.0008876206,0.5011904,0.497922
589,0.0008914403,0.4988578,0.5002508
590,0.0008936712,0.4974315,0.5016747
591,0.0008948615,0.4966416,0.5024635
592,0.0008954702,0.4961855,0.502919
593,0.000895757,0.4959065,0.5031978
594,0.000895875,0.4957168,0.5033874
595,0.0008959119,0.4955692,0.5035349
596,0.0008959154,0.4954412,0.5036629
597,0.0008959105,0.4953234,0.5037807
598,0.0008959092,0.4952131,0.5038911
599,0.0008959156,0.4951108,0.5039933
600,0.0008959306,0.4950185,0.5040855
601,0.0008655301,0.5118408,0.4872938
602,0.0008485899,0.520829,0.4783224
603,0.0008393879,0.5253146,0.4738461
604,0.0008344844,0.5273806,0.471785
605,0.0008319381,0.5281832,0.4709849
606,0.0008306514,0.5283644,0.470805
607,0.0008300125,0.5282713,0.4708987
608,0.0008296882,0.5280848,0.4710855
609,0.0008295025,0.5278935,0.471277
610,0.000829367,0.5277361,0.4714346
611,0.0008292396,0.5276258,0.471545
612,0.0008291029,0.5275634,0.4716075
613,0.0008634022,0.5083939,0.4907427
614,0.0008848856,0.4969228,0.5021923
615,0.0008977779,0.4905672,0.5085349
616,0.0009051727,0.4874001,0.5116948
617,0.0009092298,0.4860854,0.5130053
618,0.0009113592,0.4857645,0.5133242
619,0.0009124338,0.4859138,0.5131736
620,0.0009129691,0.4862295,0.5128575
621,0.000913255,0.4865425,0.5125442
622,0.0009134411,0.4867712,0.5123153
623,0.0009135983,0.4868829,0.5122035
624,0.000913752,0.4868748,0.5122115
625,0.0009106279,0.4886541,0.5104353
626,0.0009088292,0.489571,0.5095201
627,0.0009078945,0.4898825,0.5092095
628,0.0009074339,0.4898721,0.5092205
629,0.000907233,0.4896961,0.5093967
630,0.0009071701,0.4894491,0.5096437
631,0.0009071794,0.4891861,0.5099066
632,0.0009072283,0.4889367,0.510156
633,0.0009073008,0.488715,0.5103778
634,0.000907386,0.4885306,0.5105621
635,0.0009074775,0.4883873,0.5107053
636,0.0009075715,0.4882854,0.510807
637,0.0009528728,0.4630323,0.5360149
638,0.0009825598,0.4470894,0.551928
639,0.00100117,0.4378226,0.5611763
640,0.001012404,0.4328593,0.5661283
641,0.001018941,0.4305262,0.5684549
642,0.001022618,0.429703,0.5692744
643,0.001024632,0.4296806,0.5692948
644,0.001025723,0.4300343,0.56894
645,0.00102633,0.4305243,0.5684494
646,0.0010267,0.4310191,0.5679542
647,0.001026968,0.4314542,0.5675188
648,0.001027199,0.4318026,0.5671703
649,0.0009620425,0.4678998,0.5311381
650,0.0009261494,0.4870419,0.512032
651,0.0009070426,0.4964452,0.5026478
652,0.0008969297,0.5007969,0.4983062
653,0.0008916797,0.5025425,0.4965658
654,0.0008890316,0.5030034,0.4961077
655,0.0008877469,0.5028849,0.4962274
656,0.0008871552,0.502552,0.4965608
657,0.0008869002,0.5021838,0.4969293
658,0.0008867963,0.5018612,0.4972519
659,0.0008867506,0.5016149,0.4974983
660,0.0008867182,0.5014514,0.4976619
661,0.0008999984,0.4936814,0.5054187
662,0.0009079824,0.4890786,0.5100135
663,0.0009124377,0.4867196,0.512368
664,0.0009147998,0.4856561,0.5134291
665,0.0009159502,0.4853307,0.5137533
666,0.0009164268,0.4854096,0.513674
667,0.0009165468,0.4856974,0.513386
668,0.0009164914,0.4860831,0.5130004
669,0.0009163609,0.4865024,0.5125812
670,0.0009162105,0.4869165,0.5121673
671,0.0009160692,0.4872999,0.5117841
672,0.0009159521,0.4876342,0.5114499
673,0.0008942595,0.5000054,0.4991004
674,0.0008818825,0.5069193,0.4921988
675,0.0008752022,0.5103575,0.4887674
676,0.0008716623,0.5119312,0.4871971
677,0.0008698576,0.5124891,0.4866411
678,0.0008689818,0.512516,0.486615
679,0.0008685835,0.512284,0.4868474
680,0.000868418,0.5119407,0.487191
681,0.0008683589,0.5115625,0.4875691
682,0.0008683418,0.5111923,0.4879394
683,0.0008683375,0.5108505,0.4882813
684,0.000868334,0.5105463,0.4885854
685,0.0008830338,0.5022008,0.4969161
686,0.0008919784,0.4972792,0.5018288
687,0.0008972437,0.4945343,0.5045685
688,0.0009002327,0.4931116,0.5059881
689,0.0009018684,0.4924528,0.5066453
690,0.0009027278,0.4922139,0.5068833
691,0.0009031575,0.4921928,0.506904
692,0.0009033573,0.4922762,0.5068204
693,0.0009034386,0.4924038,0.5066928
694,0.0009034632,0.4925416,0.5065549
695,0.0009034633,0.4926725,0.5064241
696,0.0009034545,0.4927876,0.5063089
697,0.0007873141,0.5568593,0.4423534
698,0.0007337644,0.5849028,0.4143635
699,0.0007078183,0.5972021,0.40209
700,0.0006948779,0.6022744,0.3970308
701,0.0006883771,0.6039205,0.3953911
702,0.0006850862,0.6039903,0.3953246
703,0.0006833673,0.6033994,0.3959173
704,0.0006823873,0.6025933,0.3967243
705,0.0006817295,0.6017793,0.397539
706,0.0006811922,0.601045,0.3982738
707,0.0006806821,0.6004214,0.398898
708,0.0006801594,0.5999143,0.3994055
709,0.0007361759,0.5668764,0.4323874
710,0.0007720586,0.5463055,0.4529225
711,0.0007935135,0.5348134,0.464393
712,0.0008055319,0.5291314,0.4700632
713,0.0008117815,0.5269066,0.4722817
714,0.0008147224,0.5265948,0.4725906
715,0.0008158914,0.5273371,0.471847
716,0.0008159608,0.5298855,0.4692986
717,0.0008171033,0.5294647,0.4697182
718,0.0008167578,0.530455,0.4687283
719,0.0008146307,0.5336543,0.465531
720,0.0008182503,0.5300404,0.4691413
721,0.0008269592,0.5247182,0.4744549
722,0.0008322267,0.5211703,0.4779975
723,0.0008351851,0.5188827,0.4802821
724,0.000836735,0.5173389,0.4818244
725,0.0008374733,0.5161911,0.4829714
726,0.00083771,0.5153227,0.4838396
727,0.000837658,0.5146738,0.4844885
728,0.0008374869,0.514193,0.4849696
729,0.0008373275,0.51383,0.4853326
730,0.0008372627,0.5135438,0.485619
731,0.0008373192,0.5133135,0.4858491
732,0.0008374813,0.5131357,0.4860269
733,0.0008365985,0.5135621,0.4856014
734,0.0008361212,0.5138085,0.4853555
735,0.0008358712,0.5140098,0.4851544
736,0.0008357642,0.5141937,0.4849706
737,0.0008357314,0.5143889,0.4847754
738,0.0008357271,0.514614,0.4845503
739,0.0008357233,0.514879,0.4842852
740,0.0008357051,0.5151859,0.4839784
741,0.0008356653,0.5155317,0.4836326
742,0.0008356036,0.5159101,0.4832543
743,0.0008355229,0.5163115,0.482853
744,0.0008354296,0.516723,0.4824416
745,0.000870383,0.4973692,0.5017604
746,0.0008924537,0.4858752,0.5132324
747,0.0009058687,0.4795693,0.5195248
748,0.0009137249,0.4764877,0.5225986
749,0.0009182182,0.475234,0.5238477
750,0.0009207869,0.474902,0.5241772
751,0.0009223132,0.4749419,0.5241358
752,0.0009233,0.4750497,0.524027
753,0.0009240055,0.4750846,0.5239914
754,0.0009245491,0.4749987,0.5240768
755,0.0009249715,0.4748034,0.5242715
756,0.0009252805,0.4745382,0.5245366
757,0.0008233885,0.5311669,0.4680097
758,0.0007737101,0.5573559,0.4418704
759,0.0007487534,0.5692997,0.4299515
760,0.0007359315,0.5744684,0.4247957
761,0.00072934,0.5763404,0.4229303
762,0.0007260115,0.5766367,0.4226373
763,0.0007243973,0.5762283,0.4230472
764,0.0007236645,0.5755597,0.4237166
765,0.0007233552,0.5748547,0.4244219
766,0.0007232178,0.5742229,0.4250539
767,0.0007231186,0.5737116,0.4255653
768,0.0007229899,0.5733372,0.4259398
769,0.0007535817,0.5554036,0.4438427
770,0.0007721336,0.5449908,0.4542371
771,0.0007828288,0.5394902,0.459727
772,0.0007886181,0.5370221,0.4621894
773,0.0007914886,0.5363344,0.4628741
774,0.0007927001,0.5366455,0.4625619
775,0.0007930248,0.5374899,0.4617171
776,0.0007928977,0.5387865,0.4604206
777,0.0007924446,0.5413132,0.4578943
778,0.0007933613,0.5408742,0.4583325
779,0.0007923486,0.5426,0.4566077
780,0.0007910471,0.544858,0.454351
781,0.0007496943,0.5664435,0.4328068
782,0.0007262472,0.5785596,0.4207142
783,0.0007142483,0.5835716,0.4157141
784,0.0007076797,0.5854779,0.4138145
785,0.0007039887,0.5858067,0.4134894
786,0.0007018211,0.5853786,0.4139195
787,0.0007004542,0.5846432,0.4146564
788,0.0006995361,0.5838242,0.4154763
789,0.0006989244,0.5830106,0.4162905
790,0.0006985606,0.5822351,0.4170663
791,0.0006983949,0.5815157,0.4177859
792,0.0006983567,0.580877,0.4184246
793,0.0006971424,0.5810333,0.4182695
794,0.0006964731,0.5809807,0.4183229
795,0.0006960612,0.5808766,0.4184273
796,0.0006957557,0.5807991,0.4185052
797,0.0006954708,0.5807907,0.4185137
798,0.0006951606,0.5808723,0.4184326
799,0.0006948035,0.5810507,0.4182545
800,0.0006943924,0.5813244,0.4179812
801,0.0006939318,0.5816827,0.4176233
802,0.0006934357,0.5821086,0.417198
803,0.0006929213,0.5826011,0.4167061
804,0.0006919926,0.5846346,0.4146734
805,0.0007355991,0.5585617,0.4407027
806,0.0007623842,0.543538,0.4556996
807,0.0007760877,0.5385096,0.4607143
808,0.0007878218,0.531526,0.4676862
809,0.0007903876,0.5330153,0.4661944
810,0.0007961669,0.5290344,0.4701694
811,0.0007959003,0.5309281,0.4682759
812,0.0008002529,0.526459,0.4727407
813,0.0008006008,0.5256832,0.4735162
814,0.0008005818,0.5250519,0.4741476
815,0.0008003533,0.5245155,0.4746841
816,0.0008000004,0.5240695,0.4751304
817,0.0007963309,0.5256558,0.4735478
818,0.0007940066,0.5265045,0.4727015
819,0.0007925439,0.5269253,0.4722822
820,0.0007916463,0.5271203,0.4720881
821,0.0007911475,0.527195,0.4720138
822,0.000790945,0.5272081,0.472001
823,0.0007909636,0.5271974,0.4720116
824,0.0007911361,0.5271927,0.4720162
825,0.0007914003,0.5272193,0.4719893
826,0.0007917021,0.5272986,0.4719097
827,0.0007919995,0.5274454,0.4717627
828,0.000792265,0.527666,0.4715416
829,0.0007393988,0.5589643,0.4402963
830,0.0007123725,0.5744243,0.4248634
831,0.0006984233,0.5819007,0.4174009
832,0.0006911986,0.5853773,0.4139316
833,0.0006874612,0.5868585,0.4124541
834,0.0006855076,0.5873836,0.4119309
835,0.000684441,0.5874872,0.4118284
836,0.000683796,0.5874348,0.4118814
837,0.0006833389,0.58735,0.4119667
838,0.0006829582,0.5872821,0.4120349
839,0.0006826065,0.5872433,0.4120741
840,0.0006822677,0.5872273,0.4120904
841,0.0007092077,0.571157,0.4281338
842,0.0007253306,0.5619482,0.4373265
843,0.0007346057,0.5570155,0.4422499
844,0.0007396959,0.5546374,0.444623
845,0.0007423924,0.5536394,0.4456182
846,0.0007437963,0.5533026,0.4459536
847,0.0007445408,0.5532165,0.4460389
848,0.0007449657,0.5531675,0.4460876
849,0.0007452358,0.5530641,0.4461906
850,0.0007454247,0.5528818,0.4463727
851,0.0007455613,0.5526291,0.4466254
852,0.0007456582,0.5523244,0.44693
853,0.0007402658,0.555172,0.4440878
854,0.0007372102,0.556542,0.4427207
855,0.0007354961,0.5570856,0.4421789
856,0.000734563,0.5571752,0.4420902
857,0.0007340797,0.5570359,0.44223
858,0.000733859,0.5567956,0.4424705
859,0.0007337942,0.5565258,0.4427404
860,0.0007338204,0.5562672,0.442999
861,0.0007338941,0.5560442,0.443222
862,0.0007339851,0.5558701,0.4433959
863,0.0007340708,0.5557526,0.4435133
864,0.0007341357,0.5556951,0.4435707
865,0.0007351313,0.555124,0.4441409
866,0.000735687,0.5548683,0.4443961
867,0.0007359618,0.5548223,0.4444417
868,0.0007360596,0.5549133,0.4443506
869,0.0007360451,0.5550955,0.4441685
870,0.0007359587,0.5553383,0.4439258
871,0.000735828,0.5556198,0.4436445
872,0.0007356721,0.5559219,0.4433424
873,0.0007355069,0.5562277,0.4430367
874,0.0007353442,0.556523,0.4427416
875,0.0007351938,0.5567938,0.4424709
876,0.0007350638,0.5570274,0.4422375
877,0.0007063482,0.5741,0.4251937
878,0.0006910748,0.5827811,0.4165278
879,0.000682977,0.5869579,0.4123591
880,0.0006787104,0.5887678,0.4105534
881,0.0006764706,0.5893617,0.4099619
882,0.0006752847,0.5893577,0.409967
883,0.0006746358,0.5890813,0.410244
884,0.0006742554,0.588699,0.4106267
885,0.0006740072,0.5882934,0.4110326
886,0.0006738245,0.5879031,0.4114231
887,0.0006736736,0.587546,0.4117803
888,0.0006735369,0.5872303,0.4120962
889,0.0006852884,0.5797728,0.4195419
890,0.0006920064,0.5755373,0.4237707
891,0.0006956452,0.5733341,0.4259702
892,0.0006975152,0.5722804,0.4270221
893,0.0006983994,0.5718585,0.4274431
894,0.0006987539,0.5717692,0.427532
895,0.0006988365,0.5718442,0.4274569
896,0.0006987886,0.57199,0.4273111
897,0.0006986869,0.5721537,0.4271476
898,0.0006985706,0.572306,0.4269955
899,0.0006984597,0.5724292,0.4268724
900,0.0006983635,0.5725128,0.4267888
901,0.0006933169,0.5757134,0.4235933
902,0.0006904234,0.5775541,0.4217554
903,0.0006889918,0.5783056,0.4210054
904,0.0006882578,0.578554,0.4207578
905,0.0006878822,0.5785335,0.4207786
906,0.0006876825,0.5783718,0.4209406
907,0.000687562,0.5781391,0.4211733
908,0.0006874715,0.5778754,0.4214371
909,0.0006873882,0.5776038,0.4217089
910,0.0006873037,0.5773368,0.4219759
911,0.0006872167,0.5770829,0.4222299
912,0.0006871289,0.5768473,0.4224656
913,0.0007267533,0.5525244,0.4467488
914,0.0007514911,0.5377706,0.4614779
915,0.0007661188,0.529662,0.4695718
916,0.000774433,0.5255899,0.4736357
917,0.0007790032,0.5238321,0.4753889
918,0.0007814607,0.5233168,0.4759017
919,0.0007827831,0.5234147,0.4758026
920,0.000783528,0.5237755,0.475441
921,0.0007839974,0.5242159,0.4750001
922,0.0007843477,0.5246437,0.4745719
923,0.0007846533,0.5250184,0.4741969
924,0.0007849446,0.5253264,0.4738886
925,0.0007899553,0.5228772,0.4763329
926,0.0007930159,0.521605,0.4776019
927,0.0007949573,0.5209228,0.4782823
928,0.0007961805,0.5206107,0.4785931
929,0.0007969719,0.5204964,0.4787067
930,0.0007975058,0.520481,0.4787215
931,0.0007978847,0.5205125,0.4786896
932,0.0007981679,0.5205661,0.4786358
933,0.0007983905,0.5206319,0.4785697
934,0.0007985726,0.5207101,0.4784913
935,0.0007987285,0.5208027,0.4783985
936,0.0007988687,0.5209121,0.4782891
937,0.0007826998,0.5306079,0.4686094
938,0.0007736582,0.5358962,0.4633301
939,0.0007687178,0.5386693,0.460562
940,0.0007660987,0.540069,0.4591648
941,0.0007647726,0.5407475,0.4584876
942,0.0007641526,0.5410703,0.4581655
943,0.0007639086,0.5412374,0.4579988
944,0.0007638571,0.5413542,0.4578819
945,0.0007638976,0.5414755,0.4577605
946,0.0007639776,0.5416241,0.4576119
947,0.0007640693,0.5418077,0.4574282
948,0.0007641594,0.5420251,0.4572107
949,0.0007568626,0.5465887,0.4526544
950,0.0007527485,0.5491808,0.4500665
951,0.000750481,0.5506343,0.4486152
952,0.0007492694,0.5514438,0.447807
953,0.0007486461,0.5518976,0.4473537
954,0.0007483427,0.5521562,0.4470956
955,0.0007482093,0.5523046,0.4469473
956,0.0007481644,0.5523852,0.4468667
957,0.0007481665,0.5524147,0.4468371
958,0.0007481896,0.5524055,0.4468463
959,0.00074822,0.5523636,0.4468881
960,0.0007482494,0.5522944,0.4469574
961,0.0007340194,0.5604793,0.4387867
962,0.0007261343,0.564721,0.4345528
963,0.0007217648,0.5668109,0.4324673
964,0.0007193743,0.5677112,0.4315694
965,0.0007180639,0.5679941,0.4312879
966,0.0007173308,0.567978,0.4313046
967,0.0007169008,0.5678349,0.4314482
968,0.0007166283,0.5676541,0.4316293
969,0.0007164376,0.567481,0.4318025
970,0.0007162921,0.5673349,0.4319488
971,0.000716172,0.5672237,0.4320601
972,0.0007160665,0.56715,0.4321339
973,0.000667042,0.5961758,0.4031571
974,0.0006425694,0.6100199,0.3893375
975,0.0006301415,0.6163676,0.3830023
976,0.0006237643,0.6190443,0.380332
977,0.0006204729,0.6199194,0.3794601
978,0.0006187377,0.6199487,0.3794327
979,0.0006177656,0.6196182,0.379764
980,0.0006171506,0.6191694,0.3802135
981,0.0006166896,0.6187143,0.380669
982,0.0006162838,0.6183019,0.3810818
983,0.0006158889,0.6179479,0.3814361
984,0.0006154883,0.6176522,0.3817324
985,0.0006680977,0.5851336,0.4141983
986,0.0007016865,0.5649635,0.4343349
987,0.0007216868,0.5537985,0.4454798
988,0.0007329452,0.5483053,0.4509618
989,0.0007390126,0.5460657,0.4531953
990,0.0007422125,0.5455739,0.4536838
991,0.0007436352,0.5473202,0.4519362
992,0.0007456956,0.5463568,0.4528975
993,0.0007452853,0.548053,0.4512016
994,0.0007466653,0.5473106,0.4519427
995,0.0007474174,0.5468782,0.4523744
996,0.0007485247,0.5455936,0.4536578
997,0.0006653324,0.5947036,0.404631
998,0.0006266359,0.6162581,0.3831154
999,0.0006074975,0.6256696,0.3737229
1000,0.0005976502,0.6294664,0.3699359
1001,0.0005923864,0.6306469,0.3687608
1002,0.0005894445,0.630632,0.3687785
1003,0.000587728,0.6300914,0.3693209
1004,0.0005867204,0.629325,0.3700883
1005,0.00058618,0.6284632,0.3709506
1006,0.000585956,0.6275836,0.3718304
1007,0.0005859003,0.6267629,0.3726513
1008,0.0005858763,0.6260698,0.3733443
1009,0.0006161227,0.6065626,0.3928213
1010,0.0006341735,0.5952324,0.4041334
1011,0.0006442635,0.5893772,0.4099786
1012,0.0006495006,0.5868443,0.4125063
1013,0.000651895,0.5862949,0.4130532
1014,0.0006522334,0.5885379,0.4108098
1015,0.0006532131,0.5884704,0.4108764
1016,0.000649547,0.5942197,0.4051307
1017,0.0006532564,0.5910423,0.4083044
1018,0.000650986,0.5960551,0.403294
1019,0.0006530713,0.5958388,0.4035081
1020,0.0006551646,0.5947698,0.4045751
1021,0.0006710743,0.5835059,0.415823
1022,0.0006804436,0.5769449,0.4223747
1023,0.0006878328,0.5699959,0.4293162
1024,0.0006875047,0.5712032,0.4281093
1025,0.0006912993,0.566636,0.4326727
1026,0.000691306,0.5658415,0.4334672
1027,0.0006910727,0.5651842,0.4341247
1028,0.0006906436,0.5647359,0.4345734
1029,0.0006901392,0.5644275,0.4348824
1030,0.0006896128,0.5642409,0.4350695
1031,0.0006891007,0.5641625,0.4351484
1032,0.0006886317,0.5641749,0.4351365
1033,0.0007057218,0.5534216,0.4458728
1034,0.0007157932,0.547378,0.4519062
1035,0.0007215298,0.5442975,0.454981
1036,0.0007247163,0.5429581,0.4563171
1037,0.0007264703,0.5426075,0.4566661
1038,0.0007274579,0.5428045,0.456468
1039,0.0007280582,0.5433022,0.4559698
1040,0.0007284773,0.5439655,0.455306
1041,0.0007288228,0.5447198,0.4545513
1042,0.0007291518,0.5455162,0.4537547
1043,0.0007294987,0.5463116,0.4529588
1044,0.0007298831,0.5470708,0.4521993
1045,0.0006694422,0.5846211,0.4147094
1046,0.0006399031,0.6024997,0.3968605
1047,0.0006252983,0.6105235,0.3888511
1048,0.0006179398,0.6139067,0.3854753
1049,0.0006142373,0.6149487,0.3844371
1050,0.0006122956,0.6149523,0.3844353
1051,0.0006111917,0.6145337,0.3848552
1052,0.0006104818,0.6139769,0.3854126
1053,0.0006099636,0.6133998,0.3859903
1054,0.000609547,0.6128492,0.3865412
1055,0.0006091963,0.6123391,0.3870517
1056,0.0006088989,0.611872,0.3875191
