EwEVersion,"6.5.13829.0 (compiled 2016-05-17)"
Date,"2016-09-06 18:00:37"
ModelName,Baltic_Proper-SEALS
EcosimScenario,Proper1_SealVuln100_19742100_seal100_cofF1
TimeSeries,new_data_weights_19742100_seal100_codF1
StartYear,1974

Data,"Prey of JuvSprat"

TimeStep,"Temora sp","Acartia sp","Pseudocalanus sp.","other mesozooplankton","Mysids",
1,0.3416932,0.2886027,0.1891643,0.1800693,0.0004705526
2,0.3482671,0.2841473,0.1803821,0.186754,0.0004494748
3,0.3504935,0.2783198,0.1777553,0.1929758,0.0004555885
4,0.3508407,0.2745149,0.1778672,0.1963002,0.0004768951
5,0.3503381,0.2715918,0.179495,0.1980676,0.0005075192
6,0.3492337,0.2692107,0.1817131,0.1992999,0.0005424765
7,0.3476537,0.2672598,0.1839658,0.2005427,0.0005779997
8,0.345695,0.265645,0.185981,0.2020675,0.00061143
9,0.3434239,0.2642711,0.1876572,0.2040067,0.000640956
10,0.3408804,0.263051,0.188981,0.2064222,0.0006653713
11,0.3380892,0.2619119,0.1899772,0.2093378,0.0006838777
12,0.3350734,0.2607948,0.1906819,0.2127539,0.0006959516
13,0.3422299,0.2583334,0.1877509,0.2109975,0.0006882315
14,0.336207,0.257478,0.19012,0.2154983,0.0006967137
15,0.3322332,0.256806,0.1906997,0.2195712,0.0006899872
16,0.3288543,0.255479,0.1907574,0.2242355,0.0006737927
17,0.3258283,0.2537416,0.1904923,0.2292879,0.0006498787
18,0.3232095,0.2518364,0.1899555,0.2343788,0.0006197287
19,0.3211084,0.2500156,0.1891461,0.239145,0.0005849206
20,0.3195709,0.248781,0.1879573,0.2431439,0.0005468853
21,0.3185756,0.2487274,0.1862569,0.2459331,0.0005070793
22,0.3180169,0.2504244,0.1839455,0.2471461,0.0004670407
23,0.3177345,0.2542514,0.1810067,0.246579,0.0004283691
24,0.3176013,0.2601646,0.1775576,0.2442839,0.0003926796
25,0.2380597,0.2693503,0.1996187,0.2925476,0.0004236827
26,0.2625619,0.2737003,0.1828409,0.28053,0.0003670059
27,0.2669874,0.2787004,0.1768901,0.277069,0.0003530545
28,0.2703961,0.2869772,0.1723362,0.2699395,0.0003510095
29,0.2742392,0.2913499,0.1702376,0.2638125,0.0003608056
30,0.2783691,0.2916875,0.1700142,0.2595499,0.0003793488
31,0.2821794,0.2898529,0.1708087,0.2567559,0.0004030892
32,0.2852545,0.287684,0.1718478,0.2547852,0.0004285468
33,0.2874957,0.2853884,0.1729837,0.2536781,0.000454093
34,0.2888957,0.2833683,0.1740046,0.2532534,0.0004779854
35,0.2895394,0.2816929,0.1748276,0.2534411,0.0004990315
36,0.2895322,0.2803111,0.1754304,0.25421,0.0005164269
37,0.2883649,0.2812725,0.1764547,0.2533773,0.0005306397
38,0.284924,0.2810584,0.178639,0.2548325,0.0005460684
39,0.282292,0.2807747,0.1794172,0.2569656,0.0005504437
40,0.2798591,0.2802824,0.179499,0.2598128,0.0005466588
41,0.2774936,0.2798051,0.1791454,0.2630192,0.0005365404
42,0.275208,0.279474,0.1785127,0.2662835,0.0005218071
43,0.2730548,0.2793608,0.1777012,0.2693791,0.0005040347
44,0.2711406,0.2789463,0.1771201,0.2723078,0.0004852753
45,0.2694176,0.2791502,0.1763866,0.2745797,0.0004657466
46,0.2679645,0.2799452,0.1755176,0.2761263,0.0004464342
47,0.2668402,0.2813192,0.1745254,0.2768871,0.0004280837
48,0.266093,0.2832029,0.1734384,0.2768544,0.0004113098
49,0.2656955,0.2900134,0.1716089,0.2722934,0.0003887971
50,0.2632294,0.2931138,0.1724719,0.2708076,0.0003772973
51,0.2626612,0.295355,0.1724627,0.2691566,0.0003643901
52,0.2630394,0.2971738,0.1720313,0.2674034,0.0003520501
53,0.2641016,0.2990353,0.1712965,0.2652254,0.000341131
54,0.2657775,0.3008488,0.1704401,0.2626011,0.000332491
55,0.2680259,0.3023398,0.1696402,0.2596673,0.0003267771
56,0.2707658,0.303656,0.1687926,0.2564615,0.0003240108
57,0.2739105,0.3041462,0.1682365,0.2533821,0.000324641
58,0.2772435,0.3040041,0.1679548,0.2504692,0.000328363
59,0.2805695,0.3033983,0.1679196,0.2477779,0.0003347798
60,0.2837314,0.3024903,0.1680886,0.2453462,0.0003433943
61,0.2583606,0.3106692,0.1763932,0.254206,0.0003709999
62,0.2577043,0.3120405,0.1775855,0.252289,0.0003807744
63,0.2582424,0.3111456,0.1788372,0.251384,0.000390876
64,0.2593454,0.3105244,0.17951,0.2502211,0.0003990216
65,0.2607475,0.3100168,0.1798884,0.2489415,0.0004059565
66,0.2623197,0.3094819,0.1801486,0.2476376,0.0004122888
67,0.2639747,0.3088743,0.1803772,0.2463554,0.0004183953
68,0.2656454,0.307858,0.1808646,0.2452071,0.0004249704
69,0.267214,0.3068527,0.1814156,0.2440859,0.000431791
70,0.268676,0.3057876,0.1820409,0.2430566,0.0004389278
71,0.2700049,0.3046716,0.1827326,0.2421446,0.0004463091
72,0.2711783,0.303526,0.1834791,0.2413627,0.0004538115
73,0.2454144,0.3071611,0.1905587,0.2564,0.0004658318
74,0.2430644,0.3080632,0.1888249,0.2595911,0.0004563784
75,0.2452163,0.3042722,0.1887812,0.261271,0.0004592668
76,0.2479245,0.3010661,0.1892232,0.2613184,0.0004678686
77,0.2499925,0.2983987,0.1901027,0.2610262,0.0004798456
78,0.2510851,0.2961023,0.1912665,0.2610529,0.0004930912
79,0.2511694,0.2941245,0.1925464,0.261654,0.0005058467
80,0.2503315,0.292423,0.1938072,0.2629216,0.0005167205
81,0.2486616,0.2909705,0.1949847,0.2648584,0.0005247851
82,0.2462543,0.2897584,0.1960309,0.2674269,0.000529399
83,0.2432028,0.2887762,0.1969173,0.2705736,0.0005301856
84,0.2395988,0.2880175,0.1976263,0.2742305,0.0005269856
85,0.2767706,0.2766792,0.1856492,0.26041,0.0004911064
86,0.2784725,0.2724291,0.1852953,0.263315,0.0004880627
87,0.2758488,0.273157,0.1846097,0.2659056,0.0004787258
88,0.2725681,0.2729254,0.184385,0.2696542,0.0004672962
89,0.2687273,0.2721291,0.1842963,0.2743942,0.0004529842
90,0.2644052,0.2711072,0.1841313,0.2799212,0.0004351134
91,0.2597465,0.2699914,0.1838003,0.2860483,0.0004135125
92,0.2549452,0.2687355,0.1833927,0.2925381,0.0003884489
93,0.2501658,0.2675487,0.1828074,0.2991174,0.0003606501
94,0.2456051,0.2666483,0.1820088,0.3054068,0.0003310865
95,0.2414342,0.2663651,0.1809604,0.3109394,0.0003008865
96,0.2377836,0.267159,0.179609,0.3151773,0.000271217
97,0.2455221,0.2667959,0.174034,0.3134145,0.0002334717
98,0.2451539,0.2690871,0.1712004,0.3143525,0.000205976
99,0.245114,0.2765209,0.1677331,0.3104481,0.0001839279
100,0.2457258,0.2850785,0.1645559,0.3044715,0.0001683447
101,0.2474067,0.2926733,0.162008,0.2977532,0.0001588989
102,0.2503381,0.2980565,0.16029,0.2911602,0.0001551994
103,0.2544016,0.3008522,0.1594464,0.2851429,0.0001568847
104,0.2592062,0.30164,0.1592245,0.2797658,0.0001635449
105,0.2643311,0.300703,0.1596451,0.275146,0.0001749086
106,0.2692894,0.2987304,0.160548,0.2712416,0.0001905191
107,0.2737117,0.2962612,0.1617872,0.2680302,0.0002097612
108,0.277378,0.2936476,0.163238,0.2655045,0.0002318296
109,0.3006512,0.2864921,0.1597775,0.2528246,0.0002544157
110,0.2974626,0.2856561,0.1642189,0.2523716,0.0002908366
111,0.296369,0.2848527,0.1667717,0.2516866,0.0003198951
112,0.2957611,0.283366,0.1686456,0.2518833,0.0003441158
113,0.2951793,0.2819206,0.1699949,0.2525415,0.0003638486
114,0.2945502,0.2806927,0.1709734,0.2534039,0.0003797179
115,0.2938887,0.2796745,0.171711,0.2543334,0.0003924542
116,0.293171,0.2792805,0.1718804,0.2552659,0.0004021269
117,0.2925366,0.2789406,0.1718859,0.2562274,0.0004095419
118,0.2919504,0.2787052,0.1717893,0.2571399,0.0004150988
119,0.2914081,0.2785939,0.1716203,0.2579586,0.0004191337
120,0.2909158,0.2786128,0.1713943,0.258655,0.0004219225
121,0.275019,0.2814895,0.1756493,0.2674053,0.0004369199
122,0.2764446,0.2819647,0.1739764,0.2671809,0.0004333498
123,0.2764696,0.2817396,0.1734281,0.2679291,0.0004336558
124,0.2762844,0.2821755,0.1729065,0.2681997,0.0004339621
125,0.2760913,0.2827874,0.1724414,0.2682458,0.0004341892
126,0.2759299,0.2833805,0.1720322,0.2682233,0.0004342296
127,0.2757973,0.2839155,0.171657,0.2681964,0.0004339274
128,0.2756737,0.2843664,0.1713935,0.2681329,0.0004334707
129,0.2755585,0.2847791,0.1711537,0.2680759,0.000432753
130,0.2754593,0.2851427,0.1709254,0.2680408,0.0004317288
131,0.2753748,0.2854632,0.1707015,0.2680301,0.0004303781
132,0.2753013,0.2857519,0.1704763,0.2680418,0.0004287038
133,0.1681994,0.3187093,0.2027244,0.3098564,0.00051044
134,0.1461582,0.3338747,0.2106344,0.3088194,0.0005132924
135,0.1214251,0.339222,0.2203326,0.3185075,0.0005127456
136,0.1000721,0.3453369,0.2263881,0.3277107,0.0004923454
137,0.08232275,0.3535045,0.2292957,0.3344192,0.000457834
138,0.06845627,0.3639753,0.2297015,0.3374503,0.0004166411
139,0.0586526,0.3760633,0.2283814,0.3365269,0.0003757869
140,0.05291595,0.387568,0.2266325,0.3325427,0.0003408655
141,0.05121983,0.3973713,0.2248809,0.3262133,0.0003147415
142,0.05374355,0.4037427,0.2236742,0.3185407,0.0002988751
143,0.06081828,0.4060426,0.2229885,0.3098577,0.0002930266
144,0.07272612,0.4043458,0.2224699,0.3001621,0.0002961503
145,0.112629,0.3853658,0.2113298,0.2903834,0.0002920948
146,0.157626,0.3651001,0.1998392,0.2771364,0.0002983612
147,0.1983565,0.3444617,0.1930573,0.2638013,0.0003232249
148,0.227805,0.3285624,0.1904083,0.2528622,0.0003620964
149,0.2462636,0.3172499,0.1908073,0.245269,0.0004101597
150,0.2569216,0.309316,0.1929044,0.2403959,0.0004621853
151,0.2627691,0.3036114,0.1957103,0.2373953,0.0005139664
152,0.2657776,0.2992944,0.1986779,0.2356869,0.0005631552
153,0.2670494,0.2958193,0.2015909,0.2349319,0.0006084271
154,0.2671707,0.2928713,0.204369,0.2349398,0.000649235
155,0.2664343,0.290262,0.2069997,0.2356185,0.000685477
156,0.2649732,0.2878925,0.2094895,0.2369276,0.0007172207
157,0.2327806,0.3002962,0.2278323,0.2382755,0.0008154535
158,0.2047381,0.3055673,0.2543443,0.2344039,0.0009463535
159,0.1732674,0.3174149,0.2740868,0.2341962,0.00103473
160,0.1406661,0.3305126,0.2895381,0.2382005,0.001082724
161,0.108346,0.3429563,0.3017194,0.2458887,0.001089546
162,0.07813714,0.3542584,0.3105699,0.2559813,0.001053251
163,0.05222724,0.3649814,0.3153949,0.266422,0.0009744029
164,0.0323552,0.3764527,0.315592,0.2747398,0.0008603368
165,0.01891514,0.3904438,0.3110755,0.2788395,0.0007260992
166,0.01084321,0.4075455,0.3030554,0.2779645,0.0005913664
167,0.00640559,0.4261333,0.293905,0.2730824,0.0004736073
168,0.004088361,0.443212,0.2861982,0.2661191,0.0003824196
169,0.02079159,0.4708021,0.2564363,0.2516857,0.0002842546
170,0.1044975,0.4283842,0.2317053,0.235184,0.0002290161
171,0.2191211,0.370401,0.2037095,0.2065678,0.0002006745
172,0.2879069,0.3356752,0.1898584,0.1863546,0.0002049322
173,0.324482,0.3152045,0.1861703,0.1739087,0.0002343736
174,0.3419645,0.3022067,0.1885199,0.1670262,0.0002828192
175,0.34922,0.2933471,0.1936122,0.1634766,0.0003439721
176,0.3509029,0.2871507,0.1996157,0.161919,0.0004117917
177,0.349751,0.2827976,0.2054778,0.1614925,0.0004811475
178,0.3473324,0.2796489,0.2107437,0.1617265,0.0005483864
179,0.3444405,0.2772661,0.2152954,0.1623867,0.0006113173
180,0.3414171,0.2753713,0.2191735,0.1633692,0.0006688518
181,0.3527242,0.2681861,0.2154297,0.1629592,0.0007007422
182,0.3545496,0.265021,0.2144621,0.1652308,0.0007366317
183,0.3540033,0.262199,0.2150864,0.1679372,0.0007740691
184,0.3521664,0.2599484,0.216471,0.1706034,0.0008107083
185,0.3495888,0.2582285,0.2180869,0.1732513,0.0008444938
186,0.3465419,0.2569574,0.2196047,0.1760223,0.0008737769
187,0.3431588,0.2560688,0.2208311,0.1790442,0.0008972206
188,0.3394588,0.2556323,0.2215616,0.1824338,0.0009135134
189,0.3355225,0.2555443,0.2217867,0.1862246,0.0009218795
190,0.3313287,0.2558084,0.2215143,0.1904266,0.0009219265
191,0.3268542,0.2564589,0.2207517,0.1950216,0.0009135293
192,0.3220835,0.2575628,0.2194963,0.1999605,0.0008967906
193,0.3300062,0.2544311,0.212287,0.202426,0.0008496201
194,0.3266946,0.255499,0.2084967,0.2084968,0.00081297
195,0.3229897,0.2574511,0.204998,0.2137877,0.0007734395
196,0.3194078,0.2596155,0.2018551,0.218389,0.0007326545
197,0.3161393,0.2619177,0.1989136,0.2223385,0.0006909356
198,0.3132783,0.2643496,0.1960688,0.2256547,0.0006487405
199,0.3108768,0.2669232,0.1932698,0.2283234,0.000606818
200,0.3089819,0.2694963,0.1906342,0.2303213,0.0005663845
201,0.3075637,0.2723866,0.1880086,0.2315129,0.0005281041
202,0.3066616,0.2755114,0.1854229,0.2319112,0.0004930035
203,0.3062946,0.2787407,0.1829348,0.2315681,0.0004619632
204,0.3064642,0.2818953,0.1806222,0.2305826,0.0004356704
205,0.2958824,0.2967743,0.1824293,0.2244876,0.0004264386
206,0.2877157,0.3042512,0.188213,0.2193909,0.0004291887
207,0.2841364,0.3088208,0.1913859,0.2152366,0.0004204295
208,0.2827073,0.3128528,0.1923725,0.2116648,0.0004026261
209,0.2826408,0.3171078,0.1917159,0.2081558,0.000379593
210,0.2837298,0.3214627,0.1900376,0.2044143,0.0003556212
211,0.2859793,0.3253895,0.1879299,0.2003669,0.0003344209
212,0.2894787,0.3289246,0.1854005,0.1958781,0.0003182133
213,0.2941283,0.3306088,0.1833894,0.1915641,0.0003093339
214,0.2994902,0.3307247,0.1820046,0.1874725,0.0003080476
215,0.3050558,0.3296389,0.1812765,0.1837146,0.0003141794
216,0.3103414,0.3278181,0.1811431,0.1803701,0.0003271515
217,0.332888,0.3132892,0.1729304,0.1805624,0.0003299582
218,0.3423193,0.3066717,0.1680694,0.1825951,0.0003444637
219,0.347112,0.3000134,0.1672546,0.1852444,0.000375643
220,0.349268,0.2948837,0.16853,0.1869005,0.0004178126
221,0.3499381,0.2909566,0.1707953,0.1878437,0.00046625
222,0.3497467,0.2879499,0.1733289,0.1884576,0.0005168
223,0.3490737,0.2856055,0.1757539,0.1890005,0.0005663748
224,0.348134,0.2836989,0.1779208,0.1896331,0.0006132167
225,0.3470336,0.2820068,0.1798427,0.1904605,0.0006563338
226,0.3458055,0.2804004,0.1815657,0.1915331,0.0006953165
227,0.3444487,0.2788029,0.1831439,0.1928743,0.000730132
228,0.3429516,0.277171,0.1846234,0.1944931,0.0007609379
229,0.3154324,0.2841873,0.1954595,0.2040928,0.0008281052
230,0.3104979,0.2843083,0.1985539,0.2057843,0.0008555319
231,0.3064969,0.283273,0.2011512,0.2082015,0.0008773305
232,0.3029589,0.2821643,0.2030662,0.2109188,0.0008918478
233,0.2996406,0.2811892,0.2044782,0.2137924,0.0008996139
234,0.2964764,0.2804563,0.2054983,0.2166678,0.0009012258
235,0.293477,0.2800727,0.2061681,0.2193851,0.0008971244
236,0.2906798,0.280159,0.2064846,0.221789,0.0008875582
237,0.2881211,0.2808837,0.2063998,0.2237226,0.0008728317
238,0.2858728,0.2822755,0.2059061,0.2250921,0.0008535293
239,0.2840163,0.2842663,0.2050319,0.2258549,0.0008304786
240,0.2826319,0.2866913,0.2038466,0.2260254,0.0008047521
241,0.2408291,0.2954925,0.216396,0.2464584,0.0008239803
242,0.2368432,0.3024782,0.2122044,0.2477017,0.0007724207
243,0.2361988,0.303196,0.2104643,0.2494008,0.0007400662
244,0.2372952,0.3045058,0.2085949,0.2488908,0.0007133978
245,0.2392811,0.3056182,0.2070486,0.2473595,0.0006926302
246,0.2416598,0.306157,0.2059575,0.2455485,0.0006772336
247,0.2440912,0.3062081,0.2052539,0.2437806,0.0006661409
248,0.2463705,0.3057017,0.2049804,0.2422886,0.0006588362
249,0.2483392,0.3051607,0.2048841,0.2409622,0.0006538485
250,0.2500065,0.3045905,0.2049161,0.2398365,0.0006505179
251,0.2513913,0.3040248,0.2050309,0.2389047,0.0006482757
252,0.2525243,0.3034821,0.2051967,0.2381502,0.000646687
253,0.3222354,0.281691,0.1828621,0.2126379,0.0005736262
254,0.3274288,0.2769442,0.1822942,0.212753,0.0005797924
255,0.3281676,0.27734,0.1818655,0.2120418,0.0005850877
256,0.3288496,0.2765777,0.1822349,0.2117444,0.000593372
257,0.3291969,0.275425,0.1829787,0.2117963,0.0006032626
258,0.3291871,0.2742676,0.1838126,0.2121193,0.0006133792
259,0.3288825,0.2732017,0.1846037,0.2126893,0.0006228416
260,0.3283343,0.2722897,0.1852919,0.213453,0.0006311219
261,0.3276278,0.2714424,0.1858765,0.2144154,0.000637988
262,0.3267983,0.2706704,0.1863479,0.2155401,0.0006432616
263,0.3258803,0.2699782,0.1867066,0.2167879,0.0006468817
264,0.3249082,0.2693727,0.1869558,0.2181144,0.0006488602
265,0.2405793,0.2971308,0.2171503,0.2443827,0.0007568084
266,0.2228923,0.306243,0.2267556,0.2433313,0.0007778088
267,0.2049272,0.3111527,0.2357826,0.2473483,0.0007891967
268,0.1892426,0.3164012,0.2414755,0.2521031,0.0007776249
269,0.1756915,0.3225968,0.2444263,0.2565386,0.0007467623
270,0.1644814,0.3300246,0.2451388,0.2596529,0.0007024094
271,0.1560944,0.33863,0.2439838,0.2606409,0.0006509968
272,0.1511291,0.3480927,0.2411761,0.2590036,0.0005982977
273,0.1501951,0.3563776,0.2376244,0.2552522,0.0005506726
274,0.1534767,0.362209,0.2339098,0.2498925,0.0005118255
275,0.1607144,0.3648485,0.2304637,0.2434898,0.0004836495
276,0.1711043,0.3644068,0.2275055,0.2365169,0.0004665336
277,0.2113447,0.3548561,0.2161276,0.217226,0.0004455605
278,0.2354342,0.3443251,0.2133715,0.2064175,0.0004516852
279,0.2493172,0.3399278,0.212249,0.1980403,0.0004656408
280,0.2588383,0.3364258,0.2123393,0.1919108,0.0004858361
281,0.2657741,0.3333084,0.2130481,0.1873593,0.0005100757
282,0.2709375,0.3304719,0.2141006,0.183953,0.0005369087
283,0.2748018,0.3278672,0.2153671,0.1813986,0.000565273
284,0.2776825,0.3253503,0.2168487,0.1795239,0.0005946375
285,0.2797731,0.3229751,0.2184645,0.1781629,0.0006243281
286,0.2812379,0.320728,0.2201733,0.1772069,0.00065386
287,0.282199,0.3185997,0.2219426,0.1765758,0.0006828615
288,0.2827471,0.3165824,0.2237476,0.1762118,0.0007110642
289,0.3083832,0.3038108,0.2116122,0.1755128,0.000681005
290,0.3198314,0.2959752,0.2051703,0.1783497,0.0006734166
291,0.3260047,0.2884642,0.2033246,0.1815195,0.000687052
292,0.3287125,0.2828602,0.2040151,0.1836982,0.0007139375
293,0.3294689,0.2787251,0.2059621,0.1850956,0.0007482435
294,0.3290943,0.2755799,0.2084086,0.1861314,0.0007858779
295,0.32801,0.2731028,0.2109428,0.1871201,0.0008241879
296,0.3264086,0.2711111,0.2133758,0.1882433,0.0008611746
297,0.3244399,0.2695031,0.2155849,0.1895765,0.0008957246
298,0.3221723,0.2681942,0.2175402,0.191166,0.0009272859
299,0.3196443,0.2671483,0.2192315,0.1930204,0.0009554972
300,0.3168859,0.2663553,0.2206539,0.1951247,0.0009800829
301,0.3253587,0.2607686,0.212737,0.2001979,0.0009377856
302,0.3283519,0.2582006,0.2067769,0.2057628,0.0009077826
303,0.3286742,0.2550983,0.204868,0.2104567,0.0009028107
304,0.3273705,0.2532414,0.2047816,0.2136948,0.0009116348
305,0.3252696,0.2520667,0.2055201,0.2162152,0.000928257
306,0.3227156,0.2512464,0.2065143,0.2185751,0.0009485658
307,0.3198664,0.250652,0.2074541,0.2210579,0.0009697366
308,0.3169504,0.2499611,0.2083179,0.223781,0.000989605
309,0.3137836,0.2494982,0.2089633,0.2267479,0.001007108
310,0.310468,0.2492507,0.2093358,0.2299241,0.001021382
311,0.3071002,0.2491819,0.2094352,0.2332509,0.001031819
312,0.3037659,0.2492516,0.2092891,0.2366554,0.001038011
313,0.2863547,0.2624663,0.215922,0.2341501,0.001106882
314,0.2672744,0.2678879,0.2309805,0.2326353,0.001221947
315,0.2539399,0.2710195,0.240128,0.2336252,0.001287334
316,0.2433642,0.2722079,0.2459038,0.2372166,0.001307426
317,0.2345566,0.2726008,0.2492907,0.2422686,0.001283307
318,0.2270854,0.2738318,0.2505443,0.2473201,0.001218422
319,0.2206969,0.2781063,0.2493707,0.2507064,0.001119632
320,0.2151628,0.2889399,0.2445879,0.2503146,0.00099476
321,0.2110821,0.3051023,0.2369296,0.2460246,0.0008613756
322,0.2094049,0.3235686,0.2276174,0.2386735,0.0007356122
323,0.2112956,0.3394098,0.2185444,0.2301202,0.0006300083
324,0.2173181,0.3490048,0.2111684,0.2219587,0.00054988
325,0.2403692,0.3489609,0.200321,0.2098832,0.0004657849
326,0.2568424,0.3431318,0.1959018,0.2037026,0.0004214821
327,0.2705291,0.3383696,0.1929214,0.1977827,0.0003972384
328,0.2822156,0.3334137,0.191412,0.1925691,0.0003896154
329,0.2916664,0.3289295,0.1909446,0.1880647,0.0003947988
330,0.2989081,0.3251248,0.1912259,0.1843313,0.0004098889
331,0.3041923,0.3219719,0.1920252,0.1813781,0.0004325148
332,0.3078326,0.3191271,0.1933372,0.1792422,0.0004607906
333,0.3101841,0.3167821,0.1948392,0.177702,0.000492605
334,0.311606,0.3147502,0.1964391,0.1766781,0.0005265651
335,0.3123537,0.3129364,0.1980691,0.1760794,0.0005615037
336,0.3126086,0.3112611,0.1996985,0.1758352,0.0005965455
337,0.3080778,0.3106637,0.2035428,0.177072,0.0006436736
338,0.3059626,0.3101883,0.2059066,0.1772589,0.0006836274
339,0.3044113,0.3093396,0.2079038,0.1776256,0.0007197725
340,0.303038,0.3082376,0.2096986,0.1782732,0.0007526005
341,0.3016565,0.3069342,0.211411,0.1792157,0.000782718
342,0.3001666,0.3054799,0.2131124,0.1804305,0.0008106437
343,0.2985168,0.303927,0.2148353,0.1818842,0.0008367595
344,0.2966974,0.3025452,0.2163785,0.1835181,0.0008608489
345,0.2947354,0.3011235,0.2179033,0.1853544,0.00088336
346,0.2926125,0.2997558,0.2194012,0.1873263,0.0009041422
347,0.2903461,0.2985044,0.2208507,0.1893756,0.000923014
348,0.2879703,0.297428,0.2222179,0.191444,0.0009397478
349,0.2258243,0.3034938,0.2378703,0.2318402,0.0009714413
350,0.2100846,0.3108246,0.2310293,0.2471529,0.0009086666
351,0.2083146,0.3030138,0.2294701,0.2583086,0.00089278
352,0.2108394,0.2980568,0.2282495,0.2619596,0.0008947898
353,0.2138836,0.2949224,0.227848,0.2624359,0.0009101228
354,0.216016,0.2925456,0.2282032,0.2623009,0.0009341488
355,0.2168151,0.2906359,0.2290202,0.2625661,0.000962631
356,0.2162598,0.2892954,0.2299928,0.26346,0.0009919198
357,0.2145661,0.2882401,0.231034,0.2651398,0.001020026
358,0.2118992,0.2874607,0.2320412,0.2675538,0.001045156
359,0.2084218,0.28692,0.2329677,0.2706246,0.001065987
360,0.204278,0.2865823,0.2337926,0.2742656,0.0010815
361,0.2462586,0.2865851,0.2191203,0.2469855,0.001050438
362,0.2435374,0.2815112,0.2299548,0.2438476,0.001149082
363,0.2322327,0.2858871,0.2366717,0.2440053,0.001203196
364,0.2216735,0.2882647,0.2415062,0.2473352,0.001220398
365,0.2118563,0.2892073,0.2450093,0.2527236,0.001203491
366,0.2027645,0.2902223,0.2471334,0.2587245,0.001155292
367,0.1945598,0.2929115,0.2475957,0.2638524,0.001080728
368,0.1875269,0.2984066,0.2461838,0.2668949,0.0009878387
369,0.1819701,0.308268,0.2423405,0.2665378,0.0008836436
370,0.1785453,0.3216841,0.236358,0.2626344,0.0007781894
371,0.1780727,0.3359272,0.2292346,0.2560841,0.0006813861
372,0.1812361,0.3475557,0.2222714,0.2483363,0.0006004404
373,0.1792412,0.3603081,0.2186335,0.2412852,0.0005319523
374,0.1860226,0.3629175,0.2161546,0.234422,0.0004833265
375,0.1961286,0.3620147,0.2138558,0.2275524,0.000448554
376,0.2077659,0.3594366,0.2116438,0.2207281,0.0004254984
377,0.2196471,0.3560568,0.2096845,0.2141988,0.0004129227
378,0.2308317,0.3523908,0.2081513,0.2082165,0.000409663
379,0.240721,0.3487615,0.20714,0.202963,0.0004144957
380,0.249052,0.3454222,0.2065869,0.1985129,0.0004260654
381,0.2557686,0.3423463,0.2065157,0.1949262,0.0004431938
382,0.2609577,0.3396021,0.2068355,0.1921402,0.0004645551
383,0.2648189,0.3371964,0.2074407,0.1900552,0.0004888647
384,0.2675914,0.3351006,0.208233,0.1885601,0.0005149397
385,0.275003,0.3306471,0.2077361,0.1860703,0.0005434926
386,0.2776549,0.3285001,0.2083539,0.1849164,0.0005746967
387,0.2787344,0.3270058,0.209255,0.1843993,0.0006055848
388,0.278992,0.3256989,0.2102895,0.1843843,0.0006353767
389,0.2787026,0.3244602,0.2113877,0.1847859,0.0006635603
390,0.2779776,0.3232568,0.2125217,0.1855542,0.000689788
391,0.2768653,0.3220825,0.213681,0.1866575,0.0007137948
392,0.2753686,0.3207298,0.2150557,0.1881099,0.0007359519
393,0.2734784,0.3194326,0.2165047,0.1898285,0.0007557577
394,0.2712408,0.3181658,0.2180138,0.1918065,0.0007730954
395,0.2686849,0.3169414,0.2195632,0.1940227,0.0007878153
396,0.2658406,0.3157866,0.2211284,0.1964446,0.0007997542
397,0.3170901,0.2985987,0.204318,0.1792484,0.0007447675
398,0.3221809,0.2925501,0.2060466,0.1784594,0.0007631227
399,0.3210346,0.2934442,0.2069821,0.1777679,0.0007713573
400,0.3195462,0.293886,0.2078691,0.1779252,0.0007734859
401,0.3179913,0.2938912,0.2086373,0.17871,0.0007702551
402,0.3164111,0.2938609,0.2091686,0.1797973,0.0007620921
403,0.3148789,0.2940341,0.2094114,0.180926,0.0007496144
404,0.3134329,0.2947746,0.2092431,0.1818161,0.000733089
405,0.3122376,0.2958172,0.2087914,0.1824401,0.0007138387
406,0.3113468,0.2971482,0.2080852,0.182727,0.0006927652
407,0.3108087,0.2986772,0.2071805,0.1826628,0.0006708221
408,0.3106527,0.3002824,0.2061453,0.1822706,0.0006489248
409,0.312309,0.2936632,0.2004594,0.1929684,0.0006000004
410,0.3195848,0.2913555,0.1910712,0.1974397,0.0005488428
411,0.3237004,0.2874245,0.1868591,0.2014871,0.000528838
412,0.3261564,0.2851319,0.1851711,0.2030133,0.0005273361
413,0.3277285,0.2830248,0.1852785,0.2034295,0.000538725
414,0.3284651,0.2810072,0.1863508,0.2036192,0.0005576832
415,0.3283892,0.2792323,0.1877904,0.2040082,0.0005799781
416,0.3276123,0.2777981,0.1891779,0.2048092,0.0006024546
417,0.3262568,0.2766781,0.1903621,0.2060803,0.0006226768
418,0.324448,0.2757877,0.1912871,0.2078382,0.0006389178
419,0.3222856,0.2750556,0.1919432,0.2100656,0.0006499631
420,0.3198486,0.2744253,0.1923433,0.2127279,0.000655022
421,0.3062145,0.2760864,0.1969036,0.2201187,0.0006768098
422,0.3029151,0.2767589,0.1968433,0.2228101,0.0006725625
423,0.2994736,0.2763428,0.1969601,0.2265619,0.0006617579
424,0.2961806,0.2760574,0.1966779,0.2304415,0.0006426528
425,0.2931415,0.2760052,0.1960479,0.2341886,0.0006167569
426,0.290426,0.2762741,0.1951338,0.2375801,0.0005859531
427,0.2880902,0.2769888,0.1939656,0.2404032,0.0005521476
428,0.2861699,0.2783187,0.1925556,0.2424388,0.0005171088
429,0.284694,0.2804906,0.1908511,0.2434819,0.0004823232
430,0.2837107,0.2834982,0.1888843,0.2434575,0.0004492478
431,0.2832862,0.2871533,0.186739,0.2424024,0.0004191482
432,0.2834995,0.2910947,0.1845469,0.2404658,0.0003930564
433,0.1944786,0.3282412,0.2116478,0.2652074,0.0004250916
434,0.1789191,0.3438926,0.2177279,0.259053,0.0004074661
435,0.1629466,0.3502889,0.2259719,0.260401,0.0003916397
436,0.1501855,0.3585798,0.2304223,0.2604481,0.000364308
437,0.1409976,0.3685411,0.2316687,0.2584622,0.0003304053
438,0.1361217,0.3786996,0.2305784,0.2543046,0.0002957492
439,0.1363147,0.3870802,0.228079,0.248261,0.0002650491
440,0.1421139,0.3924534,0.2246036,0.2405881,0.0002410272
441,0.1533524,0.3930992,0.2211397,0.2321833,0.0002253352
442,0.1687188,0.3899505,0.2178138,0.2232992,0.0002178056
443,0.1862327,0.3843329,0.2148051,0.2144112,0.000218049
444,0.2037244,0.37761,0.212346,0.2060941,0.0002256408
445,0.1514982,0.3922446,0.2344037,0.2215942,0.0002593666
446,0.1248384,0.4065384,0.2436203,0.2247218,0.0002811584
447,0.1090524,0.4129155,0.2509471,0.2267803,0.0003047008
448,0.09929175,0.4163637,0.2563554,0.2276603,0.0003287938
449,0.09318393,0.4181397,0.2604885,0.2278345,0.0003533603
450,0.08941872,0.4187842,0.2638005,0.2276181,0.000378321
451,0.08720651,0.418616,0.2665755,0.2271984,0.0004035385
452,0.08600997,0.4176692,0.2691399,0.226752,0.0004290421
453,0.08546977,0.4162716,0.2715143,0.2262897,0.0004545481
454,0.08535035,0.4145216,0.2737796,0.2258684,0.0004799338
455,0.08547594,0.4125156,0.2759845,0.2255189,0.0005050644
456,0.08571473,0.4103352,0.2781603,0.22526,0.0005298125
457,0.218615,0.3593158,0.2333928,0.1881968,0.0004795148
458,0.2872604,0.3247015,0.2150353,0.172519,0.0004838897
459,0.3147969,0.310932,0.2078942,0.1658641,0.0005128096
460,0.3240702,0.3051902,0.2064112,0.1637755,0.0005529922
461,0.3267491,0.301914,0.2071284,0.1636125,0.0005957731
462,0.3266517,0.2995387,0.2087416,0.1644306,0.0006374452
463,0.3251629,0.2975855,0.2107054,0.1658701,0.000676105
464,0.3228436,0.2958514,0.2127964,0.1677982,0.000710404
465,0.319931,0.2943244,0.2148605,0.1701447,0.0007394422
466,0.3165442,0.2929933,0.2168165,0.1728834,0.000762525
467,0.3127537,0.291874,0.218603,0.1759903,0.000779011
468,0.3086424,0.2910145,0.2201086,0.1794461,0.0007883568
469,0.2874203,0.290801,0.2210685,0.1999438,0.0007664266
470,0.2838233,0.2903866,0.2137844,0.211293,0.0007125491
471,0.2835565,0.2840125,0.2109329,0.2208138,0.000684307
472,0.2828785,0.2805253,0.2095692,0.2263588,0.0006679496
473,0.2816057,0.2787588,0.2092448,0.2297315,0.0006592217
474,0.2798097,0.2777015,0.2095347,0.2322995,0.000654613
475,0.277529,0.2770042,0.2100766,0.2347388,0.0006513518
476,0.2747634,0.2766797,0.2106121,0.2372973,0.0006475537
477,0.2715763,0.2767605,0.2109811,0.2400403,0.0006418907
478,0.2681021,0.2772295,0.2110894,0.2429454,0.0006335707
479,0.2644854,0.2780333,0.210927,0.2459321,0.000622187
480,0.2608643,0.2791188,0.2105129,0.2488963,0.0006076837
481,0.3360823,0.2621776,0.1873313,0.2138495,0.0005593151
482,0.315912,0.2689128,0.1992083,0.215347,0.0006199371
483,0.3058278,0.2764962,0.2036091,0.2134313,0.000635571
484,0.3010671,0.2793446,0.2058275,0.2131336,0.0006270924
485,0.298468,0.2804448,0.2064528,0.2140354,0.000599112
486,0.296968,0.2816679,0.2056175,0.2151904,0.0005560587
487,0.2961158,0.2842931,0.2034083,0.2156793,0.0005033963
488,0.2956537,0.2899491,0.1994461,0.2145048,0.0004462778
489,0.2955771,0.297887,0.1944799,0.211665,0.0003911371
490,0.296174,0.3070839,0.189062,0.2073377,0.0003423811
491,0.2979378,0.3156472,0.1839358,0.2021763,0.000303025
492,0.3012796,0.3218247,0.1797316,0.1968897,0.000274351
493,0.3160425,0.315195,0.1723781,0.1961418,0.0002427274
494,0.3273351,0.3113267,0.1662914,0.1948207,0.0002261736
495,0.3353941,0.3071444,0.1636485,0.1935852,0.0002277609
496,0.3416542,0.3024588,0.1636342,0.1920091,0.000243701
497,0.3460922,0.2978579,0.1653,0.1904793,0.0002706725
498,0.3487602,0.2938839,0.1677892,0.1892613,0.000305365
499,0.3499709,0.2906514,0.1705264,0.1885066,0.0003445843
500,0.3500992,0.2880336,0.1732418,0.18824,0.0003853586
501,0.3495332,0.2859122,0.1756988,0.1884305,0.0004251859
502,0.3485158,0.2841171,0.1778363,0.1890686,0.0004622568
503,0.3471918,0.2825337,0.1796517,0.1901275,0.0004953123
504,0.3456406,0.2810695,0.1811798,0.1915865,0.0005235983
505,0.3362418,0.2856277,0.1870249,0.1905395,0.0005660905
506,0.3285408,0.2870279,0.1943374,0.1894848,0.0006089816
507,0.3234822,0.2891401,0.1982212,0.1885273,0.0006293135
508,0.3196396,0.2906047,0.2002712,0.1888529,0.000631605
509,0.3164553,0.291421,0.2011775,0.190327,0.00061906
510,0.3137287,0.2919129,0.2012883,0.1924751,0.0005948796
511,0.3114252,0.2925208,0.2007582,0.1947335,0.0005622972
512,0.3096179,0.2940463,0.1993156,0.1964959,0.0005241892
513,0.3083318,0.2963838,0.1973156,0.1974847,0.0004840365
514,0.307604,0.2997513,0.1948114,0.1973889,0.0004443418
515,0.3075253,0.3039562,0.1919523,0.1961588,0.0004074168
516,0.3082317,0.3084684,0.1889683,0.1939565,0.0003751274
517,0.3127652,0.3016739,0.1837757,0.2014386,0.0003464775
518,0.3216259,0.3011187,0.1747798,0.2021562,0.0003193915
519,0.3271055,0.299391,0.1703365,0.2028523,0.0003147076
520,0.3316376,0.2972692,0.1687411,0.2020264,0.0003256126
521,0.3353403,0.2941974,0.1692821,0.2008317,0.0003484472
522,0.3379106,0.2909726,0.1709813,0.1997564,0.0003791501
523,0.339306,0.288102,0.1731469,0.1990308,0.0004142038
524,0.3397122,0.2856146,0.1754153,0.198807,0.0004508662
525,0.3393305,0.2835515,0.1775412,0.1990901,0.0004867926
526,0.3383569,0.2817989,0.1794339,0.19989,0.0005202951
527,0.3369278,0.2802654,0.1810632,0.2011935,0.0005501407
528,0.335133,0.2788745,0.1824341,0.2029831,0.0005754737
529,0.3226654,0.2846494,0.187839,0.2042367,0.0006094878
530,0.3162224,0.2851199,0.1931958,0.2048227,0.0006391394
531,0.3112618,0.2859067,0.1961655,0.206015,0.0006509404
532,0.3069373,0.2862153,0.1977724,0.2084273,0.0006476859
533,0.3029529,0.2861575,0.1984577,0.2118005,0.000631552
534,0.2992512,0.286034,0.1984544,0.2156556,0.0006048133
535,0.2958838,0.2862048,0.1978657,0.2194758,0.0005699436
536,0.2928407,0.2874807,0.196552,0.2225975,0.000529098
537,0.2902934,0.2898497,0.1946449,0.2247266,0.000485331
538,0.2882931,0.2935826,0.1921478,0.2255353,0.0004411806
539,0.2869302,0.2986014,0.1891602,0.2249092,0.0003990828
540,0.2863529,0.3044401,0.1858858,0.2229601,0.0003611394
541,0.3041291,0.3114806,0.1769552,0.2071188,0.0003163041
542,0.2982313,0.3195794,0.1791168,0.2027727,0.0002996687
543,0.2982266,0.3257254,0.1791042,0.1966642,0.000279533
544,0.300527,0.3293656,0.1785814,0.1912649,0.0002610502
545,0.3039985,0.3319229,0.1775546,0.1862789,0.0002451882
546,0.3082628,0.3335549,0.1763136,0.1816356,0.0002331382
547,0.3130999,0.334138,0.175176,0.1773604,0.000225785
548,0.3182464,0.3335559,0.1744255,0.1735487,0.0002236125
549,0.323321,0.3321683,0.1741128,0.1701714,0.0002266446
550,0.3279998,0.3302481,0.1742641,0.1672534,0.0002347348
551,0.3320336,0.3280637,0.1748465,0.1648087,0.0002475335
552,0.3352829,0.3258182,0.1757944,0.1628401,0.0002645158
553,0.3277014,0.3258159,0.1805522,0.1656323,0.000298257
554,0.3281783,0.3244699,0.1816516,0.1653735,0.0003266859
555,0.3287272,0.322029,0.1832189,0.1656675,0.0003573355
556,0.328905,0.3198706,0.18483,0.1660058,0.0003884671
557,0.3287193,0.3180273,0.1864438,0.1663906,0.0004191057
558,0.3282268,0.3164473,0.1880142,0.1668632,0.0004483752
559,0.3274787,0.3150868,0.1895026,0.1674564,0.0004755185
560,0.3265212,0.3138567,0.1909094,0.1682128,0.0005000546
561,0.3253711,0.3127839,0.192201,0.1691225,0.0005214636
562,0.3240562,0.3118307,0.1933808,0.1701928,0.0005394499
563,0.322594,0.3109848,0.1944494,0.1714179,0.000553812
564,0.321001,0.3102447,0.1954052,0.1727847,0.0005644328
565,0.3306306,0.303727,0.1899082,0.1751917,0.0005424629
566,0.3335734,0.2998541,0.186521,0.1795235,0.0005280174
567,0.3340128,0.2962805,0.1851822,0.1840014,0.0005230592
568,0.3332903,0.2937613,0.1849208,0.1875038,0.0005237371
569,0.3320349,0.2919149,0.1852921,0.1902308,0.0005274568
570,0.3304499,0.290498,0.1859692,0.1925508,0.0005319873
571,0.3286013,0.289394,0.186726,0.1947432,0.0005355566
572,0.3265218,0.2885585,0.1874147,0.1969682,0.000536791
573,0.3242629,0.287957,0.1879497,0.1992957,0.0005347995
574,0.3218692,0.2875764,0.1882868,0.2017385,0.0005290734
575,0.3193974,0.2874115,0.1884045,0.2042671,0.0005194163
576,0.3169116,0.2874705,0.1882923,0.2068196,0.0005058982
577,0.3218264,0.290305,0.1829595,0.2044586,0.0004505413
578,0.3208616,0.2883777,0.1826109,0.2077344,0.0004152518
579,0.3197526,0.2889075,0.1813467,0.2096123,0.0003808778
580,0.3186343,0.2898922,0.1800479,0.2110762,0.0003494737
581,0.3176472,0.2911426,0.1787298,0.2121596,0.0003207581
582,0.3168786,0.2926073,0.1773801,0.2128394,0.0002945329
583,0.3163854,0.2942428,0.1760023,0.2130987,0.0002707693
584,0.3162175,0.2959235,0.1746437,0.2129657,0.0002495907
585,0.3163711,0.2977772,0.1732556,0.2123651,0.0002309563
586,0.3168762,0.2996591,0.1718925,0.2113572,0.0002149834
587,0.3177454,0.3014262,0.1706087,0.210018,0.0002017387
588,0.3189632,0.3029513,0.1694558,0.2084385,0.0001912377
589,0.3304379,0.3014759,0.1654774,0.2024304,0.0001783659
590,0.330682,0.3025627,0.1655281,0.201054,0.0001732294
591,0.3323132,0.3035213,0.165067,0.1989289,0.0001695069
592,0.3341616,0.3037649,0.1648059,0.1970995,0.0001680766
593,0.3359443,0.3036841,0.1646834,0.1955195,0.000168713
594,0.3375499,0.3034249,0.1646839,0.1941701,0.000171219
595,0.3389217,0.303048,0.1648012,0.1930536,0.0001754018
596,0.3400309,0.302562,0.1650356,0.1921904,0.0001810571
597,0.3408535,0.3020602,0.1653434,0.1915549,0.0001879143
598,0.3413926,0.3015483,0.1657093,0.191154,0.0001957129
599,0.3416614,0.3010392,0.1661131,0.1909821,0.0002041603
600,0.3416813,0.300543,0.1665354,0.1910274,0.0002129468
601,0.3415866,0.2968706,0.1664225,0.1948954,0.0002247939
602,0.3433037,0.2951083,0.1645377,0.1968164,0.0002339532
603,0.3433604,0.2931637,0.1641512,0.1990777,0.0002469079
604,0.3428072,0.2916943,0.1644065,0.20083,0.0002619273
605,0.3418983,0.2904245,0.1650572,0.2023418,0.0002780373
606,0.3407053,0.2892612,0.1658981,0.2038413,0.0002941642
607,0.3392698,0.2881784,0.1667821,0.2054604,0.0003093029
608,0.3376381,0.2871095,0.1676426,0.2072872,0.0003226372
609,0.3358411,0.2861238,0.1683999,0.2093018,0.0003334661
610,0.3339247,0.2852023,0.1690352,0.2114964,0.0003413658
611,0.3319345,0.2843437,0.1695385,0.2138374,0.0003460918
612,0.3299148,0.2835575,0.169905,0.2162752,0.0003475672
613,0.311548,0.2914856,0.1756579,0.2209485,0.0003600741
614,0.307443,0.2929234,0.1783379,0.2209348,0.0003608615
615,0.3037742,0.2928643,0.1804599,0.222548,0.0003535167
616,0.3008035,0.2925628,0.1815813,0.2247147,0.0003376313
617,0.2984421,0.2926487,0.1817964,0.2267977,0.0003152102
618,0.2966332,0.2937212,0.1811708,0.2281859,0.0002887722
619,0.2953378,0.2962492,0.1797578,0.2283943,0.000260854
620,0.2945136,0.3007587,0.17751,0.2269842,0.00023344
621,0.2943056,0.3064406,0.1748043,0.2242408,0.0002086899
622,0.2949255,0.3124724,0.1719337,0.2204806,0.0001878536
623,0.2965975,0.3177878,0.1692457,0.2161974,0.0001716463
624,0.2994232,0.3215613,0.1670115,0.2118437,0.0001602832
625,0.2960773,0.325699,0.1673466,0.2107225,0.0001545684
626,0.3016021,0.3257695,0.1657319,0.2067456,0.0001508031
627,0.3067599,0.3245285,0.1650038,0.2035558,0.0001519519
628,0.3116111,0.322987,0.1646714,0.2005733,0.0001571062
629,0.3159186,0.3212366,0.1647225,0.1979563,0.0001660054
630,0.319472,0.3194574,0.1650962,0.1957962,0.000178319
631,0.3221663,0.3177739,0.1657261,0.19414,0.0001936168
632,0.3240067,0.3164272,0.1664592,0.1928957,0.0002111978
633,0.3250843,0.3150836,0.167382,0.1922195,0.0002306031
634,0.325468,0.3138406,0.1684059,0.1920344,0.0002510044
635,0.3252677,0.3127013,0.1694745,0.192285,0.0002715474
636,0.3245965,0.3116594,0.17054,0.1929127,0.0002913781
637,0.3281063,0.3133165,0.1709153,0.1873565,0.0003053813
638,0.322766,0.314836,0.1759244,0.1861469,0.0003267642
639,0.3191259,0.3174735,0.1786625,0.1844007,0.0003373756
640,0.3162772,0.3194607,0.1803537,0.1835691,0.000339353
641,0.3138379,0.3209756,0.1812935,0.1835593,0.0003337525
642,0.3117113,0.3222785,0.1816445,0.1840436,0.0003220002
643,0.3099164,0.323583,0.1815196,0.1846752,0.0003057722
644,0.3085259,0.3247932,0.1811174,0.1852765,0.000287007
645,0.3075735,0.3263021,0.1803692,0.1854882,0.0002669804
646,0.3071533,0.3280081,0.1793731,0.1852184,0.0002470929
647,0.3073349,0.329785,0.1782138,0.1844379,0.0002284236
648,0.3081593,0.3314584,0.1769825,0.1831881,0.000211757
649,0.3009859,0.3290318,0.1772575,0.1925228,0.0002019495
650,0.307458,0.3269922,0.1712214,0.1941401,0.0001884871
651,0.3126445,0.3228354,0.1681726,0.1961616,0.0001859953
652,0.3170362,0.3198117,0.1665987,0.1963621,0.0001912091
653,0.3207208,0.3169157,0.1663911,0.1957692,0.0002031273
654,0.3234356,0.3141795,0.1671133,0.1950512,0.0002203651
655,0.3250551,0.3117494,0.1683783,0.1945759,0.0002414591
656,0.3256312,0.3096813,0.1699086,0.1945138,0.000264941
657,0.3253175,0.3078547,0.1715669,0.1949716,0.0002893984
658,0.3242746,0.3062226,0.1732402,0.1959493,0.0003134174
659,0.3226536,0.3047353,0.1748576,0.1974176,0.0003357152
660,0.3205801,0.3033473,0.1763784,0.199339,0.0003552035
661,0.3424673,0.2958376,0.1702022,0.1911438,0.0003490698
662,0.3382872,0.2945507,0.1732049,0.1935956,0.0003616119
663,0.3353293,0.2947546,0.1744914,0.1950595,0.000365081
664,0.3327294,0.294164,0.1755105,0.1972329,0.0003631603
665,0.3301466,0.2931809,0.1763102,0.2000061,0.0003561848
666,0.3275693,0.2920938,0.1768709,0.2031215,0.0003444747
667,0.3250789,0.2910842,0.1771792,0.206329,0.0003285881
668,0.3227731,0.2903263,0.1772103,0.2093809,0.0003093049
669,0.320738,0.2901003,0.1768911,0.2119832,0.0002874226
670,0.3190389,0.2906102,0.1761837,0.2139032,0.0002639511
671,0.3177221,0.2920211,0.1750668,0.21495,0.0002399674
672,0.3168235,0.2943814,0.1735617,0.2150168,0.00021655
673,0.2960686,0.299144,0.1784706,0.2261072,0.0002096206
674,0.3018412,0.3015015,0.1730517,0.2234154,0.0001901184
675,0.3033811,0.3039949,0.1701445,0.2223016,0.0001778762
676,0.3049238,0.3074838,0.1676436,0.2197792,0.0001695117
677,0.307053,0.3099858,0.1659199,0.2168759,0.0001653035
678,0.3097306,0.3110584,0.1649576,0.2140883,0.0001650125
679,0.3126608,0.3109699,0.1646029,0.2115981,0.0001682462
680,0.315515,0.310424,0.164573,0.2093136,0.0001744289
681,0.318076,0.3093588,0.1649044,0.2074774,0.0001833818
682,0.320159,0.3081072,0.1654708,0.2060684,0.00019465
683,0.3216765,0.3068251,0.1661983,0.2050925,0.0002077446
684,0.3226166,0.3055901,0.1670258,0.2045453,0.0002220979
685,0.3155812,0.3084862,0.1703262,0.2053662,0.0002402268
686,0.3143066,0.3083825,0.1723256,0.2047295,0.000255903
687,0.3130842,0.3080805,0.1738441,0.2047222,0.0002689505
688,0.3118158,0.3078524,0.174862,0.2051911,0.0002787011
689,0.3105018,0.3077073,0.1754989,0.2060069,0.000285122
690,0.3091828,0.3076529,0.1758536,0.2070223,0.0002884218
691,0.3079075,0.3077042,0.1759942,0.2081052,0.0002889426
692,0.3067237,0.3076729,0.1760579,0.2092582,0.0002873234
