EwEVersion,"6.5.13829.0 (compiled 2016-05-17)"
Date,"2016-09-06 18:00:37"
ModelName,Baltic_Proper-SEALS
EcosimScenario,Proper1_SealVuln100_19742100_seal100_cofF1
TimeSeries,new_data_weights_19742100_seal100_codF1
StartYear,1974

Data,"Prey of Pseudocalanus sp."

Year,"Cyanobacteria","Phytoplankton","microzooplankton","Detritus-water column",
1974,0.03717318,0.4731519,0.299258,0.1904169
1975,0.03672298,0.4583569,0.313118,0.1918021
1976,0.02963156,0.4926195,0.3195553,0.1581937
1977,0.03035833,0.4760118,0.3269667,0.1666631
1978,0.03215775,0.4616023,0.3284785,0.1777615
1979,0.0332525,0.4562207,0.3261681,0.1843586
1980,0.02915877,0.4810739,0.3259074,0.1638599
1981,0.02850005,0.477499,0.3308637,0.1631373
1982,0.02717162,0.4816817,0.3337063,0.1574404
1983,0.02933912,0.4679008,0.3309373,0.1718228
1984,0.02891231,0.4715985,0.3301133,0.1693759
1985,0.03466892,0.4191286,0.3481675,0.198035
1986,0.02973717,0.471163,0.3281913,0.1709086
1987,0.0475135,0.3361878,0.3521388,0.2641599
1988,0.04365578,0.4032901,0.314533,0.2385212
1989,0.04004249,0.4336168,0.3062774,0.2200633
1990,0.03740478,0.444137,0.3140477,0.2044105
1991,0.04600732,0.385251,0.3231274,0.2456142
1992,0.03960302,0.4440296,0.3048948,0.2114725
1993,0.03987308,0.4320849,0.3152647,0.2127773
1994,0.0367002,0.4472538,0.3207059,0.1953401
1995,0.03539689,0.4584627,0.3149308,0.1912096
1996,0.04276085,0.3992089,0.3315797,0.2264505
1997,0.04752045,0.3874943,0.3167924,0.2481928
1998,0.04007797,0.4445966,0.3039173,0.2114081
1999,0.03208816,0.4831677,0.3112534,0.1734907
2000,0.04316191,0.3931689,0.3335622,0.2301069
2001,0.0453115,0.4019747,0.3147802,0.2379336
2002,0.04645519,0.4019103,0.3089361,0.2426984
2003,0.03307487,0.4747904,0.3172602,0.1748746
2004,0.04153982,0.403773,0.3351225,0.2195647
2005,0.04509307,0.3975667,0.3226008,0.2347395
2006,0.04630527,0.401935,0.3113435,0.2404164
2007,0.04919753,0.3892367,0.3081983,0.2533675
2008,0.03896895,0.4538313,0.3046229,0.2025769
2009,0.0379091,0.4466991,0.3164472,0.1989446
2010,0.04554659,0.3884385,0.3319224,0.2340925
2011,0.04779537,0.3852702,0.3244372,0.2424972
2012,0.04785416,0.4020973,0.3051951,0.2448533
2013,0.03643996,0.465177,0.3090186,0.1893644
2014,0.04524123,0.3987295,0.321431,0.2345982
2015,0.04065717,0.4428003,0.3052348,0.2113076
2016,0.0476854,0.3941611,0.3119688,0.2461847
2017,0.03992237,0.4485511,0.3047043,0.2068222
2018,0.04382689,0.4146853,0.3145574,0.2269303
2019,0.05039256,0.3799198,0.3131322,0.2565555
2020,0.05106965,0.3888616,0.3014574,0.2586114
2021,0.04488817,0.4253158,0.301396,0.2284
2022,0.04294038,0.428758,0.3090391,0.2192625
2023,0.04333293,0.4268512,0.3080379,0.221778
2024,0.0400238,0.4476292,0.3058418,0.2065051
2025,0.04340243,0.4176621,0.316191,0.2227445
2026,0.04391673,0.4206519,0.3107245,0.2247069
2027,0.05029406,0.3844768,0.3102632,0.2549659
2028,0.04371719,0.4296741,0.304621,0.2219876
2029,0.04438874,0.4207129,0.3084154,0.226483
2030,0.0417631,0.4340548,0.3110933,0.2130888
2031,0.04337063,0.4232054,0.3116418,0.2217822
2032,0.03233956,0.490204,0.3077573,0.1696991
2033,0.03700117,0.4377363,0.3300849,0.1951777
2034,0.03952293,0.433978,0.3185838,0.2079153
2035,0.04001488,0.4382728,0.3105657,0.2111466
2036,0.04381795,0.407619,0.3211119,0.2274511
2037,0.03478752,0.4756694,0.3054979,0.1840453
2038,0.03633354,0.4446457,0.3263228,0.192698
2039,0.03243811,0.4737928,0.3195814,0.1741877
2040,0.03183257,0.4736716,0.3201858,0.17431
2041,0.03602172,0.4330625,0.3364407,0.194475
2042,0.03762599,0.4450425,0.3130867,0.2042449
2043,0.03191775,0.4774711,0.3160509,0.1745603
2044,0.03381069,0.452064,0.3292896,0.1848356
2045,0.03412013,0.4591728,0.3194214,0.1872855
2046,0.03407884,0.4576552,0.3211129,0.1871531
2047,0.03099065,0.4755931,0.3220335,0.1713828
2048,0.03183497,0.4656441,0.3251513,0.1773697
2049,0.0313397,0.4675324,0.326298,0.1748299
2050,0.0360754,0.4377885,0.326127,0.2000091
2051,0.03750993,0.43607,0.3213136,0.2051065
2052,0.0360311,0.4507205,0.3166484,0.1966
2053,0.03475598,0.454434,0.3216744,0.1891356
2054,0.03323431,0.4652871,0.3195243,0.1819542
2055,0.02819618,0.4938126,0.3205582,0.157433
2056,0.03316891,0.4446522,0.3376297,0.1845492
2057,0.02705281,0.5006636,0.3183539,0.1539298
2058,0.02859461,0.4657995,0.3419065,0.1636993
2059,0.03097272,0.4551663,0.3370111,0.1768498
2060,0.03366139,0.4503695,0.3239295,0.1920396
2061,0.02788769,0.4877498,0.3248401,0.1595224
2062,0.03270266,0.4461991,0.3343792,0.1867191
2063,0.03038821,0.4720896,0.3244468,0.1730755
2064,0.03193022,0.4596637,0.326266,0.18214
2065,0.0297107,0.4735047,0.3277434,0.1690413
2066,0.02926479,0.4765377,0.3259049,0.1682925
2067,0.03015394,0.4635302,0.3337863,0.1725295
2068,0.03136828,0.4622431,0.3268161,0.1795726
2069,0.03094569,0.4672018,0.3249165,0.176936
2070,0.03105672,0.4633835,0.3287767,0.1767831
2071,0.03185684,0.4619123,0.3250419,0.1811889
2072,0.03127346,0.4647733,0.3267844,0.1771687
2073,0.03144063,0.4642847,0.3261504,0.1781243
2074,0.03019985,0.4721934,0.3261209,0.1714859
2075,0.02722589,0.4900296,0.325911,0.1568336
2076,0.02648155,0.4855405,0.3334255,0.1545524
2077,0.02768545,0.4754418,0.3341654,0.1627074
2078,0.02562785,0.4920857,0.3297328,0.1525537
2079,0.03130607,0.4359386,0.3498229,0.1829324
2080,0.0319825,0.4566869,0.3253064,0.1860243
2081,0.02782126,0.4841287,0.3255192,0.1625308
2082,0.02642334,0.4804668,0.338145,0.1549648
2083,0.02885503,0.4693941,0.331073,0.1706779
2084,0.02626863,0.4864428,0.3317493,0.1555393
2085,0.02790686,0.4735515,0.3321334,0.1664084
2086,0.02788273,0.4745298,0.332038,0.1655495
2087,0.02470036,0.4983128,0.3281302,0.1488566
2088,0.02685184,0.4637879,0.3485523,0.1608078
2089,0.02513246,0.4901161,0.3320871,0.1526643
2090,0.02258355,0.4965244,0.3416825,0.1392096
2091,0.02212001,0.4911574,0.348222,0.1385006
2092,0.02385918,0.4809478,0.3439418,0.1512512
2093,0.02554662,0.4607891,0.3545143,0.1591499
2094,0.02402228,0.492553,0.3313768,0.1520479
2095,0.02865514,0.4343021,0.361686,0.1753568
2096,0.02974321,0.4599928,0.3289559,0.1813082
2097,0.02556963,0.4876966,0.3310646,0.1556692
2098,0.02992313,0.4391783,0.3524719,0.1784267
