EwEVersion,"6.5.13829.0 (compiled 2016-05-17)"
Date,"2016-09-06 18:00:37"
ModelName,Baltic_Proper-SEALS
EcosimScenario,Proper1_SealVuln100_19742100_seal100_cofF1
TimeSeries,new_data_weights_19742100_seal100_codF1
StartYear,1974

Data,"Prey of Cod larvae"

TimeStep,"Temora sp","Acartia sp","Pseudocalanus sp.",
1,0.1079207,0.1002678,0.7918116
2,0.1141322,0.1024312,0.7834366
3,0.1163488,0.1016292,0.7820219
4,0.1165551,0.1003183,0.7831266
5,0.1157019,0.09866481,0.7856333
6,0.1143674,0.09697755,0.788655
7,0.1128841,0.095458,0.7916579
8,0.111417,0.0941787,0.7944043
9,0.1100314,0.09313832,0.7968302
10,0.1087406,0.09230439,0.798955
11,0.107536,0.09163692,0.800827
12,0.1064044,0.0910985,0.802497
13,0.1098771,0.0912352,0.7988877
14,0.1071031,0.09022529,0.8026716
15,0.1057372,0.08990476,0.8043579
16,0.1047977,0.08955631,0.805646
17,0.1041138,0.08918742,0.8066989
18,0.1036688,0.08885361,0.8074775
19,0.1034872,0.08863283,0.80788
20,0.1036145,0.08872848,0.807657
21,0.1040879,0.08939312,0.8065189
22,0.1049105,0.09087368,0.8042158
23,0.1060425,0.09334082,0.8006167
24,0.1074083,0.09678234,0.7958094
25,0.07486404,0.09317458,0.8319613
26,0.0879067,0.1007995,0.8112938
27,0.09150032,0.105066,0.8034337
28,0.0942132,0.1099895,0.7957973
29,0.09619441,0.112416,0.7913896
30,0.09759032,0.1124854,0.7899243
31,0.09850066,0.1112972,0.7902022
32,0.09907395,0.1099096,0.7910165
33,0.09934275,0.108476,0.7921813
34,0.09939008,0.1072373,0.7933726
35,0.09927995,0.1062484,0.7944716
36,0.099058,0.1054935,0.7954485
37,0.09820621,0.1053699,0.7964239
38,0.09620636,0.1043912,0.7994024
39,0.09508105,0.104027,0.8008919
40,0.09432163,0.1039108,0.8017676
41,0.09376384,0.1039994,0.8022369
42,0.09333958,0.104265,0.8023954
43,0.09302046,0.1046856,0.802294
44,0.09268634,0.1048901,0.8024236
45,0.09245194,0.1053709,0.8021771
46,0.09233659,0.1061114,0.8015519
47,0.09235528,0.1071033,0.8005415
48,0.09251557,0.1083108,0.7991737
49,0.09293158,0.1115809,0.7954875
50,0.09167202,0.1122875,0.7960405
51,0.09141758,0.1130761,0.7955064
52,0.09165569,0.1139048,0.7944396
53,0.09223892,0.1148837,0.7928774
54,0.09307381,0.1158912,0.7910351
55,0.09408236,0.1167399,0.7891777
56,0.09527978,0.1175388,0.7871814
57,0.09651154,0.1178815,0.785607
58,0.09770509,0.1178495,0.7844453
59,0.09880087,0.1175239,0.7836753
60,0.09975963,0.1169907,0.7832496
61,0.08794244,0.1163223,0.7957352
62,0.08722457,0.1161772,0.7965983
63,0.08693177,0.1152145,0.7978537
64,0.08702951,0.1146242,0.7983463
65,0.08732836,0.1142124,0.7984592
66,0.08772469,0.1138463,0.798429
67,0.08815973,0.1134704,0.7983699
68,0.0885104,0.1128327,0.7986569
69,0.08880329,0.1121741,0.7990226
70,0.08903538,0.111467,0.7994977
71,0.08920179,0.1107201,0.8000782
72,0.08930013,0.1099476,0.8007523
73,0.07894264,0.1086852,0.8123721
74,0.07880362,0.1098645,0.8113319
75,0.07956827,0.1086039,0.8118277
76,0.08031571,0.1072842,0.8124002
77,0.08070356,0.1059632,0.8133332
78,0.08069181,0.104675,0.8146332
79,0.08033496,0.1034813,0.8161837
80,0.07971007,0.102424,0.8178658
81,0.07886851,0.1015165,0.8196151
82,0.07785496,0.10077,0.821375
83,0.07670552,0.1001872,0.8231073
84,0.07545085,0.09976795,0.8247812
85,0.0909972,0.1000639,0.8089389
86,0.09178801,0.09877566,0.8094363
87,0.09125134,0.099397,0.8093517
88,0.0903608,0.09952717,0.8101121
89,0.08926186,0.09943098,0.8113071
90,0.08804943,0.09930941,0.8126411
91,0.08679496,0.09924018,0.8139648
92,0.08552166,0.09916237,0.815316
93,0.0843099,0.09918506,0.8165051
94,0.08322544,0.0993917,0.8173829
95,0.08232472,0.09990826,0.817767
96,0.08165596,0.1009179,0.8174261
97,0.0862852,0.1031377,0.8105771
98,0.0872412,0.1053339,0.8074248
99,0.08841679,0.1097203,0.8018629
100,0.08967528,0.1144403,0.7958844
101,0.09107753,0.1185156,0.7904069
102,0.09263118,0.121317,0.7860519
103,0.09427577,0.1226383,0.7830859
104,0.09595917,0.1228352,0.7812057
105,0.09750739,0.1220168,0.7804757
106,0.09879867,0.1205602,0.7806411
107,0.09975765,0.1187737,0.7814687
108,0.1003617,0.1168732,0.7827652
109,0.1099946,0.1152959,0.7747095
110,0.1066909,0.1127019,0.7806073
111,0.1050978,0.1111153,0.7837868
112,0.1040487,0.1096569,0.7862944
113,0.1032732,0.1084979,0.7882289
114,0.1026585,0.1076117,0.7897299
115,0.1021433,0.1069234,0.7909333
116,0.1018552,0.1067322,0.7914127
117,0.1016678,0.1066369,0.7916953
118,0.1015391,0.1066257,0.7918352
119,0.1014529,0.1066909,0.7918562
120,0.101404,0.1068271,0.791769
121,0.09442583,0.1063122,0.799262
122,0.09557891,0.1072362,0.7971849
123,0.09583578,0.1074288,0.7967355
124,0.09599178,0.1078424,0.7961658
125,0.09611446,0.1082901,0.7955953
126,0.09622353,0.1087039,0.7950726
127,0.09632904,0.1090809,0.79459
128,0.0963909,0.1093733,0.7942358
129,0.09644635,0.1096409,0.7939127
130,0.09650365,0.1098857,0.7936106
131,0.09656537,0.1101134,0.7933213
132,0.09663244,0.1103307,0.7930368
133,0.05247231,0.1093687,0.8381589
134,0.04422389,0.1111245,0.8446515
135,0.03556016,0.1092778,0.855162
136,0.02875414,0.1091498,0.862096
137,0.02345354,0.1107838,0.8657627
138,0.01948619,0.1139668,0.866547
139,0.01676238,0.118223,0.8650146
140,0.01519349,0.1224085,0.862398
141,0.01476639,0.1260159,0.8592177
142,0.01552287,0.1282753,0.8562018
143,0.01756366,0.1289868,0.8534496
144,0.02098331,0.1283303,0.8506864
145,0.03374868,0.12702,0.8392313
146,0.04913976,0.1252016,0.8256586
147,0.06325436,0.1208308,0.8159148
148,0.07318549,0.1161107,0.8107038
149,0.07882935,0.1117074,0.8094632
150,0.08146589,0.1078872,0.8106468
151,0.08236007,0.1046775,0.8129625
152,0.08233301,0.1019875,0.8156796
153,0.08181318,0.09968982,0.8184969
154,0.081014,0.09768789,0.8212981
155,0.08003213,0.09590849,0.8240593
156,0.07890754,0.09430604,0.8267865
157,0.06497585,0.09220359,0.8428206
158,0.05234006,0.08592808,0.8617318
159,0.04170196,0.08403487,0.8742632
160,0.03240049,0.0837419,0.8838576
161,0.02416125,0.0841275,0.8917112
162,0.01704634,0.08501325,0.8979404
163,0.01127132,0.08664455,0.9020841
164,0.006989677,0.08945737,0.9035529
165,0.004137993,0.0939575,0.9019045
166,0.002422771,0.1001667,0.8974106
167,0.001465716,0.1072578,0.8912764
168,0.0009541968,0.1137871,0.8852587
169,0.00528077,0.1315348,0.8631845
170,0.02865684,0.1292255,0.8421176
171,0.06587479,0.1224898,0.8116354
172,0.09072661,0.1163576,0.7929158
173,0.1033868,0.1104739,0.7861392
174,0.1077784,0.1047726,0.787449
175,0.1078556,0.09965937,0.7924851
176,0.1059401,0.0953621,0.7986978
177,0.1033535,0.09192514,0.8047214
178,0.1007364,0.08921684,0.8100469
179,0.09833441,0.08707246,0.8145931
180,0.09619998,0.08534954,0.8184505
181,0.1006972,0.08421916,0.8150837
182,0.1016384,0.08357069,0.8147909
183,0.1013475,0.08257136,0.816081
184,0.1004181,0.08153494,0.818047
185,0.09920374,0.08060599,0.8201903
186,0.09790375,0.07985412,0.8222421
187,0.09662333,0.07931149,0.8240652
188,0.09543369,0.07905383,0.8255125
189,0.09435492,0.07904998,0.8265951
190,0.09337281,0.07929921,0.827328
191,0.09247315,0.0798127,0.8277141
192,0.09164707,0.08061685,0.827736
193,0.09639941,0.08175516,0.8218455
194,0.09691462,0.08337372,0.8197117
195,0.09719744,0.08522235,0.8175802
196,0.09737527,0.08706155,0.8155632
197,0.09756025,0.08891027,0.8135295
198,0.09782107,0.09079739,0.8113815
199,0.09819543,0.09274318,0.8090614
200,0.09865621,0.09465357,0.8066902
201,0.09925028,0.09668857,0.8040612
202,0.09998303,0.0988096,0.8012074
203,0.1008428,0.1009482,0.798209
204,0.1018039,0.1030067,0.7951894
205,0.09732741,0.1073829,0.7952897
206,0.09231179,0.1073788,0.8003094
207,0.08990865,0.1074914,0.8025999
208,0.08900356,0.1083435,0.802653
209,0.08909726,0.1099586,0.8009442
210,0.08990429,0.1120466,0.798049
211,0.09123474,0.1141884,0.7945769
212,0.09312757,0.1163994,0.7904731
213,0.09524082,0.1177588,0.7870004
214,0.09738264,0.1182928,0.7843246
215,0.09936289,0.1181071,0.78253
216,0.1010347,0.1173968,0.7815685
217,0.1121079,0.1160583,0.7718338
218,0.1177535,0.1160403,0.7662062
219,0.1199521,0.1140438,0.7660041
220,0.1201402,0.1115766,0.7682832
221,0.1192886,0.109101,0.7716104
222,0.1180133,0.1068777,0.7751091
223,0.1166492,0.1049842,0.7783666
224,0.1153453,0.103396,0.7812587
225,0.1141296,0.1020185,0.7838519
226,0.1129885,0.1007798,0.7862318
227,0.1118943,0.09962612,0.7884796
228,0.1108206,0.09852083,0.7906585
229,0.09800708,0.0971289,0.8048639
230,0.09540062,0.09608924,0.8085101
231,0.09333161,0.09488565,0.8117827
232,0.09167855,0.09392448,0.814397
233,0.0902831,0.09319596,0.8165209
234,0.08907343,0.09268638,0.8182402
235,0.08802801,0.09240816,0.8195639
236,0.08714995,0.09239525,0.8204548
237,0.08645763,0.09271449,0.8208278
238,0.08597027,0.09337728,0.8206524
239,0.085702,0.09435518,0.8199428
240,0.08565709,0.0955761,0.8187668
241,0.07013548,0.09466035,0.8352042
242,0.07003225,0.09838386,0.8315839
243,0.07031818,0.09929015,0.8303916
244,0.07111543,0.1003837,0.8285009
245,0.07208394,0.101275,0.8266411
246,0.07305337,0.1018058,0.8251408
247,0.07394122,0.1020338,0.824025
248,0.07467469,0.1019237,0.8234015
249,0.07526919,0.1017404,0.8229904
250,0.07574093,0.1015052,0.8227538
251,0.07610779,0.1012466,0.8226455
252,0.0763876,0.1009824,0.82263
253,0.1054584,0.1014083,0.7931333
254,0.1074236,0.09994658,0.7926298
255,0.1078255,0.1002377,0.7919369
256,0.1078816,0.0998067,0.7923117
257,0.1076798,0.09910022,0.79322
258,0.1073336,0.09836943,0.794297
259,0.1069203,0.09770023,0.7953795
260,0.10648,0.09713501,0.7963849
261,0.1060409,0.09664132,0.7973179
262,0.1056162,0.09622418,0.7981597
263,0.1052149,0.0958828,0.7989023
264,0.1048448,0.0956164,0.7995389
265,0.06982789,0.0948661,0.835306
266,0.06252318,0.09449415,0.8429826
267,0.05580769,0.09320959,0.8509827
268,0.05063263,0.09311988,0.8562474
269,0.04660337,0.09412809,0.8592685
270,0.04355582,0.09613209,0.860312
271,0.04149121,0.09901179,0.8594971
272,0.04051349,0.1026453,0.8568411
273,0.0406873,0.1061955,0.8531172
274,0.04202636,0.1091016,0.848872
275,0.04444062,0.1109764,0.844583
276,0.04770011,0.1117474,0.8405524
277,0.06097607,0.1126193,0.8264046
278,0.06840026,0.1100398,0.82156
279,0.07255658,0.1088188,0.8186247
280,0.07517722,0.107483,0.8173398
281,0.07690351,0.1060895,0.8170069
282,0.07803647,0.1047022,0.8172613
283,0.07874613,0.1033476,0.8179064
284,0.07912385,0.1019771,0.818899
285,0.0792478,0.1006336,0.8201187
286,0.07917738,0.09932461,0.821498
287,0.07895742,0.09805631,0.8229863
288,0.07862129,0.09683258,0.8245461
289,0.08946232,0.09694947,0.8135883
290,0.09505978,0.09676622,0.808174
291,0.0976653,0.0950607,0.807274
292,0.09830883,0.09305524,0.808636
293,0.09789065,0.09109517,0.8110142
294,0.09695575,0.08930861,0.8137357
295,0.0957959,0.08773619,0.8164679
296,0.0945426,0.08637856,0.8190789
297,0.09328232,0.0852357,0.8214819
298,0.09204267,0.08428362,0.8236737
299,0.09083424,0.0835079,0.8256579
300,0.08966255,0.08290148,0.827436
301,0.09481229,0.08358919,0.8215986
302,0.09793396,0.08471175,0.8173543
303,0.0988672,0.08440867,0.8167241
304,0.09860829,0.08390763,0.8174841
305,0.09778711,0.0833578,0.8188551
306,0.0967366,0.08284445,0.820419
307,0.09562596,0.08242727,0.8219467
308,0.09453457,0.08200953,0.8234559
309,0.09345406,0.08173876,0.8248072
310,0.09242944,0.0816249,0.8259456
311,0.09148473,0.08165403,0.8268612
312,0.09063164,0.08180345,0.8275649
313,0.08332296,0.08400914,0.8326679
314,0.07376876,0.08133188,0.8448994
315,0.06799873,0.07982944,0.8521718
316,0.06401356,0.07876056,0.8572258
317,0.06110997,0.07812397,0.8607661
318,0.05900213,0.07826275,0.8627352
319,0.05760026,0.07984205,0.8625576
320,0.05700398,0.08420502,0.858791
321,0.05725463,0.09103269,0.8517126
322,0.05846121,0.09936649,0.8421723
323,0.0606994,0.1072534,0.8320473
324,0.06392009,0.1129186,0.8231614
325,0.07330379,0.1170623,0.8096339
326,0.0795036,0.1168352,0.8036613
327,0.08455285,0.1163318,0.7991153
328,0.08858669,0.1151234,0.7962899
329,0.09160146,0.1136348,0.7947637
330,0.09367625,0.1120816,0.7942421
331,0.09496293,0.1105647,0.7944723
332,0.09556539,0.1089789,0.7954558
333,0.09571071,0.1075213,0.7967681
334,0.09554832,0.1061637,0.798288
335,0.09518349,0.1048972,0.7999193
336,0.0946839,0.1037034,0.8016127
337,0.09203597,0.1020893,0.8058747
338,0.09062733,0.1010669,0.8083058
339,0.08953176,0.1000794,0.8103889
340,0.08857558,0.09910488,0.8123195
341,0.0876624,0.09811573,0.8142219
342,0.08673893,0.09710174,0.8161593
343,0.08577946,0.09606747,0.818153
344,0.08483943,0.09516274,0.8199978
345,0.08387829,0.09426589,0.8218558
346,0.08289141,0.09340645,0.8237021
347,0.08188826,0.09260812,0.8255036
348,0.08088606,0.09189683,0.8272172
349,0.06083358,0.08993221,0.8492342
350,0.05813358,0.09461085,0.8472555
351,0.058143,0.09303208,0.848825
352,0.05916316,0.09200073,0.8488361
353,0.06011393,0.0911797,0.8487064
354,0.06064126,0.09033757,0.8490212
355,0.06070325,0.08950852,0.8497882
356,0.06036423,0.08882561,0.8508102
357,0.05970908,0.08823205,0.8520588
358,0.05880616,0.08775352,0.8534403
359,0.05770968,0.08738945,0.8549009
360,0.05646197,0.08713175,0.8564063
361,0.07105994,0.09096611,0.837974
362,0.06763437,0.08599836,0.8463672
363,0.06304979,0.08537833,0.8515719
364,0.05927971,0.08479623,0.855924
365,0.05608975,0.08422558,0.8596846
366,0.05339742,0.08407209,0.8625305
367,0.05122486,0.08483145,0.8639437
368,0.04963065,0.08687352,0.8634958
369,0.04874889,0.09084179,0.8604093
370,0.04871828,0.09655298,0.8547288
371,0.04966272,0.1030554,0.8472819
372,0.05164433,0.1089419,0.8394137
373,0.05160796,0.1141157,0.8342764
374,0.05392067,0.1157151,0.8303642
375,0.05720409,0.1161462,0.8266498
376,0.06096303,0.1160132,0.8230239
377,0.06478767,0.1155258,0.8196865
378,0.0683522,0.1147821,0.8168657
379,0.0714393,0.113853,0.8147077
380,0.07397039,0.1128524,0.8131772
381,0.07591141,0.1117682,0.8123204
382,0.07730445,0.1106617,0.8120338
383,0.07823426,0.1095781,0.8121877
384,0.07879799,0.1085453,0.8126568
385,0.08107774,0.1072313,0.811691
386,0.08165547,0.1062694,0.8120751
387,0.08169959,0.1054332,0.8128672
388,0.08147584,0.1046275,0.8138967
389,0.08108581,0.1038384,0.8150758
390,0.08057061,0.103064,0.8163654
391,0.07994789,0.1023053,0.8177468
392,0.07916745,0.1014294,0.8194031
393,0.07826651,0.1005599,0.8211735
394,0.07726419,0.09969408,0.8230417
395,0.07617524,0.09884217,0.8249826
396,0.07501522,0.09801993,0.8269649
397,0.09455842,0.09794857,0.807493
398,0.09546883,0.09535747,0.8091738
399,0.09478548,0.09530337,0.8099112
400,0.09404743,0.09514479,0.8108078
401,0.09335268,0.09490535,0.8117419
402,0.09274098,0.09474457,0.8125144
403,0.09224117,0.09474833,0.8130105
404,0.09189462,0.09506667,0.8130387
405,0.09170644,0.09557202,0.8127216
406,0.09168141,0.09625041,0.8120682
407,0.09181618,0.09705564,0.8111282
408,0.09209957,0.09792759,0.8099728
409,0.09486824,0.09812474,0.807007
410,0.1007409,0.1010265,0.7982326
411,0.1038729,0.1014555,0.7946717
412,0.10542,0.1013761,0.7932039
413,0.1059049,0.1006049,0.7934902
414,0.1057082,0.09947856,0.7948132
415,0.105107,0.09831078,0.7965823
416,0.1043229,0.09730645,0.7983707
417,0.1034595,0.0965113,0.8000292
418,0.1025778,0.09591268,0.8015095
419,0.10171,0.09548513,0.8028049
420,0.1008717,0.09520108,0.8039272
421,0.09511314,0.09433061,0.8105563
422,0.09418663,0.09465916,0.8111542
423,0.09318465,0.09458598,0.8122293
424,0.09237117,0.09470478,0.812924
425,0.09175087,0.09502608,0.8132231
426,0.09131637,0.09555338,0.8131303
427,0.09106964,0.09631634,0.812614
428,0.09101341,0.09736803,0.8116185
429,0.09117255,0.09880906,0.8100184
430,0.0915537,0.1006337,0.8078126
431,0.09215526,0.1027546,0.8050901
432,0.09296571,0.105002,0.8020323
433,0.05787167,0.1074434,0.8346849
434,0.05196981,0.1098778,0.8381524
435,0.04599021,0.1087524,0.8452573
436,0.04173661,0.1096144,0.848649
437,0.03898515,0.1120898,0.8489251
438,0.037722,0.1154396,0.8468384
439,0.03802537,0.1187748,0.8431998
440,0.04002661,0.1215886,0.8383847
441,0.04360904,0.1229648,0.8334261
442,0.04842183,0.1231062,0.828472
443,0.05388968,0.1223348,0.8237755
444,0.05933746,0.1209823,0.8196802
445,0.04106174,0.1169444,0.8419939
446,0.03284587,0.1176595,0.8494947
447,0.02804078,0.1167909,0.8551684
448,0.02510681,0.1158094,0.8590838
449,0.02326461,0.1148336,0.8619018
450,0.02209925,0.1138498,0.8640509
451,0.02137094,0.1128452,0.8657838
452,0.02091499,0.1117208,0.8673642
453,0.02063615,0.1105568,0.8688071
454,0.02046904,0.1093533,0.8701776
455,0.0203666,0.1081204,0.871513
456,0.0202945,0.1068696,0.8728358
457,0.05897326,0.1066214,0.8344054
458,0.08220837,0.1022156,0.815576
459,0.09226044,0.1002405,0.8074991
460,0.09544533,0.09887324,0.8056814
461,0.09599174,0.0975653,0.8064429
462,0.09543963,0.09626967,0.8082907
463,0.09438726,0.09502037,0.8105924
464,0.09307945,0.09382704,0.8130935
465,0.09163833,0.09273412,0.8156275
466,0.09012426,0.09176091,0.8181148
467,0.08857465,0.09092744,0.8204979
468,0.08704306,0.0902788,0.8226781
469,0.08125819,0.09043537,0.8283065
470,0.08258997,0.09294982,0.8244603
471,0.08360882,0.09211762,0.8242736
472,0.08396812,0.09159656,0.8244353
473,0.08377718,0.09122325,0.8249995
474,0.08322106,0.09085342,0.8259255
475,0.08244136,0.090514,0.8270446
476,0.08152359,0.09030135,0.8281751
477,0.08053514,0.09027972,0.8291851
478,0.0795408,0.0904736,0.8299856
479,0.07858169,0.0908676,0.8305507
480,0.07768848,0.09143735,0.8308741
481,0.1081631,0.09281572,0.7990212
482,0.0971491,0.09096551,0.8118854
483,0.09243955,0.09193119,0.8156292
484,0.09024306,0.09210502,0.8176519
485,0.0892794,0.09227701,0.8184437
486,0.08912996,0.0929917,0.8178783
487,0.08960687,0.09463215,0.815761
488,0.09075091,0.09789986,0.8113493
489,0.09234774,0.1023764,0.8052759
490,0.09433474,0.1075906,0.7980746
491,0.09664354,0.1126268,0.7907296
492,0.09919415,0.1165543,0.7842515
493,0.1072317,0.1176386,0.7751297
494,0.1139089,0.119172,0.7669191
495,0.1180097,0.118877,0.7631134
496,0.1201736,0.1170257,0.7628006
497,0.120823,0.1143825,0.7647946
498,0.1204388,0.111637,0.7679241
499,0.1194572,0.1091304,0.7714124
500,0.1181605,0.1069343,0.7749051
501,0.1168002,0.1050946,0.7781053
502,0.1154825,0.103558,0.7809594
503,0.114249,0.1022694,0.7834816
504,0.1131025,0.1011705,0.785727
505,0.1074572,0.10041,0.7921328
506,0.1020368,0.09805828,0.7999049
507,0.09896767,0.09730698,0.8037254
508,0.0970516,0.09705938,0.805889
509,0.09580188,0.09704546,0.8071527
510,0.09499709,0.09723038,0.8077726
511,0.0945475,0.09768901,0.8077635
512,0.09455133,0.09877566,0.806673
513,0.09488939,0.1003336,0.804777
514,0.09555391,0.102426,0.8020201
515,0.0965293,0.1049499,0.7985208
516,0.09779096,0.1076526,0.7945564
517,0.1015409,0.1077341,0.7907249
518,0.1083202,0.1115549,0.7801249
519,0.1122567,0.1130201,0.7747232
520,0.1145568,0.1129535,0.7724897
521,0.1155368,0.1114977,0.7729656
522,0.1155646,0.1094631,0.7749723
523,0.1149825,0.1073938,0.7776238
524,0.1140483,0.1054753,0.7804763
525,0.1129523,0.1038238,0.7832239
526,0.1118027,0.1024258,0.7857716
527,0.1106549,0.1012502,0.7880949
528,0.1095315,0.100259,0.7902096
529,0.1032459,0.1001898,0.7965643
530,0.09912056,0.09830856,0.8025709
531,0.09649905,0.09750213,0.8059988
532,0.09465037,0.09708635,0.8082632
533,0.09327689,0.09691627,0.8098069
534,0.09224743,0.09699039,0.8107622
535,0.09151918,0.09737791,0.8111029
536,0.0911148,0.09839181,0.8104935
537,0.09103648,0.09998706,0.8089765
538,0.0912964,0.1022686,0.8064349
539,0.09189607,0.1051974,0.8029065
540,0.09282757,0.10856,0.7986124
541,0.1016492,0.1145169,0.7838339
542,0.09863432,0.1162643,0.7851014
543,0.09841831,0.1182426,0.7833391
544,0.09919789,0.1195886,0.7812135
545,0.100587,0.1208092,0.7786039
546,0.1023497,0.1218219,0.7758284
547,0.1042881,0.122425,0.773287
548,0.1061947,0.1224336,0.7713718
549,0.1079094,0.1219485,0.7701421
550,0.1093042,0.1210588,0.7696369
551,0.1103048,0.1198846,0.7698106
552,0.1108928,0.1185386,0.7705685
553,0.1064325,0.1164022,0.7771653
554,0.1061199,0.1154128,0.7784674
555,0.1056607,0.1138584,0.7804809
556,0.1050709,0.1124032,0.7825258
557,0.1043722,0.1110751,0.7845527
558,0.1036045,0.109875,0.7865204
559,0.1028012,0.1088023,0.7883966
560,0.1019777,0.1078246,0.7901976
561,0.1011514,0.1069621,0.7918865
562,0.1003286,0.1061979,0.7934735
563,0.09951331,0.1055253,0.7949613
564,0.09870949,0.104942,0.7963485
565,0.10392,0.1050104,0.7910695
566,0.1063902,0.1051993,0.7884106
567,0.1072567,0.1046543,0.7880889
568,0.1072644,0.1039968,0.7887388
569,0.1068042,0.1032888,0.789907
570,0.1060954,0.1025951,0.7913095
571,0.1052664,0.1019771,0.7927565
572,0.1043953,0.1014834,0.7941214
573,0.103535,0.1011371,0.7953279
574,0.1027165,0.1009501,0.7963335
575,0.1019632,0.1009274,0.7971094
576,0.101296,0.1010742,0.7976299
577,0.1049687,0.1041563,0.790875
578,0.1049177,0.1037255,0.7913569
579,0.1051492,0.1045065,0.7903443
580,0.1053792,0.1054609,0.7891598
581,0.1056495,0.1065175,0.787833
582,0.1059948,0.1076638,0.7863414
583,0.1064335,0.108883,0.7846835
584,0.1069644,0.1101097,0.782926
585,0.1076061,0.11141,0.7809839
586,0.1083488,0.112708,0.7789432
587,0.1091761,0.1139258,0.7768981
588,0.1100629,0.1149915,0.7749456
589,0.1157346,0.1161498,0.7681156
590,0.1157345,0.1164824,0.7677832
591,0.116445,0.1169917,0.7665633
592,0.1171478,0.1171407,0.7657114
593,0.1177699,0.1171067,0.7651234
594,0.1182777,0.1169523,0.76477
595,0.118654,0.1167044,0.7646415
596,0.1188891,0.1163672,0.7647437
597,0.1189957,0.1159979,0.7650064
598,0.1189835,0.1156065,0.76541
599,0.1188675,0.1152081,0.7659244
600,0.1186651,0.1148157,0.7665192
601,0.1188647,0.113635,0.7675003
602,0.1205191,0.1139597,0.7655212
603,0.1208446,0.1134958,0.7656596
604,0.1205984,0.1128787,0.7665229
605,0.1200119,0.1121381,0.76785
606,0.1192302,0.11135,0.7694198
607,0.1183514,0.1105815,0.7710671
608,0.11743,0.1098419,0.7727281
609,0.1165151,0.109193,0.7742919
610,0.11563,0.1086345,0.7757356
611,0.1147924,0.1081675,0.7770402
612,0.1140161,0.1077949,0.778189
613,0.1052463,0.1083158,0.7864379
614,0.1027148,0.1076502,0.789635
615,0.1006688,0.1067586,0.7925727
616,0.09930387,0.1062417,0.7944545
617,0.09850531,0.1062524,0.7952422
618,0.0981974,0.1069567,0.7948458
619,0.09832975,0.1084965,0.7931737
620,0.09890008,0.111097,0.7900029
621,0.09982979,0.1143406,0.7858296
622,0.1010959,0.1178218,0.7810823
623,0.1026581,0.1209917,0.7763503
624,0.1044543,0.1233949,0.7721507
625,0.1030841,0.1247371,0.7721789
626,0.1055884,0.1254541,0.7689576
627,0.1076147,0.125233,0.7671522
628,0.1093645,0.1246928,0.7659428
629,0.1107574,0.123884,0.7653586
630,0.1117466,0.1229156,0.7653378
631,0.1123279,0.1218761,0.765796
632,0.1125742,0.1209348,0.7664911
633,0.1124862,0.1199284,0.7675854
634,0.1121307,0.1189373,0.768932
635,0.1115731,0.1179889,0.770438
636,0.110875,0.1171016,0.7720234
637,0.1116807,0.1173112,0.7710082
638,0.1075667,0.1154163,0.777017
639,0.1051083,0.1150205,0.7798712
640,0.1034291,0.1149172,0.7816537
641,0.1022408,0.1150227,0.7827366
642,0.1014172,0.1153408,0.783242
643,0.1008994,0.1158837,0.7832168
644,0.1006233,0.1165216,0.7828552
645,0.1006148,0.1174155,0.7819696
646,0.1008649,0.1184846,0.7806506
647,0.1013648,0.1196462,0.778989
648,0.1020965,0.1207973,0.7771062
649,0.09992506,0.1201597,0.7799153
650,0.1047076,0.1224962,0.7727962
651,0.1079366,0.1226004,0.769463
652,0.1102059,0.1222877,0.7675064
653,0.1115741,0.1212753,0.7671506
654,0.1121566,0.1198415,0.768002
655,0.1121074,0.1182702,0.7696224
656,0.1115909,0.1167375,0.7716717
657,0.1107375,0.1152725,0.77399
658,0.1096607,0.1139115,0.7764278
659,0.1084458,0.1126657,0.7788885
660,0.1071527,0.111532,0.7813154
661,0.1171397,0.1113092,0.7715511
662,0.114372,0.1095436,0.7760843
663,0.1128259,0.1090914,0.7780827
664,0.1115661,0.1084984,0.7799356
665,0.1104433,0.1078849,0.7816718
666,0.1094472,0.1073535,0.7831994
667,0.1085975,0.1069651,0.7844374
668,0.1079255,0.1067839,0.7852906
669,0.1074792,0.1069338,0.7855871
670,0.1072878,0.1075004,0.7852119
671,0.1073709,0.1085541,0.784075
672,0.1077317,0.1101106,0.7821578
673,0.09900639,0.1100383,0.7909552
674,0.1031248,0.1133096,0.7835655
675,0.1048781,0.1155993,0.7795226
676,0.1064329,0.1180591,0.775508
677,0.1078523,0.1197707,0.772377
678,0.1091339,0.1205619,0.7703043
679,0.1102389,0.120607,0.7691541
680,0.1111724,0.1203164,0.7685111
681,0.1118469,0.1196598,0.7684933
682,0.1122552,0.1188325,0.7689123
683,0.1124031,0.117935,0.7696619
684,0.1123176,0.1170289,0.7706535
685,0.1083633,0.1165198,0.7751169
686,0.1070031,0.1154849,0.7775121
687,0.1059173,0.114647,0.7794357
688,0.1050627,0.1141,0.7808373
689,0.104375,0.1137791,0.7818459
690,0.1038157,0.1136321,0.7825522
691,0.103365,0.1136265,0.7830085
692,0.1029806,0.1136292,0.7833902
693,0.1026971,0.1137905,0.7835124
694,0.1025115,0.1140686,0.78342
695,0.1024256,0.1144457,0.7831286
696,0.1024389,0.1149021,0.782659
697,0.1189679,0.1131141,0.7679181
698,0.1251402,0.1149462,0.7599134
699,0.1280192,0.1162214,0.7557594
700,0.1289514,0.1161148,0.7549338
701,0.1284263,0.1146632,0.7569104
702,0.1270539,0.112647,0.760299
703,0.125275,0.1105675,0.7641575
704,0.1233436,0.108624,0.7680324
705,0.121373,0.1068316,0.7717955
706,0.1194026,0.1051394,0.775458
707,0.117428,0.1034495,0.7791225
708,0.1154315,0.1016299,0.7829385
709,0.1116099,0.1012002,0.7871898
710,0.1036381,0.09761171,0.7987502
711,0.0982976,0.09119817,0.8105043
712,0.09444559,0.07990954,0.8256449
713,0.09236237,0.05991946,0.8477181
714,0.09317855,0.02447692,0.8823445
715,0.09541334,1.358143E-21,0.9045866
716,0.08021899,0.2025077,0.7172733
717,0.07104912,0.2427518,0.6861991
718,0.07177334,0.2828661,0.6453606
719,0.1059656,0.03559389,0.8584406
720,0.09187534,0.2534457,0.6546789
721,0.09036989,0.2481279,0.6615022
722,0.09761901,0.2263972,0.6759838
723,0.1067516,0.1925139,0.7007344
724,0.1161886,0.1629933,0.7208181
725,0.1232363,0.146415,0.7303486
726,0.1278241,0.1386476,0.7335284
727,0.1304482,0.1344616,0.7350903
728,0.1314019,0.1313664,0.7372317
729,0.1309954,0.1286748,0.7403298
730,0.1295123,0.1260966,0.744391
731,0.1273052,0.1236142,0.7490806
732,0.1247373,0.1212912,0.7539716
733,0.1263499,0.1200484,0.7536017
734,0.1241455,0.1180508,0.7578037
735,0.1221304,0.1165347,0.7613349
736,0.1202059,0.1151345,0.7646596
737,0.1183834,0.1138335,0.767783
738,0.1166516,0.1125646,0.7707838
739,0.1150454,0.1114043,0.7735503
740,0.1135815,0.1103664,0.7760521
741,0.1122703,0.1094255,0.7783042
742,0.1111428,0.1086184,0.7802388
743,0.1102356,0.1080103,0.7817541
744,0.1095887,0.1077081,0.7827032
745,0.1002456,0.1099446,0.7898098
746,0.09855364,0.110467,0.7909793
747,0.09676941,0.1098554,0.7933752
748,0.09584429,0.1100377,0.794118
749,0.09572505,0.1118536,0.7924213
750,0.09631617,0.1157214,0.7879624
751,0.09756044,0.1212688,0.7811707
752,0.09938328,0.1268766,0.7737401
753,0.1018374,0.1313911,0.7667714
754,0.1048254,0.1338203,0.7613544
755,0.1081351,0.1342248,0.7576401
756,0.1114712,0.1333133,0.7552155
757,0.1299057,0.1294577,0.7406366
758,0.1380555,0.1291858,0.7327588
759,0.1422958,0.1276216,0.7300826
760,0.1438465,0.1251781,0.7309754
761,0.143393,0.1223482,0.7342588
762,0.1414783,0.119437,0.7390847
763,0.1385846,0.1165829,0.7448325
764,0.1352201,0.1139957,0.7507842
765,0.1317073,0.1115832,0.7567095
766,0.1282832,0.1093728,0.7623439
767,0.1250227,0.1072972,0.76768
768,0.1218965,0.1052308,0.7728727
769,0.1098307,0.1025629,0.7876064
770,0.1054454,0.09949245,0.7950622
771,0.1011427,0.09477682,0.8040805
772,0.09720206,0.08746649,0.8153315
773,0.09386495,0.0753184,0.8308166
774,0.09180737,0.05401456,0.8541781
775,0.09226244,0.01612787,0.8916097
776,0.0927406,1.320695E-21,0.9072595
777,0.07644407,0.1981194,0.7254366
778,0.06651822,0.2423531,0.6911287
779,0.06925517,0.2474865,0.6832584
780,0.09848903,0.03942028,0.8620907
781,0.09860142,0.2562475,0.6451511
782,0.1052201,0.2481357,0.6466442
783,0.1105356,0.2409021,0.6485623
784,0.1211387,0.2100165,0.6688448
785,0.1313259,0.1708151,0.697859
786,0.1378844,0.1452831,0.7168324
787,0.1408706,0.1334091,0.7257203
788,0.14158,0.1277333,0.7306867
789,0.1405311,0.1238891,0.7355798
790,0.1381056,0.1205723,0.7413221
791,0.1347266,0.1174319,0.7478415
792,0.1309081,0.1144636,0.7546282
793,0.1282991,0.1111241,0.7605768
794,0.1244033,0.1085779,0.7670188
795,0.1209244,0.1059793,0.7730963
796,0.1176911,0.1031526,0.7791563
797,0.1145828,0.09976479,0.7856524
798,0.1115436,0.09531417,0.7931421
799,0.1085852,0.0888676,0.8025472
800,0.105951,0.07904653,0.8150026
801,0.1041679,0.06343387,0.8323983
802,0.1041258,0.0377799,0.8580943
803,0.1068279,1.095775E-21,0.8931722
804,0.09148833,0.1870655,0.7214462
805,0.07323749,0.2233569,0.7034057
806,0.07043739,0.281032,0.6485307
807,0.09019149,0.04967394,0.8601346
808,0.064832,0.3028024,0.6323656
809,0.1046176,0.02873474,0.8666476
810,0.09039383,0.2760533,0.6335529
811,0.1261091,0.04324711,0.8306438
812,0.1071514,0.2159384,0.6769102
813,0.1145864,0.1972996,0.6881139
814,0.1229274,0.1708396,0.706233
815,0.1296699,0.1521481,0.718182
816,0.1341533,0.1424849,0.7233617
817,0.1359511,0.1375782,0.7264706
818,0.137888,0.1345939,0.7275181
819,0.1385797,0.1322549,0.7291654
820,0.1382796,0.1301791,0.7315412
821,0.1371156,0.1281603,0.734724
822,0.1352203,0.1261148,0.7386648
823,0.1327965,0.1240867,0.7431168
824,0.1300619,0.1221153,0.7478228
825,0.1272002,0.1201863,0.7526136
826,0.1243344,0.1182457,0.7574199
827,0.1215859,0.1163633,0.7620508
828,0.1189605,0.1144024,0.7666371
829,0.1237174,0.1116057,0.7646768
830,0.1245212,0.1102826,0.7651961
831,0.1242108,0.1094059,0.7663833
832,0.1235619,0.1088094,0.7676287
833,0.1225743,0.1079904,0.7694352
834,0.1213585,0.1068078,0.7718337
835,0.1200603,0.1052665,0.7746732
836,0.1188117,0.1033995,0.7777888
837,0.1177114,0.1012004,0.7810882
838,0.1168796,0.09871648,0.784404
839,0.1164351,0.09607515,0.7874898
840,0.1164626,0.09347776,0.7900596
841,0.10686,0.09190466,0.8012354
842,0.108637,0.09112806,0.8002349
843,0.108063,0.08654467,0.8053923
844,0.1085574,0.08074897,0.8106936
845,0.110277,0.07614287,0.8135801
846,0.1126722,0.07556802,0.8117598
847,0.1150236,0.08118425,0.8037922
848,0.1168413,0.09292119,0.7902375
849,0.1181321,0.1082201,0.7736478
850,0.1192309,0.122705,0.7580641
851,0.1205597,0.1328368,0.7466035
852,0.1222784,0.137683,0.7400386
853,0.1266671,0.1381915,0.7351415
854,0.1286026,0.1370581,0.7343393
855,0.1303294,0.1354267,0.7342439
856,0.1314372,0.1336426,0.7349202
857,0.1319091,0.1319576,0.7361333
858,0.131803,0.130417,0.73778
859,0.1312163,0.1290022,0.7397815
860,0.1302416,0.1276354,0.742123
861,0.1290272,0.1263743,0.7445984
862,0.1276787,0.1252065,0.7471148
863,0.1262784,0.124126,0.7495956
864,0.1248791,0.1231188,0.7520021
865,0.1235045,0.1219945,0.7545009
866,0.1220356,0.1210831,0.7568814
867,0.1207022,0.1201438,0.759154
868,0.1194858,0.1191878,0.7613264
869,0.1183925,0.1182173,0.7633902
870,0.1174512,0.117246,0.7653028
871,0.1166978,0.1163081,0.7669941
872,0.116211,0.1155925,0.7681966
873,0.1159746,0.1150854,0.76894
874,0.1160259,0.1149634,0.7690108
875,0.1163663,0.115418,0.7682157
876,0.1169708,0.1166255,0.7664037
877,0.1198372,0.1164261,0.7637367
878,0.123312,0.1188883,0.7577997
879,0.1264137,0.1240344,0.7495518
880,0.128576,0.1288992,0.7425247
881,0.1299208,0.1320067,0.7380725
882,0.1307184,0.1332543,0.7360273
883,0.1311357,0.1331609,0.7357035
884,0.1312173,0.1322487,0.7365339
885,0.1310275,0.1310162,0.7379563
886,0.1305801,0.1296692,0.7397507
887,0.1299093,0.1283077,0.741783
888,0.1290582,0.1269675,0.7439743
889,0.1319644,0.126731,0.7413046
890,0.1285355,0.1253003,0.7461641
891,0.1265178,0.1237737,0.7497085
892,0.1249852,0.1221385,0.7528763
893,0.1237962,0.1205618,0.755642
894,0.1229176,0.1191255,0.7579569
895,0.1223523,0.1178968,0.7597508
896,0.1221595,0.1171023,0.7607383
897,0.1223118,0.1168466,0.7608416
898,0.1228105,0.1173482,0.7598413
899,0.1236095,0.118777,0.7576135
900,0.1246357,0.1211931,0.7541711
901,0.1084845,0.1242317,0.7672838
902,0.1166025,0.127849,0.7555484
903,0.1191141,0.1312171,0.7496688
904,0.1208589,0.1348964,0.7442447
905,0.1223586,0.1379832,0.7396581
906,0.1237751,0.1400342,0.7361908
907,0.1251349,0.1410285,0.7338367
908,0.1263833,0.1411486,0.7324681
909,0.1274888,0.1407453,0.7317659
910,0.1283797,0.1400377,0.7315826
911,0.1290176,0.1391829,0.7317994
912,0.1293842,0.1382657,0.7323501
913,0.1379783,0.1391563,0.7228655
914,0.1309636,0.1377688,0.7312676
915,0.1275056,0.1362532,0.7362411
916,0.1253182,0.1347364,0.7399454
917,0.1238506,0.1335448,0.7426046
918,0.1228999,0.1327889,0.7443112
919,0.1223768,0.1325163,0.7451069
920,0.1221817,0.1326125,0.7452058
921,0.1223179,0.1332131,0.744469
922,0.1227277,0.1342365,0.7430358
923,0.1233646,0.1355527,0.7410827
924,0.124184,0.136982,0.738834
925,0.1175152,0.1388836,0.7436011
926,0.119928,0.1399925,0.7400795
927,0.1209584,0.1403129,0.7387287
928,0.1220097,0.1406923,0.737298
929,0.1231287,0.1409578,0.7359136
930,0.1242734,0.1410364,0.7346902
931,0.1253845,0.1409218,0.7336937
932,0.1264231,0.1406951,0.7328817
933,0.1272916,0.1402474,0.7324609
934,0.1279528,0.1396446,0.7324026
935,0.1283781,0.1389274,0.7326944
936,0.1285543,0.1381235,0.7333222
937,0.1311929,0.1365924,0.7322146
938,0.131928,0.1358845,0.7321876
939,0.1320219,0.1350378,0.7329403
940,0.1316128,0.1339984,0.7343888
941,0.13079,0.1327839,0.7364262
942,0.1296401,0.1314485,0.7389114
943,0.1282461,0.1300411,0.7417129
944,0.1266417,0.1284732,0.7448851
945,0.1249493,0.1269154,0.7481353
946,0.1232299,0.125362,0.7514081
947,0.1215543,0.123838,0.7546077
948,0.1199893,0.1223812,0.7576295
949,0.120382,0.1208296,0.7587883
950,0.1195626,0.1197273,0.7607101
951,0.1191046,0.1193701,0.7615253
952,0.1188039,0.1194622,0.7617338
953,0.1186504,0.1199459,0.7614037
954,0.1186537,0.1208136,0.7605327
955,0.1188166,0.1220497,0.7591337
956,0.119232,0.1239729,0.7567951
957,0.1197646,0.126054,0.7541814
958,0.1204294,0.1281367,0.7514339
959,0.1212021,0.1300169,0.748781
960,0.122052,0.1315251,0.7464228
961,0.1302162,0.1314293,0.7383544
962,0.1306239,0.1320888,0.7372873
963,0.1319815,0.1329961,0.7350224
964,0.1329771,0.1330582,0.7339647
965,0.1335438,0.1324732,0.733983
966,0.1337209,0.1315324,0.7347467
967,0.1335539,0.1304385,0.7360076
968,0.1330421,0.1291935,0.7377644
969,0.1322983,0.128008,0.7396936
970,0.1313523,0.1268582,0.7417895
971,0.1302558,0.1257378,0.7440064
972,0.1290635,0.1246424,0.7462941
973,0.1263564,0.1211025,0.7525411
974,0.1303362,0.1207101,0.7489536
975,0.1318269,0.1213107,0.7468624
976,0.1322851,0.1220117,0.7457032
977,0.1318407,0.122049,0.7461103
978,0.1307743,0.1214028,0.7478229
979,0.1293265,0.1202264,0.7504472
980,0.1277261,0.1187908,0.7534831
981,0.1260266,0.1170055,0.7569679
982,0.1243416,0.1148737,0.7607847
983,0.1227596,0.112325,0.7649154
984,0.1213741,0.1092331,0.7693928
985,0.1279342,0.1113247,0.7607411
986,0.1189695,0.1094949,0.7715356
987,0.1107364,0.0978118,0.7914519
988,0.1062644,0.07402475,0.8197109
989,0.1076065,0.0320724,0.8603212
990,0.11284,1.406539E-21,0.8871601
991,0.09463403,0.2300081,0.6753579
992,0.08490835,0.2778037,0.6372879
993,0.0971633,0.2190219,0.6838148
994,0.1011928,0.2503673,0.6484399
995,0.1089099,0.2440306,0.6470594
996,0.1107835,0.260065,0.6291515
997,0.1215576,0.2204874,0.6579551
998,0.1400663,0.1813524,0.6785812
999,0.1520558,0.1574325,0.6905118
1000,0.1571946,0.145873,0.6969324
1001,0.1588822,0.1404144,0.7007034
1002,0.1588904,0.1372472,0.7038624
1003,0.1576554,0.1347553,0.7075894
1004,0.1550712,0.132158,0.7127708
1005,0.1510127,0.1290755,0.7199118
1006,0.1456696,0.1254188,0.7289116
1007,0.1395703,0.1213099,0.7391198
1008,0.1331738,0.1167476,0.7500787
1009,0.127498,0.1121545,0.7603475
1010,0.1164716,0.1039973,0.7795311
1011,0.1055128,0.08964508,0.8048421
1012,0.09244905,0.05855898,0.848992
1013,0.07660018,1.170733E-21,0.9233998
1014,0.05247308,0.211468,0.736059
1015,0.008366227,0.2703491,0.7212847
1016,0.1128444,0.0879653,0.7991903
1017,0.002690749,0.4048547,0.5924546
1018,0.1674273,6.18067E-16,0.8325727
1019,0.1717449,3.706116E-09,0.8282551
1020,0.1738289,0.02278518,0.8033859
1021,0.1589755,0.06346557,0.7775589
1022,0.1542404,0.0696068,0.7761528
1023,0.1181996,0.2741286,0.6076718
1024,0.155201,0.04193988,0.8028591
1025,0.1238079,0.2314445,0.6447476
1026,0.1303832,0.2124355,0.6571814
1027,0.1371236,0.1801995,0.6826769
1028,0.1425323,0.1576646,0.6998031
1029,0.1455343,0.1465756,0.7078901
1030,0.1469177,0.1413029,0.7117794
1031,0.1472794,0.1382618,0.7144588
1032,0.1468779,0.136038,0.7170842
1033,0.1433266,0.1345694,0.7221041
1034,0.1403075,0.1324034,0.7272891
1035,0.1372545,0.1303819,0.7323637
1036,0.1338114,0.1281009,0.7380877
1037,0.1298857,0.1253207,0.7447936
1038,0.1255345,0.121817,0.7526485
1039,0.1209259,0.1172589,0.7618151
1040,0.1163132,0.1110006,0.7726862
1041,0.1121674,0.1021983,0.7856344
1042,0.1091993,0.08971529,0.8010854
1043,0.1081179,0.07122359,0.8206584
1044,0.1099014,0.04500981,0.8450887
1045,0.1292961,0.01128405,0.8594198
1046,0.130364,0.0243336,0.8453023
1047,0.1413507,0.02819937,0.8304498
1048,0.1492816,0.05241478,0.7983036
1049,0.1512342,0.08040357,0.7683623
1050,0.1493647,0.1057887,0.7448465
1051,0.1466829,0.1226293,0.7306878
1052,0.1447441,0.131107,0.724149
1053,0.1435404,0.1337276,0.7227321
1054,0.1427117,0.1334235,0.7238647
1055,0.1418493,0.1319731,0.7261776
1056,0.1407083,0.1301915,0.7291001
1057,0.1289839,0.131995,0.7390211
1058,0.1240544,0.1291944,0.7467512
1059,0.1184385,0.1244813,0.7570802
1060,0.1135842,0.1187974,0.7676185
1061,0.1096051,0.1115042,0.7788907
1062,0.1067785,0.1015881,0.7916334
1063,0.1055687,0.08774047,0.8066909
1064,0.1065367,0.0688932,0.8245702
1065,0.1099205,0.04558483,0.8444946
1066,0.1149425,0.0252264,0.8598312
1067,0.1187254,0.02857357,0.8527011
1068,0.1216338,0.04065586,0.8377104
1069,0.1363402,0.05785386,0.8058059
1070,0.1378655,0.08326063,0.7788739
1071,0.1398086,0.1152949,0.7448965
1072,0.1407371,0.1370659,0.722197
1073,0.141817,0.1454931,0.7126899
1074,0.1432096,0.1461452,0.7106452
1075,0.144521,0.1443459,0.7111331
1076,0.1453917,0.1423296,0.7122787
1077,0.1457456,0.140684,0.7135704
1078,0.1455397,0.1392907,0.7151695
1079,0.1447701,0.1379725,0.7172574
1080,0.1434428,0.1365906,0.7199667
1081,0.1419015,0.1351208,0.7229777
1082,0.1371295,0.1328644,0.7300062
1083,0.1329864,0.130416,0.7365976
1084,0.1289292,0.1274867,0.7435841
1085,0.1249897,0.1239741,0.7510362
1086,0.121301,0.1196685,0.7590305
1087,0.1180503,0.1142313,0.7677184
1088,0.1155334,0.1072838,0.7771828
1089,0.1140744,0.0982479,0.7876778
1090,0.114105,0.08671705,0.7991779
1091,0.1159781,0.07278441,0.8112375
1092,0.1197368,0.05794075,0.8223225
1093,0.1126441,0.04450796,0.8428479
1094,0.1253135,0.04522122,0.8294653
1095,0.1320268,0.05942798,0.8085452
1096,0.1352289,0.08243208,0.782339
1097,0.1359241,0.1072558,0.7568201
1098,0.1357103,0.1271172,0.7371725
1099,0.1357471,0.1389479,0.725305
1100,0.1362242,0.1435284,0.7202474
1101,0.1370587,0.1441067,0.7188346
1102,0.1378503,0.1429295,0.7192203
1103,0.1383525,0.1412524,0.720395
1104,0.138443,0.1395539,0.722003
1105,0.1388919,0.1377008,0.7234073
1106,0.138139,0.136161,0.7257001
1107,0.1369753,0.1346032,0.7284215
1108,0.1353732,0.1329011,0.7317257
1109,0.1334107,0.1310149,0.7355744
1110,0.1311874,0.1289082,0.7399044
1111,0.1288096,0.1265268,0.7446635
1112,0.126352,0.1237006,0.7499474
1113,0.1239826,0.1204324,0.755585
1114,0.1218324,0.1165754,0.7615921
1115,0.1200694,0.1119701,0.7679604
1116,0.1188857,0.1064558,0.7746584
1117,0.1098897,0.09999567,0.7901147
1118,0.1128437,0.09247758,0.7946787
1119,0.1138497,0.08049737,0.8056529
1120,0.1160278,0.06583987,0.8181323
