EwEVersion,"6.5.13829.0 (compiled 2016-05-17)"
Date,"2016-09-06 18:00:37"
ModelName,Baltic_Proper-SEALS
EcosimScenario,Proper1_SealVuln100_19742100_seal100_cofF1
TimeSeries,new_data_weights_19742100_seal100_codF1
StartYear,1974

Data,"Prey of Pseudocalanus sp."

TimeStep,"Cyanobacteria","Phytoplankton","microzooplankton","Detritus-water column",
1,0.04366294,0.4557547,0.2818175,0.2187648
2,0.04009329,0.4747883,0.2833427,0.2017757
3,0.03816162,0.4799528,0.2887887,0.1930968
4,0.03708253,0.4799942,0.2942973,0.1886259
5,0.03647449,0.4783787,0.2987402,0.1864066
6,0.03613125,0.4764783,0.3019903,0.1854002
7,0.03593611,0.4747769,0.3042554,0.1850316
8,0.03582186,0.4733877,0.3058117,0.1849787
9,0.03574984,0.4722825,0.3069051,0.1850626
10,0.03569806,0.4713918,0.3077239,0.1851862
11,0.0356543,0.4706463,0.3084007,0.1852987
12,0.03561193,0.4699903,0.3090229,0.185375
13,0.03617777,0.4636159,0.3116299,0.1885765
14,0.03655842,0.4606593,0.3120425,0.1907397
15,0.03677773,0.4593259,0.311914,0.1919824
16,0.03688683,0.4587188,0.311784,0.1926104
17,0.03692296,0.4583818,0.3118586,0.1928367
18,0.0369129,0.4581037,0.3121724,0.1928111
19,0.03687529,0.4578027,0.3126848,0.1926372
20,0.03682293,0.4574618,0.313329,0.1923863
21,0.03676483,0.4570924,0.3140332,0.1921095
22,0.03670745,0.4567172,0.3147301,0.1918453
23,0.03665565,0.4563605,0.3153605,0.1916234
24,0.03661297,0.4560439,0.3158765,0.1914666
25,0.0331501,0.4876059,0.3057854,0.1734587
26,0.0311473,0.4966093,0.3089246,0.1633187
27,0.0300859,0.4979154,0.3136111,0.1583877
28,0.02950414,0.4967392,0.3177379,0.1560188
29,0.02919316,0.4950518,0.3206866,0.1550684
30,0.02903376,0.493532,0.322546,0.1548883
31,0.02895669,0.4923404,0.3235983,0.1551045
32,0.02892209,0.4914492,0.3241238,0.155505
33,0.02890749,0.4907782,0.3243417,0.1559726
34,0.02890019,0.4902472,0.3244103,0.1564424
35,0.02889356,0.4897931,0.3244314,0.1568819
36,0.02888434,0.4893726,0.3244662,0.1572768
37,0.02955887,0.4812846,0.3278544,0.1613022
38,0.03001414,0.4778103,0.3281161,0.1640595
39,0.03029162,0.4764452,0.3274859,0.1657773
40,0.03044759,0.4759791,0.3267741,0.1667992
41,0.03052419,0.4758197,0.3262832,0.1673729
42,0.03055126,0.4757066,0.3260723,0.1676698
43,0.03054884,0.4755455,0.326102,0.1678037
44,0.03052985,0.475318,0.3263055,0.1678467
45,0.03050243,0.4750356,0.326618,0.167844
46,0.03047219,0.4747208,0.326979,0.167828
47,0.0304427,0.4743961,0.3273412,0.16782
48,0.03041626,0.4740805,0.3276694,0.1678339
49,0.03112203,0.4656736,0.3313853,0.1718192
50,0.03161123,0.4620529,0.3317747,0.1745611
51,0.0319217,0.4607027,0.3311035,0.1762721
52,0.03211289,0.4603889,0.330176,0.1773222
53,0.03222897,0.4604934,0.3293034,0.1779742
54,0.03230109,0.4607324,0.3285587,0.1784078
55,0.0323495,0.4609911,0.327923,0.1787364
56,0.03238653,0.461233,0.3273543,0.1790261
57,0.03241906,0.4614533,0.3268162,0.1793116
58,0.03244996,0.4616547,0.3262921,0.1796033
59,0.03248022,0.4618403,0.3257777,0.1799018
60,0.03250976,0.4620113,0.325277,0.1802018
61,0.03279651,0.4583774,0.3270487,0.1817774
62,0.03298131,0.4566708,0.3275991,0.1827488
63,0.03311392,0.4559421,0.3274815,0.1834624
64,0.03320458,0.4556985,0.327134,0.1839629
65,0.03326678,0.4556791,0.3267309,0.1843232
66,0.0333106,0.4557526,0.3263397,0.184597
67,0.0333429,0.4558569,0.3259811,0.1848191
68,0.0333679,0.455964,0.3256585,0.1850096
69,0.03338807,0.4560619,0.3253711,0.1851789
70,0.03340508,0.4561471,0.3251136,0.1853342
71,0.03341978,0.4562194,0.3248827,0.1854781
72,0.03343256,0.4562791,0.3246769,0.1856114
73,0.03145631,0.476575,0.3172291,0.1747396
74,0.03024613,0.4832559,0.318229,0.168269
75,0.0295532,0.4847052,0.320933,0.1648086
76,0.02915549,0.4842364,0.3235898,0.1630183
77,0.02892856,0.4832236,0.3256813,0.1621666
78,0.02879884,0.4821925,0.3271807,0.1618279
79,0.02872261,0.4813037,0.3282202,0.1617535
80,0.02867417,0.4805715,0.3289544,0.1617998
81,0.02863875,0.479962,0.3295127,0.1618865
82,0.02860807,0.4794323,0.3299897,0.16197
83,0.02857767,0.4789471,0.330447,0.1620281
84,0.02854539,0.4784811,0.3309222,0.1620513
85,0.02860034,0.4783809,0.3303103,0.1627084
86,0.02864647,0.4784861,0.3295572,0.1633102
87,0.02865083,0.4785344,0.3292269,0.1635879
88,0.0286345,0.4784752,0.329192,0.1636983
89,0.028605,0.4783058,0.3293932,0.163696
90,0.02856615,0.4780417,0.3297829,0.1636092
91,0.02852024,0.4777029,0.3303211,0.1634558
92,0.0284689,0.477308,0.3309737,0.1632493
93,0.02841358,0.4768748,0.3317095,0.163002
94,0.02835585,0.4764191,0.3324978,0.1627274
95,0.0282976,0.4759564,0.3333049,0.1624411
96,0.02824106,0.4755029,0.3340946,0.1621616
97,0.02775283,0.4804462,0.3323175,0.1594833
98,0.02743677,0.4821348,0.3325769,0.1578515
99,0.02723672,0.4824592,0.3333916,0.1569125
100,0.02711729,0.4822813,0.3341454,0.1564561
101,0.02705215,0.4819892,0.3346333,0.1563255
102,0.02702351,0.4817384,0.3348223,0.1564157
103,0.02701935,0.4815748,0.3347504,0.1566554
104,0.02703137,0.4814954,0.334479,0.1569942
105,0.02705368,0.4814784,0.3340726,0.1573953
106,0.02708176,0.4814977,0.3335923,0.1578284
107,0.02711206,0.4815294,0.3330894,0.1582691
108,0.0271419,0.4815552,0.3326046,0.1586984
109,0.02802959,0.4717747,0.3360826,0.1641131
110,0.02866479,0.4678608,0.3355022,0.1679723
111,0.02907423,0.4666476,0.3338795,0.1703987
112,0.02932973,0.4665943,0.3321984,0.1718776
113,0.02948329,0.4669358,0.3308393,0.1727416
114,0.02957215,0.4673304,0.3298746,0.1732228
115,0.02962137,0.4676506,0.3292538,0.1734743
116,0.02964705,0.4678677,0.3288927,0.1735924
117,0.02965911,0.4679938,0.3287113,0.1736357
118,0.0296634,0.4680509,0.3286479,0.1736378
119,0.02966344,0.4680609,0.3286573,0.1736185
120,0.02966128,0.4680413,0.3287082,0.1735892
121,0.02934244,0.4711924,0.3277817,0.1716834
122,0.02912392,0.4722255,0.3282636,0.170387
123,0.02899351,0.4723898,0.3289608,0.1696558
124,0.02891519,0.4722258,0.3296125,0.1692466
125,0.02886892,0.4719749,0.330125,0.1690312
126,0.02884188,0.4717343,0.3304939,0.1689299
127,0.02882604,0.4715347,0.330746,0.1688932
128,0.02881651,0.4713781,0.3309138,0.1688915
129,0.02881043,0.4712569,0.3310248,0.1689079
130,0.02880617,0.4711621,0.3310989,0.1689329
131,0.02880281,0.4710857,0.3311502,0.1689613
132,0.02879984,0.4710222,0.3311877,0.1689904
133,0.03107048,0.4410916,0.3461326,0.1817054
134,0.03271073,0.4257894,0.3511922,0.1903076
135,0.03385416,0.4186106,0.3516169,0.1959184
136,0.03458286,0.4156741,0.35064,0.199103
137,0.03501634,0.4147824,0.3495574,0.2006439
138,0.03526049,0.4147786,0.3487591,0.2012018
139,0.0353962,0.4151172,0.3482248,0.2012618
140,0.03547912,0.4155788,0.3477961,0.201146
141,0.03554447,0.4160982,0.3473088,0.2010486
142,0.03561351,0.416672,0.3466335,0.201081
143,0.03569745,0.4173139,0.3456933,0.2012953
144,0.03580118,0.4180361,0.3444553,0.2017074
145,0.03271698,0.4543293,0.3283747,0.1845791
146,0.03100077,0.467705,0.3257764,0.1755178
147,0.03009409,0.4724934,0.3262419,0.1711706
148,0.02961607,0.4739084,0.3272547,0.1692209
149,0.02936777,0.4740688,0.3280831,0.1684803
150,0.02924176,0.4738351,0.3285974,0.1683259
151,0.02917946,0.4735296,0.3288573,0.1684336
152,0.02914914,0.473252,0.3289593,0.1686395
153,0.02913379,0.4730157,0.3289869,0.1688636
154,0.0291243,0.4728071,0.3290001,0.1690685
155,0.0291159,0.472608,0.3290382,0.1692379
156,0.02910605,0.4724034,0.3291252,0.1693654
157,0.03451302,0.4078953,0.3573082,0.2002835
158,0.03940519,0.3681998,0.3649669,0.2274281
159,0.04341533,0.3445506,0.3634385,0.2485955
160,0.04645224,0.331389,0.3585302,0.2636285
161,0.04857721,0.3247693,0.3534334,0.2732201
162,0.0499473,0.3219716,0.3495553,0.2785259
163,0.050755,0.3212138,0.3472255,0.2808057
164,0.05118358,0.3214235,0.346209,0.281184
165,0.05138333,0.3220295,0.3460464,0.2805408
166,0.05146574,0.3227776,0.3462543,0.2795024
167,0.05150741,0.3235856,0.3464257,0.2784813
168,0.05155673,0.3244479,0.346272,0.2777234
169,0.04741256,0.3671897,0.3303617,0.255036
170,0.0448836,0.387352,0.3259172,0.2418472
171,0.04380365,0.397351,0.3216012,0.237244
172,0.043328,0.4030481,0.3177063,0.2359176
173,0.0431107,0.4064235,0.3147432,0.2357226
174,0.04302894,0.4085378,0.312447,0.2359862
175,0.04301205,0.4099293,0.3107076,0.236351
176,0.04302216,0.4108849,0.3094378,0.2366552
177,0.0430408,0.4115645,0.3085484,0.2368463
178,0.04306005,0.4120606,0.3079549,0.2369245
179,0.04307682,0.4124299,0.3075854,0.2369078
180,0.04309006,0.4127096,0.3073845,0.2368159
181,0.04183706,0.4259411,0.3022794,0.2299425
182,0.04099063,0.4319858,0.3016572,0.2253664
183,0.04045369,0.4344973,0.302544,0.2225051
184,0.04011884,0.4353145,0.3038374,0.2207292
185,0.0399114,0.4353798,0.3050963,0.2196124
186,0.03978157,0.435155,0.3061861,0.2188773
187,0.03969697,0.4348505,0.3071045,0.218348
188,0.03963698,0.4345508,0.3078965,0.2179157
189,0.03958869,0.4342804,0.3086169,0.2175139
190,0.03954432,0.434038,0.3093135,0.2171041
191,0.03949916,0.4338132,0.3100235,0.2166641
192,0.03945049,0.4335945,0.3107736,0.2161814
193,0.03867259,0.4411125,0.3083947,0.2118202
194,0.03813435,0.4442956,0.3087534,0.2088166
195,0.03777186,0.4453981,0.3100501,0.2067799
196,0.03752746,0.4455318,0.3115637,0.205377
197,0.03735952,0.4452653,0.3130017,0.2043734
198,0.03724027,0.4448748,0.3142667,0.2036182
199,0.03715211,0.4444853,0.3153432,0.2030194
200,0.0370844,0.4441468,0.3162438,0.202525
201,0.03703117,0.4438751,0.3169856,0.2021081
202,0.03698945,0.4436715,0.3175805,0.2017585
203,0.03695796,0.4435329,0.3180351,0.2014741
204,0.03693619,0.4434542,0.3183537,0.2012559
205,0.04006742,0.4107693,0.3312741,0.2178892
206,0.04255964,0.393156,0.3335781,0.2307062
207,0.04437167,0.3842962,0.3317804,0.2395517
208,0.04561312,0.3804749,0.3286995,0.2452125
209,0.04642287,0.379357,0.3256495,0.2485707
210,0.04693521,0.3795548,0.3230833,0.2504267
211,0.04726019,0.3803058,0.3210269,0.2514071
212,0.04747829,0.3812321,0.3193382,0.2519515
213,0.04764275,0.3821719,0.3178485,0.2523368
214,0.04778305,0.3830702,0.3164469,0.2526999
215,0.04791375,0.3839152,0.3150764,0.2530946
216,0.0480399,0.3847083,0.3137277,0.2535241
217,0.04411147,0.4237679,0.2991666,0.232954
218,0.0416986,0.4400159,0.2975595,0.2207259
219,0.04031653,0.4461746,0.2994606,0.2140482
220,0.03952727,0.4479823,0.3020268,0.2104637
221,0.0390826,0.4480375,0.3042704,0.2086094
222,0.03883742,0.4475022,0.3059518,0.2077085
223,0.03870597,0.4468656,0.3071125,0.207316
224,0.03863757,0.4463053,0.3078785,0.2071785
225,0.03860256,0.4458628,0.3083797,0.2071549
226,0.0385838,0.4455252,0.3087228,0.2071682
227,0.03857166,0.4452643,0.308986,0.2071781
228,0.03856084,0.4450514,0.309223,0.2071648
229,0.03914348,0.4379893,0.3127536,0.2101137
230,0.03953565,0.4344403,0.3140613,0.2119628
231,0.03978937,0.4327106,0.3144365,0.2130634
232,0.03993937,0.4319071,0.3145404,0.2136131
233,0.04001762,0.4315354,0.3146558,0.2137913
234,0.04004898,0.4313389,0.3148776,0.2137345
235,0.04005135,0.4311963,0.3152131,0.2135392
236,0.04003706,0.4310592,0.3156326,0.2132712
237,0.04001449,0.4309154,0.3160953,0.2129747
238,0.03998928,0.4307703,0.3165602,0.2126803
239,0.03996528,0.430635,0.3169911,0.2124087
240,0.039945,0.4305219,0.3173586,0.2121744
241,0.03850862,0.4429264,0.3142269,0.2043381
242,0.03754119,0.4475258,0.315819,0.199114
243,0.03697465,0.4487921,0.3180361,0.1961971
244,0.03664685,0.4487491,0.3199922,0.1946119
245,0.0364649,0.4483048,0.3214069,0.1938235
246,0.03637029,0.4478371,0.3222913,0.1935014
247,0.0363262,0.4474752,0.322758,0.1934405
248,0.03630983,0.4472384,0.3229361,0.1935156
249,0.03630744,0.4471045,0.3229364,0.1936518
250,0.03631141,0.4470422,0.3228375,0.193809
251,0.03631749,0.4470234,0.3226933,0.1939659
252,0.03632355,0.4470268,0.3225375,0.1941122
253,0.0359414,0.4534702,0.3180392,0.1925491
254,0.03571264,0.4567751,0.3156881,0.1918242
255,0.03554628,0.4584182,0.3147161,0.1913194
256,0.03543652,0.4591694,0.3143443,0.1910498
257,0.03536581,0.45946,0.3142384,0.1909358
258,0.03531984,0.4595198,0.3142499,0.1909106
259,0.03528865,0.4594663,0.3143166,0.1909284
260,0.03526567,0.4593575,0.3144159,0.190961
261,0.03524686,0.45922,0.3145411,0.190992
262,0.03522978,0.4590663,0.3146911,0.1910128
263,0.03521309,0.4589016,0.3148655,0.1910198
264,0.03519611,0.4587286,0.3150631,0.1910122
265,0.03802617,0.4263578,0.3298459,0.2057701
266,0.04015591,0.4089649,0.3345667,0.2163125
267,0.04166771,0.4001484,0.3348154,0.2233685
268,0.04265537,0.3961096,0.3336692,0.2275659
269,0.04325286,0.3945394,0.3324803,0.2297274
270,0.04358786,0.3941244,0.3316911,0.2305967
271,0.0437642,0.3941875,0.331292,0.2307563
272,0.04385845,0.3944283,0.33109,0.2306231
273,0.04392269,0.394747,0.330858,0.2304723
274,0.04398837,0.3951325,0.3304178,0.2304614
275,0.04407195,0.3956012,0.3296632,0.2306636
276,0.04417856,0.3961665,0.3285669,0.231088
277,0.04526385,0.3887025,0.3292115,0.2368221
278,0.04615586,0.385497,0.326801,0.241546
279,0.0468082,0.3845592,0.3237089,0.2449238
280,0.04727481,0.3847891,0.320657,0.2472791
281,0.04760431,0.385543,0.3179626,0.2488901
282,0.04783652,0.3864659,0.3157191,0.2499783
283,0.04800155,0.3873781,0.313912,0.2507082
284,0.04812082,0.3882003,0.3124844,0.2511945
285,0.04820889,0.3889071,0.3113699,0.251514
286,0.04827553,0.3894999,0.3105066,0.2517179
287,0.04832716,0.3899916,0.3098418,0.2518395
288,0.0483679,0.390398,0.3093338,0.2519003
289,0.04459705,0.4266526,0.2962407,0.2325097
290,0.04225155,0.4417097,0.2951977,0.220841
291,0.04087997,0.4473002,0.2974918,0.2143281
292,0.04007688,0.4487852,0.3004036,0.2107344
293,0.03960877,0.4486201,0.3029713,0.2087999
294,0.03933763,0.447908,0.3049562,0.2077982
295,0.03918079,0.4471134,0.3063997,0.207306
296,0.03908853,0.4464041,0.3074302,0.2070772
297,0.03903126,0.4458164,0.3081815,0.2069708
298,0.03899179,0.4453361,0.3087633,0.2069089
299,0.03896025,0.4449336,0.3092562,0.2068499
300,0.0389312,0.4445806,0.3097153,0.2067729
301,0.03574353,0.4755996,0.2984748,0.1901821
302,0.03385547,0.4861015,0.2993512,0.1806918
303,0.03276691,0.4886355,0.3030695,0.1755281
304,0.03212961,0.4881412,0.306988,0.1727412
305,0.03175275,0.4866952,0.3102668,0.1712852
306,0.03152632,0.4851279,0.3127777,0.1705681
307,0.03138567,0.4837233,0.3146418,0.1702491
308,0.0312929,0.4825386,0.3160352,0.1701333
309,0.03122607,0.4815464,0.3171161,0.1701115
310,0.03117247,0.4806975,0.3180073,0.1701227
311,0.03112524,0.4799465,0.3187918,0.1701364
312,0.03108088,0.479259,0.3195207,0.1701394
313,0.03517626,0.4330579,0.3394478,0.192318
314,0.03858582,0.4074194,0.3437215,0.2102733
315,0.04113782,0.3940955,0.3417163,0.2230503
316,0.042898,0.388014,0.3378111,0.2312769
317,0.04401465,0.3858339,0.3341893,0.2359621
318,0.04466307,0.3855055,0.3316437,0.2381877
319,0.04500403,0.3858958,0.3302059,0.2388943
320,0.04516532,0.3864704,0.3295608,0.2388034
321,0.04523971,0.3870453,0.3292903,0.2384246
322,0.04528743,0.3876072,0.3290291,0.2380764
323,0.04534405,0.3882025,0.3285165,0.2379369
324,0.04542674,0.3888798,0.3276141,0.2380794
325,0.04516664,0.3937317,0.3244513,0.2366503
326,0.04505469,0.3967524,0.3220412,0.2361517
327,0.04503655,0.3988081,0.3199577,0.2361978
328,0.04508004,0.4003365,0.3179978,0.2365856
329,0.04515633,0.4015617,0.316147,0.2371349
330,0.04524498,0.4025898,0.314445,0.2377202
331,0.04533327,0.4034683,0.312933,0.2382655
332,0.04541407,0.4042186,0.3116361,0.2387311
333,0.04548412,0.4048532,0.3105613,0.2391014
334,0.04554318,0.4053828,0.3096937,0.2393804
335,0.04559207,0.405819,0.3090107,0.2395782
336,0.04563198,0.4061745,0.3084871,0.2397064
337,0.0459609,0.4035165,0.309237,0.2412857
338,0.04619678,0.4022458,0.3092294,0.2423281
339,0.04635708,0.4017085,0.3089809,0.2429535
340,0.0464615,0.4015469,0.3087127,0.2432789
341,0.04652621,0.4015585,0.3085193,0.2433961
342,0.04656328,0.4016334,0.3084325,0.2433707
343,0.04658116,0.4017162,0.3084555,0.2432472
344,0.04658562,0.4017812,0.3085783,0.2430549
345,0.04658061,0.4018187,0.3087873,0.2428134
346,0.04656848,0.4018269,0.3090706,0.242534
347,0.04655104,0.4018074,0.3094165,0.2422251
348,0.04652962,0.4017635,0.309813,0.2418939
349,0.03966767,0.4620009,0.2922543,0.2060771
350,0.03593946,0.4795533,0.2974092,0.187098
351,0.03400084,0.4829307,0.3053493,0.1777192
352,0.03294146,0.4817232,0.3123964,0.172939
353,0.03235463,0.4793716,0.3177047,0.170569
354,0.03202825,0.4770916,0.3213969,0.1694833
355,0.03184454,0.4752239,0.3238654,0.1690661
356,0.0317369,0.4737796,0.325508,0.1689756
357,0.03166782,0.4726656,0.326642,0.1690245
358,0.03161652,0.4717761,0.3274941,0.1691133
359,0.03157191,0.4710233,0.3282129,0.1691919
360,0.03152838,0.4703445,0.328889,0.1692382
361,0.03506243,0.4325477,0.3440292,0.1883607
362,0.03797052,0.4127112,0.3454966,0.2038217
363,0.04006937,0.4031067,0.3423738,0.2144501
364,0.041469,0.399244,0.3381981,0.2210889
365,0.04232651,0.3982599,0.3346618,0.2247518
366,0.04280269,0.3984852,0.3323075,0.2264046
367,0.04303426,0.3990566,0.3310747,0.2268344
368,0.04312424,0.3996066,0.3306529,0.2266163
369,0.04314443,0.4000388,0.330675,0.2261417
370,0.04314298,0.4003851,0.3308029,0.2256689
371,0.04314984,0.40072,0.3307752,0.225355
372,0.04318153,0.4011144,0.330422,0.2252821
373,0.04371608,0.3967671,0.3316599,0.2278569
374,0.04414272,0.3949625,0.3309908,0.229904
375,0.04448206,0.3945499,0.329419,0.231549
376,0.044758,0.3949002,0.327423,0.2329188
377,0.04498822,0.3956424,0.3252725,0.2340969
378,0.04518376,0.3965582,0.3231314,0.2351266
379,0.04535101,0.3975193,0.3211046,0.2360252
380,0.04549384,0.3984508,0.3192564,0.2367991
381,0.04561495,0.3993108,0.3176222,0.237452
382,0.0457164,0.4000784,0.3162174,0.2379877
383,0.04580044,0.4007459,0.3150394,0.2384143
384,0.0458694,0.4013147,0.3140728,0.2387432
385,0.04603091,0.4010529,0.3133454,0.2395709
386,0.04615593,0.4011283,0.3125355,0.2401803
387,0.0462436,0.4013456,0.3118483,0.2405626
388,0.04630389,0.4016003,0.3113155,0.2407803
389,0.0463442,0.4018411,0.3109365,0.2408782
390,0.04636962,0.4020457,0.3106981,0.2408865
391,0.04638351,0.4022069,0.3105851,0.2408245
392,0.04638791,0.4023242,0.3105849,0.2407031
393,0.046384,0.4023992,0.3106885,0.2405283
394,0.04637283,0.4024352,0.3108859,0.240306
395,0.04635518,0.4024356,0.3111687,0.2400405
396,0.04633162,0.4024037,0.3115295,0.2397353
397,0.04746506,0.393833,0.3129885,0.2457135
398,0.04834076,0.3897845,0.3116193,0.2502555
399,0.04890494,0.3881696,0.3099502,0.2529753
400,0.04925,0.3877815,0.3085032,0.2544653
401,0.0494459,0.3879367,0.3074712,0.2551463
402,0.04954509,0.3882739,0.30686,0.255321
403,0.04958507,0.3886219,0.3065931,0.2551999
404,0.0495916,0.3889156,0.3065689,0.2549239
405,0.04958175,0.389144,0.3066889,0.2545853
406,0.04956628,0.3893199,0.306873,0.2542409
407,0.04955179,0.3894638,0.3070593,0.2539253
408,0.04954213,0.3895956,0.3072042,0.2536581
409,0.04449135,0.4349923,0.2926165,0.2278999
410,0.04149069,0.452163,0.2932648,0.2130815
411,0.03982203,0.4577651,0.2971499,0.205263
412,0.03888109,0.4587837,0.3011773,0.2011579
413,0.03835315,0.4581553,0.3044005,0.199091
414,0.03806038,0.4571032,0.3067033,0.1981332
415,0.03789938,0.4560923,0.3082517,0.1977565
416,0.03780973,0.4552586,0.3092705,0.1976612
417,0.03775636,0.4546048,0.3099586,0.1976802
418,0.03771939,0.4540902,0.3104665,0.1977239
419,0.03768785,0.453668,0.3108975,0.1977467
420,0.03765596,0.4532994,0.311317,0.1977276
421,0.03785306,0.4502825,0.3130586,0.1988059
422,0.03796555,0.4486755,0.3139741,0.1993849
423,0.03802139,0.4477741,0.3145533,0.1996512
424,0.03803432,0.4472177,0.3150674,0.1996806
425,0.03801835,0.4468158,0.3156124,0.1995533
426,0.03798461,0.4464773,0.3162055,0.1993325
427,0.03794141,0.4461651,0.3168277,0.1990658
428,0.03789493,0.4458701,0.3174461,0.198789
429,0.03784996,0.4455965,0.318023,0.1985306
430,0.03781022,0.4453542,0.3185218,0.1983137
431,0.03777853,0.4451541,0.3189108,0.1981565
432,0.03775686,0.4450055,0.3191661,0.1980715
433,0.04057435,0.4141165,0.3330341,0.212275
434,0.04268159,0.3973567,0.337625,0.2223367
435,0.04419466,0.3887519,0.3378523,0.2292012
436,0.04519836,0.3847578,0.3366373,0.2334066
437,0.04583206,0.3832197,0.3351654,0.2357828
438,0.04622673,0.3829071,0.3337961,0.23707
439,0.0464868,0.3831776,0.3325011,0.2378345
440,0.04668647,0.3837337,0.3311156,0.2384642
441,0.04687199,0.384457,0.3294834,0.2391876
442,0.04706435,0.3853022,0.3275451,0.2400883
443,0.04726739,0.3862414,0.3253379,0.2411532
444,0.04747428,0.3872402,0.3229761,0.2423095
445,0.04758507,0.3863579,0.323478,0.2425791
446,0.04761199,0.3857923,0.3242428,0.2423529
447,0.0476497,0.3854159,0.3246696,0.2422648
448,0.04769032,0.3851783,0.3248867,0.2422447
449,0.04773257,0.3850406,0.3249542,0.2422726
450,0.04777563,0.3849752,0.3249145,0.2423346
451,0.04781866,0.3849616,0.3248005,0.2424191
452,0.04786072,0.3849848,0.3246393,0.2425151
453,0.04790087,0.3850324,0.3244539,0.2426128
454,0.0479387,0.3850952,0.324259,0.2427071
455,0.04797392,0.3851667,0.3240655,0.2427938
456,0.04800631,0.3852419,0.3238818,0.24287
457,0.04784236,0.3917261,0.3176836,0.2427479
458,0.04792979,0.3962588,0.3116715,0.24414
459,0.04796166,0.3994085,0.3076614,0.2449685
460,0.04795935,0.4015754,0.305062,0.2454033
461,0.04793946,0.4030252,0.3034475,0.2455878
462,0.04791181,0.4039599,0.3025115,0.2456169
463,0.04788069,0.4045321,0.3020434,0.2455437
464,0.04784719,0.4048529,0.301905,0.2453949
465,0.04781073,0.405,0.3020078,0.2451814
466,0.04777024,0.4050261,0.3022963,0.2449073
467,0.04772455,0.4049656,0.3027365,0.2445733
468,0.0476721,0.4048377,0.3033151,0.244175
469,0.04228053,0.4517843,0.28934,0.2165953
470,0.0391448,0.4676697,0.2921988,0.2009867
471,0.03741448,0.4717122,0.2980982,0.1927751
472,0.03642897,0.471401,0.3037968,0.1883733
473,0.03585993,0.4697295,0.3083722,0.1860384
474,0.03552737,0.4678754,0.3117634,0.1848339
475,0.03532817,0.466243,0.3141948,0.184234
476,0.03520246,0.4649153,0.3159408,0.1839415
477,0.03511583,0.4638572,0.3172362,0.1837909
478,0.03504876,0.4630002,0.3182582,0.1836928
479,0.03499092,0.4622817,0.3191233,0.1836041
480,0.03493725,0.4616548,0.3199004,0.1835075
481,0.03854885,0.4258672,0.3329113,0.2026727
482,0.04151267,0.4068311,0.3335279,0.2181283
483,0.04364969,0.3975097,0.3300891,0.2287515
484,0.04508943,0.3937407,0.325673,0.2354969
485,0.04598849,0.3928492,0.3218124,0.23935
486,0.04650489,0.3932391,0.3190184,0.2412377
487,0.04677314,0.3940494,0.3172617,0.2419158
488,0.04689552,0.3948824,0.316281,0.2419411
489,0.04694432,0.3956032,0.3157548,0.2416977
490,0.04696636,0.3962063,0.3154012,0.2414262
491,0.04699023,0.3967354,0.3150064,0.2412681
492,0.04703123,0.3972408,0.3144352,0.2412928
493,0.04402818,0.4263235,0.3036122,0.2260361
494,0.04216487,0.438752,0.3021347,0.2169484
495,0.04109979,0.4437093,0.303097,0.2120938
496,0.04051012,0.4453831,0.3044213,0.2096855
497,0.04019979,0.4457036,0.3054402,0.2086564
498,0.04004895,0.4455374,0.3060472,0.2083664
499,0.0399851,0.44525,0.306326,0.2084389
500,0.03996526,0.4449759,0.3063993,0.2086595
501,0.03996478,0.444749,0.3063739,0.2089124
502,0.03997023,0.4445637,0.3063256,0.2091405
503,0.03997456,0.4444038,0.3063037,0.209318
504,0.03997437,0.4442527,0.306337,0.2094359
505,0.04281285,0.4163994,0.3166527,0.2241351
506,0.04502642,0.4015335,0.3181738,0.2352663
507,0.04659921,0.3941189,0.3164819,0.2428001
508,0.04764351,0.3909258,0.3139553,0.2474754
509,0.04828759,0.3899355,0.3117172,0.2500597
510,0.04865044,0.3899559,0.310166,0.2512276
511,0.04882891,0.3903382,0.3093249,0.2515079
512,0.04889546,0.3907703,0.3090485,0.2512857
513,0.04890139,0.3911328,0.3091381,0.2508278
514,0.04888088,0.3914066,0.3094051,0.2503075
515,0.04885636,0.3916162,0.3096901,0.2498374
516,0.0488418,0.3917999,0.3098727,0.2494857
517,0.04459387,0.4304742,0.2970738,0.2278581
518,0.04201957,0.4457655,0.2970259,0.215189
519,0.04057588,0.4511342,0.299809,0.208481
520,0.03977209,0.4524352,0.3027393,0.2050534
521,0.03933728,0.4522138,0.3049936,0.2034553
522,0.0391126,0.4515549,0.3064839,0.2028487
523,0.03900392,0.4508821,0.3073657,0.2027483
524,0.03895589,0.4503267,0.3078405,0.202877
525,0.03893657,0.4498993,0.3080822,0.2030819
526,0.03892822,0.4495695,0.3082187,0.2032835
527,0.03892136,0.4492998,0.3083352,0.2034437
528,0.03891123,0.4490586,0.3084837,0.2035465
529,0.04086545,0.4292786,0.3161767,0.2136792
530,0.04232061,0.4192804,0.317403,0.2209961
531,0.04330633,0.4146025,0.3163881,0.225703
532,0.04392691,0.4127451,0.3148836,0.2284444
533,0.04428412,0.4122379,0.3136672,0.2298108
534,0.04446335,0.4122743,0.3129842,0.2302781
535,0.04452948,0.412453,0.3128195,0.230198
536,0.04452885,0.4126047,0.3130504,0.2298161
537,0.04449354,0.412683,0.3135231,0.2293003
538,0.04444503,0.412699,0.3140934,0.2287626
539,0.04439778,0.4126857,0.3146382,0.2282782
540,0.04436128,0.4126795,0.3150621,0.2278971
541,0.04645617,0.3934189,0.3216887,0.2384362
542,0.04809561,0.3833157,0.3221026,0.2464859
543,0.0492505,0.3784374,0.3204227,0.2518895
544,0.05003875,0.376502,0.3180677,0.2553916
545,0.05056626,0.3761244,0.3157029,0.2576064
546,0.05092242,0.3765031,0.3135468,0.2590276
547,0.05117375,0.3772034,0.3116172,0.2600057
548,0.05136439,0.3780061,0.3098692,0.2607602
549,0.05152062,0.3788089,0.3082606,0.2614098
550,0.05165641,0.3795671,0.3067694,0.2620071
551,0.05177807,0.3802625,0.3053939,0.2625656
552,0.05188777,0.3808877,0.3041444,0.2630802
553,0.05151827,0.3851456,0.3022146,0.2611216
554,0.05125711,0.3873939,0.3016046,0.2597444
555,0.05110648,0.3885363,0.3013886,0.2589687
556,0.05102754,0.3890929,0.3013172,0.2585623
557,0.05099285,0.3893528,0.3012844,0.25837
558,0.05098308,0.3894705,0.3012598,0.2582866
559,0.05098537,0.3895246,0.3012446,0.2582454
560,0.05099157,0.3895515,0.3012516,0.2582053
561,0.05099671,0.389566,0.3012944,0.2581428
562,0.05099807,0.3895725,0.3013832,0.2580461
563,0.05099421,0.3895713,0.3015246,0.2579099
564,0.05098458,0.389561,0.3017214,0.2577331
565,0.04839196,0.4126394,0.2942586,0.24471
566,0.0466685,0.4229737,0.2940623,0.2362955
567,0.04560706,0.4270912,0.2959902,0.2313115
568,0.04496201,0.4283134,0.2983038,0.2284208
569,0.04457352,0.4282908,0.3003618,0.2267739
570,0.04433942,0.4278133,0.3020064,0.2258409
571,0.04419544,0.427234,0.3032733,0.2252973
572,0.04410172,0.4266917,0.304258,0.2249486
573,0.04403422,0.4262249,0.3050584,0.2246825
574,0.0439789,0.4258307,0.3057535,0.2244369
575,0.04392794,0.4254926,0.3063986,0.2241808
576,0.0438774,0.4251935,0.3070277,0.2239014
577,0.04355279,0.4276507,0.3065432,0.2222533
578,0.04332186,0.4287581,0.3068015,0.2211185
579,0.04315206,0.4291728,0.3073883,0.2202869
580,0.04302819,0.4292428,0.3080465,0.2196826
581,0.04293598,0.4291599,0.3086726,0.2192315
582,0.04286566,0.4290236,0.3092255,0.2188852
583,0.04281111,0.4288829,0.3096903,0.2186157
584,0.04276878,0.4287608,0.3100623,0.2184082
585,0.04273678,0.4286673,0.3103393,0.2182566
586,0.04271431,0.4286067,0.3105187,0.2181602
587,0.04270091,0.4285809,0.3105992,0.218119
588,0.04269613,0.4285893,0.3105822,0.2181324
589,0.0429139,0.4269333,0.3108261,0.2193265
590,0.04308015,0.426295,0.3103731,0.2202517
591,0.04319265,0.426162,0.3097655,0.2208799
592,0.04327218,0.4262645,0.3091267,0.2213367
593,0.04333039,0.4264614,0.308522,0.2216863
594,0.04337503,0.4266811,0.3079748,0.221969
595,0.0434109,0.4268893,0.3074913,0.2222085
596,0.04344076,0.4270709,0.3070712,0.2224171
597,0.04346608,0.4272206,0.3067134,0.2225999
598,0.04348757,0.4273373,0.306416,0.2227592
599,0.04350551,0.4274222,0.3061776,0.2228947
600,0.04351998,0.4274774,0.3059967,0.2230058
601,0.04200944,0.4416488,0.300938,0.2154037
602,0.04101637,0.4475401,0.3008826,0.2105609
603,0.04041015,0.4495983,0.3022312,0.2077604
604,0.04004702,0.4499389,0.3038116,0.2062024
605,0.03983339,0.4495916,0.3051937,0.2053813
606,0.03970869,0.4490325,0.3062816,0.2049772
607,0.03963467,0.4484614,0.3071107,0.2047933
608,0.03958769,0.4479467,0.3077538,0.2047117
609,0.03955361,0.4474992,0.3082828,0.2046644
610,0.03952432,0.4471076,0.3087534,0.2046147
611,0.03949545,0.4467561,0.309204,0.2045445
612,0.03946481,0.4464303,0.3096584,0.2044466
613,0.04106374,0.4298563,0.3165124,0.2125675
614,0.04222292,0.4215291,0.3180107,0.2182373
615,0.0429918,0.417631,0.3175907,0.2217865
616,0.04346219,0.4160477,0.3167268,0.2237633
617,0.04372407,0.4155632,0.3160316,0.2246811
618,0.04385178,0.4155286,0.3156691,0.2249506
619,0.04390113,0.415634,0.3155923,0.2248725
620,0.0439115,0.4157583,0.3156749,0.2246553
621,0.04390939,0.4158757,0.3157779,0.224437
622,0.04391087,0.4160005,0.3157901,0.2242986
623,0.04392484,0.4161568,0.3156359,0.2242824
624,0.04395493,0.4163648,0.3152786,0.2244017
625,0.04382328,0.4180642,0.3143939,0.2237187
626,0.04375379,0.4190122,0.3138292,0.2234048
627,0.04374349,0.4196115,0.3131991,0.2234458
628,0.04376891,0.4200595,0.3124776,0.2236939
629,0.04381482,0.4204422,0.3116873,0.2240557
630,0.04387011,0.4207895,0.3108777,0.2244628
631,0.04392702,0.4211047,0.3101006,0.2248676
632,0.04398074,0.4213821,0.3093967,0.2252406
633,0.04402851,0.4216147,0.3087915,0.2255652
634,0.04406841,0.4217981,0.3083036,0.2258299
635,0.04409964,0.4219306,0.3079392,0.2260306
636,0.0441221,0.4220137,0.3076968,0.2261673
637,0.04642135,0.4010251,0.3147286,0.2378249
638,0.04819696,0.3898814,0.3153513,0.2465703
639,0.04943786,0.3843507,0.3138349,0.2523766
640,0.05025357,0.3819772,0.3118365,0.2559327
641,0.0507549,0.3812466,0.3101154,0.257883
642,0.05103941,0.3812746,0.3089176,0.2587684
643,0.05118397,0.381583,0.3082324,0.2590006
644,0.05124445,0.3819418,0.3079444,0.2588694
645,0.05125908,0.3822601,0.3079136,0.2585672
646,0.05125349,0.3825196,0.3080065,0.2582205
647,0.05124386,0.3827339,0.3081155,0.2579067
648,0.05123991,0.3829274,0.3081621,0.2576706
649,0.04779222,0.4132313,0.2986685,0.2403079
650,0.04558612,0.4261822,0.2986981,0.2295336
651,0.04431209,0.4311648,0.3008797,0.2236434
652,0.0435898,0.4326788,0.3031746,0.2205568
653,0.0431959,0.4327967,0.3049247,0.2190827
654,0.04299339,0.4324469,0.3060564,0.2185033
655,0.04289839,0.432014,0.3066989,0.2183887
656,0.04286021,0.4316315,0.3070217,0.2184866
657,0.04284883,0.4313247,0.307173,0.2186535
658,0.04284688,0.4310786,0.3072634,0.2188111
659,0.0428448,0.4308684,0.3073666,0.2189203
660,0.04283765,0.4306718,0.3075269,0.2189637
661,0.04354279,0.4246184,0.3091371,0.2227017
662,0.04405136,0.4218306,0.3087661,0.2253519
663,0.0443618,0.42069,0.3080738,0.2268744
664,0.0445358,0.4203292,0.3074883,0.2276467
665,0.04461676,0.4202826,0.3071828,0.2279179
666,0.04463638,0.4203171,0.3071822,0.2278644
667,0.04461712,0.4203298,0.3074445,0.2276085
668,0.04457449,0.420287,0.3079044,0.2272341
669,0.04451932,0.4201888,0.3084922,0.2267997
670,0.04445952,0.4200505,0.3091408,0.2263492
671,0.04440102,0.4198928,0.3097891,0.2259171
672,0.04434847,0.4197372,0.3103831,0.2255312
673,0.04319073,0.4293179,0.3079519,0.2195394
674,0.04239996,0.4332823,0.3087951,0.2155226
675,0.04192777,0.4346557,0.3101644,0.2132521
676,0.04165554,0.4349242,0.3113759,0.2120444
677,0.04151238,0.434802,0.3121731,0.2115125
678,0.0414502,0.434611,0.3125417,0.2113971
679,0.0414369,0.4344741,0.3125618,0.2115272
680,0.04145161,0.4344198,0.3123366,0.211792
681,0.04148104,0.4344367,0.3119611,0.2121212
682,0.04151617,0.4344985,0.311519,0.2124663
683,0.04155143,0.4345789,0.3110728,0.2127968
684,0.04158341,0.4346562,0.3106663,0.2130941
685,0.04231305,0.4278109,0.3130169,0.2168591
686,0.04283402,0.4245337,0.313156,0.2194763
687,0.04317918,0.423095,0.3125785,0.2211474
688,0.04339464,0.4225752,0.311894,0.2221362
689,0.0435204,0.4224661,0.3113487,0.2226647
690,0.04358709,0.4225056,0.3110091,0.2228983
691,0.04361644,0.4225708,0.3108614,0.2229514
692,0.04362313,0.4226137,0.3108638,0.2228995
693,0.04361661,0.4226221,0.3109713,0.22279
694,0.04360339,0.4226007,0.3111402,0.2226558
695,0.04358762,0.4225601,0.3113346,0.2225178
696,0.04357201,0.4225115,0.3115268,0.2223897
697,0.03788284,0.4763405,0.2919285,0.1938481
698,0.0348082,0.4932716,0.2928991,0.1790211
699,0.03315518,0.4973114,0.2979993,0.1715341
700,0.03224133,0.496794,0.3031901,0.1677747
701,0.03173364,0.494938,0.3073245,0.1660038
702,0.03145181,0.4929557,0.3103005,0.165292
703,0.03129409,0.4912363,0.3123456,0.165124
704,0.03120221,0.4898423,0.3137438,0.1652118
705,0.03114287,0.4887213,0.3147402,0.1653956
706,0.03109726,0.4877944,0.3155192,0.1655891
707,0.03105495,0.4869902,0.3162077,0.1657472
708,0.03101034,0.4862534,0.3168893,0.165847
709,0.03348122,0.4583377,0.3290833,0.1790979
710,0.03534626,0.4446376,0.3311671,0.188849
711,0.03660267,0.4385693,0.3297349,0.1950931
712,0.03736887,0.4363834,0.3276468,0.1986009
713,0.03777507,0.4358903,0.3261804,0.2001543
714,0.03793659,0.4359158,0.3257322,0.2004155
715,0.03792754,0.4358009,0.3265057,0.1997658
716,0.03758097,0.4338686,0.3316958,0.1968546
717,0.03767021,0.4339459,0.3311615,0.1972224
718,0.03757555,0.4338485,0.3321807,0.1963952
719,0.03714062,0.4325395,0.3370187,0.1933012
720,0.0376085,0.4330981,0.3329117,0.1963817
721,0.03811954,0.4299987,0.3326969,0.1991848
722,0.03856007,0.4292924,0.3304411,0.2017063
723,0.03891321,0.4297946,0.3274902,0.203802
724,0.03920203,0.4308969,0.3243086,0.2055925
725,0.03944837,0.432261,0.3210967,0.207194
726,0.03965536,0.4336755,0.3180726,0.2085966
727,0.03982369,0.4349952,0.315405,0.2097761
728,0.03995596,0.4361211,0.3131981,0.2107248
729,0.04005684,0.4369968,0.3114912,0.2114552
730,0.04013199,0.4376067,0.310268,0.2119934
731,0.04018601,0.4379697,0.3094792,0.212365
732,0.04022219,0.4381273,0.3090578,0.2125928
733,0.04020485,0.4387648,0.3084912,0.2125392
734,0.04018861,0.4390486,0.3082959,0.212467
735,0.04016608,0.4391055,0.3084052,0.2123233
736,0.04013881,0.4390207,0.3087145,0.212126
737,0.04010634,0.4388493,0.309167,0.2118774
738,0.04006808,0.4386246,0.3097292,0.211578
739,0.04002373,0.4383669,0.3103802,0.2112292
740,0.03997358,0.4380881,0.3111028,0.2108355
741,0.03991831,0.4377968,0.3118814,0.2104035
742,0.03985896,0.437499,0.3127002,0.2099418
743,0.03979697,0.4372008,0.3135406,0.2094616
744,0.03973427,0.4369086,0.3143804,0.2089767
745,0.04133087,0.4198756,0.3217943,0.2169993
746,0.04248657,0.4112144,0.3237747,0.2225244
747,0.04325498,0.4070987,0.3237158,0.2259305
748,0.04372825,0.4053926,0.3231007,0.2277784
749,0.04400221,0.4048682,0.3225006,0.228629
750,0.04415718,0.4048775,0.3220272,0.2289381
751,0.04425316,0.4051201,0.3215888,0.2290379
752,0.04433017,0.4054834,0.3210427,0.2291437
753,0.04441091,0.4059416,0.3202772,0.2293702
754,0.044506,0.406498,0.3192324,0.2297636
755,0.04461666,0.4071553,0.3179128,0.2303153
756,0.04473846,0.4079025,0.3163754,0.2309836
757,0.03983734,0.4568714,0.2970678,0.2062235
758,0.03705996,0.47461,0.295569,0.192761
759,0.03553393,0.4803113,0.2983223,0.1858324
760,0.03468289,0.4813063,0.3016819,0.182329
761,0.03421024,0.4805988,0.3045183,0.1806727
762,0.03395208,0.479405,0.3066363,0.1800066
763,0.03381413,0.4781822,0.3081547,0.179849
764,0.03374087,0.4770752,0.3092586,0.1799253
765,0.03369936,0.4761081,0.3101126,0.18008
766,0.03367002,0.475261,0.3108436,0.1802253
767,0.0336416,0.4745023,0.3115414,0.1803147
768,0.03360777,0.4738,0.3122683,0.1803239
769,0.0349629,0.4581033,0.3193895,0.1875443
770,0.03590576,0.4505452,0.3211726,0.1923765
771,0.03649507,0.4471246,0.3211869,0.1951934
772,0.03681527,0.4456879,0.3209894,0.1965074
773,0.0369438,0.4450512,0.3212357,0.1967693
774,0.03694239,0.4446119,0.3221171,0.1963286
775,0.03685562,0.4440835,0.3236311,0.1954297
776,0.03668226,0.443132,0.3261905,0.1939953
777,0.03627582,0.4405289,0.3322929,0.1909024
778,0.03631262,0.4401091,0.3325204,0.1910579
779,0.03607734,0.4392133,0.3353621,0.1893473
780,0.03573361,0.4375577,0.3397853,0.1869234
781,0.03421089,0.4595305,0.3263831,0.1798755
782,0.03308459,0.4685618,0.3238011,0.1745525
783,0.03252202,0.4723893,0.3226952,0.1723935
784,0.03223481,0.474107,0.3219893,0.1716689
785,0.03211056,0.4750224,0.3210982,0.1717688
786,0.03207839,0.4756642,0.3199517,0.1723057
787,0.03209211,0.4761972,0.3186874,0.1730233
788,0.03212392,0.4766263,0.3174846,0.173765
789,0.03215944,0.4769054,0.3164845,0.1744506
790,0.03219156,0.476995,0.3157721,0.1750414
791,0.03221671,0.476891,0.3153703,0.175522
792,0.03223225,0.476623,0.3152599,0.1758848
793,0.03218533,0.4768865,0.3150588,0.1758694
794,0.03214332,0.4766785,0.3153471,0.1758311
795,0.03210051,0.4762399,0.3159149,0.1757447
796,0.03205321,0.4756835,0.3166679,0.1755954
797,0.03199884,0.4750644,0.3175637,0.175373
798,0.03193583,0.4744071,0.3185853,0.1750718
799,0.03186342,0.4737204,0.3197258,0.1746903
800,0.03178163,0.4730067,0.3209806,0.1742311
801,0.03169132,0.4722665,0.3223397,0.1737024
802,0.03159402,0.4714983,0.3237912,0.1731165
803,0.03148864,0.4706723,0.3253754,0.1724636
804,0.03115479,0.4679349,0.3308796,0.1700307
805,0.03307533,0.4464899,0.3399642,0.1804705
806,0.03440754,0.436101,0.3421836,0.1873078
807,0.0348653,0.4300842,0.3465503,0.1885002
808,0.03575059,0.4288025,0.3421578,0.1932892
809,0.03564311,0.4273194,0.3455678,0.1914698
810,0.03624486,0.4281576,0.3406605,0.194937
811,0.03611482,0.4282921,0.3420729,0.1935202
812,0.03679241,0.4303017,0.3349577,0.1979482
813,0.03704441,0.4324224,0.3309889,0.1995442
814,0.03726094,0.434438,0.3273182,0.2009829
815,0.03744949,0.4363149,0.3239493,0.2022863
816,0.03761183,0.4380268,0.3209174,0.2034439
817,0.03758797,0.4410971,0.3177436,0.2035714
818,0.03758493,0.4430669,0.3155622,0.203786
819,0.03759653,0.4443763,0.3139832,0.2040439
820,0.03761352,0.445246,0.312857,0.2042836
821,0.03763095,0.4457964,0.3120977,0.204475
822,0.037646,0.4460998,0.3116507,0.2046035
823,0.03765676,0.4462079,0.3114735,0.2046618
824,0.0376617,0.4461651,0.3115272,0.2046461
825,0.03765936,0.4460109,0.3117763,0.2045533
826,0.03764844,0.4457786,0.3121914,0.2043816
827,0.03762798,0.4454932,0.3127486,0.2041302
828,0.03759772,0.4451718,0.3134284,0.2038021
829,0.03502908,0.4707729,0.3042246,0.1899734
830,0.03346492,0.4797257,0.3050363,0.1817731
831,0.03254043,0.4819821,0.3083622,0.1771152
832,0.03198928,0.4816315,0.3119064,0.1744728
833,0.03165768,0.4804429,0.3149161,0.1729833
834,0.03145382,0.4791378,0.3172678,0.1721406
835,0.03132273,0.4779686,0.3190612,0.1716475
836,0.03123187,0.4769892,0.3204458,0.1713331
837,0.03116251,0.4761796,0.3215554,0.1711024
838,0.03110434,0.4755008,0.3224883,0.1709065
839,0.03105223,0.4749173,0.3233063,0.1707243
840,0.03100414,0.4744044,0.3240402,0.1705513
841,0.03215393,0.4603558,0.3307084,0.1767819
842,0.03295152,0.453851,0.3322541,0.1809435
843,0.03346718,0.4511382,0.3318971,0.1834975
844,0.03377543,0.4502299,0.3310946,0.1849002
845,0.03394935,0.4500931,0.3303659,0.1855917
846,0.03404583,0.4502463,0.3298002,0.1859077
847,0.03410468,0.4505034,0.3293135,0.1860784
848,0.03415088,0.4508165,0.3287881,0.1862445
849,0.03419762,0.4511855,0.328142,0.1864749
850,0.03425016,0.4516153,0.3273443,0.1867902
851,0.03430903,0.4521018,0.3264062,0.1871829
852,0.03437269,0.4526322,0.3253613,0.1876338
853,0.03419464,0.455906,0.3230736,0.1868258
854,0.03409727,0.4576187,0.3217938,0.1864901
855,0.03405609,0.4585786,0.3208948,0.1864705
856,0.03405039,0.4591582,0.3201528,0.1866387
857,0.03406427,0.4595329,0.319506,0.1868968
858,0.03408704,0.4597798,0.3189535,0.1871797
859,0.03411182,0.4599319,0.3185098,0.1874465
860,0.03413434,0.4600051,0.3181874,0.1876731
861,0.03415189,0.4600109,0.3179919,0.1878453
862,0.03416305,0.4599601,0.3179198,0.1879571
863,0.03416706,0.4598631,0.3179629,0.188007
864,0.03416367,0.4597293,0.3181111,0.187996
865,0.034198,0.4590957,0.3185346,0.1881716
866,0.03421078,0.4587089,0.3188725,0.1882078
867,0.03420565,0.4584311,0.3192344,0.1881288
868,0.03418703,0.4581957,0.3196546,0.1879627
869,0.03415836,0.4579708,0.320139,0.1877319
870,0.03412249,0.4577436,0.3206797,0.1874543
871,0.03408182,0.457511,0.3212617,0.1871454
872,0.03403855,0.4572756,0.3218656,0.1868202
