EwEVersion,"6.5.13829.0 (compiled 2016-05-17)"
Date,"2016-09-06 18:00:37"
ModelName,Baltic_Proper-SEALS
EcosimScenario,Proper1_SealVuln100_19742100_seal100_cofF1
TimeSeries,new_data_weights_19742100_seal100_codF1
StartYear,1974

Data,"Prey of Acartia sp"

TimeStep,"Cyanobacteria","Phytoplankton","microzooplankton","Detritus-water column",
1,0.04394565,0.4587057,0.1890948,0.3082538
2,0.04065174,0.4814015,0.1915262,0.2864206
3,0.03890169,0.4892607,0.1962595,0.2755781
4,0.03794188,0.4911174,0.2007448,0.2701958
5,0.0374104,0.4906536,0.2042704,0.2676655
6,0.03711492,0.4894504,0.206808,0.2666267
7,0.03694871,0.4881553,0.2085525,0.2663436
8,0.03685172,0.4869973,0.2097357,0.2664154
9,0.03679014,0.4860257,0.2105572,0.266627
10,0.03674531,0.4852207,0.2111676,0.2668664
11,0.03670709,0.4845434,0.2116713,0.2670781
12,0.03667014,0.4839561,0.212137,0.2672368
13,0.03723703,0.47719,0.213836,0.271737
14,0.03760064,0.4737921,0.2139589,0.2746484
15,0.03780521,0.4721584,0.2137521,0.2762842
16,0.03790588,0.4713916,0.2135983,0.2771041
17,0.03794045,0.4710136,0.213635,0.277411
18,0.03793459,0.4707833,0.2138752,0.277407
19,0.0379053,0.4705904,0.2142792,0.2772252
20,0.03786375,0.4703922,0.2147903,0.2769538
21,0.03781743,0.4701794,0.2153495,0.2766536
22,0.03777155,0.4699568,0.2159024,0.2763692
23,0.03772984,0.4697342,0.2164015,0.2761345
24,0.03769502,0.4695218,0.2168079,0.2759753
25,0.03426526,0.5040089,0.2107146,0.2510113
26,0.03236579,0.5160368,0.2140065,0.2375909
27,0.03137812,0.5193012,0.2180539,0.2312668
28,0.03084611,0.5193328,0.2214599,0.2283612
29,0.03056454,0.5183072,0.2238341,0.2272941
30,0.03041968,0.5170907,0.2252951,0.2271946
31,0.03034733,0.5159851,0.2260927,0.2275748
32,0.03031154,0.5150591,0.2264635,0.2281659
33,0.03029262,0.5142942,0.2265885,0.2288246
34,0.03027974,0.5136489,0.2265972,0.2294741
35,0.03026743,0.5130825,0.226572,0.2300782
36,0.03025313,0.5125633,0.2265615,0.230622
37,0.03094405,0.5038384,0.2288121,0.2364055
38,0.03138728,0.4996699,0.2287515,0.2401912
39,0.03164776,0.4977755,0.2280981,0.2424786
40,0.03178926,0.4969531,0.2274488,0.2438088
41,0.03185616,0.4965828,0.227014,0.244547
42,0.03187811,0.4963668,0.2268226,0.2449326
43,0.03187414,0.4961761,0.2268328,0.2451169
44,0.03185602,0.495965,0.2269864,0.2451926
45,0.0318309,0.4957247,0.2272288,0.2452156
46,0.03180355,0.4954617,0.22751,0.2452248
47,0.03177688,0.495187,0.2277914,0.2452447
48,0.03175272,0.494911,0.2280445,0.2452917
49,0.03247745,0.4859544,0.2305451,0.2510231
50,0.03295469,0.48169,0.2305834,0.2547719
51,0.03324689,0.4798282,0.2298992,0.2570257
52,0.03342063,0.4791375,0.2290812,0.2583606
53,0.0335222,0.4789712,0.2283447,0.2591618
54,0.03358248,0.4790098,0.2277284,0.2596793
55,0.03362081,0.4791077,0.2272067,0.2600648
56,0.0336486,0.479207,0.2267407,0.2604037
57,0.03367213,0.4792896,0.2262989,0.2607393
58,0.03369404,0.4793537,0.2258677,0.2610846
59,0.03371528,0.4794017,0.2254436,0.2614395
60,0.0337359,0.4794365,0.22503,0.2617976
61,0.03403205,0.4756459,0.2262464,0.2640757
62,0.03421653,0.4737742,0.2265789,0.2654304
63,0.03434255,0.4728589,0.2264213,0.2663772
64,0.03442528,0.4724514,0.226107,0.2670163
65,0.03447981,0.4722949,0.2257632,0.2674622
66,0.03451666,0.4722536,0.2254368,0.2677929
67,0.03454266,0.4722598,0.2251405,0.2680571
68,0.03456198,0.4722808,0.2248749,0.2682823
69,0.03457702,0.4723022,0.2246384,0.2684824
70,0.03458934,0.4723182,0.2244262,0.2686663
71,0.03459974,0.4723272,0.2242355,0.2688375
72,0.0346086,0.4723294,0.2240653,0.2689967
73,0.03262585,0.4942941,0.2193491,0.253731
74,0.03146603,0.5027468,0.2207093,0.2450779
75,0.03081843,0.5054563,0.2231152,0.24061
76,0.03045456,0.5058123,0.2253386,0.2383945
77,0.03025031,0.5053021,0.2270411,0.2374064
78,0.03013469,0.5045592,0.228238,0.2370681
79,0.03006675,0.5038275,0.2290534,0.2370524
80,0.03002316,0.5031803,0.2296201,0.2371765
81,0.02999083,0.5026217,0.2300463,0.2373412
82,0.02996263,0.5021331,0.2304095,0.2374947
83,0.02993486,0.5016928,0.2307602,0.2376121
84,0.02990571,0.5012829,0.2311281,0.2376832
85,0.02994863,0.500933,0.2305879,0.2385304
86,0.0299815,0.5007853,0.2299438,0.2392894
87,0.02997912,0.5007199,0.2296602,0.2396408
88,0.02996028,0.5006287,0.2296225,0.2397886
89,0.02993155,0.5004871,0.2297792,0.2398023
90,0.02989605,0.500297,0.2300906,0.2397164
91,0.02985552,0.5000682,0.2305242,0.239552
92,0.02981114,0.499812,0.2310522,0.2393246
93,0.02976395,0.4995385,0.2316494,0.2390482
94,0.02971507,0.4992559,0.2322905,0.2387386
95,0.02966595,0.4989716,0.2329481,0.2384144
96,0.02961832,0.4986922,0.2335917,0.2380978
97,0.0291209,0.5041299,0.2324661,0.2342831
98,0.02881162,0.5062944,0.2328281,0.2320659
99,0.02862099,0.5069795,0.2335572,0.2308423
100,0.02850849,0.5070237,0.234192,0.2302758
101,0.02844643,0.5068311,0.2345869,0.2301356
102,0.02841712,0.5065818,0.2347261,0.2302749
103,0.02840916,0.506346,0.2346461,0.2305987
104,0.02841505,0.5061422,0.2344002,0.2310426
105,0.02842967,0.505967,0.2340426,0.2315608
106,0.0284492,0.50581,0.2336242,0.2321166
107,0.02847075,0.5056607,0.2331878,0.2326808
108,0.02849211,0.5055108,0.2327669,0.2332302
109,0.02939289,0.4947211,0.2349527,0.2409333
110,0.03000434,0.4897247,0.2341204,0.2461506
111,0.03038483,0.4876832,0.2326201,0.2493119
112,0.03061501,0.4870412,0.2311705,0.2511733
113,0.03074966,0.4869917,0.230033,0.2522256
114,0.03082581,0.4871421,0.2292393,0.2527928
115,0.03086722,0.4873196,0.2287346,0.2530787
116,0.03088859,0.4874608,0.2284439,0.2532068
117,0.03089864,0.4875526,0.2282994,0.2532494
118,0.03090241,0.4876009,0.2282501,0.2532467
119,0.0309028,0.4876167,0.2282592,0.2532213
120,0.03090147,0.487611,0.2283013,0.2531862
121,0.03058375,0.4911259,0.2277655,0.2505249
122,0.0303775,0.4925514,0.228262,0.2488092
123,0.03025803,0.4929927,0.228872,0.2478772
124,0.0301883,0.4930175,0.2294167,0.2473776
125,0.03014807,0.4928878,0.229835,0.2471291
126,0.03012499,0.4927207,0.2301311,0.2470232
127,0.03011155,0.492563,0.2303305,0.246995
128,0.03010338,0.4924285,0.230461,0.2470072
129,0.03009798,0.4923175,0.2305456,0.2470389
130,0.03009398,0.492226,0.2306007,0.2470793
131,0.03009066,0.4921491,0.2306378,0.2471224
132,0.03008758,0.4920832,0.2306641,0.2471651
133,0.03245622,0.4607641,0.2410466,0.2657331
134,0.03410712,0.4439659,0.2441227,0.2778043
135,0.03522213,0.4355257,0.2438832,0.2853689
136,0.0359205,0.4317521,0.2428016,0.2895258
137,0.03633386,0.430389,0.2418065,0.2914706
138,0.03656865,0.4301667,0.2411319,0.2921327
139,0.03670169,0.4304277,0.240712,0.2921587
140,0.03678399,0.4308632,0.2403916,0.2919613
141,0.03684702,0.4313464,0.2400241,0.2917826
142,0.03690948,0.4318347,0.2394982,0.2917576
143,0.03698118,0.4323211,0.2387499,0.2919478
144,0.03706646,0.4328103,0.2377527,0.2923705
145,0.03392563,0.4711135,0.2270038,0.2679571
146,0.03223823,0.4863746,0.2258536,0.2555336
147,0.03135712,0.4923238,0.2266227,0.2496963
148,0.03089502,0.4943737,0.2275913,0.24714
149,0.0306543,0.4948366,0.2283037,0.2462054
150,0.0305302,0.4947129,0.2287172,0.2460396
151,0.03046653,0.4944166,0.2289086,0.2462083
152,0.03043335,0.4941018,0.228968,0.2464967
153,0.03041476,0.4938136,0.228968,0.2468036
154,0.0304024,0.4935559,0.2289586,0.2470831
155,0.03039188,0.4933197,0.228972,0.2473164
156,0.0303809,0.4930947,0.2290272,0.2474971
157,0.03591325,0.4244441,0.2478697,0.2917729
158,0.0406526,0.3798555,0.2510134,0.3284785
159,0.04437871,0.3521961,0.2476687,0.3557565
160,0.04711461,0.3361144,0.2424283,0.3743427
161,0.0489948,0.3275612,0.2376478,0.3857963
162,0.05020374,0.3236247,0.2342333,0.3919383
163,0.05092917,0.322316,0.2322779,0.3944769
164,0.05133396,0.3223678,0.2314841,0.3948141
165,0.0515448,0.3230414,0.2314225,0.3939913
166,0.05165258,0.3239493,0.2316742,0.3927239
167,0.05171857,0.3249122,0.2318972,0.391472
168,0.05178118,0.3258604,0.231853,0.3905054
169,0.04780003,0.3701906,0.222041,0.3599684
170,0.04542416,0.3920171,0.2198949,0.3426638
171,0.04434928,0.4023005,0.2170714,0.3362788
172,0.04383363,0.4077517,0.2142759,0.3341389
173,0.04357368,0.4107883,0.2120822,0.3335557
174,0.0434528,0.4125622,0.2103499,0.3336351
175,0.04340393,0.4136642,0.2090256,0.3339062
176,0.04339028,0.4144007,0.2080569,0.3341521
177,0.04339276,0.41493,0.207381,0.3342963
178,0.04340214,0.4153341,0.2069343,0.3343294
179,0.04341395,0.4156577,0.2066617,0.3342667
180,0.04342597,0.4159269,0.2065204,0.3341268
181,0.04220776,0.4297152,0.2033052,0.3247718
182,0.04142166,0.4365282,0.2032194,0.3188306
183,0.04093865,0.4397061,0.2041139,0.3152414
184,0.04064674,0.4410425,0.2052236,0.3130871
185,0.0404721,0.4414963,0.2062549,0.3117767
186,0.04036735,0.4415626,0.2071297,0.3109402
187,0.04030269,0.4414857,0.2078602,0.3103514
188,0.04025964,0.4413771,0.2084888,0.3098744
189,0.04022697,0.4412822,0.2090618,0.3094291
190,0.04019806,0.4412135,0.209618,0.3089705
191,0.040169,0.44117,0.2101873,0.3084736
192,0.04013759,0.4411464,0.2107908,0.3079252
193,0.03938427,0.4492302,0.20938,0.3020055
194,0.03888845,0.4530814,0.2099059,0.2981242
195,0.03856783,0.454784,0.2110559,0.2955923
196,0.03836002,0.4554161,0.2123172,0.2939066
197,0.03822276,0.4555539,0.2134893,0.2927341
198,0.03812899,0.4554915,0.214511,0.2918684
199,0.03806204,0.4553716,0.2153777,0.2911885
200,0.03801207,0.4552572,0.2161031,0.2906276
201,0.03797363,0.4551719,0.216702,0.2901525
202,0.037944,0.455121,0.2171839,0.2897511
203,0.03792201,0.4551025,0.217554,0.2894214
204,0.0379072,0.4551122,0.2178153,0.2891653
205,0.04102196,0.4205553,0.2261107,0.312312
206,0.04337997,0.400734,0.2266718,0.3292142
207,0.04503699,0.3900585,0.2245035,0.3404011
208,0.04614291,0.3848941,0.2216782,0.3472849
209,0.04685022,0.3828492,0.2190982,0.3512025
210,0.04729102,0.3824321,0.2170217,0.3532552
211,0.04756681,0.3827732,0.2154064,0.3542535
212,0.04774882,0.3834043,0.2141051,0.3547418
213,0.04788288,0.3840981,0.212967,0.355052
214,0.04799434,0.384764,0.2118974,0.3553441
215,0.04809593,0.3853748,0.2108496,0.3556796
216,0.04819249,0.3859303,0.2098161,0.3560611
217,0.0444019,0.4265579,0.2007575,0.3282827
218,0.04215796,0.4448633,0.2005583,0.3124205
219,0.04089731,0.452602,0.2025163,0.3039844
220,0.04019001,0.4554935,0.2047272,0.2995893
221,0.03979816,0.4562407,0.2065609,0.2974003
222,0.03958561,0.4561232,0.2078972,0.2963939
223,0.03947352,0.4557269,0.2088017,0.2959979
224,0.03941623,0.4552997,0.2093888,0.2958953
225,0.03938761,0.4549302,0.2097674,0.2959149
226,0.03937285,0.4546363,0.2100241,0.2959667
227,0.03936382,0.4544089,0.2102212,0.2960061
228,0.03935617,0.4542307,0.2104005,0.2960126
229,0.03995072,0.4470218,0.2128022,0.3002254
230,0.04033847,0.4432622,0.2136258,0.3027736
231,0.0405843,0.4413555,0.2138122,0.304248
232,0.04072959,0.4404526,0.2138425,0.3049753
233,0.04080802,0.4400587,0.2139138,0.3052195
234,0.04084403,0.4399018,0.2140857,0.3051685
235,0.04085436,0.4398416,0.2143553,0.3049488
236,0.04085008,0.4398125,0.2146947,0.3046428
237,0.04083842,0.4397883,0.2150693,0.304304
238,0.04082405,0.4397625,0.2154455,0.3039678
239,0.04081006,0.4397377,0.2157944,0.3036579
240,0.04079836,0.4397193,0.2160923,0.30339
241,0.03941545,0.4533568,0.2144177,0.29281
242,0.03852858,0.4592964,0.2160836,0.2860913
243,0.03802151,0.4614986,0.2180271,0.2824528
244,0.03773433,0.4620655,0.2196585,0.2805417
245,0.03757743,0.4619823,0.2208086,0.2796317
246,0.03749629,0.461702,0.2215129,0.2792889
247,0.03745779,0.4614145,0.2218748,0.2792529
248,0.03744205,0.4611842,0.2220039,0.2793698
249,0.03743748,0.4610203,0.2219916,0.2795506
250,0.03743787,0.4609105,0.2219018,0.2797499
251,0.03743986,0.4608384,0.2217773,0.2799444
252,0.03744184,0.4607895,0.221645,0.2801237
253,0.03701458,0.4670106,0.2183571,0.2776179
254,0.0367603,0.470175,0.2166327,0.2764321
255,0.03658446,0.471807,0.2159385,0.2756701
256,0.03647089,0.4725722,0.2156798,0.275277
257,0.0363985,0.4728763,0.2156095,0.2751157
258,0.03635172,0.4729447,0.2156204,0.2750832
259,0.03632017,0.4728971,0.2156696,0.2751132
260,0.03629727,0.4727947,0.2157421,0.2751658
261,0.03627901,0.4726675,0.2158346,0.2752189
262,0.03626298,0.4725296,0.2159468,0.2752607
263,0.03624786,0.4723869,0.2160788,0.2752864
264,0.03623297,0.4722424,0.2162297,0.2752949
265,0.03910712,0.4384776,0.2261481,0.2962672
266,0.04118543,0.41945,0.2287629,0.3106017
267,0.04261626,0.4092575,0.2282915,0.3198346
268,0.04353463,0.4042746,0.2270314,0.3251594
269,0.0440877,0.4021545,0.2259317,0.327826
270,0.04440152,0.4014816,0.2252552,0.3288618
271,0.04457221,0.4014653,0.224939,0.3290234
272,0.04466757,0.4017049,0.2247987,0.3288288
273,0.04473222,0.4020225,0.2246373,0.3286081
274,0.04479261,0.4023567,0.2243058,0.3285448
275,0.04486254,0.4026978,0.2237179,0.3287218
276,0.04494657,0.4030535,0.2228525,0.3291474
277,0.04595355,0.3946252,0.2228185,0.3366028
278,0.04673137,0.3903038,0.2205839,0.3423809
279,0.04727785,0.3884175,0.2179712,0.3463336
280,0.04765482,0.3878821,0.2154896,0.3489734
281,0.04791246,0.3880387,0.2133472,0.3507016
282,0.04808892,0.388505,0.2115899,0.3518161
283,0.04821148,0.3890723,0.2101898,0.3525264
284,0.04829874,0.3896357,0.2090931,0.3529725
285,0.04836289,0.3901496,0.2082431,0.3532445
286,0.04841182,0.3905995,0.2075888,0.3533999
287,0.04845046,0.3909866,0.2070882,0.3534748
288,0.04848189,0.3913181,0.2067086,0.3534915
289,0.04485465,0.429117,0.1986345,0.3273938
290,0.04268105,0.4461997,0.1987989,0.3123203
291,0.04143657,0.4533905,0.2010282,0.3041448
292,0.04072195,0.4560088,0.2034925,0.2997768
293,0.04031306,0.4565971,0.2055723,0.2975176
294,0.04008044,0.4563657,0.2071431,0.2964107
295,0.03994823,0.4558711,0.2082675,0.2959131
296,0.03987186,0.4553498,0.2090606,0.2957177
297,0.03982534,0.4548864,0.2096342,0.295654
298,0.03979394,0.4544977,0.2100768,0.2956316
299,0.03976938,0.454174,0.2104526,0.2956041
300,0.03974718,0.4538988,0.2108045,0.2955494
301,0.03660068,0.4870047,0.2037549,0.2726398
302,0.03481308,0.499851,0.2052123,0.2601238
303,0.03380862,0.5041699,0.2084697,0.2535517
304,0.03323407,0.5049211,0.2116938,0.2501509
305,0.03290128,0.5042995,0.2143263,0.2484731
306,0.03270474,0.5032614,0.2163126,0.2477213
307,0.03258416,0.5021946,0.2177711,0.2474502
308,0.03250508,0.5012304,0.2188515,0.2474131
309,0.03244809,0.5003916,0.2196842,0.2474762
310,0.03240225,0.4996614,0.2203686,0.2475678
311,0.03236177,0.4990135,0.220971,0.2476537
312,0.03232377,0.498424,0.221532,0.2477202
313,0.0364983,0.4493337,0.2348036,0.2793643
314,0.03979826,0.4202212,0.2363479,0.3036326
315,0.04217902,0.4040702,0.2335768,0.3201741
316,0.04377762,0.3959703,0.2298252,0.3304269
317,0.04477637,0.3925112,0.2266485,0.336064
318,0.04535578,0.3914846,0.2245249,0.3386346
319,0.04566669,0.3915779,0.2233787,0.3393767
320,0.04582205,0.39209,0.2229019,0.3391861
321,0.04590039,0.3926977,0.2227328,0.3386692
322,0.04595122,0.3932886,0.2225678,0.3381924
323,0.04600332,0.3938467,0.2221952,0.3379548
324,0.04607049,0.3943906,0.2215045,0.3380344
325,0.04578429,0.3991159,0.2192587,0.335841
326,0.04564286,0.4019319,0.2174969,0.3349284
327,0.04559156,0.4037228,0.2159338,0.334752
328,0.04559826,0.4049387,0.2144356,0.3350274
329,0.04563681,0.4058345,0.2130073,0.3355214
330,0.0456894,0.4065443,0.2116891,0.3360772
331,0.04574519,0.4071345,0.2105176,0.3366027
332,0.04579815,0.4076372,0.2095145,0.3370502
333,0.04584537,0.4080687,0.2086853,0.3374006
334,0.04588637,0.4084375,0.2080182,0.3376579
335,0.04592144,0.4087507,0.2074954,0.3378325
336,0.04595118,0.4090157,0.2070966,0.3379364
337,0.04626461,0.406183,0.2075203,0.3400321
338,0.04648243,0.4047329,0.2074276,0.341357
339,0.0466281,0.4040569,0.2071915,0.3421234
340,0.0467228,0.4038053,0.206966,0.342506
341,0.04678265,0.4037716,0.2068131,0.3426326
342,0.04681903,0.4038394,0.2067511,0.3425904
343,0.0468397,0.4039459,0.2067783,0.3424361
344,0.04684974,0.4040591,0.2068852,0.342206
345,0.04685253,0.4041644,0.2070599,0.3419232
346,0.04685006,0.4042565,0.2072929,0.3416006
347,0.04684375,0.404334,0.2075747,0.3412475
348,0.04683467,0.4043975,0.2078961,0.3408717
349,0.04027124,0.4690305,0.1978007,0.2928976
350,0.03683443,0.4914953,0.2032102,0.26846
351,0.03507757,0.4982239,0.2100126,0.2566859
352,0.03413469,0.4991726,0.2158081,0.2508846
353,0.03362129,0.4981386,0.220095,0.2481452
354,0.03333981,0.4966285,0.2230387,0.2469931
355,0.03318276,0.4951945,0.2249836,0.2466392
356,0.03309072,0.4939899,0.2262622,0.2466571
357,0.03303104,0.4930128,0.2271354,0.2468208
358,0.03298608,0.4922125,0.227787,0.2470144
359,0.03294669,0.4915338,0.2283365,0.247183
360,0.03290838,0.4909314,0.2288563,0.2473039
361,0.03649798,0.4502573,0.2387431,0.2745017
362,0.03929219,0.4270768,0.2383484,0.2952828
363,0.04123826,0.414866,0.2349075,0.3089882
364,0.04250168,0.4091861,0.23108,0.3172323
365,0.0432633,0.4070745,0.2280457,0.3216165
366,0.04368545,0.4067036,0.2261073,0.3235036
367,0.0438957,0.4070447,0.2251346,0.323925
368,0.04398507,0.4075835,0.2248355,0.3235959
369,0.04401453,0.4081064,0.2248959,0.3229832
370,0.04402345,0.4085564,0.225036,0.3223841
371,0.04403568,0.4089465,0.2250439,0.3219739
372,0.04406404,0.4093121,0.2247832,0.3218407
373,0.04458143,0.4046211,0.2254834,0.3253141
374,0.04496875,0.4023533,0.2247896,0.3278884
375,0.04525993,0.4014495,0.2234531,0.3298374
376,0.04548455,0.4013106,0.2218253,0.3313796
377,0.04566337,0.4015799,0.2201026,0.3326541
378,0.04580951,0.4020502,0.2184043,0.333736
379,0.04593088,0.402602,0.2168068,0.3346603
380,0.04603238,0.4031675,0.2153571,0.3354431
381,0.04611732,0.4037085,0.2140802,0.336094
382,0.04618802,0.4042057,0.2129864,0.3366199
383,0.04624661,0.4046498,0.2120722,0.3370315
384,0.04629502,0.4050385,0.2113247,0.3373418
385,0.04643115,0.40454,0.2107133,0.3383155
386,0.04653315,0.4044066,0.2100598,0.3390004
387,0.04660359,0.4044699,0.2095172,0.3394093
388,0.04665191,0.4046187,0.2091035,0.3396259
389,0.04668473,0.4047938,0.2088141,0.3397073
390,0.04670645,0.4049661,0.2086367,0.3396908
391,0.04671983,0.4051232,0.208558,0.3395989
392,0.04672655,0.4052611,0.2085681,0.3394443
393,0.04672752,0.4053794,0.2086596,0.3392335
394,0.04672356,0.4054789,0.2088247,0.3389728
395,0.0467152,0.4055611,0.2090569,0.3386667
396,0.04670287,0.405628,0.2093504,0.3383186
397,0.04775369,0.3962279,0.2099278,0.3460907
398,0.04852374,0.3912599,0.2085325,0.3516839
399,0.04900916,0.3889968,0.2070738,0.3549202
400,0.04930168,0.3881885,0.2058846,0.3566252
401,0.04946728,0.3881044,0.2050693,0.3573591
402,0.04955293,0.3883353,0.2046057,0.357506
403,0.04959092,0.3886677,0.2044194,0.3573219
404,0.04960252,0.3890013,0.2044242,0.356972
405,0.04960137,0.389298,0.2045402,0.3565604
406,0.04959577,0.3895515,0.2047037,0.356149
407,0.04959061,0.3897689,0.2048665,0.3557739
408,0.04958866,0.3899615,0.2049951,0.3554547
409,0.04477697,0.4377849,0.19633,0.3211082
410,0.04201684,0.457897,0.1979892,0.302097
411,0.04050843,0.4656555,0.2015145,0.2923215
412,0.03967173,0.4681129,0.2048677,0.2873477
413,0.03920911,0.4683803,0.2074627,0.284948
414,0.03895562,0.467855,0.2092783,0.2839111
415,0.03881734,0.4671393,0.2104785,0.2835649
416,0.0387405,0.4664658,0.2112558,0.2835378
417,0.03869461,0.4659018,0.211774,0.2836296
418,0.03866274,0.4654467,0.212154,0.2837364
419,0.03863573,0.4650781,0.2124778,0.2838083
420,0.03860888,0.4647706,0.2127968,0.2838237
421,0.0388169,0.4617479,0.21402,0.2854152
422,0.0389352,0.4601347,0.214662,0.2862681
423,0.03899593,0.4592512,0.2150771,0.2866758
424,0.03901557,0.4587555,0.2154638,0.2867651
425,0.0390085,0.4584527,0.2158882,0.2866507
426,0.03898532,0.4582398,0.2163573,0.2864175
427,0.03895353,0.4580671,0.216853,0.2861264
428,0.03891848,0.4579131,0.2173468,0.2858215
429,0.0388841,0.4577712,0.217808,0.2855367
430,0.03885337,0.4576412,0.2182064,0.2852991
431,0.0388285,0.4575261,0.2185161,0.2851292
432,0.03881096,0.4574293,0.2187178,0.2850419
433,0.04166179,0.4252152,0.2279731,0.3051499
434,0.04371354,0.4069639,0.2305253,0.3187971
435,0.04513976,0.3970653,0.2300514,0.3277435
436,0.04606671,0.3921497,0.2287365,0.333047
437,0.04664407,0.3900093,0.2274024,0.3359443
438,0.04699929,0.3893063,0.2262497,0.3374447
439,0.04722828,0.3892894,0.225203,0.3382792
440,0.04739677,0.3895719,0.2241021,0.3389291
441,0.04754489,0.3899762,0.2228089,0.3396699
442,0.04769132,0.3904351,0.2212723,0.3406012
443,0.04784075,0.3909266,0.2195229,0.3417098
444,0.04798945,0.3914424,0.2176538,0.3429144
445,0.04810433,0.3905739,0.2180052,0.3433166
446,0.04814836,0.3901384,0.218597,0.3431163
447,0.04819515,0.3898277,0.218924,0.3430532
448,0.04824014,0.3896191,0.2190882,0.3430526
449,0.04828343,0.3894843,0.2191363,0.343096
450,0.04832513,0.3894031,0.2191011,0.3431707
451,0.04836515,0.3893611,0.2190083,0.3432654
452,0.04840318,0.3893483,0.2188792,0.3433693
453,0.04843884,0.3893567,0.2187319,0.3434726
454,0.04847207,0.3893798,0.2185778,0.3435704
455,0.04850282,0.3894131,0.2184255,0.3436587
456,0.04853106,0.3894529,0.2182814,0.3437347
457,0.04826688,0.395202,0.2136683,0.3428627
458,0.04823048,0.3987448,0.2090845,0.3439402
459,0.04818168,0.4012407,0.2060485,0.3445291
460,0.04812906,0.4029965,0.2040943,0.3447802
461,0.04807957,0.4042031,0.2028896,0.3448277
462,0.04803624,0.405009,0.2021981,0.3447567
463,0.04799895,0.4055312,0.2018596,0.3446102
464,0.04796601,0.4058582,0.2017698,0.3444059
465,0.04793521,0.4060545,0.2018627,0.3441477
466,0.04790449,0.4061644,0.2020972,0.3438339
467,0.04787213,0.4062179,0.2024484,0.3434615
468,0.04783642,0.4062332,0.2029071,0.3430233
469,0.04269935,0.4562595,0.194804,0.3062371
470,0.03982197,0.47576,0.198169,0.286249
471,0.03826613,0.4824496,0.2032558,0.2760285
472,0.0373982,0.483943,0.2079197,0.2707391
473,0.03690718,0.4834475,0.2115853,0.2680601
474,0.03662569,0.4823396,0.2142676,0.2667671
475,0.03645981,0.4811778,0.2161728,0.2661896
476,0.0363563,0.480154,0.2175309,0.2659587
477,0.03628527,0.4793047,0.2185339,0.2658761
478,0.03623019,0.4786071,0.2193241,0.2658386
479,0.03618251,0.4780244,0.2199938,0.2657992
480,0.03613813,0.4775231,0.2205975,0.2657412
481,0.03973703,0.4389938,0.2287817,0.2924875
482,0.04253019,0.4168031,0.227802,0.3128648
483,0.04447374,0.4050143,0.2242139,0.3262981
484,0.0457463,0.3994768,0.2202782,0.3344987
485,0.04652496,0.3974319,0.2170443,0.3389989
486,0.04696726,0.3971487,0.2147934,0.3410906
487,0.04719733,0.3976231,0.2134259,0.3417536
488,0.04730473,0.3983282,0.2126939,0.3416731
489,0.04735024,0.3990239,0.2123233,0.3413026
490,0.04737202,0.3996285,0.2120836,0.3409159
491,0.04739283,0.4001345,0.2118035,0.3406692
492,0.04742461,0.4005633,0.2113768,0.3406353
493,0.04450841,0.4309736,0.2046158,0.3199022
494,0.04276062,0.4449512,0.204269,0.3080191
495,0.04177635,0.4510134,0.2053909,0.3018193
496,0.04123585,0.4533621,0.2065833,0.2988188
497,0.04095128,0.4540355,0.2074334,0.2975798
498,0.04081086,0.4540135,0.207913,0.2972626
499,0.04074844,0.4537502,0.208116,0.2973854
500,0.04072558,0.4534414,0.2081522,0.2976808
501,0.04072054,0.4531595,0.2081117,0.2980083
502,0.04072164,0.4529212,0.2080562,0.298301
503,0.04072281,0.4527222,0.2080247,0.2985303
504,0.04072113,0.4525517,0.2080397,0.2986876
505,0.04350445,0.4231258,0.2145118,0.318858
506,0.04557107,0.4063905,0.2146816,0.3333569
507,0.04699272,0.397447,0.2127696,0.3427906
508,0.04791478,0.3931517,0.2104952,0.3484383
509,0.04847576,0.3914551,0.2086212,0.3514479
510,0.04879184,0.3910892,0.2073783,0.3527407
511,0.04895155,0.3913186,0.2067345,0.3529953
512,0.0490181,0.3917505,0.2065491,0.3526823
513,0.04903452,0.3921976,0.2066531,0.3521148
514,0.04902856,0.3925891,0.2068932,0.3514892
515,0.04901787,0.3929109,0.2071426,0.3509285
516,0.04901318,0.3931747,0.2073066,0.3505055
517,0.04494813,0.4338939,0.1996225,0.3215354
518,0.04257013,0.4516062,0.2006118,0.3052118
519,0.04125845,0.4587233,0.2032349,0.2967833
520,0.04053792,0.461147,0.2057125,0.2926026
521,0.04015166,0.4615757,0.2075385,0.2907342
522,0.03995247,0.4612512,0.20871,0.2900863
523,0.03985506,0.4607213,0.209382,0.2900417
524,0.03981032,0.4602039,0.2097283,0.2902575
525,0.03979053,0.4597665,0.2098927,0.2905503
526,0.03978057,0.459413,0.2099782,0.2908283
527,0.03977253,0.4591255,0.2100521,0.2910499
528,0.03976252,0.458883,0.2101551,0.2911994
529,0.04169606,0.4380039,0.2150688,0.3052313
530,0.04307015,0.4267061,0.2153496,0.3148741
531,0.04397392,0.4209939,0.2141769,0.3208552
532,0.0445318,0.4184288,0.2128131,0.3242263
533,0.04485065,0.4175117,0.2117866,0.325851
534,0.04501326,0.4173733,0.2112367,0.3263766
535,0.04507918,0.4175446,0.2111208,0.3262555
536,0.04508903,0.4177952,0.2113257,0.32579
537,0.04506988,0.4180286,0.2117229,0.3251787
538,0.04503923,0.4182164,0.212195,0.3245493
539,0.04500847,0.4183621,0.212644,0.3239854
540,0.04498485,0.4184804,0.2129939,0.3235408
541,0.04701351,0.3981389,0.2170321,0.3378154
542,0.04852131,0.3867085,0.2166357,0.3481345
543,0.04955036,0.3807416,0.2149157,0.3547924
544,0.05023295,0.3779632,0.212868,0.3589358
545,0.05067733,0.3769507,0.2109309,0.3614411
546,0.05096854,0.376844,0.2092204,0.3629669
547,0.0511671,0.3771545,0.2077178,0.3639606
548,0.05131235,0.3776231,0.2063701,0.3646944
549,0.05142752,0.3781244,0.2051357,0.3653124
550,0.05152521,0.3786031,0.2039935,0.3658783
551,0.05161146,0.3790389,0.2029407,0.3664089
552,0.05168875,0.3794267,0.2019851,0.3668994
553,0.05132782,0.3837219,0.2007315,0.3642188
554,0.05108532,0.3860956,0.2003958,0.3624234
555,0.05094729,0.387326,0.2002998,0.3614269
556,0.05087564,0.3879346,0.2002801,0.3609096
557,0.05084439,0.3882193,0.2002715,0.3606649
558,0.05083591,0.3883464,0.2002601,0.3605576
559,0.05083879,0.3884048,0.2002523,0.3605041
560,0.0508459,0.3884387,0.2002607,0.3604548
561,0.05085303,0.3884684,0.200297,0.3603816
562,0.05085784,0.3885013,0.2003697,0.3602711
563,0.05085915,0.3885395,0.2004839,0.3601175
564,0.05085646,0.3885821,0.200642,0.3599195
565,0.04840175,0.4127229,0.196212,0.3426633
566,0.04683254,0.4244604,0.1967305,0.3319765
567,0.04588876,0.4297293,0.1985456,0.3258364
568,0.04532764,0.4317964,0.2004864,0.3223895
569,0.04499699,0.4323598,0.2021436,0.3204997
570,0.04480234,0.4322798,0.2034396,0.3194782
571,0.04468574,0.4319737,0.2044251,0.3189154
572,0.04461208,0.4316295,0.2051859,0.3185725
573,0.04456062,0.4313202,0.2058035,0.3183157
574,0.04451951,0.4310652,0.2063413,0.318074
575,0.04448222,0.4308614,0.2068431,0.3178132
576,0.0444455,0.4306988,0.2073353,0.3175206
577,0.04413895,0.4334062,0.2071125,0.3153423
578,0.04392895,0.4347666,0.2074006,0.313904
579,0.04378022,0.4354202,0.2079086,0.3128911
580,0.04367498,0.4356951,0.2084512,0.3121786
581,0.04359861,0.4357831,0.2089575,0.3116608
582,0.04354147,0.4357875,0.2094004,0.3112706
583,0.04349767,0.4357609,0.2097712,0.3109702
584,0.0434638,0.4357284,0.2100673,0.3107404
585,0.04343804,0.4357012,0.2102877,0.310573
586,0.04341954,0.4356832,0.2104303,0.3104669
587,0.04340783,0.4356761,0.2104941,0.3104219
588,0.04340249,0.4356798,0.2104802,0.3104375
589,0.04360629,0.4338216,0.2105607,0.3120113
590,0.04375205,0.4329437,0.2101426,0.3131617
591,0.04384609,0.4326092,0.2096346,0.3139101
592,0.04390919,0.4325395,0.2091182,0.314433
593,0.04395304,0.4325895,0.2086369,0.3148206
594,0.04398513,0.4326828,0.2082045,0.3151276
595,0.04401004,0.432781,0.2078234,0.3153855
596,0.04403035,0.4328672,0.2074925,0.31561
597,0.04404742,0.4329344,0.2072103,0.3158079
598,0.04406192,0.4329812,0.2069753,0.3159816
599,0.04407413,0.4330086,0.2067862,0.316131
600,0.04408411,0.4330187,0.2066421,0.3162551
601,0.04261246,0.4479884,0.2035052,0.305894
602,0.04168626,0.4548495,0.2038644,0.2995998
603,0.04113577,0.4576714,0.2051054,0.2960874
604,0.0408139,0.458555,0.2064196,0.2942115
605,0.04062885,0.4585699,0.2075255,0.2932757
606,0.04052333,0.4582446,0.2083767,0.2928554
607,0.04046224,0.4578252,0.2090154,0.2926971
608,0.04042448,0.4574152,0.209506,0.2926544
609,0.04039773,0.4570493,0.2099079,0.292645
610,0.04037511,0.4567319,0.2102662,0.2926268
611,0.04035296,0.4564559,0.2106116,0.2925796
612,0.0403295,0.4562119,0.2109621,0.2924965
613,0.0419222,0.4388426,0.2154194,0.3038158
614,0.04302792,0.4295657,0.2160491,0.3113572
615,0.04374193,0.4249179,0.2154214,0.3159187
616,0.04417205,0.422843,0.2145999,0.3183851
617,0.04441118,0.4220936,0.2139986,0.3194966
618,0.04453056,0.4219605,0.2137034,0.3198055
619,0.04458092,0.4220699,0.2136527,0.3196963
620,0.04459663,0.4222453,0.2137335,0.3194246
621,0.0446,0.4224167,0.2138297,0.3191537
622,0.04460419,0.4225689,0.2138508,0.3189761
623,0.04461636,0.4227084,0.2137367,0.3189386
624,0.04463935,0.422848,0.2134586,0.3190542
625,0.04450467,0.4245645,0.2128548,0.318076
626,0.04443128,0.4255002,0.212459,0.3176095
627,0.0444106,0.4260108,0.2119837,0.3175948
628,0.04442108,0.4263186,0.2114225,0.3178378
629,0.04444927,0.4265303,0.2108004,0.31822
630,0.04448582,0.4266953,0.2101605,0.3186583
631,0.04452454,0.4268328,0.2095459,0.3190969
632,0.04456164,0.4269478,0.2089888,0.3195018
633,0.04459506,0.42704,0.20851,0.3198548
634,0.04462334,0.4271096,0.2081239,0.3201432
635,0.04464585,0.4271565,0.2078355,0.3203622
636,0.04466246,0.4271821,0.2076434,0.3205121
637,0.04687982,0.4049858,0.2118913,0.3362432
638,0.04851176,0.3924279,0.2116073,0.3474531
639,0.04961953,0.385763,0.2099921,0.3546254
640,0.05033272,0.3825788,0.2082184,0.3588701
641,0.05076601,0.38133,0.2067888,0.3611151
642,0.05101212,0.3810707,0.205835,0.3620821
643,0.05114019,0.3812566,0.2053124,0.3622907
644,0.05119839,0.3815985,0.2051117,0.3620914
645,0.05121867,0.3819588,0.2051139,0.3617086
646,0.05122176,0.3822828,0.2052106,0.3612848
647,0.05122043,0.3825588,0.2053164,0.3609043
648,0.05122211,0.3827944,0.20537,0.3606135
649,0.04795685,0.4146549,0.1997983,0.33759
650,0.04594229,0.4295121,0.2006879,0.3238578
651,0.04479751,0.4358881,0.2027838,0.3165306
652,0.04415658,0.4383047,0.2047444,0.3127944
653,0.04380962,0.4389457,0.2061713,0.3110735
654,0.04363117,0.438862,0.2070643,0.3104426
655,0.04354624,0.4385384,0.2075538,0.3103616
656,0.04351052,0.4381805,0.2077867,0.3105222
657,0.04349824,0.4378618,0.2078856,0.3107543
658,0.04349481,0.4375973,0.2079399,0.310968
659,0.04349229,0.4373798,0.2080078,0.3111201
660,0.04348663,0.4371963,0.2081238,0.3111932
661,0.04415948,0.4306322,0.2090102,0.3161981
662,0.04462169,0.4272919,0.2085091,0.3195773
663,0.04489795,0.4257745,0.2078648,0.3214629
664,0.04505108,0.4251923,0.2073639,0.3223927
665,0.04512336,0.4250547,0.2071138,0.3227081
666,0.04514418,0.4250987,0.2071178,0.3226393
667,0.04513337,0.4251933,0.2073345,0.3223389
668,0.04510407,0.4252804,0.2077083,0.3219073
669,0.04506511,0.4253401,0.2081827,0.3214121
670,0.04502264,0.4253707,0.2087041,0.3209025
671,0.04498111,0.4253786,0.2092242,0.320416
672,0.04494391,0.4253728,0.2097003,0.319983
673,0.0438411,0.4357828,0.2083927,0.3119833
674,0.04312105,0.4406512,0.2093645,0.3068633
675,0.04270011,0.4426623,0.2105852,0.3040524
676,0.04246121,0.4433361,0.2115988,0.3026038
677,0.04233593,0.4434279,0.2122442,0.301992
678,0.0422798,0.4433095,0.2125313,0.3018793
679,0.04226428,0.4431494,0.2125352,0.3020511
680,0.04227148,0.4430123,0.2123428,0.3023734
681,0.04229041,0.4429134,0.212032,0.3027641
682,0.04231393,0.4428476,0.2116699,0.3031685
683,0.04233774,0.4428028,0.2113063,0.3035532
684,0.04235934,0.4427668,0.2109755,0.3038985
685,0.0430709,0.4354733,0.2124154,0.3090404
686,0.04355684,0.4316977,0.2122936,0.3124519
687,0.04386942,0.4298584,0.2117167,0.3145555
688,0.0440604,0.4290584,0.2111194,0.3157618
689,0.04417047,0.4287764,0.2106662,0.3163869
690,0.04422887,0.4287266,0.2103923,0.3166523
691,0.0442555,0.4287622,0.2102773,0.3167051
692,0.04426324,0.428815,0.2102835,0.3166384
693,0.04426021,0.4288581,0.2103733,0.3165083
694,0.04425173,0.4288843,0.210511,0.316353
695,0.04424111,0.4288954,0.2106681,0.3161954
696,0.04423045,0.4288963,0.2108229,0.3160503
697,0.03864691,0.4859479,0.1985443,0.276861
698,0.03573828,0.5064519,0.2004836,0.2573263
699,0.03420597,0.5130728,0.2049625,0.2477588
700,0.03337451,0.5142547,0.2092308,0.2431399
701,0.03292008,0.5134425,0.212543,0.2410944
702,0.03267098,0.5120642,0.2148858,0.240379
703,0.03253245,0.5106755,0.2164705,0.2403216
704,0.03245149,0.5094545,0.217537,0.240557
705,0.03239848,0.5084254,0.2182866,0.2408895
706,0.03235716,0.5075575,0.2188682,0.2412172
707,0.03231874,0.5068083,0.2193838,0.2414891
708,0.0322786,0.5061401,0.2198996,0.2416817
709,0.03480576,0.4764699,0.228068,0.2606564
710,0.03662254,0.4606925,0.2287498,0.273935
711,0.03780778,0.4530088,0.2270607,0.2821228
712,0.03851569,0.4497756,0.2251346,0.286574
713,0.03888986,0.4487539,0.2238709,0.2884854
714,0.03904593,0.4486628,0.2235048,0.2887864
715,0.03905743,0.4487838,0.224155,0.2880038
716,0.03881624,0.4481297,0.2283989,0.2846552
717,0.03889535,0.448059,0.2279545,0.2850912
718,0.03882449,0.4482688,0.2288145,0.2840922
719,0.03848845,0.4482364,0.2328327,0.2804425
720,0.03886853,0.4476086,0.229377,0.2841458
721,0.03934819,0.4438582,0.2289468,0.2878467
722,0.03973071,0.4423254,0.226982,0.2909618
723,0.04001946,0.4420131,0.2245335,0.293434
724,0.04024296,0.4423384,0.2219466,0.2954721
725,0.04042482,0.4429606,0.2193631,0.2972516
726,0.0405717,0.4436966,0.2169482,0.2987834
727,0.04068727,0.444428,0.2148297,0.3000551
728,0.04077595,0.4450713,0.2130837,0.3010691
729,0.040843,0.4455733,0.2117364,0.3018473
730,0.04089366,0.445912,0.210771,0.3024234
731,0.04093153,0.4460948,0.210147,0.3028266
732,0.04095871,0.44615,0.2098114,0.3030799
733,0.04093408,0.4467231,0.209391,0.3029518
734,0.04091604,0.4469955,0.2092508,0.3028377
735,0.04089701,0.4470962,0.2093449,0.3026619
736,0.04087683,0.4470928,0.2095937,0.3024367
737,0.04085417,0.4470321,0.2099545,0.3021592
738,0.04082797,0.4469432,0.2104021,0.3018268
739,0.04079759,0.4468428,0.2109209,0.3014386
740,0.04076303,0.4467401,0.2114979,0.300999
741,0.04072462,0.4466399,0.2121207,0.3005148
742,0.04068306,0.4465446,0.2127769,0.2999955
743,0.04063939,0.4464554,0.2134517,0.2994536
744,0.040595,0.446373,0.214127,0.298905
745,0.04219439,0.428648,0.2190116,0.3101461
746,0.04330571,0.4191425,0.2200113,0.3175405
747,0.04402691,0.4143638,0.2196619,0.3219474
748,0.04446589,0.4122311,0.219034,0.324269
749,0.04471991,0.4114718,0.2185071,0.3253013
750,0.04486457,0.4113636,0.218124,0.3256479
751,0.04495358,0.4115323,0.2177859,0.3257282
752,0.04502156,0.4118074,0.2173665,0.3258045
753,0.04508773,0.4121281,0.2167721,0.326012
754,0.04516108,0.4124813,0.215954,0.3264036
755,0.04524305,0.4128715,0.2149173,0.3269682
756,0.04533071,0.4133024,0.2137091,0.3276579
757,0.04050706,0.464552,0.2013746,0.2935665
758,0.03787111,0.484998,0.2013588,0.2757721
759,0.03644909,0.4926815,0.2040036,0.2668658
760,0.03566838,0.4949822,0.2068359,0.2625135
761,0.03524057,0.4950733,0.2091264,0.2605598
762,0.0350097,0.4943388,0.2107921,0.2598594
763,0.03488793,0.4933674,0.2119603,0.2597843
764,0.03482447,0.4923967,0.2127937,0.2599851
765,0.03478962,0.4915115,0.2134304,0.2602684
766,0.03476599,0.4907311,0.2139745,0.2605285
767,0.03474373,0.4900473,0.2144984,0.2607106
768,0.03471733,0.4894426,0.2150519,0.2607882
769,0.03609802,0.4729762,0.2198393,0.2710865
770,0.03702033,0.4645308,0.2207614,0.2776874
771,0.03758446,0.4604713,0.2205162,0.2814279
772,0.03789113,0.4587125,0.2202465,0.28315
773,0.03802253,0.4580464,0.2204103,0.2835208
774,0.03803949,0.4578157,0.2211221,0.2830227
775,0.03798394,0.457679,0.2223592,0.2819778
776,0.03786094,0.4573709,0.2244478,0.2803204
777,0.0375683,0.4562247,0.2294215,0.2767856
778,0.03760694,0.4557963,0.2295817,0.277015
779,0.03742651,0.4556383,0.2319356,0.2749995
780,0.03716415,0.4550746,0.2355921,0.2721692
781,0.03551959,0.4771092,0.2259123,0.261459
782,0.03439549,0.4871275,0.2244207,0.2540562
783,0.03382805,0.4913596,0.2237693,0.251043
784,0.0335312,0.4931742,0.2232925,0.2500021
785,0.03339025,0.4939533,0.2225965,0.2500599
786,0.0333361,0.4943138,0.2216641,0.250686
787,0.03332583,0.4945036,0.2206258,0.2515447
788,0.03333472,0.4945911,0.219634,0.2524402
789,0.03335055,0.4945688,0.2188042,0.2532765
790,0.03336746,0.4944187,0.2182044,0.2540094
791,0.03338225,0.4941438,0.2178531,0.2546209
792,0.03339205,0.4937731,0.2177358,0.255099
793,0.03334133,0.4940149,0.2175831,0.2550606
794,0.03330166,0.4938564,0.2178074,0.2550345
795,0.03326502,0.4935165,0.2182502,0.2549682
796,0.0332267,0.4930986,0.2188409,0.2548337
797,0.03318368,0.4926549,0.2195482,0.2546133
798,0.03313417,0.4922085,0.2203598,0.2542975
799,0.03307734,0.4917678,0.221271,0.2538838
800,0.03301305,0.491334,0.2222783,0.2533747
801,0.03294198,0.490904,0.2233736,0.2527803
802,0.03286537,0.4904716,0.2245471,0.2521159
803,0.03278267,0.4900148,0.2258312,0.2513714
804,0.0325302,0.4885931,0.2303247,0.2485519
805,0.03449419,0.4656433,0.2363653,0.2634972
806,0.03580904,0.4538645,0.2374143,0.2729122
807,0.03632243,0.4480589,0.2406891,0.2749296
808,0.03711405,0.4451562,0.2368046,0.2809252
809,0.03707423,0.4444768,0.2396285,0.2788205
810,0.03758198,0.4439529,0.2354852,0.2829799
811,0.03748747,0.4445706,0.2367163,0.2812257
812,0.03802728,0.444744,0.2307999,0.2864288
813,0.03821028,0.4460318,0.2276039,0.288154
814,0.03836244,0.4472807,0.2246629,0.289694
815,0.03849141,0.4484539,0.2219747,0.29108
816,0.03859979,0.4495326,0.2195647,0.292303
817,0.03853144,0.4521689,0.2171461,0.2921536
818,0.03849625,0.4538099,0.2154757,0.292218
819,0.03848332,0.4548579,0.2142594,0.2923994
820,0.03848214,0.4555283,0.2133879,0.2926016
821,0.038487,0.4559377,0.2127983,0.2927771
822,0.0384945,0.4561544,0.21245,0.2929011
823,0.03850226,0.4562266,0.2123113,0.2929599
824,0.03850827,0.456194,0.2123532,0.2929446
825,0.0385106,0.4560925,0.2125491,0.2928478
826,0.03850758,0.4559515,0.2128771,0.2926638
827,0.03849794,0.455793,0.2133196,0.2923896
828,0.03848106,0.4556309,0.2138615,0.2920265
829,0.0359427,0.4830516,0.2081062,0.2728995
830,0.03446331,0.4940377,0.2094245,0.2620745
831,0.03361412,0.4978853,0.2123578,0.2561428
832,0.03312135,0.4986761,0.2152963,0.2529062
833,0.03283238,0.4982704,0.2177343,0.2511629
834,0.03265892,0.4974953,0.2196156,0.2502302
835,0.03254968,0.4966913,0.2210395,0.2497195
836,0.03247508,0.4959762,0.2221343,0.2494144
837,0.03241855,0.4953725,0.2230106,0.2491984
838,0.03237114,0.4948667,0.2237483,0.2490139
839,0.03232853,0.4944372,0.2243964,0.2488379
840,0.03228901,0.4940646,0.2249793,0.248667
841,0.03347706,0.4792993,0.2295446,0.257679
842,0.03426646,0.471962,0.2303418,0.2634297
843,0.03476146,0.4685853,0.2298217,0.2668315
844,0.03505148,0.4672397,0.2290689,0.26864
845,0.03521297,0.466846,0.2284416,0.2694994
846,0.03530152,0.4668524,0.2279759,0.2698701
847,0.03535409,0.4670074,0.2275851,0.2700534
848,0.03539312,0.4672149,0.2271651,0.2702268
849,0.03543026,0.4674484,0.2266465,0.2704748
850,0.03547029,0.4677037,0.2260038,0.2708222
851,0.03551398,0.4679799,0.2252465,0.2712596
852,0.03556043,0.4682727,0.2244027,0.2717642
853,0.03536015,0.4714453,0.2227235,0.2704711
854,0.0352488,0.4730734,0.2217742,0.2699036
855,0.03519561,0.4739228,0.2210879,0.2697937
856,0.03517829,0.4743674,0.220505,0.2699493
857,0.03518104,0.4745983,0.2199872,0.2702336
858,0.03519374,0.4747075,0.2195393,0.2705595
859,0.03521007,0.4747396,0.2191762,0.2708741
860,0.03522611,0.4747182,0.2189097,0.2711461
861,0.03523936,0.4746585,0.2187449,0.2713573
862,0.03524837,0.4745724,0.2186798,0.2714995
863,0.03525229,0.4744696,0.2187081,0.2715699
864,0.03525075,0.4743578,0.2188222,0.2715692
865,0.03528877,0.4737389,0.2191296,0.2718428
866,0.03530552,0.4733876,0.2193842,0.2719227
867,0.03530579,0.4731753,0.2196678,0.2718511
868,0.03529407,0.4730331,0.2200038,0.2716691
869,0.03527372,0.4729248,0.2203949,0.2714065
870,0.03524729,0.4728324,0.2208336,0.2710867
871,0.03521683,0.4727473,0.221307,0.2707289
872,0.03518417,0.4726659,0.2217989,0.270351
