EwEVersion,"6.5.13829.0 (compiled 2016-05-17)"
Date,"2016-09-06 18:00:37"
ModelName,Baltic_Proper-SEALS
EcosimScenario,Proper1_SealVuln100_19742100_seal100_cofF1
TimeSeries,new_data_weights_19742100_seal100_codF1
StartYear,1974

Data,"Prey of other mesozooplankton"

TimeStep,"Cyanobacteria","Phytoplankton","microzooplankton","Detritus-water column",
1,0.04280683,0.5585232,0.1841945,0.2144754
2,0.03914407,0.5794344,0.184423,0.1969986
3,0.03727721,0.5860372,0.1880639,0.1886217
4,0.03628786,0.5871349,0.1919937,0.1845836
5,0.03575879,0.58624,0.1952522,0.1827489
6,0.03547649,0.5848045,0.1976785,0.1820404
7,0.03532583,0.5833926,0.1993923,0.1818893
8,0.03524353,0.5821813,0.200583,0.1819923
9,0.03519486,0.5811884,0.2014271,0.1821897
10,0.03516104,0.5803755,0.2020631,0.1824004
11,0.03513219,0.5796929,0.2025897,0.1825852
12,0.03510328,0.5790967,0.2030727,0.1827272
13,0.03574783,0.5726325,0.2052842,0.1863354
14,0.03615526,0.5694741,0.2057343,0.1886363
15,0.03638261,0.5679889,0.2057087,0.1899198
16,0.03649445,0.5672991,0.205645,0.1905615
17,0.03653415,0.5669435,0.2057164,0.190806
18,0.03653048,0.5666971,0.2059588,0.1908136
19,0.03650215,0.5664629,0.2063472,0.1906879
20,0.03646115,0.5662091,0.2068337,0.1904961
21,0.03641541,0.5659351,0.2073657,0.1902837
22,0.03637033,0.5656533,0.207893,0.1900833
23,0.03632978,0.5653792,0.2083713,0.1899198
24,0.03629651,0.5651276,0.2087641,0.1898117
25,0.03250096,0.597572,0.199865,0.170062
26,0.03050136,0.6078881,0.2016787,0.1599318
27,0.02949767,0.6102252,0.2049862,0.1552909
28,0.02897472,0.609782,0.2080242,0.1532192
29,0.02870892,0.6085501,0.2102448,0.1524962
30,0.02858026,0.6072788,0.2116719,0.1524689
31,0.0285226,0.6061998,0.2124982,0.1527794
32,0.02849969,0.6053397,0.2129267,0.1532339
33,0.02849206,0.6046565,0.2131204,0.1537311
34,0.02848924,0.6040949,0.2131981,0.1542178
35,0.02848608,0.6036071,0.2132374,0.1546695
36,0.02848028,0.6031583,0.2132848,0.1550767
37,0.02923621,0.5950387,0.2161837,0.1595414
38,0.0297146,0.5913022,0.216561,0.1624222
39,0.02999321,0.5896895,0.2161731,0.1641441
40,0.03014404,0.5890422,0.2156775,0.1651363
41,0.03021618,0.5887728,0.2153271,0.165684
42,0.03024171,0.5886083,0.215179,0.165971
43,0.03024082,0.5884383,0.2152093,0.1661117
44,0.03022575,0.5882294,0.2153701,0.1661748
45,0.03020383,0.5879816,0.2156138,0.1662009
46,0.03017984,0.5877076,0.2158946,0.1662178
47,0.03015666,0.5874233,0.2161769,0.1662431
48,0.03013609,0.5871419,0.216434,0.1662879
49,0.03093774,0.5786451,0.2196153,0.1708018
50,0.03145641,0.5747375,0.2200999,0.1737062
51,0.03176897,0.5731229,0.2196795,0.1754287
52,0.0319519,0.5726011,0.2190138,0.1764332
53,0.03205729,0.5725505,0.2183661,0.1770261
54,0.03211918,0.5726722,0.2178055,0.1774031
55,0.03215848,0.5728361,0.2173244,0.177681
56,0.03218728,0.5729944,0.2168936,0.1779247
57,0.03221211,0.5731344,0.2164866,0.1781669
58,0.03223561,0.5732563,0.2160911,0.1784169
59,0.03225869,0.5733628,0.2157038,0.1786747
60,0.03228131,0.5734558,0.2153274,0.1789355
61,0.03261459,0.5697934,0.216823,0.1807691
62,0.03281827,0.5680166,0.2173197,0.1818454
63,0.03295492,0.5671909,0.2172727,0.1825815
64,0.03304333,0.5668569,0.2170303,0.1830695
65,0.03310096,0.5667597,0.2167349,0.1834045
66,0.03313967,0.5667672,0.2164434,0.1836498
67,0.03316699,0.5668148,0.2161742,0.183844
68,0.03318742,0.5668722,0.2159314,0.1840089
69,0.03320351,0.5669261,0.2157151,0.1841553
70,0.03321689,0.5669717,0.2155213,0.1842901
71,0.03322836,0.5670079,0.2153479,0.1844158
72,0.03323831,0.5670351,0.2151937,0.1845329
73,0.03104035,0.5878412,0.2086895,0.1724289
74,0.02980685,0.5952966,0.2090715,0.1658251
75,0.02913947,0.5973992,0.21096,0.1625013
76,0.02877578,0.5974122,0.2129169,0.1608952
77,0.02857861,0.5967223,0.2144943,0.1602048
78,0.02847176,0.595895,0.2156432,0.15999
79,0.02841237,0.5951313,0.21645,0.1600063
80,0.02837647,0.5944776,0.217026,0.16012
81,0.02835091,0.5939225,0.2174672,0.1602595
82,0.02832871,0.5934382,0.2178448,0.1603883
83,0.02830628,0.5929984,0.2182059,0.1604894
84,0.028282,0.5925828,0.2185792,0.160556
85,0.02833143,0.5923537,0.2181364,0.1611785
86,0.02836933,0.5923212,0.2175792,0.1617302
87,0.02837021,0.5923094,0.2173348,0.1619856
88,0.02835414,0.5922378,0.2173126,0.1620955
89,0.02832799,0.5920923,0.2174689,0.1621107
90,0.02829501,0.5918803,0.2177684,0.1620562
91,0.02825693,0.5916155,0.2181809,0.1619467
92,0.0282149,0.5913118,0.2186805,0.1617928
93,0.02816995,0.5909822,0.2192435,0.1616044
94,0.02812321,0.5906379,0.2198465,0.1613923
95,0.02807615,0.5902896,0.2204644,0.1611698
96,0.02803053,0.5899476,0.2210693,0.1609527
97,0.02749604,0.5950012,0.2194952,0.1580077
98,0.02717387,0.5968937,0.2195934,0.156339
99,0.02698083,0.5974081,0.2201729,0.1554383
100,0.0268704,0.5973628,0.2207354,0.1550316
101,0.02681211,0.5971403,0.2211093,0.1549383
102,0.02678706,0.596904,0.2212617,0.1550471
103,0.02678338,0.5967114,0.2212179,0.1552873
104,0.02679342,0.5965712,0.2210231,0.1556123
105,0.02681205,0.5964726,0.2207258,0.1559895
106,0.02683549,0.5963989,0.2203725,0.1563931
107,0.02686084,0.5963345,0.220002,0.1568026
108,0.02688593,0.5962672,0.2196452,0.1572017
109,0.02786474,0.5862501,0.2227373,0.1631479
110,0.02851846,0.5818405,0.2225263,0.1671148
111,0.02891897,0.5801946,0.2213977,0.1694887
112,0.02915725,0.5798129,0.2201632,0.1708668
113,0.02929423,0.5799267,0.2191451,0.1716338
114,0.02937025,0.5801747,0.2184149,0.1720401
115,0.02941075,0.5804067,0.2179417,0.1722408
116,0.02943115,0.5805755,0.217665,0.1723282
117,0.02944043,0.580679,0.2175251,0.1723555
118,0.02944366,0.5807294,0.2174755,0.1723515
119,0.02944371,0.5807421,0.2174819,0.1723324
120,0.02944221,0.5807304,0.2175202,0.1723071
121,0.02909405,0.5840046,0.2166713,0.1702301
122,0.02887459,0.5852284,0.2169689,0.1689282
123,0.02875074,0.5855431,0.2174709,0.1682353
124,0.02868043,0.5854896,0.2179575,0.1678724
125,0.02864116,0.5853142,0.218347,0.1676977
126,0.02861954,0.5851222,0.2186307,0.1676276
127,0.02860763,0.5849522,0.2188266,0.1676135
128,0.02860087,0.5848132,0.2189583,0.1676276
129,0.02859674,0.5847019,0.2190464,0.167655
130,0.02859388,0.5846123,0.2191059,0.1676879
131,0.02859158,0.5845386,0.2191477,0.1677222
132,0.02858944,0.5844761,0.2191787,0.1677557
133,0.03122991,0.5541934,0.231939,0.1826377
134,0.03306174,0.5379481,0.2366405,0.1923497
135,0.03428454,0.5299152,0.2373912,0.198409
136,0.035037,0.5264158,0.2368297,0.2017176
137,0.0354712,0.5252131,0.2360654,0.2032503
138,0.03570895,0.5250673,0.2354631,0.2037607
139,0.03583683,0.5253561,0.2350398,0.2037673
140,0.0359114,0.5258028,0.234689,0.2035967
141,0.03596691,0.5263042,0.2342909,0.203438
142,0.03602333,0.5268336,0.2337482,0.2033949
143,0.03609094,0.5273923,0.2330026,0.2035142
144,0.03617411,0.5279884,0.232029,0.2038085
145,0.03258261,0.5655791,0.2180173,0.183821
146,0.03074454,0.5797992,0.2153892,0.1740672
147,0.02981455,0.5851305,0.2154743,0.1695806
148,0.02934049,0.5868734,0.2161397,0.1676463
149,0.02910132,0.5872095,0.2167376,0.1669517
150,0.02898305,0.5870535,0.2171268,0.1668366
151,0.02892597,0.5867699,0.2173336,0.1669704
152,0.02889888,0.5864862,0.2174233,0.1671916
153,0.02888562,0.586233,0.2174563,0.1674252
154,0.02887783,0.5860073,0.2174772,0.1676377
155,0.02887128,0.5857968,0.2175158,0.167816
156,0.02886381,0.5855896,0.2175906,0.1679559
157,0.03511449,0.5187548,0.2423567,0.2037739
158,0.0406074,0.4742915,0.2507344,0.2343667
159,0.04499039,0.446313,0.2510824,0.2576142
160,0.04822013,0.4300014,0.2481168,0.2736617
161,0.05042367,0.4213925,0.2445784,0.2836054
162,0.05181393,0.4175053,0.2417458,0.2889349
163,0.05261977,0.4162692,0.2399884,0.2911226
164,0.05304258,0.416372,0.2391889,0.2913966
165,0.05323823,0.4170681,0.2390256,0.2906681
166,0.05331711,0.4179859,0.23914,0.2895569
167,0.05335228,0.4189695,0.2392225,0.2884558
168,0.05338861,0.4199699,0.2390503,0.2875912
169,0.04829752,0.4675542,0.2243519,0.2597963
170,0.04541961,0.4899722,0.2198729,0.2447353
171,0.04415079,0.500625,0.2160999,0.2391241
172,0.04355187,0.5064132,0.2128985,0.2371365
173,0.04325381,0.5097159,0.2105253,0.2365051
174,0.0431158,0.5117031,0.2087185,0.2364626
175,0.04305885,0.5129691,0.2073638,0.2366082
176,0.04304044,0.5138243,0.2063794,0.2367557
177,0.04303901,0.5144342,0.2056904,0.2368364
178,0.04304441,0.5148885,0.2052287,0.2368384
179,0.0430519,0.5152391,0.2049383,0.2367707
180,0.04305924,0.515518,0.2047764,0.2366465
181,0.04159889,0.5293954,0.2003724,0.2286334
182,0.04068775,0.5359923,0.1996188,0.2237012
183,0.04014154,0.5389307,0.2001396,0.2207881
184,0.03981824,0.5400659,0.2010406,0.2190753
185,0.03962822,0.5403633,0.2019543,0.2180542
186,0.03951577,0.5403093,0.2027602,0.2174148
187,0.03944671,0.5401363,0.2034456,0.2169714
188,0.03940037,0.5399458,0.204039,0.2166148
189,0.03936441,0.539775,0.204579,0.2162816
190,0.03933174,0.5396308,0.2051004,0.215937
191,0.03929827,0.5395085,0.2056311,0.2155621
192,0.03926174,0.5394,0.2061911,0.2151471
193,0.03838548,0.5472969,0.2040701,0.2102476
194,0.03782584,0.5508765,0.2041703,0.2071273
195,0.0374721,0.5523293,0.2050597,0.2051389
196,0.03724705,0.5527534,0.2061571,0.2038424
197,0.03710047,0.5527223,0.2072209,0.2029563
198,0.03700113,0.5525225,0.2081657,0.2023106
199,0.03693028,0.5522891,0.2089735,0.2018072
200,0.03687708,0.5520797,0.2096505,0.2013927
201,0.03683569,0.5519149,0.2102082,0.2010412
202,0.03680332,0.5517986,0.2106549,0.2007432
203,0.03677879,0.5517283,0.2109955,0.2004974
204,0.03676173,0.5516996,0.2112334,0.2003053
205,0.04037965,0.5174628,0.2225704,0.2195871
206,0.043116,0.4978694,0.2252925,0.2337221
207,0.04502542,0.4874477,0.2244457,0.2430811
208,0.0462818,0.4825656,0.2223454,0.2488072
209,0.0470682,0.4807881,0.2201176,0.2520261
210,0.04754405,0.4805979,0.2181828,0.2536753
211,0.04783094,0.4811233,0.2166026,0.2544433
212,0.04801307,0.4819076,0.21529,0.2547894
213,0.04814377,0.4827385,0.2141273,0.2549903
214,0.04825182,0.4835352,0.2130341,0.2551789
215,0.04835117,0.4842751,0.2119686,0.2554052
216,0.0484468,0.4849585,0.2109233,0.2556714
217,0.04383881,0.5264355,0.1982116,0.231514
218,0.04125236,0.5441338,0.1962501,0.2183638
219,0.03984936,0.5512557,0.197327,0.2115679
220,0.03908483,0.5537099,0.1990974,0.2081079
221,0.03867321,0.5541805,0.2007221,0.2064242
222,0.03845702,0.5538989,0.20197,0.2056741
223,0.0383476,0.55341,0.202846,0.2053964
224,0.03829483,0.5529328,0.2034316,0.2053407
225,0.03827067,0.5525365,0.2038188,0.2053738
226,0.03825961,0.5522271,0.2040858,0.2054275
227,0.03825336,0.5519874,0.2042908,0.2054684
228,0.03824765,0.5517958,0.2044743,0.2054822
229,0.03893921,0.5446295,0.2074142,0.2090171
230,0.03938116,0.5409284,0.208556,0.2111344
231,0.03965592,0.5390741,0.2089212,0.2123488
232,0.03981475,0.5381994,0.2090393,0.2129466
233,0.03989799,0.5378066,0.2091434,0.2131521
234,0.03993415,0.5376276,0.2093165,0.2131217
235,0.03994239,0.537529,0.2095703,0.2129583
236,0.03993507,0.5374513,0.2098857,0.2127279
237,0.03992013,0.5373741,0.2102333,0.2124725
238,0.0399026,0.5372956,0.2105826,0.2122192
239,0.0398857,0.5372219,0.2109066,0.2119858
240,0.03987148,0.5371617,0.2111829,0.2117838
241,0.03827935,0.5503618,0.2082374,0.2031215
242,0.03729473,0.5557348,0.2091637,0.1978068
243,0.03674734,0.5575412,0.2107206,0.1949909
244,0.03644555,0.5578552,0.2121563,0.1935429
245,0.03628563,0.5576259,0.2132178,0.1928706
246,0.03620631,0.5572725,0.2138921,0.1926289
247,0.03617128,0.5569586,0.2142544,0.1926156
248,0.03615926,0.5567297,0.2143979,0.1927131
249,0.03615809,0.5565816,0.2144053,0.1928552
250,0.0361614,0.5564944,0.2143359,0.1930084
251,0.0361659,0.556447,0.2142309,0.1931563
252,0.03617003,0.5564219,0.2141162,0.1932918
253,0.035679,0.5626995,0.2104782,0.1911434
254,0.03539535,0.565896,0.2085888,0.1901199
255,0.03520482,0.5675183,0.2077953,0.1894816
256,0.03508529,0.5682728,0.2074857,0.1891562
257,0.03501153,0.5685716,0.2073937,0.1890232
258,0.03496564,0.5686395,0.207399,0.188996
259,0.034936,0.5685934,0.2074503,0.1890204
260,0.03491534,0.5684925,0.2075282,0.1890639
261,0.03489934,0.5683652,0.2076265,0.1891089
262,0.03488548,0.5682247,0.2077437,0.1891461
263,0.03487238,0.5680768,0.2078793,0.1891716
264,0.03485934,0.567924,0.2080323,0.1891845
265,0.03815434,0.5347436,0.2206385,0.2064637
266,0.04053209,0.515995,0.2251339,0.2183389
267,0.04215537,0.5060394,0.2258226,0.2259827
268,0.04318202,0.50125,0.2251925,0.2303755
269,0.0437867,0.4992612,0.2243893,0.2325628
270,0.04411872,0.4986556,0.2238205,0.2334052
271,0.04429054,0.4986604,0.2235176,0.2335316
272,0.0443802,0.4989006,0.2233525,0.2333667
273,0.04443814,0.4992244,0.2231605,0.233177
274,0.04449365,0.4995891,0.2228087,0.2331086
275,0.04456157,0.4999952,0.2222171,0.2332261
276,0.04464649,0.5004533,0.2213647,0.2335356
277,0.04583968,0.4920592,0.2222664,0.2398348
278,0.04674292,0.4880004,0.2206384,0.2446183
279,0.04736538,0.4864207,0.2183747,0.2478391
280,0.04778556,0.4861829,0.2160809,0.2499506
281,0.04806583,0.486601,0.2140301,0.251303
282,0.04825262,0.4872844,0.2123102,0.2521527
283,0.04837857,0.4880258,0.2109183,0.2526773
284,0.04846548,0.4887259,0.2098149,0.2529936
285,0.04852739,0.4893456,0.2089513,0.2531757
286,0.04857316,0.4898765,0.2082806,0.2532698
287,0.04860825,0.4903249,0.2077626,0.2533043
288,0.04863598,0.4907021,0.2073655,0.2532964
289,0.04424679,0.529127,0.1959426,0.2306836
290,0.04174938,0.5455748,0.1944595,0.2182163
291,0.04036885,0.5521346,0.1958482,0.2116484
292,0.03959924,0.5542957,0.1978822,0.2082228
293,0.03917144,0.5545834,0.1997507,0.2064944
294,0.03893563,0.5541633,0.2012265,0.2056746
295,0.0388065,0.5535528,0.2023151,0.2053256
296,0.03873511,0.5529597,0.2031003,0.2052049
297,0.0386936,0.5524494,0.2036769,0.2051802
298,0.03866649,0.5520259,0.2041249,0.2051827
299,0.03864538,0.551672,0.2045045,0.2051781
300,0.0386258,0.5513663,0.2048571,0.2051508
301,0.03506302,0.583181,0.1951948,0.1865612
302,0.03313507,0.5946972,0.1953209,0.1768469
303,0.03208869,0.598152,0.1978643,0.171895
304,0.0315087,0.5983847,0.2007036,0.169403
305,0.0311836,0.5974644,0.203137,0.1682151
306,0.03099864,0.5962598,0.2050283,0.1677132
307,0.03088989,0.5951027,0.2064477,0.1675597
308,0.03082166,0.5940899,0.2075173,0.1675712
309,0.03077427,0.5932238,0.2083518,0.1676502
310,0.03073687,0.5924754,0.2090423,0.1677454
311,0.03070391,0.5918119,0.2096509,0.1678333
312,0.03067269,0.5912062,0.2102163,0.1679049
313,0.03534894,0.5439796,0.2274094,0.1932621
314,0.03908292,0.5158351,0.2320998,0.2129822
315,0.04178047,0.5003151,0.2313697,0.2265348
316,0.04357782,0.4927038,0.2287763,0.2349421
317,0.04468212,0.4896061,0.2261714,0.2395404
318,0.04530511,0.4888091,0.2242741,0.2416117
319,0.04562428,0.4890178,0.2231712,0.2421868
320,0.04577115,0.4895679,0.2226542,0.2420066
321,0.04583568,0.4901801,0.2224188,0.2415655
322,0.04587344,0.4907784,0.2221911,0.2411571
323,0.04591593,0.4913732,0.2217731,0.2409378
324,0.04597778,0.4919963,0.2210588,0.2409673
325,0.04560986,0.4969942,0.2184234,0.2389725
326,0.04542531,0.5000201,0.2164602,0.2380943
327,0.04535178,0.5019993,0.214798,0.237851
328,0.04534829,0.5033984,0.21326,0.2379934
329,0.04538288,0.5044704,0.2118221,0.2383246
330,0.04543433,0.5053433,0.2105073,0.238715
331,0.04548993,0.5060782,0.2093429,0.2390889
332,0.0455427,0.5067042,0.2083458,0.2394073
333,0.0455893,0.5072368,0.2075196,0.2396543
334,0.04562922,0.5076857,0.2068525,0.2398326
335,0.04566279,0.5080607,0.2063267,0.2399498
336,0.04569072,0.5083715,0.2059227,0.240015
337,0.04606223,0.5055077,0.2066125,0.2418176
338,0.04631326,0.5040749,0.2066727,0.242939
339,0.04647637,0.5034276,0.2065173,0.2435787
340,0.04657876,0.5032004,0.2063279,0.2438929
341,0.04664049,0.5031809,0.2061847,0.2439939
342,0.04667543,0.5032509,0.2061169,0.2439568
343,0.04669273,0.5033479,0.2061295,0.2438298
344,0.04669836,0.5034419,0.2062167,0.2436431
345,0.04669615,0.5035193,0.2063688,0.2434157
346,0.04668834,0.5035762,0.2065773,0.2431581
347,0.04667646,0.5036125,0.2068334,0.2428777
348,0.04666168,0.5036297,0.2071282,0.2425804
349,0.03896314,0.5672442,0.1913757,0.202417
350,0.03520881,0.587255,0.1942419,0.1832943
351,0.03336853,0.592437,0.1997804,0.1744141
352,0.03241317,0.5924971,0.2049242,0.1701655
353,0.03190977,0.5909756,0.2088909,0.1682237
354,0.03164406,0.589211,0.2116945,0.1674504
355,0.03150271,0.5876533,0.2135926,0.1672513
356,0.03142447,0.5863944,0.2148691,0.1673121
357,0.03137647,0.5853962,0.2157579,0.1674695
358,0.03134136,0.5845879,0.2164293,0.1676415
359,0.03131042,0.5839025,0.2169963,0.1677906
360,0.03127951,0.5832897,0.2175286,0.1679023
361,0.03529324,0.5442437,0.2308625,0.1896006
362,0.03843123,0.5221483,0.2331257,0.2062947
363,0.04061145,0.5107002,0.2313371,0.2173513
364,0.04201188,0.5055881,0.228417,0.2239831
365,0.04284012,0.5038657,0.2258151,0.227479
366,0.04328523,0.503722,0.2240358,0.228957
367,0.04349506,0.504162,0.2230798,0.2292632
368,0.04357374,0.5047148,0.222733,0.2289784
369,0.04358972,0.5052093,0.2227253,0.2284757
370,0.04358632,0.5056244,0.2228015,0.2279879
371,0.04358915,0.5059996,0.2227619,0.2276493
372,0.04361163,0.506387,0.2224754,0.227526
373,0.04421847,0.5016585,0.2236476,0.2304754
374,0.04466033,0.4994922,0.2232479,0.2325997
375,0.04498449,0.4987579,0.2220932,0.2341644
376,0.04522911,0.498821,0.2205795,0.2353704
377,0.04542033,0.4993031,0.2189311,0.2363455
378,0.04557437,0.499983,0.2172833,0.2371593
379,0.04570086,0.5007322,0.215721,0.2378459
380,0.0458056,0.5014765,0.2142961,0.2384218
381,0.04589243,0.5021749,0.2130362,0.2388965
382,0.04596398,0.5028062,0.2119533,0.2392765
383,0.04602259,0.5033619,0.2110449,0.2395706
384,0.04607037,0.5038412,0.2102992,0.2397892
385,0.04622437,0.503423,0.2097749,0.2405778
386,0.04633648,0.5033718,0.209172,0.2411198
387,0.04641129,0.5035012,0.2086527,0.2414349
388,0.04646056,0.5036988,0.2082458,0.2415949
389,0.04649229,0.5039065,0.2079534,0.2416479
390,0.0465117,0.504097,0.2077667,0.2416246
391,0.046522,0.5042596,0.2076749,0.2415435
392,0.04652504,0.5043918,0.2076686,0.2414146
393,0.04652185,0.5044938,0.2077412,0.2412431
394,0.0465133,0.5045677,0.207885,0.2410339
395,0.04649998,0.5046158,0.2080938,0.2407903
396,0.04648234,0.5046407,0.2083619,0.2405151
397,0.04774539,0.4951987,0.2098913,0.2471647
398,0.04865346,0.4903823,0.20909,0.2518743
399,0.04921373,0.4882756,0.2079381,0.2545726
400,0.04954176,0.4875984,0.2068871,0.2559727
401,0.04971968,0.4876058,0.2061157,0.256559
402,0.04980498,0.4878882,0.2056465,0.2566604
403,0.04983636,0.4882392,0.2054312,0.2564932
404,0.04983885,0.4885682,0.2053982,0.2561948
405,0.04982809,0.4888467,0.2054751,0.2558501
406,0.0498134,0.4890761,0.205602,0.2555085
407,0.04980015,0.4892697,0.2057322,0.2551979
408,0.04979122,0.4894429,0.2058325,0.2549334
409,0.04399817,0.5377129,0.1929152,0.2253737
410,0.04086602,0.5566943,0.1925663,0.2098734
411,0.03921841,0.5635328,0.1950971,0.2021516
412,0.03833281,0.5653926,0.1979534,0.1983213
413,0.03785827,0.5653045,0.2003151,0.1965221
414,0.03760754,0.5645806,0.2020361,0.1957758
415,0.03747693,0.5637605,0.2032104,0.1955522
416,0.03740855,0.563035,0.2039926,0.1955639
417,0.03737026,0.562445,0.204526,0.1956588
418,0.03734469,0.5619741,0.2049215,0.1957597
419,0.03732267,0.5615901,0.2052566,0.1958306
420,0.03729966,0.5612628,0.2055808,0.1958566
421,0.03754454,0.5582654,0.2070046,0.1971855
422,0.03768253,0.5566633,0.2077556,0.1978985
423,0.03775363,0.5557759,0.2082253,0.1982451
424,0.03777811,0.5552564,0.20863,0.1983355
425,0.03777284,0.554913,0.2090495,0.1982647
426,0.03774991,0.5546482,0.2095011,0.1981009
427,0.03771766,0.5544176,0.2099729,0.1978918
428,0.03768195,0.5542051,0.2104412,0.1976717
429,0.03764699,0.5540087,0.2108784,0.1974659
430,0.03761595,0.5538325,0.2112568,0.1972948
431,0.03759115,0.5536826,0.2115526,0.1971736
432,0.03757415,0.5535651,0.2117478,0.1971131
433,0.04088024,0.521548,0.2236965,0.2138753
434,0.04325264,0.5033413,0.2280948,0.2253114
435,0.04488726,0.4935552,0.2287646,0.232793
436,0.04593438,0.4887789,0.2280794,0.2372074
437,0.04657336,0.4867725,0.2270576,0.2395965
438,0.04695638,0.4861885,0.2260432,0.2408119
439,0.04719661,0.4862854,0.225052,0.241466
440,0.04737043,0.4866943,0.2239776,0.2419577
441,0.04752371,0.4872532,0.2227097,0.2425133
442,0.0476773,0.4879003,0.2212073,0.2432151
443,0.04783596,0.4886093,0.2195009,0.244054
444,0.04799497,0.4893592,0.2176789,0.244967
445,0.04812585,0.4884357,0.2181027,0.2453358
446,0.04817237,0.4879163,0.218706,0.2452053
447,0.04822207,0.4875567,0.2190463,0.2451748
448,0.0482696,0.4873212,0.219222,0.2451872
449,0.04831515,0.487175,0.2192802,0.2452296
450,0.04835889,0.4870938,0.2192541,0.2452931
451,0.04840075,0.4870597,0.2191695,0.2453701
452,0.04844041,0.4870596,0.2190475,0.2454524
453,0.04847743,0.4870834,0.2189061,0.245533
454,0.04851176,0.4871233,0.2187567,0.2456083
455,0.04854335,0.4871731,0.218608,0.2456756
456,0.04857218,0.4872286,0.2184663,0.2457328
457,0.04822639,0.4935881,0.2134891,0.2446965
458,0.04816221,0.4977254,0.2087885,0.2453239
459,0.04809158,0.5006131,0.2056632,0.2456321
460,0.04802147,0.5026194,0.203638,0.2457211
461,0.04795831,0.5039796,0.2023779,0.2456843
462,0.04790448,0.5048727,0.2016435,0.2455793
463,0.04785907,0.5054367,0.2012714,0.2454329
464,0.04781954,0.5057737,0.2011537,0.2452531
465,0.04778299,0.5059562,0.2012216,0.2450391
466,0.04774679,0.506034,0.2014319,0.2447872
467,0.04770885,0.5060404,0.2017579,0.2444928
468,0.04766713,0.5059943,0.202189,0.2441495
469,0.04159425,0.5555638,0.1897623,0.2130796
470,0.03839541,0.5733957,0.1910699,0.197139
471,0.03673266,0.5788947,0.1951105,0.1892621
472,0.03583467,0.5796381,0.1992271,0.1853001
473,0.03534246,0.5786889,0.2026148,0.1833538
474,0.0350698,0.5773116,0.2051653,0.1824532
475,0.03491515,0.5759903,0.2070144,0.1820801
476,0.03482237,0.5748693,0.2083529,0.1819554
477,0.03476061,0.5739563,0.2093514,0.1819317
478,0.0347133,0.5732108,0.2101414,0.1819346
479,0.03467208,0.5725867,0.2108102,0.1819311
480,0.03463316,0.5720458,0.2114107,0.1819103
481,0.03872324,0.5347423,0.2229449,0.2035896
482,0.04190948,0.5133999,0.2244773,0.2202133
483,0.04411966,0.5022371,0.2224287,0.2312145
484,0.04555052,0.4972088,0.2193355,0.2379051
485,0.04640888,0.4955504,0.2165027,0.2415379
486,0.04688134,0.4955277,0.2144005,0.2431905
487,0.04711433,0.4961547,0.2130506,0.2436804
488,0.04721214,0.4969356,0.2122776,0.2435746
489,0.04724437,0.4976646,0.2118486,0.2432425
490,0.04725377,0.4982885,0.2115542,0.2429035
491,0.04726523,0.4988215,0.2112332,0.24268
492,0.04729142,0.4992979,0.2107831,0.2426276
493,0.04379271,0.5300544,0.2013256,0.2248273
494,0.04178975,0.5435608,0.1996312,0.2150183
495,0.0406971,0.5492023,0.2000848,0.2100157
496,0.04011412,0.5512865,0.2009636,0.2076357
497,0.03981705,0.551825,0.2016881,0.2066698
498,0.03967724,0.5517526,0.2021377,0.2064325
499,0.03962044,0.5514867,0.2023549,0.206538
500,0.03960443,0.551198,0.2024219,0.2067756
501,0.03960585,0.5509432,0.2024148,0.2070361
502,0.03961243,0.5507303,0.202389,0.2072683
503,0.03961802,0.55055,0.2023811,0.207451
504,0.03961974,0.5503894,0.2024129,0.2075779
505,0.04287507,0.5212556,0.2114085,0.2244608
506,0.04528339,0.5047812,0.2133263,0.236609
507,0.04692602,0.4961036,0.2124676,0.2445028
508,0.04797552,0.4920624,0.2107621,0.2492
509,0.04859969,0.4905698,0.2091546,0.251676
510,0.04893918,0.4903378,0.2080045,0.2527185
511,0.04910014,0.490633,0.207362,0.2529049
512,0.04915715,0.4910772,0.207135,0.2526306
513,0.04916012,0.4915027,0.2071824,0.2521548
514,0.04914051,0.4918569,0.2073656,0.251637
515,0.04911796,0.4921414,0.2075656,0.2511751
516,0.04910406,0.4923797,0.207691,0.2508253
517,0.04421391,0.5335078,0.1963617,0.2259166
518,0.04150357,0.5503644,0.1955856,0.2125465
519,0.0400612,0.5567648,0.1973374,0.2058365
520,0.03929289,0.5587299,0.1993945,0.2025828
521,0.03889433,0.558902,0.2010394,0.2011642
522,0.03869747,0.5584528,0.202154,0.2006958
523,0.0386076,0.5578759,0.2028284,0.2006882
524,0.0385714,0.5573525,0.2032014,0.2008747
525,0.03855943,0.556927,0.2033987,0.2011149
526,0.03855605,0.5565892,0.2035147,0.20134
527,0.03855331,0.5563139,0.203613,0.2015199
528,0.03854746,0.5560757,0.2037332,0.2016436
529,0.04078684,0.535566,0.210379,0.2132682
530,0.04236217,0.524615,0.2118098,0.2212131
531,0.04338495,0.519194,0.2113083,0.2261127
532,0.04400502,0.5168487,0.2102956,0.2288506
533,0.04435048,0.5160695,0.2094248,0.2301551
534,0.04451942,0.5159928,0.2089192,0.2305685
535,0.04458119,0.516165,0.2087885,0.2304653
536,0.04458231,0.5163749,0.2089508,0.2300919
537,0.04455311,0.5165443,0.2092953,0.2296073
538,0.04451283,0.5166606,0.209715,0.2291116
539,0.04447374,0.5167397,0.2101177,0.2286688
540,0.04444355,0.5168059,0.2104309,0.2283197
541,0.04687215,0.4961772,0.2163795,0.2405712
542,0.04865706,0.484738,0.2172418,0.2493632
543,0.04985868,0.4788883,0.216253,0.255
544,0.05064124,0.476294,0.2145982,0.2584665
545,0.05113918,0.4754825,0.2128532,0.2605251
546,0.05145706,0.4755701,0.2112258,0.2617471
547,0.0516683,0.4760609,0.2097524,0.2625184
548,0.05181981,0.476697,0.208411,0.2630722
549,0.05193879,0.4773544,0.2071751,0.2635316
550,0.05203967,0.4779791,0.2060302,0.263951
551,0.05212903,0.4785498,0.2049759,0.2643453
552,0.05220935,0.4790605,0.2040195,0.2647107
553,0.05174865,0.4835848,0.2023773,0.2622892
554,0.05144678,0.4860341,0.2018137,0.2607055
555,0.05127717,0.4872924,0.2015968,0.2598336
556,0.05118961,0.4879108,0.2015161,0.2593835
557,0.0511509,0.4881995,0.2014788,0.2591708
558,0.05113916,0.4883287,0.2014547,0.2590774
559,0.05114051,0.4883874,0.2014408,0.2590312
560,0.05114653,0.488419,0.2014447,0.2589899
561,0.05115223,0.4884423,0.2014754,0.25893
562,0.05115502,0.4884643,0.2015405,0.2588402
563,0.05115357,0.4884859,0.2016445,0.2587159
564,0.05114742,0.4885064,0.20179,0.2585562
565,0.04814768,0.5131954,0.1951821,0.2434747
566,0.04631086,0.5246654,0.1945391,0.2344847
567,0.04524019,0.5295695,0.1957394,0.2294508
568,0.04462095,0.5313304,0.1973606,0.2266881
569,0.04426578,0.5316673,0.1988587,0.2252082
570,0.04406252,0.5314268,0.2000802,0.2244305
571,0.04394419,0.5310065,0.2010328,0.2240165
572,0.04387124,0.5305771,0.2017786,0.223773
573,0.04382081,0.5301991,0.2023866,0.2235935
574,0.04378014,0.5298828,0.2029145,0.2234226
575,0.04374246,0.5296201,0.2034032,0.2232342
576,0.04370452,0.5293977,0.2038786,0.2230192
577,0.04334769,0.5320459,0.2033997,0.2212067
578,0.04310966,0.5333225,0.2035325,0.2200354
579,0.04294463,0.5338871,0.2039404,0.2192279
580,0.04282995,0.5340815,0.2044181,0.2186705
581,0.04274793,0.5341004,0.2048804,0.2182713
582,0.04268719,0.5340469,0.205292,0.2179739
583,0.04264094,0.5339727,0.2056396,0.2177467
584,0.04260535,0.5339029,0.2059183,0.2175736
585,0.04257838,0.533848,0.206126,0.2174476
586,0.04255917,0.5338125,0.2062606,0.2173678
587,0.04254723,0.5337979,0.2063208,0.2173339
588,0.04254214,0.5338043,0.206308,0.2173456
589,0.04278024,0.5320044,0.206572,0.2186434
590,0.04294633,0.5312135,0.2062727,0.2195676
591,0.04305121,0.5309581,0.2058341,0.2201566
592,0.04312023,0.5309595,0.2053608,0.2205594
593,0.04316746,0.5310721,0.2049078,0.2208526
594,0.0432017,0.5312201,0.2044961,0.221082
595,0.04322825,0.5313665,0.2041317,0.2212736
596,0.04325001,0.5314944,0.2038152,0.2214404
597,0.04326846,0.5315977,0.2035459,0.2215879
598,0.04328433,0.531675,0.2033226,0.221718
599,0.04329785,0.5317274,0.2031441,0.2218307
600,0.04330904,0.5317569,0.2030091,0.2219249
601,0.04158941,0.5465412,0.1986194,0.21325
602,0.04054641,0.5530152,0.19829,0.2081483
603,0.03994457,0.5555227,0.199166,0.2053667
604,0.03960291,0.5561865,0.2002949,0.2039157
605,0.03941298,0.5560583,0.2013151,0.2032136
606,0.03930915,0.555643,0.2021332,0.2029147
607,0.03925215,0.5551665,0.2027645,0.2028168
608,0.03921896,0.5547179,0.2032582,0.202805
609,0.03919638,0.5543219,0.2036657,0.202816
610,0.03917725,0.5539768,0.204028,0.2028179
611,0.03915786,0.5536719,0.2043741,0.2027962
612,0.03913653,0.5533959,0.2047217,0.2027459
613,0.04098342,0.5362694,0.2105955,0.2121518
614,0.04224917,0.5272389,0.2121389,0.2183729
615,0.04305448,0.5227999,0.2120358,0.2221099
616,0.04353026,0.5208742,0.2114819,0.2241137
617,0.0437877,0.5202098,0.2109943,0.225008
618,0.04391067,0.5201082,0.2107286,0.2252526
619,0.04395779,0.5202131,0.2106664,0.2251627
620,0.04396802,0.5203667,0.2107208,0.2249444
621,0.04396613,0.5205163,0.2107906,0.2247269
622,0.04396642,0.5206583,0.210793,0.2245823
623,0.04397643,0.5208068,0.210671,0.2245458
624,0.043999,0.5209778,0.2103965,0.2246267
625,0.04383564,0.5227275,0.209655,0.2237818
626,0.04374753,0.5236902,0.2091895,0.2233728
627,0.04372149,0.5242507,0.2086944,0.2233334
628,0.04373149,0.5246255,0.2081403,0.2235027
629,0.04376166,0.524915,0.2075394,0.2237838
630,0.04380127,0.5251616,0.2069266,0.2241106
631,0.04384331,0.5253778,0.2063398,0.2244391
632,0.04388362,0.5255644,0.2058089,0.2247431
633,0.04391988,0.5257182,0.2053531,0.2250087
634,0.04395055,0.5258374,0.204986,0.225226
635,0.04397492,0.5259216,0.2047122,0.2253913
636,0.04399286,0.5259719,0.2045304,0.2255049
637,0.04663837,0.5036249,0.2108,0.2389367
638,0.04856836,0.4911071,0.2118542,0.2484703
639,0.0498629,0.4845688,0.211022,0.2545463
640,0.0506819,0.4815411,0.2096629,0.2581141
641,0.05116732,0.4804307,0.2084236,0.2599785
642,0.05143308,0.4802691,0.2075335,0.2607643
643,0.05156287,0.4805098,0.2070094,0.2609179
644,0.05161415,0.4808716,0.2067773,0.260737
645,0.0516242,0.4812288,0.2067379,0.260409
646,0.05161682,0.4815389,0.2067933,0.2600509
647,0.05160623,0.4818004,0.2068629,0.2597305
648,0.05160054,0.4820281,0.2068873,0.2594841
649,0.04761359,0.5146084,0.1983681,0.2394097
650,0.04527016,0.5290353,0.1977519,0.2279426
651,0.04398232,0.5349451,0.1990937,0.221979
652,0.04328201,0.5370294,0.2006892,0.2189994
653,0.04291449,0.5374713,0.2019588,0.2176555
654,0.04273302,0.537285,0.2028019,0.2171801
655,0.04265226,0.5369192,0.2032928,0.2171357
656,0.04262292,0.5365523,0.2035479,0.2172769
657,0.04261698,0.5362386,0.2036739,0.2174704
658,0.04261893,0.5359815,0.2037525,0.217647
659,0.04262056,0.5357665,0.2038386,0.2177744
660,0.04261779,0.5355767,0.2039657,0.2178399
661,0.04340784,0.529128,0.2054527,0.2220115
662,0.04393996,0.5259546,0.2053234,0.224782
663,0.044252,0.5245609,0.2048742,0.2263129
664,0.04442092,0.5240562,0.2044634,0.2270595
665,0.04449767,0.5239509,0.2042419,0.2273095
666,0.04451685,0.5239893,0.2042397,0.2272542
667,0.04450138,0.5240493,0.2044313,0.2270181
668,0.04446613,0.5240817,0.2047706,0.2266816
669,0.04442088,0.5240744,0.2052066,0.226298
670,0.0443723,0.524033,0.2056895,0.2259052
671,0.04432523,0.5239699,0.2061735,0.2255314
672,0.04428323,0.5238997,0.2066177,0.2251994
673,0.04298959,0.5341483,0.2043452,0.218517
674,0.0421727,0.5386999,0.20476,0.2143674
675,0.04170774,0.5404683,0.2056911,0.2121329
676,0.04145082,0.5409832,0.2065637,0.2110023
677,0.04132055,0.5409908,0.2071536,0.210535
678,0.04126565,0.540845,0.2074334,0.2104559
679,0.0412541,0.5406967,0.2074552,0.210594
680,0.04126622,0.5405961,0.2072931,0.2108447
681,0.04129019,0.5405473,0.2070172,0.2111453
682,0.04131847,0.5405367,0.2066903,0.2114545
683,0.04134661,0.5405459,0.2063596,0.2117479
684,0.04137206,0.5405588,0.2060582,0.212011
685,0.04220275,0.5333696,0.2081339,0.2162938
686,0.04275927,0.5297411,0.2084063,0.2190933
687,0.04311103,0.528034,0.2080567,0.2207983
688,0.0433219,0.5273336,0.2075808,0.2217638
689,0.04344075,0.5271161,0.2071859,0.2222572
690,0.04350197,0.5271006,0.2069345,0.222463
691,0.04352842,0.5271475,0.2068227,0.2225014
692,0.04353467,0.5271958,0.2068222,0.2224474
693,0.04352963,0.5272239,0.2069007,0.2223457
694,0.0435191,0.5272297,0.2070258,0.2222254
695,0.04350662,0.5272185,0.2071706,0.2221043
696,0.04349435,0.5271981,0.2073143,0.2219932
697,0.0370755,0.5827362,0.1904714,0.1897169
698,0.03393655,0.6011491,0.1903763,0.1745381
699,0.03234669,0.6064805,0.1938217,0.1673512
700,0.03151229,0.6069506,0.1975562,0.1639809
701,0.03107203,0.6057737,0.2006114,0.1625428
702,0.03084099,0.6042275,0.2028495,0.1620819
703,0.03071982,0.6027771,0.2044092,0.1620939
704,0.03065414,0.6015476,0.2054885,0.1623098
705,0.03061426,0.6005322,0.2062653,0.1625882
706,0.03058419,0.599683,0.2068756,0.1628571
707,0.03055553,0.598948,0.2074149,0.1630816
708,0.03052399,0.5982839,0.2079462,0.1632459
709,0.03331829,0.5701341,0.2183213,0.1782263
710,0.03531905,0.5553692,0.2206081,0.1887036
711,0.03661254,0.5483594,0.2198825,0.1951457
712,0.03737335,0.5455446,0.2184573,0.1986247
713,0.03776579,0.5447289,0.2174002,0.2001051
714,0.03792137,0.544676,0.2170676,0.2003351
715,0.03792319,0.5446885,0.2176455,0.1997428
716,0.03765999,0.543476,0.2215954,0.1972685
717,0.03774195,0.5434654,0.2211948,0.1975979
718,0.03766086,0.5435416,0.2219565,0.196841
719,0.03729744,0.5429574,0.2256278,0.1941174
720,0.03771017,0.5428361,0.2225411,0.1969126
721,0.03824957,0.5393318,0.2225545,0.1998642
722,0.03866927,0.5381352,0.220918,0.2022775
723,0.03898005,0.5381661,0.2187018,0.204152
724,0.03921689,0.5388252,0.2162876,0.2056704
725,0.03940766,0.5397686,0.2138435,0.2069802
726,0.03956063,0.5407994,0.2115418,0.2080983
727,0.0396803,0.541786,0.2095129,0.2090207
728,0.03977178,0.5426385,0.2078362,0.2097534
729,0.03984095,0.5433019,0.2065416,0.2103156
730,0.03989347,0.5437572,0.2056159,0.2107334
731,0.03993313,0.5440171,0.2050211,0.2110287
732,0.03996194,0.5441155,0.2047054,0.2112172
733,0.03993089,0.5447187,0.2042594,0.2110909
734,0.03990937,0.5449974,0.2041025,0.2109907
735,0.03988788,0.5450801,0.2041793,0.2108527
736,0.03986572,0.5450422,0.2044094,0.2106827
737,0.03984114,0.5449342,0.2047484,0.2104763
738,0.03981276,0.544787,0.2051704,0.2102298
739,0.03977981,0.5446192,0.2056591,0.2099419
740,0.03974224,0.5444409,0.2062016,0.2096153
741,0.0397004,0.5442587,0.206786,0.209255
742,0.03965507,0.5440765,0.2074005,0.208868
743,0.03960739,0.5438976,0.2080313,0.2084637
744,0.03955888,0.5437251,0.2086618,0.2080542
745,0.04142598,0.5260523,0.2150232,0.2174986
746,0.04270529,0.5166639,0.2169609,0.2236699
747,0.0435218,0.5120124,0.2171417,0.2273242
748,0.0440078,0.5099803,0.2167775,0.2292345
749,0.04428044,0.5092852,0.2163598,0.2300746
750,0.04442923,0.5092148,0.2160075,0.2303485
751,0.04451653,0.509414,0.2156685,0.230401
752,0.04458177,0.5097308,0.2152432,0.2304442
753,0.04464636,0.5101172,0.2146502,0.2305862
754,0.04472005,0.5105663,0.2138451,0.2308686
755,0.04480404,0.5110815,0.2128319,0.2312825
756,0.04489483,0.5116602,0.2116541,0.2317909
757,0.03924107,0.5625413,0.1950809,0.2031368
758,0.03632869,0.5815561,0.1931578,0.1889574
759,0.03481545,0.5882494,0.1948602,0.1820749
760,0.03401064,0.5899715,0.1972229,0.1787949
761,0.03358412,0.5897533,0.1992966,0.177366
762,0.03336358,0.5888692,0.2008808,0.1768865
763,0.03325455,0.5878361,0.2020367,0.1768727
764,0.03320355,0.5868473,0.2028891,0.17706
765,0.03317989,0.5859612,0.2035549,0.1773041
766,0.03316588,0.5851811,0.2041262,0.1775268
767,0.03315168,0.58449,0.2046696,0.1776887
768,0.03313197,0.5838653,0.2052316,0.177771
769,0.03468327,0.5680491,0.2112233,0.1860444
770,0.03570657,0.560057,0.2129272,0.1913092
771,0.03632367,0.5562807,0.2131189,0.1942767
772,0.03665306,0.5546553,0.2130501,0.1956416
773,0.03678986,0.553996,0.2132647,0.1959495
774,0.03680326,0.5536717,0.2139359,0.1955892
775,0.03674012,0.5533648,0.2150779,0.1948173
776,0.03660711,0.5527802,0.2170148,0.1935979
777,0.03629877,0.5510094,0.2216687,0.1910231
778,0.03634217,0.550584,0.2218606,0.1912133
779,0.03614907,0.5501081,0.2240192,0.1897237
780,0.03587252,0.5490733,0.2274041,0.1876501
781,0.03400387,0.570937,0.216272,0.178787
782,0.03278277,0.580359,0.2138981,0.1729601
783,0.03218307,0.5843323,0.2128879,0.1705967
784,0.03187788,0.5860714,0.2122826,0.1697681
785,0.0317385,0.5868979,0.2115851,0.1697785
786,0.0316897,0.5873758,0.2107166,0.1702179
787,0.0316859,0.5877119,0.209769,0.1708332
788,0.0317014,0.5879466,0.2088725,0.1714795
789,0.03172383,0.5880569,0.2081317,0.1720876
790,0.03174737,0.5880166,0.20761,0.1726261
791,0.0317688,0.5878257,0.2073237,0.1730817
792,0.03178507,0.587513,0.2072573,0.1734446
793,0.03173463,0.5877607,0.2070979,0.1734067
794,0.03169784,0.5875902,0.2073178,0.1733942
795,0.03166496,0.5872226,0.2077523,0.1733601
796,0.03163047,0.5867624,0.2083276,0.1732796
797,0.03159096,0.586261,0.2090105,0.1731376
798,0.03154447,0.5857418,0.2097875,0.1729264
799,0.03149012,0.5852129,0.2106533,0.1726437
800,0.03142781,0.584676,0.2116048,0.1722914
801,0.03135829,0.5841296,0.212635,0.1718771
802,0.03128294,0.5835698,0.2137354,0.171412
803,0.03120129,0.5829716,0.2149374,0.1708898
804,0.03094775,0.5810313,0.2191204,0.1689007
805,0.03313162,0.5590622,0.2270285,0.1807777
806,0.03458169,0.5478854,0.229277,0.1882559
807,0.03514632,0.5419384,0.2328957,0.1900196
808,0.03599725,0.539701,0.229679,0.1946227
809,0.03594358,0.538652,0.2323206,0.1930838
810,0.03648251,0.5387062,0.2285961,0.1962152
811,0.03636762,0.5391127,0.2296449,0.1948748
812,0.03694304,0.5400791,0.2242193,0.1987586
813,0.03712698,0.5417328,0.2211511,0.199989
814,0.03727945,0.5433173,0.2183205,0.2010828
815,0.03740851,0.5447966,0.2157298,0.202065
816,0.03751675,0.5461494,0.2134041,0.2029297
817,0.03742481,0.548978,0.2109095,0.2026877
818,0.0373764,0.5507607,0.2092076,0.2026553
819,0.03735622,0.5519199,0.2079842,0.2027397
820,0.0373511,0.5526745,0.2071161,0.2028583
821,0.03735392,0.5531431,0.2065334,0.2029696
822,0.03736052,0.553396,0.2061915,0.2030519
823,0.03736801,0.5534829,0.2060567,0.2030924
824,0.03737397,0.5534455,0.2060981,0.2030825
825,0.03737615,0.553321,0.2062878,0.203015
826,0.03737259,0.5531406,0.2066027,0.2028841
827,0.03736183,0.5529276,0.2070243,0.2026864
828,0.03734315,0.5526971,0.2075375,0.2024223
829,0.03446777,0.5790365,0.1995665,0.1869292
830,0.03286505,0.5889079,0.1997122,0.1785147
831,0.03197423,0.5919946,0.2019978,0.1740334
832,0.03147191,0.5923025,0.2045746,0.171651
833,0.03118557,0.5915976,0.2068132,0.1704036
834,0.03101868,0.5906365,0.2085858,0.1697591
835,0.03091653,0.5897129,0.2099491,0.1694216
836,0.03084836,0.5889152,0.2110073,0.1692292
837,0.03079727,0.588248,0.2118577,0.169097
838,0.03075439,0.5876886,0.2125733,0.1689837
839,0.03071557,0.5872104,0.2132007,0.1688733
840,0.03067932,0.5867926,0.2137635,0.1687645
841,0.03199865,0.5726657,0.2194075,0.1759282
842,0.03286242,0.5657796,0.2209038,0.1804542
843,0.03339531,0.5627117,0.2207895,0.1831035
844,0.03370154,0.561556,0.2202468,0.1844956
845,0.03386802,0.5612685,0.2197164,0.1851471
846,0.03395659,0.5613326,0.2192905,0.1854203
847,0.03400761,0.5615264,0.2189174,0.1855487
848,0.03404507,0.5617746,0.2185129,0.1856675
849,0.03408121,0.562062,0.2180166,0.1858401
850,0.03412088,0.5623882,0.2174058,0.1860851
851,0.03416474,0.5627506,0.216689,0.1863957
852,0.03421176,0.5631411,0.2158919,0.1867552
853,0.03398106,0.5663229,0.2140371,0.1856589
854,0.03385555,0.5679681,0.2130083,0.185168
855,0.03379655,0.5688546,0.2122995,0.1850494
856,0.03377774,0.5693519,0.2117261,0.1851442
857,0.03378115,0.5696418,0.2112337,0.1853434
858,0.03379548,0.569809,0.2108169,0.1855786
859,0.03381383,0.5698923,0.2104848,0.185809
860,0.03383193,0.5699121,0.2102456,0.1860104
861,0.03384709,0.5698816,0.2101025,0.1861688
862,0.03385776,0.5698122,0.2100525,0.1862775
863,0.03386302,0.569714,0.210089,0.186334
864,0.03386246,0.5695949,0.2102042,0.1863385
865,0.03390656,0.5689789,0.2105466,0.186568
866,0.03392626,0.5686175,0.2108137,0.1866426
867,0.03392758,0.5683803,0.2110928,0.1865993
868,0.03391579,0.5682005,0.2114123,0.1864714
869,0.03389467,0.5680443,0.2117784,0.1862826
870,0.03386704,0.5678961,0.212186,0.1860509
871,0.03383515,0.5677496,0.2126243,0.1857909
872,0.03380093,0.5676041,0.213079,0.1855159
