EwEVersion,"6.5.13829.0 (compiled 2016-05-17)"
Date,"2016-09-06 16:04:16"
ModelName,Baltic_Proper-SEALS
EcosimScenario,Proper1_SealVuln100_19742100_seal0_cofF03
TimeSeries,new_data_weights_19742100_BAU_WAR1_codF03_seal0
StartYear,1974

Data,"Prey of microzooplankton"

TimeStep,"Cyanobacteria","Phytoplankton","Detritus-water column",
1,0.0008785255,0.5158164,0.483305
2,0.0008198718,0.5461308,0.4530492
3,0.0007911188,0.559675,0.4395338
4,0.0007766322,0.5654634,0.4337601
5,0.0007692976,0.567544,0.4316868
6,0.0007655741,0.5678974,0.431337
7,0.0007636457,0.5675094,0.431727
8,0.0007625802,0.5668615,0.4323759
9,0.0007619071,0.5661771,0.433061
10,0.0007613972,0.5655503,0.4336883
11,0.0007609448,0.5650129,0.4342261
12,0.0007605043,0.5645697,0.4346699
13,0.0007726948,0.5569893,0.442238
14,0.0007796324,0.5525924,0.446628
15,0.0007832795,0.5502692,0.4489475
16,0.0007850192,0.5491337,0.4500813
17,0.0007856891,0.5486611,0.4505533
18,0.0007857836,0.5485436,0.4506706
19,0.000785586,0.5486045,0.45061
20,0.0007852534,0.5487427,0.450472
21,0.0007848715,0.5488992,0.4503158
22,0.0007844871,0.5490368,0.4501787
23,0.0007841254,0.54913,0.4500859
24,0.0007838001,0.5491609,0.4500553
25,0.0007128019,0.5897602,0.4095269
26,0.0006786227,0.6086188,0.3907026
27,0.0006622651,0.6165195,0.3828183
28,0.0006541656,0.6195205,0.3798253
29,0.0006501476,0.6201602,0.3791896
30,0.0006481193,0.6197114,0.3796404
31,0.000647025,0.6188141,0.3805389
32,0.0006463414,0.6177795,0.3815741
33,0.0006458191,0.6167487,0.3826056
34,0.0006453432,0.6157827,0.3835718
35,0.0006448679,0.6149006,0.3844545
36,0.0006443789,0.6141027,0.3852529
37,0.0006596079,0.6041189,0.3952215
38,0.0006681603,0.598319,0.4010129
39,0.0006726587,0.5951244,0.404203
40,0.0006748311,0.593407,0.4059182
41,0.0006757188,0.5924978,0.4068265
42,0.0006759249,0.5920126,0.4073115
43,0.0006757871,0.5917385,0.4075857
44,0.0006754882,0.5915614,0.4077632
45,0.0006751236,0.591422,0.4079029
46,0.0006747453,0.591285,0.4080402
47,0.0006743786,0.5911317,0.408194
48,0.0006740356,0.5909511,0.4083749
49,0.0006902048,0.5809171,0.4183927
50,0.0006995351,0.5751518,0.4241487
51,0.0007046559,0.5720504,0.427245
52,0.0007073484,0.5704288,0.4288639
53,0.0007086945,0.5695849,0.4297064
54,0.0007093267,0.5691155,0.4301751
55,0.0007096,0.5688021,0.4304883
56,0.0007097046,0.5685337,0.4307567
57,0.0007097368,0.5682601,0.4310302
58,0.0007097392,0.5679686,0.4313217
59,0.0007097299,0.5676601,0.4316301
60,0.0007097147,0.5673423,0.431948
61,0.0007164613,0.5632625,0.436021
62,0.0007203277,0.5610325,0.4382472
63,0.0007226323,0.5596789,0.4395985
64,0.0007239576,0.5588757,0.4404004
65,0.0007247046,0.5583827,0.4408926
66,0.0007251186,0.5580565,0.4412184
67,0.0007253435,0.5578166,0.4414581
68,0.0007254618,0.5576205,0.4416541
69,0.0007255198,0.5574479,0.4418266
70,0.000725545,0.5572874,0.4419871
71,0.0007255507,0.5571351,0.4421394
72,0.0007255446,0.5569903,0.4422842
73,0.0006834583,0.5824491,0.4168674
74,0.0006619956,0.5949562,0.4043818
75,0.0006510922,0.600673,0.3986759
76,0.0006455063,0.6030594,0.3962951
77,0.0006426264,0.6038129,0.3955446
78,0.0006411021,0.6038029,0.395556
79,0.0006402352,0.6034724,0.3958874
80,0.0006396709,0.6030402,0.3963201
81,0.0006392344,0.6026087,0.3967521
82,0.0006388442,0.6022215,0.3971396
83,0.0006384642,0.6018935,0.397468
84,0.0006380806,0.6016265,0.3977354
85,0.0006383589,0.6006067,0.3987549
86,0.0006383623,0.5997743,0.3995873
87,0.0006379871,0.5993913,0.3999707
88,0.000637499,0.5992,0.4001625
89,0.0006369814,0.5991188,0.4002442
90,0.0006364624,0.5991138,0.4002497
91,0.0006359488,0.599169,0.4001951
92,0.0006354408,0.5992742,0.4000904
93,0.000634937,0.5994204,0.3999447
94,0.0006344387,0.5995958,0.3997697
95,0.0006339511,0.5997854,0.3995806
96,0.0006334829,0.5999701,0.3993964
97,0.0006227616,0.6064318,0.3929455
98,0.0006168393,0.6097195,0.3896638
99,0.0006135149,0.6112986,0.3880879
100,0.0006116547,0.6119035,0.3874849
101,0.0006106101,0.6119584,0.3874309
102,0.0006100218,0.6116985,0.3876915
103,0.0006096922,0.6112547,0.3881356
104,0.0006095131,0.6107025,0.3886879
105,0.000609424,0.6100881,0.3893025
106,0.0006093886,0.6094444,0.3899462
107,0.0006093818,0.6087967,0.3905939
108,0.0006093866,0.6081648,0.3912258
109,0.0006286779,0.5952079,0.4041634
110,0.0006399935,0.5875786,0.4117814
111,0.0006462695,0.5834679,0.4158858
112,0.0006496438,0.5813385,0.4180119
113,0.0006513968,0.5802957,0.419053
114,0.0006522773,0.5798237,0.419524
115,0.0006527056,0.579637,0.4197103
116,0.0006529087,0.5795842,0.4197629
117,0.0006530037,0.579589,0.419758
118,0.0006530486,0.5796158,0.4197312
119,0.000653072,0.5796481,0.4196989
120,0.0006530865,0.579679,0.419668
121,0.0006465263,0.5839973,0.4153562
122,0.000642908,0.5863689,0.4129882
123,0.0006410362,0.5874959,0.4118631
124,0.0006400722,0.5879971,0.4113629
125,0.000639583,0.5881769,0.4111835
126,0.0006393338,0.5881987,0.4111618
127,0.0006391992,0.5881489,0.4112118
128,0.0006391154,0.588071,0.4112898
129,0.0006390518,0.5879853,0.4113756
130,0.000638994,0.5879009,0.4114601
131,0.0006389362,0.587821,0.4115402
132,0.0006388758,0.5877467,0.4116144
133,0.0006936348,0.5539035,0.4454028
134,0.0007288627,0.5336701,0.4656011
135,0.0007507709,0.5221894,0.4770598
136,0.0007637936,0.5164051,0.4828311
137,0.000771332,0.5139413,0.4852873
138,0.0007756632,0.5132437,0.4859806
139,0.0007782071,0.5133716,0.4858502
140,0.0007798017,0.513792,0.4854282
141,0.000780919,0.514224,0.4849951
142,0.0007818191,0.5145273,0.4846909
143,0.0007826358,0.5146451,0.4845723
144,0.0007834333,0.5145659,0.4846506
145,0.0007134796,0.5573162,0.4419704
146,0.0006796735,0.5767962,0.4225241
147,0.0006628307,0.5853825,0.4139547
148,0.0006542469,0.588886,0.4104598
149,0.000649803,0.5900308,0.4093193
150,0.0006474481,0.5901346,0.409218
151,0.000646146,0.589825,0.4095289
152,0.0006453753,0.5893884,0.4099663
153,0.000644874,0.5889467,0.4104084
154,0.0006445107,0.5885469,0.4108086
155,0.0006442193,0.5882028,0.4111529
156,0.000643966,0.5879158,0.4114402
157,0.0007674717,0.5102121,0.4890205
158,0.0008618384,0.4529794,0.5461587
159,0.0009292632,0.4148309,0.5842398
160,0.0009752012,0.3913346,0.6076903
161,0.001005398,0.3780966,0.620898
162,0.001024707,0.3715591,0.6274162
163,0.001036843,0.3691057,0.6298574
164,0.001044451,0.3689415,0.6300141
165,0.001049305,0.3699113,0.6290394
166,0.001052532,0.3713154,0.627632
167,0.001054822,0.3727529,0.6261922
168,0.001056582,0.3740118,0.6249317
169,0.0009734679,0.4240737,0.5749528
170,0.0009275723,0.450286,0.5487865
171,0.0009042085,0.4613762,0.5377195
172,0.0008911829,0.4663131,0.5327957
173,0.0008836554,0.4685968,0.5305195
174,0.0008793158,0.4696119,0.5295088
175,0.0008768507,0.4700748,0.5290483
176,0.0008755011,0.470335,0.5287895
177,0.000874826,0.4705457,0.5285795
178,0.0008745682,0.4707634,0.5283619
179,0.0008745721,0.471004,0.5281214
180,0.0008747407,0.4712694,0.5278558
181,0.0008495058,0.4864937,0.5126568
182,0.0008350877,0.495039,0.5041259
183,0.0008270712,0.4996828,0.4994902
184,0.0008227375,0.5021558,0.4970213
185,0.0008204883,0.5034615,0.495718
186,0.0008193944,0.5041706,0.49501
187,0.0008189224,0.5046008,0.4945803
188,0.0008187724,0.5049236,0.4942576
189,0.0008187791,0.505229,0.4939521
190,0.000818855,0.5055606,0.4936206
191,0.0008189544,0.5059379,0.4932432
192,0.0008190551,0.5063689,0.4928121
193,0.0008038519,0.5157564,0.4834398
194,0.0007951642,0.5211168,0.478088
195,0.0007902748,0.5241803,0.4750294
196,0.0007875799,0.5259527,0.4732597
197,0.0007861233,0.5270245,0.4721894
198,0.0007853495,0.5277284,0.4714863
199,0.0007849427,0.5282437,0.4709713
200,0.0007847291,0.5286614,0.4705539
201,0.0007846173,0.529022,0.4701933
202,0.0007845624,0.5293388,0.4698767
203,0.0007845444,0.5296121,0.4696034
204,0.0007845556,0.5298378,0.4693777
205,0.0008512291,0.4908803,0.5082684
206,0.0008961976,0.4656861,0.5334177
207,0.0009251073,0.4506869,0.548388
208,0.000942972,0.4424432,0.5566139
209,0.0009536665,0.4383642,0.5606822
210,0.000959943,0.4366603,0.5623798
211,0.000963629,0.4361841,0.5628522
212,0.0009658686,0.4362495,0.5627847
213,0.0009673382,0.4364785,0.5625542
214,0.0009684067,0.4367016,0.56233
215,0.0009692678,0.4368592,0.5621716
216,0.0009700164,0.4369494,0.5620806
217,0.0008918723,0.4819497,0.5171584
218,0.0008505007,0.5048288,0.4943208
219,0.0008288736,0.5159796,0.4831914
220,0.000817567,0.5212066,0.4779758
221,0.0008117431,0.5234464,0.4757419
222,0.0008088225,0.5242285,0.4749627
223,0.0008074143,0.5243458,0.4748468
224,0.000806773,0.5241988,0.4749945
225,0.0008065053,0.5239801,0.4752134
226,0.0008064091,0.5237755,0.4754181
227,0.0008063846,0.5236176,0.475576
228,0.000806385,0.5235143,0.4756792
229,0.0008198186,0.5159936,0.4831866
230,0.0008279664,0.5117719,0.4874001
231,0.0008328645,0.5094802,0.4896869
232,0.0008357364,0.5083713,0.4907929
233,0.0008373962,0.5079473,0.4912154
234,0.0008383552,0.5078993,0.4912623
235,0.0008389219,0.5080448,0.4911163
236,0.0008392759,0.5082788,0.490882
237,0.0008395182,0.5085427,0.4906178
238,0.0008397034,0.508804,0.4903563
239,0.0008398598,0.5090445,0.4901156
240,0.0008400005,0.5092545,0.4899056
241,0.0008125991,0.5257419,0.4734456
242,0.0007975002,0.5347655,0.464437
243,0.0007896522,0.5391374,0.460073
244,0.0007856179,0.541129,0.4580854
245,0.0007835945,0.5418913,0.4573251
246,0.0007826001,0.5420455,0.4571719
247,0.0007821071,0.5419233,0.4572946
248,0.0007818404,0.5416958,0.4575223
249,0.0007816642,0.5414472,0.4577711
250,0.000781518,0.5412115,0.458007
251,0.0007813769,0.5410004,0.4582182
252,0.0007812337,0.5408152,0.4584036
253,0.0007698615,0.5463727,0.4528574
254,0.0007632275,0.549107,0.4501297
255,0.0007590745,0.5506487,0.4485922
256,0.0007565281,0.5514033,0.4478401
257,0.000754958,0.5517081,0.447537
258,0.000753968,0.5517735,0.4474725
259,0.0007533192,0.551722,0.4475246
260,0.0007528702,0.5516215,0.4476256
261,0.0007525383,0.5515076,0.4477398
262,0.000752276,0.551398,0.4478497
263,0.0007520564,0.5513005,0.4479474
264,0.000751864,0.5512173,0.4480309
265,0.0008157635,0.5144917,0.4846925
266,0.000858114,0.4915911,0.5075507
267,0.0008851183,0.4781291,0.5209857
268,0.0009016037,0.4709554,0.528143
269,0.0009113509,0.4676099,0.5314788
270,0.0009170097,0.4664061,0.5326768
271,0.0009203081,0.4662723,0.5328074
272,0.0009223093,0.4665668,0.5325109
273,0.0009236322,0.4669297,0.5321466
274,0.000924614,0.4671839,0.5318914
275,0.0009254243,0.4672603,0.5318142
276,0.0009261361,0.4671578,0.5319161
277,0.0009447123,0.4563393,0.5427159
278,0.0009565561,0.449394,0.5496495
279,0.000963709,0.4453583,0.5536779
280,0.0009678951,0.4431429,0.5558891
281,0.0009702783,0.4420236,0.5570061
282,0.0009716124,0.441537,0.5574914
283,0.0009723649,0.4413992,0.5576283
284,0.0009728149,0.441444,0.5575832
285,0.0009731212,0.4415789,0.557448
286,0.0009733702,0.4417544,0.5572722
287,0.0009736052,0.4419461,0.5570802
288,0.0009738457,0.4421433,0.5568829
289,0.000899617,0.4841149,0.5149855
290,0.0008598766,0.5056534,0.4934869
291,0.0008388259,0.5162773,0.4828839
292,0.0008276436,0.5213273,0.477845
293,0.0008217465,0.5235375,0.4756408
294,0.0008186745,0.5243416,0.4748397
295,0.0008170918,0.524491,0.474692
296,0.0008162764,0.5243708,0.4748129
297,0.0008158438,0.524171,0.4750132
298,0.0008155957,0.5239769,0.4752074
299,0.0008154332,0.5238228,0.4753618
300,0.0008153087,0.5237178,0.4754669
301,0.0007498086,0.5611991,0.4380511
302,0.0007170184,0.5790964,0.4201865
303,0.0007002751,0.587409,0.4118907
304,0.000691598,0.5910391,0.4082693
305,0.0006870587,0.5923688,0.4069442
306,0.0006846352,0.5926041,0.4067112
307,0.000683275,0.5923572,0.4069596
308,0.0006824359,0.5919302,0.4073873
309,0.0006818448,0.5914647,0.4078534
310,0.0006813673,0.5910231,0.4082955
311,0.000680942,0.5906262,0.4086928
312,0.0006805431,0.5902761,0.4090434
313,0.0007729144,0.5352421,0.4639851
314,0.0008380219,0.4977277,0.5014343
315,0.0008808968,0.4746875,0.5244317
316,0.0009076464,0.4617954,0.5372969
317,0.0009235946,0.4554147,0.5436617
318,0.0009327668,0.4528743,0.5461929
319,0.0009379311,0.452389,0.5466731
320,0.0009408511,0.4528503,0.5462089
321,0.000942581,0.4536107,0.5454468
322,0.0009437047,0.4543315,0.5447249
323,0.0009445259,0.4548566,0.5441989
324,0.0009451889,0.4551399,0.543915
325,0.0009375189,0.4597113,0.5393512
326,0.000932967,0.4621345,0.5369325
327,0.000930267,0.463371,0.5356987
328,0.0009286982,0.4639146,0.5351566
329,0.0009277983,0.4640981,0.5349741
330,0.0009272919,0.4641212,0.5349515
331,0.000927023,0.4640936,0.5349794
332,0.000926905,0.4640701,0.5350029
333,0.000926889,0.4640749,0.5349982
334,0.00092695,0.4641098,0.5349633
335,0.0009270714,0.4641718,0.5349011
336,0.0009272396,0.4642563,0.5348164
337,0.0009334639,0.4609914,0.5380751
338,0.0009374319,0.4591368,0.5399258
339,0.0009399483,0.4581645,0.5408955
340,0.0009415549,0.457732,0.5413264
341,0.000942607,0.4576192,0.5414382
342,0.0009433299,0.457691,0.5413657
343,0.000943862,0.4578678,0.5411883
344,0.0009442866,0.4581039,0.5409518
345,0.0009446521,0.4583734,0.5406819
346,0.0009449859,0.458664,0.540391
347,0.0009453036,0.4589681,0.5400866
348,0.0009456147,0.4592803,0.5397741
349,0.0008152933,0.5341245,0.4650602
350,0.0007557583,0.5672451,0.4319991
351,0.000727876,0.5815338,0.4177383
352,0.0007142775,0.5875492,0.4117364
353,0.0007075843,0.5897074,0.4095851
354,0.0007042628,0.5901003,0.4091955
355,0.0007025567,0.589749,0.4095485
356,0.0007015951,0.5891432,0.4101552
357,0.0007009566,0.5885041,0.4107949
358,0.0007004466,0.5879216,0.4113779
359,0.0006999818,0.5874227,0.4118773
360,0.0006995309,0.5870076,0.4122929
361,0.0007783373,0.5401101,0.4591116
362,0.0008320922,0.5087373,0.4904306
363,0.0008661504,0.4901437,0.5089901
364,0.000886573,0.4801221,0.5189913
365,0.0008982288,0.4754049,0.5236969
366,0.0009045977,0.4737172,0.5253782
367,0.000907965,0.4736001,0.5254919
368,0.0009097274,0.474182,0.5249082
369,0.0009106873,0.4749732,0.5241161
370,0.0009112805,0.4757101,0.5233786
371,0.0009117263,0.4762651,0.5228231
372,0.000912122,0.4765908,0.5224971
373,0.0009226588,0.4710403,0.528037
374,0.0009292375,0.4676771,0.5313936
375,0.0009332816,0.4656421,0.5334246
376,0.0009357259,0.4643953,0.5346689
377,0.000937182,0.4636075,0.5354553
378,0.0009380357,0.4630912,0.5359709
379,0.000938529,0.4627446,0.5363168
380,0.0009388131,0.4625128,0.5365484
381,0.0009389835,0.4623643,0.5366967
382,0.0009390982,0.4622816,0.5367793
383,0.000939195,0.4622508,0.53681
384,0.0009392956,0.4622606,0.5368001
385,0.0009411324,0.4612382,0.5378207
386,0.0009423152,0.4606537,0.538404
387,0.0009430599,0.4603929,0.538664
388,0.0009435526,0.4603256,0.5387308
389,0.0009439057,0.4603733,0.5386828
390,0.000944184,0.4604909,0.5385649
391,0.0009444234,0.4606543,0.5384013
392,0.0009446425,0.4608518,0.5382036
393,0.0009448508,0.4610783,0.5379767
394,0.0009450545,0.46133,0.5377249
395,0.0009452562,0.4616047,0.5374501
396,0.0009454573,0.4619009,0.5371537
397,0.0009651309,0.4504503,0.5485846
398,0.0009775334,0.4433689,0.5556536
399,0.0009847928,0.4396794,0.5593358
400,0.0009889113,0.4379865,0.5610246
401,0.000991179,0.4374266,0.5615822
402,0.0009924062,0.4374713,0.5615363
403,0.0009930815,0.4378081,0.5611989
404,0.0009934863,0.4382599,0.5607467
405,0.0009937737,0.4387312,0.560275
406,0.0009940201,0.4391754,0.5598306
407,0.0009942596,0.439572,0.5594338
408,0.0009945034,0.4399144,0.5590911
409,0.000898158,0.493948,0.5051539
410,0.0008489663,0.5204241,0.4787269
411,0.0008240122,0.5328138,0.4663621
412,0.0008111618,0.5383931,0.4607957
413,0.0008045589,0.54062,0.4585755
414,0.0008011844,0.5412478,0.457951
415,0.000799451,0.5411716,0.4580289
416,0.0007985276,0.5408379,0.4583636
417,0.000797986,0.5404577,0.4587443
418,0.0007976124,0.540122,0.4590804
419,0.0007973042,0.5398628,0.45934
420,0.0007970151,0.5396852,0.4595178
421,0.0008020544,0.5366738,0.4625241
422,0.0008048935,0.5350612,0.4641338
423,0.0008064433,0.5342289,0.4649647
424,0.0008071976,0.5338827,0.4653102
425,0.000807486,0.5338175,0.465375
426,0.0008075124,0.5339043,0.4652882
427,0.0008073988,0.5340634,0.4651291
428,0.0008072179,0.534245,0.4649478
429,0.0008070128,0.5344158,0.4647771
430,0.0008068103,0.5345524,0.4646408
431,0.0008066256,0.534638,0.4645554
432,0.0008064677,0.5346617,0.4645319
433,0.0008699024,0.4994177,0.4997123
434,0.0009118721,0.4775252,0.5215629
435,0.0009387587,0.464493,0.5345684
436,0.0009552477,0.4574074,0.5416374
437,0.0009650703,0.4538998,0.5451351
438,0.0009708432,0.4523471,0.546682
439,0.0009742708,0.4517235,0.5473022
440,0.0009763963,0.4514271,0.5475965
441,0.0009778162,0.4511429,0.5478793
442,0.0009788348,0.450756,0.5482652
443,0.000979595,0.4502631,0.5487573
444,0.0009801585,0.4497186,0.5493012
445,0.0009828501,0.4488785,0.5501387
446,0.0009845573,0.4487462,0.5502692
447,0.0009859655,0.4485941,0.5504199
448,0.000987123,0.4484617,0.5505512
449,0.0009880923,0.4483444,0.5506675
450,0.0009889187,0.4482388,0.5507722
451,0.0009896342,0.4481437,0.5508667
452,0.0009902613,0.4480605,0.5509493
453,0.0009908162,0.4479912,0.551018
454,0.0009913133,0.4479353,0.5510733
455,0.0009917631,0.4478928,0.5511155
456,0.0009921736,0.4478632,0.5511446
457,0.0009816604,0.45212,0.5468983
458,0.0009752917,0.4535555,0.5454692
459,0.0009706435,0.4546795,0.5443498
460,0.0009672762,0.4555824,0.5434504
461,0.0009648943,0.4562904,0.5427447
462,0.0009632569,0.456836,0.5422007
463,0.0009621647,0.4572613,0.5417765
464,0.0009614591,0.4576086,0.5414299
465,0.00096102,0.4579148,0.5411242
466,0.0009607597,0.4582082,0.540831
467,0.000960616,0.4585099,0.5405295
468,0.000960546,0.4588359,0.5402036
469,0.0008587092,0.5161304,0.483011
470,0.0008085446,0.5433651,0.4558264
471,0.0007837475,0.5558224,0.4433939
472,0.0007712101,0.5613565,0.4378722
473,0.000764846,0.5635532,0.4356819
474,0.000761601,0.5641793,0.4350591
475,0.0007599026,0.5641202,0.4351199
476,0.0007589443,0.5638106,0.4354304
477,0.0007583214,0.5634523,0.4357894
478,0.0007578393,0.5631293,0.4361129
479,0.000757411,0.5628665,0.436376
480,0.0007570015,0.5626625,0.4365805
481,0.0008335419,0.5179797,0.4811867
482,0.0008855798,0.4881845,0.5109299
483,0.0009185438,0.4705328,0.5285487
484,0.0009383728,0.4609299,0.5381317
485,0.0009496939,0.4563351,0.5427152
486,0.0009558231,0.4546285,0.5444157
487,0.000958965,0.4544366,0.5446045
488,0.0009604944,0.4549252,0.5441143
489,0.0009612219,0.4556152,0.5434235
490,0.0009615929,0.4562574,0.542781
491,0.0009618381,0.4567343,0.5423039
492,0.0009620642,0.457007,0.542031
493,0.0009014204,0.4908809,0.5082176
494,0.0008686153,0.5083147,0.4908167
495,0.0008511459,0.5167705,0.4823784
496,0.0008419103,0.5205555,0.4786026
497,0.0008371163,0.5219555,0.4772074
498,0.0008346919,0.5222008,0.4769646
499,0.000833503,0.5219427,0.4772238
500,0.0008329347,0.5215129,0.4776542
501,0.0008326619,0.5210689,0.4780985
502,0.0008325193,0.5206754,0.4784921
503,0.0008324254,0.520353,0.4788145
504,0.000832343,0.5201026,0.4790651
505,0.0008904937,0.4869318,0.5121778
506,0.0009290213,0.4657207,0.5333502
507,0.0009533745,0.4531916,0.545855
508,0.0009681172,0.4463725,0.5526595
509,0.000976679,0.4430827,0.5559406
510,0.0009814579,0.4418361,0.5571824
511,0.0009840314,0.4416817,0.5573342
512,0.0009853856,0.4420432,0.5569714
513,0.0009861063,0.4425893,0.5564246
514,0.0009865226,0.4431441,0.5558695
515,0.0009868107,0.4436202,0.555393
516,0.0009870573,0.4439815,0.5550315
517,0.0009050386,0.4899472,0.5091478
518,0.0008620698,0.5130376,0.4861004
519,0.0008398824,0.5240096,0.4751506
520,0.0008283863,0.5289346,0.470237
521,0.0008224984,0.5308327,0.4683448
522,0.0008195334,0.5312758,0.4679046
523,0.0008180588,0.5310785,0.4681035
524,0.0008173169,0.5306501,0.4685326
525,0.0008169164,0.5301841,0.468999
526,0.0008166629,0.5297621,0.4694211
527,0.0008164644,0.5294117,0.4697719
528,0.0008162802,0.5291354,0.4700483
529,0.0008571841,0.5056992,0.4934437
530,0.0008831931,0.4912983,0.5078185
531,0.0008989806,0.4831236,0.5159774
532,0.0009081474,0.4788735,0.5202183
533,0.0009132351,0.4769556,0.5221313
534,0.0009159233,0.4763384,0.5227456
535,0.0009172646,0.4763919,0.5226908
536,0.0009178871,0.4767497,0.5223324
537,0.0009181501,0.4772084,0.5218734
538,0.0009182511,0.47766,0.5214218
539,0.000918293,0.47805,0.5210317
540,0.0009183275,0.4783539,0.5207278
541,0.0009599926,0.4550993,0.5439407
542,0.0009872634,0.4403869,0.5586258
543,0.001004332,0.4318032,0.5671924
544,0.001014664,0.4270993,0.5718859
545,0.001020725,0.4247276,0.5742517
546,0.001024196,0.4236629,0.5753129
547,0.001026163,0.4232682,0.5757056
548,0.001027293,0.423175,0.5757977
549,0.001027977,0.4231887,0.5757833
550,0.001028434,0.4232182,0.5757533
551,0.001028779,0.4232303,0.5757409
552,0.001029072,0.4232202,0.5757506
553,0.001021299,0.4277977,0.571181
554,0.00101663,0.430542,0.5684413
555,0.001014036,0.4320228,0.5669633
556,0.001012696,0.4327714,0.566216
557,0.00101209,0.4331155,0.5658724
558,0.001011897,0.4332533,0.5657348
559,0.001011921,0.4332996,0.5656884
560,0.001012053,0.4333175,0.5656704
561,0.00101223,0.433339,0.5656488
562,0.001012421,0.4333789,0.5656086
563,0.001012608,0.4334429,0.5655445
564,0.001012786,0.4335315,0.5654558
565,0.0009640015,0.460565,0.538471
566,0.0009360932,0.4754728,0.523591
567,0.0009206401,0.483218,0.5158614
568,0.0009122082,0.4870498,0.5120379
569,0.0009076971,0.4887993,0.510293
570,0.000905338,0.489489,0.5096057
571,0.0009041301,0.4896791,0.5094167
572,0.000903516,0.4896668,0.5094297
573,0.0009031927,0.4896012,0.5094956
574,0.0009030025,0.4895497,0.5095474
575,0.0009028659,0.4895382,0.509559
576,0.0009027459,0.489572,0.5095252
577,0.0008969353,0.492763,0.5063401
578,0.000893392,0.4946043,0.5045022
579,0.0008912137,0.4956902,0.5034187
580,0.0008898688,0.496326,0.5027842
581,0.0008890165,0.496709,0.5024019
582,0.0008884499,0.4969545,0.502157
583,0.0008880479,0.4971255,0.5019866
584,0.000887742,0.497254,0.5018584
585,0.0008874955,0.497354,0.5017585
586,0.0008872886,0.4974311,0.5016817
587,0.0008871112,0.4974856,0.5016273
588,0.0008869589,0.4975166,0.5015964
589,0.0008907111,0.4952589,0.5038504
590,0.000892889,0.4939224,0.5051847
591,0.0008940608,0.4932025,0.5059034
592,0.0008946594,0.4928159,0.5062895
593,0.0008949409,0.4926038,0.5065013
594,0.0008950574,0.492475,0.50663
595,0.0008950957,0.4923794,0.5067255
596,0.000895103,0.4922922,0.5068127
597,0.0008951037,0.4922026,0.5069023
598,0.000895108,0.4921083,0.5069965
599,0.0008951201,0.4920104,0.5070944
600,0.0008951401,0.4919116,0.5071934
601,0.0008649055,0.5087537,0.4903813
602,0.0008480095,0.5177782,0.4813738
603,0.0008388083,0.5222907,0.4768704
604,0.0008338969,0.5243648,0.4748014
605,0.0008313432,0.525159,0.4740096
606,0.0008300527,0.525318,0.473852
607,0.0008294148,0.5251909,0.4739797
608,0.0008290962,0.5249601,0.4742109
609,0.0008289219,0.524715,0.4744561
610,0.0008288023,0.5244958,0.4746754
611,0.0008286959,0.5243171,0.4748542
612,0.0008285847,0.5241814,0.4749901
613,0.0008627426,0.5048476,0.4942895
614,0.0008842094,0.4931652,0.5059507
615,0.0008971273,0.4866214,0.5124814
616,0.0009045716,0.4832796,0.5158159
617,0.0009086775,0.4818139,0.5172774
618,0.0009108393,0.4813759,0.5177134
619,0.0009119207,0.4814507,0.5176374
620,0.0009124333,0.4817424,0.5173451
621,0.0009126661,0.4820889,0.5169984
622,0.0009127763,0.482407,0.5166803
623,0.0009128434,0.4826587,0.5164285
624,0.000912905,0.4828311,0.5162559
625,0.00090972,0.4848157,0.5142747
626,0.0009078715,0.4859417,0.5131505
627,0.00090689,0.486475,0.5126181
628,0.0009064053,0.4866717,0.5124219
629,0.0009062015,0.4866788,0.512415
630,0.0009061502,0.4865864,0.5125074
631,0.0009061786,0.4864489,0.5126448
632,0.0009062456,0.486298,0.5127957
633,0.0009063297,0.4861516,0.512942
634,0.0009064199,0.4860203,0.5130733
635,0.0009065105,0.4859095,0.513184
636,0.0009065985,0.4858221,0.5132714
637,0.0009516462,0.4605522,0.5384963
638,0.0009811958,0.444557,0.5544618
639,0.0009997603,0.4351963,0.563804
640,0.001010994,0.4301244,0.5688646
641,0.001017551,0.4276784,0.5713041
642,0.001021252,0.4267433,0.5722353
643,0.001023287,0.4266136,0.5723631
644,0.001024394,0.4268675,0.5721081
645,0.001025008,0.427268,0.571707
646,0.00102538,0.4276882,0.5712864
647,0.00102564,0.4280678,0.5709066
648,0.001025856,0.4283833,0.5705909
649,0.0009611396,0.4644842,0.5345547
650,0.0009253401,0.4837449,0.5153297
651,0.0009062244,0.4932956,0.5057982
652,0.0008961051,0.4977742,0.5013297
653,0.0008908631,0.4996278,0.4994813
654,0.0008882334,0.5001801,0.4989318
655,0.0008869693,0.5001385,0.4989745
656,0.0008863934,0.4998699,0.4992438
657,0.0008861463,0.4995532,0.4995607
658,0.0008860429,0.499269,0.499845
659,0.0008859916,0.4990468,0.5000674
660,0.0008859506,0.4988919,0.5002221
661,0.0008991325,0.4911367,0.507964
662,0.0009070579,0.4865393,0.5125536
663,0.0009115164,0.4841283,0.5149602
664,0.000913899,0.4829918,0.5160943
665,0.0009150763,0.4825782,0.5165067
666,0.0009155818,0.4825553,0.516529
667,0.0009157316,0.4827299,0.5163545
668,0.0009157046,0.4829927,0.5160916
669,0.0009156,0.4832842,0.5158002
670,0.0009154693,0.4835719,0.5155126
671,0.0009153386,0.4838377,0.515247
672,0.0009152199,0.4840713,0.5150135
673,0.0008936901,0.4963493,0.502757
674,0.0008813873,0.5031929,0.4959258
675,0.0008746669,0.5066605,0.4924648
676,0.0008710764,0.5082879,0.4908409
677,0.0008692257,0.5089183,0.4902125
678,0.000868315,0.5090306,0.490101
679,0.0008678937,0.5088913,0.4902408
680,0.0008677148,0.5086433,0.4904891
681,0.0008676472,0.50836,0.4907723
682,0.0008676242,0.508079,0.4910533
683,0.000867614,0.5078166,0.4913158
684,0.0008676031,0.5075788,0.4915535
685,0.000882229,0.4992547,0.499863
686,0.0008911451,0.4943254,0.5047834
687,0.0008963909,0.4915672,0.5075364
688,0.0008993662,0.4901197,0.5089809
689,0.000900991,0.489424,0.509675
690,0.0009018421,0.4891367,0.5099615
691,0.0009022664,0.489056,0.5100418
692,0.000902465,0.4890697,0.5100278
693,0.0009025512,0.4891181,0.5099794
694,0.0009025849,0.4891715,0.5099259
695,0.0009025972,0.4892171,0.5098803
696,0.0009026024,0.48925,0.5098473
697,0.0007869024,0.5535915,0.4456216
698,0.0007333633,0.5819302,0.4173365
699,0.0007074603,0.5943715,0.4049211
700,0.0006945569,0.59953,0.3997754
701,0.0006880805,0.601237,0.398075
702,0.0006848021,0.6013504,0.3979648
703,0.0006830865,0.6007889,0.398528
704,0.0006821052,0.599999,0.3993188
705,0.0006814456,0.5991871,0.4001314
706,0.0006809113,0.5984393,0.4008797
707,0.0006804128,0.5977854,0.4015343
708,0.0006799131,0.5972297,0.4020905
709,0.0007357495,0.5639899,0.4352744
710,0.0007715619,0.5432029,0.4560256
711,0.0007930763,0.5314422,0.4677648
712,0.0008052326,0.525453,0.4737418
713,0.0008116539,0.5228968,0.4762915
714,0.000814761,0.5222377,0.4769475
715,0.0008160634,0.5225306,0.4766533
716,0.0008164569,0.5232178,0.4759658
717,0.0008164529,0.5239767,0.4752069
718,0.0008163302,0.524625,0.4745586
719,0.0008162292,0.5250664,0.4741175
720,0.0008162044,0.525264,0.4739197
721,0.0008246223,0.5205399,0.4786354
722,0.0008296918,0.5176745,0.4814958
723,0.0008327398,0.5158434,0.4833238
724,0.000834532,0.5146282,0.4845373
725,0.0008355798,0.5137569,0.4854076
726,0.000836199,0.513082,0.4860818
727,0.0008365855,0.5125277,0.4866357
728,0.000836859,0.512057,0.4871061
729,0.0008370881,0.5116529,0.4875099
730,0.000837308,0.5113067,0.4878559
731,0.0008375312,0.5110147,0.4881478
732,0.0008377566,0.5107751,0.4883871
733,0.0008368491,0.5111481,0.488015
734,0.0008363259,0.5113186,0.4878452
735,0.0008360271,0.5114174,0.4877466
736,0.0008358759,0.5114762,0.4876879
737,0.0008358131,0.5115236,0.4876405
738,0.0008357977,0.5115788,0.4875853
739,0.0008358041,0.5116531,0.4875112
740,0.0008358152,0.5117527,0.4874114
741,0.0008358209,0.5118812,0.4872831
742,0.0008358159,0.5120378,0.4871264
743,0.0008357976,0.5122207,0.4869435
744,0.0008357655,0.5124272,0.486737
745,0.0008705765,0.4927865,0.5063429
746,0.0008926375,0.4809588,0.5181485
747,0.000906044,0.4744075,0.5246865
748,0.00091387,0.4711542,0.5279319
749,0.0009182694,0.4698322,0.5292495
750,0.0009206634,0.4695544,0.529525
751,0.0009219425,0.4697747,0.5293034
752,0.0009226384,0.470175,0.5289023
753,0.0009230518,0.4705827,0.5284944
754,0.000923342,0.4709125,0.5281642
755,0.0009235861,0.4711328,0.5279436
756,0.0009238145,0.4712431,0.5278331
757,0.0008223085,0.5284172,0.4707605
758,0.0007728607,0.554948,0.4442792
759,0.0007482023,0.5670271,0.4322247
760,0.0007356934,0.5722206,0.4270436
761,0.0007293815,0.5740662,0.4252045
762,0.0007262552,0.5743278,0.424946
763,0.0007247442,0.5738997,0.4253756
764,0.000724022,0.5732287,0.4260473
765,0.0007236596,0.5725284,0.426748
766,0.0007234388,0.5718925,0.4273841
767,0.0007232538,0.5713553,0.4279215
768,0.0007230566,0.5709242,0.4283527
769,0.0007535215,0.5528224,0.4464241
770,0.0007720427,0.5421711,0.457057
771,0.0007827687,0.5363971,0.4628201
772,0.0007886488,0.533604,0.4656074
773,0.0007916553,0.5325412,0.4666671
774,0.0007930268,0.532436,0.466771
775,0.0007935054,0.5328312,0.4663752
776,0.0007935222,0.5334626,0.4657439
777,0.0007933228,0.5341744,0.4650324
778,0.0007930511,0.5348667,0.4643402
779,0.0007927917,0.5354701,0.4637371
780,0.0007925935,0.5359331,0.4632743
781,0.0007476265,0.5618374,0.437415
782,0.0007242905,0.5745572,0.4247185
783,0.0007120605,0.5805361,0.4187518
784,0.0007057023,0.5829822,0.4163122
785,0.0007024229,0.583633,0.4156646
786,0.0007007442,0.583411,0.4158882
787,0.0006998928,0.5827979,0.4165022
788,0.0006994673,0.5820393,0.4172612
789,0.000699259,0.5812577,0.418043
790,0.000699154,0.5805157,0.4187852
791,0.0006990892,0.5798416,0.4194593
792,0.0006990289,0.579246,0.4200549
793,0.0006977294,0.5794194,0.4198828
794,0.0006969461,0.579347,0.4199561
795,0.0006964386,0.5791651,0.4201384
796,0.0006960762,0.578947,0.4203569
797,0.0006957813,0.5787351,0.4205691
798,0.0006955102,0.5785518,0.4207527
799,0.0006952398,0.5784074,0.4208974
800,0.000694959,0.5783054,0.4209996
801,0.0006946638,0.5782447,0.4210607
802,0.0006943536,0.5782212,0.4210845
803,0.0006940308,0.578229,0.421077
804,0.000693699,0.5782605,0.4210458
805,0.0007364494,0.5526781,0.4465854
806,0.0007632013,0.5372643,0.4619725
807,0.0007790403,0.5288198,0.4704012
808,0.0007879563,0.5246661,0.474546
809,0.0007927449,0.5229511,0.4762562
810,0.0007952141,0.5224935,0.4767113
811,0.0007964611,0.5225887,0.4766148
812,0.0007971111,0.5228449,0.476358
813,0.0007974965,0.5230658,0.4761366
814,0.0007977787,0.5231711,0.4760312
815,0.0007980256,0.5231451,0.4760568
816,0.0007982597,0.5230065,0.4761952
817,0.0007951898,0.5247481,0.4744568
818,0.000793468,0.5255899,0.4736167
819,0.0007925653,0.525891,0.4733163
820,0.0007921387,0.5259052,0.4733027
821,0.0007919921,0.5257783,0.4734298
822,0.0007920134,0.5255944,0.4736136
823,0.0007921364,0.5254008,0.4738071
824,0.0007923202,0.5252236,0.473984
825,0.0007925372,0.5250771,0.4741303
826,0.0007927666,0.5249697,0.4742376
827,0.0007929936,0.5249055,0.4743015
828,0.000793208,0.5248861,0.4743207
829,0.0007403984,0.5560618,0.4431978
830,0.0007133528,0.5714125,0.4278741
831,0.0006994021,0.5787376,0.420563
832,0.0006921974,0.5820425,0.4172653
833,0.0006884967,0.5833459,0.4159655
834,0.0006865921,0.5836957,0.4156177
835,0.0006855796,0.5836332,0.4156812
836,0.0006849856,0.5834321,0.4158829
837,0.0006845681,0.5832244,0.416091
838,0.0006842092,0.5830669,0.4162489
839,0.0006838548,0.58298,0.4163362
840,0.0006834829,0.5829659,0.4163506
841,0.0007103555,0.5667875,0.4325021
842,0.0007264072,0.5575526,0.4417211
843,0.000735536,0.5527404,0.4465241
844,0.0007404343,0.5505745,0.448685
845,0.0007428914,0.549873,0.4493841
846,0.0007440193,0.5499028,0.4493532
847,0.0007444771,0.5502282,0.4490273
848,0.0007446391,0.5505993,0.4486561
849,0.000744703,0.5508822,0.4483731
850,0.0007447613,0.5510163,0.448239
851,0.0007448457,0.550989,0.4482662
852,0.0007449562,0.5508153,0.4484397
853,0.0007396318,0.5537181,0.4455423
854,0.0007366629,0.5550731,0.4441902
855,0.0007350448,0.5555493,0.4437156
856,0.0007342086,0.5555361,0.4437297
857,0.0007338207,0.5552726,0.4439936
858,0.0007336946,0.5548968,0.4443696
859,0.000733724,0.5544877,0.4447785
860,0.0007338432,0.5540916,0.4451746
861,0.0007340068,0.5537359,0.4455302
862,0.0007341828,0.5534354,0.4458304
863,0.0007343491,0.5531975,0.4460681
864,0.0007344919,0.5530244,0.4462411
865,0.0007355632,0.5523384,0.4469261
866,0.0007361934,0.5519727,0.4472911
867,0.0007365453,0.5518193,0.4474441
868,0.0007367219,0.5518071,0.4474562
869,0.0007367862,0.5518924,0.4473708
870,0.0007367766,0.5520479,0.4472153
871,0.0007367164,0.5522559,0.4470074
872,0.0007366207,0.5525029,0.4467605
873,0.0007365003,0.5527775,0.4464859
874,0.0007363634,0.5530692,0.4461944
875,0.0007362173,0.5533668,0.445897
876,0.0007360691,0.5536584,0.4456056
877,0.0007073485,0.5709134,0.4283792
878,0.0006920231,0.5797685,0.4195395
879,0.0006838724,0.5841025,0.4152137
880,0.0006795605,0.5860599,0.4132606
881,0.0006772919,0.586785,0.4125378
882,0.0006760936,0.5868928,0.4124312
883,0.0006754436,0.5867086,0.412616
884,0.000675068,0.5863996,0.4129254
885,0.0006748264,0.5860489,0.4132763
886,0.0006746493,0.5856943,0.4136311
887,0.0006745022,0.5853528,0.4139727
888,0.0006743685,0.5850318,0.4142938
889,0.0006860892,0.5775369,0.421777
890,0.0006927972,0.5732427,0.4260645
891,0.0006964501,0.570951,0.4283525
892,0.0006983475,0.5697853,0.4295164
893,0.0006992671,0.5692322,0.4300685
894,0.0006996615,0.5689975,0.4303029
895,0.0006997849,0.5689182,0.430382
896,0.000699775,0.5689076,0.4303927
897,0.0006997044,0.568921,0.4303793
898,0.0006996089,0.5689374,0.4303629
899,0.0006995058,0.5689471,0.4303534
900,0.0006994037,0.5689458,0.4303548
901,0.0006943683,0.5720817,0.427224
902,0.0006915298,0.5738119,0.4254965
903,0.0006900473,0.5745874,0.4247226
904,0.0006892605,0.5748928,0.4244179
905,0.0006888412,0.5749521,0.4243591
906,0.0006886112,0.5748856,0.4244257
907,0.0006884755,0.5747582,0.4245534
908,0.0006883855,0.5746029,0.4247087
909,0.0006883179,0.5744365,0.4248752
910,0.0006882613,0.5742681,0.4250436
911,0.0006882101,0.574103,0.4252088
912,0.0006881623,0.5739442,0.4253677
913,0.0007277236,0.5496165,0.4496559
914,0.0007524306,0.5348762,0.4643715
915,0.0007670614,0.5267616,0.4724713
916,0.000775377,0.5226765,0.4765482
917,0.0007799332,0.520902,0.478318
918,0.0007823593,0.5203651,0.4788525
919,0.0007836366,0.5204343,0.4787821
920,0.000784327,0.5207588,0.4784568
921,0.0007847367,0.5211558,0.4780594
922,0.0007850265,0.5215355,0.4776795
923,0.0007852736,0.5218606,0.4773542
924,0.0007855119,0.5221211,0.4770934
925,0.000790478,0.5196013,0.4796083
926,0.0007935325,0.5182412,0.4809653
927,0.0007954529,0.5175173,0.4816872
928,0.000796671,0.5171781,0.4820251
929,0.0007974769,0.5170488,0.4821537
930,0.0007980475,0.5170277,0.4821742
931,0.0007984873,0.5170597,0.4821419
932,0.0007988559,0.5171168,0.4820843
933,0.0007991861,0.5171866,0.4820141
934,0.0007994952,0.517265,0.4819356
935,0.0007997919,0.5173517,0.4818486
936,0.0008000793,0.5174484,0.4817516
937,0.0007841259,0.527145,0.4720709
938,0.0007752468,0.5324373,0.4667875
939,0.0007704473,0.535198,0.4640315
940,0.0007679464,0.5365764,0.4626557
941,0.0007667132,0.5372275,0.4620059
942,0.0007661573,0.5375195,0.4617144
943,0.0007659475,0.5376532,0.4615808
944,0.000765902,0.537734,0.4615001
945,0.0007659244,0.5378138,0.4614201
946,0.0007659662,0.5379151,0.461319
947,0.0007660048,0.5380446,0.4611894
948,0.0007660307,0.5382021,0.4610318
949,0.000758651,0.5427383,0.456503
950,0.0007544427,0.5452971,0.4539484
951,0.0007520806,0.5467113,0.4525366
952,0.0007507732,0.5474851,0.4517641
953,0.0007500541,0.5479114,0.4513385
954,0.0007496552,0.5481544,0.451096
955,0.0007494265,0.5483021,0.4509484
956,0.0007492874,0.5483993,0.4508514
957,0.0007491966,0.5484658,0.450785
958,0.0007491318,0.5485114,0.4507394
959,0.0007490832,0.5485398,0.4507112
960,0.000749046,0.5485517,0.4506992
961,0.000734769,0.5568965,0.4423687
962,0.0007268311,0.5612921,0.4379811
963,0.0007224574,0.5634882,0.4357893
964,0.0007200929,0.5644704,0.4348095
965,0.000718835,0.5648115,0.4344697
966,0.0007181732,0.5648321,0.4344497
967,0.0007178246,0.5647067,0.4345755
968,0.0007176345,0.5645275,0.4347549
969,0.0007175209,0.5643412,0.4349413
970,0.0007174416,0.5641693,0.4351132
971,0.0007173747,0.564021,0.4352616
972,0.0007173097,0.563899,0.4353837
973,0.0006683918,0.5930031,0.4063285
974,0.0006439573,0.6068754,0.3924806
975,0.0006315414,0.6132234,0.386145
976,0.0006251766,0.6158773,0.3834976
977,0.000621901,0.6167138,0.3826643
978,0.0006201835,0.6166933,0.3826865
979,0.0006192287,0.6163051,0.3830757
980,0.000618629,0.6157923,0.3835891
981,0.0006181806,0.6152697,0.3841121
982,0.0006177856,0.6147869,0.3845953
983,0.0006173999,0.6143613,0.3850214
984,0.000617006,0.613995,0.385388
985,0.0006695382,0.5811934,0.418137
986,0.0007030352,0.5608324,0.4384646
987,0.0007229868,0.5494897,0.4497873
988,0.0007341942,0.5438235,0.4554423
989,0.0007401431,0.5414525,0.4578073
990,0.0007431273,0.5408331,0.4584238
991,0.0007445521,0.5410308,0.4582247
992,0.0007452277,0.5415118,0.457743
993,0.0007455899,0.5419921,0.4572623
994,0.0007458513,0.5423382,0.4569159
995,0.0007460964,0.5425079,0.456746
996,0.0007463432,0.5425102,0.4567434
997,0.0006635084,0.5923783,0.4069582
998,0.000625161,0.6143061,0.3850687
999,0.0006064508,0.623881,0.3755125
1000,0.0005971241,0.6276948,0.3717081
1001,0.0005925008,0.6287456,0.3706619
1002,0.0005902753,0.6284991,0.3709107
1003,0.0005892509,0.6276986,0.3717121
1004,0.0005887871,0.626725,0.3726862
1005,0.0005885467,0.6257632,0.3736482
1006,0.0005883635,0.6248918,0.3745198
1007,0.0005881632,0.6241367,0.3752752
1008,0.0005879174,0.6235012,0.3759109
1009,0.0006179696,0.6039061,0.395476
1010,0.0006358697,0.5924275,0.4069366
1011,0.0006459132,0.5863115,0.4130427
1012,0.0006512097,0.5833932,0.4159555
1013,0.0006537677,0.5823003,0.417046
1014,0.0006548045,0.5822138,0.4171314
1015,0.000655025,0.5826659,0.416679
1016,0.000654828,0.583397,0.415948
1017,0.0006544325,0.5843083,0.4150373
1018,0.0006536288,0.5866897,0.4126568
1019,0.0006541656,0.5862174,0.4131284
1020,0.0006537306,0.5868219,0.4125244
1021,0.0006667701,0.5806857,0.4186476
1022,0.0006780124,0.5729085,0.4264134
1023,0.0006809304,0.5730362,0.426283
1024,0.0006866567,0.5681516,0.4311618
1025,0.0006879939,0.5672578,0.4320542
1026,0.0006890899,0.5660353,0.4332756
1027,0.0006895245,0.5652063,0.4341041
1028,0.0006896332,0.5645501,0.4347603
1029,0.0006895617,0.5640048,0.4353056
1030,0.0006893843,0.563568,0.4357426
1031,0.0006891722,0.5632294,0.4360814
1032,0.0006890008,0.5629618,0.4363492
1033,0.000706466,0.5518405,0.4474531
1034,0.0007170408,0.5453604,0.4539225
1035,0.0007233593,0.5418078,0.4574689
1036,0.0007271326,0.5399994,0.4592734
1037,0.000729412,0.5392109,0.4600598
1038,0.0007308213,0.5390133,0.4602559
1039,0.0007317222,0.5391607,0.4601076
1040,0.0007323196,0.5395145,0.4597531
1041,0.0007327289,0.5399981,0.4592691
1042,0.0007330155,0.5405665,0.4587004
1043,0.000733218,0.5411913,0.4580754
1044,0.0007333618,0.54185,0.4574166
1045,0.0006723601,0.5798365,0.4194912
1046,0.0006424288,0.5978382,0.4015194
1047,0.0006273104,0.6063347,0.3930381
1048,0.0006196065,0.6101455,0.3892349
1049,0.0006156792,0.6116315,0.3877529
1050,0.0006136663,0.6119938,0.3873925
1051,0.0006126079,0.6118432,0.3875442
1052,0.0006120136,0.6114826,0.3879053
1053,0.0006116381,0.611056,0.3883323
1054,0.0006113614,0.6106288,0.3887599
1055,0.0006111258,0.6102281,0.3891608
1056,0.0006109051,0.6098632,0.389526
