EwEVersion,"6.5.13829.0 (compiled 2016-05-17)"
Date,"2016-09-06 16:04:16"
ModelName,Baltic_Proper-SEALS
EcosimScenario,Proper1_SealVuln100_19742100_seal0_cofF03
TimeSeries,new_data_weights_19742100_BAU_WAR1_codF03_seal0
StartYear,1974

Data,"Prey of Acartia sp"

TimeStep,"Cyanobacteria","Phytoplankton","microzooplankton","Detritus-water column",
1,0.04394565,0.4587057,0.1890948,0.3082538
2,0.04065174,0.4814015,0.1915262,0.2864206
3,0.03890169,0.4892607,0.1962595,0.2755781
4,0.03794188,0.4911174,0.2007448,0.2701958
5,0.0374104,0.4906536,0.2042704,0.2676655
6,0.03711492,0.4894504,0.206808,0.2666267
7,0.03694871,0.4881553,0.2085525,0.2663436
8,0.03685172,0.4869973,0.2097357,0.2664154
9,0.03679014,0.4860257,0.2105572,0.266627
10,0.03674531,0.4852207,0.2111676,0.2668664
11,0.03670709,0.4845434,0.2116713,0.2670781
12,0.03667014,0.4839561,0.212137,0.2672368
13,0.03723703,0.47719,0.213836,0.271737
14,0.03760064,0.4737921,0.2139589,0.2746484
15,0.03780521,0.4721584,0.2137521,0.2762842
16,0.03790588,0.4713916,0.2135983,0.2771041
17,0.03794045,0.4710136,0.213635,0.277411
18,0.03793459,0.4707833,0.2138752,0.277407
19,0.0379053,0.4705904,0.2142792,0.2772252
20,0.03786375,0.4703922,0.2147903,0.2769538
21,0.03781743,0.4701794,0.2153495,0.2766536
22,0.03777155,0.4699568,0.2159024,0.2763692
23,0.03772984,0.4697342,0.2164015,0.2761345
24,0.03769502,0.4695218,0.2168079,0.2759753
25,0.03426526,0.5040089,0.2107146,0.2510113
26,0.03236579,0.5160368,0.2140065,0.2375909
27,0.03137812,0.5193012,0.2180539,0.2312668
28,0.03084611,0.5193328,0.2214599,0.2283612
29,0.03056454,0.5183072,0.2238341,0.2272941
30,0.03041968,0.5170907,0.2252951,0.2271946
31,0.03034733,0.5159851,0.2260927,0.2275748
32,0.03031154,0.5150591,0.2264635,0.2281659
33,0.03029262,0.5142942,0.2265885,0.2288246
34,0.03027974,0.5136489,0.2265972,0.2294741
35,0.03026743,0.5130825,0.226572,0.2300782
36,0.03025313,0.5125633,0.2265615,0.230622
37,0.03094405,0.5038384,0.2288121,0.2364055
38,0.03138728,0.4996699,0.2287515,0.2401912
39,0.03164776,0.4977755,0.2280981,0.2424786
40,0.03178926,0.4969531,0.2274488,0.2438088
41,0.03185616,0.4965828,0.227014,0.244547
42,0.03187811,0.4963668,0.2268226,0.2449326
43,0.03187414,0.4961761,0.2268328,0.2451169
44,0.03185602,0.495965,0.2269864,0.2451926
45,0.0318309,0.4957247,0.2272288,0.2452156
46,0.03180355,0.4954617,0.22751,0.2452248
47,0.03177688,0.495187,0.2277914,0.2452447
48,0.03175272,0.494911,0.2280445,0.2452917
49,0.03247745,0.4859544,0.2305451,0.2510231
50,0.03295469,0.48169,0.2305834,0.2547719
51,0.03324689,0.4798282,0.2298992,0.2570257
52,0.03342063,0.4791375,0.2290812,0.2583606
53,0.0335222,0.4789712,0.2283447,0.2591618
54,0.03358248,0.4790098,0.2277284,0.2596793
55,0.03362081,0.4791077,0.2272067,0.2600648
56,0.0336486,0.479207,0.2267407,0.2604037
57,0.03367213,0.4792896,0.2262989,0.2607393
58,0.03369404,0.4793537,0.2258677,0.2610846
59,0.03371528,0.4794017,0.2254436,0.2614395
60,0.0337359,0.4794365,0.22503,0.2617976
61,0.03403205,0.4756459,0.2262464,0.2640757
62,0.03421653,0.4737742,0.2265789,0.2654304
63,0.03434255,0.4728589,0.2264213,0.2663772
64,0.03442528,0.4724514,0.226107,0.2670163
65,0.03447981,0.4722949,0.2257632,0.2674622
66,0.03451666,0.4722536,0.2254368,0.2677929
67,0.03454266,0.4722598,0.2251405,0.2680571
68,0.03456198,0.4722808,0.2248749,0.2682823
69,0.03457702,0.4723022,0.2246384,0.2684824
70,0.03458934,0.4723182,0.2244262,0.2686663
71,0.03459974,0.4723272,0.2242355,0.2688375
72,0.0346086,0.4723294,0.2240653,0.2689967
73,0.03262585,0.4942941,0.2193491,0.253731
74,0.03146603,0.5027468,0.2207093,0.2450779
75,0.03081843,0.5054563,0.2231152,0.24061
76,0.03045456,0.5058123,0.2253386,0.2383945
77,0.03025031,0.5053021,0.2270411,0.2374064
78,0.03013469,0.5045592,0.228238,0.2370681
79,0.03006675,0.5038275,0.2290534,0.2370524
80,0.03002316,0.5031803,0.2296201,0.2371765
81,0.02999083,0.5026217,0.2300463,0.2373412
82,0.02996263,0.5021331,0.2304095,0.2374947
83,0.02993486,0.5016928,0.2307602,0.2376121
84,0.02990571,0.5012829,0.2311281,0.2376832
85,0.02994863,0.500933,0.2305879,0.2385304
86,0.0299815,0.5007853,0.2299438,0.2392894
87,0.02997912,0.5007199,0.2296602,0.2396408
88,0.02996028,0.5006287,0.2296225,0.2397886
89,0.02993155,0.5004871,0.2297792,0.2398023
90,0.02989605,0.500297,0.2300906,0.2397164
91,0.02985552,0.5000682,0.2305242,0.239552
92,0.02981114,0.499812,0.2310522,0.2393246
93,0.02976395,0.4995385,0.2316494,0.2390482
94,0.02971507,0.4992559,0.2322905,0.2387386
95,0.02966595,0.4989716,0.2329481,0.2384144
96,0.02961832,0.4986922,0.2335917,0.2380978
97,0.0291209,0.5041299,0.2324661,0.2342831
98,0.02881162,0.5062944,0.2328281,0.2320659
99,0.02862099,0.5069795,0.2335572,0.2308423
100,0.02850849,0.5070237,0.234192,0.2302758
101,0.02844643,0.5068311,0.2345869,0.2301356
102,0.02841712,0.5065818,0.2347261,0.2302749
103,0.02840916,0.506346,0.2346461,0.2305987
104,0.02841505,0.5061422,0.2344002,0.2310426
105,0.02842967,0.505967,0.2340426,0.2315608
106,0.0284492,0.50581,0.2336242,0.2321166
107,0.02847075,0.5056607,0.2331878,0.2326808
108,0.02849211,0.5055108,0.2327669,0.2332302
109,0.02939289,0.4947211,0.2349527,0.2409333
110,0.03000434,0.4897247,0.2341204,0.2461506
111,0.03038483,0.4876832,0.2326201,0.2493119
112,0.03061501,0.4870412,0.2311705,0.2511733
113,0.03074966,0.4869917,0.230033,0.2522256
114,0.03082581,0.4871421,0.2292393,0.2527928
115,0.03086722,0.4873196,0.2287346,0.2530787
116,0.03088859,0.4874608,0.2284439,0.2532068
117,0.03089864,0.4875526,0.2282994,0.2532494
118,0.03090241,0.4876009,0.2282501,0.2532467
119,0.0309028,0.4876167,0.2282592,0.2532213
120,0.03090147,0.487611,0.2283013,0.2531862
121,0.03058375,0.4911259,0.2277655,0.2505249
122,0.0303775,0.4925514,0.228262,0.2488092
123,0.03025803,0.4929927,0.228872,0.2478772
124,0.0301883,0.4930175,0.2294167,0.2473776
125,0.03014807,0.4928878,0.229835,0.2471291
126,0.03012499,0.4927207,0.2301311,0.2470232
127,0.03011155,0.492563,0.2303305,0.246995
128,0.03010338,0.4924285,0.230461,0.2470072
129,0.03009798,0.4923175,0.2305456,0.2470389
130,0.03009398,0.492226,0.2306007,0.2470793
131,0.03009066,0.4921491,0.2306378,0.2471224
132,0.03008758,0.4920832,0.2306641,0.2471651
133,0.03245622,0.4607641,0.2410466,0.2657331
134,0.03410712,0.4439659,0.2441227,0.2778043
135,0.03522213,0.4355257,0.2438832,0.2853689
136,0.0359205,0.4317521,0.2428016,0.2895258
137,0.03633386,0.430389,0.2418065,0.2914706
138,0.03656865,0.4301667,0.2411319,0.2921327
139,0.03670169,0.4304277,0.240712,0.2921587
140,0.03678399,0.4308632,0.2403916,0.2919613
141,0.03684702,0.4313464,0.2400241,0.2917826
142,0.03690948,0.4318347,0.2394982,0.2917576
143,0.03698118,0.4323211,0.2387499,0.2919478
144,0.03706646,0.4328103,0.2377527,0.2923705
145,0.03392563,0.4711135,0.2270038,0.2679571
146,0.03223823,0.4863746,0.2258536,0.2555336
147,0.03135712,0.4923238,0.2266227,0.2496963
148,0.03089502,0.4943737,0.2275913,0.24714
149,0.0306543,0.4948366,0.2283037,0.2462054
150,0.0305302,0.4947129,0.2287172,0.2460396
151,0.03046653,0.4944166,0.2289086,0.2462083
152,0.03043335,0.4941018,0.228968,0.2464967
153,0.03041476,0.4938136,0.228968,0.2468036
154,0.0304024,0.4935559,0.2289586,0.2470831
155,0.03039188,0.4933197,0.228972,0.2473164
156,0.0303809,0.4930947,0.2290272,0.2474971
157,0.03591325,0.4244441,0.2478697,0.2917729
158,0.0406526,0.3798555,0.2510134,0.3284785
159,0.04437871,0.3521961,0.2476687,0.3557565
160,0.04711461,0.3361144,0.2424283,0.3743427
161,0.0489948,0.3275612,0.2376478,0.3857963
162,0.05020374,0.3236247,0.2342333,0.3919383
163,0.05092917,0.322316,0.2322779,0.3944769
164,0.05133396,0.3223678,0.2314841,0.3948141
165,0.0515448,0.3230414,0.2314225,0.3939913
166,0.05165258,0.3239493,0.2316742,0.3927239
167,0.05171857,0.3249122,0.2318972,0.391472
168,0.05178118,0.3258604,0.231853,0.3905054
169,0.04780003,0.3701906,0.222041,0.3599684
170,0.04542416,0.3920171,0.2198949,0.3426638
171,0.04434928,0.4023005,0.2170714,0.3362788
172,0.04383363,0.4077517,0.2142759,0.3341389
173,0.04357368,0.4107883,0.2120822,0.3335557
174,0.0434528,0.4125622,0.2103499,0.3336351
175,0.04340393,0.4136642,0.2090256,0.3339062
176,0.04339028,0.4144007,0.2080569,0.3341521
177,0.04339276,0.41493,0.207381,0.3342963
178,0.04340214,0.4153341,0.2069343,0.3343294
179,0.04341395,0.4156577,0.2066617,0.3342667
180,0.04342597,0.4159269,0.2065204,0.3341268
181,0.04220776,0.4297152,0.2033052,0.3247718
182,0.04142166,0.4365282,0.2032194,0.3188306
183,0.04093865,0.4397061,0.2041139,0.3152414
184,0.04064674,0.4410425,0.2052236,0.3130871
185,0.0404721,0.4414963,0.2062549,0.3117767
186,0.04036735,0.4415626,0.2071297,0.3109402
187,0.04030269,0.4414857,0.2078602,0.3103514
188,0.04025964,0.4413771,0.2084888,0.3098744
189,0.04022697,0.4412822,0.2090618,0.3094291
190,0.04019806,0.4412135,0.209618,0.3089705
191,0.040169,0.44117,0.2101873,0.3084736
192,0.04013759,0.4411464,0.2107908,0.3079252
193,0.03938427,0.4492302,0.20938,0.3020055
194,0.03888845,0.4530814,0.2099059,0.2981242
195,0.03856783,0.454784,0.2110559,0.2955923
196,0.03836002,0.4554161,0.2123172,0.2939066
197,0.03822276,0.4555539,0.2134893,0.2927341
198,0.03812899,0.4554915,0.214511,0.2918684
199,0.03806204,0.4553716,0.2153777,0.2911885
200,0.03801207,0.4552572,0.2161031,0.2906276
201,0.03797363,0.4551719,0.216702,0.2901525
202,0.037944,0.455121,0.2171839,0.2897511
203,0.03792201,0.4551025,0.217554,0.2894214
204,0.0379072,0.4551122,0.2178153,0.2891653
205,0.04102196,0.4205553,0.2261107,0.312312
206,0.04337997,0.400734,0.2266718,0.3292142
207,0.04503699,0.3900585,0.2245035,0.3404011
208,0.04614291,0.3848941,0.2216782,0.3472849
209,0.04685022,0.3828492,0.2190982,0.3512025
210,0.04729102,0.3824321,0.2170217,0.3532552
211,0.04756681,0.3827732,0.2154064,0.3542535
212,0.04774882,0.3834043,0.2141051,0.3547418
213,0.04788288,0.3840981,0.212967,0.355052
214,0.04799434,0.384764,0.2118974,0.3553441
215,0.04809593,0.3853748,0.2108496,0.3556796
216,0.04819249,0.3859303,0.2098161,0.3560611
217,0.0444019,0.4265579,0.2007575,0.3282827
218,0.04215796,0.4448633,0.2005583,0.3124205
219,0.04089731,0.452602,0.2025163,0.3039844
220,0.04019001,0.4554935,0.2047272,0.2995893
221,0.03979816,0.4562407,0.2065609,0.2974003
222,0.03958561,0.4561232,0.2078972,0.2963939
223,0.03947352,0.4557269,0.2088017,0.2959979
224,0.03941623,0.4552997,0.2093888,0.2958953
225,0.03938761,0.4549302,0.2097674,0.2959149
226,0.03937285,0.4546363,0.2100241,0.2959667
227,0.03936382,0.4544089,0.2102212,0.2960061
228,0.03935617,0.4542307,0.2104005,0.2960126
229,0.03995072,0.4470218,0.2128022,0.3002254
230,0.04033847,0.4432622,0.2136258,0.3027736
231,0.0405843,0.4413555,0.2138122,0.304248
232,0.04072959,0.4404526,0.2138425,0.3049753
233,0.04080802,0.4400587,0.2139138,0.3052195
234,0.04084403,0.4399018,0.2140857,0.3051685
235,0.04085436,0.4398416,0.2143553,0.3049488
236,0.04085008,0.4398125,0.2146947,0.3046428
237,0.04083842,0.4397883,0.2150693,0.304304
238,0.04082405,0.4397625,0.2154455,0.3039678
239,0.04081006,0.4397377,0.2157944,0.3036579
240,0.04079836,0.4397193,0.2160923,0.30339
241,0.03941545,0.4533568,0.2144177,0.29281
242,0.03852858,0.4592964,0.2160836,0.2860913
243,0.03802151,0.4614986,0.2180271,0.2824528
244,0.03773433,0.4620655,0.2196585,0.2805417
245,0.03757743,0.4619823,0.2208086,0.2796317
246,0.03749629,0.461702,0.2215129,0.2792889
247,0.03745779,0.4614145,0.2218748,0.2792529
248,0.03744205,0.4611842,0.2220039,0.2793698
249,0.03743748,0.4610203,0.2219916,0.2795506
250,0.03743787,0.4609105,0.2219018,0.2797499
251,0.03743986,0.4608384,0.2217773,0.2799444
252,0.03744184,0.4607895,0.221645,0.2801237
253,0.03701458,0.4670106,0.2183571,0.2776179
254,0.0367603,0.470175,0.2166327,0.2764321
255,0.03658446,0.471807,0.2159385,0.2756701
256,0.03647089,0.4725722,0.2156798,0.275277
257,0.0363985,0.4728763,0.2156095,0.2751157
258,0.03635172,0.4729447,0.2156204,0.2750832
259,0.03632017,0.4728971,0.2156696,0.2751132
260,0.03629727,0.4727947,0.2157421,0.2751658
261,0.03627901,0.4726675,0.2158346,0.2752189
262,0.03626298,0.4725296,0.2159468,0.2752607
263,0.03624786,0.4723869,0.2160788,0.2752864
264,0.03623297,0.4722424,0.2162297,0.2752949
265,0.03910712,0.4384776,0.2261481,0.2962672
266,0.04118543,0.41945,0.2287629,0.3106017
267,0.04261626,0.4092575,0.2282915,0.3198346
268,0.04353463,0.4042746,0.2270314,0.3251594
269,0.0440877,0.4021545,0.2259317,0.327826
270,0.04440152,0.4014816,0.2252552,0.3288618
271,0.04457221,0.4014653,0.224939,0.3290234
272,0.04466757,0.4017049,0.2247987,0.3288288
273,0.04473222,0.4020225,0.2246373,0.3286081
274,0.04479261,0.4023567,0.2243058,0.3285448
275,0.04486254,0.4026978,0.2237179,0.3287218
276,0.04494657,0.4030535,0.2228525,0.3291474
277,0.04595355,0.3946252,0.2228185,0.3366028
278,0.04673137,0.3903038,0.2205839,0.3423809
279,0.04727785,0.3884175,0.2179712,0.3463336
280,0.04765482,0.3878821,0.2154896,0.3489734
281,0.04791246,0.3880387,0.2133472,0.3507016
282,0.04808892,0.388505,0.2115899,0.3518161
283,0.04821148,0.3890723,0.2101898,0.3525264
284,0.04829874,0.3896357,0.2090931,0.3529725
285,0.04836289,0.3901496,0.2082431,0.3532445
286,0.04841182,0.3905995,0.2075888,0.3533999
287,0.04845046,0.3909866,0.2070882,0.3534748
288,0.04848189,0.3913181,0.2067086,0.3534915
289,0.04485465,0.429117,0.1986345,0.3273938
290,0.04268105,0.4461997,0.1987989,0.3123203
291,0.04143657,0.4533905,0.2010282,0.3041448
292,0.04072195,0.4560088,0.2034925,0.2997768
293,0.04031306,0.4565971,0.2055723,0.2975176
294,0.04008044,0.4563657,0.2071431,0.2964107
295,0.03994823,0.4558711,0.2082675,0.2959131
296,0.03987186,0.4553498,0.2090606,0.2957177
297,0.03982534,0.4548864,0.2096342,0.295654
298,0.03979394,0.4544977,0.2100768,0.2956316
299,0.03976938,0.454174,0.2104526,0.2956041
300,0.03974718,0.4538988,0.2108045,0.2955494
301,0.03660068,0.4870047,0.2037549,0.2726398
302,0.03481308,0.499851,0.2052123,0.2601238
303,0.03380862,0.5041699,0.2084697,0.2535517
304,0.03323407,0.5049211,0.2116938,0.2501509
305,0.03290128,0.5042995,0.2143263,0.2484731
306,0.03270474,0.5032614,0.2163126,0.2477213
307,0.03258416,0.5021946,0.2177711,0.2474502
308,0.03250508,0.5012304,0.2188515,0.2474131
309,0.03244809,0.5003916,0.2196842,0.2474762
310,0.03240225,0.4996614,0.2203686,0.2475678
311,0.03236177,0.4990135,0.220971,0.2476537
312,0.03232377,0.498424,0.221532,0.2477202
313,0.0364983,0.4493337,0.2348036,0.2793643
314,0.03979826,0.4202212,0.2363479,0.3036326
315,0.04217902,0.4040702,0.2335768,0.3201741
316,0.04377762,0.3959703,0.2298252,0.3304269
317,0.04477637,0.3925112,0.2266485,0.336064
318,0.04535578,0.3914846,0.2245249,0.3386346
319,0.04566669,0.3915779,0.2233787,0.3393767
320,0.04582205,0.39209,0.2229019,0.3391861
321,0.04590039,0.3926977,0.2227328,0.3386692
322,0.04595122,0.3932886,0.2225678,0.3381924
323,0.04600332,0.3938467,0.2221952,0.3379548
324,0.04607049,0.3943906,0.2215045,0.3380344
325,0.04578429,0.3991159,0.2192587,0.335841
326,0.04564286,0.4019319,0.2174969,0.3349284
327,0.04559156,0.4037228,0.2159338,0.334752
328,0.04559826,0.4049387,0.2144356,0.3350274
329,0.04563681,0.4058345,0.2130073,0.3355214
330,0.0456894,0.4065443,0.2116891,0.3360772
331,0.04574519,0.4071345,0.2105176,0.3366027
332,0.04579815,0.4076372,0.2095145,0.3370502
333,0.04584537,0.4080687,0.2086853,0.3374006
334,0.04588637,0.4084375,0.2080182,0.3376579
335,0.04592144,0.4087507,0.2074954,0.3378325
336,0.04595118,0.4090157,0.2070966,0.3379364
337,0.04626461,0.406183,0.2075203,0.3400321
338,0.04648243,0.4047329,0.2074276,0.341357
339,0.0466281,0.4040569,0.2071915,0.3421234
340,0.0467228,0.4038053,0.206966,0.342506
341,0.04678265,0.4037716,0.2068131,0.3426326
342,0.04681903,0.4038394,0.2067511,0.3425904
343,0.0468397,0.4039459,0.2067783,0.3424361
344,0.04684974,0.4040591,0.2068852,0.342206
345,0.04685253,0.4041644,0.2070599,0.3419232
346,0.04685006,0.4042565,0.2072929,0.3416006
347,0.04684375,0.404334,0.2075747,0.3412475
348,0.04683467,0.4043975,0.2078961,0.3408717
349,0.04027124,0.4690305,0.1978007,0.2928976
350,0.03683443,0.4914953,0.2032102,0.26846
351,0.03507757,0.4982239,0.2100126,0.2566859
352,0.03413469,0.4991726,0.2158081,0.2508846
353,0.03362129,0.4981386,0.220095,0.2481452
354,0.03333981,0.4966285,0.2230387,0.2469931
355,0.03318276,0.4951945,0.2249836,0.2466392
356,0.03309072,0.4939899,0.2262622,0.2466571
357,0.03303104,0.4930128,0.2271354,0.2468208
358,0.03298608,0.4922125,0.227787,0.2470144
359,0.03294669,0.4915338,0.2283365,0.247183
360,0.03290838,0.4909314,0.2288563,0.2473039
361,0.03649798,0.4502573,0.2387431,0.2745017
362,0.03929219,0.4270768,0.2383484,0.2952828
363,0.04123826,0.414866,0.2349075,0.3089882
364,0.04250168,0.4091861,0.23108,0.3172323
365,0.0432633,0.4070745,0.2280457,0.3216165
366,0.04368545,0.4067036,0.2261073,0.3235036
367,0.0438957,0.4070447,0.2251346,0.323925
368,0.04398507,0.4075835,0.2248355,0.3235959
369,0.04401453,0.4081064,0.2248959,0.3229832
370,0.04402345,0.4085564,0.225036,0.3223841
371,0.04403568,0.4089465,0.2250439,0.3219739
372,0.04406404,0.4093121,0.2247832,0.3218407
373,0.04458143,0.4046211,0.2254834,0.3253141
374,0.04496875,0.4023533,0.2247896,0.3278884
375,0.04525993,0.4014495,0.2234531,0.3298374
376,0.04548455,0.4013106,0.2218253,0.3313796
377,0.04566337,0.4015799,0.2201026,0.3326541
378,0.04580951,0.4020502,0.2184043,0.333736
379,0.04593088,0.402602,0.2168068,0.3346603
380,0.04603238,0.4031675,0.2153571,0.3354431
381,0.04611732,0.4037085,0.2140802,0.336094
382,0.04618802,0.4042057,0.2129864,0.3366199
383,0.04624661,0.4046498,0.2120722,0.3370315
384,0.04629502,0.4050385,0.2113247,0.3373418
385,0.04643115,0.40454,0.2107133,0.3383155
386,0.04653315,0.4044066,0.2100598,0.3390004
387,0.04660359,0.4044699,0.2095172,0.3394093
388,0.04665191,0.4046187,0.2091035,0.3396259
389,0.04668473,0.4047938,0.2088141,0.3397073
390,0.04670645,0.4049661,0.2086367,0.3396908
391,0.04671983,0.4051232,0.208558,0.3395989
392,0.04672655,0.4052611,0.2085681,0.3394443
393,0.04672752,0.4053794,0.2086596,0.3392335
394,0.04672356,0.4054789,0.2088247,0.3389728
395,0.0467152,0.4055611,0.2090569,0.3386667
396,0.04670287,0.405628,0.2093504,0.3383186
397,0.04775369,0.3962279,0.2099278,0.3460907
398,0.04852374,0.3912599,0.2085325,0.3516839
399,0.04900916,0.3889968,0.2070738,0.3549202
400,0.04930168,0.3881885,0.2058846,0.3566252
401,0.04946728,0.3881044,0.2050693,0.3573591
402,0.04955293,0.3883353,0.2046057,0.357506
403,0.04959092,0.3886677,0.2044194,0.3573219
404,0.04960252,0.3890013,0.2044242,0.356972
405,0.04960137,0.389298,0.2045402,0.3565604
406,0.04959577,0.3895515,0.2047037,0.356149
407,0.04959061,0.3897689,0.2048665,0.3557739
408,0.04958866,0.3899615,0.2049951,0.3554547
409,0.04477697,0.4377849,0.19633,0.3211082
410,0.04201684,0.457897,0.1979892,0.302097
411,0.04050843,0.4656555,0.2015145,0.2923215
412,0.03967173,0.4681129,0.2048677,0.2873477
413,0.03920911,0.4683803,0.2074627,0.284948
414,0.03895562,0.467855,0.2092783,0.2839111
415,0.03881734,0.4671393,0.2104785,0.2835649
416,0.0387405,0.4664658,0.2112558,0.2835378
417,0.03869461,0.4659018,0.211774,0.2836296
418,0.03866274,0.4654467,0.212154,0.2837364
419,0.03863573,0.4650781,0.2124778,0.2838083
420,0.03860888,0.4647706,0.2127968,0.2838237
421,0.0388169,0.4617479,0.21402,0.2854152
422,0.0389352,0.4601347,0.214662,0.2862681
423,0.03899593,0.4592512,0.2150771,0.2866758
424,0.03901557,0.4587555,0.2154638,0.2867651
425,0.0390085,0.4584527,0.2158882,0.2866507
426,0.03898532,0.4582398,0.2163573,0.2864175
427,0.03895353,0.4580671,0.216853,0.2861264
428,0.03891848,0.4579131,0.2173468,0.2858215
429,0.0388841,0.4577712,0.217808,0.2855367
430,0.03885337,0.4576412,0.2182064,0.2852991
431,0.0388285,0.4575261,0.2185161,0.2851292
432,0.03881096,0.4574293,0.2187178,0.2850419
433,0.04166179,0.4252152,0.2279731,0.3051499
434,0.04371354,0.4069639,0.2305253,0.3187971
435,0.04513976,0.3970653,0.2300514,0.3277435
436,0.04606671,0.3921497,0.2287365,0.333047
437,0.04664407,0.3900093,0.2274024,0.3359443
438,0.04699929,0.3893063,0.2262497,0.3374447
439,0.04722828,0.3892894,0.225203,0.3382792
440,0.04739677,0.3895719,0.2241021,0.3389291
441,0.04754489,0.3899762,0.2228089,0.3396699
442,0.04769132,0.3904351,0.2212723,0.3406012
443,0.04784075,0.3909266,0.2195229,0.3417098
444,0.04798945,0.3914424,0.2176538,0.3429144
445,0.04810433,0.3905739,0.2180052,0.3433166
446,0.04814836,0.3901384,0.218597,0.3431163
447,0.04819515,0.3898277,0.218924,0.3430532
448,0.04824014,0.3896191,0.2190882,0.3430526
449,0.04828343,0.3894843,0.2191363,0.343096
450,0.04832513,0.3894031,0.2191011,0.3431707
451,0.04836515,0.3893611,0.2190083,0.3432654
452,0.04840318,0.3893483,0.2188792,0.3433693
453,0.04843884,0.3893567,0.2187319,0.3434726
454,0.04847207,0.3893798,0.2185778,0.3435704
455,0.04850282,0.3894131,0.2184255,0.3436587
456,0.04853106,0.3894529,0.2182814,0.3437347
457,0.04826688,0.395202,0.2136683,0.3428627
458,0.04823048,0.3987448,0.2090845,0.3439402
459,0.04818168,0.4012407,0.2060485,0.3445291
460,0.04812906,0.4029965,0.2040943,0.3447802
461,0.04807957,0.4042031,0.2028896,0.3448277
462,0.04803624,0.405009,0.2021981,0.3447567
463,0.04799895,0.4055312,0.2018596,0.3446102
464,0.04796601,0.4058582,0.2017698,0.3444059
465,0.04793521,0.4060545,0.2018627,0.3441477
466,0.04790449,0.4061644,0.2020972,0.3438339
467,0.04787213,0.4062179,0.2024484,0.3434615
468,0.04783642,0.4062332,0.2029071,0.3430233
469,0.04269935,0.4562595,0.194804,0.3062371
470,0.03982197,0.47576,0.198169,0.286249
471,0.03826613,0.4824496,0.2032558,0.2760285
472,0.0373982,0.483943,0.2079197,0.2707391
473,0.03690718,0.4834475,0.2115853,0.2680601
474,0.03662569,0.4823396,0.2142676,0.2667671
475,0.03645981,0.4811778,0.2161728,0.2661896
476,0.0363563,0.480154,0.2175309,0.2659587
477,0.03628527,0.4793047,0.2185339,0.2658761
478,0.03623019,0.4786071,0.2193241,0.2658386
479,0.03618251,0.4780244,0.2199938,0.2657992
480,0.03613813,0.4775231,0.2205975,0.2657412
481,0.03973703,0.4389938,0.2287817,0.2924875
482,0.04253018,0.4168031,0.2278021,0.3128647
483,0.04447369,0.4050146,0.2242139,0.3262977
484,0.04574627,0.3994778,0.2202772,0.3344987
485,0.04652508,0.3974338,0.2170401,0.3390011
486,0.04696777,0.3971518,0.2147829,0.3410976
487,0.04719855,0.3976277,0.2134046,0.3417691
488,0.04730705,0.3983351,0.2126564,0.3417014
489,0.04735409,0.3990336,0.2122637,0.3413485
490,0.0473778,0.399642,0.2119962,0.340984
491,0.04740086,0.4001524,0.2116836,0.3407632
492,0.04743507,0.400586,0.2112215,0.3407573
493,0.04452033,0.4310074,0.2044308,0.3200416
494,0.04277338,0.4449961,0.20406,0.3081705
495,0.04178968,0.4510661,0.205164,0.3019802
496,0.0412497,0.4534188,0.2063421,0.2989894
497,0.04096572,0.454094,0.2071793,0.2977609
498,0.04082598,0.4540727,0.2076457,0.2974556
499,0.04076439,0.4538101,0.2078333,0.2975923
500,0.04074254,0.4535024,0.2078511,0.297904
501,0.04073874,0.4532225,0.2077878,0.298251
502,0.04074137,0.4529872,0.2077045,0.298567
503,0.04074445,0.4527919,0.2076392,0.2988244
504,0.04074511,0.4526261,0.2076135,0.2990153
505,0.04353353,0.4231932,0.214017,0.3192563
506,0.04560672,0.4064492,0.2141018,0.3338423
507,0.04703692,0.3974978,0.2120826,0.3433826
508,0.04796949,0.3931988,0.209675,0.3491568
509,0.04854302,0.3915049,0.2076389,0.3523133
510,0.04887361,0.3911484,0.2062041,0.353774
511,0.04904966,0.3913939,0.2053402,0.3542162
512,0.04913395,0.3918481,0.2049114,0.3541066
513,0.04916875,0.392323,0.2047575,0.3537507
514,0.04918091,0.3927461,0.2047369,0.353336
515,0.04918698,0.3931019,0.2047374,0.3529738
516,0.04919646,0.3933995,0.2046802,0.3527238
517,0.04512412,0.4342785,0.1969209,0.3236764
518,0.04273332,0.4521171,0.1979109,0.3072387
519,0.04140755,0.4592802,0.2006242,0.2986881
520,0.0406732,0.4616947,0.2032456,0.2943865
521,0.04027373,0.4620852,0.2052405,0.2924005
522,0.04006261,0.4617107,0.206581,0.2916457
523,0.03995501,0.4611295,0.207405,0.2915105
524,0.03990209,0.4605651,0.2078771,0.2916558
525,0.0398762,0.4600873,0.2081367,0.2918997
526,0.03986211,0.4597015,0.2082865,0.2921499
527,0.03985177,0.45939,0.2083949,0.2923634
528,0.03984112,0.4591311,0.2085045,0.2925234
529,0.04178163,0.4382087,0.2133374,0.3066723
530,0.04316537,0.4268768,0.2135014,0.3164565
531,0.04408077,0.4211479,0.2121781,0.3225933
532,0.04465214,0.4185855,0.2106274,0.3261349
533,0.04498627,0.4176889,0.2093785,0.3279464
534,0.04516592,0.417585,0.2085732,0.3286759
535,0.04525038,0.4178011,0.208174,0.3287746
536,0.04527987,0.4181035,0.2080764,0.3285402
537,0.04528052,0.418392,0.2081654,0.3281622
538,0.04526893,0.4186346,0.2083382,0.3277582
539,0.04525531,0.4188313,0.2085139,0.3273996
540,0.04524573,0.4189931,0.2086343,0.327127
541,0.04729387,0.3985847,0.2124456,0.3416758
542,0.04881265,0.3870895,0.211933,0.3521649
543,0.04985427,0.3810555,0.2101013,0.3589889
544,0.05054467,0.3782333,0.2079864,0.3632356
545,0.05099051,0.3771975,0.2060414,0.3657706
546,0.05127639,0.3770791,0.2043925,0.3672521
547,0.05146359,0.3773783,0.2030207,0.3681374
548,0.0515931,0.3778284,0.2018618,0.3687166
549,0.05169026,0.3783002,0.2008535,0.369156
550,0.0517696,0.3787392,0.1999519,0.3695393
551,0.05183868,0.3791282,0.1991327,0.3699003
552,0.05190104,0.3794672,0.1983857,0.370246
553,0.05152955,0.3837245,0.1972921,0.3674539
554,0.05127931,0.3860755,0.1970585,0.3655868
555,0.05113427,0.3872957,0.1970351,0.3645349
556,0.05105776,0.3878988,0.1970527,0.3639907
557,0.05102385,0.3881816,0.1970486,0.3637459
558,0.05101475,0.3883103,0.1970127,0.3636622
559,0.05101879,0.3883732,0.1969557,0.3636524
560,0.05102869,0.388414,0.1968934,0.363664
561,0.05104009,0.388452,0.1968403,0.3636676
562,0.05105055,0.3884943,0.1968072,0.3636479
563,0.05105877,0.3885424,0.1968009,0.363598
564,0.05106423,0.388595,0.1968248,0.363516
565,0.0486062,0.4128406,0.1923732,0.34618
566,0.04703023,0.4246793,0.1928806,0.3354098
567,0.04608221,0.4299956,0.1946902,0.3292321
568,0.04551948,0.4320701,0.1966254,0.325785
569,0.04518945,0.4326175,0.1982704,0.3239227
570,0.04499735,0.4325103,0.1995417,0.3229506
571,0.04488489,0.4321738,0.200487,0.3224543
572,0.04481679,0.4318004,0.2011908,0.322192
573,0.04477206,0.431466,0.2017346,0.3220274
574,0.04473877,0.4311907,0.2021822,0.3218884
575,0.0447103,0.4309714,0.2025788,0.3217396
576,0.04468321,0.4307974,0.2029533,0.3215661
577,0.04438474,0.4334991,0.2026386,0.3194776
578,0.04418185,0.4348477,0.2028508,0.3181197
579,0.04404171,0.4354819,0.2032734,0.317203
580,0.04394459,0.4357364,0.2037368,0.3165822
581,0.04387543,0.4358039,0.204174,0.3161466
582,0.04382424,0.4357884,0.2045622,0.3158252
583,0.04378474,0.4357426,0.2048965,0.3155761
584,0.04375323,0.4356914,0.2051783,0.3153771
585,0.04372763,0.4356452,0.2054098,0.3152174
586,0.04370686,0.4356072,0.2055931,0.3150929
587,0.04369036,0.4355776,0.2057293,0.3150028
588,0.04367789,0.4355552,0.2058193,0.3149476
589,0.04387063,0.4336574,0.2060517,0.3164203
590,0.04400312,0.4327352,0.2058215,0.3174401
591,0.04408567,0.4323477,0.2054959,0.3180707
592,0.04413742,0.4322265,0.2051623,0.3184738
593,0.04417041,0.4322275,0.2048572,0.3187449
594,0.04419257,0.4322749,0.2045882,0.3189444
595,0.04420882,0.4323314,0.2043517,0.3191082
596,0.04422205,0.4323806,0.2041414,0.3192559
597,0.04423379,0.4324165,0.2039526,0.319397
598,0.04424471,0.4324383,0.2037833,0.3195337
599,0.044255,0.4324469,0.2036328,0.3196654
600,0.04426459,0.4324441,0.2035014,0.3197898
601,0.04278979,0.4474625,0.2004112,0.3093365
602,0.04185962,0.4543763,0.200792,0.3029721
603,0.04130565,0.4572319,0.202048,0.2994145
604,0.04098181,0.458131,0.2033672,0.2975201
605,0.04079624,0.4581505,0.2044659,0.2965874
606,0.04069164,0.4578247,0.2052954,0.2961883
607,0.04063278,0.4574035,0.2058966,0.2960671
608,0.04059852,0.4569925,0.2063335,0.2960755
609,0.04057648,0.4566273,0.2066661,0.2961301
610,0.04055962,0.4563125,0.2069414,0.2961865
611,0.04054409,0.4560409,0.2071923,0.2962226
612,0.04052797,0.4558027,0.2074399,0.2962294
613,0.04213918,0.4383719,0.2116582,0.3078307
614,0.04326871,0.429031,0.2120161,0.3156841
615,0.04400566,0.424349,0.211123,0.3205223
616,0.04445862,0.4222688,0.2100264,0.3232462
617,0.04471899,0.4215403,0.2091537,0.3245872
618,0.04485627,0.4214472,0.208612,0.3250846
619,0.04491959,0.4216073,0.2083634,0.3251098
620,0.04494187,0.4218348,0.2083185,0.3249048
621,0.0449442,0.4220524,0.2083824,0.324621
622,0.04493958,0.4222365,0.2084751,0.3243487
623,0.0449356,0.4223883,0.208538,0.3241382
624,0.04493627,0.422517,0.2085339,0.3240128
625,0.0447752,0.4242129,0.2082735,0.3227383
626,0.04467404,0.4251014,0.2082651,0.3219595
627,0.04462367,0.425548,0.2082177,0.3216106
628,0.04460584,0.4257776,0.2080858,0.3215309
629,0.04460861,0.4259061,0.2078665,0.3216188
630,0.04462355,0.4259919,0.2075819,0.3218027
631,0.04464484,0.4260615,0.2072611,0.3220326
632,0.04466861,0.4261245,0.2069319,0.3222749
633,0.04469235,0.4261831,0.2066163,0.3225083
634,0.04471445,0.4262363,0.206331,0.3227183
635,0.04473395,0.4262823,0.2060874,0.3228964
636,0.04475029,0.4263199,0.2058919,0.323038
637,0.04696883,0.4041016,0.2100521,0.3388774
638,0.0486067,0.3915123,0.2096635,0.3502175
639,0.0497267,0.3848189,0.2078955,0.3575589
640,0.05045585,0.3816229,0.2059305,0.3619907
641,0.05090733,0.3803812,0.2042788,0.3644327
642,0.0511727,0.3801453,0.2030823,0.3655997
643,0.05132011,0.3803665,0.2023081,0.3660053
644,0.05139691,0.3807507,0.2018584,0.3659939
645,0.05143431,0.3811565,0.2016252,0.365784
646,0.0514522,0.3815258,0.2015123,0.3655097
647,0.05146256,0.3818443,0.2014458,0.3652473
648,0.05147218,0.3821169,0.2013741,0.3650368
649,0.04820371,0.4141354,0.1958297,0.3418313
650,0.04617579,0.4291478,0.1967897,0.3278867
651,0.04501235,0.4355927,0.1990641,0.3203309
652,0.04435326,0.4380023,0.2012595,0.3163849
653,0.04398952,0.4385937,0.2029439,0.3144729
654,0.04379625,0.4384436,0.2040875,0.3136727
655,0.0436987,0.4380541,0.2048003,0.3134469
656,0.04365259,0.4376409,0.2052178,0.3134888
657,0.04363222,0.4372815,0.2054576,0.3136287
658,0.04362302,0.4369917,0.2056075,0.3137777
659,0.04361711,0.4367632,0.2057269,0.3138929
660,0.04361042,0.4365809,0.2058523,0.3139564
661,0.04428104,0.4300056,0.2067414,0.3189721
662,0.04474234,0.4266572,0.2062348,0.3223656
663,0.0450244,0.4251297,0.2055192,0.3243267
664,0.04518666,0.4245504,0.204901,0.325362
665,0.0452707,0.424429,0.2044926,0.3258078
666,0.04530547,0.4245004,0.204302,0.3258922
667,0.04531051,0.4246317,0.2042928,0.325765
668,0.04529853,0.424763,0.204416,0.3255225
669,0.0452777,0.4248725,0.2046234,0.3252263
670,0.04525333,0.4249572,0.2048731,0.3249164
671,0.04522882,0.4250213,0.2051304,0.3246196
672,0.0452065,0.4250718,0.2053673,0.3243544
673,0.04411598,0.4355859,0.2038571,0.316441
674,0.04340575,0.4405473,0.2046439,0.311403
675,0.04298277,0.4426355,0.2058125,0.3085692
676,0.04273739,0.4433421,0.2068641,0.3070564
677,0.04260214,0.4434293,0.2076249,0.3063437
678,0.04253364,0.4432783,0.2080858,0.3061022
679,0.04250438,0.4430672,0.208301,0.3061275
680,0.04249734,0.4428694,0.2083383,0.3062949
681,0.04250216,0.4427073,0.2082601,0.3065304
682,0.04251247,0.4425817,0.2081174,0.3067884
683,0.04252459,0.4424843,0.2079474,0.3070436
684,0.04253645,0.4424062,0.2077758,0.3072816
685,0.04324428,0.4350578,0.2092886,0.3124093
686,0.0437299,0.4312413,0.2091934,0.3158354
687,0.04404367,0.4293846,0.2086069,0.3179648
688,0.04423792,0.4285859,0.2079597,0.3192165
689,0.04435322,0.4283192,0.2074207,0.3199069
690,0.04441862,0.4282942,0.2070309,0.3202563
691,0.04445374,0.4283607,0.2067764,0.3204091
692,0.04447127,0.4284472,0.2066253,0.3204562
693,0.0444791,0.4285241,0.2065451,0.3204516
694,0.04448199,0.4285829,0.2065082,0.3204268
695,0.04448272,0.428624,0.2064942,0.3203991
696,0.04448281,0.4286512,0.2064887,0.3203771
697,0.03886501,0.4860768,0.1944308,0.2806273
698,0.03592252,0.5067525,0.1966739,0.2606511
699,0.0343704,0.5133551,0.2014451,0.2508294
700,0.03352461,0.5144514,0.2059887,0.2460354
701,0.03305891,0.5135379,0.2095437,0.2438596
702,0.03280094,0.5120664,0.2120849,0.2430478
703,0.03265567,0.5106018,0.2138201,0.2429223
704,0.03256997,0.5093238,0.2149914,0.2431148
705,0.03251416,0.5082545,0.2158039,0.2434275
706,0.03247203,0.5073602,0.21641,0.2437578
707,0.03243484,0.5065963,0.216914,0.2440549
708,0.03239806,0.5059231,0.2173837,0.2442953
709,0.03494044,0.4761538,0.2253412,0.2635646
710,0.03677635,0.4602962,0.2257787,0.2771487
711,0.03798888,0.4525588,0.2237625,0.2856898
712,0.03873148,0.4493183,0.2214073,0.2905428
713,0.03914637,0.4483467,0.219607,0.2928998
714,0.0393482,0.4483739,0.2185867,0.2936912
715,0.03942112,0.4487395,0.2182548,0.2935846
716,0.03942358,0.4491411,0.2183973,0.2930381
717,0.03939508,0.4494696,0.2187744,0.2923609
718,0.0393617,0.449712,0.2191678,0.2917585
719,0.03933978,0.4498953,0.2194039,0.291361
720,0.03933793,0.4500572,0.2193702,0.2912346
721,0.03973889,0.4459562,0.2202076,0.2940974
722,0.04003114,0.4440332,0.2197259,0.2962098
723,0.04025178,0.4432728,0.2185966,0.2978788
724,0.04042177,0.4431425,0.2171919,0.2992438
725,0.04055783,0.4433247,0.2157043,0.3004132
726,0.04066994,0.4436374,0.214254,0.3014386
727,0.04076391,0.4439767,0.2129198,0.3023396
728,0.04084307,0.4442853,0.2117511,0.3031206
729,0.04090953,0.4445354,0.2107727,0.3037823
730,0.04096489,0.4447189,0.2099868,0.3043294
731,0.04101038,0.4448398,0.2093816,0.3047682
732,0.04104698,0.4449084,0.2089369,0.3051078
733,0.04103203,0.4455537,0.2083195,0.3050947
734,0.0410259,0.4459145,0.2079259,0.3051337
735,0.04102132,0.4461103,0.2077213,0.3051471
736,0.04101767,0.4462026,0.2076413,0.3051385
737,0.0410136,0.4462332,0.2076517,0.3051014
738,0.041008,0.4462287,0.2077325,0.3050308
739,0.04100016,0.4462047,0.2078713,0.3049238
740,0.04098964,0.4461712,0.2080601,0.3047791
741,0.04097623,0.4461342,0.2082924,0.3045971
742,0.04096005,0.4460971,0.208562,0.3043808
743,0.04094131,0.4460621,0.2088627,0.3041339
744,0.04092036,0.4460306,0.2091879,0.3038611
745,0.04255779,0.4282609,0.2135772,0.3156041
746,0.04371139,0.4187018,0.2140682,0.3235188
747,0.0444666,0.4139174,0.2132862,0.3283298
748,0.04493236,0.4118276,0.2122778,0.3309622
749,0.04520191,0.4111563,0.2114623,0.3321795
750,0.04534743,0.4111641,0.2109331,0.3325554
751,0.04542086,0.4114515,0.2106352,0.3324924
752,0.04545734,0.4118219,0.2104642,0.3322566
753,0.04547923,0.4121928,0.2103165,0.3320114
754,0.04549981,0.4125388,0.2101115,0.3318499
755,0.04552604,0.4128605,0.2097987,0.3318148
756,0.04556049,0.4131674,0.2093578,0.3319143
757,0.04066036,0.4645054,0.1980355,0.2967987
758,0.03797871,0.4848067,0.1988457,0.2783688
759,0.03653532,0.492238,0.2021171,0.2691096
760,0.03574679,0.4942892,0.2053955,0.2645685
761,0.03531839,0.4941804,0.2079767,0.2625244
762,0.03508969,0.4933186,0.2098038,0.2617879
763,0.03497022,0.4922969,0.211028,0.261705
764,0.03490837,0.4913412,0.2118349,0.2619155
765,0.03487488,0.4905157,0.2123836,0.2622258
766,0.03485342,0.489819,0.2127923,0.2625353
767,0.03483519,0.4892279,0.2131419,0.262795
768,0.03481552,0.4887161,0.2134852,0.2629831
769,0.03621162,0.4722973,0.2179481,0.273543
770,0.03715795,0.4638998,0.2184594,0.2804828
771,0.03775167,0.4599034,0.2177411,0.2846038
772,0.03809521,0.4582296,0.2169062,0.2867689
773,0.0382707,0.457679,0.216401,0.2876492
774,0.03833827,0.4576036,0.2163353,0.2877227
775,0.03833937,0.4576803,0.2166667,0.2873136
776,0.03830192,0.4577653,0.2172943,0.2866384
777,0.03824487,0.4578083,0.2181009,0.285846
778,0.03818179,0.4578026,0.2189682,0.2850474
779,0.03812292,0.457762,0.2197839,0.2843313
780,0.03807605,0.457709,0.2204457,0.2837692
781,0.03597288,0.4805943,0.2150777,0.2683551
782,0.03475304,0.490107,0.2152995,0.2598405
783,0.03406573,0.4937506,0.216747,0.2554367
784,0.03369355,0.4948322,0.2180373,0.253437
785,0.03350325,0.4948865,0.2188218,0.2527883
786,0.03341571,0.4945877,0.2191289,0.2528677
787,0.03338433,0.4942045,0.2191002,0.253311
788,0.03338197,0.4938264,0.2188825,0.2539091
789,0.03339291,0.4934718,0.2185913,0.254544
790,0.0334079,0.4931372,0.2183061,0.2551487
791,0.03342186,0.4928161,0.2180723,0.2556898
792,0.0334321,0.4925031,0.2179113,0.2561535
793,0.03338448,0.4928653,0.2175903,0.2561601
794,0.03335095,0.492862,0.2175519,0.2562352
795,0.03332515,0.4926847,0.2176555,0.2563347
796,0.03330288,0.4924263,0.2178409,0.25643
797,0.03328129,0.4921356,0.2180812,0.2565019
798,0.0332587,0.4918373,0.2183645,0.2565395
799,0.03323414,0.4915426,0.2186852,0.256538
800,0.03320725,0.4912566,0.2190399,0.2564963
801,0.03317798,0.4909808,0.219425,0.2564164
802,0.03314664,0.490716,0.2198344,0.256303
803,0.0331137,0.4904629,0.2202607,0.2561627
804,0.0330798,0.490222,0.2206941,0.2560041
805,0.03501779,0.4671923,0.2270352,0.2707547
806,0.03637914,0.4552802,0.2275678,0.2807728
807,0.03726136,0.4496597,0.2262039,0.2868751
808,0.03779808,0.4474331,0.2245192,0.2902496
809,0.0381056,0.446883,0.2231198,0.2918916
810,0.03827327,0.4470642,0.2221177,0.292545
811,0.03836389,0.4475026,0.2214142,0.2927192
812,0.03841819,0.44799,0.220855,0.2927367
813,0.03846034,0.4484542,0.2203053,0.2927801
814,0.03850304,0.4488837,0.2196767,0.2929366
815,0.03855149,0.4492872,0.218931,0.2932303
816,0.03860628,0.4496746,0.2180728,0.2936463
817,0.03850689,0.4517478,0.2167978,0.2929476
818,0.03846272,0.4529342,0.2158757,0.2927274
819,0.0384571,0.4536436,0.2150672,0.2928321
820,0.0384735,0.4540936,0.2143266,0.2931063
821,0.03850115,0.4543943,0.2136546,0.2934499
822,0.03853315,0.4546008,0.2130661,0.2938
823,0.03856528,0.4547416,0.2125738,0.2941194
824,0.03859504,0.4548334,0.2121835,0.294388
825,0.03862102,0.4548882,0.2118943,0.2945965
826,0.03864242,0.4549155,0.2117011,0.294741
827,0.03865886,0.4549231,0.2115963,0.2948218
828,0.03867024,0.4549172,0.2115718,0.2948407
829,0.03614658,0.4826167,0.2053538,0.275883
830,0.0346783,0.4938337,0.2062749,0.2652131
831,0.03384184,0.4978358,0.2088542,0.259468
832,0.0333622,0.4987202,0.2114912,0.2564265
833,0.03308608,0.4983645,0.2136748,0.2548745
834,0.03292497,0.4976115,0.2153392,0.2541243
835,0.03282722,0.4968138,0.216576,0.2537829
836,0.0327628,0.4960978,0.217512,0.2536274
837,0.03271443,0.4954911,0.2182601,0.2535343
838,0.03267257,0.494983,0.2189057,0.2534388
839,0.03263205,0.4945516,0.2195075,0.2533088
840,0.03259036,0.4941765,0.2201015,0.2531316
841,0.03378929,0.479293,0.2246064,0.2623113
842,0.03458225,0.4718851,0.2254018,0.2681309
843,0.03506732,0.4684866,0.225009,0.271437
844,0.03533836,0.4671468,0.2244743,0.2730405
845,0.03547219,0.4667695,0.2241646,0.2735937
846,0.03552527,0.4667846,0.2241213,0.2735688
847,0.03553674,0.4669244,0.2242483,0.2732906
848,0.0355326,0.4670833,0.2244105,0.2729735
849,0.03552905,0.4672364,0.2244839,0.2727506
850,0.03553499,0.4673916,0.2243802,0.2726932
851,0.03555391,0.4675645,0.2240575,0.2728241
852,0.03558571,0.4677657,0.2235153,0.2731332
853,0.03537989,0.4708766,0.2220022,0.2717412
854,0.03527073,0.472469,0.221091,0.2711692
855,0.03522544,0.4733067,0.2203406,0.2711272
856,0.0352198,0.4737586,0.2196206,0.271401
857,0.03523641,0.4740077,0.2189217,0.2718342
858,0.03526396,0.4741386,0.2182735,0.2723238
859,0.03529527,0.4741908,0.2177084,0.2728055
860,0.03532584,0.4741855,0.2172481,0.2732406
861,0.03535289,0.4741382,0.2169016,0.2736073
862,0.03537486,0.4740618,0.2166673,0.2738961
863,0.03539097,0.4739664,0.2165378,0.2741048
864,0.03540098,0.4738599,0.2165036,0.2742354
865,0.03545026,0.4732408,0.2166708,0.2746381
866,0.03547775,0.4728891,0.216793,0.2748401
867,0.03548849,0.4726748,0.2169509,0.2748859
868,0.03548683,0.4725289,0.2171698,0.2748146
869,0.03547592,0.4724155,0.2174547,0.2746538
870,0.03545807,0.472317,0.2178013,0.2744237
871,0.03543495,0.4722254,0.2182,0.2741397
872,0.03540795,0.4721378,0.2186393,0.2738149
