EwEVersion,"6.5.13829.0 (compiled 2016-05-17)"
Date,"2016-09-06 16:04:16"
ModelName,Baltic_Proper-SEALS
EcosimScenario,Proper1_SealVuln100_19742100_seal0_cofF03
TimeSeries,new_data_weights_19742100_BAU_WAR1_codF03_seal0
StartYear,1974

Data,"Prey of microzooplankton"

Year,"Cyanobacteria","Phytoplankton","Detritus-water column",
1974,0.000781,0.5598506,0.4393683
1975,0.0007833519,0.5499803,0.4492364
1976,0.0006566581,0.6143683,0.3849751
1977,0.0006730384,0.5936307,0.4056962
1978,0.0007064992,0.5704847,0.4288089
1979,0.0007238474,0.5586322,0.4406439
1980,0.0006466925,0.6003013,0.3990519
1981,0.0006361542,0.599535,0.3998289
1982,0.000611849,0.6101218,0.3892664
1983,0.0006488403,0.582122,0.4172291
1984,0.0006403026,0.5874924,0.4118673
1985,0.0007642394,0.5198733,0.4793625
1986,0.0006563811,0.5851144,0.4142293
1987,0.0009882011,0.3954209,0.6035908
1988,0.0008925385,0.4636875,0.5354199
1989,0.0008239686,0.5019687,0.4972073
1990,0.0007880246,0.5263729,0.4728391
1991,0.0009444701,0.4453453,0.5537103
1992,0.0008207709,0.5179227,0.4812566
1993,0.0008357848,0.5094527,0.4897115
1994,0.0007867753,0.5394003,0.4598129
1995,0.0007560451,0.550815,0.4484289
1996,0.0009026154,0.4742129,0.5248845
1997,0.0009678238,0.4440051,0.5550271
1998,0.0008301612,0.5183168,0.480853
1999,0.0006934002,0.5876162,0.4116904
2000,0.0009092186,0.4667433,0.5323475
2001,0.0009288849,0.4635106,0.5355605
2002,0.0009422534,0.4585494,0.5405083
2003,0.0007191767,0.5816674,0.4176134
2004,0.0008857907,0.484963,0.5141511
2005,0.0009358363,0.4641557,0.5349085
2006,0.0009439862,0.4609078,0.5381482
2007,0.0009885898,0.4399869,0.5590245
2008,0.0008146614,0.534132,0.4650533
2009,0.0008064267,0.5345121,0.4646815
2010,0.0009565638,0.4591767,0.5398667
2011,0.0009886223,0.4482625,0.5507488
2012,0.000965799,0.4564502,0.542584
2013,0.0007748398,0.5570374,0.4421878
2014,0.000937311,0.4652972,0.5337655
2015,0.000844274,0.5171944,0.4819613
2016,0.0009679215,0.4495163,0.5495158
2017,0.0008315924,0.524855,0.4743134
2018,0.0009070698,0.4813919,0.5177011
2019,0.001014907,0.4285066,0.5704784
2020,0.001013556,0.4324843,0.5665022
2021,0.000913786,0.4851834,0.5139028
2022,0.00088946,0.4964345,0.5026761
2023,0.0008944157,0.4927653,0.5063403
2024,0.0008350443,0.5226271,0.4765379
2025,0.0009036427,0.4853569,0.5137395
2026,0.0009067935,0.4861517,0.5129415
2027,0.001010997,0.4324783,0.5665107
2028,0.0008987833,0.4946563,0.5044449
2029,0.000912944,0.4842014,0.5148856
2030,0.0008720381,0.5068173,0.4923105
2031,0.0008989192,0.4907259,0.5083752
2032,0.0006985867,0.5937867,0.4055147
2033,0.000802481,0.5294919,0.4697057
2034,0.0008347077,0.5137383,0.485427
2035,0.0008359589,0.511703,0.4874611
2036,0.0009133697,0.4735428,0.5255437
2037,0.0007397397,0.5670696,0.4321907
2038,0.0007867043,0.5363925,0.4628209
2039,0.0007073949,0.579388,0.4199047
2040,0.0006954523,0.5786528,0.4206517
2041,0.0007866449,0.5272245,0.4719887
2042,0.0007927775,0.5253308,0.4738764
2043,0.0006939266,0.5795498,0.4197562
2044,0.0007390022,0.5526634,0.4465975
2045,0.0007348051,0.5543348,0.4449303
2046,0.0007364228,0.5524591,0.4468046
2047,0.0006804207,0.5841466,0.4151731
2048,0.000697533,0.5702769,0.4290255
2049,0.0006893727,0.574277,0.4250336
2050,0.0007744497,0.5252553,0.4739702
2051,0.0007972962,0.5175036,0.4816991
2052,0.0007688676,0.5361222,0.4631089
2053,0.0007509023,0.5474223,0.4518268
2054,0.000720522,0.5634546,0.4358249
2055,0.0006266151,0.6127414,0.386632
2056,0.0007322237,0.5474597,0.4518081
2057,0.0006005041,0.6223518,0.3770477
2058,0.0006487787,0.586721,0.4126301
2059,0.0006854776,0.567633,0.4316816
2060,0.0007275498,0.5416262,0.4576463
2061,0.0006217253,0.6069068,0.3924714
2062,0.0007180158,0.5478438,0.4514382
2063,0.0006672314,0.5798001,0.4195327
2064,0.0006981607,0.5607352,0.4385667
2065,0.0006579512,0.5861683,0.4131737
2066,0.0006477469,0.5885422,0.4108101
2067,0.0006705847,0.5750936,0.4242358
2068,0.0006870064,0.5653383,0.4339748
2069,0.0006779794,0.571053,0.428269
2070,0.0006837233,0.5688099,0.4305064
2071,0.0006953966,0.5624806,0.4368239
2072,0.0006872179,0.5689035,0.4304092
2073,0.0006897147,0.5678284,0.4314819
2074,0.0006665617,0.5813513,0.4179822
2075,0.0006088274,0.6121954,0.3871958
2076,0.0005988858,0.6134683,0.3859328
2077,0.000621214,0.5964427,0.4029361
2078,0.0005774496,0.6204615,0.378961
2079,0.0007018385,0.545991,0.4533072
2080,0.0006938351,0.5542401,0.445066
2081,0.0006189885,0.5996209,0.3997602
2082,0.0005998542,0.608673,0.3907272
2083,0.0006406734,0.5812902,0.4180692
2084,0.0005927033,0.6102855,0.3891219
2085,0.0006228778,0.5894193,0.4099578
2086,0.0006219628,0.5910703,0.4083078
2087,0.0005585474,0.6281212,0.3713203
2088,0.0006143288,0.5924544,0.4069313
2089,0.0005666775,0.6201104,0.3793229
2090,0.000524852,0.6428724,0.3566028
2091,0.0005163832,0.6440747,0.3554089
2092,0.0005474045,0.6159276,0.383525
2093,0.0005869315,0.5961932,0.4032199
2094,0.0005424388,0.6209623,0.3784952
2095,0.0006565706,0.5566924,0.442651
2096,0.0006490656,0.5620444,0.4373065
2097,0.0005769196,0.6103242,0.389099
2098,0.0006732084,0.5541407,0.4451861
