EwEVersion,"6.5.13829.0 (compiled 2016-05-17)"
Date,"2016-09-06 16:04:16"
ModelName,Baltic_Proper-SEALS
EcosimScenario,Proper1_SealVuln100_19742100_seal0_cofF03
TimeSeries,new_data_weights_19742100_BAU_WAR1_codF03_seal0
StartYear,1974

Data,"Prey of Temora sp"

TimeStep,"Cyanobacteria","Phytoplankton","microzooplankton","Detritus-water column",
1,0.04225926,0.6065168,0.1818384,0.1693856
2,0.03843141,0.6257737,0.1810654,0.1547296
3,0.0365148,0.6314564,0.1842176,0.1478112
4,0.03551377,0.6320713,0.1878981,0.1445169
5,0.03498649,0.6309366,0.1910353,0.1430416
6,0.03471035,0.6293929,0.1934095,0.1424873
7,0.0345667,0.6279414,0.1951074,0.1423845
8,0.03449095,0.6267245,0.1962997,0.1424849
9,0.03444799,0.6257406,0.1971526,0.1426588
10,0.03441905,0.6249409,0.1977991,0.142841
11,0.03439435,0.6242702,0.198335,0.1430005
12,0.03436901,0.6236819,0.198825,0.143124
13,0.03504702,0.6175472,0.2012598,0.146146
14,0.03547346,0.6146087,0.2018546,0.1480632
15,0.03571072,0.6132495,0.2019098,0.14913
16,0.03582744,0.6126234,0.2018864,0.1496628
17,0.03586937,0.6122902,0.2019732,0.1498673
18,0.03586669,0.6120398,0.2022164,0.1498771
19,0.03583881,0.6117857,0.2025973,0.1497781
20,0.03579811,0.6115039,0.2030724,0.1496255
21,0.03575267,0.611199,0.2035918,0.1494565
22,0.035708,0.6108875,0.2041071,0.1492974
23,0.03566799,0.6105883,0.2045756,0.1491682
24,0.03563545,0.6103187,0.204962,0.1490838
25,0.03168522,0.6408312,0.1948487,0.132635
26,0.02964744,0.6499566,0.1960325,0.1243634
27,0.0286395,0.6517194,0.1990226,0.1206185
28,0.02812166,0.6510121,0.2018997,0.1189665
29,0.02786311,0.6496834,0.2040507,0.1184028
30,0.02774152,0.6484029,0.20546,0.1183956
31,0.02769012,0.6473576,0.2062961,0.1186562
32,0.02767263,0.64655,0.2067476,0.1190296
33,0.02766973,0.6459256,0.2069693,0.1194354
34,0.02767111,0.6454218,0.2070757,0.1198313
35,0.02767179,0.6449878,0.2071419,0.1201985
36,0.02766954,0.6445873,0.2072133,0.1205297
37,0.02845109,0.6369652,0.2103782,0.1242056
38,0.02894338,0.6335509,0.2109403,0.1265653
39,0.02922915,0.6321344,0.2106663,0.1279702
40,0.02938368,0.6316024,0.2102372,0.1287767
41,0.02945791,0.6313975,0.2099236,0.1292209
42,0.02948493,0.6312666,0.2097943,0.1294542
43,0.02948535,0.631112,0.209833,0.1295696
44,0.02947164,0.6309086,0.2099968,0.129623
45,0.02945112,0.6306612,0.2102404,0.1296472
46,0.0294286,0.6303865,0.2105206,0.1296643
47,0.02940696,0.6301019,0.2108028,0.1296883
48,0.02938797,0.6298229,0.2110611,0.1297279
49,0.03022137,0.6217711,0.2145301,0.1334775
50,0.03075722,0.6181589,0.2152077,0.1358762
51,0.0310782,0.6167275,0.2149029,0.1372914
52,0.0312649,0.6163185,0.2143048,0.1381118
53,0.03137182,0.6163386,0.2136969,0.1385926
54,0.03143433,0.6165078,0.2131615,0.1388964
55,0.031474,0.616708,0.2126987,0.1391193
56,0.0315032,0.6168981,0.212284,0.1393146
57,0.03152857,0.6170697,0.2118928,0.139509
58,0.03155274,0.6172239,0.2115135,0.1397099
59,0.0315766,0.6173632,0.2111429,0.1399174
60,0.03160006,0.6174893,0.2107833,0.1401275
61,0.03194922,0.6139862,0.2123996,0.141665
62,0.03216113,0.6123073,0.2129683,0.1425634
63,0.03230232,0.6115549,0.2129701,0.1431727
64,0.03239314,0.6112732,0.2127598,0.1435738
65,0.03245208,0.6112143,0.2124862,0.1438474
66,0.03249157,0.6112514,0.2122105,0.1440465
67,0.03251944,0.6113232,0.2119536,0.1442037
68,0.03254034,0.6114014,0.2117212,0.1443369
69,0.03255688,0.6114739,0.2115141,0.1444552
70,0.03257072,0.6115366,0.2113287,0.144564
71,0.03258265,0.6115885,0.2111632,0.1446657
72,0.03259307,0.6116302,0.2110162,0.1447605
73,0.03030401,0.6312862,0.203739,0.1346709
74,0.02904118,0.6380054,0.203701,0.1292524
75,0.02836677,0.6397136,0.2053659,0.1265537
76,0.02800392,0.6395267,0.2072059,0.1252636
77,0.02781017,0.6387452,0.2087269,0.1247177
78,0.02770728,0.6378844,0.209853,0.1245553
79,0.02765162,0.6371161,0.2106545,0.1245777
80,0.02761905,0.6364709,0.2112332,0.1246769
81,0.02759641,0.6359282,0.2116798,0.1247956
82,0.02757679,0.6354556,0.2120627,0.1249049
83,0.02755669,0.6350244,0.2124275,0.1249915
84,0.02753452,0.6346132,0.2128022,0.1250501
85,0.02758659,0.6344589,0.2124016,0.1255529
86,0.02762656,0.6344943,0.2118825,0.1259966
87,0.02762882,0.6345138,0.2116553,0.126202
88,0.02761395,0.6344552,0.2116396,0.1262912
89,0.02758897,0.6343102,0.2117955,0.1263052
90,0.02755712,0.6340895,0.2120894,0.1262641
91,0.02752015,0.6338086,0.212492,0.1261793
92,0.02747921,0.633483,0.2129785,0.1260593
93,0.0274353,0.6331269,0.2135258,0.1259119
94,0.02738957,0.6327533,0.2141115,0.1257457
95,0.02734348,0.6323742,0.2147112,0.1255712
96,0.0272988,0.632002,0.2152984,0.1254009
97,0.02674976,0.6367371,0.2135377,0.1229753
98,0.0264229,0.6384377,0.2135247,0.1216147
99,0.02622928,0.6388439,0.21404,0.1208868
100,0.02611996,0.6387478,0.2145708,0.1205615
101,0.0260634,0.6385122,0.214935,0.1204894
102,0.0260402,0.6382878,0.2150927,0.1205793
103,0.02603832,0.6381235,0.2150642,0.120774
104,0.02605009,0.6380225,0.2148913,0.1210361
105,0.02607037,0.63797,0.2146201,0.1213395
106,0.02609539,0.6379458,0.2142948,0.121664
107,0.02612229,0.6379318,0.2139529,0.121993
108,0.02614889,0.6379135,0.2136239,0.1223138
109,0.02715873,0.628536,0.2170939,0.1272114
110,0.02782937,0.6245598,0.2171495,0.1304615
111,0.02823782,0.6231818,0.2161831,0.1323973
112,0.02847921,0.6229627,0.2150434,0.1335147
113,0.02861698,0.6231715,0.2140788,0.1341327
114,0.02869282,0.6234723,0.2133772,0.1344576
115,0.02873287,0.623732,0.2129184,0.1346167
116,0.02875281,0.6239138,0.2126483,0.1346851
117,0.02876174,0.6240219,0.2125106,0.1347058
118,0.02876473,0.6240726,0.2124608,0.1347019
119,0.02876464,0.6240831,0.212466,0.1346863
120,0.02876306,0.6240683,0.2125027,0.134666
121,0.02840233,0.6271316,0.2115199,0.1329462
122,0.02817756,0.628211,0.2117312,0.1318802
123,0.02805204,0.6284446,0.2121859,0.1313175
124,0.02798159,0.628346,0.2126468,0.1310256
125,0.02794281,0.6281471,0.2130232,0.130887
126,0.02792186,0.6279441,0.213301,0.130833
127,0.02791063,0.6277705,0.2134951,0.1308238
128,0.02790448,0.6276315,0.2136271,0.1308369
129,0.02790091,0.6275221,0.2137164,0.1308605
130,0.02789855,0.6274356,0.2137778,0.1308881
131,0.02789669,0.6273651,0.2138215,0.1309167
132,0.02789495,0.627306,0.2138545,0.1309445
133,0.03065085,0.5983096,0.2276385,0.143401
134,0.03256273,0.5828114,0.2330687,0.1515572
135,0.03383421,0.5752503,0.2342731,0.1566423
136,0.03461134,0.5720226,0.2339525,0.1594136
137,0.03505506,0.5709565,0.2332959,0.1606926
138,0.03529407,0.5708637,0.2327275,0.1611147
139,0.03541952,0.5711622,0.2323028,0.1611155
140,0.03549045,0.5716033,0.231938,0.1609682
141,0.03554243,0.5721021,0.2315259,0.1608296
142,0.03559602,0.5726427,0.2309755,0.1607858
143,0.03566169,0.5732319,0.2302314,0.160875
144,0.03574386,0.5738794,0.2292692,0.1611076
145,0.03195019,0.6100616,0.2137857,0.1442025
146,0.03004842,0.6233384,0.2105123,0.1361007
147,0.0290988,0.628192,0.2103015,0.1324077
148,0.02862046,0.6297182,0.2108355,0.1308258
149,0.02838237,0.6299728,0.2113832,0.1302617
150,0.02826682,0.6298009,0.2117612,0.130171
151,0.02821267,0.6295306,0.2119743,0.1302824
152,0.02818824,0.6292707,0.2120768,0.1304642
153,0.02817729,0.6290432,0.2121239,0.1306556
154,0.02817148,0.6288409,0.2121577,0.1308298
155,0.02816665,0.6286499,0.2122072,0.1309763
156,0.0281607,0.6284575,0.2122902,0.1310916
157,0.03472828,0.5643542,0.2396912,0.1612262
158,0.04058484,0.5214308,0.2505951,0.1873892
159,0.04530258,0.4943512,0.2528247,0.2075215
160,0.04879257,0.4786167,0.2510623,0.2215284
161,0.05116981,0.470391,0.2481976,0.2302417
162,0.05265838,0.4667407,0.2456858,0.2349152
163,0.05350786,0.4656243,0.2440389,0.2368289
164,0.05394025,0.4657604,0.2432369,0.2370625
165,0.05412737,0.466437,0.2430176,0.2364181
166,0.05419027,0.4673143,0.2430564,0.2354391
167,0.05420845,0.4682623,0.2430614,0.2344678
168,0.05423032,0.4692502,0.2428192,0.2337003
169,0.04855016,0.517,0.2255255,0.2089243
170,0.04541732,0.5389423,0.2198618,0.1957784
171,0.04405222,0.549458,0.2156175,0.1908722
172,0.04341233,0.5552698,0.2122164,0.1891014
173,0.04309561,0.5586369,0.2097554,0.1885121
174,0.04294925,0.5606992,0.2079122,0.1884393
175,0.04288836,0.5620319,0.2065427,0.1885371
176,0.04286762,0.5629374,0.2055508,0.1886441
177,0.04286429,0.5635803,0.2048554,0.1887
178,0.04286774,0.5640528,0.2043864,0.1886931
179,0.04287312,0.5644095,0.2040873,0.1886301
180,0.04287818,0.5646853,0.2039153,0.1885211
181,0.04130099,0.5781647,0.1989375,0.1815969
182,0.04033046,0.5844141,0.1978659,0.1773894
183,0.03975451,0.5871081,0.19821,0.1749275
184,0.03941651,0.5880791,0.1990123,0.1734921
185,0.03921933,0.5882667,0.1998706,0.1726435
186,0.03910331,0.5881366,0.2006438,0.1721164
187,0.03903221,0.5879068,0.2013078,0.1717532
188,0.03898434,0.5876691,0.2018845,0.171462
189,0.03894685,0.5874543,0.2024089,0.1711899
190,0.03891243,0.5872657,0.2029139,0.1709079
191,0.0388769,0.5870962,0.2034263,0.1706006
192,0.038838,0.5869362,0.2039658,0.1702601
193,0.03790483,0.5944884,0.2015148,0.166092
194,0.03731602,0.597797,0.2014186,0.1634685
195,0.03694726,0.5990525,0.2021876,0.1618126
196,0.03671444,0.5993344,0.2032092,0.1607421
197,0.03656368,0.5991978,0.2042227,0.1600159
198,0.03646186,0.5989167,0.2051318,0.1594896
199,0.03638925,0.5986179,0.2059121,0.1590806
200,0.03633462,0.5983545,0.2065666,0.1587442
201,0.03629192,0.5981443,0.2071051,0.1584587
202,0.03625831,0.5979899,0.2075354,0.1582164
203,0.03623264,0.5978889,0.2078623,0.1580161
204,0.03621457,0.5978369,0.2080894,0.1578592
205,0.04006597,0.5647875,0.2208415,0.1743051
206,0.04298521,0.5459951,0.2246091,0.1864105
207,0.04501963,0.5361236,0.2244169,0.1944399
208,0.04635155,0.5316222,0.2226805,0.1993458
209,0.04717795,0.5301002,0.2206309,0.202091
210,0.04767157,0.5300758,0.2187681,0.2034846
211,0.0479641,0.5307089,0.2172056,0.2041213
212,0.04814629,0.5315692,0.2158874,0.204397
213,0.04827527,0.532463,0.2147123,0.2045495
214,0.04838158,0.5333192,0.2136071,0.2046921
215,0.04847981,0.5341199,0.2125325,0.2048678
216,0.04857496,0.5348656,0.2114813,0.2050782
217,0.04356259,0.5754305,0.1969627,0.1840442
218,0.04081399,0.5921867,0.1941646,0.1728346
219,0.03934526,0.5987105,0.1948309,0.1671133
220,0.03855472,0.60082,0.1963971,0.1642282
221,0.03813425,0.601103,0.1979248,0.1628379
222,0.03791652,0.6007254,0.1991314,0.1622267
223,0.03780838,0.6001912,0.1999937,0.1620066
224,0.03775772,0.5996953,0.2005784,0.1619685
225,0.03773562,0.599293,0.2009693,0.1620021
226,0.03772626,0.5989819,0.2012408,0.162051
227,0.03772131,0.5987409,0.2014494,0.1620885
228,0.03771649,0.598546,0.2016347,0.1621028
229,0.03845241,0.591603,0.2048213,0.1651233
230,0.03891934,0.5880436,0.2061103,0.1669268
231,0.03920747,0.5862758,0.2065587,0.167958
232,0.03937257,0.5854444,0.2067177,0.1684653
233,0.03945802,0.5850636,0.2068371,0.1686413
234,0.03949425,0.5848758,0.2070107,0.1686192
235,0.0395015,0.5847553,0.2072571,0.1684861
236,0.03949276,0.5846486,0.2075611,0.1682975
237,0.0394763,0.5845396,0.2078959,0.1680882
238,0.03945729,0.5844294,0.2082326,0.1678807
239,0.03943906,0.5843266,0.2085448,0.1676895
240,0.03942364,0.5842413,0.208811,0.1675241
241,0.03773551,0.596797,0.2052789,0.1601886
242,0.03670697,0.6016741,0.2058674,0.1557515
243,0.03614175,0.6031883,0.2072479,0.153422
244,0.03583362,0.6033375,0.2085942,0.1522346
245,0.03567247,0.6030235,0.2096149,0.1516892
246,0.03559405,0.6026337,0.2102751,0.1514972
247,0.03556061,0.6023112,0.2106372,0.151491
248,0.03555027,0.6020886,0.2107871,0.151574
249,0.03555063,0.601954,0.2108032,0.1516921
250,0.03555527,0.601883,0.2107432,0.1518185
251,0.03556089,0.6018521,0.2106471,0.15194
252,0.03556598,0.6018425,0.2105404,0.1520511
253,0.03504671,0.6080003,0.2067482,0.1502048
254,0.03475018,0.6111393,0.2047868,0.1493236
255,0.0345533,0.612717,0.2039497,0.14878
256,0.03443123,0.6134471,0.2036178,0.148504
257,0.03435694,0.6137356,0.2035162,0.1483913
258,0.0343115,0.6138014,0.2035189,0.1483682
259,0.03428273,0.6137574,0.2035712,0.1483887
260,0.03426309,0.6136599,0.2036514,0.1484256
261,0.03424811,0.6135356,0.2037522,0.1484641
262,0.03423524,0.6133968,0.2038715,0.1484964
263,0.03422305,0.613249,0.2040086,0.1485193
264,0.03421085,0.6130948,0.2041622,0.148532
265,0.03769515,0.5811387,0.2179831,0.1631831
266,0.04021313,0.5631279,0.2233623,0.1732966
267,0.04192865,0.5536495,0.2246081,0.1798138
268,0.04300783,0.549151,0.2242841,0.183557
269,0.04363775,0.547319,0.2236259,0.1854173
270,0.04397867,0.5467799,0.22311,0.1861314
271,0.04415103,0.5467986,0.2228135,0.1862368
272,0.0442379,0.547031,0.2226363,0.1860947
273,0.04429255,0.5473477,0.2224294,0.1859304
274,0.04434565,0.5477201,0.2220677,0.1858666
275,0.04441259,0.548156,0.2214742,0.1859571
276,0.04449794,0.548667,0.2206282,0.1862069
277,0.04578295,0.5405954,0.2219913,0.1916304
278,0.0467487,0.5368667,0.2206657,0.1957188
279,0.04740926,0.5355587,0.2185771,0.198455
280,0.04785121,0.5355359,0.2163777,0.2002352
281,0.04814288,0.5361192,0.2143733,0.2013647
282,0.0483349,0.5369268,0.2126722,0.2020662
283,0.04846254,0.5377603,0.2112845,0.2024927
284,0.04854928,0.5385281,0.2101777,0.2027448
285,0.04861004,0.5391971,0.2093073,0.2028855
286,0.04865423,0.5397636,0.2086282,0.202954
287,0.04868753,0.5402371,0.2081015,0.2029739
288,0.04871338,0.5406314,0.2076955,0.2029596
289,0.04394898,0.5781223,0.1946238,0.1833048
290,0.04129865,0.5936531,0.19236,0.1726883
291,0.03985536,0.5996227,0.193357,0.167165
292,0.03906079,0.6014345,0.1951915,0.1643132
293,0.03862453,0.6015245,0.1969619,0.1628891
294,0.0383874,0.6009965,0.1983932,0.1622229
295,0.03825976,0.6003292,0.1994648,0.1619462
296,0.0381907,0.5997068,0.2002458,0.1618567
297,0.0381515,0.5991806,0.2008234,0.1618445
298,0.03812639,0.5987466,0.2012736,0.1618533
299,0.03810686,0.5983832,0.2016548,0.1618552
300,0.0380885,0.5980663,0.2020075,0.1618377
301,0.03434164,0.628301,0.1911789,0.1461784
302,0.03235529,0.6387723,0.1907244,0.1381481
303,0.03129273,0.6416461,0.1929563,0.1341048
304,0.0307115,0.6415694,0.1956256,0.1320935
305,0.03039031,0.6404918,0.1979693,0.1311486
306,0.03021064,0.639213,0.1998164,0.1307599
307,0.03010715,0.6380253,0.2012164,0.1306511
308,0.03004368,0.6370038,0.2022793,0.1306732
309,0.03000048,0.6361387,0.2031131,0.1307478
310,0.02996677,0.6353943,0.2038048,0.1308341
311,0.02993708,0.6347347,0.2044149,0.1309134
312,0.02990883,0.6341313,0.2049811,0.1309788
313,0.03480098,0.5891019,0.2238842,0.152213
314,0.03873481,0.5623646,0.2300324,0.1688681
315,0.041584,0.5477586,0.2302817,0.1803757
316,0.0434786,0.5407402,0.2282554,0.1875257
317,0.04463513,0.5380005,0.2259336,0.1914308
318,0.04527982,0.5373899,0.2241489,0.1931814
319,0.0456031,0.5376698,0.2230676,0.1936595
320,0.04574573,0.5382257,0.2225307,0.1934978
321,0.04580339,0.5388182,0.2222621,0.1931163
322,0.04583464,0.5393997,0.2220032,0.1927625
323,0.04587236,0.5399976,0.2215627,0.1925673
324,0.04593157,0.5406519,0.2208365,0.1925801
325,0.04552314,0.5456542,0.2180082,0.1908145
326,0.04531731,0.5487145,0.2159456,0.1900226
327,0.04523282,0.5507509,0.2142347,0.1897817
328,0.04522432,0.5522245,0.212677,0.1898742
329,0.04525696,0.5533779,0.2112344,0.1901307
330,0.04530786,0.5543304,0.2099214,0.1904404
331,0.04536336,0.5551372,0.2087605,0.1907389
332,0.04541603,0.5558245,0.2077663,0.1909931
333,0.04546233,0.5564065,0.2069417,0.1911895
334,0.04550172,0.5568938,0.2062745,0.19133
335,0.04553457,0.5572973,0.2057473,0.1914208
336,0.04556159,0.5576283,0.2053408,0.1914693
337,0.04596169,0.5548449,0.2061616,0.1930319
338,0.04622914,0.5534753,0.2062973,0.1939982
339,0.04640086,0.5528708,0.2061818,0.1945464
340,0.04650707,0.5526686,0.2060104,0.194814
341,0.04656973,0.5526593,0.2058719,0.194899
342,0.04660394,0.5527283,0.2058013,0.1948666
343,0.04661959,0.5528155,0.2058066,0.1947583
344,0.04662304,0.5528927,0.2058841,0.1946001
345,0.04661836,0.5529485,0.206025,0.1944082
346,0.04660789,0.5529794,0.2062214,0.1941913
347,0.04659326,0.5529863,0.2064647,0.1939558
348,0.04657565,0.5529714,0.2067464,0.1937066
349,0.03834045,0.6139966,0.1883173,0.1593456
350,0.03444865,0.6320336,0.1900482,0.1434695
351,0.03257497,0.6361826,0.1950293,0.136213
352,0.03161592,0.6357162,0.1998838,0.132784
353,0.03111774,0.6339377,0.203706,0.1312386
354,0.03085928,0.6320583,0.2064444,0.130638
355,0.03072491,0.6304585,0.2083191,0.1304975
356,0.03065273,0.6291927,0.2095922,0.1305625
357,0.03060982,0.6282021,0.2104861,0.130702
358,0.03057901,0.6274051,0.2111649,0.130851
359,0.03055175,0.6267298,0.2117385,0.13098
360,0.03052408,0.626123,0.2122751,0.1310778
361,0.03472021,0.588948,0.2271142,0.1492177
362,0.03801474,0.5681387,0.2305993,0.1632472
363,0.04030514,0.5575331,0.2295922,0.1725695
364,0.04177118,0.5529606,0.2271083,0.1781599
365,0.04263161,0.5515548,0.2247161,0.1810975
366,0.04308785,0.5515675,0.2230142,0.1823304
367,0.04329746,0.5520587,0.2220664,0.1825774
368,0.04337094,0.5526025,0.2216963,0.1823302
369,0.04338037,0.5530613,0.2216556,0.1819027
370,0.04337098,0.553439,0.2217008,0.1814892
371,0.04336926,0.5537918,0.2216382,0.1812008
372,0.0433889,0.5541808,0.2213392,0.1810911
373,0.0440392,0.5495871,0.2227409,0.1836328
374,0.0445077,0.5475636,0.2224849,0.1854438
375,0.04484801,0.5469694,0.2214195,0.1867632
376,0.04510246,0.5471666,0.2199619,0.1877691
377,0.04529977,0.5477757,0.2183501,0.1885745
378,0.04545771,0.5485735,0.216727,0.1892417
379,0.04558671,0.5494297,0.2151822,0.1898015
380,0.04569304,0.5502687,0.2137695,0.1902688
381,0.04578081,0.5510488,0.2125181,0.1906523
382,0.04585277,0.5517487,0.2114404,0.1909581
383,0.04591138,0.5523602,0.210535,0.1911934
384,0.04595886,0.5528839,0.2097902,0.1913671
385,0.04612168,0.552535,0.2093088,0.1920346
386,0.04623877,0.5525413,0.2087309,0.192489
387,0.04631573,0.5527109,0.2082231,0.1927502
388,0.04636546,0.5529346,0.2078196,0.1928803
389,0.04639666,0.553157,0.2075257,0.1929207
390,0.04641493,0.553353,0.2073345,0.1928975
391,0.0464237,0.5535137,0.2072361,0.1928265
392,0.04642493,0.5536371,0.2072218,0.1927161
393,0.04641968,0.5537247,0.207285,0.1925706
394,0.04640888,0.5537786,0.2074183,0.1923942
395,0.04639311,0.5538018,0.2076156,0.1921896
396,0.04637284,0.5537972,0.2078711,0.1919588
397,0.04774123,0.5446712,0.209873,0.1977146
398,0.04871858,0.5401425,0.2093699,0.2017691
399,0.04931665,0.5382264,0.208373,0.204084
400,0.04966267,0.5376673,0.2073921,0.2052779
401,0.04984684,0.5377382,0.2066429,0.2057721
402,0.04993196,0.5380454,0.2061708,0.2058518
403,0.04995999,0.5383955,0.2059409,0.2057036
404,0.04995784,0.5387083,0.2058886,0.2054453
405,0.04994223,0.5389631,0.2059457,0.205149
406,0.04992294,0.5391667,0.206054,0.2048563
407,0.04990558,0.5393361,0.2061677,0.2045906
408,0.04989311,0.5394892,0.2062537,0.2043641
409,0.04361883,0.5863847,0.191252,0.1787445
410,0.04031393,0.6040908,0.1899648,0.1656304
411,0.03860372,0.6101704,0.1920393,0.1591866
412,0.03769667,0.6116108,0.1946684,0.1560241
413,0.03721716,0.6113046,0.196923,0.1545553
414,0.03696788,0.6104757,0.1985997,0.1539567
415,0.03684085,0.6096112,0.1997614,0.1537865
416,0.03677633,0.6088716,0.2005451,0.153807
417,0.03674151,0.6082802,0.2010849,0.1538934
418,0.0367188,0.607811,0.2014871,0.1539831
419,0.03669904,0.6074271,0.201827,0.1540468
420,0.03667779,0.6070958,0.2021534,0.154073
421,0.03693912,0.6041896,0.2036667,0.1552047
422,0.03708594,0.6026353,0.2044665,0.1558123
423,0.0371617,0.6017682,0.2049606,0.1561095
424,0.03718835,0.6012471,0.2053731,0.1561914
425,0.0371839,0.6008872,0.2057902,0.1561387
426,0.0371611,0.6005967,0.2062334,0.1560088
427,0.03712867,0.600336,0.2066941,0.1558413
428,0.03709269,0.6000925,0.2071504,0.1556644
429,0.03705749,0.5998671,0.2075763,0.1554991
430,0.03702633,0.5996664,0.2079454,0.1553618
431,0.03700158,0.5994987,0.2082347,0.1552649
432,0.03698483,0.5993713,0.2084267,0.1552172
433,0.04050035,0.5683716,0.2216178,0.1695103
434,0.04302581,0.5507718,0.2268986,0.1793038
435,0.04476206,0.5413964,0.2281265,0.185715
436,0.04586848,0.5368856,0.2277522,0.1894937
437,0.04653808,0.5350443,0.2268857,0.191532
438,0.04693495,0.5345634,0.22594,0.1925616
439,0.04718078,0.5347347,0.2249765,0.193108
440,0.04735727,0.535215,0.2239154,0.1935124
441,0.04751313,0.5358592,0.2226601,0.1939675
442,0.04767029,0.5366115,0.2211748,0.1945435
443,0.04783356,0.5374432,0.2194899,0.1952334
444,0.04799772,0.538326,0.2176914,0.1959849
445,0.04813661,0.5373994,0.2181515,0.1963126
446,0.04818439,0.5368418,0.2187606,0.1962132
447,0.04823554,0.5364622,0.2191075,0.1961947
448,0.04828434,0.536217,0.219289,0.1962097
449,0.04833102,0.5360686,0.2193522,0.1962481
450,0.04837578,0.5359904,0.2193307,0.1963031
451,0.04841857,0.5359629,0.2192502,0.1963684
452,0.04845904,0.5359717,0.2191318,0.1964375
453,0.04849673,0.5360053,0.2189933,0.1965047
454,0.04853162,0.536055,0.2188463,0.1965671
455,0.04856363,0.5361144,0.2186994,0.1966226
456,0.04859277,0.5361786,0.2185589,0.1966696
457,0.04820616,0.5427192,0.2133996,0.1956751
458,0.04812814,0.5471107,0.2086408,0.1961202
459,0.04804667,0.5501601,0.2054711,0.1963221
460,0.04796785,0.5522641,0.2034107,0.1963574
461,0.0478979,0.5536792,0.202123,0.1962999
462,0.04783888,0.5545993,0.2013673,0.1961944
463,0.04778944,0.5551714,0.2009785,0.1960606
464,0.04774665,0.555503,0.2008471,0.1959034
465,0.04770723,0.5556695,0.2009026,0.1957205
466,0.04766833,0.5557228,0.2011009,0.1955079
467,0.04762762,0.5556968,0.2014144,0.1952613
468,0.04758292,0.5556106,0.2018318,0.1949746
469,0.04106287,0.6033131,0.1873381,0.168286
470,0.03771978,0.6196365,0.1877078,0.154936
471,0.0360111,0.6242756,0.1912779,0.1484354
472,0.03510092,0.6245465,0.1951478,0.1452048
473,0.03460881,0.6233441,0.1984089,0.1436382
474,0.03434038,0.6218347,0.2008982,0.1429268
475,0.03419089,0.6204464,0.2027202,0.1426425
476,0.03410294,0.6192917,0.2040484,0.1425569
477,0.03404535,0.6183606,0.2050436,0.1425505
478,0.0340015,0.6176028,0.2058324,0.1425632
479,0.03396318,0.6169676,0.2065001,0.1425691
480,0.03392672,0.6164151,0.2070984,0.1425598
481,0.03823549,0.5808076,0.2201367,0.1608202
482,0.04160585,0.5606487,0.2228511,0.1748943
483,0.04394466,0.5502706,0.2215469,0.1842379
484,0.04545321,0.5457631,0.218866,0.1899177
485,0.04635119,0.544429,0.2162289,0.1929909
486,0.04683909,0.5445876,0.2141944,0.1943789
487,0.04707437,0.5452997,0.2128432,0.1947828
488,0.04716874,0.5461094,0.2120347,0.1946871
489,0.0471962,0.5468419,0.211556,0.1944059
490,0.04720176,0.5474659,0.2112084,0.194124
491,0.04721126,0.5480088,0.2108369,0.193943
492,0.04723757,0.5485125,0.2103421,0.1939078
493,0.04345707,0.5784814,0.1995484,0.1785132
494,0.0413349,0.5912924,0.1971975,0.1701753
495,0.04019282,0.5965164,0.1973244,0.1659663
496,0.03959109,0.5983824,0.1980452,0.1639813
497,0.03928912,0.5988253,0.1987001,0.1631854
498,0.03915049,0.5987267,0.1991239,0.1629989
499,0.03909731,0.5984704,0.1993339,0.1630983
500,0.03908568,0.5982076,0.1993985,0.1633082
501,0.03909155,0.5979839,0.1993864,0.1635382
502,0.03910248,0.5978017,0.1993492,0.1637466
503,0.03911231,0.5976493,0.1993217,0.1639167
504,0.03911836,0.5975131,0.1993246,0.164044
505,0.04260169,0.5694351,0.209436,0.1785272
506,0.04518455,0.5536944,0.21212,0.1890011
507,0.04694784,0.5455242,0.2116809,0.195847
508,0.04807473,0.5418344,0.210135,0.1999559
509,0.04874663,0.5405771,0.2085099,0.2021663
510,0.04911609,0.5404972,0.2072271,0.2031595
511,0.04929784,0.5408896,0.2063791,0.2034334
512,0.04937178,0.5413989,0.2059032,0.203326
513,0.04939033,0.5418752,0.2056803,0.2030543
514,0.04938586,0.5422763,0.2055901,0.2027477
515,0.04937764,0.5426102,0.205531,0.2024811
516,0.04937631,0.5429019,0.2054285,0.2022933
517,0.04406067,0.5830603,0.1922801,0.180599
518,0.04117405,0.5989776,0.1906895,0.1691589
519,0.03965401,0.6047668,0.1921281,0.163451
520,0.03884849,0.60635,0.1941275,0.160674
521,0.03843033,0.6062852,0.1958463,0.1594382
522,0.03822219,0.605688,0.197091,0.1589988
523,0.03812535,0.6050178,0.1979073,0.1589494
524,0.03808481,0.6044354,0.1984097,0.1590702
525,0.03807041,0.603972,0.1987113,0.1592463
526,0.03806612,0.6036106,0.1989021,0.1594212
527,0.03806381,0.6033216,0.1990452,0.1595694
528,0.03805967,0.6030769,0.1991814,0.159682
529,0.0404509,0.5833464,0.2065428,0.16966
530,0.04213498,0.5729444,0.208405,0.1765157
531,0.04323017,0.5679042,0.2080838,0.1807819
532,0.04389722,0.5658243,0.2070664,0.183212
533,0.04427413,0.5652305,0.206064,0.1844314
534,0.04446632,0.5652855,0.2053425,0.1849056
535,0.04454778,0.5655565,0.2049417,0.1849541
536,0.04456742,0.5658467,0.2048025,0.1847834
537,0.04455621,0.5660866,0.2048356,0.1845217
538,0.04453323,0.5662677,0.2049523,0.1842467
539,0.04450987,0.5664069,0.2050793,0.1840038
540,0.04449268,0.5665268,0.2051619,0.1838186
541,0.04715069,0.5463947,0.2118024,0.1946522
542,0.04909591,0.5353365,0.2131628,0.2024048
543,0.05040655,0.5297557,0.2124288,0.207409
544,0.05125377,0.5273668,0.2109043,0.2104751
545,0.0517833,0.5267103,0.2092449,0.2122614
546,0.05210957,0.5269085,0.2077136,0.2132683
547,0.05231402,0.5274698,0.2063757,0.2138405
548,0.05244991,0.5281417,0.2052142,0.2141943
549,0.05254929,0.5288073,0.2041914,0.214452
550,0.05262993,0.5294207,0.2032748,0.2146745
551,0.05270063,0.5299693,0.2024438,0.2148862
552,0.05276516,0.5304544,0.2016888,0.2150917
553,0.05223915,0.5348868,0.2000089,0.2128652
554,0.05189697,0.5372479,0.1994321,0.211423
555,0.05170266,0.538451,0.1992253,0.2106211
556,0.05160134,0.5390391,0.1991506,0.210209
557,0.05155606,0.5393171,0.199104,0.2100229
558,0.05154248,0.53945,0.1990508,0.2099567
559,0.05154512,0.5395222,0.1989876,0.2099451
560,0.05155458,0.5395732,0.1989226,0.2099496
561,0.05156544,0.5396191,0.1988664,0.209949
562,0.05157473,0.5396647,0.198828,0.2099325
563,0.05158099,0.5397099,0.1988137,0.2098953
564,0.05158364,0.5397531,0.1988269,0.2098363
565,0.04829458,0.5640165,0.1911399,0.1965489
566,0.04631203,0.5750169,0.1899352,0.1887359
567,0.04517204,0.5795662,0.1908449,0.1844168
568,0.044522,0.5810778,0.1923167,0.1820835
569,0.04415587,0.5812436,0.1937355,0.1808651
570,0.04395199,0.5808859,0.1949061,0.180256
571,0.04383845,0.5803849,0.1958129,0.1799638
572,0.04377311,0.5798991,0.1965056,0.1798223
573,0.04373176,0.5794811,0.1970472,0.17974
574,0.04370112,0.579136,0.1974929,0.1796701
575,0.04367409,0.5788518,0.1978838,0.1795902
576,0.04364725,0.578613,0.1982479,0.1794918
577,0.04327503,0.5811585,0.1975722,0.1779943
578,0.04303157,0.5823489,0.1975695,0.17705
579,0.04286875,0.5828401,0.1978596,0.1764314
580,0.04275917,0.5829756,0.198241,0.1760242
581,0.04268307,0.5829458,0.1986254,0.1757458
582,0.04262781,0.5828502,0.1989775,0.1755445
583,0.04258567,0.5827381,0.1992854,0.1753908
584,0.04255229,0.5826322,0.1995466,0.1752689
585,0.04252528,0.5825414,0.1997618,0.1751715
586,0.04250346,0.5824685,0.1999324,0.1750956
587,0.04248628,0.5824134,0.2000595,0.1750409
588,0.04247352,0.5823748,0.2001441,0.1750076
589,0.04271673,0.5805953,0.2006321,0.1760558
590,0.04287842,0.5798027,0.2005608,0.176758
591,0.04297626,0.5795182,0.2003246,0.1771809
592,0.04303587,0.579479,0.200042,0.1774432
593,0.0430729,0.5795457,0.1997671,0.1776143
594,0.04309735,0.5796475,0.1995179,0.1777372
595,0.04311526,0.579751,0.1992968,0.1778369
596,0.04313005,0.5798424,0.1991004,0.1779271
597,0.04314348,0.5799171,0.1989255,0.1780139
598,0.04315625,0.5799749,0.1987701,0.1780988
599,0.04316852,0.5800165,0.1986336,0.1781814
600,0.04318018,0.5800436,0.198516,0.1782603
601,0.04133379,0.5943255,0.1935918,0.170749
602,0.04022851,0.6004226,0.1929679,0.1663808
603,0.03959736,0.6026927,0.1936918,0.164018
604,0.03924368,0.6032134,0.194742,0.162801
605,0.03905077,0.6030041,0.1957178,0.1622273
606,0.03894882,0.6025472,0.1965026,0.1620015
607,0.03889643,0.6020538,0.197098,0.1619516
608,0.0388695,0.6016037,0.1975461,0.1619806
609,0.03885437,0.6012152,0.197895,0.1620354
610,0.0388435,0.6008826,0.1981855,0.1620883
611,0.038833,0.6005925,0.1984482,0.1621264
612,0.03882099,0.6003318,0.1987028,0.1621444
613,0.04081426,0.5838097,0.2050034,0.1703726
614,0.04218895,0.5751964,0.2067253,0.1758893
615,0.04306832,0.5710514,0.2066259,0.1792543
616,0.04359472,0.5693372,0.2059453,0.1811229
617,0.04388651,0.5688278,0.2052601,0.1820256
618,0.04403196,0.5688407,0.2047784,0.1823489
619,0.04409199,0.5690293,0.2045245,0.1823543
620,0.04410637,0.5692397,0.2044457,0.1822083
621,0.04409985,0.5694197,0.2044677,0.1820128
622,0.04408729,0.5695643,0.2045214,0.1818271
623,0.04407701,0.5696867,0.2045535,0.1816828
624,0.04407325,0.5698034,0.204529,0.1815943
625,0.04386443,0.571428,0.204037,0.1806706
626,0.04373675,0.5722508,0.2038955,0.1801169
627,0.04367388,0.5726744,0.2037859,0.1798659
628,0.04365129,0.5729158,0.2036328,0.1798001
629,0.04365355,0.5730829,0.2034162,0.1798475
630,0.04367016,0.5732245,0.2031469,0.1799585
631,0.0436941,0.5733588,0.2028474,0.1800998
632,0.04372079,0.5734886,0.2025411,0.1802495
633,0.04374737,0.5736113,0.2022476,0.1803938
634,0.043772,0.5737221,0.2019822,0.1805236
635,0.04379362,0.5738173,0.2017554,0.1806337
636,0.04381162,0.5738941,0.2015731,0.1807212
637,0.04667455,0.5521584,0.2087361,0.192431
638,0.04876646,0.5400988,0.2103527,0.2007821
639,0.05017489,0.533895,0.2097693,0.2061609
640,0.05107024,0.531121,0.2084381,0.2093707
641,0.0516062,0.5302044,0.2070833,0.2111062
642,0.05190618,0.530192,0.2059933,0.2119086
643,0.0520605,0.5305493,0.2052269,0.2121633
644,0.05213055,0.5310051,0.2047398,0.2121247
645,0.05215567,0.5314404,0.204453,0.2119509
646,0.05216026,0.5318173,0.2042855,0.211737
647,0.0521585,0.5321363,0.20417,0.2115353
648,0.05215809,0.5324122,0.2040576,0.2113721
649,0.04778313,0.5644678,0.1941211,0.1936279
650,0.0452523,0.5782769,0.192854,0.1836167
651,0.043869,0.5837265,0.1940078,0.1783967
652,0.04311762,0.585475,0.1956527,0.1757547
653,0.04272078,0.5856727,0.1970906,0.1745159
654,0.04252124,0.5853092,0.1981461,0.1740234
655,0.04242856,0.5848173,0.1988476,0.1739065
656,0.04239091,0.5843638,0.1992864,0.1739589
657,0.04237914,0.5839943,0.199557,0.1740694
658,0.04237732,0.5837051,0.1997362,0.1741814
659,0.04237713,0.5834764,0.1998783,0.1742682
660,0.04237456,0.583287,0.2000188,0.1743197
661,0.04321999,0.5770901,0.2017875,0.1779023
662,0.04378606,0.5741151,0.201827,0.1802718
663,0.04412311,0.572852,0.2014052,0.1816197
664,0.04431083,0.5724421,0.2009295,0.1823175
665,0.04440353,0.5724112,0.2005756,0.1826097
666,0.04443806,0.5725128,0.2003904,0.1826587
667,0.04443848,0.5726316,0.2003611,0.1825688
668,0.04442004,0.5727227,0.2004517,0.1824055
669,0.04439232,0.572776,0.2006221,0.1822096
670,0.04436126,0.5727977,0.2008346,0.1820065
671,0.04433066,0.5727991,0.2010569,0.1818133
672,0.04430303,0.5727928,0.201263,0.1816412
673,0.04292578,0.5827721,0.1983572,0.175945
674,0.04207016,0.5871134,0.198347,0.1724693
675,0.04157969,0.5887566,0.1990942,0.1705695
676,0.04130582,0.5891759,0.1999349,0.1695835
677,0.04116166,0.5890992,0.2006046,0.1691346
678,0.0410936,0.5888721,0.2010408,0.1689936
679,0.04106891,0.5886427,0.2012662,0.1690222
680,0.0410679,0.5884628,0.2013307,0.1691385
681,0.04107897,0.5883395,0.2012866,0.169295
682,0.0410952,0.5882621,0.2011793,0.1694634
683,0.04111272,0.5882158,0.2010433,0.1696282
684,0.0411294,0.5881865,0.2009028,0.1697813
685,0.04201504,0.5812003,0.2033395,0.1734451
686,0.04260689,0.5777293,0.2038212,0.1758426
687,0.04297998,0.5761451,0.2035689,0.1773061
688,0.04320478,0.5755428,0.203103,0.1781494
689,0.04333413,0.5754071,0.2026549,0.1786038
690,0.04340478,0.5754631,0.2023055,0.1788266
691,0.04344083,0.5755753,0.2020648,0.1789191
692,0.04345743,0.5756846,0.2019148,0.1789432
693,0.04346379,0.5757706,0.2018303,0.1789353
694,0.04346522,0.5758312,0.2017879,0.1789157
695,0.04346476,0.5758711,0.2017688,0.1788954
696,0.04346403,0.5758966,0.2017596,0.1788798
697,0.03659572,0.6293308,0.1830781,0.1509953
698,0.03331327,0.6461735,0.1823884,0.1381249
699,0.03167749,0.6505592,0.185662,0.1321012
700,0.03082792,0.6504704,0.1894191,0.1292826
701,0.0303832,0.6489633,0.1925837,0.1280698
702,0.03015176,0.6472251,0.1949558,0.1276674
703,0.0300319,0.645668,0.1966405,0.1276596
704,0.02996856,0.6443848,0.1978198,0.1278268
705,0.02993195,0.6433485,0.1986652,0.1280543
706,0.02990629,0.6424987,0.1993106,0.1282844
707,0.02988343,0.6417758,0.199851,0.1284897
708,0.02985933,0.641133,0.2003493,0.1286584
709,0.03278941,0.6144055,0.2114686,0.1413365
710,0.0348977,0.6005764,0.2142452,0.1502806
711,0.03627416,0.5941808,0.2136624,0.1558826
712,0.03709998,0.5917882,0.2120809,0.1590309
713,0.03754682,0.591287,0.2106337,0.1605324
714,0.03775232,0.5915095,0.2097213,0.1610169
715,0.03781565,0.591888,0.2093661,0.1609303
716,0.03780404,0.592199,0.2094255,0.1605715
717,0.03776175,0.5923974,0.209704,0.1601369
718,0.03771713,0.5925186,0.2100108,0.1597535
719,0.0376875,0.5926244,0.2101888,0.1594993
720,0.03768157,0.5927723,0.2101335,0.1594126
721,0.03816673,0.5889306,0.2114957,0.161407
722,0.03850757,0.5873085,0.2113632,0.1628207
723,0.03875711,0.5868676,0.2104795,0.1638958
724,0.03894456,0.5870534,0.2092547,0.1647474
725,0.03909194,0.5875397,0.2079081,0.1654602
726,0.03921219,0.5881367,0.2065744,0.1660766
727,0.03931259,0.5887336,0.2053393,0.1666145
728,0.03939727,0.5892672,0.2042553,0.1670802
729,0.0394686,0.5897069,0.2033488,0.1674756
730,0.03952833,0.5900446,0.202623,0.1678041
731,0.03957766,0.5902863,0.2020668,0.1680692
732,0.03961758,0.5904457,0.2016609,0.1682759
733,0.03959368,0.5911608,0.2010171,0.1682285
734,0.03958324,0.5915717,0.2006142,0.1682307
735,0.03957623,0.5917929,0.2004037,0.1682271
736,0.03957125,0.5918935,0.2003191,0.1682161
737,0.03956627,0.5919185,0.2003239,0.1681913
738,0.03955979,0.5918961,0.2003964,0.1681477
739,0.03955082,0.5918433,0.2005232,0.1680828
740,0.03953878,0.5917706,0.2006957,0.167995
741,0.0395234,0.5916849,0.2009074,0.1678843
742,0.03950479,0.5915907,0.2011521,0.1677523
743,0.03948319,0.5914915,0.2014241,0.1676013
744,0.03945899,0.5913898,0.2017173,0.167434
745,0.04150607,0.5743064,0.2082991,0.1758884
746,0.04292322,0.565334,0.2102083,0.1815345
747,0.04383079,0.5609984,0.2102365,0.1849343
748,0.04437352,0.5592199,0.2096375,0.1867691
749,0.04467383,0.5587351,0.2089918,0.1875993
750,0.04482465,0.5588331,0.2085014,0.1878409
751,0.04489125,0.5591491,0.2081792,0.1877803
752,0.04491665,0.5595199,0.2079608,0.1876026
753,0.04492744,0.5598887,0.2077649,0.187419
754,0.04493894,0.5602486,0.2075215,0.187291
755,0.04495883,0.5606104,0.2071847,0.1872461
756,0.04498963,0.5609869,0.2067346,0.1872889
757,0.03883547,0.6100296,0.1891475,0.1619875
758,0.03574461,0.627396,0.1871486,0.1497107
759,0.0341689,0.6329886,0.1890258,0.1438167
760,0.03334676,0.6340163,0.1916053,0.1410317
761,0.03292147,0.6333833,0.1938622,0.1398331
762,0.03270852,0.632283,0.1955666,0.1394418
763,0.03260772,0.631178,0.1967715,0.1394428
764,0.03256368,0.6302164,0.1976066,0.1396134
765,0.03254587,0.6294174,0.1982003,0.1398365
766,0.03253781,0.6287545,0.1986547,0.140053
767,0.0325309,0.628191,0.1990429,0.1402352
768,0.03252081,0.6276936,0.1994143,0.1403713
769,0.03416581,0.6127198,0.205635,0.1474794
770,0.0352624,0.6053227,0.2073151,0.1520997
771,0.03593718,0.6019732,0.2072756,0.1548141
772,0.03631798,0.6006718,0.2067871,0.1562232
773,0.03650561,0.6002842,0.2064203,0.15679
774,0.03657214,0.6002194,0.2063694,0.156839
775,0.03656607,0.6002031,0.2066454,0.1565855
776,0.03651916,0.6001308,0.2071804,0.1561697
777,0.0364524,0.5999836,0.2078789,0.1556851
778,0.03638049,0.5997816,0.208638,0.1551999
779,0.0363143,0.5995619,0.209357,0.1547669
780,0.03626202,0.5993663,0.2099432,0.1544285
781,0.03377058,0.6203612,0.2019105,0.1439578
782,0.03240589,0.6283833,0.2007585,0.1384522
783,0.03166892,0.6311401,0.201497,0.135694
784,0.03128619,0.631781,0.2024589,0.1344739
785,0.03110088,0.6316755,0.203131,0.1340926
786,0.03102382,0.6313796,0.2034437,0.1341528
787,0.03100429,0.6310859,0.2034801,0.1344297
788,0.03101356,0.6308364,0.2033532,0.1347969
789,0.0310354,0.6306207,0.203159,0.1351848
790,0.03106045,0.6304185,0.2029665,0.1355544
791,0.0310836,0.6302143,0.2028156,0.1358864
792,0.03110227,0.6299993,0.2027254,0.1361729
793,0.03105413,0.6303846,0.2024017,0.1361595
794,0.03102391,0.6304001,0.2023723,0.1362037
795,0.03100305,0.6302372,0.2024892,0.1362704
796,0.0309863,0.6299874,0.2026878,0.1363386
797,0.03097025,0.6296975,0.2029377,0.1363945
798,0.03095291,0.6293908,0.2032256,0.1364308
799,0.03093322,0.629078,0.2035448,0.136444
800,0.03091075,0.6287642,0.2038919,0.1364331
801,0.03088551,0.6284516,0.2042635,0.1363994
802,0.03085778,0.6281424,0.2046544,0.1363455
803,0.03082811,0.6278388,0.2050578,0.1362753
804,0.0307972,0.6275434,0.2054656,0.1361937
805,0.03306187,0.6065087,0.2143541,0.1460753
806,0.03463364,0.5959739,0.216649,0.1527435
807,0.03563375,0.591275,0.2163231,0.1567681
808,0.03622606,0.5896335,0.2151815,0.1589589
809,0.03655266,0.5894226,0.2140269,0.1599978
810,0.03672098,0.5897816,0.213109,0.1603885
811,0.03680475,0.5903092,0.2124158,0.1604702
812,0.03685065,0.5908527,0.2118437,0.1604528
813,0.03688558,0.5913768,0.2112849,0.1604527
814,0.0369232,0.5918897,0.210663,0.160524
815,0.03696876,0.5924074,0.2099428,0.160681
816,0.03702248,0.592937,0.2091265,0.160914
817,0.03688907,0.5950561,0.2076893,0.1603656
818,0.03682774,0.5963109,0.2066992,0.1601623
819,0.03681456,0.5971183,0.2058815,0.1601856
820,0.03682844,0.5976813,0.2051624,0.1603278
821,0.03685613,0.5980969,0.2045259,0.160521
822,0.03688933,0.5984102,0.2039766,0.1607237
823,0.03692305,0.5986438,0.2035218,0.1609114
824,0.0369544,0.598811,0.2031638,0.1610707
825,0.03698172,0.5989226,0.2029003,0.1611955
826,0.03700404,0.5989881,0.2027253,0.1612826
827,0.03702091,0.5990163,0.2026311,0.1613317
828,0.03703217,0.5990145,0.2026097,0.1613436
829,0.03401244,0.6244183,0.1932294,0.1483398
830,0.0323635,0.6336963,0.192506,0.1414343
831,0.0314665,0.636478,0.1941949,0.1378606
832,0.03097344,0.6366405,0.1963482,0.1360377
833,0.03070193,0.6358727,0.1982776,0.1351477
834,0.03055132,0.6348889,0.1998148,0.1347451
835,0.03046493,0.633961,0.200991,0.1345831
836,0.03041084,0.6331658,0.2018974,0.1345259
837,0.03037124,0.6325018,0.2026271,0.1344999
838,0.03033658,0.6319408,0.2032547,0.1344679
839,0.03030196,0.6314523,0.2038336,0.1344122
840,0.03026506,0.6310113,0.2043974,0.1343262
841,0.03165819,0.6174629,0.2104405,0.1404385
842,0.03256198,0.6109372,0.212234,0.1442668
843,0.03310259,0.6080782,0.2124025,0.1464167
844,0.03339595,0.6070209,0.2121359,0.1474472
845,0.03353443,0.6067477,0.211919,0.1477988
846,0.03358409,0.6067579,0.2118748,0.1477831
847,0.03358949,0.6068412,0.2119605,0.1476089
848,0.03357938,0.6069356,0.2120747,0.1474104
849,0.03357116,0.6070468,0.2121134,0.1472687
850,0.03357414,0.6072009,0.2119988,0.1472262
851,0.03359174,0.6074204,0.2116922,0.1472957
852,0.0336236,0.6077146,0.2111913,0.1474705
853,0.03337353,0.6107389,0.2094127,0.1464749
854,0.03324415,0.6123177,0.2083876,0.1460505
855,0.03319107,0.6132114,0.2076153,0.1459822
856,0.03318412,0.6137667,0.2069267,0.1461225
857,0.03320267,0.6141428,0.2062862,0.1463684
858,0.03323365,0.6144056,0.2057065,0.1466542
859,0.03326901,0.6145813,0.2052101,0.1469395
860,0.03330376,0.6146836,0.2048126,0.1472001
861,0.03333474,0.6147236,0.2045197,0.1474219
862,0.03336026,0.614713,0.2043281,0.1475987
863,0.03337939,0.6146618,0.2042301,0.1477286
864,0.03339186,0.6145794,0.2042164,0.1478124
865,0.03345111,0.6140108,0.2044522,0.148086
866,0.03348396,0.6136809,0.2046096,0.1482254
867,0.03349724,0.6134607,0.2047779,0.1482641
868,0.03349645,0.6132854,0.2049892,0.148229
869,0.03348532,0.6131229,0.2052531,0.1481386
870,0.03346652,0.6129594,0.2055682,0.1480059
871,0.03344194,0.61279,0.2059276,0.1478405
872,0.0334131,0.6126149,0.2063214,0.1476506
