EwEVersion,"6.5.13829.0 (compiled 2016-05-17)"
Date,"2016-09-06 16:04:16"
ModelName,Baltic_Proper-SEALS
EcosimScenario,Proper1_SealVuln100_19742100_seal0_cofF03
TimeSeries,new_data_weights_19742100_BAU_WAR1_codF03_seal0
StartYear,1974

Data,"Prey of JuvSprat"

TimeStep,"Temora sp","Acartia sp","Pseudocalanus sp.","other mesozooplankton","Mysids",
1,0.3416932,0.2886027,0.1891643,0.1800693,0.0004705526
2,0.3482671,0.2841473,0.1803821,0.186754,0.0004494748
3,0.3504935,0.2783198,0.1777553,0.1929758,0.0004555885
4,0.3508407,0.2745149,0.1778672,0.1963002,0.0004768951
5,0.3503381,0.2715918,0.179495,0.1980676,0.0005075192
6,0.3492337,0.2692107,0.1817131,0.1992999,0.0005424765
7,0.3476537,0.2672598,0.1839658,0.2005427,0.0005779997
8,0.345695,0.265645,0.185981,0.2020675,0.00061143
9,0.3434239,0.2642711,0.1876572,0.2040067,0.000640956
10,0.3408804,0.263051,0.188981,0.2064222,0.0006653713
11,0.3380892,0.2619119,0.1899772,0.2093378,0.0006838777
12,0.3350734,0.2607948,0.1906819,0.2127539,0.0006959516
13,0.3422299,0.2583334,0.1877509,0.2109975,0.0006882315
14,0.336207,0.257478,0.19012,0.2154983,0.0006967137
15,0.3322332,0.256806,0.1906997,0.2195712,0.0006899872
16,0.3288543,0.255479,0.1907574,0.2242355,0.0006737927
17,0.3258283,0.2537416,0.1904923,0.2292879,0.0006498787
18,0.3232095,0.2518364,0.1899555,0.2343788,0.0006197287
19,0.3211084,0.2500156,0.1891461,0.239145,0.0005849206
20,0.3195709,0.248781,0.1879573,0.2431439,0.0005468853
21,0.3185756,0.2487274,0.1862569,0.2459331,0.0005070793
22,0.3180169,0.2504244,0.1839455,0.2471461,0.0004670407
23,0.3177345,0.2542514,0.1810067,0.246579,0.0004283691
24,0.3176013,0.2601646,0.1775576,0.2442839,0.0003926796
25,0.2380597,0.2693503,0.1996187,0.2925476,0.0004236827
26,0.2625619,0.2737003,0.1828409,0.28053,0.0003670059
27,0.2669874,0.2787004,0.1768901,0.277069,0.0003530545
28,0.2703961,0.2869772,0.1723362,0.2699395,0.0003510095
29,0.2742392,0.2913499,0.1702376,0.2638125,0.0003608056
30,0.2783691,0.2916875,0.1700142,0.2595499,0.0003793488
31,0.2821794,0.2898529,0.1708087,0.2567559,0.0004030892
32,0.2852545,0.287684,0.1718478,0.2547852,0.0004285468
33,0.2874957,0.2853884,0.1729837,0.2536781,0.000454093
34,0.2888957,0.2833683,0.1740046,0.2532534,0.0004779854
35,0.2895394,0.2816929,0.1748276,0.2534411,0.0004990315
36,0.2895322,0.2803111,0.1754304,0.25421,0.0005164269
37,0.2883649,0.2812725,0.1764547,0.2533773,0.0005306397
38,0.284924,0.2810584,0.178639,0.2548325,0.0005460684
39,0.282292,0.2807747,0.1794172,0.2569656,0.0005504437
40,0.2798591,0.2802824,0.179499,0.2598128,0.0005466588
41,0.2774936,0.2798051,0.1791454,0.2630192,0.0005365404
42,0.275208,0.279474,0.1785127,0.2662835,0.0005218071
43,0.2730548,0.2793608,0.1777012,0.2693791,0.0005040347
44,0.2711406,0.2789463,0.1771201,0.2723078,0.0004852753
45,0.2694176,0.2791502,0.1763866,0.2745797,0.0004657466
46,0.2679645,0.2799452,0.1755176,0.2761263,0.0004464342
47,0.2668402,0.2813192,0.1745254,0.2768871,0.0004280837
48,0.266093,0.2832029,0.1734384,0.2768544,0.0004113098
49,0.2656955,0.2900134,0.1716089,0.2722934,0.0003887971
50,0.2632294,0.2931138,0.1724719,0.2708076,0.0003772973
51,0.2626612,0.295355,0.1724627,0.2691566,0.0003643901
52,0.2630394,0.2971738,0.1720313,0.2674034,0.0003520501
53,0.2641016,0.2990353,0.1712965,0.2652254,0.000341131
54,0.2657775,0.3008488,0.1704401,0.2626011,0.000332491
55,0.2680259,0.3023398,0.1696402,0.2596673,0.0003267771
56,0.2707658,0.303656,0.1687926,0.2564615,0.0003240108
57,0.2739105,0.3041462,0.1682365,0.2533821,0.000324641
58,0.2772435,0.3040041,0.1679548,0.2504692,0.000328363
59,0.2805695,0.3033983,0.1679196,0.2477779,0.0003347798
60,0.2837314,0.3024903,0.1680886,0.2453462,0.0003433943
61,0.2583606,0.3106692,0.1763932,0.254206,0.0003709999
62,0.2577043,0.3120405,0.1775855,0.252289,0.0003807744
63,0.2582424,0.3111456,0.1788372,0.251384,0.000390876
64,0.2593454,0.3105244,0.17951,0.2502211,0.0003990216
65,0.2607475,0.3100168,0.1798884,0.2489415,0.0004059565
66,0.2623197,0.3094819,0.1801486,0.2476376,0.0004122888
67,0.2639747,0.3088743,0.1803772,0.2463554,0.0004183953
68,0.2656454,0.307858,0.1808646,0.2452071,0.0004249704
69,0.267214,0.3068527,0.1814156,0.2440859,0.000431791
70,0.268676,0.3057876,0.1820409,0.2430566,0.0004389278
71,0.2700049,0.3046716,0.1827326,0.2421446,0.0004463091
72,0.2711783,0.303526,0.1834791,0.2413627,0.0004538115
73,0.2454144,0.3071611,0.1905587,0.2564,0.0004658318
74,0.2430644,0.3080632,0.1888249,0.2595911,0.0004563784
75,0.2452163,0.3042722,0.1887812,0.261271,0.0004592668
76,0.2479245,0.3010661,0.1892232,0.2613184,0.0004678686
77,0.2499925,0.2983987,0.1901027,0.2610262,0.0004798456
78,0.2510851,0.2961023,0.1912665,0.2610529,0.0004930912
79,0.2511694,0.2941245,0.1925464,0.261654,0.0005058467
80,0.2503315,0.292423,0.1938072,0.2629216,0.0005167205
81,0.2486616,0.2909705,0.1949847,0.2648584,0.0005247851
82,0.2462543,0.2897584,0.1960309,0.2674269,0.000529399
83,0.2432028,0.2887762,0.1969173,0.2705736,0.0005301856
84,0.2395988,0.2880175,0.1976263,0.2742305,0.0005269856
85,0.2767706,0.2766792,0.1856492,0.26041,0.0004911064
86,0.2784725,0.2724291,0.1852953,0.263315,0.0004880627
87,0.2758488,0.273157,0.1846097,0.2659056,0.0004787258
88,0.2725681,0.2729254,0.184385,0.2696542,0.0004672962
89,0.2687273,0.2721291,0.1842963,0.2743942,0.0004529842
90,0.2644052,0.2711072,0.1841313,0.2799212,0.0004351134
91,0.2597465,0.2699914,0.1838003,0.2860483,0.0004135125
92,0.2549452,0.2687355,0.1833927,0.2925381,0.0003884489
93,0.2501658,0.2675487,0.1828074,0.2991174,0.0003606501
94,0.2456051,0.2666483,0.1820088,0.3054068,0.0003310865
95,0.2414342,0.2663651,0.1809604,0.3109394,0.0003008865
96,0.2377836,0.267159,0.179609,0.3151773,0.000271217
97,0.2455221,0.2667959,0.174034,0.3134145,0.0002334717
98,0.2451539,0.2690871,0.1712004,0.3143525,0.000205976
99,0.245114,0.2765209,0.1677331,0.3104481,0.0001839279
100,0.2457258,0.2850785,0.1645559,0.3044715,0.0001683447
101,0.2474067,0.2926733,0.162008,0.2977532,0.0001588989
102,0.2503381,0.2980565,0.16029,0.2911602,0.0001551994
103,0.2544016,0.3008522,0.1594464,0.2851429,0.0001568847
104,0.2592062,0.30164,0.1592245,0.2797658,0.0001635449
105,0.2643311,0.300703,0.1596451,0.275146,0.0001749086
106,0.2692894,0.2987304,0.160548,0.2712416,0.0001905191
107,0.2737117,0.2962612,0.1617872,0.2680302,0.0002097612
108,0.277378,0.2936476,0.163238,0.2655045,0.0002318296
109,0.3006512,0.2864921,0.1597775,0.2528246,0.0002544157
110,0.2974626,0.2856561,0.1642189,0.2523716,0.0002908366
111,0.296369,0.2848527,0.1667717,0.2516866,0.0003198951
112,0.2957611,0.283366,0.1686456,0.2518833,0.0003441158
113,0.2951793,0.2819206,0.1699949,0.2525415,0.0003638486
114,0.2945502,0.2806927,0.1709734,0.2534039,0.0003797179
115,0.2938887,0.2796745,0.171711,0.2543334,0.0003924542
116,0.293171,0.2792805,0.1718804,0.2552659,0.0004021269
117,0.2925366,0.2789406,0.1718859,0.2562274,0.0004095419
118,0.2919504,0.2787052,0.1717893,0.2571399,0.0004150988
119,0.2914081,0.2785939,0.1716203,0.2579586,0.0004191337
120,0.2909158,0.2786128,0.1713943,0.258655,0.0004219225
121,0.275019,0.2814895,0.1756493,0.2674053,0.0004369199
122,0.2764446,0.2819647,0.1739764,0.2671809,0.0004333498
123,0.2764696,0.2817396,0.1734281,0.2679291,0.0004336558
124,0.2762844,0.2821755,0.1729065,0.2681997,0.0004339621
125,0.2760913,0.2827874,0.1724414,0.2682458,0.0004341892
126,0.2759299,0.2833805,0.1720322,0.2682233,0.0004342296
127,0.2757973,0.2839155,0.171657,0.2681964,0.0004339274
128,0.2756737,0.2843664,0.1713935,0.2681329,0.0004334707
129,0.2755585,0.2847791,0.1711537,0.2680759,0.000432753
130,0.2754593,0.2851427,0.1709254,0.2680408,0.0004317288
131,0.2753748,0.2854632,0.1707015,0.2680301,0.0004303781
132,0.2753013,0.2857519,0.1704763,0.2680418,0.0004287038
133,0.1681994,0.3187093,0.2027244,0.3098564,0.00051044
134,0.1461582,0.3338747,0.2106344,0.3088194,0.0005132924
135,0.1214251,0.339222,0.2203326,0.3185075,0.0005127456
136,0.1000721,0.3453369,0.2263881,0.3277107,0.0004923454
137,0.08232275,0.3535045,0.2292957,0.3344192,0.000457834
138,0.06845627,0.3639753,0.2297015,0.3374503,0.0004166411
139,0.0586526,0.3760633,0.2283814,0.3365269,0.0003757869
140,0.05291595,0.387568,0.2266325,0.3325427,0.0003408655
141,0.05121983,0.3973713,0.2248809,0.3262133,0.0003147415
142,0.05374355,0.4037427,0.2236742,0.3185407,0.0002988751
143,0.06081828,0.4060426,0.2229885,0.3098577,0.0002930266
144,0.07272612,0.4043458,0.2224699,0.3001621,0.0002961503
145,0.112629,0.3853658,0.2113298,0.2903834,0.0002920948
146,0.157626,0.3651001,0.1998392,0.2771364,0.0002983612
147,0.1983565,0.3444617,0.1930573,0.2638013,0.0003232249
148,0.227805,0.3285624,0.1904083,0.2528622,0.0003620964
149,0.2462636,0.3172499,0.1908073,0.245269,0.0004101597
150,0.2569216,0.309316,0.1929044,0.2403959,0.0004621853
151,0.2627691,0.3036114,0.1957103,0.2373953,0.0005139664
152,0.2657776,0.2992944,0.1986779,0.2356869,0.0005631552
153,0.2670494,0.2958193,0.2015909,0.2349319,0.0006084271
154,0.2671707,0.2928713,0.204369,0.2349398,0.000649235
155,0.2664343,0.290262,0.2069997,0.2356185,0.000685477
156,0.2649732,0.2878925,0.2094895,0.2369276,0.0007172207
157,0.2327806,0.3002962,0.2278323,0.2382755,0.0008154535
158,0.2047381,0.3055673,0.2543443,0.2344039,0.0009463535
159,0.1732674,0.3174149,0.2740868,0.2341962,0.00103473
160,0.1406661,0.3305126,0.2895381,0.2382005,0.001082724
161,0.108346,0.3429563,0.3017194,0.2458887,0.001089546
162,0.07813714,0.3542584,0.3105699,0.2559813,0.001053251
163,0.05222724,0.3649814,0.3153949,0.266422,0.0009744029
164,0.0323552,0.3764527,0.315592,0.2747398,0.0008603368
165,0.01891514,0.3904438,0.3110755,0.2788395,0.0007260992
166,0.01084321,0.4075455,0.3030554,0.2779645,0.0005913664
167,0.00640559,0.4261333,0.293905,0.2730824,0.0004736073
168,0.004088361,0.443212,0.2861982,0.2661191,0.0003824196
169,0.02079159,0.4708021,0.2564363,0.2516857,0.0002842546
170,0.1044975,0.4283842,0.2317053,0.235184,0.0002290161
171,0.2191211,0.370401,0.2037095,0.2065678,0.0002006745
172,0.2879069,0.3356752,0.1898584,0.1863546,0.0002049322
173,0.324482,0.3152045,0.1861703,0.1739087,0.0002343736
174,0.3419645,0.3022067,0.1885199,0.1670262,0.0002828192
175,0.34922,0.2933471,0.1936122,0.1634766,0.0003439721
176,0.3509029,0.2871507,0.1996157,0.161919,0.0004117917
177,0.349751,0.2827976,0.2054778,0.1614925,0.0004811475
178,0.3473324,0.2796489,0.2107437,0.1617265,0.0005483864
179,0.3444405,0.2772661,0.2152954,0.1623867,0.0006113173
180,0.3414171,0.2753713,0.2191735,0.1633692,0.0006688518
181,0.3527242,0.2681861,0.2154297,0.1629592,0.0007007422
182,0.3545496,0.265021,0.2144621,0.1652308,0.0007366317
183,0.3540033,0.262199,0.2150864,0.1679372,0.0007740691
184,0.3521664,0.2599484,0.216471,0.1706034,0.0008107083
185,0.3495888,0.2582285,0.2180869,0.1732513,0.0008444938
186,0.3465419,0.2569574,0.2196047,0.1760223,0.0008737769
187,0.3431588,0.2560688,0.2208311,0.1790442,0.0008972206
188,0.3394588,0.2556323,0.2215616,0.1824338,0.0009135134
189,0.3355225,0.2555443,0.2217867,0.1862246,0.0009218795
190,0.3313287,0.2558084,0.2215143,0.1904266,0.0009219265
191,0.3268542,0.2564589,0.2207517,0.1950216,0.0009135293
192,0.3220835,0.2575628,0.2194963,0.1999605,0.0008967906
193,0.3300062,0.2544311,0.212287,0.202426,0.0008496201
194,0.3266946,0.255499,0.2084967,0.2084968,0.00081297
195,0.3229897,0.2574511,0.204998,0.2137877,0.0007734395
196,0.3194078,0.2596155,0.2018551,0.218389,0.0007326545
197,0.3161393,0.2619177,0.1989136,0.2223385,0.0006909356
198,0.3132783,0.2643496,0.1960688,0.2256547,0.0006487405
199,0.3108768,0.2669232,0.1932698,0.2283234,0.000606818
200,0.3089819,0.2694963,0.1906342,0.2303213,0.0005663845
201,0.3075637,0.2723866,0.1880086,0.2315129,0.0005281041
202,0.3066616,0.2755114,0.1854229,0.2319112,0.0004930035
203,0.3062946,0.2787407,0.1829348,0.2315681,0.0004619632
204,0.3064642,0.2818953,0.1806222,0.2305826,0.0004356704
205,0.2958824,0.2967743,0.1824293,0.2244876,0.0004264386
206,0.2877157,0.3042512,0.188213,0.2193909,0.0004291887
207,0.2841364,0.3088208,0.1913859,0.2152366,0.0004204295
208,0.2827073,0.3128528,0.1923725,0.2116648,0.0004026261
209,0.2826408,0.3171078,0.1917159,0.2081558,0.000379593
210,0.2837298,0.3214627,0.1900376,0.2044143,0.0003556212
211,0.2859793,0.3253895,0.1879299,0.2003669,0.0003344209
212,0.2894787,0.3289246,0.1854005,0.1958781,0.0003182133
213,0.2941283,0.3306088,0.1833894,0.1915641,0.0003093339
214,0.2994902,0.3307247,0.1820046,0.1874725,0.0003080476
215,0.3050558,0.3296389,0.1812765,0.1837146,0.0003141794
216,0.3103414,0.3278181,0.1811431,0.1803701,0.0003271515
217,0.332888,0.3132892,0.1729304,0.1805624,0.0003299582
218,0.3423193,0.3066717,0.1680694,0.1825951,0.0003444637
219,0.347112,0.3000134,0.1672546,0.1852444,0.000375643
220,0.349268,0.2948837,0.16853,0.1869005,0.0004178126
221,0.3499381,0.2909566,0.1707953,0.1878437,0.00046625
222,0.3497467,0.2879499,0.1733289,0.1884576,0.0005168
223,0.3490737,0.2856055,0.1757539,0.1890005,0.0005663748
224,0.348134,0.2836989,0.1779208,0.1896331,0.0006132167
225,0.3470336,0.2820068,0.1798427,0.1904605,0.0006563338
226,0.3458055,0.2804004,0.1815657,0.1915331,0.0006953165
227,0.3444487,0.2788029,0.1831439,0.1928743,0.000730132
228,0.3429516,0.277171,0.1846234,0.1944931,0.0007609379
229,0.3154324,0.2841873,0.1954595,0.2040928,0.0008281052
230,0.3104979,0.2843083,0.1985539,0.2057843,0.0008555319
231,0.3064969,0.283273,0.2011512,0.2082015,0.0008773305
232,0.3029589,0.2821643,0.2030662,0.2109188,0.0008918478
233,0.2996406,0.2811892,0.2044782,0.2137924,0.0008996139
234,0.2964764,0.2804563,0.2054983,0.2166678,0.0009012258
235,0.293477,0.2800727,0.2061681,0.2193851,0.0008971244
236,0.2906798,0.280159,0.2064846,0.221789,0.0008875582
237,0.2881211,0.2808837,0.2063998,0.2237226,0.0008728317
238,0.2858728,0.2822755,0.2059061,0.2250921,0.0008535293
239,0.2840163,0.2842663,0.2050319,0.2258549,0.0008304786
240,0.2826319,0.2866913,0.2038466,0.2260254,0.0008047521
241,0.2408291,0.2954925,0.216396,0.2464584,0.0008239803
242,0.2368432,0.3024782,0.2122044,0.2477017,0.0007724207
243,0.2361988,0.303196,0.2104643,0.2494008,0.0007400662
244,0.2372952,0.3045058,0.2085949,0.2488908,0.0007133978
245,0.2392811,0.3056182,0.2070486,0.2473595,0.0006926302
246,0.2416598,0.306157,0.2059575,0.2455485,0.0006772336
247,0.2440912,0.3062081,0.2052539,0.2437806,0.0006661409
248,0.2463705,0.3057017,0.2049804,0.2422886,0.0006588362
249,0.2483392,0.3051607,0.2048841,0.2409622,0.0006538485
250,0.2500065,0.3045905,0.2049161,0.2398365,0.0006505179
251,0.2513913,0.3040248,0.2050309,0.2389047,0.0006482757
252,0.2525243,0.3034821,0.2051967,0.2381502,0.000646687
253,0.3222354,0.281691,0.1828621,0.2126379,0.0005736262
254,0.3274288,0.2769442,0.1822942,0.212753,0.0005797924
255,0.3281676,0.27734,0.1818655,0.2120418,0.0005850877
256,0.3288496,0.2765777,0.1822349,0.2117444,0.000593372
257,0.3291969,0.275425,0.1829787,0.2117963,0.0006032626
258,0.3291871,0.2742676,0.1838126,0.2121193,0.0006133792
259,0.3288825,0.2732017,0.1846037,0.2126893,0.0006228416
260,0.3283343,0.2722897,0.1852919,0.213453,0.0006311219
261,0.3276278,0.2714424,0.1858765,0.2144154,0.000637988
262,0.3267983,0.2706704,0.1863479,0.2155401,0.0006432616
263,0.3258803,0.2699782,0.1867066,0.2167879,0.0006468817
264,0.3249082,0.2693727,0.1869558,0.2181144,0.0006488602
265,0.2405793,0.2971308,0.2171503,0.2443827,0.0007568084
266,0.2228923,0.306243,0.2267556,0.2433313,0.0007778088
267,0.2049272,0.3111527,0.2357826,0.2473483,0.0007891967
268,0.1892426,0.3164012,0.2414755,0.2521031,0.0007776249
269,0.1756915,0.3225968,0.2444263,0.2565386,0.0007467623
270,0.1644814,0.3300246,0.2451388,0.2596529,0.0007024094
271,0.1560944,0.33863,0.2439838,0.2606409,0.0006509968
272,0.1511291,0.3480927,0.2411761,0.2590036,0.0005982977
273,0.1501951,0.3563776,0.2376244,0.2552522,0.0005506726
274,0.1534767,0.362209,0.2339098,0.2498925,0.0005118255
275,0.1607144,0.3648485,0.2304637,0.2434898,0.0004836495
276,0.1711043,0.3644068,0.2275055,0.2365169,0.0004665336
277,0.2113447,0.3548561,0.2161276,0.217226,0.0004455605
278,0.2354342,0.3443251,0.2133715,0.2064175,0.0004516852
279,0.2493172,0.3399278,0.212249,0.1980403,0.0004656408
280,0.2588383,0.3364258,0.2123393,0.1919108,0.0004858361
281,0.2657741,0.3333084,0.2130481,0.1873593,0.0005100757
282,0.2709375,0.3304719,0.2141006,0.183953,0.0005369087
283,0.2748018,0.3278672,0.2153671,0.1813986,0.000565273
284,0.2776825,0.3253503,0.2168487,0.1795239,0.0005946375
285,0.2797731,0.3229751,0.2184645,0.1781629,0.0006243281
286,0.2812379,0.320728,0.2201733,0.1772069,0.00065386
287,0.282199,0.3185997,0.2219426,0.1765758,0.0006828615
288,0.2827471,0.3165824,0.2237476,0.1762118,0.0007110642
289,0.3083832,0.3038108,0.2116122,0.1755128,0.000681005
290,0.3198314,0.2959752,0.2051703,0.1783497,0.0006734166
291,0.3260047,0.2884642,0.2033246,0.1815195,0.000687052
292,0.3287125,0.2828602,0.2040151,0.1836982,0.0007139375
293,0.3294689,0.2787251,0.2059621,0.1850956,0.0007482435
294,0.3290943,0.2755799,0.2084086,0.1861314,0.0007858779
295,0.32801,0.2731028,0.2109428,0.1871201,0.0008241879
296,0.3264086,0.2711111,0.2133758,0.1882433,0.0008611746
297,0.3244399,0.2695031,0.2155849,0.1895765,0.0008957246
298,0.3221723,0.2681942,0.2175402,0.191166,0.0009272859
299,0.3196443,0.2671483,0.2192315,0.1930204,0.0009554972
300,0.3168859,0.2663553,0.2206539,0.1951247,0.0009800829
301,0.3253587,0.2607686,0.212737,0.2001979,0.0009377856
302,0.3283519,0.2582006,0.2067769,0.2057628,0.0009077826
303,0.3286742,0.2550983,0.204868,0.2104567,0.0009028107
304,0.3273705,0.2532414,0.2047816,0.2136948,0.0009116348
305,0.3252696,0.2520667,0.2055201,0.2162152,0.000928257
306,0.3227156,0.2512464,0.2065143,0.2185751,0.0009485658
307,0.3198664,0.250652,0.2074541,0.2210579,0.0009697366
308,0.3169504,0.2499611,0.2083179,0.223781,0.000989605
309,0.3137836,0.2494982,0.2089633,0.2267479,0.001007108
310,0.310468,0.2492507,0.2093358,0.2299241,0.001021382
311,0.3071002,0.2491819,0.2094352,0.2332509,0.001031819
312,0.3037659,0.2492516,0.2092891,0.2366554,0.001038011
313,0.2863547,0.2624663,0.215922,0.2341501,0.001106882
314,0.2672744,0.2678879,0.2309805,0.2326353,0.001221947
315,0.2539399,0.2710195,0.240128,0.2336252,0.001287334
316,0.2433642,0.2722079,0.2459038,0.2372166,0.001307426
317,0.2345566,0.2726008,0.2492907,0.2422686,0.001283307
318,0.2270854,0.2738318,0.2505443,0.2473201,0.001218422
319,0.2206969,0.2781063,0.2493707,0.2507064,0.001119632
320,0.2151628,0.2889399,0.2445879,0.2503146,0.00099476
321,0.2110821,0.3051023,0.2369296,0.2460246,0.0008613756
322,0.2094049,0.3235686,0.2276174,0.2386735,0.0007356122
323,0.2112956,0.3394098,0.2185444,0.2301202,0.0006300083
324,0.2173181,0.3490048,0.2111684,0.2219587,0.00054988
325,0.2403692,0.3489609,0.200321,0.2098832,0.0004657849
326,0.2568424,0.3431318,0.1959018,0.2037026,0.0004214821
327,0.2705291,0.3383696,0.1929214,0.1977827,0.0003972384
328,0.2822156,0.3334137,0.191412,0.1925691,0.0003896154
329,0.2916664,0.3289295,0.1909446,0.1880647,0.0003947988
330,0.2989081,0.3251248,0.1912259,0.1843313,0.0004098889
331,0.3041923,0.3219719,0.1920252,0.1813781,0.0004325148
332,0.3078326,0.3191271,0.1933372,0.1792422,0.0004607906
333,0.3101841,0.3167821,0.1948392,0.177702,0.000492605
334,0.311606,0.3147502,0.1964391,0.1766781,0.0005265651
335,0.3123537,0.3129364,0.1980691,0.1760794,0.0005615037
336,0.3126086,0.3112611,0.1996985,0.1758352,0.0005965455
337,0.3080778,0.3106637,0.2035428,0.177072,0.0006436736
338,0.3059626,0.3101883,0.2059066,0.1772589,0.0006836274
339,0.3044113,0.3093396,0.2079038,0.1776256,0.0007197725
340,0.303038,0.3082376,0.2096986,0.1782732,0.0007526005
341,0.3016565,0.3069342,0.211411,0.1792157,0.000782718
342,0.3001666,0.3054799,0.2131124,0.1804305,0.0008106437
343,0.2985168,0.303927,0.2148353,0.1818842,0.0008367595
344,0.2966974,0.3025452,0.2163785,0.1835181,0.0008608489
345,0.2947354,0.3011235,0.2179033,0.1853544,0.00088336
346,0.2926125,0.2997558,0.2194012,0.1873263,0.0009041422
347,0.2903461,0.2985044,0.2208507,0.1893756,0.000923014
348,0.2879703,0.297428,0.2222179,0.191444,0.0009397478
349,0.2258243,0.3034938,0.2378703,0.2318402,0.0009714413
350,0.2100846,0.3108246,0.2310293,0.2471529,0.0009086666
351,0.2083146,0.3030138,0.2294701,0.2583086,0.00089278
352,0.2108394,0.2980568,0.2282495,0.2619596,0.0008947898
353,0.2138836,0.2949224,0.227848,0.2624359,0.0009101228
354,0.216016,0.2925456,0.2282032,0.2623009,0.0009341488
355,0.2168151,0.2906359,0.2290202,0.2625661,0.000962631
356,0.2162598,0.2892954,0.2299928,0.26346,0.0009919198
357,0.2145661,0.2882401,0.231034,0.2651398,0.001020026
358,0.2118992,0.2874607,0.2320412,0.2675538,0.001045156
359,0.2084218,0.28692,0.2329677,0.2706246,0.001065987
360,0.204278,0.2865823,0.2337926,0.2742656,0.0010815
361,0.2462586,0.2865851,0.2191203,0.2469855,0.001050438
362,0.2435374,0.2815112,0.2299548,0.2438476,0.001149082
363,0.2322327,0.2858871,0.2366717,0.2440053,0.001203196
364,0.2216735,0.2882647,0.2415062,0.2473352,0.001220398
365,0.2118563,0.2892073,0.2450093,0.2527236,0.001203491
366,0.2027645,0.2902223,0.2471334,0.2587245,0.001155292
367,0.1945598,0.2929115,0.2475957,0.2638524,0.001080728
368,0.1875269,0.2984066,0.2461838,0.2668949,0.0009878387
369,0.1819701,0.308268,0.2423405,0.2665378,0.0008836436
370,0.1785453,0.3216841,0.236358,0.2626344,0.0007781894
371,0.1780727,0.3359272,0.2292346,0.2560841,0.0006813861
372,0.1812361,0.3475557,0.2222714,0.2483363,0.0006004404
373,0.1792412,0.3603081,0.2186335,0.2412852,0.0005319523
374,0.1860226,0.3629175,0.2161546,0.234422,0.0004833265
375,0.1961286,0.3620147,0.2138558,0.2275524,0.000448554
376,0.2077659,0.3594366,0.2116438,0.2207281,0.0004254984
377,0.2196471,0.3560568,0.2096845,0.2141988,0.0004129227
378,0.2308317,0.3523908,0.2081513,0.2082165,0.000409663
379,0.240721,0.3487615,0.20714,0.202963,0.0004144957
380,0.249052,0.3454222,0.2065869,0.1985129,0.0004260654
381,0.2557686,0.3423463,0.2065157,0.1949262,0.0004431938
382,0.2609577,0.3396021,0.2068355,0.1921402,0.0004645551
383,0.2648189,0.3371964,0.2074407,0.1900552,0.0004888647
384,0.2675914,0.3351006,0.208233,0.1885601,0.0005149397
385,0.275003,0.3306471,0.2077361,0.1860703,0.0005434926
386,0.2776549,0.3285001,0.2083539,0.1849164,0.0005746967
387,0.2787344,0.3270058,0.209255,0.1843993,0.0006055848
388,0.278992,0.3256989,0.2102895,0.1843843,0.0006353767
389,0.2787026,0.3244602,0.2113877,0.1847859,0.0006635603
390,0.2779776,0.3232568,0.2125217,0.1855542,0.000689788
391,0.2768653,0.3220825,0.213681,0.1866575,0.0007137948
392,0.2753686,0.3207298,0.2150557,0.1881099,0.0007359519
393,0.2734784,0.3194326,0.2165047,0.1898285,0.0007557577
394,0.2712408,0.3181658,0.2180138,0.1918065,0.0007730954
395,0.2686849,0.3169414,0.2195632,0.1940227,0.0007878153
396,0.2658406,0.3157866,0.2211284,0.1964446,0.0007997542
397,0.3170901,0.2985987,0.204318,0.1792484,0.0007447675
398,0.3221809,0.2925501,0.2060466,0.1784594,0.0007631227
399,0.3210346,0.2934442,0.2069821,0.1777679,0.0007713573
400,0.3195462,0.293886,0.2078691,0.1779252,0.0007734859
401,0.3179913,0.2938912,0.2086373,0.17871,0.0007702551
402,0.3164111,0.2938609,0.2091686,0.1797973,0.0007620921
403,0.3148789,0.2940341,0.2094114,0.180926,0.0007496144
404,0.3134329,0.2947746,0.2092431,0.1818161,0.000733089
405,0.3122376,0.2958172,0.2087914,0.1824401,0.0007138387
406,0.3113468,0.2971482,0.2080852,0.182727,0.0006927652
407,0.3108087,0.2986772,0.2071805,0.1826628,0.0006708221
408,0.3106527,0.3002824,0.2061453,0.1822706,0.0006489248
409,0.312309,0.2936632,0.2004594,0.1929684,0.0006000004
410,0.3195848,0.2913555,0.1910712,0.1974397,0.0005488428
411,0.3237004,0.2874245,0.1868591,0.2014871,0.000528838
412,0.3261564,0.2851319,0.1851711,0.2030133,0.0005273361
413,0.3277285,0.2830248,0.1852785,0.2034295,0.000538725
414,0.3284651,0.2810072,0.1863508,0.2036192,0.0005576832
415,0.3283892,0.2792323,0.1877904,0.2040082,0.0005799781
416,0.3276123,0.2777981,0.1891779,0.2048092,0.0006024546
417,0.3262568,0.2766781,0.1903621,0.2060803,0.0006226768
418,0.324448,0.2757877,0.1912871,0.2078382,0.0006389178
419,0.3222856,0.2750556,0.1919432,0.2100656,0.0006499631
420,0.3198486,0.2744253,0.1923433,0.2127279,0.000655022
421,0.3062145,0.2760864,0.1969036,0.2201187,0.0006768098
422,0.3029151,0.2767589,0.1968433,0.2228101,0.0006725625
423,0.2994736,0.2763428,0.1969601,0.2265619,0.0006617579
424,0.2961806,0.2760574,0.1966779,0.2304415,0.0006426528
425,0.2931415,0.2760052,0.1960479,0.2341886,0.0006167569
426,0.290426,0.2762741,0.1951338,0.2375801,0.0005859531
427,0.2880902,0.2769888,0.1939656,0.2404032,0.0005521476
428,0.2861699,0.2783187,0.1925556,0.2424388,0.0005171088
429,0.284694,0.2804906,0.1908511,0.2434819,0.0004823232
430,0.2837107,0.2834982,0.1888843,0.2434575,0.0004492478
431,0.2832862,0.2871533,0.186739,0.2424024,0.0004191482
432,0.2834995,0.2910947,0.1845469,0.2404658,0.0003930564
433,0.1944786,0.3282412,0.2116478,0.2652074,0.0004250916
434,0.1789191,0.3438926,0.2177279,0.259053,0.0004074661
435,0.1629466,0.3502889,0.2259719,0.260401,0.0003916397
436,0.1501855,0.3585798,0.2304223,0.2604481,0.000364308
437,0.1409976,0.3685411,0.2316687,0.2584622,0.0003304053
438,0.1361217,0.3786996,0.2305784,0.2543046,0.0002957492
439,0.1363147,0.3870802,0.228079,0.248261,0.0002650491
440,0.1421139,0.3924534,0.2246036,0.2405881,0.0002410272
441,0.1533524,0.3930992,0.2211397,0.2321833,0.0002253352
442,0.1687188,0.3899505,0.2178138,0.2232992,0.0002178056
443,0.1862327,0.3843329,0.2148051,0.2144112,0.000218049
444,0.2037244,0.37761,0.212346,0.2060941,0.0002256408
445,0.1514982,0.3922446,0.2344037,0.2215942,0.0002593666
446,0.1248384,0.4065384,0.2436203,0.2247218,0.0002811584
447,0.1090524,0.4129155,0.2509471,0.2267803,0.0003047008
448,0.09929175,0.4163637,0.2563554,0.2276603,0.0003287938
449,0.09318393,0.4181397,0.2604885,0.2278345,0.0003533603
450,0.08941872,0.4187842,0.2638005,0.2276181,0.000378321
451,0.08720651,0.418616,0.2665755,0.2271984,0.0004035385
452,0.08600997,0.4176692,0.2691399,0.226752,0.0004290421
453,0.08546977,0.4162716,0.2715143,0.2262897,0.0004545481
454,0.08535035,0.4145216,0.2737796,0.2258684,0.0004799338
455,0.08547594,0.4125156,0.2759845,0.2255189,0.0005050644
456,0.08571473,0.4103352,0.2781603,0.22526,0.0005298125
457,0.218615,0.3593158,0.2333928,0.1881968,0.0004795148
458,0.2872604,0.3247015,0.2150353,0.172519,0.0004838897
459,0.3147969,0.310932,0.2078942,0.1658641,0.0005128096
460,0.3240702,0.3051902,0.2064112,0.1637755,0.0005529922
461,0.3267491,0.301914,0.2071284,0.1636125,0.0005957731
462,0.3266517,0.2995387,0.2087416,0.1644306,0.0006374452
463,0.3251629,0.2975855,0.2107054,0.1658701,0.000676105
464,0.3228436,0.2958514,0.2127964,0.1677982,0.000710404
465,0.319931,0.2943244,0.2148605,0.1701447,0.0007394422
466,0.3165442,0.2929933,0.2168165,0.1728834,0.000762525
467,0.3127537,0.291874,0.218603,0.1759903,0.000779011
468,0.3086424,0.2910145,0.2201086,0.1794461,0.0007883568
469,0.2874203,0.290801,0.2210685,0.1999438,0.0007664266
470,0.2838233,0.2903866,0.2137844,0.211293,0.0007125491
471,0.2835565,0.2840125,0.2109329,0.2208138,0.000684307
472,0.2828785,0.2805253,0.2095692,0.2263588,0.0006679496
473,0.2816057,0.2787588,0.2092448,0.2297315,0.0006592217
474,0.2798097,0.2777015,0.2095347,0.2322995,0.000654613
475,0.277529,0.2770042,0.2100766,0.2347388,0.0006513518
476,0.2747634,0.2766797,0.2106121,0.2372973,0.0006475537
477,0.2715763,0.2767605,0.2109811,0.2400403,0.0006418907
478,0.2681021,0.2772295,0.2110894,0.2429454,0.0006335707
479,0.2644854,0.2780333,0.210927,0.2459321,0.000622187
480,0.2608643,0.2791188,0.2105129,0.2488963,0.0006076837
481,0.3360823,0.2621776,0.1873313,0.2138495,0.0005593152
482,0.3159068,0.2689045,0.1992123,0.2153566,0.0006198229
483,0.3058331,0.2765161,0.2035934,0.2134223,0.0006351231
484,0.3010977,0.2794192,0.2057756,0.2130813,0.0006261622
485,0.2985337,0.2806191,0.2063437,0.2139059,0.0005976104
486,0.2970736,0.2820053,0.2054261,0.2149411,0.0005539771
487,0.2962639,0.2848559,0.2031127,0.2152666,0.0005008276
488,0.2958573,0.2907465,0.1990461,0.2139067,0.0004434302
489,0.2958759,0.2988382,0.1940043,0.2108934,0.0003882856
490,0.296637,0.3080099,0.1885699,0.2064434,0.0003398085
491,0.2986426,0.3163361,0.1834958,0.2012246,0.0003009483
492,0.3022726,0.3221347,0.1793932,0.1959266,0.0002728848
493,0.3172147,0.3152663,0.1721467,0.1951303,0.0002419532
494,0.3286546,0.3111618,0.1661759,0.1937816,0.0002259408
495,0.3368836,0.3067731,0.1636393,0.1924762,0.0002279062
496,0.3432905,0.3019564,0.1637197,0.1907894,0.0002441041
497,0.3478653,0.2972789,0.165473,0.1891116,0.0002712055
498,0.3506811,0.2932384,0.1680539,0.1877207,0.0003058872
499,0.3520631,0.289929,0.170892,0.186771,0.0003449437
500,0.3523926,0.2872177,0.1737176,0.1862867,0.0003854136
501,0.3520596,0.2849955,0.1762914,0.1862286,0.0004248276
502,0.3513101,0.2831005,0.1785496,0.1865784,0.0004614343
503,0.3502918,0.2814261,0.1804866,0.1873015,0.000494048
504,0.3490876,0.2798903,0.1821327,0.1883674,0.000521987
505,0.3403239,0.2840427,0.1881702,0.186899,0.0005641482
506,0.3332697,0.2853003,0.1955609,0.1852627,0.0006064737
507,0.3287959,0.2875333,0.1994251,0.183619,0.0006266772
508,0.3256052,0.289338,0.2013292,0.1830982,0.0006293762
509,0.3231453,0.2906775,0.2019842,0.183575,0.0006179784
510,0.3211965,0.2918123,0.2017799,0.1846155,0.0005958506
511,0.3197087,0.2930512,0.2009373,0.1857365,0.0005663353
512,0.3187557,0.2949099,0.1993247,0.1864774,0.000532383
513,0.318386,0.2971276,0.1973302,0.1866589,0.0004972704
514,0.3186474,0.2996974,0.1950905,0.1861013,0.0004633054
515,0.3196021,0.302378,0.1927784,0.184809,0.0004324374
516,0.321288,0.30483,0.1905735,0.1829025,0.0004060902
517,0.3264984,0.2980599,0.1854339,0.1896275,0.0003803104
518,0.3346301,0.296182,0.1775404,0.191291,0.0003563552
519,0.3399162,0.2923857,0.17434,0.1930035,0.0003545209
520,0.3438678,0.2889894,0.1737546,0.1930211,0.000367207
521,0.3467717,0.2856044,0.1749516,0.192282,0.0003903039
522,0.348598,0.2825086,0.177073,0.1914005,0.00041978
523,0.3494449,0.2798707,0.1795225,0.1907095,0.0004522893
524,0.3495308,0.2776313,0.1819702,0.1903824,0.0004853272
525,0.3490266,0.2757741,0.1842172,0.1904652,0.0005169212
526,0.3480906,0.2742172,0.1861803,0.1909662,0.0005456884
527,0.3468313,0.2728946,0.1878336,0.1918699,0.0005706828
528,0.3453199,0.2717597,0.1891792,0.19315,0.000591284
529,0.3346049,0.2766076,0.1946125,0.1935541,0.0006208426
530,0.3287953,0.2772339,0.2000011,0.1933231,0.0006465298
531,0.3244696,0.2787667,0.2026503,0.1934586,0.0006547551
532,0.3209127,0.2801982,0.20366,0.1945801,0.00064888
533,0.3178152,0.2815292,0.2035585,0.1964656,0.00063155
534,0.3150816,0.282933,0.2026763,0.1987037,0.0006053809
535,0.3127338,0.2845782,0.2012278,0.2008871,0.0005730446
536,0.31075,0.2868053,0.199283,0.2026246,0.0005370798
537,0.3093271,0.2894157,0.1970307,0.2037265,0.0005000398
538,0.3085362,0.2923432,0.1945957,0.2040609,0.0004640542
539,0.3084489,0.2953955,0.1921164,0.2036083,0.0004308964
540,0.309111,0.2983104,0.1897376,0.2024391,0.0004019089
541,0.3229434,0.3012559,0.1841498,0.191282,0.0003689241
542,0.320692,0.3046295,0.1869348,0.1873842,0.0003594083
543,0.3213884,0.3086106,0.1874564,0.1821995,0.000345123
544,0.323369,0.3114279,0.1872592,0.177613,0.0003307838
545,0.3260627,0.3135159,0.1865759,0.1735277,0.0003177073
546,0.3292807,0.3148717,0.185714,0.1698264,0.0003072301
547,0.3328874,0.3154308,0.184949,0.1664324,0.000300389
548,0.3367367,0.315135,0.1845016,0.1633289,0.0002977307
549,0.3405887,0.3141584,0.1844541,0.1604993,0.000299497
550,0.3442408,0.3126703,0.1848304,0.1579529,0.0003056118
551,0.347525,0.3108471,0.1856056,0.1557066,0.0003157555
552,0.35033,0.3088439,0.1867231,0.1537736,0.0003294283
553,0.3442494,0.3082945,0.1913003,0.1557964,0.0003593728
554,0.3444579,0.3071147,0.1926433,0.1554014,0.0003828027
555,0.3451681,0.3048107,0.194329,0.1552844,0.0004077392
556,0.3457291,0.3025987,0.1960862,0.155153,0.0004331143
557,0.3460293,0.3006141,0.1978685,0.1550299,0.0004582908
558,0.3460687,0.2988637,0.1996192,0.1549657,0.0004826719
559,0.3458717,0.2973353,0.2012875,0.1549999,0.0005057169
560,0.3454811,0.2959815,0.2028487,0.1551616,0.0005271088
561,0.3449086,0.2948102,0.2042762,0.1554585,0.0005464699
562,0.3441816,0.2938051,0.2055584,0.1558913,0.0005635259
563,0.3433215,0.2929563,0.20669,0.1564541,0.0005780847
564,0.3423464,0.2922593,0.2076676,0.1571366,0.0005900235
565,0.3505356,0.2876589,0.2020171,0.1592166,0.0005718301
566,0.3537382,0.2846105,0.1983008,0.1627898,0.0005607647
567,0.3547467,0.281224,0.1969649,0.1665046,0.0005598426
568,0.3544765,0.278646,0.1969412,0.1693711,0.0005651496
569,0.3535244,0.2767817,0.1976113,0.1715087,0.0005738284
570,0.3521533,0.2754736,0.198552,0.1732375,0.0005835841
571,0.350482,0.2746144,0.1994904,0.1748206,0.0005926621
572,0.3485764,0.274136,0.200264,0.1764242,0.0005993806
573,0.3465347,0.2740178,0.2007535,0.1780912,0.0006028001
574,0.3444056,0.2741936,0.2009409,0.1798573,0.0006025179
575,0.342234,0.2746277,0.2008258,0.1817139,0.0005983608
576,0.3400671,0.2752917,0.2004229,0.1836278,0.0005903718
577,0.3443654,0.2779694,0.1951839,0.1819385,0.0005426493
578,0.3442914,0.2768781,0.1941386,0.1841789,0.0005130185
579,0.3434983,0.2775072,0.1926985,0.1858116,0.0004845469
580,0.3425508,0.2784558,0.1913057,0.1872295,0.0004581367
581,0.3416323,0.2795516,0.1899356,0.1884471,0.0004334271
582,0.3408363,0.2807447,0.1885604,0.1894485,0.0004101737
583,0.3402203,0.2819942,0.1871777,0.1902194,0.0003883371
584,0.3398428,0.283218,0.1858166,0.1907546,0.0003680837
585,0.3396749,0.2844659,0.1844776,0.191032,0.0003495379
586,0.3397392,0.2856909,0.1831848,0.1910523,0.00033287
587,0.3400434,0.286841,0.1819685,0.1908288,0.0003182433
588,0.3405801,0.2878695,0.1808587,0.1903858,0.000305788
589,0.3484051,0.2869993,0.1775694,0.1867365,0.0002897098
590,0.3490531,0.2875327,0.1772509,0.1858815,0.0002818041
591,0.350155,0.2883329,0.1766381,0.1845989,0.0002751655
592,0.3513671,0.2887712,0.1761723,0.1834188,0.0002706406
593,0.3525894,0.2889786,0.175834,0.1823299,0.0002681355
594,0.3537808,0.2890154,0.1756206,0.1813156,0.0002675318
595,0.3549129,0.2889097,0.1755335,0.1803752,0.0002687072
596,0.3559682,0.2886689,0.1755717,0.1795196,0.0002715911
597,0.3568882,0.2883312,0.1757287,0.1787759,0.0002760399
598,0.3576562,0.2879304,0.1759792,0.1781524,0.0002818431
599,0.358261,0.2874903,0.1763012,0.1776587,0.0002887755
600,0.3586988,0.2870306,0.1766738,0.1773001,0.0002965978
601,0.3592244,0.2840492,0.1761573,0.1802619,0.0003072539
602,0.3607932,0.2827249,0.1742819,0.1818845,0.0003154412
603,0.3612111,0.2807396,0.1740324,0.1836884,0.0003286928
604,0.361035,0.2791058,0.1745299,0.1849843,0.0003449215
605,0.3604886,0.2777527,0.1754213,0.1859745,0.0003629029
606,0.3596537,0.2766235,0.1764625,0.1868788,0.0003814544
607,0.3585808,0.2756866,0.1774926,0.1878403,0.0003995473
608,0.357332,0.274887,0.1784264,0.1889383,0.0004163268
609,0.3559116,0.2742362,0.1792141,0.1902069,0.0004312
610,0.3543543,0.2737212,0.1798328,0.191648,0.0004437284
611,0.3526893,0.2733321,0.1802773,0.1932477,0.0004536232
612,0.3509429,0.2730637,0.1805506,0.194982,0.0004607142
613,0.3373237,0.2786897,0.1857911,0.1977137,0.0004817567
614,0.3324122,0.2804095,0.1889948,0.1976906,0.0004929514
615,0.3287216,0.2821025,0.1904972,0.1981855,0.0004931256
616,0.3257173,0.2837077,0.1907859,0.1993054,0.000483729
617,0.3231952,0.2853409,0.1902383,0.2007588,0.0004667585
618,0.3211153,0.2871356,0.1891147,0.20219,0.0004444686
619,0.3195057,0.2891835,0.1875992,0.2032925,0.0004190954
620,0.3183625,0.2916779,0.1857656,0.2038017,0.0003923499
621,0.3178216,0.2943452,0.1837936,0.2036734,0.0003661835
622,0.3179041,0.2970323,0.181806,0.2029156,0.0003420521
623,0.3186145,0.2995309,0.1799198,0.2016138,0.00032101
624,0.3199199,0.3016441,0.1782362,0.1998962,0.0003037263
625,0.3162029,0.3049996,0.1783758,0.20013,0.0002917575
626,0.3188771,0.3059328,0.1768812,0.1980282,0.0002806117
627,0.3215161,0.306065,0.1760283,0.1961159,0.0002747289
628,0.3241787,0.3059553,0.1754975,0.1940953,0.000273058
629,0.3267568,0.3055382,0.1753049,0.1921248,0.0002752391
630,0.3291107,0.3048728,0.1754171,0.1903185,0.0002808388
631,0.331129,0.3040477,0.1757842,0.1887498,0.00028937
632,0.3327172,0.3032863,0.1762902,0.1874062,0.000300131
633,0.3339256,0.3024197,0.176962,0.18638,0.0003127014
634,0.3347392,0.301522,0.1777473,0.185665,0.0003265067
635,0.335176,0.3006307,0.1786022,0.1852501,0.0003409828
636,0.3352703,0.2997706,0.1794867,0.1851169,0.0003555815
637,0.3386528,0.3013344,0.18025,0.1793962,0.0003666416
638,0.3350352,0.3022465,0.1852127,0.1771187,0.0003867834
639,0.3325166,0.3046942,0.18784,0.1745521,0.0003970982
640,0.3306621,0.3067822,0.1892708,0.1728849,0.0003998649
641,0.3291956,0.3084833,0.1898797,0.1720451,0.0003962528
642,0.3280267,0.3099102,0.1899136,0.1717618,0.0003876509
643,0.3271485,0.311164,0.1895563,0.1717556,0.0003755422
644,0.3266161,0.3121584,0.1890118,0.1718524,0.0003613494
645,0.3264264,0.3131594,0.1882752,0.171793,0.0003460823
646,0.3266264,0.3141035,0.1874415,0.1714977,0.0003308279
647,0.3272325,0.3149452,0.1865765,0.1709294,0.0003164131
648,0.328234,0.3156323,0.1857359,0.1700944,0.0003034511
649,0.3229546,0.3132142,0.1852794,0.1782563,0.000295517
650,0.3275066,0.311352,0.179875,0.1809842,0.0002822495
651,0.3313662,0.3069378,0.1775703,0.1838444,0.0002812886
652,0.3343456,0.3035777,0.1767915,0.1849967,0.0002885955
653,0.3365954,0.3007518,0.1771991,0.1851513,0.0003024058
654,0.3380632,0.2983278,0.1783488,0.1849394,0.0003207416
655,0.3387511,0.2962888,0.1798738,0.1847446,0.0003417133
656,0.3387362,0.2946248,0.1815157,0.1847595,0.0003638021
657,0.3381548,0.2932277,0.183144,0.185088,0.0003856117
658,0.3371285,0.2920528,0.1846671,0.1857457,0.0004059493
659,0.3357627,0.2910592,0.1860362,0.1867181,0.0004238794
660,0.3341413,0.2902181,0.1872261,0.1879757,0.0004387028
661,0.3521325,0.28485,0.1816443,0.1809447,0.0004283222
662,0.3503071,0.2835927,0.1837994,0.1818637,0.000436983
663,0.3485714,0.2841046,0.1845605,0.1823257,0.0004378305
664,0.3469478,0.2843259,0.1849608,0.1833317,0.0004339012
665,0.3453132,0.2844097,0.1850737,0.1847777,0.0004257432
666,0.3436845,0.2845257,0.1849161,0.1864598,0.0004138248
667,0.3421251,0.2847693,0.1845107,0.1881961,0.0003987484
668,0.3407023,0.2852006,0.1838814,0.1898343,0.0003813644
669,0.3394709,0.2858971,0.1830377,0.1912321,0.0003623405
670,0.338492,0.2868708,0.1820056,0.1922892,0.000342415
671,0.3378213,0.2880945,0.1808226,0.1929393,0.0003223353
672,0.3375028,0.2895082,0.179537,0.1931491,0.0003028151
673,0.3232989,0.2921293,0.1829376,0.2013341,0.0003000135
674,0.3257624,0.2936166,0.1791411,0.201196,0.0002839495
675,0.3268957,0.2936991,0.1773676,0.2017629,0.0002746066
676,0.3281227,0.2942602,0.1760798,0.2012685,0.0002688223
677,0.3296108,0.2946237,0.1753253,0.2001736,0.0002665385
678,0.3312625,0.2946336,0.1750236,0.1988129,0.000267402
679,0.3329341,0.2943448,0.1750633,0.1973868,0.0002709455
680,0.3344742,0.2939975,0.1752897,0.1959619,0.0002766256
681,0.3358444,0.2934401,0.1757193,0.1947121,0.000284155
682,0.3369821,0.2927907,0.1762751,0.1936592,0.0002930595
683,0.3378638,0.2921015,0.1769099,0.1928218,0.0003029032
684,0.3384908,0.2914063,0.1775853,0.1922044,0.0003132658
685,0.3329003,0.2938314,0.1805969,0.1923436,0.0003278381
686,0.3317264,0.2940289,0.1825553,0.1913498,0.000339639
687,0.3309689,0.2942321,0.1837983,0.1906525,0.0003483554
688,0.3303957,0.2944225,0.1845054,0.1903224,0.0003541287
689,0.3299307,0.2945877,0.1848485,0.1902757,0.0003574011
690,0.3295557,0.2947297,0.1849575,0.1903985,0.0003586865
691,0.3292713,0.2948534,0.1849226,0.1905942,0.0003584872
692,0.3291053,0.2948678,0.1848433,0.1908261,0.0003575065
