EwEVersion,"6.5.13829.0 (compiled 2016-05-17)"
Date,"2016-09-06 16:04:16"
ModelName,Baltic_Proper-SEALS
EcosimScenario,Proper1_SealVuln100_19742100_seal0_cofF03
TimeSeries,new_data_weights_19742100_BAU_WAR1_codF03_seal0
StartYear,1974

Data,"Prey of Pseudocalanus sp."

TimeStep,"Cyanobacteria","Phytoplankton","microzooplankton","Detritus-water column",
1,0.04366294,0.4557547,0.2818175,0.2187648
2,0.04009329,0.4747883,0.2833427,0.2017757
3,0.03816162,0.4799528,0.2887887,0.1930968
4,0.03708253,0.4799942,0.2942973,0.1886259
5,0.03647449,0.4783787,0.2987402,0.1864066
6,0.03613125,0.4764783,0.3019903,0.1854002
7,0.03593611,0.4747769,0.3042554,0.1850316
8,0.03582186,0.4733877,0.3058117,0.1849787
9,0.03574984,0.4722825,0.3069051,0.1850626
10,0.03569806,0.4713918,0.3077239,0.1851862
11,0.0356543,0.4706463,0.3084007,0.1852987
12,0.03561193,0.4699903,0.3090229,0.185375
13,0.03617777,0.4636159,0.3116299,0.1885765
14,0.03655842,0.4606593,0.3120425,0.1907397
15,0.03677773,0.4593259,0.311914,0.1919824
16,0.03688683,0.4587188,0.311784,0.1926104
17,0.03692296,0.4583818,0.3118586,0.1928367
18,0.0369129,0.4581037,0.3121724,0.1928111
19,0.03687529,0.4578027,0.3126848,0.1926372
20,0.03682293,0.4574618,0.313329,0.1923863
21,0.03676483,0.4570924,0.3140332,0.1921095
22,0.03670745,0.4567172,0.3147301,0.1918453
23,0.03665565,0.4563605,0.3153605,0.1916234
24,0.03661297,0.4560439,0.3158765,0.1914666
25,0.0331501,0.4876059,0.3057854,0.1734587
26,0.0311473,0.4966093,0.3089246,0.1633187
27,0.0300859,0.4979154,0.3136111,0.1583877
28,0.02950414,0.4967392,0.3177379,0.1560188
29,0.02919316,0.4950518,0.3206866,0.1550684
30,0.02903376,0.493532,0.322546,0.1548883
31,0.02895669,0.4923404,0.3235983,0.1551045
32,0.02892209,0.4914492,0.3241238,0.155505
33,0.02890749,0.4907782,0.3243417,0.1559726
34,0.02890019,0.4902472,0.3244103,0.1564424
35,0.02889356,0.4897931,0.3244314,0.1568819
36,0.02888434,0.4893726,0.3244662,0.1572768
37,0.02955887,0.4812846,0.3278544,0.1613022
38,0.03001414,0.4778103,0.3281161,0.1640595
39,0.03029162,0.4764452,0.3274859,0.1657773
40,0.03044759,0.4759791,0.3267741,0.1667992
41,0.03052419,0.4758197,0.3262832,0.1673729
42,0.03055126,0.4757066,0.3260723,0.1676698
43,0.03054884,0.4755455,0.326102,0.1678037
44,0.03052985,0.475318,0.3263055,0.1678467
45,0.03050243,0.4750356,0.326618,0.167844
46,0.03047219,0.4747208,0.326979,0.167828
47,0.0304427,0.4743961,0.3273412,0.16782
48,0.03041626,0.4740805,0.3276694,0.1678339
49,0.03112203,0.4656736,0.3313853,0.1718192
50,0.03161123,0.4620529,0.3317747,0.1745611
51,0.0319217,0.4607027,0.3311035,0.1762721
52,0.03211289,0.4603889,0.330176,0.1773222
53,0.03222897,0.4604934,0.3293034,0.1779742
54,0.03230109,0.4607324,0.3285587,0.1784078
55,0.0323495,0.4609911,0.327923,0.1787364
56,0.03238653,0.461233,0.3273543,0.1790261
57,0.03241906,0.4614533,0.3268162,0.1793116
58,0.03244996,0.4616547,0.3262921,0.1796033
59,0.03248022,0.4618403,0.3257777,0.1799018
60,0.03250976,0.4620113,0.325277,0.1802018
61,0.03279651,0.4583774,0.3270487,0.1817774
62,0.03298131,0.4566708,0.3275991,0.1827488
63,0.03311392,0.4559421,0.3274815,0.1834624
64,0.03320458,0.4556985,0.327134,0.1839629
65,0.03326678,0.4556791,0.3267309,0.1843232
66,0.0333106,0.4557526,0.3263397,0.184597
67,0.0333429,0.4558569,0.3259811,0.1848191
68,0.0333679,0.455964,0.3256585,0.1850096
69,0.03338807,0.4560619,0.3253711,0.1851789
70,0.03340508,0.4561471,0.3251136,0.1853342
71,0.03341978,0.4562194,0.3248827,0.1854781
72,0.03343256,0.4562791,0.3246769,0.1856114
73,0.03145631,0.476575,0.3172291,0.1747396
74,0.03024613,0.4832559,0.318229,0.168269
75,0.0295532,0.4847052,0.320933,0.1648086
76,0.02915549,0.4842364,0.3235898,0.1630183
77,0.02892856,0.4832236,0.3256813,0.1621666
78,0.02879884,0.4821925,0.3271807,0.1618279
79,0.02872261,0.4813037,0.3282202,0.1617535
80,0.02867417,0.4805715,0.3289544,0.1617998
81,0.02863875,0.479962,0.3295127,0.1618865
82,0.02860807,0.4794323,0.3299897,0.16197
83,0.02857767,0.4789471,0.330447,0.1620281
84,0.02854539,0.4784811,0.3309222,0.1620513
85,0.02860034,0.4783809,0.3303103,0.1627084
86,0.02864647,0.4784861,0.3295572,0.1633102
87,0.02865083,0.4785344,0.3292269,0.1635879
88,0.0286345,0.4784752,0.329192,0.1636983
89,0.028605,0.4783058,0.3293932,0.163696
90,0.02856615,0.4780417,0.3297829,0.1636092
91,0.02852024,0.4777029,0.3303211,0.1634558
92,0.0284689,0.477308,0.3309737,0.1632493
93,0.02841358,0.4768748,0.3317095,0.163002
94,0.02835585,0.4764191,0.3324978,0.1627274
95,0.0282976,0.4759564,0.3333049,0.1624411
96,0.02824106,0.4755029,0.3340946,0.1621616
97,0.02775283,0.4804462,0.3323175,0.1594833
98,0.02743677,0.4821348,0.3325769,0.1578515
99,0.02723672,0.4824592,0.3333916,0.1569125
100,0.02711729,0.4822813,0.3341454,0.1564561
101,0.02705215,0.4819892,0.3346333,0.1563255
102,0.02702351,0.4817384,0.3348223,0.1564157
103,0.02701935,0.4815748,0.3347504,0.1566554
104,0.02703137,0.4814954,0.334479,0.1569942
105,0.02705368,0.4814784,0.3340726,0.1573953
106,0.02708176,0.4814977,0.3335923,0.1578284
107,0.02711206,0.4815294,0.3330894,0.1582691
108,0.0271419,0.4815552,0.3326046,0.1586984
109,0.02802959,0.4717747,0.3360826,0.1641131
110,0.02866479,0.4678608,0.3355022,0.1679723
111,0.02907423,0.4666476,0.3338795,0.1703987
112,0.02932973,0.4665943,0.3321984,0.1718776
113,0.02948329,0.4669358,0.3308393,0.1727416
114,0.02957215,0.4673304,0.3298746,0.1732228
115,0.02962137,0.4676506,0.3292538,0.1734743
116,0.02964705,0.4678677,0.3288927,0.1735924
117,0.02965911,0.4679938,0.3287113,0.1736357
118,0.0296634,0.4680509,0.3286479,0.1736378
119,0.02966344,0.4680609,0.3286573,0.1736185
120,0.02966128,0.4680413,0.3287082,0.1735892
121,0.02934244,0.4711924,0.3277817,0.1716834
122,0.02912392,0.4722255,0.3282636,0.170387
123,0.02899351,0.4723898,0.3289608,0.1696558
124,0.02891519,0.4722258,0.3296125,0.1692466
125,0.02886892,0.4719749,0.330125,0.1690312
126,0.02884188,0.4717343,0.3304939,0.1689299
127,0.02882604,0.4715347,0.330746,0.1688932
128,0.02881651,0.4713781,0.3309138,0.1688915
129,0.02881043,0.4712569,0.3310248,0.1689079
130,0.02880617,0.4711621,0.3310989,0.1689329
131,0.02880281,0.4710857,0.3311502,0.1689613
132,0.02879984,0.4710222,0.3311877,0.1689904
133,0.03107048,0.4410916,0.3461326,0.1817054
134,0.03271073,0.4257894,0.3511922,0.1903076
135,0.03385416,0.4186106,0.3516169,0.1959184
136,0.03458286,0.4156741,0.35064,0.199103
137,0.03501634,0.4147824,0.3495574,0.2006439
138,0.03526049,0.4147786,0.3487591,0.2012018
139,0.0353962,0.4151172,0.3482248,0.2012618
140,0.03547912,0.4155788,0.3477961,0.201146
141,0.03554447,0.4160982,0.3473088,0.2010486
142,0.03561351,0.416672,0.3466335,0.201081
143,0.03569745,0.4173139,0.3456933,0.2012953
144,0.03580118,0.4180361,0.3444553,0.2017074
145,0.03271698,0.4543293,0.3283747,0.1845791
146,0.03100077,0.467705,0.3257764,0.1755178
147,0.03009409,0.4724934,0.3262419,0.1711706
148,0.02961607,0.4739084,0.3272547,0.1692209
149,0.02936777,0.4740688,0.3280831,0.1684803
150,0.02924176,0.4738351,0.3285974,0.1683259
151,0.02917946,0.4735296,0.3288573,0.1684336
152,0.02914914,0.473252,0.3289593,0.1686395
153,0.02913379,0.4730157,0.3289869,0.1688636
154,0.0291243,0.4728071,0.3290001,0.1690685
155,0.0291159,0.472608,0.3290382,0.1692379
156,0.02910605,0.4724034,0.3291252,0.1693654
157,0.03451302,0.4078953,0.3573082,0.2002835
158,0.03940519,0.3681998,0.3649669,0.2274281
159,0.04341533,0.3445506,0.3634385,0.2485955
160,0.04645224,0.331389,0.3585302,0.2636285
161,0.04857721,0.3247693,0.3534334,0.2732201
162,0.0499473,0.3219716,0.3495553,0.2785259
163,0.050755,0.3212138,0.3472255,0.2808057
164,0.05118358,0.3214235,0.346209,0.281184
165,0.05138333,0.3220295,0.3460464,0.2805408
166,0.05146574,0.3227776,0.3462543,0.2795024
167,0.05150741,0.3235856,0.3464257,0.2784813
168,0.05155673,0.3244479,0.346272,0.2777234
169,0.04741256,0.3671897,0.3303617,0.255036
170,0.0448836,0.387352,0.3259172,0.2418472
171,0.04380365,0.397351,0.3216012,0.237244
172,0.043328,0.4030481,0.3177063,0.2359176
173,0.0431107,0.4064235,0.3147432,0.2357226
174,0.04302894,0.4085378,0.312447,0.2359862
175,0.04301205,0.4099293,0.3107076,0.236351
176,0.04302216,0.4108849,0.3094378,0.2366552
177,0.0430408,0.4115645,0.3085484,0.2368463
178,0.04306005,0.4120606,0.3079549,0.2369245
179,0.04307682,0.4124299,0.3075854,0.2369078
180,0.04309006,0.4127096,0.3073845,0.2368159
181,0.04183706,0.4259411,0.3022794,0.2299425
182,0.04099063,0.4319858,0.3016572,0.2253664
183,0.04045369,0.4344973,0.302544,0.2225051
184,0.04011884,0.4353145,0.3038374,0.2207292
185,0.0399114,0.4353798,0.3050963,0.2196124
186,0.03978157,0.435155,0.3061861,0.2188773
187,0.03969697,0.4348505,0.3071045,0.218348
188,0.03963698,0.4345508,0.3078965,0.2179157
189,0.03958869,0.4342804,0.3086169,0.2175139
190,0.03954432,0.434038,0.3093135,0.2171041
191,0.03949916,0.4338132,0.3100235,0.2166641
192,0.03945049,0.4335945,0.3107736,0.2161814
193,0.03867259,0.4411125,0.3083947,0.2118202
194,0.03813435,0.4442956,0.3087534,0.2088166
195,0.03777186,0.4453981,0.3100501,0.2067799
196,0.03752746,0.4455318,0.3115637,0.205377
197,0.03735952,0.4452653,0.3130017,0.2043734
198,0.03724027,0.4448748,0.3142667,0.2036182
199,0.03715211,0.4444853,0.3153432,0.2030194
200,0.0370844,0.4441468,0.3162438,0.202525
201,0.03703117,0.4438751,0.3169856,0.2021081
202,0.03698945,0.4436715,0.3175805,0.2017585
203,0.03695796,0.4435329,0.3180351,0.2014741
204,0.03693619,0.4434542,0.3183537,0.2012559
205,0.04006742,0.4107693,0.3312741,0.2178892
206,0.04255964,0.393156,0.3335781,0.2307062
207,0.04437167,0.3842962,0.3317804,0.2395517
208,0.04561312,0.3804749,0.3286995,0.2452125
209,0.04642287,0.379357,0.3256495,0.2485707
210,0.04693521,0.3795548,0.3230833,0.2504267
211,0.04726019,0.3803058,0.3210269,0.2514071
212,0.04747829,0.3812321,0.3193382,0.2519515
213,0.04764275,0.3821719,0.3178485,0.2523368
214,0.04778305,0.3830702,0.3164469,0.2526999
215,0.04791375,0.3839152,0.3150764,0.2530946
216,0.0480399,0.3847083,0.3137277,0.2535241
217,0.04411147,0.4237679,0.2991666,0.232954
218,0.0416986,0.4400159,0.2975595,0.2207259
219,0.04031653,0.4461746,0.2994606,0.2140482
220,0.03952727,0.4479823,0.3020268,0.2104637
221,0.0390826,0.4480375,0.3042704,0.2086094
222,0.03883742,0.4475022,0.3059518,0.2077085
223,0.03870597,0.4468656,0.3071125,0.207316
224,0.03863757,0.4463053,0.3078785,0.2071785
225,0.03860256,0.4458628,0.3083797,0.2071549
226,0.0385838,0.4455252,0.3087228,0.2071682
227,0.03857166,0.4452643,0.308986,0.2071781
228,0.03856084,0.4450514,0.309223,0.2071648
229,0.03914348,0.4379893,0.3127536,0.2101137
230,0.03953565,0.4344403,0.3140613,0.2119628
231,0.03978937,0.4327106,0.3144365,0.2130634
232,0.03993937,0.4319071,0.3145404,0.2136131
233,0.04001762,0.4315354,0.3146558,0.2137913
234,0.04004898,0.4313389,0.3148776,0.2137345
235,0.04005135,0.4311963,0.3152131,0.2135392
236,0.04003706,0.4310592,0.3156326,0.2132712
237,0.04001449,0.4309154,0.3160953,0.2129747
238,0.03998928,0.4307703,0.3165602,0.2126803
239,0.03996528,0.430635,0.3169911,0.2124087
240,0.039945,0.4305219,0.3173586,0.2121744
241,0.03850862,0.4429264,0.3142269,0.2043381
242,0.03754119,0.4475258,0.315819,0.199114
243,0.03697465,0.4487921,0.3180361,0.1961971
244,0.03664685,0.4487491,0.3199922,0.1946119
245,0.0364649,0.4483048,0.3214069,0.1938235
246,0.03637029,0.4478371,0.3222913,0.1935014
247,0.0363262,0.4474752,0.322758,0.1934405
248,0.03630983,0.4472384,0.3229361,0.1935156
249,0.03630744,0.4471045,0.3229364,0.1936518
250,0.03631141,0.4470422,0.3228375,0.193809
251,0.03631749,0.4470234,0.3226933,0.1939659
252,0.03632355,0.4470268,0.3225375,0.1941122
253,0.0359414,0.4534702,0.3180392,0.1925491
254,0.03571264,0.4567751,0.3156881,0.1918242
255,0.03554628,0.4584182,0.3147161,0.1913194
256,0.03543652,0.4591694,0.3143443,0.1910498
257,0.03536581,0.45946,0.3142384,0.1909358
258,0.03531984,0.4595198,0.3142499,0.1909106
259,0.03528865,0.4594663,0.3143166,0.1909284
260,0.03526567,0.4593575,0.3144159,0.190961
261,0.03524686,0.45922,0.3145411,0.190992
262,0.03522978,0.4590663,0.3146911,0.1910128
263,0.03521309,0.4589016,0.3148655,0.1910198
264,0.03519611,0.4587286,0.3150631,0.1910122
265,0.03802617,0.4263578,0.3298459,0.2057701
266,0.04015591,0.4089649,0.3345667,0.2163125
267,0.04166771,0.4001484,0.3348154,0.2233685
268,0.04265537,0.3961096,0.3336692,0.2275659
269,0.04325286,0.3945394,0.3324803,0.2297274
270,0.04358786,0.3941244,0.3316911,0.2305967
271,0.0437642,0.3941875,0.331292,0.2307563
272,0.04385845,0.3944283,0.33109,0.2306231
273,0.04392269,0.394747,0.330858,0.2304723
274,0.04398837,0.3951325,0.3304178,0.2304614
275,0.04407195,0.3956012,0.3296632,0.2306636
276,0.04417856,0.3961665,0.3285669,0.231088
277,0.04526385,0.3887025,0.3292115,0.2368221
278,0.04615586,0.385497,0.326801,0.241546
279,0.0468082,0.3845592,0.3237089,0.2449238
280,0.04727481,0.3847891,0.320657,0.2472791
281,0.04760431,0.385543,0.3179626,0.2488901
282,0.04783652,0.3864659,0.3157191,0.2499783
283,0.04800155,0.3873781,0.313912,0.2507082
284,0.04812082,0.3882003,0.3124844,0.2511945
285,0.04820889,0.3889071,0.3113699,0.251514
286,0.04827553,0.3894999,0.3105066,0.2517179
287,0.04832716,0.3899916,0.3098418,0.2518395
288,0.0483679,0.390398,0.3093338,0.2519003
289,0.04459705,0.4266526,0.2962407,0.2325097
290,0.04225155,0.4417097,0.2951977,0.220841
291,0.04087997,0.4473002,0.2974918,0.2143281
292,0.04007688,0.4487852,0.3004036,0.2107344
293,0.03960877,0.4486201,0.3029713,0.2087999
294,0.03933763,0.447908,0.3049562,0.2077982
295,0.03918079,0.4471134,0.3063997,0.207306
296,0.03908853,0.4464041,0.3074302,0.2070772
297,0.03903126,0.4458164,0.3081815,0.2069708
298,0.03899179,0.4453361,0.3087633,0.2069089
299,0.03896025,0.4449336,0.3092562,0.2068499
300,0.0389312,0.4445806,0.3097153,0.2067729
301,0.03574353,0.4755996,0.2984748,0.1901821
302,0.03385547,0.4861015,0.2993512,0.1806918
303,0.03276691,0.4886355,0.3030695,0.1755281
304,0.03212961,0.4881412,0.306988,0.1727412
305,0.03175275,0.4866952,0.3102668,0.1712852
306,0.03152632,0.4851279,0.3127777,0.1705681
307,0.03138567,0.4837233,0.3146418,0.1702491
308,0.0312929,0.4825386,0.3160352,0.1701333
309,0.03122607,0.4815464,0.3171161,0.1701115
310,0.03117247,0.4806975,0.3180073,0.1701227
311,0.03112524,0.4799465,0.3187918,0.1701364
312,0.03108088,0.479259,0.3195207,0.1701394
313,0.03517626,0.4330579,0.3394478,0.192318
314,0.03858582,0.4074194,0.3437215,0.2102733
315,0.04113782,0.3940955,0.3417163,0.2230503
316,0.042898,0.388014,0.3378111,0.2312769
317,0.04401465,0.3858339,0.3341893,0.2359621
318,0.04466307,0.3855055,0.3316437,0.2381877
319,0.04500403,0.3858958,0.3302059,0.2388943
320,0.04516532,0.3864704,0.3295608,0.2388034
321,0.04523971,0.3870453,0.3292903,0.2384246
322,0.04528743,0.3876072,0.3290291,0.2380764
323,0.04534405,0.3882025,0.3285165,0.2379369
324,0.04542674,0.3888798,0.3276141,0.2380794
325,0.04516664,0.3937317,0.3244513,0.2366503
326,0.04505469,0.3967524,0.3220412,0.2361517
327,0.04503655,0.3988081,0.3199577,0.2361978
328,0.04508004,0.4003365,0.3179978,0.2365856
329,0.04515633,0.4015617,0.316147,0.2371349
330,0.04524498,0.4025898,0.314445,0.2377202
331,0.04533327,0.4034683,0.312933,0.2382655
332,0.04541407,0.4042186,0.3116361,0.2387311
333,0.04548412,0.4048532,0.3105613,0.2391014
334,0.04554318,0.4053828,0.3096937,0.2393804
335,0.04559207,0.405819,0.3090107,0.2395782
336,0.04563198,0.4061745,0.3084871,0.2397064
337,0.0459609,0.4035165,0.309237,0.2412857
338,0.04619678,0.4022458,0.3092294,0.2423281
339,0.04635708,0.4017085,0.3089809,0.2429535
340,0.0464615,0.4015469,0.3087127,0.2432789
341,0.04652621,0.4015585,0.3085193,0.2433961
342,0.04656328,0.4016334,0.3084325,0.2433707
343,0.04658116,0.4017162,0.3084555,0.2432472
344,0.04658562,0.4017812,0.3085783,0.2430549
345,0.04658061,0.4018187,0.3087873,0.2428134
346,0.04656848,0.4018269,0.3090706,0.242534
347,0.04655104,0.4018074,0.3094165,0.2422251
348,0.04652962,0.4017635,0.309813,0.2418939
349,0.03966767,0.4620009,0.2922543,0.2060771
350,0.03593946,0.4795533,0.2974092,0.187098
351,0.03400084,0.4829307,0.3053493,0.1777192
352,0.03294146,0.4817232,0.3123964,0.172939
353,0.03235463,0.4793716,0.3177047,0.170569
354,0.03202825,0.4770916,0.3213969,0.1694833
355,0.03184454,0.4752239,0.3238654,0.1690661
356,0.0317369,0.4737796,0.325508,0.1689756
357,0.03166782,0.4726656,0.326642,0.1690245
358,0.03161652,0.4717761,0.3274941,0.1691133
359,0.03157191,0.4710233,0.3282129,0.1691919
360,0.03152838,0.4703445,0.328889,0.1692382
361,0.03506243,0.4325477,0.3440292,0.1883607
362,0.03797052,0.4127112,0.3454966,0.2038217
363,0.04006937,0.4031067,0.3423738,0.2144501
364,0.041469,0.399244,0.3381981,0.2210889
365,0.04232651,0.3982599,0.3346618,0.2247518
366,0.04280269,0.3984852,0.3323075,0.2264046
367,0.04303426,0.3990566,0.3310747,0.2268344
368,0.04312424,0.3996066,0.3306529,0.2266163
369,0.04314443,0.4000388,0.330675,0.2261417
370,0.04314298,0.4003851,0.3308029,0.2256689
371,0.04314984,0.40072,0.3307752,0.225355
372,0.04318153,0.4011144,0.330422,0.2252821
373,0.04371608,0.3967671,0.3316599,0.2278569
374,0.04414272,0.3949625,0.3309908,0.229904
375,0.04448206,0.3945499,0.329419,0.231549
376,0.044758,0.3949002,0.327423,0.2329188
377,0.04498822,0.3956424,0.3252725,0.2340969
378,0.04518376,0.3965582,0.3231314,0.2351266
379,0.04535101,0.3975193,0.3211046,0.2360252
380,0.04549384,0.3984508,0.3192564,0.2367991
381,0.04561495,0.3993108,0.3176222,0.237452
382,0.0457164,0.4000784,0.3162174,0.2379877
383,0.04580044,0.4007459,0.3150394,0.2384143
384,0.0458694,0.4013147,0.3140728,0.2387432
385,0.04603091,0.4010529,0.3133454,0.2395709
386,0.04615593,0.4011283,0.3125355,0.2401803
387,0.0462436,0.4013456,0.3118483,0.2405626
388,0.04630389,0.4016003,0.3113155,0.2407803
389,0.0463442,0.4018411,0.3109365,0.2408782
390,0.04636962,0.4020457,0.3106981,0.2408865
391,0.04638351,0.4022069,0.3105851,0.2408245
392,0.04638791,0.4023242,0.3105849,0.2407031
393,0.046384,0.4023992,0.3106885,0.2405283
394,0.04637283,0.4024352,0.3108859,0.240306
395,0.04635518,0.4024356,0.3111687,0.2400405
396,0.04633162,0.4024037,0.3115295,0.2397353
397,0.04746506,0.393833,0.3129885,0.2457135
398,0.04834076,0.3897845,0.3116193,0.2502555
399,0.04890494,0.3881696,0.3099502,0.2529753
400,0.04925,0.3877815,0.3085032,0.2544653
401,0.0494459,0.3879367,0.3074712,0.2551463
402,0.04954509,0.3882739,0.30686,0.255321
403,0.04958507,0.3886219,0.3065931,0.2551999
404,0.0495916,0.3889156,0.3065689,0.2549239
405,0.04958175,0.389144,0.3066889,0.2545853
406,0.04956628,0.3893199,0.306873,0.2542409
407,0.04955179,0.3894638,0.3070593,0.2539253
408,0.04954213,0.3895956,0.3072042,0.2536581
409,0.04449135,0.4349923,0.2926165,0.2278999
410,0.04149069,0.452163,0.2932648,0.2130815
411,0.03982203,0.4577651,0.2971499,0.205263
412,0.03888109,0.4587837,0.3011773,0.2011579
413,0.03835315,0.4581553,0.3044005,0.199091
414,0.03806038,0.4571032,0.3067033,0.1981332
415,0.03789938,0.4560923,0.3082517,0.1977565
416,0.03780973,0.4552586,0.3092705,0.1976612
417,0.03775636,0.4546048,0.3099586,0.1976802
418,0.03771939,0.4540902,0.3104665,0.1977239
419,0.03768785,0.453668,0.3108975,0.1977467
420,0.03765596,0.4532994,0.311317,0.1977276
421,0.03785306,0.4502825,0.3130586,0.1988059
422,0.03796555,0.4486755,0.3139741,0.1993849
423,0.03802139,0.4477741,0.3145533,0.1996512
424,0.03803432,0.4472177,0.3150674,0.1996806
425,0.03801835,0.4468158,0.3156124,0.1995533
426,0.03798461,0.4464773,0.3162055,0.1993325
427,0.03794141,0.4461651,0.3168277,0.1990658
428,0.03789493,0.4458701,0.3174461,0.198789
429,0.03784996,0.4455965,0.318023,0.1985306
430,0.03781022,0.4453542,0.3185218,0.1983137
431,0.03777853,0.4451541,0.3189108,0.1981565
432,0.03775686,0.4450055,0.3191661,0.1980715
433,0.04057435,0.4141165,0.3330341,0.212275
434,0.04268159,0.3973567,0.337625,0.2223367
435,0.04419466,0.3887519,0.3378523,0.2292012
436,0.04519836,0.3847578,0.3366373,0.2334066
437,0.04583206,0.3832197,0.3351654,0.2357828
438,0.04622673,0.3829071,0.3337961,0.23707
439,0.0464868,0.3831776,0.3325011,0.2378345
440,0.04668647,0.3837337,0.3311156,0.2384642
441,0.04687199,0.384457,0.3294834,0.2391876
442,0.04706435,0.3853022,0.3275451,0.2400883
443,0.04726739,0.3862414,0.3253379,0.2411532
444,0.04747428,0.3872402,0.3229761,0.2423095
445,0.04758507,0.3863579,0.323478,0.2425791
446,0.04761199,0.3857923,0.3242428,0.2423529
447,0.0476497,0.3854159,0.3246696,0.2422648
448,0.04769032,0.3851783,0.3248867,0.2422447
449,0.04773257,0.3850406,0.3249542,0.2422726
450,0.04777563,0.3849752,0.3249145,0.2423346
451,0.04781866,0.3849616,0.3248005,0.2424191
452,0.04786072,0.3849848,0.3246393,0.2425151
453,0.04790087,0.3850324,0.3244539,0.2426128
454,0.0479387,0.3850952,0.324259,0.2427071
455,0.04797392,0.3851667,0.3240655,0.2427938
456,0.04800631,0.3852419,0.3238818,0.24287
457,0.04784236,0.3917261,0.3176836,0.2427479
458,0.04792979,0.3962588,0.3116715,0.24414
459,0.04796166,0.3994085,0.3076614,0.2449685
460,0.04795935,0.4015754,0.305062,0.2454033
461,0.04793946,0.4030252,0.3034475,0.2455878
462,0.04791181,0.4039599,0.3025115,0.2456169
463,0.04788069,0.4045321,0.3020434,0.2455437
464,0.04784719,0.4048529,0.301905,0.2453949
465,0.04781073,0.405,0.3020078,0.2451814
466,0.04777024,0.4050261,0.3022963,0.2449073
467,0.04772455,0.4049656,0.3027365,0.2445733
468,0.0476721,0.4048377,0.3033151,0.244175
469,0.04228053,0.4517843,0.28934,0.2165953
470,0.0391448,0.4676697,0.2921988,0.2009867
471,0.03741448,0.4717122,0.2980982,0.1927751
472,0.03642897,0.471401,0.3037968,0.1883733
473,0.03585993,0.4697295,0.3083722,0.1860384
474,0.03552737,0.4678754,0.3117634,0.1848339
475,0.03532817,0.466243,0.3141948,0.184234
476,0.03520246,0.4649153,0.3159408,0.1839415
477,0.03511583,0.4638572,0.3172362,0.1837909
478,0.03504876,0.4630002,0.3182582,0.1836928
479,0.03499092,0.4622817,0.3191233,0.1836041
480,0.03493725,0.4616548,0.3199004,0.1835075
481,0.03854885,0.4258672,0.3329113,0.2026727
482,0.04151265,0.4068312,0.3335279,0.2181282
483,0.04364963,0.39751,0.3300892,0.2287512
484,0.04508943,0.3937419,0.3256716,0.2354971
485,0.04598873,0.3928521,0.321807,0.2393522
486,0.04650573,0.3932449,0.319005,0.2412444
487,0.04677504,0.3940599,0.3172347,0.2419304
488,0.04689907,0.3948997,0.3162337,0.2419676
489,0.04695014,0.3956298,0.3156796,0.2417405
490,0.04697504,0.3962446,0.315291,0.2414895
491,0.04700224,0.3967873,0.3148552,0.2413554
492,0.04704687,0.3973076,0.3142394,0.2414062
493,0.04404574,0.4264127,0.3033772,0.2261642
494,0.0421836,0.4388602,0.3018695,0.2170866
495,0.04111934,0.4438308,0.3028097,0.2122402
496,0.04053047,0.445513,0.3041164,0.2098402
497,0.04022102,0.4458393,0.3051197,0.2088201
498,0.04007122,0.4456781,0.3057103,0.2085403
499,0.04000862,0.4453964,0.3059701,0.2086249
500,0.03999031,0.4451294,0.3060203,0.2088599
501,0.03999172,0.4449118,0.3059665,0.20913
502,0.03999949,0.4447384,0.3058834,0.2093787
503,0.04000667,0.444593,0.3058192,0.2095811
504,0.04000996,0.4444596,0.3058016,0.2097288
505,0.04285672,0.4166138,0.3160346,0.2244949
506,0.04508075,0.4017617,0.3174489,0.2357087
507,0.04666677,0.3943697,0.3156205,0.2433432
508,0.04772711,0.391212,0.3129233,0.2481376
509,0.04839017,0.3902721,0.3104778,0.2508599
510,0.0487749,0.3903584,0.3086815,0.2521853
511,0.04897789,0.3908212,0.3075595,0.2526414
512,0.04907102,0.3913462,0.3069735,0.2526093
513,0.04910456,0.3918109,0.3067353,0.2523493
514,0.0491114,0.3921911,0.3066714,0.2520262
515,0.04911237,0.3925056,0.3066404,0.2517417
516,0.04911974,0.392786,0.3065416,0.2515527
517,0.04485581,0.4316963,0.2936251,0.2298228
518,0.04226113,0.4471213,0.2935862,0.2170313
519,0.04079671,0.452505,0.2964969,0.2102014
520,0.03997318,0.4537484,0.2996213,0.206657
521,0.0395198,0.4534348,0.3020976,0.2049477
522,0.03927848,0.4526739,0.3038066,0.2042411
523,0.03915569,0.4519044,0.3048837,0.2040562
524,0.03909638,0.4512652,0.3055194,0.204119
525,0.03906871,0.4507706,0.305883,0.2042777
526,0.03905478,0.4503911,0.3061021,0.2044521
527,0.03904491,0.4500888,0.3062634,0.2046029
528,0.03903413,0.4498312,0.3064217,0.204713
529,0.04100065,0.4300177,0.3140246,0.2149571
530,0.04247161,0.420016,0.315105,0.2224074
531,0.04347561,0.4153662,0.3138978,0.2272604
532,0.04411691,0.413568,0.312154,0.2301611
533,0.04449724,0.4131482,0.3106536,0.2317009
534,0.04470194,0.4132952,0.309646,0.2323568
535,0.04479564,0.4136024,0.309123,0.232479
536,0.04482403,0.4138944,0.3089725,0.2323091
537,0.04481791,0.4141173,0.309058,0.2320068
538,0.04479748,0.4142748,0.3092527,0.2316749
539,0.04477558,0.4143913,0.3094553,0.2313779
540,0.04475998,0.4144948,0.3095917,0.2311536
541,0.04689056,0.3951856,0.3159509,0.2419729
542,0.04855299,0.3850303,0.3162085,0.2502083
543,0.04973081,0.3801119,0.3143716,0.2557857
544,0.05053398,0.3781533,0.3119136,0.2593992
545,0.05106635,0.3777585,0.3095218,0.2616533
546,0.0514169,0.3781124,0.3074289,0.2630418
547,0.05165325,0.378769,0.3056534,0.2639244
548,0.05182198,0.3795046,0.304136,0.2645374
549,0.05195243,0.380219,0.3028083,0.2650203
550,0.05206149,0.3808746,0.301619,0.2654449
551,0.05215786,0.3814626,0.3005382,0.2658413
552,0.05224542,0.381985,0.2995532,0.2662163
553,0.05185837,0.3861731,0.2978266,0.2641419
554,0.0515849,0.3883762,0.2973493,0.2626896
555,0.05142406,0.3894905,0.2972277,0.2618577
556,0.05133863,0.3900327,0.2972051,0.2614236
557,0.05130103,0.3902904,0.2971787,0.26123
558,0.05129157,0.3904174,0.2971227,0.2611683
559,0.05129696,0.3904907,0.2970444,0.261168
560,0.0513087,0.3905452,0.2969607,0.2611854
561,0.05132158,0.3905943,0.2968889,0.2611952
562,0.05133266,0.3906412,0.2968422,0.2611839
563,0.05134036,0.3906852,0.2968293,0.2611452
564,0.05134401,0.3907242,0.2968549,0.2610769
565,0.04873886,0.4139673,0.2893475,0.2479463
566,0.0470016,0.4244209,0.2891448,0.2394327
567,0.04593161,0.4285903,0.2910809,0.2343972
568,0.04528259,0.4298215,0.2934033,0.2314926
569,0.04489378,0.429787,0.2954597,0.2298595
570,0.0446624,0.4292909,0.2970847,0.2289619
571,0.04452365,0.4286954,0.2983102,0.2284708
572,0.04443727,0.4281437,0.2992306,0.2281884
573,0.04437888,0.427677,0.2999445,0.2279996
574,0.0443343,0.4272924,0.3005315,0.2278417
575,0.04429552,0.4269732,0.3010492,0.227682
576,0.04425831,0.4267008,0.301535,0.2275059
577,0.04394354,0.4291899,0.3009365,0.22593
578,0.04372128,0.4303148,0.3011043,0.2248597
579,0.04356221,0.4307406,0.3015904,0.2241068
580,0.04344855,0.430818,0.3021557,0.2235778
581,0.04336547,0.4307387,0.3027014,0.2231944
582,0.04330264,0.4306016,0.3031913,0.2229045
583,0.04325343,0.430455,0.3036154,0.2226763
584,0.04321386,0.4303204,0.3039735,0.2224923
585,0.04318169,0.4302061,0.3042679,0.2223442
586,0.04315576,0.4301146,0.3045011,0.2222285
587,0.04313547,0.4300455,0.3046747,0.2221444
588,0.04312057,0.4299976,0.3047898,0.2220921
589,0.04332387,0.4282528,0.3052256,0.2231977
590,0.04347217,0.4275137,0.3050071,0.224007
591,0.04356849,0.4272757,0.3046278,0.2245281
592,0.04363178,0.4272749,0.304218,0.2248753
593,0.04367433,0.4273731,0.3038347,0.2251179
594,0.04370451,0.4275009,0.3034932,0.2253014
595,0.04372772,0.4276266,0.3031918,0.2254539
596,0.04374719,0.4277376,0.302924,0.2255912
597,0.04376464,0.4278302,0.3026842,0.225721
598,0.0437808,0.427904,0.30247,0.2258453
599,0.04379586,0.4279604,0.3022803,0.2259635
600,0.04380975,0.4280005,0.3021155,0.2260742
601,0.04228978,0.4422336,0.2971039,0.2183727
602,0.04128849,0.4481768,0.2970787,0.213456
603,0.04067611,0.4502631,0.2984529,0.2106079
604,0.04030953,0.4506156,0.3000467,0.2090282
605,0.04009483,0.4502735,0.3014258,0.2082058
606,0.03997126,0.4497196,0.3024915,0.2078177
607,0.0399003,0.449158,0.3032774,0.2076643
608,0.03985821,0.4486592,0.3038565,0.2076261
609,0.03983067,0.4482343,0.3043014,0.2076337
610,0.03980936,0.4478719,0.3046703,0.2076485
611,0.03978964,0.4475548,0.3050053,0.2076504
612,0.03976906,0.4472676,0.3053332,0.2076302
613,0.04139907,0.4306725,0.3119112,0.2160173
614,0.04259517,0.4223526,0.3130737,0.2219786
615,0.04339878,0.4184969,0.3123171,0.2257872
616,0.04390293,0.4169908,0.3111019,0.2280043
617,0.04419581,0.4166085,0.3100601,0.2291355
618,0.04434958,0.4166867,0.3093834,0.2295804
619,0.04441797,0.4168991,0.3090549,0.229628
620,0.04443842,0.4171093,0.3089772,0.2294751
621,0.04443574,0.4172777,0.3090375,0.229249
622,0.04442573,0.4174086,0.3091371,0.2290286
623,0.04441777,0.4175207,0.3092024,0.2288592
624,0.04441695,0.4176341,0.3091859,0.228763
625,0.04424752,0.4192134,0.3087285,0.2278106
626,0.04413803,0.4200008,0.3086494,0.2272118
627,0.04408494,0.4204105,0.308556,0.2269485
628,0.04406921,0.4206553,0.3083736,0.226902
629,0.04407781,0.4208382,0.3080897,0.2269942
630,0.04410106,0.4210041,0.307727,0.2271678
631,0.04413197,0.4211669,0.3073203,0.2273808
632,0.04416567,0.4213267,0.3069031,0.2276046
633,0.04419896,0.4214781,0.306503,0.2278199
634,0.04422968,0.4216152,0.3061411,0.228014
635,0.04425652,0.4217328,0.3058319,0.2281788
636,0.04427875,0.4218276,0.3055835,0.2283101
637,0.04658663,0.4008133,0.3125144,0.2400856
638,0.04837596,0.3896537,0.3130024,0.2489679
639,0.04963794,0.3841321,0.3112866,0.2549433
640,0.05047911,0.3817988,0.3090381,0.258684
641,0.05100854,0.3811375,0.3070275,0.2608266
642,0.05132234,0.381257,0.3055144,0.2619063
643,0.05149616,0.3816713,0.3045033,0.2623292
644,0.0515847,0.3821419,0.303894,0.2623794
645,0.05162517,0.3825709,0.3035601,0.2622438
646,0.05164199,0.3829332,0.3033835,0.2620414
647,0.05165022,0.3832368,0.3032706,0.2618424
648,0.05165862,0.383501,0.3031553,0.2616851
649,0.04819172,0.4140323,0.2936715,0.2441044
650,0.04595918,0.4271346,0.2937999,0.2331062
651,0.0446547,0.4321317,0.2962237,0.2269898
652,0.04390394,0.4335652,0.298831,0.2236998
653,0.04348412,0.4335546,0.3009184,0.2220428
654,0.04325885,0.4330636,0.302375,0.2213026
655,0.04314455,0.4324991,0.3033049,0.2210515
656,0.04309066,0.4320072,0.3038641,0.221038
657,0.04306715,0.4316184,0.3041952,0.2211193
658,0.0430567,0.4313185,0.3044075,0.2212173
659,0.04304972,0.4310816,0.3045761,0.2212926
660,0.04304123,0.4308826,0.3047484,0.2213277
661,0.04374577,0.4248076,0.3063635,0.2250832
662,0.04425495,0.4220096,0.3059825,0.2277529
663,0.04457442,0.4208809,0.3051979,0.2293467
664,0.04476187,0.4205593,0.3044622,0.2302167
665,0.04485985,0.4205771,0.3039551,0.2306079
666,0.04489963,0.4206978,0.3037077,0.2306949
667,0.0449032,0.4208146,0.3036846,0.2305976
668,0.0448855,0.4208901,0.3038283,0.2303961
669,0.0448565,0.4209201,0.3040799,0.2301435
670,0.04482287,0.4209149,0.3043866,0.2298756
671,0.04478914,0.4208895,0.3047044,0.229617
672,0.04475842,0.4208586,0.3049977,0.2293853
673,0.04361369,0.4306265,0.3023041,0.2234558
674,0.04283394,0.4347436,0.302922,0.2195005
675,0.04235826,0.4362042,0.3042333,0.2172042
676,0.04207671,0.4364885,0.3054993,0.2159355
677,0.04191945,0.4363235,0.3064466,0.2153105
678,0.04183972,0.4360464,0.3070365,0.2150774
679,0.04180681,0.4357957,0.3073236,0.2150739
680,0.04180109,0.4356136,0.3073876,0.2151977
681,0.0418102,0.4354998,0.3073044,0.2153857
682,0.04182631,0.4354383,0.3071376,0.2155978
683,0.04184473,0.4354102,0.3069344,0.2158106
684,0.04186274,0.4353992,0.3067274,0.2160106
685,0.04258906,0.4284661,0.3091764,0.2197685
686,0.04311091,0.4251372,0.3093485,0.2224034
687,0.04345887,0.4236834,0.3087556,0.2241021
688,0.04367991,0.4231796,0.3080048,0.2251357
689,0.04381394,0.4231113,0.3073481,0.2257266
690,0.04389133,0.4232099,0.3068599,0.2260389
691,0.04393345,0.4233471,0.3065344,0.226185
692,0.04395463,0.4234698,0.3063374,0.2262381
693,0.04396406,0.4235621,0.3062302,0.2262436
694,0.04396741,0.423625,0.306179,0.2262286
695,0.04396809,0.4236652,0.3061579,0.2262089
696,0.04396803,0.4236907,0.3061487,0.2261925
697,0.038214,0.4779347,0.2867609,0.1970904
698,0.0350852,0.4949406,0.2881345,0.1818397
699,0.03339989,0.4988596,0.2936355,0.1741049
700,0.0324631,0.4981621,0.2991996,0.1701751
701,0.03193796,0.496125,0.3036579,0.1682792
702,0.03164281,0.4939864,0.3068949,0.1674759
703,0.03147523,0.4921446,0.3091365,0.1672437
704,0.03137657,0.4906617,0.310671,0.1672906
705,0.03131325,0.4894821,0.3117499,0.1674547
706,0.0312664,0.4885228,0.3125626,0.1676483
707,0.03122556,0.4877087,0.3132402,0.1678255
708,0.03118517,0.4869827,0.3138681,0.167964
709,0.03368186,0.4590024,0.3258364,0.1814792
710,0.03557726,0.4452882,0.3276258,0.1915087
711,0.03687326,0.4392685,0.3257869,0.1980714
712,0.03768785,0.4372113,0.3231622,0.2019386
713,0.03814998,0.436935,0.321026,0.2038891
714,0.0383742,0.4372751,0.3197639,0.2045867
715,0.0384504,0.4376895,0.3193206,0.2045395
716,0.03844426,0.437984,0.3194582,0.2041135
717,0.03840217,0.4381412,0.3198906,0.2035659
718,0.03835584,0.4382199,0.3203507,0.2030735
719,0.03832583,0.4382997,0.3206235,0.202751
720,0.03832331,0.4384492,0.3205682,0.2026593
721,0.03872899,0.4346229,0.3219171,0.204731
722,0.03904595,0.4331052,0.3214774,0.2063713
723,0.03930108,0.4328033,0.3201504,0.2077452
724,0.0395092,0.433138,0.3184328,0.20892
725,0.03968399,0.433773,0.3165853,0.2099576
726,0.03983337,0.4345119,0.3147703,0.2108844
727,0.03996159,0.4352384,0.3130937,0.2117064
728,0.04007091,0.4358859,0.3116218,0.2124214
729,0.04016285,0.4364217,0.3103886,0.2130269
730,0.04023889,0.4368373,0.3093981,0.2135257
731,0.04030051,0.4371399,0.3086361,0.2139235
732,0.04034916,0.4373446,0.3080772,0.2142291
733,0.04034654,0.4381102,0.3072591,0.2142841
734,0.04034876,0.4385547,0.3067412,0.2143554
735,0.04034848,0.4387931,0.3064713,0.2143872
736,0.04034638,0.4389,0.3063646,0.214389
737,0.04034174,0.4389234,0.3063752,0.2143596
738,0.04033383,0.4388927,0.3064761,0.2142972
739,0.04032215,0.438826,0.3066508,0.214201
740,0.04030643,0.4387344,0.3068883,0.2140708
741,0.04028659,0.4386255,0.3071803,0.2139076
742,0.0402629,0.4385043,0.3075183,0.2137144
743,0.04023574,0.4383748,0.3078949,0.2134947
744,0.04020565,0.4382402,0.3083014,0.2132528
745,0.0418622,0.4212612,0.3151297,0.2217469
746,0.04308238,0.4126765,0.3164816,0.2277595
747,0.04390312,0.4086722,0.3158752,0.2315494
748,0.04441808,0.4071139,0.3147721,0.2336958
749,0.04471794,0.4067541,0.3137973,0.2347306
750,0.04487842,0.4069116,0.3131272,0.2350828
751,0.04495691,0.4072488,0.3127256,0.2350688
752,0.04499383,0.4076228,0.3124772,0.2349062
753,0.04501566,0.4079914,0.3122592,0.2347337
754,0.04503855,0.4083565,0.3119722,0.2346327
755,0.04507104,0.4087343,0.3115529,0.2346419
756,0.04511626,0.4091389,0.3109748,0.23477
757,0.04009034,0.4579936,0.2928889,0.2090271
758,0.03723808,0.4753525,0.2924521,0.1949573
759,0.0356731,0.4806213,0.2960207,0.1876848
760,0.03480338,0.4812442,0.2999623,0.1839901
761,0.03432364,0.4802618,0.3031786,0.182236
762,0.03406417,0.4789011,0.3055083,0.1815264
763,0.03392725,0.4776145,0.3071013,0.181357
764,0.03385598,0.4765286,0.308173,0.1814425
765,0.03381741,0.4756423,0.3089156,0.1816248
766,0.0337928,0.4749133,0.3094753,0.1818187
767,0.03377184,0.4742939,0.3099535,0.1819808
768,0.03374891,0.4737436,0.3104173,0.1820903
769,0.03512898,0.4581767,0.3171481,0.1895462
770,0.03610751,0.4507855,0.3184256,0.1946813
771,0.03673932,0.4475705,0.3178532,0.197837
772,0.03711105,0.4463917,0.316954,0.1995433
773,0.03730034,0.4460744,0.3163711,0.2002541
774,0.03736814,0.4460243,0.3162917,0.2003158
775,0.03735893,0.4459762,0.316689,0.1999759
776,0.03730402,0.4458389,0.3174495,0.1994075
777,0.03722562,0.4456075,0.3184326,0.1987343
778,0.0371403,0.445315,0.3194931,0.1980516
779,0.03706095,0.4450104,0.3204923,0.1974363
780,0.03699771,0.4447464,0.3213039,0.1969519
781,0.03489579,0.4662044,0.3129569,0.1859429
782,0.03362949,0.474262,0.3125085,0.1796
783,0.0329013,0.4768732,0.3140073,0.1762181
784,0.03250365,0.477357,0.3155059,0.1746334
785,0.03230208,0.4771436,0.3164648,0.1740895
786,0.03221361,0.4767953,0.3168689,0.1741222
787,0.03218773,0.4764906,0.3168704,0.1744511
788,0.03219413,0.4762546,0.3166411,0.1749102
789,0.03221484,0.4760627,0.3163196,0.1754029
790,0.03223912,0.4758848,0.316003,0.1758731
791,0.03226103,0.4756994,0.3157473,0.1762922
792,0.03227756,0.4754951,0.3155791,0.1766482
793,0.03223665,0.4759194,0.3151635,0.1766805
794,0.03220553,0.475935,0.3151203,0.1767392
795,0.03217988,0.475753,0.3152632,0.1768039
796,0.03215634,0.4754733,0.3155119,0.1768584
797,0.03213241,0.475147,0.3158295,0.176891
798,0.03210654,0.474799,0.3161999,0.1768946
799,0.03207786,0.4744409,0.3166151,0.1768661
800,0.03204604,0.4740781,0.3170708,0.176805
801,0.03201115,0.4737135,0.3175621,0.1767132
802,0.03197359,0.4733498,0.3180819,0.1765947
803,0.03193402,0.4729901,0.3186209,0.176455
804,0.03189327,0.4726384,0.3191672,0.1763011
805,0.03379577,0.4508885,0.3286684,0.1866472
806,0.03519779,0.4404958,0.330267,0.1940394
807,0.03613616,0.4360811,0.3290597,0.198723
808,0.03672101,0.4346834,0.3271822,0.2014134
809,0.03706184,0.4346424,0.3255125,0.2027832
810,0.03724985,0.4351096,0.3242674,0.2033731
811,0.03735264,0.4357067,0.3233669,0.2035738
812,0.03741588,0.4363021,0.3226396,0.2036424
813,0.0374674,0.4368765,0.3219266,0.2037296
814,0.03752213,0.4374479,0.3211202,0.2039098
815,0.03758608,0.4380361,0.3201727,0.2042051
816,0.03765961,0.438648,0.3190882,0.2046041
817,0.03757871,0.4408587,0.317358,0.2042045
818,0.0375502,0.4421883,0.3161311,0.2041303
819,0.03756063,0.4430687,0.3150808,0.2042899
820,0.03759312,0.4437027,0.3141334,0.2045709
821,0.0376361,0.444185,0.3132813,0.2048976
822,0.03768191,0.4445581,0.3125388,0.2052212
823,0.03772577,0.4448425,0.3119196,0.205512
824,0.03776492,0.4450508,0.3114298,0.2057544
825,0.03779791,0.4451933,0.3110675,0.2059413
826,0.03782395,0.4452801,0.3108258,0.2060702
827,0.03784284,0.4453204,0.3106949,0.2061419
828,0.03785463,0.4453224,0.3106643,0.2061587
829,0.03530445,0.4713729,0.3008544,0.1924683
830,0.03375469,0.4806811,0.3011717,0.1843926
831,0.0328468,0.4831982,0.3040701,0.179885
832,0.03231266,0.4830309,0.3072568,0.1773996
833,0.03199764,0.4819697,0.3099684,0.1760642
834,0.03180963,0.4807549,0.3120669,0.1753685
835,0.03169327,0.4796525,0.3136424,0.1750118
836,0.03161544,0.4787243,0.3148421,0.1748181
837,0.03155657,0.4779542,0.3158028,0.1746864
838,0.03150554,0.4773028,0.31663,0.1745616
839,0.03145623,0.4767314,0.317397,0.1744153
840,0.03140551,0.4762103,0.3181493,0.1742349
841,0.03257247,0.4620327,0.3247769,0.1806179
842,0.03337758,0.455447,0.3263249,0.1848504
843,0.03388306,0.4526654,0.3261155,0.187336
844,0.0341689,0.4516875,0.3255687,0.1885748
845,0.03430869,0.4514594,0.3252179,0.1890141
846,0.03436051,0.4514803,0.3251596,0.1889996
847,0.03436686,0.451553,0.325299,0.1887812
848,0.03435716,0.4516317,0.3254802,0.1885309
849,0.03435037,0.4517359,0.3255551,0.1883587
850,0.03435729,0.4519015,0.3254158,0.1883255
851,0.03438219,0.4521554,0.3250103,0.1884521
852,0.03442491,0.4525073,0.3243366,0.1887313
853,0.03423769,0.4556749,0.3222528,0.1878346
854,0.03414171,0.4573453,0.3210209,0.1874922
855,0.03410986,0.4583173,0.3200438,0.187529
856,0.03411888,0.4589495,0.3191333,0.1877982
857,0.03415063,0.4594015,0.3182638,0.1881842
858,0.0341927,0.4597352,0.3174642,0.188608
859,0.03423701,0.4599732,0.3167712,0.1890186
860,0.03427845,0.4601262,0.3162102,0.1893852
861,0.03431395,0.4602045,0.3157911,0.1896905
862,0.03434193,0.4602194,0.3155111,0.1899275
863,0.03436172,0.4601824,0.3153607,0.1900952
864,0.03437326,0.4601033,0.3153276,0.1901958
865,0.03442216,0.4595162,0.3155807,0.1904809
866,0.03444874,0.4591732,0.3157577,0.1906204
867,0.03445696,0.4589357,0.3159673,0.19064
868,0.034451,0.4587363,0.3162462,0.1905665
869,0.03443412,0.4585423,0.3166034,0.1904202
870,0.03440881,0.4583403,0.3170343,0.1902165
871,0.03437701,0.4581268,0.3175283,0.1899679
872,0.03434041,0.4579031,0.3180711,0.1896854
