EwEVersion,"6.5.13829.0 (compiled 2016-05-17)"
Date,"2016-09-06 16:04:16"
ModelName,Baltic_Proper-SEALS
EcosimScenario,Proper1_SealVuln100_19742100_seal0_cofF03
TimeSeries,new_data_weights_19742100_BAU_WAR1_codF03_seal0
StartYear,1974

Data,"Prey of other mesozooplankton"

TimeStep,"Cyanobacteria","Phytoplankton","microzooplankton","Detritus-water column",
1,0.04280683,0.5585232,0.1841945,0.2144754
2,0.03914407,0.5794344,0.184423,0.1969986
3,0.03727721,0.5860372,0.1880639,0.1886217
4,0.03628786,0.5871349,0.1919937,0.1845836
5,0.03575879,0.58624,0.1952522,0.1827489
6,0.03547649,0.5848045,0.1976785,0.1820404
7,0.03532583,0.5833926,0.1993923,0.1818893
8,0.03524353,0.5821813,0.200583,0.1819923
9,0.03519486,0.5811884,0.2014271,0.1821897
10,0.03516104,0.5803755,0.2020631,0.1824004
11,0.03513219,0.5796929,0.2025897,0.1825852
12,0.03510328,0.5790967,0.2030727,0.1827272
13,0.03574783,0.5726325,0.2052842,0.1863354
14,0.03615526,0.5694741,0.2057343,0.1886363
15,0.03638261,0.5679889,0.2057087,0.1899198
16,0.03649445,0.5672991,0.205645,0.1905615
17,0.03653415,0.5669435,0.2057164,0.190806
18,0.03653048,0.5666971,0.2059588,0.1908136
19,0.03650215,0.5664629,0.2063472,0.1906879
20,0.03646115,0.5662091,0.2068337,0.1904961
21,0.03641541,0.5659351,0.2073657,0.1902837
22,0.03637033,0.5656533,0.207893,0.1900833
23,0.03632978,0.5653792,0.2083713,0.1899198
24,0.03629651,0.5651276,0.2087641,0.1898117
25,0.03250096,0.597572,0.199865,0.170062
26,0.03050136,0.6078881,0.2016787,0.1599318
27,0.02949767,0.6102252,0.2049862,0.1552909
28,0.02897472,0.609782,0.2080242,0.1532192
29,0.02870892,0.6085501,0.2102448,0.1524962
30,0.02858026,0.6072788,0.2116719,0.1524689
31,0.0285226,0.6061998,0.2124982,0.1527794
32,0.02849969,0.6053397,0.2129267,0.1532339
33,0.02849206,0.6046565,0.2131204,0.1537311
34,0.02848924,0.6040949,0.2131981,0.1542178
35,0.02848608,0.6036071,0.2132374,0.1546695
36,0.02848028,0.6031583,0.2132848,0.1550767
37,0.02923621,0.5950387,0.2161837,0.1595414
38,0.0297146,0.5913022,0.216561,0.1624222
39,0.02999321,0.5896895,0.2161731,0.1641441
40,0.03014404,0.5890422,0.2156775,0.1651363
41,0.03021618,0.5887728,0.2153271,0.165684
42,0.03024171,0.5886083,0.215179,0.165971
43,0.03024082,0.5884383,0.2152093,0.1661117
44,0.03022575,0.5882294,0.2153701,0.1661748
45,0.03020383,0.5879816,0.2156138,0.1662009
46,0.03017984,0.5877076,0.2158946,0.1662178
47,0.03015666,0.5874233,0.2161769,0.1662431
48,0.03013609,0.5871419,0.216434,0.1662879
49,0.03093774,0.5786451,0.2196153,0.1708018
50,0.03145641,0.5747375,0.2200999,0.1737062
51,0.03176897,0.5731229,0.2196795,0.1754287
52,0.0319519,0.5726011,0.2190138,0.1764332
53,0.03205729,0.5725505,0.2183661,0.1770261
54,0.03211918,0.5726722,0.2178055,0.1774031
55,0.03215848,0.5728361,0.2173244,0.177681
56,0.03218728,0.5729944,0.2168936,0.1779247
57,0.03221211,0.5731344,0.2164866,0.1781669
58,0.03223561,0.5732563,0.2160911,0.1784169
59,0.03225869,0.5733628,0.2157038,0.1786747
60,0.03228131,0.5734558,0.2153274,0.1789355
61,0.03261459,0.5697934,0.216823,0.1807691
62,0.03281827,0.5680166,0.2173197,0.1818454
63,0.03295492,0.5671909,0.2172727,0.1825815
64,0.03304333,0.5668569,0.2170303,0.1830695
65,0.03310096,0.5667597,0.2167349,0.1834045
66,0.03313967,0.5667672,0.2164434,0.1836498
67,0.03316699,0.5668148,0.2161742,0.183844
68,0.03318742,0.5668722,0.2159314,0.1840089
69,0.03320351,0.5669261,0.2157151,0.1841553
70,0.03321689,0.5669717,0.2155213,0.1842901
71,0.03322836,0.5670079,0.2153479,0.1844158
72,0.03323831,0.5670351,0.2151937,0.1845329
73,0.03104035,0.5878412,0.2086895,0.1724289
74,0.02980685,0.5952966,0.2090715,0.1658251
75,0.02913947,0.5973992,0.21096,0.1625013
76,0.02877578,0.5974122,0.2129169,0.1608952
77,0.02857861,0.5967223,0.2144943,0.1602048
78,0.02847176,0.595895,0.2156432,0.15999
79,0.02841237,0.5951313,0.21645,0.1600063
80,0.02837647,0.5944776,0.217026,0.16012
81,0.02835091,0.5939225,0.2174672,0.1602595
82,0.02832871,0.5934382,0.2178448,0.1603883
83,0.02830628,0.5929984,0.2182059,0.1604894
84,0.028282,0.5925828,0.2185792,0.160556
85,0.02833143,0.5923537,0.2181364,0.1611785
86,0.02836933,0.5923212,0.2175792,0.1617302
87,0.02837021,0.5923094,0.2173348,0.1619856
88,0.02835414,0.5922378,0.2173126,0.1620955
89,0.02832799,0.5920923,0.2174689,0.1621107
90,0.02829501,0.5918803,0.2177684,0.1620562
91,0.02825693,0.5916155,0.2181809,0.1619467
92,0.0282149,0.5913118,0.2186805,0.1617928
93,0.02816995,0.5909822,0.2192435,0.1616044
94,0.02812321,0.5906379,0.2198465,0.1613923
95,0.02807615,0.5902896,0.2204644,0.1611698
96,0.02803053,0.5899476,0.2210693,0.1609527
97,0.02749604,0.5950012,0.2194952,0.1580077
98,0.02717387,0.5968937,0.2195934,0.156339
99,0.02698083,0.5974081,0.2201729,0.1554383
100,0.0268704,0.5973628,0.2207354,0.1550316
101,0.02681211,0.5971403,0.2211093,0.1549383
102,0.02678706,0.596904,0.2212617,0.1550471
103,0.02678338,0.5967114,0.2212179,0.1552873
104,0.02679342,0.5965712,0.2210231,0.1556123
105,0.02681205,0.5964726,0.2207258,0.1559895
106,0.02683549,0.5963989,0.2203725,0.1563931
107,0.02686084,0.5963345,0.220002,0.1568026
108,0.02688593,0.5962672,0.2196452,0.1572017
109,0.02786474,0.5862501,0.2227373,0.1631479
110,0.02851846,0.5818405,0.2225263,0.1671148
111,0.02891897,0.5801946,0.2213977,0.1694887
112,0.02915725,0.5798129,0.2201632,0.1708668
113,0.02929423,0.5799267,0.2191451,0.1716338
114,0.02937025,0.5801747,0.2184149,0.1720401
115,0.02941075,0.5804067,0.2179417,0.1722408
116,0.02943115,0.5805755,0.217665,0.1723282
117,0.02944043,0.580679,0.2175251,0.1723555
118,0.02944366,0.5807294,0.2174755,0.1723515
119,0.02944371,0.5807421,0.2174819,0.1723324
120,0.02944221,0.5807304,0.2175202,0.1723071
121,0.02909405,0.5840046,0.2166713,0.1702301
122,0.02887459,0.5852284,0.2169689,0.1689282
123,0.02875074,0.5855431,0.2174709,0.1682353
124,0.02868043,0.5854896,0.2179575,0.1678724
125,0.02864116,0.5853142,0.218347,0.1676977
126,0.02861954,0.5851222,0.2186307,0.1676276
127,0.02860763,0.5849522,0.2188266,0.1676135
128,0.02860087,0.5848132,0.2189583,0.1676276
129,0.02859674,0.5847019,0.2190464,0.167655
130,0.02859388,0.5846123,0.2191059,0.1676879
131,0.02859158,0.5845386,0.2191477,0.1677222
132,0.02858944,0.5844761,0.2191787,0.1677557
133,0.03122991,0.5541934,0.231939,0.1826377
134,0.03306174,0.5379481,0.2366405,0.1923497
135,0.03428454,0.5299152,0.2373912,0.198409
136,0.035037,0.5264158,0.2368297,0.2017176
137,0.0354712,0.5252131,0.2360654,0.2032503
138,0.03570895,0.5250673,0.2354631,0.2037607
139,0.03583683,0.5253561,0.2350398,0.2037673
140,0.0359114,0.5258028,0.234689,0.2035967
141,0.03596691,0.5263042,0.2342909,0.203438
142,0.03602333,0.5268336,0.2337482,0.2033949
143,0.03609094,0.5273923,0.2330026,0.2035142
144,0.03617411,0.5279884,0.232029,0.2038085
145,0.03258261,0.5655791,0.2180173,0.183821
146,0.03074454,0.5797992,0.2153892,0.1740672
147,0.02981455,0.5851305,0.2154743,0.1695806
148,0.02934049,0.5868734,0.2161397,0.1676463
149,0.02910132,0.5872095,0.2167376,0.1669517
150,0.02898305,0.5870535,0.2171268,0.1668366
151,0.02892597,0.5867699,0.2173336,0.1669704
152,0.02889888,0.5864862,0.2174233,0.1671916
153,0.02888562,0.586233,0.2174563,0.1674252
154,0.02887783,0.5860073,0.2174772,0.1676377
155,0.02887128,0.5857968,0.2175158,0.167816
156,0.02886381,0.5855896,0.2175906,0.1679559
157,0.03511449,0.5187548,0.2423567,0.2037739
158,0.0406074,0.4742915,0.2507344,0.2343667
159,0.04499039,0.446313,0.2510824,0.2576142
160,0.04822013,0.4300014,0.2481168,0.2736617
161,0.05042367,0.4213925,0.2445784,0.2836054
162,0.05181393,0.4175053,0.2417458,0.2889349
163,0.05261977,0.4162692,0.2399884,0.2911226
164,0.05304258,0.416372,0.2391889,0.2913966
165,0.05323823,0.4170681,0.2390256,0.2906681
166,0.05331711,0.4179859,0.23914,0.2895569
167,0.05335228,0.4189695,0.2392225,0.2884558
168,0.05338861,0.4199699,0.2390503,0.2875912
169,0.04829752,0.4675542,0.2243519,0.2597963
170,0.04541961,0.4899722,0.2198729,0.2447353
171,0.04415079,0.500625,0.2160999,0.2391241
172,0.04355187,0.5064132,0.2128985,0.2371365
173,0.04325381,0.5097159,0.2105253,0.2365051
174,0.0431158,0.5117031,0.2087185,0.2364626
175,0.04305885,0.5129691,0.2073638,0.2366082
176,0.04304044,0.5138243,0.2063794,0.2367557
177,0.04303901,0.5144342,0.2056904,0.2368364
178,0.04304441,0.5148885,0.2052287,0.2368384
179,0.0430519,0.5152391,0.2049383,0.2367707
180,0.04305924,0.515518,0.2047764,0.2366465
181,0.04159889,0.5293954,0.2003724,0.2286334
182,0.04068775,0.5359923,0.1996188,0.2237012
183,0.04014154,0.5389307,0.2001396,0.2207881
184,0.03981824,0.5400659,0.2010406,0.2190753
185,0.03962822,0.5403633,0.2019543,0.2180542
186,0.03951577,0.5403093,0.2027602,0.2174148
187,0.03944671,0.5401363,0.2034456,0.2169714
188,0.03940037,0.5399458,0.204039,0.2166148
189,0.03936441,0.539775,0.204579,0.2162816
190,0.03933174,0.5396308,0.2051004,0.215937
191,0.03929827,0.5395085,0.2056311,0.2155621
192,0.03926174,0.5394,0.2061911,0.2151471
193,0.03838548,0.5472969,0.2040701,0.2102476
194,0.03782584,0.5508765,0.2041703,0.2071273
195,0.0374721,0.5523293,0.2050597,0.2051389
196,0.03724705,0.5527534,0.2061571,0.2038424
197,0.03710047,0.5527223,0.2072209,0.2029563
198,0.03700113,0.5525225,0.2081657,0.2023106
199,0.03693028,0.5522891,0.2089735,0.2018072
200,0.03687708,0.5520797,0.2096505,0.2013927
201,0.03683569,0.5519149,0.2102082,0.2010412
202,0.03680332,0.5517986,0.2106549,0.2007432
203,0.03677879,0.5517283,0.2109955,0.2004974
204,0.03676173,0.5516996,0.2112334,0.2003053
205,0.04037965,0.5174628,0.2225704,0.2195871
206,0.043116,0.4978694,0.2252925,0.2337221
207,0.04502542,0.4874477,0.2244457,0.2430811
208,0.0462818,0.4825656,0.2223454,0.2488072
209,0.0470682,0.4807881,0.2201176,0.2520261
210,0.04754405,0.4805979,0.2181828,0.2536753
211,0.04783094,0.4811233,0.2166026,0.2544433
212,0.04801307,0.4819076,0.21529,0.2547894
213,0.04814377,0.4827385,0.2141273,0.2549903
214,0.04825182,0.4835352,0.2130341,0.2551789
215,0.04835117,0.4842751,0.2119686,0.2554052
216,0.0484468,0.4849585,0.2109233,0.2556714
217,0.04383881,0.5264355,0.1982116,0.231514
218,0.04125236,0.5441338,0.1962501,0.2183638
219,0.03984936,0.5512557,0.197327,0.2115679
220,0.03908483,0.5537099,0.1990974,0.2081079
221,0.03867321,0.5541805,0.2007221,0.2064242
222,0.03845702,0.5538989,0.20197,0.2056741
223,0.0383476,0.55341,0.202846,0.2053964
224,0.03829483,0.5529328,0.2034316,0.2053407
225,0.03827067,0.5525365,0.2038188,0.2053738
226,0.03825961,0.5522271,0.2040858,0.2054275
227,0.03825336,0.5519874,0.2042908,0.2054684
228,0.03824765,0.5517958,0.2044743,0.2054822
229,0.03893921,0.5446295,0.2074142,0.2090171
230,0.03938116,0.5409284,0.208556,0.2111344
231,0.03965592,0.5390741,0.2089212,0.2123488
232,0.03981475,0.5381994,0.2090393,0.2129466
233,0.03989799,0.5378066,0.2091434,0.2131521
234,0.03993415,0.5376276,0.2093165,0.2131217
235,0.03994239,0.537529,0.2095703,0.2129583
236,0.03993507,0.5374513,0.2098857,0.2127279
237,0.03992013,0.5373741,0.2102333,0.2124725
238,0.0399026,0.5372956,0.2105826,0.2122192
239,0.0398857,0.5372219,0.2109066,0.2119858
240,0.03987148,0.5371617,0.2111829,0.2117838
241,0.03827935,0.5503618,0.2082374,0.2031215
242,0.03729473,0.5557348,0.2091637,0.1978068
243,0.03674734,0.5575412,0.2107206,0.1949909
244,0.03644555,0.5578552,0.2121563,0.1935429
245,0.03628563,0.5576259,0.2132178,0.1928706
246,0.03620631,0.5572725,0.2138921,0.1926289
247,0.03617128,0.5569586,0.2142544,0.1926156
248,0.03615926,0.5567297,0.2143979,0.1927131
249,0.03615809,0.5565816,0.2144053,0.1928552
250,0.0361614,0.5564944,0.2143359,0.1930084
251,0.0361659,0.556447,0.2142309,0.1931563
252,0.03617003,0.5564219,0.2141162,0.1932918
253,0.035679,0.5626995,0.2104782,0.1911434
254,0.03539535,0.565896,0.2085888,0.1901199
255,0.03520482,0.5675183,0.2077953,0.1894816
256,0.03508529,0.5682728,0.2074857,0.1891562
257,0.03501153,0.5685716,0.2073937,0.1890232
258,0.03496564,0.5686395,0.207399,0.188996
259,0.034936,0.5685934,0.2074503,0.1890204
260,0.03491534,0.5684925,0.2075282,0.1890639
261,0.03489934,0.5683652,0.2076265,0.1891089
262,0.03488548,0.5682247,0.2077437,0.1891461
263,0.03487238,0.5680768,0.2078793,0.1891716
264,0.03485934,0.567924,0.2080323,0.1891845
265,0.03815434,0.5347436,0.2206385,0.2064637
266,0.04053209,0.515995,0.2251339,0.2183389
267,0.04215537,0.5060394,0.2258226,0.2259827
268,0.04318202,0.50125,0.2251925,0.2303755
269,0.0437867,0.4992612,0.2243893,0.2325628
270,0.04411872,0.4986556,0.2238205,0.2334052
271,0.04429054,0.4986604,0.2235176,0.2335316
272,0.0443802,0.4989006,0.2233525,0.2333667
273,0.04443814,0.4992244,0.2231605,0.233177
274,0.04449365,0.4995891,0.2228087,0.2331086
275,0.04456157,0.4999952,0.2222171,0.2332261
276,0.04464649,0.5004533,0.2213647,0.2335356
277,0.04583968,0.4920592,0.2222664,0.2398348
278,0.04674292,0.4880004,0.2206384,0.2446183
279,0.04736538,0.4864207,0.2183747,0.2478391
280,0.04778556,0.4861829,0.2160809,0.2499506
281,0.04806583,0.486601,0.2140301,0.251303
282,0.04825262,0.4872844,0.2123102,0.2521527
283,0.04837857,0.4880258,0.2109183,0.2526773
284,0.04846548,0.4887259,0.2098149,0.2529936
285,0.04852739,0.4893456,0.2089513,0.2531757
286,0.04857316,0.4898765,0.2082806,0.2532698
287,0.04860825,0.4903249,0.2077626,0.2533043
288,0.04863598,0.4907021,0.2073655,0.2532964
289,0.04424679,0.529127,0.1959426,0.2306836
290,0.04174938,0.5455748,0.1944595,0.2182163
291,0.04036885,0.5521346,0.1958482,0.2116484
292,0.03959924,0.5542957,0.1978822,0.2082228
293,0.03917144,0.5545834,0.1997507,0.2064944
294,0.03893563,0.5541633,0.2012265,0.2056746
295,0.0388065,0.5535528,0.2023151,0.2053256
296,0.03873511,0.5529597,0.2031003,0.2052049
297,0.0386936,0.5524494,0.2036769,0.2051802
298,0.03866649,0.5520259,0.2041249,0.2051827
299,0.03864538,0.551672,0.2045045,0.2051781
300,0.0386258,0.5513663,0.2048571,0.2051508
301,0.03506302,0.583181,0.1951948,0.1865612
302,0.03313507,0.5946972,0.1953209,0.1768469
303,0.03208869,0.598152,0.1978643,0.171895
304,0.0315087,0.5983847,0.2007036,0.169403
305,0.0311836,0.5974644,0.203137,0.1682151
306,0.03099864,0.5962598,0.2050283,0.1677132
307,0.03088989,0.5951027,0.2064477,0.1675597
308,0.03082166,0.5940899,0.2075173,0.1675712
309,0.03077427,0.5932238,0.2083518,0.1676502
310,0.03073687,0.5924754,0.2090423,0.1677454
311,0.03070391,0.5918119,0.2096509,0.1678333
312,0.03067269,0.5912062,0.2102163,0.1679049
313,0.03534894,0.5439796,0.2274094,0.1932621
314,0.03908292,0.5158351,0.2320998,0.2129822
315,0.04178047,0.5003151,0.2313697,0.2265348
316,0.04357782,0.4927038,0.2287763,0.2349421
317,0.04468212,0.4896061,0.2261714,0.2395404
318,0.04530511,0.4888091,0.2242741,0.2416117
319,0.04562428,0.4890178,0.2231712,0.2421868
320,0.04577115,0.4895679,0.2226542,0.2420066
321,0.04583568,0.4901801,0.2224188,0.2415655
322,0.04587344,0.4907784,0.2221911,0.2411571
323,0.04591593,0.4913732,0.2217731,0.2409378
324,0.04597778,0.4919963,0.2210588,0.2409673
325,0.04560986,0.4969942,0.2184234,0.2389725
326,0.04542531,0.5000201,0.2164602,0.2380943
327,0.04535178,0.5019993,0.214798,0.237851
328,0.04534829,0.5033984,0.21326,0.2379934
329,0.04538288,0.5044704,0.2118221,0.2383246
330,0.04543433,0.5053433,0.2105073,0.238715
331,0.04548993,0.5060782,0.2093429,0.2390889
332,0.0455427,0.5067042,0.2083458,0.2394073
333,0.0455893,0.5072368,0.2075196,0.2396543
334,0.04562922,0.5076857,0.2068525,0.2398326
335,0.04566279,0.5080607,0.2063267,0.2399498
336,0.04569072,0.5083715,0.2059227,0.240015
337,0.04606223,0.5055077,0.2066125,0.2418176
338,0.04631326,0.5040749,0.2066727,0.242939
339,0.04647637,0.5034276,0.2065173,0.2435787
340,0.04657876,0.5032004,0.2063279,0.2438929
341,0.04664049,0.5031809,0.2061847,0.2439939
342,0.04667543,0.5032509,0.2061169,0.2439568
343,0.04669273,0.5033479,0.2061295,0.2438298
344,0.04669836,0.5034419,0.2062167,0.2436431
345,0.04669615,0.5035193,0.2063688,0.2434157
346,0.04668834,0.5035762,0.2065773,0.2431581
347,0.04667646,0.5036125,0.2068334,0.2428777
348,0.04666168,0.5036297,0.2071282,0.2425804
349,0.03896314,0.5672442,0.1913757,0.202417
350,0.03520881,0.587255,0.1942419,0.1832943
351,0.03336853,0.592437,0.1997804,0.1744141
352,0.03241317,0.5924971,0.2049242,0.1701655
353,0.03190977,0.5909756,0.2088909,0.1682237
354,0.03164406,0.589211,0.2116945,0.1674504
355,0.03150271,0.5876533,0.2135926,0.1672513
356,0.03142447,0.5863944,0.2148691,0.1673121
357,0.03137647,0.5853962,0.2157579,0.1674695
358,0.03134136,0.5845879,0.2164293,0.1676415
359,0.03131042,0.5839025,0.2169963,0.1677906
360,0.03127951,0.5832897,0.2175286,0.1679023
361,0.03529324,0.5442437,0.2308625,0.1896006
362,0.03843123,0.5221483,0.2331257,0.2062947
363,0.04061145,0.5107002,0.2313371,0.2173513
364,0.04201188,0.5055881,0.228417,0.2239831
365,0.04284012,0.5038657,0.2258151,0.227479
366,0.04328523,0.503722,0.2240358,0.228957
367,0.04349506,0.504162,0.2230798,0.2292632
368,0.04357374,0.5047148,0.222733,0.2289784
369,0.04358972,0.5052093,0.2227253,0.2284757
370,0.04358632,0.5056244,0.2228015,0.2279879
371,0.04358915,0.5059996,0.2227619,0.2276493
372,0.04361163,0.506387,0.2224754,0.227526
373,0.04421847,0.5016585,0.2236476,0.2304754
374,0.04466033,0.4994922,0.2232479,0.2325997
375,0.04498449,0.4987579,0.2220932,0.2341644
376,0.04522911,0.498821,0.2205795,0.2353704
377,0.04542033,0.4993031,0.2189311,0.2363455
378,0.04557437,0.499983,0.2172833,0.2371593
379,0.04570086,0.5007322,0.215721,0.2378459
380,0.0458056,0.5014765,0.2142961,0.2384218
381,0.04589243,0.5021749,0.2130362,0.2388965
382,0.04596398,0.5028062,0.2119533,0.2392765
383,0.04602259,0.5033619,0.2110449,0.2395706
384,0.04607037,0.5038412,0.2102992,0.2397892
385,0.04622437,0.503423,0.2097749,0.2405778
386,0.04633648,0.5033718,0.209172,0.2411198
387,0.04641129,0.5035012,0.2086527,0.2414349
388,0.04646056,0.5036988,0.2082458,0.2415949
389,0.04649229,0.5039065,0.2079534,0.2416479
390,0.0465117,0.504097,0.2077667,0.2416246
391,0.046522,0.5042596,0.2076749,0.2415435
392,0.04652504,0.5043918,0.2076686,0.2414146
393,0.04652185,0.5044938,0.2077412,0.2412431
394,0.0465133,0.5045677,0.207885,0.2410339
395,0.04649998,0.5046158,0.2080938,0.2407903
396,0.04648234,0.5046407,0.2083619,0.2405151
397,0.04774539,0.4951987,0.2098913,0.2471647
398,0.04865346,0.4903823,0.20909,0.2518743
399,0.04921373,0.4882756,0.2079381,0.2545726
400,0.04954176,0.4875984,0.2068871,0.2559727
401,0.04971968,0.4876058,0.2061157,0.256559
402,0.04980498,0.4878882,0.2056465,0.2566604
403,0.04983636,0.4882392,0.2054312,0.2564932
404,0.04983885,0.4885682,0.2053982,0.2561948
405,0.04982809,0.4888467,0.2054751,0.2558501
406,0.0498134,0.4890761,0.205602,0.2555085
407,0.04980015,0.4892697,0.2057322,0.2551979
408,0.04979122,0.4894429,0.2058325,0.2549334
409,0.04399817,0.5377129,0.1929152,0.2253737
410,0.04086602,0.5566943,0.1925663,0.2098734
411,0.03921841,0.5635328,0.1950971,0.2021516
412,0.03833281,0.5653926,0.1979534,0.1983213
413,0.03785827,0.5653045,0.2003151,0.1965221
414,0.03760754,0.5645806,0.2020361,0.1957758
415,0.03747693,0.5637605,0.2032104,0.1955522
416,0.03740855,0.563035,0.2039926,0.1955639
417,0.03737026,0.562445,0.204526,0.1956588
418,0.03734469,0.5619741,0.2049215,0.1957597
419,0.03732267,0.5615901,0.2052566,0.1958306
420,0.03729966,0.5612628,0.2055808,0.1958566
421,0.03754454,0.5582654,0.2070046,0.1971855
422,0.03768253,0.5566633,0.2077556,0.1978985
423,0.03775363,0.5557759,0.2082253,0.1982451
424,0.03777811,0.5552564,0.20863,0.1983355
425,0.03777284,0.554913,0.2090495,0.1982647
426,0.03774991,0.5546482,0.2095011,0.1981009
427,0.03771766,0.5544176,0.2099729,0.1978918
428,0.03768195,0.5542051,0.2104412,0.1976717
429,0.03764699,0.5540087,0.2108784,0.1974659
430,0.03761595,0.5538325,0.2112568,0.1972948
431,0.03759115,0.5536826,0.2115526,0.1971736
432,0.03757415,0.5535651,0.2117478,0.1971131
433,0.04088024,0.521548,0.2236965,0.2138753
434,0.04325264,0.5033413,0.2280948,0.2253114
435,0.04488726,0.4935552,0.2287646,0.232793
436,0.04593438,0.4887789,0.2280794,0.2372074
437,0.04657336,0.4867725,0.2270576,0.2395965
438,0.04695638,0.4861885,0.2260432,0.2408119
439,0.04719661,0.4862854,0.225052,0.241466
440,0.04737043,0.4866943,0.2239776,0.2419577
441,0.04752371,0.4872532,0.2227097,0.2425133
442,0.0476773,0.4879003,0.2212073,0.2432151
443,0.04783596,0.4886093,0.2195009,0.244054
444,0.04799497,0.4893592,0.2176789,0.244967
445,0.04812585,0.4884357,0.2181027,0.2453358
446,0.04817237,0.4879163,0.218706,0.2452053
447,0.04822207,0.4875567,0.2190463,0.2451748
448,0.0482696,0.4873212,0.219222,0.2451872
449,0.04831515,0.487175,0.2192802,0.2452296
450,0.04835889,0.4870938,0.2192541,0.2452931
451,0.04840075,0.4870597,0.2191695,0.2453701
452,0.04844041,0.4870596,0.2190475,0.2454524
453,0.04847743,0.4870834,0.2189061,0.245533
454,0.04851176,0.4871233,0.2187567,0.2456083
455,0.04854335,0.4871731,0.218608,0.2456756
456,0.04857218,0.4872286,0.2184663,0.2457328
457,0.04822639,0.4935881,0.2134891,0.2446965
458,0.04816221,0.4977254,0.2087885,0.2453239
459,0.04809158,0.5006131,0.2056632,0.2456321
460,0.04802147,0.5026194,0.203638,0.2457211
461,0.04795831,0.5039796,0.2023779,0.2456843
462,0.04790448,0.5048727,0.2016435,0.2455793
463,0.04785907,0.5054367,0.2012714,0.2454329
464,0.04781954,0.5057737,0.2011537,0.2452531
465,0.04778299,0.5059562,0.2012216,0.2450391
466,0.04774679,0.506034,0.2014319,0.2447872
467,0.04770885,0.5060404,0.2017579,0.2444928
468,0.04766713,0.5059943,0.202189,0.2441495
469,0.04159425,0.5555638,0.1897623,0.2130796
470,0.03839541,0.5733957,0.1910699,0.197139
471,0.03673266,0.5788947,0.1951105,0.1892621
472,0.03583467,0.5796381,0.1992271,0.1853001
473,0.03534246,0.5786889,0.2026148,0.1833538
474,0.0350698,0.5773116,0.2051653,0.1824532
475,0.03491515,0.5759903,0.2070144,0.1820801
476,0.03482237,0.5748693,0.2083529,0.1819554
477,0.03476061,0.5739563,0.2093514,0.1819317
478,0.0347133,0.5732108,0.2101414,0.1819346
479,0.03467208,0.5725867,0.2108102,0.1819311
480,0.03463316,0.5720458,0.2114107,0.1819103
481,0.03872324,0.5347423,0.2229449,0.2035896
482,0.04190947,0.5134,0.2244774,0.2202132
483,0.0441196,0.5022374,0.2224288,0.2312142
484,0.04555048,0.49721,0.2193344,0.2379051
485,0.04640901,0.4955529,0.2164986,0.2415396
486,0.0468819,0.4955321,0.2143902,0.2431957
487,0.04711569,0.4961621,0.21303,0.2436922
488,0.04721476,0.4969473,0.2122415,0.2435963
489,0.04724871,0.497682,0.2117914,0.2432778
490,0.04726029,0.4983133,0.2114704,0.2429559
491,0.04727431,0.4988549,0.2111184,0.2427524
492,0.04730323,0.4993407,0.2106344,0.2427216
493,0.04380581,0.5301123,0.2011497,0.2249322
494,0.04180352,0.5436327,0.1994331,0.2151307
495,0.04071137,0.5492839,0.1998702,0.2101344
496,0.04012894,0.5513741,0.2007357,0.2077613
497,0.03983253,0.5519161,0.2014483,0.2068031
498,0.03969349,0.5518463,0.2018857,0.2065746
499,0.03963765,0.5515831,0.2020887,0.2066905
500,0.03962279,0.5512982,0.2021386,0.2069404
501,0.03962561,0.5510486,0.2021103,0.2072155
502,0.03963393,0.5508423,0.2020586,0.2074652
503,0.03964163,0.5506704,0.2020192,0.2076688
504,0.03964598,0.5505202,0.202013,0.2078208
505,0.04290784,0.5213885,0.210941,0.2247627
506,0.04532441,0.5049164,0.2127765,0.2369827
507,0.04697749,0.4962444,0.2118147,0.2449634
508,0.0480396,0.4922167,0.2099814,0.2497622
509,0.04867857,0.4907476,0.2082188,0.252355
510,0.049035,0.4905499,0.206885,0.2535301
511,0.04921484,0.4908899,0.2060317,0.2538636
512,0.04929225,0.4913881,0.2055716,0.2537481
513,0.04931625,0.4918749,0.2053717,0.2534371
514,0.04931735,0.4922946,0.2053049,0.2530831
515,0.04931393,0.4926454,0.2052658,0.2527748
516,0.04931622,0.4929465,0.2051785,0.2525589
517,0.04440954,0.5342517,0.1938025,0.2275363
518,0.04168101,0.5512295,0.1930374,0.2140521
519,0.04022179,0.55766,0.194879,0.2072392
520,0.03943827,0.5595956,0.1970746,0.2038916
521,0.03902576,0.559708,0.1988807,0.2023856
522,0.03881658,0.5591882,0.2001559,0.2018392
523,0.03871633,0.558542,0.2009751,0.2017665
524,0.0386719,0.5579571,0.2014682,0.2019029
525,0.03865389,0.5574806,0.2017568,0.2021087
526,0.03864653,0.5571037,0.2019348,0.2023149
527,0.03864171,0.5568011,0.2020671,0.2024901
528,0.03863552,0.5565469,0.202195,0.2026225
529,0.04088496,0.5360054,0.208759,0.2143506
530,0.04247294,0.5250363,0.2100765,0.2224143
531,0.04351003,0.5196187,0.2094308,0.2274403
532,0.04414601,0.5173011,0.20824,0.230313
533,0.04450899,0.5165717,0.2071571,0.2317621
534,0.0446971,0.5165631,0.2064082,0.2323316
535,0.04477955,0.5168172,0.2060079,0.2323955
536,0.0448024,0.5171183,0.2058823,0.232197
537,0.04479506,0.5173828,0.2059336,0.2318885
538,0.0447758,0.5175928,0.2060687,0.2315627
539,0.04475562,0.5177582,0.2062115,0.2312747
540,0.0447409,0.5178976,0.2063064,0.2310551
541,0.04719832,0.4972242,0.2120164,0.2435611
542,0.04900113,0.48573,0.2127513,0.2525176
543,0.0502211,0.4798242,0.2116473,0.2583075
544,0.0510152,0.4771928,0.2099226,0.2618693
545,0.05151632,0.4763588,0.208166,0.2639588
546,0.05182885,0.4764272,0.2065946,0.2651493
547,0.05202745,0.4768911,0.2052451,0.2658363
548,0.05216116,0.4774856,0.2040844,0.2662688
549,0.0522598,0.4780856,0.2030665,0.2665882
550,0.05233999,0.4786401,0.202155,0.2668649
551,0.05241015,0.4791346,0.201328,0.2671272
552,0.05247394,0.4795697,0.2005756,0.2673807
553,0.05200045,0.4840388,0.199095,0.2648657
554,0.05168943,0.486454,0.1986346,0.2632219
555,0.0515118,0.4876938,0.1984899,0.2623045
556,0.05141886,0.4883026,0.1984463,0.2618321
557,0.05137743,0.4885895,0.1984141,0.2616189
558,0.05136536,0.4887238,0.1983668,0.261544
559,0.05136848,0.4887938,0.1983056,0.2615321
560,0.05137808,0.4888418,0.1982415,0.2615386
561,0.05138913,0.4888855,0.1981864,0.261539
562,0.05139882,0.4889309,0.1981498,0.2615206
563,0.05140574,0.4889784,0.1981382,0.2614777
564,0.05140933,0.4890265,0.1981551,0.2614091
565,0.04839801,0.5138404,0.1915493,0.2462123
566,0.04654898,0.5254171,0.1909069,0.2371269
567,0.04547142,0.5303702,0.1921097,0.2320488
568,0.0448496,0.5321395,0.1937318,0.2292791
569,0.0444951,0.5324628,0.1952239,0.2278182
570,0.04429501,0.5321993,0.1964272,0.2270785
571,0.0441818,0.531755,0.1973465,0.2267166
572,0.04411556,0.5313052,0.1980429,0.2265363
573,0.04407312,0.5309129,0.1985853,0.2264287
574,0.04404161,0.5305893,0.1990316,0.2263375
575,0.04401412,0.5303259,0.1994244,0.2262356
576,0.0439872,0.5301086,0.1997919,0.2261122
577,0.04363872,0.5327659,0.1992326,0.2243628
578,0.04340829,0.5340427,0.1992992,0.2232499
579,0.04325274,0.5346007,0.1996319,0.2225147
580,0.04314714,0.5347865,0.2000397,0.2220267
581,0.04307326,0.5347952,0.2004412,0.2216904
582,0.04301929,0.5347299,0.2008049,0.2214459
583,0.042978,0.5346424,0.2011213,0.2212583
584,0.04294521,0.5345565,0.2013892,0.2211092
585,0.04291865,0.5344818,0.2016096,0.2209898
586,0.04289716,0.5344216,0.2017844,0.2208969
587,0.0428802,0.5343757,0.2019144,0.2208297
588,0.04286753,0.5343428,0.2020008,0.2207888
589,0.04309456,0.5324824,0.2024067,0.2220163
590,0.04324688,0.5316227,0.2022842,0.2228462
591,0.04333981,0.5312913,0.2020192,0.2233496
592,0.04339689,0.5312183,0.2017201,0.2236647
593,0.04343263,0.5312599,0.2014354,0.2238721
594,0.04345634,0.5313417,0.2011799,0.2240221
595,0.04347372,0.5314283,0.2009537,0.2241443
596,0.04348801,0.5315045,0.2007529,0.2242547
597,0.0435009,0.5315649,0.2005734,0.2243608
598,0.04351308,0.5316092,0.2004135,0.2244642
599,0.0435247,0.5316384,0.2002725,0.2245645
600,0.0435357,0.5316538,0.2001504,0.22466
601,0.04180799,0.5464944,0.1958128,0.2158849
602,0.04075791,0.5530218,0.1955073,0.210713
603,0.04015087,0.5555613,0.1963993,0.2078884
604,0.03980644,0.5562396,0.1975346,0.2064194
605,0.03961576,0.5561167,0.1985495,0.2057181
606,0.03951293,0.5557037,0.1993486,0.2054348
607,0.03945849,0.5552306,0.1999461,0.2053649
608,0.03942924,0.5547883,0.2003909,0.2053916
609,0.03941193,0.5544024,0.2007348,0.2054508
610,0.03939918,0.5540713,0.2010207,0.2055089
611,0.03938709,0.5537837,0.2012797,0.2055496
612,0.03937379,0.5535275,0.2015322,0.2055665
613,0.04124655,0.5363573,0.2071747,0.2152214
614,0.04254284,0.527292,0.2084593,0.2217058
615,0.0433763,0.52285,0.2081035,0.2256702
616,0.04387893,0.5209536,0.2072879,0.2278796
617,0.04416054,0.520345,0.2065418,0.2289527
618,0.04430334,0.5203152,0.2060405,0.229341
619,0.04436445,0.520496,0.2057883,0.2293513
620,0.0443814,0.5207174,0.2057205,0.2291806
621,0.04437775,0.5209164,0.2057561,0.2289498
622,0.04436778,0.52108,0.2058225,0.2287298
623,0.04435954,0.5212167,0.2058647,0.2285592
624,0.04435723,0.5213405,0.2058468,0.2284554
625,0.04416388,0.5230262,0.2054299,0.22738
626,0.04404479,0.5238919,0.2053316,0.2267318
627,0.04398595,0.5243331,0.2052421,0.2264389
628,0.0439649,0.5245745,0.2050958,0.2263649
629,0.04396733,0.5247292,0.2048783,0.2264253
630,0.0439834,0.524851,0.204604,0.2265616
631,0.04400649,0.5249617,0.2042976,0.2267343
632,0.04403223,0.525067,0.2039838,0.2269169
633,0.04405789,0.5251662,0.2036831,0.2270928
634,0.04408171,0.5252559,0.2034113,0.2272511
635,0.04410264,0.5253329,0.203179,0.2273854
636,0.04412011,0.5253954,0.2029924,0.2274921
637,0.04677224,0.5030127,0.2091729,0.2410421
638,0.04871309,0.4904615,0.2101225,0.2507029
639,0.05002459,0.4839053,0.2091409,0.2569292
640,0.0508638,0.4808854,0.2075955,0.2606554
641,0.05137112,0.4798083,0.2061399,0.2626806
642,0.05165936,0.4797007,0.2050137,0.2636262
643,0.05181135,0.4800092,0.2042447,0.2639348
644,0.05188369,0.4804459,0.2037702,0.2639002
645,0.05191299,0.4808796,0.2035016,0.2637058
646,0.05192209,0.4812627,0.2033526,0.2634627
647,0.05192444,0.4815893,0.2032538,0.2632325
648,0.05192744,0.4818706,0.2031552,0.2630468
649,0.04792251,0.5146493,0.1946873,0.2427408
650,0.04555601,0.5292344,0.1941483,0.2310613
651,0.04424362,0.5351918,0.1956644,0.2249001
652,0.04352178,0.537239,0.1974866,0.2217526
653,0.04313549,0.5375982,0.1990038,0.2202625
654,0.04293792,0.5373135,0.2000878,0.2196609
655,0.04284366,0.5368534,0.200793,0.2195098
656,0.04280329,0.5364077,0.2012251,0.2195639
657,0.04278876,0.5360354,0.2014859,0.2196899
658,0.04278458,0.5357406,0.2016557,0.2198191
659,0.04278255,0.5355077,0.2017905,0.2199192
660,0.04277866,0.5353176,0.2019262,0.2199775
661,0.04356798,0.5288514,0.2034122,0.2241684
662,0.04410024,0.5256678,0.2032752,0.2269567
663,0.04441951,0.5242727,0.2027581,0.2285497
664,0.04459898,0.523786,0.2022361,0.2293789
665,0.04468887,0.5237177,0.2018644,0.2297289
666,0.04472348,0.5238091,0.2016775,0.2297899
667,0.04472541,0.5239354,0.2016547,0.2296845
668,0.04470906,0.5240446,0.2017559,0.2294904
669,0.04468358,0.5241218,0.2019384,0.2292563
670,0.04465468,0.5241693,0.2021629,0.229013
671,0.04462606,0.5241963,0.2023966,0.228781
672,0.04460016,0.5242129,0.2026128,0.2285742
673,0.04331531,0.5346005,0.2001572,0.221927
674,0.04250614,0.5392707,0.2004025,0.2178207
675,0.0420371,0.5411211,0.2012844,0.2155574
676,0.04177224,0.5416625,0.2021925,0.2143729
677,0.04163087,0.5416496,0.2028913,0.2138282
678,0.04156266,0.5414487,0.2033355,0.2136531
679,0.0415365,0.5412225,0.2035577,0.2136832
680,0.04153358,0.5410323,0.2036136,0.2138205
681,0.04154266,0.5408913,0.2035586,0.2140074
682,0.04155701,0.5407934,0.20344,0.2142096
683,0.04157281,0.5407259,0.2032932,0.2144081
684,0.04158796,0.5406766,0.2031427,0.2145927
685,0.04241695,0.5334182,0.2052846,0.2188804
686,0.04297476,0.5297432,0.205581,0.2217011
687,0.04332879,0.528019,0.2052209,0.2234313
688,0.04354376,0.5273257,0.2046965,0.224434
689,0.04366859,0.5271347,0.204219,0.2249778
690,0.04373755,0.527159,0.2038565,0.225247
691,0.0437733,0.5272549,0.2036113,0.2253605
692,0.04379021,0.5273571,0.2034609,0.2253918
693,0.04379703,0.5274411,0.2033778,0.225384
694,0.04379894,0.5275021,0.2033372,0.2253618
695,0.04379887,0.5275432,0.2033197,0.2253382
696,0.0437984,0.52757,0.2033117,0.2253199
697,0.03732213,0.5834752,0.1867121,0.1924905
698,0.03413985,0.602006,0.1869139,0.1769402
699,0.03252698,0.6072774,0.1906409,0.1695547
700,0.03167728,0.607629,0.1946379,0.1660557
701,0.03122565,0.6063248,0.1979235,0.1645261
702,0.03098596,0.6046651,0.2003495,0.1639994
703,0.03085836,0.6031239,0.2020518,0.1639659
704,0.03078826,0.6018272,0.2032306,0.1641539
705,0.03074588,0.6007662,0.2040675,0.1644205
706,0.03071527,0.5998896,0.2047021,0.1646931
707,0.0306881,0.5991427,0.2052324,0.1649369
708,0.03066017,0.5984806,0.2057228,0.1651364
709,0.03347638,0.5702526,0.215899,0.180372
710,0.03550223,0.5554364,0.2179565,0.1911049
711,0.03682828,0.5484157,0.2169263,0.1978297
712,0.03762832,0.5456509,0.2151012,0.2016197
713,0.03806528,0.5449561,0.2135422,0.2034364
714,0.03826969,0.5451053,0.2125954,0.2040295
715,0.03833608,0.5454852,0.2122474,0.2039314
716,0.0383289,0.5458372,0.212333,0.203501
717,0.03829094,0.5460901,0.2126427,0.2029763
718,0.03824984,0.546261,0.2129769,0.2025123
719,0.03822262,0.546399,0.2131733,0.202205
720,0.03821798,0.546555,0.2131247,0.2021023
721,0.03867678,0.5425462,0.214322,0.204455
722,0.03900238,0.5407774,0.2140792,0.2061411
723,0.03924285,0.5402024,0.2131173,0.2074374
724,0.03942483,0.5402662,0.2118351,0.2084738
725,0.03956866,0.5406404,0.2104435,0.2093474
726,0.03968636,0.5411353,0.2090724,0.2101061
727,0.03978475,0.5416403,0.2078054,0.2107695
728,0.03986769,0.542094,0.2066942,0.2113441
729,0.0399375,0.5424662,0.2057647,0.2118316
730,0.03999586,0.5427486,0.2050195,0.212236
731,0.04004398,0.5429466,0.2044476,0.2125618
732,0.04008286,0.5430728,0.2040293,0.2128152
733,0.04006179,0.5437728,0.2033936,0.2127718
734,0.04005272,0.544171,0.2029936,0.2127826
735,0.04004648,0.544386,0.202785,0.2127825
736,0.04004192,0.5444851,0.2027018,0.2127712
737,0.04003724,0.5445129,0.2027084,0.2127416
738,0.04003102,0.5444971,0.2027835,0.2126884
739,0.04002241,0.5444548,0.2029142,0.2126087
740,0.04001085,0.5443963,0.2030919,0.2125009
741,0.03999611,0.5443285,0.2033102,0.2123652
742,0.03997826,0.5442554,0.2035629,0.2122035
743,0.03995756,0.5441798,0.203844,0.2120186
744,0.03993438,0.5441042,0.2041475,0.2118139
745,0.04185082,0.5264333,0.2100293,0.2216866
746,0.04318276,0.5170477,0.2114793,0.2282902
747,0.04404069,0.512441,0.2112434,0.232275
748,0.04455825,0.5104982,0.2105103,0.2344333
749,0.04484848,0.5099268,0.2098089,0.2354158
750,0.04499757,0.5099899,0.2093057,0.2357069
751,0.04506641,0.5103008,0.2089915,0.2356413
752,0.04509545,0.5106792,0.2087886,0.2354368
753,0.04510988,0.5110565,0.2086085,0.235225
754,0.04512436,0.5114182,0.2083777,0.2350797
755,0.04514632,0.5117711,0.2080488,0.2350338
756,0.04517832,0.512127,0.2076017,0.235093
757,0.03942529,0.562995,0.1920201,0.2055596
758,0.03645952,0.5817675,0.1908917,0.1908813
759,0.03492289,0.5881424,0.193197,0.1837378
760,0.03411014,0.589573,0.1959916,0.1803253
761,0.03368346,0.5891303,0.1983492,0.178837
762,0.0334655,0.5881057,0.2000927,0.1783362
763,0.03335894,0.5870174,0.2013047,0.178319
764,0.03330944,0.586045,0.2021321,0.1785135
765,0.03328685,0.585225,0.2027128,0.1787753
766,0.03327472,0.5845404,0.2031538,0.1790312
767,0.03326436,0.5839587,0.2035306,0.1792463
768,0.03325135,0.5834491,0.2038939,0.1794057
769,0.03482158,0.5677091,0.2095818,0.1878876
770,0.03587239,0.5598127,0.2109014,0.1934135
771,0.03652232,0.5561587,0.2106505,0.1966685
772,0.03689167,0.5546911,0.2100535,0.1983637
773,0.03707561,0.5542335,0.2096433,0.1990476
774,0.03714249,0.5541636,0.2095878,0.1991062
775,0.03713866,0.5541834,0.2098812,0.1987968
776,0.03709469,0.5541713,0.2104455,0.1982885
777,0.03703092,0.554096,0.2111781,0.1976949
778,0.03696174,0.5539675,0.2119714,0.1970994
779,0.0368978,0.5538142,0.2127209,0.1965671
780,0.03684719,0.5536712,0.2133311,0.1961506
781,0.03447409,0.5757133,0.2061167,0.1836959
782,0.03315223,0.5844142,0.2053823,0.1770512
783,0.03242948,0.5875432,0.2063362,0.173691
784,0.03204949,0.5883588,0.2073983,0.1721933
785,0.03186245,0.5883121,0.2081051,0.1717202
786,0.03178214,0.5880113,0.2084165,0.17179
787,0.03175902,0.5876801,0.2084333,0.1721276
788,0.03176479,0.5873788,0.2082788,0.1725775
789,0.03178336,0.5871079,0.2080552,0.1730535
790,0.0318054,0.5868531,0.2078345,0.173507
791,0.03182579,0.586602,0.2076583,0.1739139
792,0.03184194,0.5863472,0.2075466,0.1742642
793,0.03179391,0.5867288,0.2072234,0.174254
794,0.03176265,0.5867375,0.2071912,0.1743087
795,0.03174027,0.586567,0.2073042,0.1743885
796,0.03172183,0.5863106,0.207499,0.1744686
797,0.03170409,0.5860166,0.2077463,0.174533
798,0.03168514,0.5857089,0.2080331,0.1745729
799,0.03166397,0.5853989,0.2083532,0.174584
800,0.03164012,0.5850914,0.208703,0.1745655
801,0.03161363,0.5847886,0.209079,0.1745187
802,0.03158478,0.584492,0.2094759,0.1744472
803,0.03155409,0.5842036,0.2098867,0.1743556
804,0.03152224,0.5839249,0.2103028,0.1742501
805,0.03368912,0.561832,0.2184208,0.1860582
806,0.03519656,0.5506005,0.2201703,0.1940326
807,0.03616026,0.5454648,0.2195194,0.1988555
808,0.03673534,0.5435661,0.2182065,0.201492
809,0.03705605,0.543218,0.2169744,0.2027515
810,0.03722423,0.543513,0.2160296,0.2032332
811,0.0373102,0.5440145,0.2153329,0.2033425
812,0.03735876,0.5445451,0.2147647,0.2033315
813,0.03739597,0.5450543,0.2142085,0.2033412
814,0.03743522,0.5455431,0.2135842,0.2034375
815,0.03748171,0.5460246,0.2128557,0.203638
816,0.03753578,0.5465069,0.2120259,0.2039313
817,0.03741302,0.5486436,0.2106392,0.2033042
818,0.03735707,0.5498925,0.2096701,0.2030804
819,0.03734626,0.5506749,0.2088549,0.2031239
820,0.03736094,0.5512028,0.2081288,0.2033074
821,0.03738862,0.5515802,0.2074808,0.2035503
822,0.03742146,0.5518568,0.2069191,0.2038027
823,0.0374547,0.5520577,0.2064522,0.2040354
824,0.03748556,0.5521981,0.206084,0.2042324
825,0.03751247,0.5522892,0.2058122,0.2043861
826,0.03753451,0.5523408,0.2056315,0.2044932
827,0.03755125,0.5523613,0.2055339,0.2045535
828,0.03756256,0.552358,0.2055115,0.204568
829,0.03469526,0.5790489,0.1971086,0.1891472
830,0.03309998,0.5891972,0.1968867,0.1808161
831,0.03222034,0.5924783,0.1988472,0.1764542
832,0.03173076,0.5929152,0.201149,0.174205
833,0.03145753,0.5922928,0.2031574,0.1730923
834,0.03130357,0.5913832,0.2047347,0.1725785
835,0.03121366,0.5904923,0.2059307,0.1723634
836,0.03115639,0.5897167,0.2068471,0.1722798
837,0.0311141,0.5890657,0.2075832,0.172237
838,0.03107723,0.5885173,0.208217,0.1721885
839,0.03104079,0.588044,0.2088034,0.1721118
840,0.03100239,0.5876222,0.2093771,0.1719984
841,0.03233805,0.5733842,0.2149597,0.179318
842,0.03320865,0.5664275,0.2164489,0.1839149
843,0.03373258,0.5633188,0.2164447,0.186504
844,0.03401926,0.5621366,0.2160952,0.1877489
845,0.03415639,0.5618191,0.2158494,0.1881751
846,0.03420714,0.5618314,0.2158055,0.188156
847,0.03421443,0.5619377,0.215904,0.1879439
848,0.03420616,0.5620584,0.2160331,0.1877023
849,0.03419936,0.5621874,0.2160825,0.1875307
850,0.03420326,0.5623443,0.2159712,0.1874812
851,0.03422129,0.5625491,0.2156595,0.1875702
852,0.03425315,0.5628118,0.2151455,0.1877895
853,0.03401655,0.5659146,0.2134475,0.1866213
854,0.0338933,0.5675219,0.2124567,0.186128
855,0.03384257,0.5684073,0.2116906,0.1860595
856,0.03383602,0.5689309,0.2109918,0.1862413
857,0.03385398,0.5692636,0.2103328,0.1865495
858,0.03388393,0.5694797,0.2097316,0.1869048
859,0.03391808,0.5696105,0.2092136,0.1872578
860,0.03395157,0.5696728,0.2087965,0.1875791
861,0.03398137,0.5696799,0.2084869,0.1878519
862,0.0340058,0.5696437,0.208282,0.1880686
863,0.03402402,0.5695748,0.2081743,0.188227
864,0.03403574,0.5694818,0.2081542,0.1883282
865,0.03409196,0.5688854,0.208369,0.1886538
866,0.03412319,0.5685422,0.2085157,0.1888189
867,0.0341357,0.5683209,0.2086809,0.1888625
868,0.03413463,0.5681543,0.2088946,0.1888164
869,0.03412356,0.5680084,0.2091652,0.1887027
870,0.03410504,0.5678675,0.2094903,0.1885372
871,0.03408089,0.5677254,0.2098621,0.1883315
