EwEVersion,"6.5.13829.0 (compiled 2016-05-17)"
Date,"2016-09-06 16:04:16"
ModelName,Baltic_Proper-SEALS
EcosimScenario,Proper1_SealVuln100_19742100_seal0_cofF03
TimeSeries,new_data_weights_19742100_BAU_WAR1_codF03_seal0
StartYear,1974

Data,"Prey of Cod larvae"

TimeStep,"Temora sp","Acartia sp","Pseudocalanus sp.",
1,0.1079207,0.1002678,0.7918116
2,0.1141322,0.1024312,0.7834366
3,0.1163488,0.1016292,0.7820219
4,0.1165551,0.1003183,0.7831266
5,0.1157019,0.09866481,0.7856333
6,0.1143674,0.09697755,0.788655
7,0.1128841,0.095458,0.7916579
8,0.111417,0.0941787,0.7944043
9,0.1100314,0.09313832,0.7968302
10,0.1087406,0.09230439,0.798955
11,0.107536,0.09163692,0.800827
12,0.1064044,0.0910985,0.802497
13,0.1098771,0.0912352,0.7988877
14,0.1071031,0.09022529,0.8026716
15,0.1057372,0.08990476,0.8043579
16,0.1047977,0.08955631,0.805646
17,0.1041138,0.08918742,0.8066989
18,0.1036688,0.08885361,0.8074775
19,0.1034872,0.08863283,0.80788
20,0.1036145,0.08872848,0.807657
21,0.1040879,0.08939312,0.8065189
22,0.1049105,0.09087368,0.8042158
23,0.1060425,0.09334082,0.8006167
24,0.1074083,0.09678234,0.7958094
25,0.07486404,0.09317458,0.8319613
26,0.0879067,0.1007995,0.8112938
27,0.09150032,0.105066,0.8034337
28,0.0942132,0.1099895,0.7957973
29,0.09619441,0.112416,0.7913896
30,0.09759032,0.1124854,0.7899243
31,0.09850066,0.1112972,0.7902022
32,0.09907395,0.1099096,0.7910165
33,0.09934275,0.108476,0.7921813
34,0.09939008,0.1072373,0.7933726
35,0.09927995,0.1062484,0.7944716
36,0.099058,0.1054935,0.7954485
37,0.09820621,0.1053699,0.7964239
38,0.09620636,0.1043912,0.7994024
39,0.09508105,0.104027,0.8008919
40,0.09432163,0.1039108,0.8017676
41,0.09376384,0.1039994,0.8022369
42,0.09333958,0.104265,0.8023954
43,0.09302046,0.1046856,0.802294
44,0.09268634,0.1048901,0.8024236
45,0.09245194,0.1053709,0.8021771
46,0.09233659,0.1061114,0.8015519
47,0.09235528,0.1071033,0.8005415
48,0.09251557,0.1083108,0.7991737
49,0.09293158,0.1115809,0.7954875
50,0.09167202,0.1122875,0.7960405
51,0.09141758,0.1130761,0.7955064
52,0.09165569,0.1139048,0.7944396
53,0.09223892,0.1148837,0.7928774
54,0.09307381,0.1158912,0.7910351
55,0.09408236,0.1167399,0.7891777
56,0.09527978,0.1175388,0.7871814
57,0.09651154,0.1178815,0.785607
58,0.09770509,0.1178495,0.7844453
59,0.09880087,0.1175239,0.7836753
60,0.09975963,0.1169907,0.7832496
61,0.08794244,0.1163223,0.7957352
62,0.08722457,0.1161772,0.7965983
63,0.08693177,0.1152145,0.7978537
64,0.08702951,0.1146242,0.7983463
65,0.08732836,0.1142124,0.7984592
66,0.08772469,0.1138463,0.798429
67,0.08815973,0.1134704,0.7983699
68,0.0885104,0.1128327,0.7986569
69,0.08880329,0.1121741,0.7990226
70,0.08903538,0.111467,0.7994977
71,0.08920179,0.1107201,0.8000782
72,0.08930013,0.1099476,0.8007523
73,0.07894264,0.1086852,0.8123721
74,0.07880362,0.1098645,0.8113319
75,0.07956827,0.1086039,0.8118277
76,0.08031571,0.1072842,0.8124002
77,0.08070356,0.1059632,0.8133332
78,0.08069181,0.104675,0.8146332
79,0.08033496,0.1034813,0.8161837
80,0.07971007,0.102424,0.8178658
81,0.07886851,0.1015165,0.8196151
82,0.07785496,0.10077,0.821375
83,0.07670552,0.1001872,0.8231073
84,0.07545085,0.09976795,0.8247812
85,0.0909972,0.1000639,0.8089389
86,0.09178801,0.09877566,0.8094363
87,0.09125134,0.099397,0.8093517
88,0.0903608,0.09952717,0.8101121
89,0.08926186,0.09943098,0.8113071
90,0.08804943,0.09930941,0.8126411
91,0.08679496,0.09924018,0.8139648
92,0.08552166,0.09916237,0.815316
93,0.0843099,0.09918506,0.8165051
94,0.08322544,0.0993917,0.8173829
95,0.08232472,0.09990826,0.817767
96,0.08165596,0.1009179,0.8174261
97,0.0862852,0.1031377,0.8105771
98,0.0872412,0.1053339,0.8074248
99,0.08841679,0.1097203,0.8018629
100,0.08967528,0.1144403,0.7958844
101,0.09107753,0.1185156,0.7904069
102,0.09263118,0.121317,0.7860519
103,0.09427577,0.1226383,0.7830859
104,0.09595917,0.1228352,0.7812057
105,0.09750739,0.1220168,0.7804757
106,0.09879867,0.1205602,0.7806411
107,0.09975765,0.1187737,0.7814687
108,0.1003617,0.1168732,0.7827652
109,0.1099946,0.1152959,0.7747095
110,0.1066909,0.1127019,0.7806073
111,0.1050978,0.1111153,0.7837868
112,0.1040487,0.1096569,0.7862944
113,0.1032732,0.1084979,0.7882289
114,0.1026585,0.1076117,0.7897299
115,0.1021433,0.1069234,0.7909333
116,0.1018552,0.1067322,0.7914127
117,0.1016678,0.1066369,0.7916953
118,0.1015391,0.1066257,0.7918352
119,0.1014529,0.1066909,0.7918562
120,0.101404,0.1068271,0.791769
121,0.09442583,0.1063122,0.799262
122,0.09557891,0.1072362,0.7971849
123,0.09583578,0.1074288,0.7967355
124,0.09599178,0.1078424,0.7961658
125,0.09611446,0.1082901,0.7955953
126,0.09622353,0.1087039,0.7950726
127,0.09632904,0.1090809,0.79459
128,0.0963909,0.1093733,0.7942358
129,0.09644635,0.1096409,0.7939127
130,0.09650365,0.1098857,0.7936106
131,0.09656537,0.1101134,0.7933213
132,0.09663244,0.1103307,0.7930368
133,0.05247231,0.1093687,0.8381589
134,0.04422389,0.1111245,0.8446515
135,0.03556016,0.1092778,0.855162
136,0.02875414,0.1091498,0.862096
137,0.02345354,0.1107838,0.8657627
138,0.01948619,0.1139668,0.866547
139,0.01676238,0.118223,0.8650146
140,0.01519349,0.1224085,0.862398
141,0.01476639,0.1260159,0.8592177
142,0.01552287,0.1282753,0.8562018
143,0.01756366,0.1289868,0.8534496
144,0.02098331,0.1283303,0.8506864
145,0.03374868,0.12702,0.8392313
146,0.04913976,0.1252016,0.8256586
147,0.06325436,0.1208308,0.8159148
148,0.07318549,0.1161107,0.8107038
149,0.07882935,0.1117074,0.8094632
150,0.08146589,0.1078872,0.8106468
151,0.08236007,0.1046775,0.8129625
152,0.08233301,0.1019875,0.8156796
153,0.08181318,0.09968982,0.8184969
154,0.081014,0.09768789,0.8212981
155,0.08003213,0.09590849,0.8240593
156,0.07890754,0.09430604,0.8267865
157,0.06497585,0.09220359,0.8428206
158,0.05234006,0.08592808,0.8617318
159,0.04170196,0.08403487,0.8742632
160,0.03240049,0.0837419,0.8838576
161,0.02416125,0.0841275,0.8917112
162,0.01704634,0.08501325,0.8979404
163,0.01127132,0.08664455,0.9020841
164,0.006989677,0.08945737,0.9035529
165,0.004137993,0.0939575,0.9019045
166,0.002422771,0.1001667,0.8974106
167,0.001465716,0.1072578,0.8912764
168,0.0009541968,0.1137871,0.8852587
169,0.00528077,0.1315348,0.8631845
170,0.02865684,0.1292255,0.8421176
171,0.06587479,0.1224898,0.8116354
172,0.09072661,0.1163576,0.7929158
173,0.1033868,0.1104739,0.7861392
174,0.1077784,0.1047726,0.787449
175,0.1078556,0.09965937,0.7924851
176,0.1059401,0.0953621,0.7986978
177,0.1033535,0.09192514,0.8047214
178,0.1007364,0.08921684,0.8100469
179,0.09833441,0.08707246,0.8145931
180,0.09619998,0.08534954,0.8184505
181,0.1006972,0.08421916,0.8150837
182,0.1016384,0.08357069,0.8147909
183,0.1013475,0.08257136,0.816081
184,0.1004181,0.08153494,0.818047
185,0.09920374,0.08060599,0.8201903
186,0.09790375,0.07985412,0.8222421
187,0.09662333,0.07931149,0.8240652
188,0.09543369,0.07905383,0.8255125
189,0.09435492,0.07904998,0.8265951
190,0.09337281,0.07929921,0.827328
191,0.09247315,0.0798127,0.8277141
192,0.09164707,0.08061685,0.827736
193,0.09639941,0.08175516,0.8218455
194,0.09691462,0.08337372,0.8197117
195,0.09719744,0.08522235,0.8175802
196,0.09737527,0.08706155,0.8155632
197,0.09756025,0.08891027,0.8135295
198,0.09782107,0.09079739,0.8113815
199,0.09819543,0.09274318,0.8090614
200,0.09865621,0.09465357,0.8066902
201,0.09925028,0.09668857,0.8040612
202,0.09998303,0.0988096,0.8012074
203,0.1008428,0.1009482,0.798209
204,0.1018039,0.1030067,0.7951894
205,0.09732741,0.1073829,0.7952897
206,0.09231179,0.1073788,0.8003094
207,0.08990865,0.1074914,0.8025999
208,0.08900356,0.1083435,0.802653
209,0.08909726,0.1099586,0.8009442
210,0.08990429,0.1120466,0.798049
211,0.09123474,0.1141884,0.7945769
212,0.09312757,0.1163994,0.7904731
213,0.09524082,0.1177588,0.7870004
214,0.09738264,0.1182928,0.7843246
215,0.09936289,0.1181071,0.78253
216,0.1010347,0.1173968,0.7815685
217,0.1121079,0.1160583,0.7718338
218,0.1177535,0.1160403,0.7662062
219,0.1199521,0.1140438,0.7660041
220,0.1201402,0.1115766,0.7682832
221,0.1192886,0.109101,0.7716104
222,0.1180133,0.1068777,0.7751091
223,0.1166492,0.1049842,0.7783666
224,0.1153453,0.103396,0.7812587
225,0.1141296,0.1020185,0.7838519
226,0.1129885,0.1007798,0.7862318
227,0.1118943,0.09962612,0.7884796
228,0.1108206,0.09852083,0.7906585
229,0.09800708,0.0971289,0.8048639
230,0.09540062,0.09608924,0.8085101
231,0.09333161,0.09488565,0.8117827
232,0.09167855,0.09392448,0.814397
233,0.0902831,0.09319596,0.8165209
234,0.08907343,0.09268638,0.8182402
235,0.08802801,0.09240816,0.8195639
236,0.08714995,0.09239525,0.8204548
237,0.08645763,0.09271449,0.8208278
238,0.08597027,0.09337728,0.8206524
239,0.085702,0.09435518,0.8199428
240,0.08565709,0.0955761,0.8187668
241,0.07013548,0.09466035,0.8352042
242,0.07003225,0.09838386,0.8315839
243,0.07031818,0.09929015,0.8303916
244,0.07111543,0.1003837,0.8285009
245,0.07208394,0.101275,0.8266411
246,0.07305337,0.1018058,0.8251408
247,0.07394122,0.1020338,0.824025
248,0.07467469,0.1019237,0.8234015
249,0.07526919,0.1017404,0.8229904
250,0.07574093,0.1015052,0.8227538
251,0.07610779,0.1012466,0.8226455
252,0.0763876,0.1009824,0.82263
253,0.1054584,0.1014083,0.7931333
254,0.1074236,0.09994658,0.7926298
255,0.1078255,0.1002377,0.7919369
256,0.1078816,0.0998067,0.7923117
257,0.1076798,0.09910022,0.79322
258,0.1073336,0.09836943,0.794297
259,0.1069203,0.09770023,0.7953795
260,0.10648,0.09713501,0.7963849
261,0.1060409,0.09664132,0.7973179
262,0.1056162,0.09622418,0.7981597
263,0.1052149,0.0958828,0.7989023
264,0.1048448,0.0956164,0.7995389
265,0.06982789,0.0948661,0.835306
266,0.06252318,0.09449415,0.8429826
267,0.05580769,0.09320959,0.8509827
268,0.05063263,0.09311988,0.8562474
269,0.04660337,0.09412809,0.8592685
270,0.04355582,0.09613209,0.860312
271,0.04149121,0.09901179,0.8594971
272,0.04051349,0.1026453,0.8568411
273,0.0406873,0.1061955,0.8531172
274,0.04202636,0.1091016,0.848872
275,0.04444062,0.1109764,0.844583
276,0.04770011,0.1117474,0.8405524
277,0.06097607,0.1126193,0.8264046
278,0.06840026,0.1100398,0.82156
279,0.07255658,0.1088188,0.8186247
280,0.07517722,0.107483,0.8173398
281,0.07690351,0.1060895,0.8170069
282,0.07803647,0.1047022,0.8172613
283,0.07874613,0.1033476,0.8179064
284,0.07912385,0.1019771,0.818899
285,0.0792478,0.1006336,0.8201187
286,0.07917738,0.09932461,0.821498
287,0.07895742,0.09805631,0.8229863
288,0.07862129,0.09683258,0.8245461
289,0.08946232,0.09694947,0.8135883
290,0.09505978,0.09676622,0.808174
291,0.0976653,0.0950607,0.807274
292,0.09830883,0.09305524,0.808636
293,0.09789065,0.09109517,0.8110142
294,0.09695575,0.08930861,0.8137357
295,0.0957959,0.08773619,0.8164679
296,0.0945426,0.08637856,0.8190789
297,0.09328232,0.0852357,0.8214819
298,0.09204267,0.08428362,0.8236737
299,0.09083424,0.0835079,0.8256579
300,0.08966255,0.08290148,0.827436
301,0.09481229,0.08358919,0.8215986
302,0.09793396,0.08471175,0.8173543
303,0.0988672,0.08440867,0.8167241
304,0.09860829,0.08390763,0.8174841
305,0.09778711,0.0833578,0.8188551
306,0.0967366,0.08284445,0.820419
307,0.09562596,0.08242727,0.8219467
308,0.09453457,0.08200953,0.8234559
309,0.09345406,0.08173876,0.8248072
310,0.09242944,0.0816249,0.8259456
311,0.09148473,0.08165403,0.8268612
312,0.09063164,0.08180345,0.8275649
313,0.08332296,0.08400914,0.8326679
314,0.07376876,0.08133188,0.8448994
315,0.06799873,0.07982944,0.8521718
316,0.06401356,0.07876056,0.8572258
317,0.06110997,0.07812397,0.8607661
318,0.05900213,0.07826275,0.8627352
319,0.05760026,0.07984205,0.8625576
320,0.05700398,0.08420502,0.858791
321,0.05725463,0.09103269,0.8517126
322,0.05846121,0.09936649,0.8421723
323,0.0606994,0.1072534,0.8320473
324,0.06392009,0.1129186,0.8231614
325,0.07330379,0.1170623,0.8096339
326,0.0795036,0.1168352,0.8036613
327,0.08455285,0.1163318,0.7991153
328,0.08858669,0.1151234,0.7962899
329,0.09160146,0.1136348,0.7947637
330,0.09367625,0.1120816,0.7942421
331,0.09496293,0.1105647,0.7944723
332,0.09556539,0.1089789,0.7954558
333,0.09571071,0.1075213,0.7967681
334,0.09554832,0.1061637,0.798288
335,0.09518349,0.1048972,0.7999193
336,0.0946839,0.1037034,0.8016127
337,0.09203597,0.1020893,0.8058747
338,0.09062733,0.1010669,0.8083058
339,0.08953176,0.1000794,0.8103889
340,0.08857558,0.09910488,0.8123195
341,0.0876624,0.09811573,0.8142219
342,0.08673893,0.09710174,0.8161593
343,0.08577946,0.09606747,0.818153
344,0.08483943,0.09516274,0.8199978
345,0.08387829,0.09426589,0.8218558
346,0.08289141,0.09340645,0.8237021
347,0.08188826,0.09260812,0.8255036
348,0.08088606,0.09189683,0.8272172
349,0.06083358,0.08993221,0.8492342
350,0.05813358,0.09461085,0.8472555
351,0.058143,0.09303208,0.848825
352,0.05916316,0.09200073,0.8488361
353,0.06011393,0.0911797,0.8487064
354,0.06064126,0.09033757,0.8490212
355,0.06070325,0.08950852,0.8497882
356,0.06036423,0.08882561,0.8508102
357,0.05970908,0.08823205,0.8520588
358,0.05880616,0.08775352,0.8534403
359,0.05770968,0.08738945,0.8549009
360,0.05646197,0.08713175,0.8564063
361,0.07105994,0.09096611,0.837974
362,0.06763437,0.08599836,0.8463672
363,0.06304979,0.08537833,0.8515719
364,0.05927971,0.08479623,0.855924
365,0.05608975,0.08422558,0.8596846
366,0.05339742,0.08407209,0.8625305
367,0.05122486,0.08483145,0.8639437
368,0.04963065,0.08687352,0.8634958
369,0.04874889,0.09084179,0.8604093
370,0.04871828,0.09655298,0.8547288
371,0.04966272,0.1030554,0.8472819
372,0.05164433,0.1089419,0.8394137
373,0.05160796,0.1141157,0.8342764
374,0.05392067,0.1157151,0.8303642
375,0.05720409,0.1161462,0.8266498
376,0.06096303,0.1160132,0.8230239
377,0.06478767,0.1155258,0.8196865
378,0.0683522,0.1147821,0.8168657
379,0.0714393,0.113853,0.8147077
380,0.07397039,0.1128524,0.8131772
381,0.07591141,0.1117682,0.8123204
382,0.07730445,0.1106617,0.8120338
383,0.07823426,0.1095781,0.8121877
384,0.07879799,0.1085453,0.8126568
385,0.08107774,0.1072313,0.811691
386,0.08165547,0.1062694,0.8120751
387,0.08169959,0.1054332,0.8128672
388,0.08147584,0.1046275,0.8138967
389,0.08108581,0.1038384,0.8150758
390,0.08057061,0.103064,0.8163654
391,0.07994789,0.1023053,0.8177468
392,0.07916745,0.1014294,0.8194031
393,0.07826651,0.1005599,0.8211735
394,0.07726419,0.09969408,0.8230417
395,0.07617524,0.09884217,0.8249826
396,0.07501522,0.09801993,0.8269649
397,0.09455842,0.09794857,0.807493
398,0.09546883,0.09535747,0.8091738
399,0.09478548,0.09530337,0.8099112
400,0.09404743,0.09514479,0.8108078
401,0.09335268,0.09490535,0.8117419
402,0.09274098,0.09474457,0.8125144
403,0.09224117,0.09474833,0.8130105
404,0.09189462,0.09506667,0.8130387
405,0.09170644,0.09557202,0.8127216
406,0.09168141,0.09625041,0.8120682
407,0.09181618,0.09705564,0.8111282
408,0.09209957,0.09792759,0.8099728
409,0.09486824,0.09812474,0.807007
410,0.1007409,0.1010265,0.7982326
411,0.1038729,0.1014555,0.7946717
412,0.10542,0.1013761,0.7932039
413,0.1059049,0.1006049,0.7934902
414,0.1057082,0.09947856,0.7948132
415,0.105107,0.09831078,0.7965823
416,0.1043229,0.09730645,0.7983707
417,0.1034595,0.0965113,0.8000292
418,0.1025778,0.09591268,0.8015095
419,0.10171,0.09548513,0.8028049
420,0.1008717,0.09520108,0.8039272
421,0.09511314,0.09433061,0.8105563
422,0.09418663,0.09465916,0.8111542
423,0.09318465,0.09458598,0.8122293
424,0.09237117,0.09470478,0.812924
425,0.09175087,0.09502608,0.8132231
426,0.09131637,0.09555338,0.8131303
427,0.09106964,0.09631634,0.812614
428,0.09101341,0.09736803,0.8116185
429,0.09117255,0.09880906,0.8100184
430,0.0915537,0.1006337,0.8078126
431,0.09215526,0.1027546,0.8050901
432,0.09296571,0.105002,0.8020323
433,0.05787167,0.1074434,0.8346849
434,0.05196981,0.1098778,0.8381524
435,0.04599021,0.1087524,0.8452573
436,0.04173661,0.1096144,0.848649
437,0.03898515,0.1120898,0.8489251
438,0.037722,0.1154396,0.8468384
439,0.03802537,0.1187748,0.8431998
440,0.04002661,0.1215886,0.8383847
441,0.04360904,0.1229648,0.8334261
442,0.04842183,0.1231062,0.828472
443,0.05388968,0.1223348,0.8237755
444,0.05933746,0.1209823,0.8196802
445,0.04106174,0.1169444,0.8419939
446,0.03284587,0.1176595,0.8494947
447,0.02804078,0.1167909,0.8551684
448,0.02510681,0.1158094,0.8590838
449,0.02326461,0.1148336,0.8619018
450,0.02209925,0.1138498,0.8640509
451,0.02137094,0.1128452,0.8657838
452,0.02091499,0.1117208,0.8673642
453,0.02063615,0.1105568,0.8688071
454,0.02046904,0.1093533,0.8701776
455,0.0203666,0.1081204,0.871513
456,0.0202945,0.1068696,0.8728358
457,0.05897326,0.1066214,0.8344054
458,0.08220837,0.1022156,0.815576
459,0.09226044,0.1002405,0.8074991
460,0.09544533,0.09887324,0.8056814
461,0.09599174,0.0975653,0.8064429
462,0.09543963,0.09626967,0.8082907
463,0.09438726,0.09502037,0.8105924
464,0.09307945,0.09382704,0.8130935
465,0.09163833,0.09273412,0.8156275
466,0.09012426,0.09176091,0.8181148
467,0.08857465,0.09092744,0.8204979
468,0.08704306,0.0902788,0.8226781
469,0.08125819,0.09043537,0.8283065
470,0.08258997,0.09294982,0.8244603
471,0.08360882,0.09211762,0.8242736
472,0.08396812,0.09159656,0.8244353
473,0.08377718,0.09122325,0.8249995
474,0.08322106,0.09085342,0.8259255
475,0.08244136,0.090514,0.8270446
476,0.08152359,0.09030135,0.8281751
477,0.08053514,0.09027972,0.8291851
478,0.0795408,0.0904736,0.8299856
479,0.07858169,0.0908676,0.8305507
480,0.07768848,0.09143735,0.8308741
481,0.1081631,0.09281572,0.7990212
482,0.09714638,0.09096166,0.811892
483,0.09244625,0.09194283,0.8156109
484,0.09026778,0.09214549,0.8175867
485,0.08933082,0.09236719,0.818302
486,0.08921681,0.09316067,0.8176225
487,0.08973724,0.09490998,0.8153528
488,0.0909312,0.09829642,0.8107724
489,0.0925845,0.1028626,0.8045529
490,0.09463414,0.1080886,0.7972773
491,0.09700964,0.1130328,0.7899576
492,0.0996244,0.1167877,0.7835879
493,0.1076958,0.1177377,0.7745665
494,0.1143837,0.1191251,0.7664912
495,0.1184938,0.1186932,0.762813
496,0.1206551,0.1167403,0.7626045
497,0.1212967,0.1140236,0.7646797
498,0.1209052,0.1112106,0.7678843
499,0.1199199,0.1086313,0.7714488
500,0.1186262,0.106355,0.7750188
501,0.1172771,0.1044306,0.7782923
502,0.1159807,0.1028083,0.781211
503,0.1147801,0.1014363,0.7837836
504,0.1136807,0.1002612,0.7860581
505,0.1081563,0.09929692,0.7925467
506,0.1028969,0.09689498,0.8002081
507,0.09999676,0.09619231,0.803811
508,0.09830795,0.0960938,0.8055983
509,0.0973391,0.09631493,0.806346
510,0.09685152,0.09679032,0.8063582
511,0.09673223,0.09753331,0.8057345
512,0.09703935,0.09875792,0.8042027
513,0.09765109,0.1002441,0.8021048
514,0.09853498,0.1019426,0.7995224
515,0.09965418,0.1037119,0.796634
516,0.1009618,0.105369,0.7936693
517,0.1049186,0.105358,0.7897234
518,0.1110483,0.108118,0.7808338
519,0.1143702,0.1082156,0.7774143
520,0.1159941,0.1072307,0.7767751
521,0.1163831,0.1054396,0.7781774
522,0.1159632,0.103376,0.7806608
523,0.1150808,0.1013852,0.783534
524,0.1139807,0.09958799,0.7864313
525,0.1128145,0.09805112,0.7891344
526,0.1116684,0.09676661,0.7915649
527,0.1105835,0.09571049,0.7937061
528,0.1095749,0.09485655,0.7955685
529,0.1039768,0.09454981,0.8014734
530,0.1001091,0.09285109,0.8070398
531,0.09782493,0.09245048,0.8097246
532,0.09642118,0.09260695,0.8109719
533,0.09557606,0.09313019,0.8112937
534,0.09512245,0.09395853,0.810919
535,0.09497952,0.09507131,0.8099492
536,0.0951081,0.09655753,0.8083344
537,0.09550273,0.09829073,0.8062066
538,0.09614437,0.1002082,0.8036475
539,0.09701163,0.1021967,0.8007916
540,0.098073,0.1041108,0.7978162
541,0.1043482,0.1070747,0.7885771
542,0.1023518,0.1069478,0.7907004
543,0.102183,0.1079325,0.7898845
544,0.1027322,0.1088325,0.7884353
545,0.103722,0.1097038,0.7865742
546,0.1049698,0.110414,0.7846161
547,0.1063201,0.1108192,0.7828607
548,0.1076322,0.1108003,0.7815675
549,0.1087887,0.1103812,0.7808301
550,0.1097099,0.1096132,0.7806769
551,0.1103503,0.1085743,0.7810754
552,0.1106992,0.1073492,0.7819515
553,0.1069537,0.1053612,0.7876851
554,0.1064657,0.1044159,0.7891183
555,0.106013,0.1029796,0.7910074
556,0.1054914,0.1015643,0.7929444
557,0.1048873,0.1002333,0.7948794
558,0.1042258,0.09900992,0.7967643
559,0.1035356,0.09790704,0.7985574
560,0.1028396,0.09691552,0.8002449
561,0.1021505,0.09604435,0.8018051
562,0.1014795,0.09528901,0.8032314
563,0.1008334,0.09464531,0.8045213
564,0.1002169,0.09411013,0.8056729
565,0.104816,0.09461628,0.8005677
566,0.1073596,0.09501722,0.7976233
567,0.1083371,0.09447218,0.7971907
568,0.1083678,0.09370399,0.7979282
569,0.1078829,0.09291013,0.799207
570,0.1071487,0.09219931,0.8006521
571,0.1063225,0.09163792,0.8020397
572,0.1054941,0.09126175,0.8032442
573,0.1047394,0.09110342,0.8041572
574,0.1040786,0.0911468,0.8047746
575,0.1035231,0.09138,0.8050969
576,0.1030789,0.09178906,0.805132
577,0.1063872,0.09446254,0.7991502
578,0.1068638,0.09453346,0.7986027
579,0.1072564,0.0953159,0.7974278
580,0.1075773,0.09619326,0.7962294
581,0.1078944,0.09711689,0.7949887
582,0.1082485,0.09807996,0.7936716
583,0.108659,0.09906913,0.7922719
584,0.1091334,0.1000445,0.7908221
585,0.109662,0.1010219,0.7893161
586,0.1102423,0.1019746,0.7877831
587,0.1108645,0.1028708,0.7862647
588,0.1115135,0.1036804,0.784806
589,0.115464,0.1046251,0.7799109
590,0.1157934,0.1049234,0.7792832
591,0.116396,0.1054301,0.7781739
592,0.1169731,0.1057478,0.7772791
593,0.1174987,0.1059307,0.7765706
594,0.1179584,0.1060006,0.776041
595,0.1183414,0.1059667,0.775692
596,0.1186419,0.1058327,0.7755254
597,0.1188444,0.1056162,0.7755393
598,0.1189557,0.1053416,0.7757027
599,0.1189832,0.1050272,0.7759895
600,0.1189362,0.1046899,0.7763739
601,0.1194908,0.1039333,0.7765759
602,0.1210086,0.1043073,0.7746841
603,0.1213552,0.1037513,0.7748935
604,0.1211081,0.1029877,0.7759041
605,0.1205294,0.1021533,0.7773173
606,0.1197808,0.1013408,0.7788785
607,0.1189659,0.1006106,0.7804235
608,0.1181499,0.09997891,0.7818712
609,0.1173581,0.0994691,0.7831728
610,0.116611,0.09908383,0.7843052
611,0.1159182,0.09881945,0.7852624
612,0.1152843,0.09867118,0.7860445
613,0.1085978,0.09869333,0.7927089
614,0.1056749,0.09805737,0.7962677
615,0.1039043,0.0980855,0.7980102
616,0.1028705,0.09856301,0.7985665
617,0.102332,0.099381,0.798287
618,0.1021585,0.1004832,0.7973583
619,0.1022791,0.1018297,0.7958912
620,0.1026591,0.1034598,0.7938811
621,0.1032753,0.1052114,0.7915132
622,0.1040904,0.106982,0.7889276
623,0.1050639,0.1086481,0.786288
624,0.1061483,0.1100929,0.7837588
625,0.1048516,0.1112503,0.7838982
626,0.1063061,0.1121899,0.781504
627,0.1074912,0.112558,0.7799507
628,0.1085444,0.1126869,0.7787687
629,0.1094235,0.1125496,0.7780269
630,0.1100971,0.1121877,0.7777151
631,0.1105513,0.1116609,0.7777877
632,0.1108057,0.1111047,0.7780896
633,0.11087,0.1104503,0.7786797
634,0.1107638,0.1097496,0.7794867
635,0.1105139,0.109036,0.7804501
636,0.1101501,0.1083357,0.7815141
637,0.1107079,0.1083591,0.780933
638,0.1073097,0.1064885,0.7862018
639,0.1053226,0.106161,0.7885164
640,0.1040954,0.1062355,0.7896691
641,0.103358,0.1065404,0.7901016
642,0.1029635,0.1070046,0.790032
643,0.1028245,0.1075805,0.789595
644,0.1028723,0.1081505,0.7889771
645,0.1031,0.1088007,0.7880994
646,0.1034838,0.1094678,0.7870483
647,0.1040031,0.1101077,0.7858893
648,0.1046335,0.1106779,0.7846887
649,0.1034117,0.110322,0.7862663
650,0.1072428,0.1121483,0.7806089
651,0.109639,0.111712,0.778649
652,0.1110303,0.1108941,0.7780756
653,0.111609,0.1096963,0.7786946
654,0.1115764,0.1083081,0.7801155
655,0.1111192,0.1069095,0.7819713
656,0.1103931,0.1056191,0.7839877
657,0.1095091,0.1044558,0.7860351
658,0.1085487,0.1034387,0.7880126
659,0.1075657,0.1025688,0.7898656
660,0.1065947,0.101841,0.7915643
661,0.1145966,0.1019705,0.783433
662,0.1130696,0.1006896,0.7862408
663,0.1121865,0.100582,0.7872315
664,0.1115231,0.1005333,0.7879436
665,0.1109994,0.1005644,0.7884362
666,0.1106035,0.1007217,0.7886749
667,0.1103383,0.1010246,0.7886372
668,0.1102095,0.1014816,0.7883089
669,0.1102264,0.1021141,0.7876595
670,0.1103956,0.1029159,0.7866884
671,0.1107186,0.1038631,0.7854183
672,0.1111901,0.1049161,0.7838938
673,0.1053395,0.1047019,0.7899587
674,0.1077649,0.1068438,0.7853913
675,0.1089428,0.1076675,0.7833897
676,0.1099093,0.1084232,0.7816675
677,0.1107085,0.1088529,0.7804387
678,0.1113506,0.108942,0.7797074
679,0.1118419,0.1087665,0.7793916
680,0.1122025,0.1084866,0.7793109
681,0.1124189,0.1080471,0.7795339
682,0.1125064,0.1075277,0.779966
683,0.1124801,0.1069696,0.7805502
684,0.1123592,0.1064029,0.7812379
685,0.1091631,0.105987,0.7848499
686,0.1078938,0.1051959,0.7869102
687,0.1070922,0.1047257,0.7881821
688,0.106596,0.1044889,0.788915
689,0.1062998,0.1044039,0.7892963
690,0.106137,0.104413,0.78945
691,0.1060663,0.1044774,0.7894563
692,0.1060539,0.1045229,0.7894232
693,0.1060823,0.1045928,0.7893248
694,0.1061427,0.1046696,0.7891877
695,0.1062274,0.1047438,0.7890288
696,0.1063296,0.1048086,0.7888618
697,0.1202805,0.1048877,0.7748319
698,0.126502,0.1065448,0.7669532
699,0.1285584,0.1059492,0.7654925
700,0.1285054,0.1044899,0.7670047
701,0.1272635,0.102502,0.7702345
702,0.1254704,0.1004501,0.7740794
703,0.1235137,0.09859544,0.7778909
704,0.1215923,0.09702919,0.7813785
705,0.1197986,0.09575533,0.7844461
706,0.1181459,0.09473252,0.7871216
707,0.1166227,0.09391259,0.7894647
708,0.1152107,0.09324785,0.7915415
709,0.1111063,0.09310903,0.7957847
710,0.1046282,0.0910138,0.804358
711,0.1011161,0.08961545,0.8092685
712,0.09891935,0.0880339,0.8130467
713,0.09762716,0.08605608,0.8163167
714,0.09720651,0.0837366,0.8190569
715,0.09775607,0.08154468,0.8206993
716,0.09933121,0.08076207,0.8199067
717,0.10176,0.08299276,0.8152472
718,0.1046916,0.08969449,0.8056139
719,0.1077342,0.1006391,0.7916268
720,0.1107299,0.1131158,0.7761543
721,0.1082229,0.1240054,0.7677718
722,0.1118417,0.1292918,0.7588664
723,0.1150502,0.1300017,0.7549481
724,0.1182505,0.1287231,0.7530264
725,0.121046,0.1266512,0.7523029
726,0.1231559,0.124355,0.7524891
727,0.1244403,0.1220145,0.7535453
728,0.1248638,0.1195875,0.7555487
729,0.1245613,0.1172319,0.7582069
730,0.1237099,0.1149747,0.7613153
731,0.1225099,0.1128663,0.7646238
732,0.1211383,0.1109461,0.7679156
733,0.1235115,0.1101368,0.7663516
734,0.1225628,0.1084104,0.7690268
735,0.1215261,0.1071072,0.7713667
736,0.1204426,0.1059395,0.7736179
737,0.119366,0.1048962,0.7757378
738,0.1183234,0.1039814,0.7776951
739,0.1173278,0.1031942,0.779478
740,0.1163849,0.1025439,0.7810711
741,0.1155201,0.1020363,0.7824436
742,0.1147341,0.1016691,0.7835968
743,0.114035,0.1014526,0.7845123
744,0.1134352,0.1014018,0.785163
745,0.1070496,0.1023573,0.7905931
746,0.1042572,0.1018479,0.7938949
747,0.1025539,0.102012,0.7954341
748,0.1016226,0.1027654,0.795612
749,0.1012986,0.1040944,0.794607
750,0.1014926,0.1059602,0.7925472
751,0.1021479,0.1082558,0.7895962
752,0.1031991,0.1106441,0.7861568
753,0.1045944,0.1130085,0.7823972
754,0.1062728,0.115048,0.7786792
755,0.1081516,0.1165421,0.7753063
756,0.1101257,0.1173972,0.7724771
757,0.1262738,0.116808,0.7569182
758,0.1336691,0.1178513,0.7484795
759,0.1372907,0.1168454,0.7458639
760,0.1383557,0.1145418,0.7471024
761,0.1376034,0.1116146,0.750782
762,0.1357013,0.108617,0.7556818
763,0.1331985,0.1058391,0.7609624
764,0.1305068,0.1034863,0.7660069
765,0.1278805,0.1014894,0.7706301
766,0.1254451,0.09983835,0.7747164
767,0.1232328,0.09848379,0.7782835
768,0.1212262,0.09736702,0.7814068
769,0.1121401,0.09569135,0.7921686
770,0.1083164,0.09436545,0.7973182
771,0.1055402,0.09335231,0.8011075
772,0.1033868,0.09240044,0.8042128
773,0.1016278,0.09130934,0.8070629
774,0.1002049,0.08996102,0.8098341
775,0.099171,0.08833286,0.8124961
776,0.09863498,0.0864858,0.8148792
777,0.09873559,0.08507302,0.8161913
778,0.0995216,0.08494491,0.8155335
779,0.1009266,0.08722726,0.8118461
780,0.1027704,0.09280293,0.8044267
781,0.1170935,0.0982801,0.7846265
782,0.1207434,0.1078292,0.7714275
783,0.1252529,0.1188995,0.7558476
784,0.1285035,0.1245003,0.7469962
785,0.1306932,0.1248167,0.7444901
786,0.1319625,0.1225634,0.7454742
787,0.1323583,0.1196721,0.7479695
788,0.1320333,0.1170455,0.7509212
789,0.131083,0.1145737,0.7543432
790,0.1297315,0.1123582,0.7579103
791,0.1281826,0.110415,0.7614024
792,0.1265966,0.108743,0.7646604
793,0.1262325,0.106788,0.7669795
794,0.1246441,0.1057362,0.7696196
795,0.1233035,0.1047876,0.771909
796,0.1221137,0.1039599,0.7739264
797,0.1210565,0.1032628,0.7756808
798,0.1201156,0.1026842,0.7772003
799,0.1192839,0.1022128,0.7785034
800,0.118551,0.1017918,0.7796572
801,0.1179352,0.1015023,0.7805624
802,0.1174533,0.1013563,0.7811905
803,0.1171317,0.1013854,0.7814829
804,0.1170021,0.101648,0.78135
805,0.1128702,0.104814,0.7823158
806,0.1096723,0.1051597,0.7851681
807,0.107822,0.1046249,0.7875531
808,0.1073304,0.1045189,0.7881507
809,0.1079823,0.1057121,0.7863055
810,0.1095208,0.1087616,0.7817176
811,0.1116674,0.1136359,0.7746966
812,0.1141576,0.1193555,0.7664869
813,0.1168451,0.124628,0.7585269
814,0.1196362,0.1282396,0.7521242
815,0.122413,0.1297731,0.7478139
816,0.1250061,0.1296005,0.7453934
817,0.1264636,0.1286863,0.7448501
818,0.1288714,0.1270088,0.7441199
819,0.1304402,0.1251698,0.7443901
820,0.1313046,0.1232655,0.7454299
821,0.1315235,0.1213276,0.7471489
822,0.1311818,0.1193934,0.7494248
823,0.1303945,0.1175008,0.7521046
824,0.1292962,0.1157186,0.7549852
825,0.1279881,0.1140081,0.7580038
826,0.1265692,0.1124016,0.7610292
827,0.1251097,0.1109117,0.7639786
828,0.1236553,0.1095435,0.7668012
829,0.1284289,0.1084852,0.763086
830,0.1303852,0.1082785,0.7613363
831,0.1301526,0.1070663,0.7627812
832,0.1290485,0.1057141,0.7652375
833,0.1275386,0.1043201,0.7681413
834,0.125859,0.1029636,0.7711774
835,0.1241325,0.101696,0.7741715
836,0.1224171,0.1005372,0.7770456
837,0.1207808,0.09952144,0.7796978
838,0.1192262,0.09861976,0.7821541
839,0.1177744,0.09781364,0.7844119
840,0.1164613,0.09708372,0.786455
841,0.1077722,0.09575029,0.7964774
842,0.1061798,0.09507205,0.7987481
843,0.1042846,0.09269001,0.8030254
844,0.1033373,0.0897515,0.8069113
845,0.1035099,0.0869008,0.8095893
846,0.1047807,0.08516728,0.810052
847,0.1069284,0.08599231,0.8070793
848,0.1095453,0.09069321,0.7997615
849,0.1122132,0.09959166,0.7881951
850,0.1146958,0.1109227,0.7743815
851,0.117057,0.1214514,0.7614917
852,0.1194838,0.1284042,0.752112
853,0.1243572,0.1308241,0.7448188
854,0.1269057,0.1304101,0.7426842
855,0.129161,0.128604,0.7422349
856,0.1306606,0.1261754,0.743164
857,0.1313516,0.1236724,0.744976
858,0.1312794,0.1212668,0.7474539
859,0.1305621,0.1189939,0.750444
860,0.1293629,0.1168411,0.753796
861,0.1278851,0.1148765,0.7572384
862,0.1262908,0.1131105,0.7605987
863,0.1246936,0.1115445,0.7637619
864,0.1231545,0.1101592,0.7666863
865,0.1215976,0.1087559,0.7696465
866,0.1201197,0.1076683,0.772212
867,0.1187793,0.1066596,0.7745611
868,0.1175503,0.1057337,0.7767161
869,0.1164147,0.1048769,0.7787085
870,0.1153797,0.1040891,0.7805312
871,0.1144627,0.1033845,0.7821528
872,0.1136967,0.1028444,0.7834589
873,0.1131007,0.1024592,0.7844402
874,0.112712,0.1023141,0.7849739
875,0.1125621,0.1025168,0.7849211
876,0.1126714,0.103181,0.7841476
877,0.1151906,0.1030195,0.78179
878,0.118134,0.104996,0.7768701
879,0.1203977,0.1086438,0.7709585
880,0.1220418,0.1123507,0.7656075
881,0.1231417,0.1151371,0.7617212
882,0.1238664,0.116807,0.7593266
883,0.1243391,0.117556,0.7581049
884,0.1246102,0.117631,0.7577589
885,0.1247727,0.1174173,0.75781
886,0.1248242,0.1170462,0.7581296
887,0.1247838,0.1166135,0.7586027
888,0.124672,0.116176,0.7591519
889,0.1276675,0.1168424,0.75549
890,0.1254832,0.1160599,0.7584568
891,0.1246663,0.1155897,0.759744
892,0.1242706,0.1152669,0.7604626
893,0.1241201,0.1151681,0.7607118
894,0.124136,0.1152832,0.7605809
895,0.1242751,0.1155716,0.7601533
896,0.124531,0.1160511,0.759418
897,0.1248571,0.1166179,0.758525
898,0.1252509,0.1172578,0.7574912
899,0.1256993,0.1179395,0.7563612
900,0.126188,0.1186297,0.7551823
901,0.1163323,0.1192136,0.7644541
902,0.1200427,0.120051,0.7599062
903,0.1211048,0.1203501,0.7585452
904,0.121832,0.1209026,0.7572653
905,0.1224267,0.121407,0.7561663
906,0.1229391,0.1217662,0.7552947
907,0.1233837,0.1219716,0.7546447
908,0.1237566,0.1220211,0.7542223
909,0.1240382,0.1219175,0.7540443
910,0.1242228,0.1216856,0.7540916
911,0.124309,0.1213512,0.7543398
912,0.124299,0.1209376,0.7547635
913,0.1304124,0.1220673,0.7475203
914,0.124565,0.1205612,0.7548738
915,0.1221518,0.119711,0.7581373
916,0.1209252,0.1190752,0.7599995
917,0.1203744,0.1188352,0.7607903
918,0.1202821,0.1190058,0.760712
919,0.1205256,0.1195268,0.7599477
920,0.1210029,0.1202302,0.7587669
921,0.1216838,0.1211072,0.757209
922,0.1224957,0.1219977,0.7555066
923,0.123383,0.1227712,0.7538458
924,0.1242929,0.1233307,0.7523764
925,0.119822,0.1238677,0.7563103
926,0.1210419,0.123903,0.7550551
927,0.1216179,0.1234772,0.7549049
928,0.1221564,0.1231094,0.7547343
929,0.1226349,0.1226888,0.7546764
930,0.1230119,0.1221784,0.7548097
931,0.123255,0.1215769,0.7551681
932,0.1233524,0.1209274,0.7557202
933,0.123302,0.1201995,0.7564985
934,0.1231059,0.1194143,0.7574799
935,0.1227786,0.1185987,0.7586226
936,0.1223429,0.1177793,0.7598778
937,0.123917,0.1164537,0.7596293
938,0.1243588,0.1160355,0.7596057
939,0.1241641,0.1153159,0.76052
940,0.1236284,0.1144829,0.7618887
941,0.1228865,0.113598,0.7635155
942,0.1220318,0.1127264,0.7652417
943,0.1211304,0.1119195,0.7669502
944,0.1202155,0.1111318,0.7686527
945,0.1193309,0.1104738,0.7701953
946,0.1184992,0.1099416,0.7715591
947,0.1177412,0.1095428,0.772716
948,0.1170745,0.1092838,0.7736418
949,0.1180888,0.1092967,0.7726145
950,0.1181193,0.1093849,0.7724958
951,0.1181365,0.1097299,0.7721336
952,0.1181465,0.1101594,0.7716941
953,0.1181851,0.110636,0.771179
954,0.1182793,0.1111538,0.7705669
955,0.1184444,0.111711,0.7698446
956,0.118711,0.1124675,0.7688214
957,0.1190393,0.1131792,0.7677816
958,0.1194265,0.1138594,0.7667141
959,0.1198565,0.1144864,0.7656571
960,0.1203106,0.1150357,0.7646537
961,0.1261134,0.115099,0.7587876
962,0.1268277,0.1156177,0.7575546
963,0.1277003,0.116161,0.7561387
964,0.1282018,0.1162017,0.7555965
965,0.1283779,0.1158771,0.7557449
966,0.1283028,0.1153375,0.7563598
967,0.1280406,0.1146942,0.7572652
968,0.1276319,0.1139608,0.7584072
969,0.1271443,0.113281,0.7595748
970,0.1266102,0.1126618,0.7607281
971,0.1260613,0.1121151,0.7618237
972,0.1255227,0.111649,0.7628282
973,0.1249791,0.1098214,0.7651995
974,0.1287744,0.1106652,0.7605604
975,0.1298467,0.1108913,0.759262
976,0.1299292,0.1108332,0.7592376
977,0.1293695,0.1103219,0.7603085
978,0.1284497,0.109524,0.7620263
979,0.1273624,0.1086182,0.7640194
980,0.1262317,0.1077844,0.7659839
981,0.1251124,0.107005,0.7678826
982,0.1240442,0.1063114,0.7696444
983,0.1230505,0.1057073,0.7712423
984,0.1221519,0.1051892,0.7726589
985,0.1242899,0.1080175,0.7676926
986,0.1165018,0.1068275,0.7766707
987,0.112013,0.1042136,0.7837734
988,0.1095458,0.1008242,0.7896301
989,0.1087725,0.09730707,0.7939204
990,0.1095901,0.09461963,0.7957902
991,0.1117983,0.09420948,0.7939923
992,0.1149227,0.09753773,0.7875395
993,0.1183615,0.1053428,0.7762957
994,0.1216199,0.1161425,0.7622375
995,0.1245984,0.1266112,0.7487904
996,0.1274802,0.1336281,0.7388917
997,0.1333744,0.1310913,0.7355343
998,0.1431681,0.1322289,0.724603
999,0.1484047,0.1317807,0.7198145
1000,0.1501836,0.1290655,0.7207509
1001,0.1494962,0.1254396,0.7250643
1002,0.1471801,0.1217095,0.7311104
1003,0.1439728,0.1181843,0.7378429
1004,0.1405206,0.1150175,0.744462
1005,0.1372453,0.1122906,0.7504641
1006,0.1342802,0.1099439,0.755776
1007,0.1315815,0.1078583,0.7605602
1008,0.1290398,0.1059005,0.7650596
1009,0.1265356,0.1044143,0.7690502
1010,0.1205673,0.1013802,0.7780525
1011,0.1164737,0.09829429,0.7852321
1012,0.1126869,0.09395645,0.7933567
1013,0.1088647,0.08735657,0.8037788
1014,0.1051269,0.07673615,0.818137
1015,0.1020634,0.05872912,0.8392075
1016,0.1009684,0.02727989,0.8717517
1017,0.1015518,1.055123E-21,0.8984482
1018,0.08644724,0.1996339,0.7139188
1019,0.07143342,0.238116,0.6904506
1020,0.06969796,0.2967146,0.6335874
1021,0.09724448,0.03634964,0.8664058
1022,0.07888497,0.2945655,0.6265495
1023,0.1292125,0.02973295,0.8410546
1024,0.1037623,0.2628686,0.6333691
1025,0.1153086,0.2517203,0.632971
1026,0.1223239,0.2269237,0.6507524
1027,0.131988,0.1860031,0.682009
1028,0.1396322,0.155276,0.7050918
1029,0.1439736,0.1403316,0.7156948
1030,0.1461376,0.1335469,0.7203156
1031,0.1469107,0.1296089,0.7234805
1032,0.1465145,0.1265448,0.7269407
1033,0.1423044,0.1235367,0.7341589
1034,0.1379863,0.1200685,0.7419453
1035,0.1337322,0.1170032,0.7492647
1036,0.1296268,0.114189,0.7561843
1037,0.1258569,0.1116574,0.7624856
1038,0.1224968,0.1093568,0.7681464
1039,0.1195352,0.1072236,0.7732412
1040,0.1169119,0.1050798,0.7780083
1041,0.1146081,0.1029478,0.7824441
1042,0.1126211,0.1006977,0.7866812
1043,0.1110076,0.0983935,0.7905989
1044,0.1098422,0.09608098,0.7940769
1045,0.1192309,0.09148905,0.78928
1046,0.1214719,0.08983458,0.7886936
1047,0.1250632,0.09400424,0.7809325
1048,0.1278436,0.1004439,0.7717124
1049,0.1292521,0.1065341,0.7642137
1050,0.1296815,0.1110644,0.7592541
1051,0.129598,0.1138825,0.7565195
1052,0.1293145,0.1154613,0.7552242
1053,0.1289277,0.1160156,0.7550567
1054,0.1284736,0.115916,0.7556103
1055,0.1279693,0.1154548,0.7565759
1056,0.1274232,0.1148107,0.7577661
1057,0.1163782,0.1180758,0.765546
1058,0.1132342,0.1170391,0.7697267
1059,0.1095732,0.1135506,0.7768762
1060,0.1073518,0.1098952,0.7827529
1061,0.1064441,0.106687,0.7868689
1062,0.1066484,0.104482,0.7888696
1063,0.1077522,0.104009,0.7882387
1064,0.1095064,0.1061082,0.7843854
1065,0.1116055,0.1110708,0.7773238
1066,0.1138217,0.1181806,0.7679978
1067,0.1160859,0.125707,0.758207
1068,0.1184497,0.131699,0.7498513
1069,0.1292116,0.1325999,0.7381884
1070,0.1334441,0.1337738,0.7327822
1071,0.137182,0.134051,0.728767
1072,0.1394619,0.132558,0.72798
1073,0.140504,0.1303356,0.7291604
1074,0.1405506,0.1280222,0.7314272
1075,0.1398001,0.1258011,0.7343988
1076,0.1384205,0.123634,0.7379455
1077,0.136633,0.1215604,0.7418066
1078,0.1346179,0.1195776,0.7458045
1079,0.132517,0.1176849,0.7497982
1080,0.1304181,0.1158693,0.7537126
1081,0.1272375,0.1130532,0.7597093
1082,0.1232893,0.1111403,0.7655705
1083,0.1204521,0.1090954,0.7704524
1084,0.1181655,0.1068739,0.7749606
1085,0.1163009,0.1045106,0.7791885
1086,0.1148695,0.1020392,0.7830913
1087,0.1139469,0.09954698,0.7865061
1088,0.1136437,0.0973148,0.7890415
1089,0.1140085,0.09567914,0.7903123
1090,0.1150489,0.09524013,0.7897111
1091,0.1166595,0.09668928,0.7866513
1092,0.1186341,0.1005359,0.78083
1093,0.1139648,0.1055495,0.7804857
1094,0.1211564,0.1128927,0.7659509
1095,0.1252038,0.1213503,0.753446
1096,0.128017,0.1279299,0.7440532
1097,0.1300771,0.131125,0.7387979
1098,0.1316411,0.1315428,0.7368162
1099,0.1327577,0.1304391,0.7368032
1100,0.1333502,0.1285914,0.7380584
1101,0.133514,0.1267191,0.739767
1102,0.1332666,0.1249195,0.741814
1103,0.1326851,0.1232289,0.744086
1104,0.131859,0.1216596,0.7464815
1105,0.1314177,0.119974,0.7486084
1106,0.1304653,0.1187434,0.7507913
1107,0.1294093,0.1175719,0.7530188
1108,0.1283047,0.1164675,0.7552279
1109,0.1271974,0.1154407,0.7573619
1110,0.1261212,0.114499,0.7593797
1111,0.1251027,0.1136495,0.7612478
1112,0.124154,0.1128528,0.7629932
1113,0.1233024,0.1121741,0.7645235
1114,0.1225702,0.1116234,0.7658064
1115,0.1219822,0.1112204,0.7667974
1116,0.1215639,0.1109955,0.7674406
1117,0.1149912,0.1102759,0.774733
1118,0.1154028,0.1107002,0.7738971
1119,0.114899,0.1103588,0.7747422
1120,0.1148525,0.1105029,0.7746446
1121,0.1153061,0.1114868,0.7732071
