EwEVersion,"6.5.13829.0 (compiled 2016-05-17)"
Date,"2016-09-06 16:04:16"
ModelName,Baltic_Proper-SEALS
EcosimScenario,Proper1_SealVuln100_19742100_seal0_cofF03
TimeSeries,new_data_weights_19742100_BAU_WAR1_codF03_seal0
StartYear,1974

Data,"Prey of Pseudocalanus sp."

Year,"Cyanobacteria","Phytoplankton","microzooplankton","Detritus-water column",
1974,0.03717318,0.4731519,0.299258,0.1904169
1975,0.03672298,0.4583569,0.313118,0.1918021
1976,0.02963156,0.4926195,0.3195553,0.1581937
1977,0.03035833,0.4760118,0.3269667,0.1666631
1978,0.03215775,0.4616023,0.3284785,0.1777615
1979,0.0332525,0.4562207,0.3261681,0.1843586
1980,0.02915877,0.4810739,0.3259074,0.1638599
1981,0.02850005,0.477499,0.3308637,0.1631373
1982,0.02717162,0.4816817,0.3337063,0.1574404
1983,0.02933912,0.4679008,0.3309373,0.1718228
1984,0.02891231,0.4715985,0.3301133,0.1693759
1985,0.03466892,0.4191286,0.3481675,0.198035
1986,0.02973717,0.471163,0.3281913,0.1709086
1987,0.0475135,0.3361878,0.3521388,0.2641599
1988,0.04365578,0.4032901,0.314533,0.2385212
1989,0.04004249,0.4336168,0.3062774,0.2200633
1990,0.03740478,0.444137,0.3140477,0.2044105
1991,0.04600732,0.385251,0.3231274,0.2456142
1992,0.03960302,0.4440296,0.3048948,0.2114725
1993,0.03987308,0.4320849,0.3152647,0.2127773
1994,0.0367002,0.4472538,0.3207059,0.1953401
1995,0.03539689,0.4584627,0.3149308,0.1912096
1996,0.04276085,0.3992089,0.3315797,0.2264505
1997,0.04752045,0.3874943,0.3167924,0.2481928
1998,0.04007797,0.4445966,0.3039173,0.2114081
1999,0.03208816,0.4831677,0.3112534,0.1734907
2000,0.04316191,0.3931689,0.3335622,0.2301069
2001,0.0453115,0.4019747,0.3147802,0.2379336
2002,0.04645519,0.4019103,0.3089361,0.2426984
2003,0.03307487,0.4747904,0.3172602,0.1748746
2004,0.04153982,0.403773,0.3351225,0.2195647
2005,0.04509307,0.3975667,0.3226008,0.2347395
2006,0.04630527,0.401935,0.3113435,0.2404164
2007,0.04919753,0.3892367,0.3081983,0.2533675
2008,0.03896895,0.4538313,0.3046229,0.2025769
2009,0.0379091,0.4466991,0.3164472,0.1989446
2010,0.04554659,0.3884385,0.3319224,0.2340925
2011,0.04779537,0.3852702,0.3244372,0.2424972
2012,0.04785416,0.4020973,0.3051951,0.2448533
2013,0.03643996,0.465177,0.3090186,0.1893644
2014,0.04524528,0.398748,0.3213787,0.2346279
2015,0.04068151,0.4429468,0.304872,0.2114996
2016,0.04783279,0.3946707,0.3101924,0.2473042
2017,0.04009498,0.4496193,0.3020256,0.2082602
2018,0.04408621,0.4158489,0.3109112,0.2291538
2019,0.05084034,0.3814305,0.3074753,0.2602538
2020,0.05139523,0.3898717,0.2971109,0.2616221
2021,0.04522823,0.42678,0.2963435,0.2316482
2022,0.04336704,0.4302952,0.3031251,0.2232126
2023,0.04366676,0.4276876,0.303506,0.2251397
2024,0.04029894,0.4483356,0.3019203,0.2094451
2025,0.04386616,0.4188048,0.3102035,0.2271255
2026,0.04416501,0.4209392,0.3073673,0.2275286
2027,0.05058895,0.3845706,0.3066792,0.2581612
2028,0.04399188,0.4302408,0.3009096,0.2248577
2029,0.04467601,0.421235,0.3046125,0.2294765
2030,0.04213281,0.4352991,0.3059381,0.21663
2031,0.04369165,0.4240123,0.3072567,0.2250393
2032,0.03254876,0.4912926,0.304126,0.1720327
2033,0.03755385,0.4403137,0.3219511,0.2001814
2034,0.03976554,0.4350685,0.3145457,0.2106202
2035,0.0403071,0.4386233,0.3070101,0.2140595
2036,0.0444212,0.4093735,0.3134287,0.2327765
2037,0.03492558,0.4755925,0.3036706,0.1858113
2038,0.03690357,0.4472931,0.3180753,0.1977279
2039,0.0326517,0.4753769,0.3154561,0.1765153
2040,0.03207944,0.4745197,0.3166839,0.1767169
2041,0.03676385,0.4379098,0.3244393,0.200887
2042,0.03770089,0.4441309,0.3129271,0.2052411
2043,0.03227154,0.4789653,0.3109877,0.1777755
2044,0.03407583,0.4530214,0.325355,0.1875477
2045,0.03423815,0.459186,0.3177626,0.1888132
2046,0.03435769,0.458219,0.3175721,0.1898512
2047,0.0311678,0.4756418,0.3199911,0.1731993
2048,0.03206895,0.4660919,0.3221999,0.1796392
2049,0.03164031,0.4685802,0.3221124,0.1776672
2050,0.03633028,0.437903,0.3232771,0.2024897
2051,0.03784898,0.4367378,0.3171533,0.2082598
2052,0.03634046,0.4504659,0.3138421,0.1993515
2053,0.03513437,0.4553461,0.3169807,0.1925389
2054,0.03349798,0.4656924,0.3162745,0.1845351
2055,0.02844359,0.4943133,0.3174188,0.1598242
2056,0.03367548,0.4473755,0.329718,0.189231
2057,0.02718817,0.5006587,0.3167014,0.1554517
2058,0.02929023,0.4708689,0.3301769,0.169664
2059,0.03110706,0.4578352,0.3326359,0.1784218
2060,0.03403946,0.4504796,0.3204759,0.195005
2061,0.02818051,0.4888066,0.3210104,0.1620025
2062,0.03289748,0.4460291,0.3327109,0.1883626
2063,0.03065823,0.473584,0.3201964,0.1755614
2064,0.03214547,0.4589766,0.324971,0.183907
2065,0.02997496,0.4747289,0.3238635,0.1714326
2066,0.02950927,0.4766582,0.3233849,0.1704477
2067,0.03051998,0.4653083,0.3283249,0.1758468
2068,0.03161321,0.4624703,0.3240429,0.1818735
2069,0.03125417,0.4679962,0.320943,0.1798066
2070,0.03141358,0.4646027,0.323842,0.1801417
2071,0.0321277,0.461986,0.3220842,0.1838021
2072,0.03162045,0.4653569,0.3226573,0.1803654
2073,0.03171224,0.4641429,0.3234617,0.1806831
2074,0.03046513,0.4723543,0.3231939,0.1739867
2075,0.02742996,0.4902828,0.3234163,0.158871
2076,0.02669629,0.4861561,0.3304674,0.1566802
2077,0.02788799,0.4759955,0.331372,0.1647445
2078,0.02576911,0.4921965,0.3280185,0.154016
2079,0.03167779,0.437883,0.3441142,0.1863251
2080,0.03219846,0.4572726,0.3224214,0.1881076
2081,0.02819916,0.4854863,0.3204567,0.1658577
2082,0.02691464,0.4855137,0.3279053,0.1596663
2083,0.02910172,0.4693596,0.3285876,0.1729511
2084,0.02672976,0.4892348,0.3242159,0.1598195
2085,0.02812462,0.4731143,0.3301765,0.1685846
2086,0.02815316,0.4756413,0.3278805,0.168325
2087,0.02489409,0.4975894,0.3268,0.1507165
2088,0.02721198,0.4665171,0.3421057,0.1641652
2089,0.02527434,0.4916924,0.3289506,0.1540826
2090,0.02287553,0.4979681,0.337603,0.1415533
2091,0.02212683,0.4905717,0.3485655,0.138736
2092,0.0241631,0.4833092,0.3383368,0.1541908
2093,0.02569094,0.4637814,0.3497754,0.1607522
2094,0.02424583,0.4933771,0.3283009,0.1540761
2095,0.02881484,0.4342432,0.360018,0.1769239
2096,0.02997668,0.4614953,0.3245858,0.1839422
2097,0.02602462,0.4892711,0.3248523,0.1598521
2098,0.03039253,0.4445337,0.3420468,0.1830269
