EwEVersion,"6.5.13829.0 (compiled 2016-05-17)"
Date,"2016-09-06 18:35:34"
ModelName,Baltic_Proper-SEALS
EcosimScenario,Proper1_SealVuln100_19742100_seal1_cofF1
TimeSeries,new_data_weights_19742100_BAU_WAR1_codF1_seal1
StartYear,1974

Data,"Prey of microzooplankton"

TimeStep,"Cyanobacteria","Phytoplankton","Detritus-water column",
1,0.0008785255,0.5158164,0.483305
2,0.0008198718,0.5461308,0.4530492
3,0.0007911187,0.559675,0.4395338
4,0.0007766321,0.5654632,0.43376
5,0.0007692975,0.567544,0.4316867
6,0.0007655739,0.5678975,0.4313369
7,0.0007636456,0.5675095,0.4317269
8,0.0007625802,0.5668615,0.4323759
9,0.000761907,0.5661771,0.433061
10,0.0007613972,0.5655503,0.4336883
11,0.0007609448,0.5650129,0.4342261
12,0.0007605043,0.5645697,0.4346699
13,0.0007726948,0.5569893,0.442238
14,0.0007796324,0.5525923,0.446628
15,0.0007832795,0.5502692,0.4489475
16,0.0007850194,0.5491336,0.4500813
17,0.0007856891,0.5486611,0.4505533
18,0.0007857836,0.5485436,0.4506706
19,0.000785586,0.5486044,0.45061
20,0.0007852534,0.5487427,0.450472
21,0.0007848715,0.5488992,0.4503159
22,0.0007844871,0.5490368,0.4501787
23,0.0007841254,0.54913,0.4500859
24,0.0007838001,0.549161,0.4500553
25,0.0007128019,0.5897602,0.4095269
26,0.0006786226,0.6086188,0.3907025
27,0.0006622651,0.6165195,0.3828183
28,0.0006541656,0.6195205,0.3798254
29,0.0006501475,0.6201601,0.3791896
30,0.0006481193,0.6197114,0.3796404
31,0.000647025,0.6188141,0.3805389
32,0.0006463414,0.6177795,0.3815742
33,0.0006458191,0.6167487,0.3826056
34,0.0006453432,0.6157827,0.3835718
35,0.0006448679,0.6149006,0.3844546
36,0.0006443789,0.6141027,0.385253
37,0.0006596078,0.6041189,0.3952215
38,0.0006681603,0.5983189,0.401013
39,0.0006726586,0.5951243,0.404203
40,0.0006748312,0.593407,0.4059182
41,0.0006757187,0.5924977,0.4068265
42,0.0006759249,0.5920126,0.4073115
43,0.0006757871,0.5917385,0.4075857
44,0.0006754881,0.5915613,0.4077632
45,0.0006751236,0.591422,0.4079029
46,0.0006747452,0.591285,0.4080403
47,0.0006743785,0.5911316,0.408194
48,0.0006740356,0.590951,0.4083749
49,0.0006902047,0.580917,0.4183927
50,0.0006995352,0.5751517,0.4241487
51,0.0007046558,0.5720504,0.427245
52,0.0007073484,0.5704288,0.4288639
53,0.0007086944,0.5695848,0.4297064
54,0.0007093266,0.5691155,0.4301751
55,0.0007096,0.568802,0.4304884
56,0.0007097046,0.5685337,0.4307567
57,0.0007097368,0.5682601,0.4310302
58,0.0007097391,0.5679685,0.4313217
59,0.0007097299,0.5676601,0.4316302
60,0.0007097147,0.5673422,0.4319481
61,0.0007164612,0.5632625,0.436021
62,0.0007203277,0.5610325,0.4382473
63,0.0007226323,0.5596789,0.4395985
64,0.0007239575,0.5588756,0.4404004
65,0.0007247046,0.5583826,0.4408926
66,0.0007251186,0.5580565,0.4412184
67,0.0007253434,0.5578165,0.4414581
68,0.0007254616,0.5576205,0.4416541
69,0.0007255198,0.5574478,0.4418266
70,0.0007255449,0.5572874,0.4419871
71,0.0007255506,0.557135,0.4421394
72,0.0007255446,0.5569903,0.4422842
73,0.0006834582,0.5824491,0.4168674
74,0.0006619956,0.5949561,0.4043818
75,0.0006510922,0.600673,0.398676
76,0.0006455063,0.6030594,0.3962952
77,0.0006426264,0.6038128,0.3955446
78,0.000641102,0.6038028,0.395556
79,0.0006402352,0.6034724,0.3958874
80,0.0006396708,0.6030402,0.3963202
81,0.0006392344,0.6026087,0.3967521
82,0.0006388441,0.6022214,0.3971397
83,0.0006384642,0.6018935,0.3974681
84,0.0006380806,0.6016264,0.3977355
85,0.000638359,0.6006066,0.3987551
86,0.0006383623,0.5997742,0.3995874
87,0.000637987,0.5993912,0.3999708
88,0.0006374989,0.5992,0.4001625
89,0.0006369815,0.5991187,0.4002444
90,0.0006364623,0.5991138,0.4002498
91,0.0006359489,0.599169,0.4001952
92,0.0006354408,0.5992742,0.4000904
93,0.0006349368,0.5994202,0.3999448
94,0.0006344386,0.5995958,0.3997698
95,0.0006339511,0.5997854,0.3995807
96,0.0006334829,0.59997,0.3993965
97,0.0006227615,0.6064317,0.3929455
98,0.0006168393,0.6097193,0.3896638
99,0.000613515,0.6112985,0.388088
100,0.0006116547,0.6119034,0.387485
101,0.0006106101,0.6119584,0.387431
102,0.0006100217,0.6116984,0.3876915
103,0.0006096922,0.6112546,0.3881357
104,0.000609513,0.6107025,0.388688
105,0.0006094241,0.610088,0.3893026
106,0.0006093885,0.6094443,0.3899463
107,0.0006093818,0.6087966,0.390594
108,0.0006093866,0.6081647,0.3912258
109,0.0006286778,0.5952079,0.4041635
110,0.0006399935,0.5875785,0.4117814
111,0.0006462695,0.5834679,0.4158859
112,0.0006496438,0.5813385,0.418012
113,0.0006513968,0.5802956,0.419053
114,0.0006522772,0.5798237,0.419524
115,0.0006527055,0.5796369,0.4197104
116,0.0006529086,0.5795842,0.4197629
117,0.0006530036,0.579589,0.419758
118,0.0006530487,0.5796157,0.4197313
119,0.000653072,0.579648,0.4196989
120,0.0006530865,0.5796789,0.419668
121,0.0006465263,0.5839973,0.4153562
122,0.000642908,0.5863689,0.4129882
123,0.0006410362,0.5874959,0.4118631
124,0.0006400722,0.5879971,0.4113629
125,0.0006395831,0.5881768,0.4111835
126,0.0006393337,0.5881987,0.4111619
127,0.0006391992,0.588149,0.4112119
128,0.0006391153,0.588071,0.4112899
129,0.0006390518,0.5879853,0.4113756
130,0.0006389939,0.5879008,0.4114601
131,0.0006389361,0.5878209,0.4115402
132,0.0006388758,0.5877466,0.4116145
133,0.0006936348,0.5539035,0.4454029
134,0.0007288627,0.53367,0.4656011
135,0.0007507708,0.5221894,0.4770599
136,0.0007637936,0.5164051,0.4828311
137,0.000771332,0.5139412,0.4852875
138,0.0007756632,0.5132437,0.4859807
139,0.0007782071,0.5133715,0.4858502
140,0.0007798016,0.5137919,0.4854283
141,0.000780919,0.5142239,0.4849951
142,0.000781819,0.5145272,0.484691
143,0.0007826356,0.514645,0.4845723
144,0.0007834332,0.5145658,0.4846507
145,0.0007134795,0.5573161,0.4419704
146,0.0006796734,0.5767962,0.4225242
147,0.0006628306,0.5853823,0.4139548
148,0.0006542468,0.5888859,0.4104599
149,0.0006498031,0.5900308,0.4093194
150,0.0006474479,0.5901346,0.409218
151,0.0006461459,0.589825,0.409529
152,0.0006453752,0.5893883,0.4099663
153,0.000644874,0.5889466,0.4104085
154,0.0006445106,0.5885468,0.4108087
155,0.0006442192,0.5882028,0.411153
156,0.0006439659,0.5879158,0.4114402
157,0.0007674716,0.510212,0.4890205
158,0.0008618382,0.4529794,0.5461587
159,0.000929263,0.4148309,0.5842399
160,0.0009752011,0.3913345,0.6076903
161,0.001005397,0.3780965,0.6208981
162,0.001024707,0.371559,0.6274163
163,0.001036843,0.3691057,0.6298575
164,0.001044451,0.3689414,0.6300141
165,0.001049305,0.3699112,0.6290395
166,0.001052532,0.3713154,0.6276321
167,0.001054822,0.3727528,0.6261923
168,0.001056582,0.3740117,0.6249317
169,0.0009734678,0.4240736,0.5749529
170,0.0009275721,0.4502859,0.5487866
171,0.0009042084,0.4613762,0.5377197
172,0.0008911827,0.466313,0.5327958
173,0.0008836553,0.4685967,0.5305197
174,0.0008793157,0.4696118,0.5295089
175,0.0008768507,0.4700747,0.5290484
176,0.000875501,0.4703348,0.5287896
177,0.000874826,0.4705456,0.5285795
178,0.0008745681,0.4707633,0.528362
179,0.0008745719,0.471004,0.5281215
180,0.0008747405,0.4712693,0.5278559
181,0.0008495057,0.4864936,0.5126569
182,0.0008350876,0.495039,0.504126
183,0.0008270711,0.4996827,0.4994902
184,0.0008227373,0.5021558,0.4970214
185,0.0008204882,0.5034615,0.495718
186,0.0008193943,0.5041705,0.49501
187,0.0008189224,0.5046007,0.4945804
188,0.0008187723,0.5049235,0.4942577
189,0.0008187791,0.505229,0.4939522
190,0.0008188548,0.5055605,0.4936206
191,0.0008189543,0.5059379,0.4932432
192,0.000819055,0.5063688,0.4928121
193,0.0008038517,0.5157563,0.4834398
194,0.0007951643,0.5211167,0.4780881
195,0.0007902749,0.5241802,0.4750295
196,0.0007875798,0.5259527,0.4732598
197,0.0007861232,0.5270244,0.4721895
198,0.0007853495,0.5277283,0.4714863
199,0.0007849425,0.5282437,0.4709714
200,0.000784729,0.5286613,0.470554
201,0.0007846172,0.529022,0.4701934
202,0.0007845624,0.5293387,0.4698768
203,0.0007845444,0.529612,0.4696034
204,0.0007845556,0.5298377,0.4693778
205,0.0008512291,0.4908803,0.5082685
206,0.0008961976,0.4656861,0.5334177
207,0.0009251072,0.4506868,0.5483881
208,0.0009429719,0.4424431,0.5566139
209,0.0009536662,0.4383641,0.5606822
210,0.0009599429,0.4366602,0.5623798
211,0.000963629,0.4361841,0.5628523
212,0.0009658685,0.4362494,0.5627847
213,0.0009673383,0.4364784,0.5625543
214,0.0009684066,0.4367015,0.5623301
215,0.0009692678,0.4368591,0.5621716
216,0.0009700163,0.4369493,0.5620806
217,0.0008918723,0.4819497,0.5171585
218,0.0008505007,0.5048288,0.4943208
219,0.0008288735,0.5159796,0.4831915
220,0.000817567,0.5212066,0.4779759
221,0.0008117431,0.5234463,0.475742
222,0.0008088225,0.5242284,0.4749628
223,0.0008074142,0.5243458,0.4748469
224,0.0008067728,0.5241988,0.4749945
225,0.0008065052,0.52398,0.4752135
226,0.000806409,0.5237754,0.4754182
227,0.0008063844,0.5236176,0.4755761
228,0.000806385,0.5235143,0.4756793
229,0.0008198185,0.5159935,0.4831867
230,0.0008279663,0.5117719,0.4874002
231,0.0008328645,0.5094802,0.4896869
232,0.0008357364,0.5083712,0.490793
233,0.000837396,0.5079471,0.4912155
234,0.0008383551,0.5078992,0.4912624
235,0.0008389219,0.5080447,0.4911164
236,0.0008392758,0.5082787,0.490882
237,0.0008395182,0.5085427,0.4906178
238,0.0008397033,0.5088039,0.4903564
239,0.0008398597,0.5090445,0.4901157
240,0.0008400005,0.5092544,0.4899056
241,0.000812599,0.5257418,0.4734456
242,0.0007975001,0.5347655,0.464437
243,0.0007896521,0.5391374,0.460073
244,0.0007856179,0.5411289,0.4580854
245,0.0007835943,0.5418913,0.4573252
246,0.0007826,0.5420454,0.457172
247,0.0007821071,0.5419231,0.4572947
248,0.0007818404,0.5416957,0.4575224
249,0.0007816642,0.5414471,0.4577712
250,0.0007815179,0.5412114,0.4580071
251,0.0007813768,0.5410002,0.4582183
252,0.0007812338,0.5408151,0.4584037
253,0.0007698614,0.5463726,0.4528575
254,0.0007632274,0.549107,0.4501298
255,0.0007590745,0.5506487,0.4485922
256,0.000756528,0.5514033,0.4478401
257,0.0007549579,0.551708,0.4475371
258,0.000753968,0.5517735,0.4474726
259,0.0007533193,0.5517219,0.4475247
260,0.0007528701,0.5516214,0.4476256
261,0.0007525382,0.5515075,0.4477399
262,0.000752276,0.551398,0.4478497
263,0.0007520564,0.5513005,0.4479475
264,0.0007518639,0.5512172,0.4480309
265,0.0008157634,0.5144917,0.4846925
266,0.0008581139,0.4915911,0.5075508
267,0.0008851181,0.4781291,0.5209858
268,0.0009016037,0.4709553,0.528143
269,0.0009113508,0.4676099,0.5314789
270,0.0009170097,0.4664061,0.5326769
271,0.000920308,0.4662723,0.5328074
272,0.0009223092,0.4665667,0.532511
273,0.0009236324,0.4669297,0.5321467
274,0.0009246141,0.4671838,0.5318916
275,0.0009254243,0.4672602,0.5318144
276,0.0009261361,0.4671578,0.5319161
277,0.0009447123,0.4563393,0.5427161
278,0.0009565561,0.4493939,0.5496496
279,0.0009637089,0.4453583,0.5536779
280,0.000967895,0.4431429,0.5558892
281,0.0009702784,0.4420235,0.5570062
282,0.0009716123,0.4415369,0.5574914
283,0.0009723648,0.4413992,0.5576284
284,0.0009728147,0.441444,0.5575832
285,0.0009731212,0.4415788,0.5574481
286,0.0009733702,0.4417544,0.5572723
287,0.0009736052,0.441946,0.5570803
288,0.0009738457,0.4421432,0.556883
289,0.000899617,0.4841149,0.5149856
290,0.0008598764,0.5056533,0.4934868
291,0.0008388259,0.5162772,0.482884
292,0.0008276435,0.5213273,0.4778451
293,0.0008217465,0.5235375,0.4756409
294,0.0008186743,0.5243416,0.4748398
295,0.0008170917,0.5244908,0.4746921
296,0.0008162764,0.5243708,0.474813
297,0.0008158438,0.5241709,0.4750133
298,0.0008155956,0.5239769,0.4752075
299,0.0008154332,0.5238227,0.4753619
300,0.0008153087,0.5237178,0.4754669
301,0.0007498086,0.5611991,0.4380512
302,0.0007170184,0.5790964,0.4201866
303,0.0007002749,0.587409,0.4118908
304,0.000691598,0.5910391,0.4082693
305,0.0006870587,0.5923687,0.4069442
306,0.0006846352,0.592604,0.4067113
307,0.0006832749,0.5923571,0.4069596
308,0.0006824359,0.5919302,0.4073874
309,0.0006818447,0.5914647,0.4078535
310,0.0006813673,0.5910231,0.4082955
311,0.000680942,0.5906262,0.4086929
312,0.0006805431,0.5902761,0.4090435
313,0.0007729144,0.535242,0.4639851
314,0.0008380218,0.4977276,0.5014343
315,0.0008808967,0.4746874,0.5244317
316,0.0009076463,0.4617954,0.537297
317,0.0009235946,0.4554147,0.5436618
318,0.0009327667,0.4528742,0.5461929
319,0.000937931,0.452389,0.5466731
320,0.0009408512,0.4528502,0.546209
321,0.000942581,0.4536106,0.5454468
322,0.0009437047,0.4543314,0.5447249
323,0.0009445257,0.4548565,0.5441989
324,0.0009451889,0.4551398,0.543915
325,0.0009375188,0.4597112,0.5393512
326,0.0009329669,0.4621344,0.5369326
327,0.0009302669,0.463371,0.5356987
328,0.0009286982,0.4639146,0.5351567
329,0.0009277982,0.464098,0.5349742
330,0.0009272918,0.4641212,0.5349516
331,0.000927023,0.4640935,0.5349795
332,0.000926905,0.4640701,0.535003
333,0.0009268889,0.4640748,0.5349983
334,0.0009269501,0.4641098,0.5349633
335,0.0009270713,0.4641718,0.5349011
336,0.0009272396,0.4642563,0.5348164
337,0.0009334639,0.4609914,0.5380751
338,0.0009374319,0.4591367,0.5399259
339,0.0009399483,0.4581644,0.5408956
340,0.0009415549,0.457732,0.5413265
341,0.0009426069,0.4576191,0.5414382
342,0.0009433298,0.457691,0.5413656
343,0.000943862,0.4578678,0.5411884
344,0.0009442865,0.4581039,0.5409518
345,0.0009446521,0.4583734,0.540682
346,0.0009449857,0.4586639,0.540391
347,0.0009453036,0.458968,0.5400866
348,0.0009456146,0.4592802,0.5397741
349,0.0008152933,0.5341244,0.4650602
350,0.0007557583,0.5672451,0.4319991
351,0.0007278759,0.5815338,0.4177383
352,0.0007142774,0.5875492,0.4117365
353,0.0007075843,0.5897073,0.4095851
354,0.0007042627,0.5901002,0.4091955
355,0.0007025567,0.5897489,0.4095485
356,0.0007015951,0.5891431,0.4101553
357,0.0007009566,0.5885041,0.4107949
358,0.0007004465,0.5879216,0.4113779
359,0.0006999818,0.5874227,0.4118774
360,0.0006995308,0.5870076,0.4122929
361,0.0007783372,0.54011,0.4591117
362,0.0008320922,0.5087373,0.4904307
363,0.0008661503,0.4901436,0.5089902
364,0.0008865728,0.4801221,0.5189913
365,0.0008982287,0.4754048,0.523697
366,0.0009045976,0.4737172,0.5253782
367,0.0009079649,0.4736001,0.5254919
368,0.0009097275,0.474182,0.5249084
369,0.0009106872,0.4749732,0.5241161
370,0.0009112805,0.4757101,0.5233786
371,0.0009117262,0.4762651,0.5228232
372,0.000912122,0.4765907,0.5224972
373,0.0009226587,0.4710403,0.528037
374,0.0009292375,0.4676771,0.5313937
375,0.0009332814,0.4656421,0.5334246
376,0.0009357259,0.4643953,0.5346689
377,0.0009371819,0.4636075,0.5354553
378,0.0009380357,0.4630912,0.5359708
379,0.0009385289,0.4627446,0.5363168
380,0.0009388131,0.4625127,0.5365485
381,0.0009389833,0.4623643,0.5366967
382,0.0009390981,0.4622816,0.5367794
383,0.000939195,0.4622508,0.53681
384,0.0009392956,0.4622605,0.5368001
385,0.0009411325,0.4612382,0.5378207
386,0.000942315,0.4606536,0.538404
387,0.00094306,0.4603929,0.5386641
388,0.0009435526,0.4603256,0.5387309
389,0.0009439057,0.4603733,0.5386828
390,0.000944184,0.4604909,0.5385649
391,0.0009444234,0.4606543,0.5384013
392,0.0009446424,0.4608517,0.5382036
393,0.0009448508,0.4610783,0.5379768
394,0.0009450546,0.46133,0.537725
395,0.0009452561,0.4616046,0.5374501
396,0.0009454572,0.4619008,0.5371538
397,0.0009651309,0.4504503,0.5485846
398,0.0009775334,0.4433689,0.5556536
399,0.0009847928,0.4396794,0.5593358
400,0.0009889111,0.4379864,0.5610247
401,0.000991179,0.4374266,0.5615823
402,0.000992406,0.4374712,0.5615364
403,0.0009930814,0.437808,0.5611989
404,0.0009934861,0.4382598,0.5607467
405,0.0009937737,0.4387312,0.5602751
406,0.00099402,0.4391753,0.5598307
407,0.0009942595,0.4395719,0.5594338
408,0.0009945034,0.4399143,0.5590912
409,0.0008981579,0.4939479,0.505154
410,0.0008489662,0.520424,0.4787269
411,0.0008240122,0.5328138,0.4663622
412,0.0008111617,0.538393,0.4607958
413,0.0008045589,0.54062,0.4585755
414,0.0008011843,0.5412478,0.457951
415,0.0007994511,0.5411716,0.458029
416,0.0007985276,0.5408379,0.4583636
417,0.0007979859,0.5404577,0.4587443
418,0.0007976122,0.5401219,0.4590804
419,0.0007973042,0.5398627,0.45934
420,0.0007970151,0.5396851,0.4595179
421,0.0008020544,0.5366738,0.4625242
422,0.0008048934,0.5350612,0.4641339
423,0.0008064432,0.5342288,0.4649647
424,0.0008071976,0.5338827,0.4653102
425,0.0008074859,0.5338175,0.465375
426,0.0008075122,0.5339043,0.4652882
427,0.0008073988,0.5340635,0.4651292
428,0.0008072178,0.534245,0.4649478
429,0.0008070128,0.5344159,0.4647771
430,0.0008068103,0.5345524,0.4646408
431,0.0008066256,0.5346379,0.4645554
432,0.0008064678,0.5346617,0.464532
433,0.0008699024,0.4994177,0.4997124
434,0.0009118721,0.4775251,0.5215631
435,0.0009387585,0.4644929,0.5345683
436,0.0009552474,0.4574073,0.5416374
437,0.0009650703,0.4538998,0.5451351
438,0.0009708432,0.4523471,0.5466821
439,0.0009742707,0.4517235,0.5473022
440,0.0009763964,0.451427,0.5475966
441,0.0009778162,0.4511428,0.5478793
442,0.0009788348,0.4507559,0.5482652
443,0.0009795949,0.4502631,0.5487573
444,0.0009801583,0.4497186,0.5493013
445,0.00098285,0.4488785,0.5501387
446,0.0009845571,0.4487462,0.5502692
447,0.0009859654,0.4485941,0.5504199
448,0.0009871228,0.4484617,0.5505512
449,0.0009880923,0.4483444,0.5506675
450,0.0009889186,0.4482388,0.5507723
451,0.0009896342,0.4481436,0.5508667
452,0.0009902611,0.4480603,0.5509494
453,0.0009908162,0.4479911,0.551018
454,0.0009913131,0.4479353,0.5510734
455,0.000991763,0.4478927,0.5511156
456,0.0009921736,0.4478631,0.5511447
457,0.0009816604,0.45212,0.5468984
458,0.0009752915,0.4535554,0.5454693
459,0.0009706435,0.4546795,0.5443498
460,0.0009672763,0.4555824,0.5434504
461,0.0009648942,0.4562904,0.5427448
462,0.0009632568,0.456836,0.5422007
463,0.0009621646,0.4572612,0.5417766
464,0.000961459,0.4576086,0.54143
465,0.0009610199,0.4579147,0.5411242
466,0.0009607596,0.4582082,0.540831
467,0.0009606159,0.4585098,0.5405296
468,0.000960546,0.4588359,0.5402036
469,0.0008587091,0.5161302,0.4830111
470,0.0008085444,0.543365,0.4558264
471,0.0007837474,0.5558223,0.4433939
472,0.0007712101,0.5613565,0.4378723
473,0.000764846,0.5635532,0.435682
474,0.000761601,0.5641793,0.4350592
475,0.0007599025,0.5641202,0.43512
476,0.0007589441,0.5638106,0.4354305
477,0.0007583213,0.5634522,0.4357894
478,0.0007578392,0.5631293,0.4361129
479,0.0007574109,0.5628665,0.4363761
480,0.0007570014,0.5626624,0.4365806
481,0.0008007916,0.5365938,0.4626054
482,0.0008283881,0.520294,0.4788777
483,0.000844469,0.5113689,0.4877866
484,0.0008533893,0.5068588,0.4922878
485,0.0008580483,0.5048875,0.4942545
486,0.0008603003,0.5042818,0.4948579
487,0.0008612655,0.5043479,0.4947908
488,0.0008615853,0.5046982,0.4944403
489,0.0008616106,0.5051243,0.4940141
490,0.00086152,0.5055264,0.4936121
491,0.0008614023,0.5058578,0.4932808
492,0.0008612969,0.5061003,0.4930383
493,0.0008830393,0.4939128,0.5052042
494,0.0008965228,0.4866278,0.5124757
495,0.0009045514,0.4825788,0.5165166
496,0.0009092007,0.4804483,0.5186425
497,0.0009118367,0.4793929,0.5196952
498,0.0009133217,0.478897,0.5201897
499,0.0009141745,0.478665,0.5204208
500,0.0009146926,0.4785422,0.5205432
501,0.0009150391,0.4784572,0.5206279
502,0.0009153064,0.478374,0.5207107
503,0.0009155386,0.4782845,0.5207999
504,0.0009157546,0.4781913,0.520893
505,0.0008869751,0.4943283,0.5047848
506,0.0008707145,0.5031058,0.4960235
507,0.0008617885,0.5075781,0.4915601
508,0.0008570008,0.5097013,0.4894418
509,0.0008545111,0.5105835,0.488562
510,0.0008532647,0.5108462,0.4883006
511,0.0008526682,0.510828,0.4883193
512,0.0008523956,0.5107055,0.4884421
513,0.0008522738,0.5105653,0.4885823
514,0.0008522119,0.5104492,0.4886986
515,0.0008521671,0.5103722,0.4887757
516,0.0008521213,0.5103374,0.4888105
517,0.0008521331,0.5104008,0.4887471
518,0.0008521391,0.510529,0.4886188
519,0.0008521985,0.5106053,0.4885425
520,0.0008522494,0.5106893,0.4884584
521,0.0008522798,0.510792,0.4883557
522,0.0008522892,0.5109138,0.4882338
523,0.0008522801,0.5110521,0.4880956
524,0.0008522566,0.5112021,0.4879457
525,0.0008522227,0.5113585,0.4877893
526,0.0008521819,0.5115158,0.487632
527,0.0008521379,0.5116681,0.4874798
528,0.0008520934,0.5118094,0.4873385
529,0.0008563624,0.5094183,0.4897254
530,0.0008588811,0.5080473,0.4910938
531,0.0008602559,0.507383,0.4917568
532,0.0008609891,0.507084,0.492055
533,0.0008613668,0.5069688,0.4921698
534,0.0008615567,0.5069336,0.4922048
535,0.0008616536,0.506922,0.4922163
536,0.0008617092,0.5069058,0.4922324
537,0.0008617492,0.5068738,0.4922644
538,0.000861785,0.5068236,0.4923146
539,0.0008618209,0.5067576,0.4923805
540,0.000861857,0.5066805,0.4924577
541,0.0008836698,0.4944319,0.5046844
542,0.0008971918,0.4871401,0.5119627
543,0.0009052967,0.483059,0.5160358
544,0.0009099974,0.4809394,0.5181505
545,0.0009126497,0.4799507,0.5191367
546,0.0009141159,0.4795751,0.5195108
547,0.0009149218,0.4795076,0.5195774
548,0.0009153743,0.4795778,0.5195068
549,0.000915646,0.4796968,0.5193875
550,0.0009158303,0.4798211,0.5192631
551,0.0009159743,0.479933,0.5191511
552,0.0009161007,0.4800275,0.5190565
553,0.0009151112,0.4807817,0.5183032
554,0.0009145826,0.481262,0.5178233
555,0.0009143726,0.4815155,0.5175701
556,0.0009143284,0.4816539,0.5174318
557,0.0009143695,0.4817325,0.5173532
558,0.0009144501,0.4817827,0.5173029
559,0.000914545,0.4818223,0.5172632
560,0.0009146412,0.4818607,0.5172246
561,0.0009147336,0.4819025,0.5171828
562,0.0009148205,0.4819487,0.5171365
563,0.0009149014,0.4819997,0.5170854
564,0.0009149772,0.4820549,0.5170301
565,0.000952096,0.4614329,0.537615
566,0.0009761956,0.4486108,0.550413
567,0.0009912194,0.4412284,0.5577803
568,0.001000287,0.4372908,0.5617089
569,0.001005609,0.4354163,0.5635781
570,0.001008674,0.4346964,0.5642949
571,0.001010435,0.4345667,0.5644228
572,0.001011474,0.4346961,0.5642924
573,0.00101213,0.4349039,0.564084
574,0.001012589,0.4351021,0.5638852
575,0.00101295,0.435255,0.5637321
576,0.00101326,0.4353551,0.5636316
577,0.0009546049,0.4677643,0.5312811
578,0.0009218736,0.4851051,0.5139731
579,0.0009041093,0.4938181,0.5052778
580,0.0008945413,0.4979601,0.5011453
581,0.0008894582,0.4997258,0.4993847
582,0.0008867963,0.5003119,0.4988013
583,0.0008854122,0.5003599,0.4987547
584,0.0008846819,0.5002017,0.4989136
585,0.0008842738,0.4999996,0.4991162
586,0.0008840163,0.4998255,0.4992905
587,0.0008838246,0.4997069,0.4994093
588,0.0008836582,0.4996501,0.4994662
589,0.0008713604,0.5063301,0.4927985
590,0.0008641348,0.5100825,0.4890534
591,0.0008599434,0.5121279,0.4870122
592,0.0008575357,0.5132085,0.485934
593,0.0008561477,0.513773,0.4853708
594,0.0008553275,0.5140803,0.4850644
595,0.000854815,0.514273,0.4848722
596,0.0008544647,0.5144249,0.4847207
597,0.0008541975,0.5145705,0.4845754
598,0.000853974,0.5147219,0.4844241
599,0.0008537766,0.5148787,0.4842675
600,0.0008536,0.5150336,0.4841128
601,0.0008478462,0.5183983,0.4807539
602,0.0008444576,0.5203509,0.4788045
603,0.000842576,0.521349,0.4778084
604,0.0008415433,0.5218188,0.4773397
605,0.0008409956,0.521981,0.477178
606,0.0008407217,0.5219617,0.4771976
607,0.0008406001,0.521833,0.4773264
608,0.0008405619,0.5216361,0.4775233
609,0.0008405686,0.5213956,0.4777639
610,0.0008405962,0.521129,0.4780304
611,0.0008406303,0.5208496,0.4783098
612,0.0008406612,0.5205683,0.4785911
613,0.0008933343,0.4907465,0.5083601
614,0.0009277888,0.4718289,0.5272433
615,0.0009492739,0.4607562,0.5382945
616,0.0009621239,0.4547411,0.5442968
617,0.0009695122,0.4517926,0.5472379
618,0.0009736135,0.4505793,0.5484471
619,0.0009758318,0.4502669,0.5487573
620,0.0009770264,0.450365,0.548658
621,0.0009776957,0.4506052,0.548417
622,0.0009781156,0.4508523,0.5481695
623,0.0009784292,0.4510486,0.5479729
624,0.0009787036,0.4511781,0.5478432
625,0.0009451861,0.469843,0.5292118
626,0.0009258662,0.4801562,0.5189179
627,0.0009150716,0.4855121,0.5135729
628,0.0009091742,0.4881087,0.5109822
629,0.0009060408,0.4892255,0.5098684
630,0.0009044309,0.4895932,0.5095024
631,0.0009036356,0.4896161,0.5094802
632,0.0009032584,0.489509,0.5095877
633,0.0009030841,0.4893798,0.5097171
634,0.0009030005,0.4892769,0.50982
635,0.0009029518,0.4892187,0.5098783
636,0.0009029119,0.489209,0.5098881
637,0.0009064939,0.4872367,0.5118568
638,0.0009086548,0.4861713,0.5129201
639,0.0009099269,0.4856516,0.5134385
640,0.0009106483,0.4854686,0.5136207
641,0.000911042,0.4854828,0.5136062
642,0.0009112469,0.4856072,0.5134815
643,0.000911347,0.4857891,0.5132996
644,0.0009113922,0.485996,0.5130926
645,0.0009114115,0.4862078,0.5128809
646,0.0009114215,0.4864112,0.5126773
647,0.000911432,0.486597,0.5124916
648,0.0009114487,0.4867582,0.5123304
649,0.0008666477,0.511675,0.4874583
650,0.0008421894,0.5246902,0.4744677
651,0.0008290318,0.5311352,0.4680358
652,0.0008220273,0.5340965,0.4650815
653,0.000818354,0.5352497,0.463932
654,0.0008164506,0.5355087,0.463675
655,0.0008154603,0.5353625,0.4638221
656,0.0008149214,0.5350645,0.4641207
657,0.0008145921,0.5347386,0.4644468
658,0.0008143505,0.5344406,0.464745
659,0.0008141393,0.5341912,0.4649947
660,0.0008139329,0.5339945,0.4651915
661,0.000815022,0.5330435,0.4661415
662,0.0008155341,0.5324632,0.4667212
663,0.0008156588,0.5321831,0.4670012
664,0.000815587,0.5320621,0.4671223
665,0.0008154146,0.5320336,0.467151
666,0.0008151949,0.5320594,0.4671255
667,0.0008149573,0.5321168,0.4670683
668,0.0008147179,0.5321913,0.466994
669,0.0008144859,0.5322723,0.4669132
670,0.0008142668,0.5323518,0.466834
671,0.0008140641,0.5324224,0.4667636
672,0.0008138809,0.5324773,0.4667089
673,0.000813751,0.5326507,0.4665355
674,0.0008136217,0.5328218,0.4663645
675,0.0008136236,0.5328156,0.4663708
676,0.0008136368,0.5327559,0.4664305
677,0.0008136507,0.5326569,0.4665295
678,0.0008136657,0.5325226,0.4666637
679,0.0008136834,0.5323563,0.46683
680,0.000813705,0.5321618,0.4670245
681,0.0008137303,0.5319438,0.4672425
682,0.0008137564,0.5317097,0.4674765
683,0.0008137811,0.5314671,0.4677191
684,0.000813801,0.5312233,0.4679629
685,0.0008483058,0.5114991,0.4876526
686,0.0008699844,0.4995353,0.4995947
687,0.0008830436,0.4927799,0.506337
688,0.0008906191,0.4892413,0.5098681
689,0.0008948703,0.4875707,0.5115343
690,0.0008971939,0.4869157,0.5121871
691,0.0008984464,0.4867687,0.5123329
692,0.0008991296,0.4868451,0.5122558
693,0.0008995241,0.4869964,0.5121041
694,0.0008997824,0.4871489,0.5119513
695,0.0008999803,0.4872726,0.5118274
696,0.000900154,0.4873595,0.5117404
697,0.0008564806,0.5119124,0.4872311
698,0.0008326881,0.524712,0.4744554
699,0.0008199072,0.5310457,0.4681344
700,0.0008131121,0.533969,0.465218
701,0.0008095534,0.5351341,0.4640563
702,0.000807712,0.5354384,0.4637538
703,0.0008067554,0.5353596,0.4638337
704,0.0008062359,0.5351433,0.4640505
705,0.0008059191,0.5349091,0.4642849
706,0.0008056872,0.5347099,0.4644845
707,0.0008054833,0.5345652,0.4646294
708,0.0008052831,0.5344788,0.4647159
709,0.0008233205,0.5241153,0.4750614
710,0.0008341508,0.5181615,0.4810043
711,0.0008403873,0.5150111,0.4841484
712,0.0008438173,0.5135366,0.4856197
713,0.0008456036,0.5130125,0.4861419
714,0.0008464673,0.5129944,0.4861591
715,0.0008468386,0.5132198,0.4859334
716,0.0008469661,0.513537,0.485616
717,0.0008469899,0.513859,0.4852939
718,0.0008469864,0.5141364,0.4850166
719,0.0008469954,0.5143411,0.4848119
720,0.0008470356,0.5144595,0.4846935
721,0.0008732901,0.4997684,0.4993584
722,0.0008897317,0.4909413,0.508169
723,0.0008996721,0.4859539,0.5131465
724,0.0009055299,0.4832821,0.5158124
725,0.0009089358,0.4819162,0.5171748
726,0.0009109241,0.4812343,0.5178547
727,0.0009121188,0.48088,0.518208
728,0.0009128776,0.4806647,0.5184225
729,0.0009133964,0.4805002,0.5185864
730,0.0009137781,0.480353,0.5187332
731,0.0009140743,0.4802162,0.5188697
732,0.0009143113,0.480094,0.5189916
733,0.0008723515,0.5035179,0.4956097
734,0.0008491838,0.5158738,0.483277
735,0.0008365789,0.5220733,0.4770902
736,0.000829781,0.5250007,0.4741696
737,0.0008261547,0.5262333,0.4729406
738,0.000824231,0.5266322,0.4725435
739,0.0008231986,0.5266584,0.4725184
740,0.0008226169,0.5265499,0.4726275
741,0.0008222517,0.526424,0.4727538
742,0.0008219833,0.5263337,0.4728442
743,0.0008217529,0.5262999,0.4728784
744,0.0008215333,0.5263274,0.4728511
745,0.0008807293,0.4928107,0.5063086
746,0.0009199154,0.4715499,0.5275301
747,0.0009445829,0.4592223,0.5398332
748,0.0009594156,0.4527696,0.546271
749,0.0009679456,0.4499355,0.5490966
750,0.0009726512,0.4491661,0.5498613
751,0.0009751722,0.449447,0.5495778
752,0.0009765412,0.4501423,0.5488812
753,0.0009773769,0.450868,0.5481547
754,0.0009780261,0.4514082,0.5476138
755,0.0009786602,0.4516629,0.5473585
756,0.0009793423,0.4516148,0.5474058
757,0.0009517389,0.4668883,0.53216
758,0.0009359571,0.4750897,0.5239744
759,0.000927267,0.4790837,0.5199891
760,0.000922625,0.4807654,0.518312
761,0.0009202187,0.4812651,0.5178148
762,0.0009189962,0.4812289,0.5178522
763,0.000918372,0.4810033,0.5180784
764,0.0009180348,0.4807577,0.5183244
765,0.0009178282,0.4805642,0.518518
766,0.000917679,0.4804454,0.5186369
767,0.0009175559,0.4804021,0.5186805
768,0.0009174461,0.4804267,0.5186558
769,0.0008676679,0.5081511,0.4909813
770,0.0008405297,0.5226771,0.4764824
771,0.0008259187,0.5299529,0.4692211
772,0.0008180772,0.5334403,0.4657416
773,0.0008138933,0.5349826,0.4642035
774,0.000811658,0.5355722,0.4636161
775,0.0008104346,0.5357372,0.4634524
776,0.0008097176,0.5357497,0.4634406
777,0.000809241,0.5357432,0.4634476
778,0.0008088698,0.5357765,0.4634146
779,0.0008085397,0.5358699,0.4633215
780,0.0008082231,0.5360238,0.4631679
781,0.0008075371,0.5364767,0.4627157
782,0.0008070143,0.5368802,0.4623128
783,0.0008066357,0.5371987,0.4619947
784,0.0008063354,0.5374703,0.4617233
785,0.0008060965,0.5376903,0.4615036
786,0.000805915,0.5378444,0.4613497
787,0.0008057919,0.5379167,0.4612776
788,0.0008057282,0.5378945,0.4612998
789,0.0008057217,0.5377706,0.4614237
790,0.000805765,0.5375479,0.4616463
791,0.0008058472,0.537237,0.461957
792,0.0008059542,0.5368547,0.4623394
793,0.0008259249,0.5250767,0.4740974
794,0.0008380144,0.517936,0.481226
795,0.0008449687,0.5139332,0.4852218
796,0.0008488477,0.5117491,0.487402
797,0.0008509387,0.5105903,0.4885588
798,0.0008520256,0.5099857,0.4891622
799,0.0008525678,0.5096697,0.4894777
800,0.0008528237,0.5094997,0.4896474
801,0.0008529339,0.5094038,0.4897432
802,0.0008529726,0.5093469,0.4898001
803,0.0008529768,0.5093141,0.4898329
804,0.0008529642,0.5092998,0.4898472
805,0.0007883817,0.5458192,0.4533925
806,0.0007554463,0.5635991,0.4356455
807,0.0007384812,0.5719722,0.4272894
808,0.0007296767,0.575676,0.4235944
809,0.0007251042,0.577064,0.4222109
810,0.0007227076,0.5773482,0.4219291
811,0.0007214034,0.5771514,0.4221273
812,0.0007206263,0.5767848,0.4224946
813,0.0007200885,0.5763969,0.422883
814,0.0007196483,0.5760526,0.4232277
815,0.0007192402,0.5757753,0.4235054
816,0.0007188359,0.5755696,0.4237115
817,0.0007590525,0.5520176,0.4472233
818,0.0007840171,0.5379558,0.4612602
819,0.0007987312,0.5302596,0.4689416
820,0.0008069362,0.5265223,0.4726708
821,0.0008112511,0.5250691,0.4741197
822,0.0008133702,0.524827,0.4743596
823,0.0008143311,0.5251429,0.4740427
824,0.0008147416,0.5256324,0.4735528
825,0.0008149421,0.5260748,0.4731103
826,0.0008151099,0.5263482,0.4728367
827,0.0008153198,0.526404,0.4727807
828,0.0008155855,0.5262515,0.4729329
829,0.0008283048,0.5187992,0.4803725
830,0.0008360887,0.5142165,0.4849474
831,0.0008407134,0.5115039,0.4876554
832,0.0008434503,0.5098693,0.4892872
833,0.0008450812,0.5088478,0.4903072
834,0.0008460724,0.5081751,0.4909789
835,0.000846692,0.5077094,0.4914439
836,0.0008470913,0.5073777,0.4917752
837,0.0008473555,0.5071422,0.4920104
838,0.0008475351,0.5069803,0.4921722
839,0.0008476598,0.5068782,0.4922742
840,0.0008477472,0.5068269,0.4923253
841,0.0008344768,0.5144936,0.4846718
842,0.0008268803,0.5187619,0.4804112
843,0.0008226621,0.5209978,0.4781795
844,0.0008203593,0.5221298,0.4770499
845,0.0008191217,0.5226851,0.4764959
846,0.0008184584,0.5229604,0.4762212
847,0.000818093,0.5231184,0.4760635
848,0.0008178729,0.5232441,0.4759381
849,0.0008177172,0.5233793,0.475803
850,0.0008175847,0.5235425,0.4756398
851,0.0008174566,0.5237389,0.4754437
852,0.0008173261,0.5239666,0.4752162
853,0.0008319686,0.5157686,0.4833994
854,0.0008407526,0.5111503,0.488009
855,0.0008457946,0.5088258,0.4903284
856,0.0008485782,0.5078399,0.4913115
857,0.0008500556,0.5075865,0.4915634
858,0.0008508164,0.507693,0.4914561
859,0.0008512115,0.507938,0.4912108
860,0.0008514424,0.5081952,0.4909534
861,0.0008516196,0.5083956,0.4907529
862,0.0008517982,0.5085075,0.4906407
863,0.000852001,0.5085227,0.4906253
864,0.000852233,0.5084469,0.4907008
865,0.000800929,0.5374121,0.4617869
866,0.0007740749,0.5518052,0.4474207
867,0.0007600168,0.5586342,0.4406057
868,0.0007527136,0.5615775,0.4376698
869,0.0007489649,0.5625756,0.4366754
870,0.0007470537,0.5626551,0.4365979
871,0.0007460613,0.5623495,0.4369043
872,0.000745506,0.5619259,0.4373285
873,0.0007451419,0.5615104,0.4377445
874,0.0007448497,0.5611555,0.4380997
875,0.0007445744,0.5608793,0.438376
876,0.0007442931,0.5606846,0.4385711
877,0.000803241,0.5263965,0.4728002
878,0.0008417664,0.5048469,0.4943113
879,0.000865582,0.4925157,0.5066187
880,0.0008795394,0.486208,0.5129125
881,0.0008872856,0.4835675,0.5155452
882,0.0008913334,0.4830016,0.5161071
883,0.0008933102,0.4834934,0.5156133
884,0.0008942222,0.4844157,0.5146901
885,0.0008946685,0.4853858,0.5137194
886,0.0008949848,0.4861753,0.5129297
887,0.0008953359,0.4866622,0.5124424
888,0.0008957734,0.4868138,0.5122904
889,0.0008510383,0.5120414,0.4871075
890,0.0008271232,0.5247499,0.474423
891,0.0008145467,0.5306978,0.4684877
892,0.0008081163,0.5330867,0.4661051
893,0.0008049495,0.5337055,0.4654896
894,0.0008034525,0.5335296,0.465667
895,0.0008027626,0.5330682,0.466129
896,0.0008024331,0.5325668,0.4666307
897,0.000802246,0.5321289,0.4670688
898,0.0008021037,0.5317863,0.4674115
899,0.0008019661,0.5315407,0.4676573
900,0.0008018198,0.5313832,0.467815
901,0.000808222,0.5275638,0.471628
902,0.0008119307,0.5254403,0.4737477
903,0.0008139805,0.5243737,0.4748123
904,0.000815038,0.5239424,0.4752425
905,0.0008155193,0.5238863,0.4752982
906,0.000815675,0.5240505,0.4751338
907,0.0008156518,0.5243444,0.4748399
908,0.0008155332,0.5247149,0.4744695
909,0.0008153669,0.5251285,0.4740562
910,0.0008151812,0.5255612,0.4736235
911,0.0008149953,0.5259922,0.4731929
912,0.0008148243,0.5264,0.4727852
913,0.0008442772,0.5098651,0.4892905
914,0.0008626193,0.5000674,0.4990701
915,0.0008735334,0.4947729,0.5043535
916,0.0008798265,0.4921539,0.5069662
917,0.0008833892,0.4910006,0.5081161
918,0.0008854255,0.4905563,0.5085583
919,0.0008866579,0.4903822,0.5087312
920,0.0008874945,0.4902479,0.5088646
921,0.0008881493,0.4900527,0.5090593
922,0.0008887209,0.4897734,0.5093379
923,0.0008892447,0.4894283,0.5096825
924,0.0008897251,0.489053,0.5100573
925,0.00088389,0.4922599,0.5068562
926,0.0008805675,0.493969,0.5051504
927,0.0008787761,0.494768,0.5043532
928,0.0008778528,0.4950891,0.504033
929,0.0008774063,0.4951797,0.5039429
930,0.0008772099,0.4951788,0.503944
931,0.000877136,0.4951603,0.5039625
932,0.0008771164,0.4951607,0.5039622
933,0.0008771166,0.4951961,0.5039268
934,0.0008771193,0.4952719,0.503851
935,0.0008771179,0.4953884,0.5037345
936,0.0008771095,0.4955436,0.5035793
937,0.0008318307,0.521277,0.4778912
938,0.0008073383,0.5346538,0.4645389
939,0.000794185,0.5413552,0.4578506
940,0.0007871501,0.5445627,0.4546501
941,0.0007834106,0.545974,0.4532426
942,0.0007814185,0.5465026,0.4527159
943,0.0007803295,0.546633,0.4525867
944,0.0007796899,0.5466135,0.4526069
945,0.0007792629,0.5465644,0.4526562
946,0.0007789296,0.5465381,0.452683
947,0.0007786339,0.5465518,0.4526695
948,0.0007783524,0.5466056,0.452616
949,0.0008082938,0.5294139,0.4697778
950,0.0008266899,0.5192872,0.4798862
951,0.0008374482,0.5138509,0.4853116
952,0.0008434652,0.511237,0.4879194
953,0.0008466889,0.5102051,0.4889482
954,0.0008483553,0.5099761,0.4891755
955,0.0008492101,0.5100858,0.489065
956,0.0008496813,0.5102724,0.4888779
957,0.0008500012,0.5103985,0.4887515
958,0.0008502851,0.5104051,0.4887446
959,0.0008505799,0.5102803,0.4888692
960,0.0008508969,0.5100384,0.4891106
961,0.0008530107,0.5086797,0.4904672
962,0.0008544084,0.5077035,0.491442
963,0.0008553301,0.5069932,0.4921515
964,0.0008559503,0.5064542,0.4926899
965,0.0008563725,0.5060377,0.493106
966,0.0008566602,0.505716,0.4934273
967,0.0008568543,0.5054725,0.4936707
968,0.0008569817,0.5052955,0.4938475
969,0.0008570609,0.5051768,0.4939661
970,0.0008571057,0.5051086,0.4940343
971,0.0008571263,0.5050843,0.4940586
972,0.0008571295,0.5050987,0.4940442
973,0.0007825407,0.547533,0.4516845
974,0.0007453244,0.5678199,0.4314348
975,0.0007264769,0.5772328,0.4220407
976,0.0007167935,0.5813802,0.417903
977,0.0007117973,0.5829484,0.4163398
978,0.0007091884,0.5832961,0.4159947
979,0.0007077694,0.5831139,0.4161783
980,0.0007069217,0.5827448,0.4165482
981,0.0007063333,0.5823518,0.4169419
982,0.0007058512,0.5820065,0.4172876
983,0.0007054053,0.5817357,0.4175588
984,0.0007049656,0.5815453,0.4177497
985,0.0007185362,0.5732164,0.426065
986,0.0007262715,0.56853,0.4307437
987,0.0007303716,0.5661864,0.4330832
988,0.0007323706,0.5651759,0.4340918
989,0.0007331992,0.5648952,0.4343716
990,0.0007334106,0.5649853,0.4342813
991,0.000733326,0.5652353,0.4340314
992,0.0007331282,0.5655276,0.4337393
993,0.000732919,0.5658208,0.4334462
994,0.0007327776,0.5660558,0.4332114
995,0.0007328022,0.5659316,0.4333356
996,0.0007328265,0.565719,0.4335482
997,0.0007496908,0.5557186,0.4435318
998,0.0007596602,0.5498882,0.4493522
999,0.000765457,0.5465063,0.4527282
1000,0.0007687183,0.5445924,0.4546389
1001,0.0007705319,0.543478,0.4557516
1002,0.0007715533,0.542769,0.4564595
1003,0.0007721544,0.5422533,0.4569746
1004,0.0007725335,0.541829,0.4573985
1005,0.0007727896,0.5414557,0.4577715
1006,0.0007729707,0.5411208,0.4581063
1007,0.0007730981,0.5408247,0.4584022
1008,0.0007731822,0.5405712,0.4586557
1009,0.0008168694,0.5148786,0.4843045
1010,0.0008447685,0.499047,0.5001083
1011,0.0008617743,0.490073,0.5090653
1012,0.0008717411,0.4853979,0.5137303
1013,0.0008773826,0.4832633,0.5158594
1014,0.000880486,0.4825395,0.51658
1015,0.0008821652,0.4825434,0.5165744
1016,0.0008830821,0.4828832,0.5162338
1017,0.0008836137,0.4833455,0.5157709
1018,0.0008839656,0.4838213,0.5152947
1019,0.0008842454,0.4842589,0.5148568
1020,0.0008845055,0.4846369,0.5144786
1021,0.0008385868,0.5113636,0.4877979
1022,0.0008137577,0.5252843,0.473902
1023,0.0008005198,0.532213,0.4669864
1024,0.0007935484,0.5354657,0.4637408
1025,0.0007899565,0.5368189,0.4623912
1026,0.0007881567,0.5372348,0.461977
1027,0.0007872804,0.5372263,0.4619865
1028,0.00078686,0.5370582,0.4621549
1029,0.0007866502,0.5368611,0.4623522
1030,0.0007865276,0.5366933,0.4625202
1031,0.0007864331,0.5365772,0.4626364
1032,0.0007863407,0.536518,0.4626956
1033,0.0007997691,0.528641,0.4705593
1034,0.0008077244,0.5241463,0.4750461
1035,0.0008122057,0.5218514,0.4773364
1036,0.0008146206,0.5208357,0.4783496
1037,0.0008158456,0.5205392,0.4786449
1038,0.0008164122,0.5206265,0.4785571
1039,0.0008166318,0.5209025,0.4782808
1040,0.0008166814,0.5212562,0.4779272
1041,0.0008166597,0.5216234,0.47756
1042,0.0008166203,0.5219674,0.477216
1043,0.000816591,0.5222661,0.4769173
1044,0.0008165872,0.5225058,0.4766776
1045,0.0008115839,0.5255446,0.4736438
1046,0.0008087264,0.5272225,0.4719687
1047,0.0008071547,0.5280836,0.4711092
1048,0.0008063489,0.5284523,0.4707414
1049,0.0008059841,0.5285362,0.4706579
1050,0.0008058655,0.5284615,0.4707327
1051,0.0008058788,0.5283046,0.4708895
1052,0.0008059569,0.528112,0.4710821
1053,0.0008060615,0.5279126,0.4712814
1054,0.0008061712,0.5277229,0.471471
1055,0.0008062741,0.5275533,0.4716405
