EwEVersion,"6.5.13829.0 (compiled 2016-05-17)"
Date,"2016-09-06 18:35:34"
ModelName,Baltic_Proper-SEALS
EcosimScenario,Proper1_SealVuln100_19742100_seal1_cofF1
TimeSeries,new_data_weights_19742100_BAU_WAR1_codF1_seal1
StartYear,1974

Data,"Prey of other mesozooplankton"

TimeStep,"Cyanobacteria","Phytoplankton","microzooplankton","Detritus-water column",
1,0.04280682,0.5585232,0.1841945,0.2144755
2,0.03914408,0.5794344,0.1844229,0.1969986
3,0.03727721,0.5860372,0.1880639,0.1886217
4,0.03628786,0.5871349,0.1919936,0.1845836
5,0.03575879,0.5862401,0.1952522,0.1827489
6,0.03547649,0.5848047,0.1976785,0.1820404
7,0.03532583,0.5833926,0.1993923,0.1818893
8,0.03524353,0.5821813,0.2005829,0.1819923
9,0.03519486,0.5811884,0.201427,0.1821897
10,0.03516104,0.5803756,0.2020631,0.1824004
11,0.03513219,0.5796929,0.2025897,0.1825852
12,0.03510328,0.5790968,0.2030727,0.1827272
13,0.03574783,0.5726326,0.2052842,0.1863354
14,0.03615527,0.5694742,0.2057343,0.1886363
15,0.03638262,0.5679889,0.2057087,0.1899198
16,0.03649445,0.567299,0.205645,0.1905615
17,0.03653415,0.5669435,0.2057164,0.190806
18,0.03653048,0.5666971,0.2059588,0.1908136
19,0.03650214,0.5664628,0.2063472,0.1906879
20,0.03646115,0.5662091,0.2068337,0.1904961
21,0.03641541,0.5659351,0.2073657,0.1902837
22,0.03637033,0.5656534,0.207893,0.1900833
23,0.03632978,0.5653792,0.2083713,0.1899198
24,0.03629651,0.5651277,0.2087641,0.1898117
25,0.03250096,0.597572,0.199865,0.170062
26,0.03050136,0.6078882,0.2016787,0.1599318
27,0.02949767,0.6102251,0.2049862,0.1552909
28,0.02897471,0.609782,0.2080242,0.1532191
29,0.02870892,0.60855,0.2102448,0.1524962
30,0.02858025,0.6072789,0.2116719,0.1524689
31,0.0285226,0.6061999,0.2124981,0.1527794
32,0.02849969,0.6053397,0.2129267,0.1532339
33,0.02849206,0.6046565,0.2131204,0.1537312
34,0.02848924,0.6040948,0.2131981,0.1542178
35,0.02848608,0.6036071,0.2132374,0.1546695
36,0.02848028,0.6031583,0.2132848,0.1550767
37,0.02923621,0.5950386,0.2161837,0.1595414
38,0.0297146,0.5913022,0.216561,0.1624222
39,0.02999321,0.5896895,0.2161731,0.1641442
40,0.03014404,0.5890422,0.2156775,0.1651363
41,0.03021618,0.5887728,0.2153271,0.165684
42,0.03024171,0.5886083,0.215179,0.165971
43,0.03024082,0.5884383,0.2152093,0.1661117
44,0.03022576,0.5882294,0.2153701,0.1661748
45,0.03020383,0.5879815,0.2156137,0.1662009
46,0.03017984,0.5877077,0.2158946,0.1662179
47,0.03015666,0.5874233,0.216177,0.1662431
48,0.03013609,0.5871419,0.2164341,0.166288
49,0.03093774,0.5786451,0.2196153,0.1708018
50,0.03145641,0.5747375,0.2200999,0.1737062
51,0.03176896,0.5731229,0.2196795,0.1754287
52,0.0319519,0.572601,0.2190138,0.1764332
53,0.03205729,0.5725505,0.2183661,0.1770261
54,0.03211918,0.5726722,0.2178056,0.1774031
55,0.03215848,0.5728362,0.2173244,0.177681
56,0.03218728,0.5729944,0.2168936,0.1779248
57,0.03221211,0.5731344,0.2164866,0.1781669
58,0.03223561,0.5732563,0.2160911,0.1784169
59,0.03225869,0.5733628,0.2157038,0.1786747
60,0.03228132,0.5734558,0.2153275,0.1789355
61,0.03261458,0.5697933,0.216823,0.1807691
62,0.03281827,0.5680166,0.2173198,0.1818455
63,0.03295492,0.5671909,0.2172727,0.1825815
64,0.03304333,0.5668568,0.2170303,0.1830696
65,0.03310096,0.5667596,0.2167349,0.1834045
66,0.03313966,0.5667672,0.2164434,0.1836498
67,0.03316699,0.5668148,0.2161741,0.183844
68,0.03318742,0.5668722,0.2159314,0.184009
69,0.03320351,0.5669261,0.2157151,0.1841553
70,0.03321689,0.5669717,0.2155213,0.1842901
71,0.03322836,0.5670079,0.2153479,0.1844158
72,0.03323831,0.567035,0.2151936,0.184533
73,0.03104035,0.5878413,0.2086895,0.1724289
74,0.02980685,0.5952966,0.2090715,0.1658251
75,0.02913946,0.5973992,0.21096,0.1625013
76,0.02877577,0.5974122,0.2129169,0.1608952
77,0.02857861,0.5967223,0.2144943,0.1602048
78,0.02847176,0.595895,0.2156432,0.15999
79,0.02841237,0.5951313,0.21645,0.1600063
80,0.02837646,0.5944775,0.217026,0.16012
81,0.02835091,0.5939224,0.2174673,0.1602595
82,0.0283287,0.5934381,0.2178448,0.1603883
83,0.02830629,0.5929984,0.2182059,0.1604894
84,0.02828201,0.5925827,0.2185792,0.1605561
85,0.02833143,0.5923536,0.2181364,0.1611786
86,0.02836934,0.5923212,0.2175792,0.1617303
87,0.02837021,0.5923092,0.2173348,0.1619857
88,0.02835414,0.5922378,0.2173126,0.1620955
89,0.02832799,0.5920923,0.217469,0.1621108
90,0.02829501,0.5918803,0.2177684,0.1620563
91,0.02825693,0.5916154,0.2181809,0.1619467
92,0.0282149,0.5913118,0.2186805,0.1617928
93,0.02816995,0.5909821,0.2192435,0.1616044
94,0.02812321,0.590638,0.2198466,0.1613923
95,0.02807615,0.5902896,0.2204644,0.1611699
96,0.02803052,0.5899475,0.2210693,0.1609527
97,0.02749604,0.595001,0.2194951,0.1580077
98,0.02717387,0.5968937,0.2195935,0.156339
99,0.02698083,0.5974079,0.2201729,0.1554383
100,0.02687039,0.5973626,0.2207354,0.1550316
101,0.02681211,0.5971403,0.2211093,0.1549384
102,0.02678706,0.5969041,0.2212617,0.1550471
103,0.02678338,0.5967114,0.2212179,0.1552873
104,0.02679342,0.5965712,0.2210231,0.1556123
105,0.02681205,0.5964725,0.2207259,0.1559895
106,0.0268355,0.5963989,0.2203725,0.1563932
107,0.02686084,0.5963345,0.220002,0.1568026
108,0.02688593,0.5962672,0.2196452,0.1572018
109,0.02786474,0.5862501,0.2227373,0.1631479
110,0.02851846,0.5818404,0.2225263,0.1671148
111,0.02891897,0.5801945,0.2213977,0.1694888
112,0.02915725,0.5798128,0.2201632,0.1708668
113,0.02929422,0.5799268,0.2191451,0.1716339
114,0.02937024,0.5801747,0.2184149,0.1720401
115,0.02941075,0.5804066,0.2179417,0.1722409
116,0.02943115,0.5805755,0.217665,0.1723283
117,0.02944043,0.5806789,0.2175251,0.1723555
118,0.02944366,0.5807293,0.2174755,0.1723515
119,0.02944371,0.5807421,0.2174818,0.1723324
120,0.02944221,0.5807305,0.2175202,0.1723071
121,0.02909405,0.5840046,0.2166713,0.1702301
122,0.02887459,0.5852283,0.2169688,0.1689282
123,0.02875074,0.5855431,0.2174709,0.1682353
124,0.02868042,0.5854896,0.2179575,0.1678724
125,0.02864116,0.5853142,0.218347,0.1676977
126,0.02861954,0.5851222,0.2186307,0.1676276
127,0.02860763,0.5849522,0.2188266,0.1676135
128,0.02860086,0.5848132,0.2189583,0.1676276
129,0.02859674,0.5847018,0.2190464,0.1676551
130,0.02859388,0.5846123,0.219106,0.1676879
131,0.02859157,0.5845385,0.2191477,0.1677222
132,0.02858943,0.5844761,0.2191787,0.1677558
133,0.0312299,0.5541933,0.231939,0.1826377
134,0.03306174,0.537948,0.2366405,0.1923498
135,0.03428453,0.5299152,0.2373912,0.198409
136,0.035037,0.5264158,0.2368297,0.2017176
137,0.0354712,0.525213,0.2360654,0.2032503
138,0.03570895,0.5250673,0.2354631,0.2037607
139,0.03583683,0.525356,0.2350398,0.2037673
140,0.0359114,0.5258027,0.2346891,0.2035968
141,0.03596691,0.5263042,0.2342909,0.203438
142,0.03602333,0.5268335,0.2337482,0.2033949
143,0.03609094,0.5273923,0.2330026,0.2035142
144,0.03617411,0.5279883,0.232029,0.2038086
145,0.03258261,0.5655791,0.2180173,0.183821
146,0.03074454,0.5797991,0.2153892,0.1740672
147,0.02981455,0.5851305,0.2154743,0.1695806
148,0.02934049,0.5868734,0.2161397,0.1676464
149,0.02910131,0.5872094,0.2167376,0.1669517
150,0.02898305,0.5870535,0.2171268,0.1668367
151,0.02892597,0.58677,0.2173337,0.1669704
152,0.02889888,0.5864861,0.2174234,0.1671916
153,0.02888561,0.5862329,0.2174563,0.1674252
154,0.02887783,0.5860072,0.2174772,0.1676377
155,0.02887128,0.5857968,0.2175159,0.1678161
156,0.02886381,0.5855897,0.2175907,0.1679559
157,0.03511448,0.5187548,0.2423567,0.203774
158,0.0406074,0.4742914,0.2507344,0.2343667
159,0.04499038,0.4463129,0.2510824,0.2576142
160,0.04822012,0.4300012,0.2481168,0.2736617
161,0.05042366,0.4213924,0.2445785,0.2836054
162,0.05181392,0.4175052,0.2417459,0.288935
163,0.05261977,0.4162691,0.2399885,0.2911227
164,0.05304257,0.4163719,0.2391889,0.2913966
165,0.05323823,0.417068,0.2390256,0.2906682
166,0.05331711,0.4179859,0.2391401,0.289557
167,0.05335228,0.4189694,0.2392225,0.2884558
168,0.05338861,0.4199698,0.2390503,0.2875913
169,0.04829752,0.4675542,0.224352,0.2597964
170,0.0454196,0.4899721,0.2198729,0.2447354
171,0.04415079,0.500625,0.2161,0.2391242
172,0.04355186,0.5064132,0.2128985,0.2371365
173,0.0432538,0.5097157,0.2105253,0.2365051
174,0.04311581,0.5117031,0.2087185,0.2364626
175,0.04305885,0.512969,0.2073638,0.2366083
176,0.04304044,0.5138242,0.2063795,0.2367558
177,0.04303901,0.5144342,0.2056904,0.2368365
178,0.0430444,0.5148883,0.2052287,0.2368385
179,0.04305189,0.515239,0.2049383,0.2367708
180,0.04305924,0.5155179,0.2047764,0.2366465
181,0.04159889,0.5293952,0.2003724,0.2286335
182,0.04068775,0.5359922,0.1996188,0.2237012
183,0.04014154,0.5389307,0.2001396,0.2207882
184,0.03981823,0.5400659,0.2010406,0.2190754
185,0.03962822,0.5403633,0.2019543,0.2180542
186,0.03951576,0.5403093,0.2027602,0.2174148
187,0.0394467,0.5401363,0.2034456,0.2169714
188,0.03940037,0.5399458,0.204039,0.2166148
189,0.03936441,0.539775,0.204579,0.2162816
190,0.03933173,0.5396308,0.2051005,0.215937
191,0.03929827,0.5395085,0.2056311,0.2155621
192,0.03926174,0.5394,0.2061911,0.2151471
193,0.03838547,0.5472969,0.2040701,0.2102476
194,0.03782584,0.5508764,0.2041704,0.2071273
195,0.03747211,0.5523292,0.2050597,0.205139
196,0.03724705,0.5527534,0.2061571,0.2038424
197,0.03710047,0.5527223,0.2072209,0.2029564
198,0.03700113,0.5525224,0.2081658,0.2023107
199,0.03693027,0.5522889,0.2089736,0.2018072
200,0.03687708,0.5520797,0.2096505,0.2013928
201,0.03683569,0.5519149,0.2102082,0.2010412
202,0.03680331,0.5517985,0.2106549,0.2007432
203,0.03677879,0.5517282,0.2109956,0.2004974
204,0.03676174,0.5516996,0.2112334,0.2003053
205,0.04037965,0.5174627,0.2225704,0.2195871
206,0.043116,0.4978693,0.2252925,0.2337221
207,0.04502542,0.4874476,0.2244457,0.2430812
208,0.04628179,0.4825656,0.2223454,0.2488073
209,0.0470682,0.480788,0.2201176,0.2520261
210,0.04754404,0.4805979,0.2181829,0.2536753
211,0.04783093,0.4811231,0.2166025,0.2544433
212,0.04801306,0.4819075,0.21529,0.2547894
213,0.04814377,0.4827385,0.2141274,0.2549904
214,0.04825182,0.4835352,0.2130342,0.2551789
215,0.04835117,0.484275,0.2119686,0.2554052
216,0.04844679,0.4849584,0.2109233,0.2556714
217,0.04383881,0.5264356,0.1982116,0.2315141
218,0.04125236,0.5441337,0.1962501,0.2183638
219,0.03984936,0.5512556,0.1973271,0.211568
220,0.03908483,0.5537098,0.1990975,0.2081079
221,0.0386732,0.5541803,0.2007222,0.2064242
222,0.03845702,0.5538988,0.20197,0.2056741
223,0.0383476,0.55341,0.202846,0.2053964
224,0.03829483,0.5529328,0.2034316,0.2053407
225,0.03827067,0.5525366,0.2038189,0.2053739
226,0.0382596,0.5522271,0.2040858,0.2054275
227,0.03825336,0.5519873,0.2042908,0.2054684
228,0.03824765,0.5517958,0.2044743,0.2054822
229,0.0389392,0.5446293,0.2074142,0.2090172
230,0.03938116,0.5409283,0.208556,0.2111345
231,0.03965592,0.539074,0.2089212,0.2123488
232,0.03981476,0.5381993,0.2090393,0.2129466
233,0.03989799,0.5378065,0.2091434,0.2131522
234,0.03993416,0.5376276,0.2093166,0.2131217
235,0.03994239,0.537529,0.2095704,0.2129583
236,0.03993507,0.5374513,0.2098857,0.2127279
237,0.03992013,0.5373741,0.2102333,0.2124725
238,0.0399026,0.5372955,0.2105826,0.2122193
239,0.03988571,0.5372219,0.2109066,0.2119858
240,0.03987147,0.5371617,0.211183,0.2117839
241,0.03827935,0.5503618,0.2082374,0.2031215
242,0.03729473,0.5557347,0.2091637,0.1978068
243,0.03674734,0.5575411,0.2107206,0.194991
244,0.03644555,0.5578551,0.2121564,0.1935429
245,0.03628563,0.5576259,0.2132179,0.1928706
246,0.03620632,0.5572725,0.2138922,0.192629
247,0.03617128,0.5569586,0.2142545,0.1926157
248,0.03615926,0.5567296,0.214398,0.1927132
249,0.03615809,0.5565814,0.2144053,0.1928552
250,0.0361614,0.5564943,0.2143359,0.1930084
251,0.03616591,0.5564469,0.214231,0.1931563
252,0.03617003,0.5564219,0.2141162,0.1932919
253,0.035679,0.5626994,0.2104782,0.1911434
254,0.03539534,0.5658959,0.2085889,0.1901199
255,0.03520482,0.5675182,0.2077953,0.1894816
256,0.03508528,0.5682727,0.2074858,0.1891562
257,0.03501153,0.5685716,0.2073937,0.1890232
258,0.03496564,0.5686393,0.207399,0.188996
259,0.03493599,0.5685933,0.2074503,0.1890204
260,0.03491534,0.5684925,0.2075283,0.189064
261,0.03489934,0.5683653,0.2076265,0.1891089
262,0.03488547,0.5682247,0.2077437,0.1891461
263,0.03487237,0.5680767,0.2078793,0.1891716
264,0.03485934,0.5679238,0.2080323,0.1891845
265,0.03815434,0.5347435,0.2206384,0.2064637
266,0.04053209,0.515995,0.2251339,0.2183389
267,0.04215537,0.5060393,0.2258226,0.2259827
268,0.04318201,0.50125,0.2251925,0.2303755
269,0.0437867,0.4992612,0.2243893,0.2325629
270,0.04411872,0.4986556,0.2238206,0.2334052
271,0.04429054,0.4986603,0.2235176,0.2335316
272,0.0443802,0.4989005,0.2233525,0.2333667
273,0.04443815,0.4992244,0.2231605,0.2331771
274,0.04449365,0.4995889,0.2228088,0.2331086
275,0.04456158,0.4999952,0.2222171,0.2332262
276,0.04464648,0.5004532,0.2213647,0.2335357
277,0.04583967,0.4920591,0.2222664,0.2398349
278,0.04674293,0.4880002,0.2206384,0.2446183
279,0.04736538,0.4864207,0.2183747,0.2478392
280,0.04778556,0.4861829,0.2160809,0.2499507
281,0.04806584,0.486601,0.2140302,0.2513031
282,0.04825263,0.4872844,0.2123102,0.2521528
283,0.04837856,0.4880258,0.2109183,0.2526773
284,0.04846548,0.4887259,0.209815,0.2529936
285,0.04852739,0.4893456,0.2089514,0.2531757
286,0.04857315,0.4898765,0.2082806,0.2532698
287,0.04860825,0.4903248,0.2077626,0.2533043
288,0.04863598,0.4907021,0.2073655,0.2532964
289,0.04424678,0.5291269,0.1959426,0.2306836
290,0.04174939,0.5455748,0.1944595,0.2182163
291,0.04036885,0.5521346,0.1958482,0.2116484
292,0.03959925,0.5542957,0.1978822,0.2082229
293,0.03917143,0.5545834,0.1997507,0.2064945
294,0.03893562,0.5541632,0.2012265,0.2056746
295,0.0388065,0.5535527,0.2023151,0.2053256
296,0.0387351,0.5529597,0.2031003,0.2052049
297,0.03869359,0.5524493,0.2036769,0.2051802
298,0.03866649,0.5520259,0.2041249,0.2051827
299,0.03864537,0.5516719,0.2045045,0.2051781
300,0.0386258,0.5513662,0.2048571,0.2051509
301,0.03506302,0.5831809,0.1951948,0.1865612
302,0.03313507,0.5946972,0.1953209,0.1768469
303,0.0320887,0.598152,0.1978644,0.171895
304,0.0315087,0.5983846,0.2007036,0.169403
305,0.0311836,0.5974643,0.203137,0.1682151
306,0.03099864,0.5962598,0.2050283,0.1677132
307,0.03088989,0.5951027,0.2064477,0.1675598
308,0.03082166,0.5940898,0.2075173,0.1675712
309,0.03077427,0.5932237,0.2083519,0.1676502
310,0.03073687,0.5924754,0.2090423,0.1677454
311,0.03070391,0.5918118,0.2096509,0.1678333
312,0.03067269,0.5912061,0.2102163,0.1679049
313,0.03534894,0.5439796,0.2274094,0.1932621
314,0.03908291,0.515835,0.2320998,0.2129822
315,0.04178047,0.500315,0.2313697,0.2265348
316,0.04357782,0.4927038,0.2287763,0.2349421
317,0.04468211,0.4896061,0.2261714,0.2395404
318,0.04530511,0.488809,0.2242741,0.2416117
319,0.04562427,0.4890177,0.2231712,0.2421868
320,0.04577115,0.4895679,0.2226543,0.2420067
321,0.04583568,0.49018,0.2224188,0.2415656
322,0.04587344,0.4907783,0.2221911,0.2411571
323,0.04591593,0.4913732,0.2217732,0.2409378
324,0.04597778,0.4919962,0.2210588,0.2409673
325,0.04560986,0.4969942,0.2184234,0.2389726
326,0.04542531,0.5000201,0.2164603,0.2380944
327,0.04535177,0.5019992,0.2147981,0.237851
328,0.04534828,0.5033983,0.21326,0.2379934
329,0.04538288,0.5044704,0.2118221,0.2383246
330,0.04543433,0.5053433,0.2105073,0.238715
331,0.04548993,0.5060782,0.2093429,0.2390889
332,0.04554269,0.5067042,0.2083458,0.2394073
333,0.0455893,0.5072368,0.2075197,0.2396543
334,0.04562921,0.5076857,0.2068525,0.2398326
335,0.04566279,0.5080607,0.2063267,0.2399499
336,0.04569071,0.5083715,0.2059227,0.240015
337,0.04606222,0.5055076,0.2066125,0.2418176
338,0.04631326,0.5040749,0.2066727,0.2429391
339,0.04647637,0.5034276,0.2065173,0.2435787
340,0.04657876,0.5032004,0.2063279,0.2438929
341,0.04664049,0.5031809,0.2061847,0.2439939
342,0.04667542,0.5032508,0.2061169,0.2439568
343,0.04669273,0.5033479,0.2061295,0.2438298
344,0.04669835,0.5034418,0.2062167,0.2436431
345,0.04669615,0.5035192,0.2063688,0.2434158
346,0.04668833,0.5035762,0.2065773,0.2431581
347,0.04667646,0.5036125,0.2068334,0.2428777
348,0.04666167,0.5036297,0.2071282,0.2425805
349,0.03896314,0.5672441,0.1913757,0.202417
350,0.03520881,0.5872549,0.1942419,0.1832943
351,0.03336852,0.5924369,0.1997804,0.1744141
352,0.03241317,0.5924971,0.2049242,0.1701655
353,0.03190977,0.5909755,0.2088909,0.1682237
354,0.03164407,0.589211,0.2116945,0.1674504
355,0.03150272,0.5876533,0.2135927,0.1672513
356,0.03142447,0.5863943,0.2148691,0.1673121
357,0.03137647,0.5853962,0.2157579,0.1674695
358,0.03134136,0.5845879,0.2164293,0.1676415
359,0.03131042,0.5839025,0.2169964,0.1677906
360,0.03127951,0.5832896,0.2175286,0.1679023
361,0.03529324,0.5442436,0.2308626,0.1896006
362,0.03843123,0.5221483,0.2331257,0.2062947
363,0.04061145,0.5107002,0.2313371,0.2173513
364,0.04201188,0.5055881,0.228417,0.2239832
365,0.04284012,0.5038657,0.2258151,0.2274791
366,0.04328523,0.5037219,0.2240358,0.228957
367,0.04349506,0.5041619,0.2230798,0.2292633
368,0.04357374,0.5047148,0.222733,0.2289785
369,0.04358972,0.5052094,0.2227253,0.2284757
370,0.04358632,0.5056243,0.2228015,0.2279879
371,0.04358915,0.5059996,0.2227619,0.2276493
372,0.04361163,0.5063869,0.2224754,0.227526
373,0.04421847,0.5016585,0.2236476,0.2304754
374,0.04466033,0.4994921,0.2232478,0.2325997
375,0.04498449,0.4987579,0.2220932,0.2341644
376,0.0452291,0.4988209,0.2205795,0.2353704
377,0.04542033,0.4993031,0.2189311,0.2363454
378,0.04557437,0.4999831,0.2172833,0.2371593
379,0.04570086,0.5007321,0.215721,0.2378459
380,0.0458056,0.5014765,0.2142961,0.2384218
381,0.04589243,0.5021749,0.2130362,0.2388965
382,0.04596398,0.5028062,0.2119532,0.2392765
383,0.04602258,0.5033619,0.2110449,0.2395706
384,0.04607037,0.5038412,0.2102992,0.2397892
385,0.04622437,0.503423,0.2097749,0.2405778
386,0.04633648,0.5033717,0.209172,0.2411198
387,0.04641129,0.5035011,0.2086527,0.2414349
388,0.04646055,0.5036987,0.2082459,0.2415949
389,0.04649229,0.5039064,0.2079534,0.2416479
390,0.04651169,0.5040969,0.2077667,0.2416246
391,0.046522,0.5042596,0.2076749,0.2415435
392,0.04652504,0.5043918,0.2076687,0.2414146
393,0.04652185,0.5044938,0.2077412,0.2412431
394,0.0465133,0.5045677,0.207885,0.2410339
395,0.04649998,0.5046158,0.2080938,0.2407903
396,0.04648234,0.5046406,0.2083619,0.2405151
397,0.04774539,0.4951987,0.2098913,0.2471647
398,0.04865346,0.4903822,0.20909,0.2518743
399,0.04921373,0.4882756,0.2079382,0.2545726
400,0.04954176,0.4875984,0.2068871,0.2559728
401,0.04971967,0.4876057,0.2061157,0.2565589
402,0.04980498,0.4878881,0.2056465,0.2566604
403,0.04983636,0.4882392,0.2054312,0.2564932
404,0.04983884,0.4885681,0.2053982,0.2561949
405,0.04982809,0.4888467,0.2054751,0.2558502
406,0.0498134,0.4890761,0.2056019,0.2555085
407,0.04980015,0.4892696,0.2057322,0.255198
408,0.04979121,0.4894429,0.2058325,0.2549334
409,0.04399817,0.5377129,0.1929152,0.2253737
410,0.04086602,0.5566942,0.1925664,0.2098734
411,0.03921841,0.5635328,0.1950971,0.2021517
412,0.03833281,0.5653925,0.1979534,0.1983213
413,0.03785827,0.5653045,0.2003152,0.1965221
414,0.03760752,0.5645806,0.2020361,0.1957758
415,0.03747693,0.5637604,0.2032105,0.1955522
416,0.03740855,0.563035,0.2039926,0.1955639
417,0.03737026,0.562445,0.2045259,0.1956588
418,0.03734469,0.561974,0.2049215,0.1957597
419,0.03732267,0.5615901,0.2052567,0.1958306
420,0.03729966,0.5612628,0.2055809,0.1958567
421,0.03754453,0.5582653,0.2070046,0.1971855
422,0.03768253,0.5566633,0.2077557,0.1978985
423,0.03775363,0.5557758,0.2082253,0.1982452
424,0.03777811,0.5552564,0.20863,0.1983355
425,0.03777284,0.554913,0.2090495,0.1982647
426,0.03774991,0.5546481,0.2095011,0.1981009
427,0.03771766,0.5544175,0.2099729,0.1978918
428,0.03768195,0.5542051,0.2104412,0.1976717
429,0.03764699,0.5540087,0.2108784,0.1974659
430,0.03761595,0.5538324,0.2112568,0.1972948
431,0.03759115,0.5536826,0.2115527,0.1971736
432,0.03757415,0.553565,0.2117477,0.1971131
433,0.04088024,0.5215479,0.2236965,0.2138753
434,0.04325265,0.5033411,0.2280948,0.2253114
435,0.04488725,0.4935551,0.2287646,0.232793
436,0.04593437,0.4887789,0.2280794,0.2372074
437,0.04657336,0.4867725,0.2270577,0.2395965
438,0.04695638,0.4861885,0.2260432,0.2408119
439,0.04719661,0.4862854,0.225052,0.241466
440,0.04737043,0.4866942,0.2239776,0.2419577
441,0.04752371,0.4872532,0.2227097,0.2425134
442,0.04767729,0.4879003,0.2212073,0.2432151
443,0.04783595,0.4886091,0.2195009,0.244054
444,0.04799496,0.4893591,0.2176789,0.2449671
445,0.04812584,0.4884357,0.2181027,0.2453358
446,0.04817237,0.4879162,0.218706,0.2452053
447,0.04822206,0.4875567,0.2190463,0.2451748
448,0.0482696,0.4873212,0.219222,0.2451872
449,0.04831515,0.487175,0.2192802,0.2452296
450,0.04835889,0.4870938,0.2192541,0.2452932
451,0.04840075,0.4870596,0.2191695,0.2453701
452,0.04844041,0.4870595,0.2190476,0.2454525
453,0.04847742,0.4870834,0.2189061,0.245533
454,0.04851175,0.4871233,0.2187567,0.2456083
455,0.04854335,0.487173,0.218608,0.2456756
456,0.04857218,0.4872286,0.2184664,0.2457329
457,0.04822639,0.4935881,0.2134891,0.2446965
458,0.04816221,0.4977253,0.2087885,0.2453239
459,0.04809159,0.5006131,0.2056632,0.2456321
460,0.04802147,0.5026194,0.203638,0.2457211
461,0.04795831,0.5039795,0.2023779,0.2456843
462,0.04790448,0.5048726,0.2016435,0.2455793
463,0.04785907,0.5054367,0.2012714,0.2454329
464,0.04781954,0.5057736,0.2011537,0.2452531
465,0.04778299,0.5059562,0.2012217,0.2450392
466,0.04774679,0.506034,0.201432,0.2447872
467,0.04770884,0.5060403,0.2017579,0.2444928
468,0.04766713,0.5059943,0.202189,0.2441496
469,0.04159425,0.5555638,0.1897623,0.2130796
470,0.0383954,0.5733957,0.1910699,0.197139
471,0.03673265,0.5788947,0.1951105,0.1892621
472,0.03583467,0.5796381,0.1992271,0.1853002
473,0.03534246,0.5786888,0.2026149,0.1833539
474,0.03506979,0.5773116,0.2051653,0.1824533
475,0.03491515,0.5759902,0.2070144,0.1820801
476,0.03482236,0.5748693,0.2083529,0.1819554
477,0.03476061,0.5739562,0.2093514,0.1819318
478,0.03471329,0.5732107,0.2101414,0.1819346
479,0.03467208,0.5725865,0.2108102,0.1819311
480,0.03463316,0.5720458,0.2114107,0.1819104
481,0.03699564,0.5508891,0.217472,0.1946432
482,0.03869659,0.5401011,0.2174695,0.2037328
483,0.03977492,0.5352386,0.2157426,0.209244
484,0.04042174,0.5335096,0.213703,0.2123657
485,0.04078241,0.5332651,0.2120039,0.2139486
486,0.0409647,0.5336056,0.2108257,0.214604
487,0.04104247,0.5340895,0.2101267,0.2147413
488,0.04106331,0.5345334,0.2097848,0.2146185
489,0.04105683,0.5348845,0.2096653,0.2143934
490,0.04104017,0.5351493,0.209656,0.2141545
491,0.04102331,0.5353534,0.2096712,0.2139521
492,0.04101171,0.5355241,0.2096515,0.2138126
493,0.04223048,0.5249085,0.2128164,0.2200445
494,0.04307261,0.5195462,0.2131423,0.2242389
495,0.04361802,0.5171165,0.212428,0.2268374
496,0.04396373,0.5162605,0.2113734,0.2284023
497,0.04418215,0.516189,0.2102907,0.229338
498,0.04432389,0.5164683,0.2092895,0.2299183
499,0.04442172,0.5168749,0.2083903,0.2303131
500,0.04449508,0.5173025,0.2075856,0.230617
501,0.04455454,0.5177055,0.2068647,0.2308752
502,0.04460644,0.5180672,0.206213,0.2311134
503,0.04465351,0.5183854,0.2056229,0.2313383
504,0.04469668,0.518663,0.2050917,0.2315487
505,0.0430648,0.533352,0.2003727,0.2232106
506,0.0420653,0.540126,0.1995618,0.2182469
507,0.04148744,0.5430081,0.1999832,0.2155213
508,0.04116182,0.544022,0.2007186,0.2140977
509,0.04098447,0.5441967,0.2014067,0.2134121
510,0.04089184,0.5440395,0.201942,0.2131266
511,0.04084564,0.5437858,0.2023256,0.213043
512,0.04082344,0.5435336,0.2025941,0.2130488
513,0.04081241,0.5433154,0.2027893,0.2130829
514,0.04080515,0.5431345,0.2029493,0.2131111
515,0.04079779,0.5429831,0.2031016,0.2131175
516,0.04078847,0.5428513,0.2032647,0.2130955
517,0.04076661,0.5426201,0.2036626,0.2129506
518,0.04073847,0.5423781,0.2041372,0.2127463
519,0.04071683,0.5421333,0.2045646,0.2125853
520,0.04069549,0.5419058,0.2049741,0.2124246
521,0.04067307,0.5416968,0.2053747,0.2122554
522,0.04064934,0.541504,0.2057705,0.2120762
523,0.04062447,0.5413248,0.206162,0.2118887
524,0.0405989,0.5411578,0.2065471,0.2116962
525,0.04057322,0.5410026,0.2069213,0.2115029
526,0.04054807,0.5408594,0.2072787,0.2113138
527,0.04052417,0.5407295,0.2076122,0.2111342
528,0.04050221,0.540614,0.2079142,0.2109696
529,0.04073397,0.5384695,0.2086434,0.2121531
530,0.04088629,0.5374478,0.2087507,0.2129153
531,0.04097279,0.5370209,0.2086941,0.2133123
532,0.04102155,0.5368856,0.2085791,0.2135137
533,0.04104893,0.5368863,0.2084525,0.2136123
534,0.04106529,0.5369446,0.2083245,0.2136655
535,0.04107695,0.5370245,0.2081914,0.2137072
536,0.04108749,0.5371104,0.208047,0.2137552
537,0.04109863,0.5371972,0.2078871,0.2138172
538,0.041111,0.5372834,0.2077112,0.2138945
539,0.0411246,0.5373687,0.2075218,0.2139849
540,0.04113903,0.5374529,0.2073235,0.2140846
541,0.04236066,0.5267041,0.2105969,0.2203384
542,0.04319722,0.521209,0.2110989,0.2244949
543,0.04373813,0.5186291,0.2105695,0.2270632
544,0.04407333,0.5176229,0.2097495,0.2285543
545,0.04427387,0.5174012,0.2089623,0.2293627
546,0.04439061,0.5175281,0.2083174,0.229764
547,0.04445758,0.5177795,0.2078255,0.2299375
548,0.04449636,0.5180508,0.2074598,0.229993
549,0.04452,0.5183008,0.2071851,0.2299941
550,0.0445361,0.5185182,0.2069698,0.2299759
551,0.04454878,0.5187052,0.2067904,0.2299556
552,0.04456016,0.5188681,0.206631,0.2299407
553,0.04449851,0.5195257,0.2064386,0.2295372
554,0.04445805,0.5198721,0.2064211,0.2292487
555,0.04443996,0.5200537,0.2064103,0.2290959
556,0.04443424,0.5201614,0.2063881,0.2290163
557,0.04443562,0.520239,0.2063471,0.2289783
558,0.04444075,0.5203074,0.2062895,0.2289623
559,0.04444752,0.5203754,0.2062213,0.2289558
560,0.04445461,0.5204452,0.2061491,0.2289511
561,0.04446133,0.5205163,0.2060782,0.2289441
562,0.04446737,0.5205876,0.206012,0.228933
563,0.04447259,0.5206578,0.2059525,0.228917
564,0.04447701,0.520726,0.2059006,0.2288963
565,0.04664085,0.5023215,0.2111793,0.2398584
566,0.04819324,0.4921602,0.2121691,0.2474775
567,0.04922508,0.4869312,0.2115667,0.2522769
568,0.04987771,0.4845511,0.2104827,0.2550884
569,0.05027127,0.4837073,0.2094298,0.2565916
570,0.05049895,0.4836207,0.208583,0.2572973
571,0.05062728,0.4838604,0.2079524,0.25756
572,0.05070067,0.4842083,0.2074822,0.2576089
573,0.05074694,0.4845678,0.2071035,0.2575818
574,0.05078214,0.4849049,0.2067602,0.2575528
575,0.05081484,0.4852147,0.2064136,0.2575569
576,0.0508489,0.4855029,0.2060434,0.2576047
577,0.0473211,0.5152829,0.1975385,0.2398574
578,0.04522453,0.528842,0.1962972,0.2296363
579,0.04404567,0.5346095,0.197158,0.2241868
580,0.04339033,0.5367531,0.1984687,0.2213879
581,0.04303426,0.5372891,0.1996265,0.2200502
582,0.04284676,0.5371832,0.2004776,0.2194923
583,0.04275148,0.5368781,0.2010444,0.2193261
584,0.04270422,0.5365576,0.2014038,0.2193343
585,0.04267995,0.5362832,0.2016369,0.2193999
586,0.04266489,0.5360634,0.2018087,0.219463
587,0.0426517,0.5358869,0.2019665,0.219495
588,0.04263667,0.5357379,0.2021415,0.2194839
589,0.04194242,0.5415978,0.2004254,0.2160343
590,0.04149477,0.5443018,0.2003255,0.2138779
591,0.04121164,0.5454009,0.2008245,0.2125629
592,0.04103196,0.5456967,0.2015108,0.2117605
593,0.04091467,0.5456184,0.2022145,0.2112524
594,0.04083357,0.5453851,0.2028787,0.2109026
595,0.04077262,0.5451019,0.2034949,0.2106306
596,0.04072243,0.5448149,0.2040708,0.2103918
597,0.04067779,0.544542,0.2046164,0.2101638
598,0.04063617,0.5442874,0.2051383,0.2099382
599,0.04059676,0.5440508,0.2056372,0.2097153
600,0.04055977,0.5438312,0.2061084,0.2095006
601,0.04020387,0.546263,0.2059122,0.207621
602,0.03996576,0.5472605,0.2063946,0.2063793
603,0.03982117,0.5475463,0.2069694,0.2056631
604,0.03973443,0.5475172,0.2074829,0.2052654
605,0.03968561,0.5473706,0.2078666,0.2050772
606,0.03966194,0.5472022,0.2081058,0.2050301
607,0.03965523,0.5470538,0.2082107,0.2050804
608,0.0396601,0.5469394,0.2082009,0.2051995
609,0.03967298,0.5468603,0.2080989,0.2053679
610,0.03969106,0.5468118,0.2079277,0.2055694
611,0.03971219,0.5467876,0.2077096,0.2057907
612,0.0397346,0.5467804,0.2074647,0.2060204
613,0.04267311,0.5209367,0.2152286,0.2211615
614,0.04483352,0.5066707,0.216456,0.2320398
615,0.04629847,0.499383,0.2152114,0.2391072
616,0.0472386,0.4961552,0.213218,0.2433881
617,0.04781101,0.4951094,0.2112985,0.2457811
618,0.04814322,0.4951163,0.2097495,0.2469909
619,0.04832859,0.495549,0.2086043,0.2475181
620,0.04843022,0.4960921,0.207787,0.2476906
621,0.04848803,0.4966089,0.2071955,0.2477077
622,0.0485258,0.4970548,0.2067371,0.2476823
623,0.04855669,0.4974282,0.2063434,0.2476717
624,0.04858712,0.4977432,0.2059708,0.2476987
625,0.04661521,0.5149326,0.2007476,0.2377045
626,0.04539894,0.5231997,0.1996652,0.2317362
627,0.04469253,0.5269474,0.1999161,0.2284439
628,0.0442957,0.5284677,0.2005019,0.2267346
629,0.04408236,0.5289488,0.2010393,0.2259294
630,0.04397431,0.5289888,0.2014222,0.2256147
631,0.043924,0.5288733,0.2016575,0.2255452
632,0.04390318,0.5287278,0.2017891,0.22558
633,0.04389553,0.5285981,0.2018649,0.2256415
634,0.04389207,0.5284942,0.2019236,0.2256901
635,0.04388807,0.5284117,0.2019927,0.2257075
636,0.04388124,0.5283424,0.2020897,0.2256868
637,0.04407775,0.5264801,0.2027687,0.2266735
638,0.04419674,0.5254943,0.2030931,0.2272159
639,0.04426246,0.5249783,0.2032941,0.2274653
640,0.04429148,0.5247085,0.2034852,0.2275148
641,0.04429662,0.524558,0.2037089,0.2274364
642,0.04428688,0.5244589,0.203974,0.2272801
643,0.04426838,0.5243787,0.2042732,0.2270797
644,0.04424534,0.5243031,0.2045927,0.2268588
645,0.04422072,0.5242285,0.2049165,0.2266342
646,0.04419659,0.524156,0.2052292,0.2264182
647,0.04417454,0.5240884,0.2055166,0.2262205
648,0.04415571,0.5240291,0.2057663,0.2260488
649,0.04160368,0.5458469,0.1994294,0.2131201
650,0.04010255,0.555204,0.1989307,0.2057626
651,0.03925247,0.5588411,0.2000826,0.2018239
652,0.03877845,0.5599012,0.201504,0.1998163
653,0.03852106,0.5598876,0.2027031,0.1988882
654,0.03838624,0.5594994,0.2035702,0.1985441
655,0.03831866,0.5590401,0.2041431,0.1984982
656,0.03828611,0.5586233,0.2045021,0.1985885
657,0.03827023,0.5582771,0.2047268,0.1987259
658,0.03826084,0.5579947,0.2048807,0.1988637
659,0.0382526,0.5577588,0.2050093,0.1989793
660,0.03824281,0.5575522,0.205142,0.1990631
661,0.03831046,0.5567986,0.2053355,0.1995554
662,0.03834951,0.5564098,0.205359,0.1998816
663,0.03836064,0.5561935,0.2054169,0.200029
664,0.03835559,0.5560426,0.2055297,0.2000721
665,0.0383403,0.5559087,0.2057041,0.200047
666,0.0383186,0.5557708,0.2059339,0.1999767
667,0.03829307,0.5556224,0.2062074,0.1998772
668,0.0382655,0.5554634,0.2065108,0.1997603
669,0.03823733,0.555297,0.2068302,0.1996355
670,0.03820966,0.5551274,0.207152,0.1995109
671,0.03818351,0.554959,0.2074636,0.1993939
672,0.03815974,0.5547958,0.2077532,0.1992913
673,0.03811944,0.5544788,0.2083632,0.1990386
674,0.03808087,0.5541837,0.2089395,0.1987959
675,0.03806268,0.5539114,0.2093226,0.1987032
676,0.03805244,0.5536913,0.2095843,0.1986719
677,0.0380484,0.5535201,0.2097419,0.1986896
678,0.03804982,0.553391,0.2098087,0.1987505
679,0.03805606,0.5532969,0.2097975,0.1988496
680,0.03806646,0.5532313,0.2097206,0.1989816
681,0.03808032,0.5531886,0.2095904,0.1991407
682,0.03809655,0.5531632,0.2094212,0.199319
683,0.03811421,0.5531502,0.2092268,0.1995088
684,0.03813226,0.5531449,0.2090204,0.1997024
685,0.04001515,0.5361723,0.2143144,0.2094981
686,0.04132962,0.5273556,0.2151598,0.216155
687,0.04218619,0.5231528,0.2143554,0.2203056
688,0.04271733,0.521462,0.2130964,0.2227243
689,0.04303233,0.5210265,0.2119107,0.2240305
690,0.04321202,0.5211461,0.2109721,0.2246698
691,0.04331163,0.5214617,0.210289,0.2249377
692,0.04336649,0.5218074,0.2098084,0.2250176
693,0.04339802,0.5221199,0.2094663,0.2250158
694,0.04341883,0.5223839,0.2092052,0.2249919
695,0.04343575,0.5226053,0.2089833,0.2249756
696,0.04345217,0.522795,0.2087737,0.224979
697,0.04100157,0.5445856,0.2019829,0.2124299
698,0.03956482,0.5540326,0.201088,0.2053146
699,0.03875501,0.5578051,0.2019138,0.2015262
700,0.03830555,0.5590037,0.2030886,0.1996022
701,0.03806232,0.5591134,0.2041149,0.1987093
702,0.0379348,0.558828,0.2048717,0.1983656
703,0.03786989,0.5584511,0.2053838,0.1982951
704,0.03783695,0.5580993,0.2057207,0.198343
705,0.03781857,0.5578035,0.2059531,0.1984248
706,0.03780525,0.5575597,0.2061378,0.1984973
707,0.03779193,0.5573533,0.2063153,0.1985395
708,0.03777614,0.557169,0.2065121,0.1985428
709,0.03873967,0.548026,0.2096548,0.2035796
710,0.0393687,0.5434494,0.2104283,0.2067536
711,0.03974864,0.541311,0.2103862,0.2085542
712,0.03995983,0.5404232,0.2101724,0.2094446
713,0.04006276,0.5401189,0.2100526,0.2097658
714,0.04009984,0.5400482,0.2100987,0.2097532
715,0.04009955,0.5400446,0.2102935,0.2095623
716,0.04008051,0.5400406,0.2105845,0.2092945
717,0.04005484,0.540018,0.2109113,0.2090158
718,0.04003039,0.5399818,0.211218,0.2087698
719,0.04001213,0.5399447,0.2114589,0.2085842
720,0.04000298,0.5399199,0.2116014,0.2084758
721,0.04143975,0.5270051,0.2157466,0.2158085
722,0.04243546,0.5203395,0.2164877,0.2207372
723,0.04308733,0.5171874,0.2159025,0.2238228
724,0.0435028,0.515944,0.2148675,0.2256856
725,0.04376667,0.515667,0.213765,0.2268012
726,0.04393901,0.5158365,0.2127286,0.2274959
727,0.0440588,0.5161849,0.2117835,0.2279728
728,0.04414942,0.5165855,0.2109188,0.2283463
729,0.0442237,0.5169837,0.2101198,0.2286728
730,0.04428797,0.5173602,0.2093776,0.2289743
731,0.04434489,0.5177097,0.2086908,0.2292546
732,0.04439533,0.5180325,0.2080624,0.2295098
733,0.04203996,0.5392289,0.2012067,0.2175246
734,0.04064354,0.5486821,0.2000136,0.2106608
735,0.03984791,0.5526085,0.2005787,0.2069649
736,0.03940029,0.5539663,0.2015799,0.2050536
737,0.03915273,0.5541999,0.2025183,0.2041291
738,0.03901776,0.553998,0.2032552,0.2037289
739,0.03894395,0.5536711,0.2037972,0.2035878
740,0.03890144,0.5533437,0.2041985,0.2035563
741,0.03887313,0.5530545,0.2045195,0.2035529
742,0.03884957,0.5528048,0.2048106,0.2035349
743,0.03882566,0.5525839,0.205109,0.2034814
744,0.03879882,0.5523785,0.2054394,0.2033833
745,0.0420398,0.52274,0.2151145,0.2201056
746,0.04442197,0.506017,0.2175573,0.2320037
747,0.04602409,0.4972279,0.2171946,0.2395534
748,0.04702129,0.4931199,0.2160251,0.2438337
749,0.04758642,0.4915524,0.2150064,0.2458547
750,0.04786696,0.4912167,0.214466,0.2464504
751,0.04797702,0.4913805,0.2143911,0.2462515
752,0.04799954,0.4916814,0.2146093,0.2457098
753,0.047992,0.4919756,0.2148961,0.2451362
754,0.04799168,0.4922349,0.2150433,0.2447302
755,0.04801964,0.4924802,0.2149002,0.2446
756,0.04808393,0.4927436,0.2143944,0.2447781
757,0.04652601,0.507199,0.2093461,0.2369288
758,0.04560019,0.5143679,0.2075344,0.2324975
759,0.04510339,0.5178491,0.2066931,0.2303543
760,0.04486355,0.5195042,0.2060928,0.2295395
761,0.04476848,0.5202991,0.2055007,0.2294317
762,0.04474824,0.5207166,0.2048855,0.2296496
763,0.04476162,0.5209818,0.2042817,0.2299748
764,0.04478579,0.5211885,0.2037329,0.2302928
765,0.04480916,0.5213679,0.203272,0.2305509
766,0.04482649,0.5215254,0.2029175,0.2307305
767,0.04483593,0.5216581,0.2026765,0.2308294
768,0.04483717,0.5217618,0.2025485,0.2308525
769,0.04197718,0.5463112,0.1953789,0.2163327
770,0.04029196,0.5567833,0.1949025,0.2080223
771,0.03932903,0.5607905,0.1963865,0.2034938
772,0.03877623,0.5618812,0.1982879,0.2010546
773,0.03845731,0.561744,0.2000346,0.1997641
774,0.03827007,0.5611665,0.2014767,0.1990867
775,0.03815486,0.5604941,0.2026341,0.1987168
776,0.03807703,0.5598593,0.2035817,0.198482
777,0.03801684,0.5592968,0.2043983,0.198288
778,0.03796342,0.5588018,0.2051486,0.1980861
779,0.03791112,0.5583572,0.2058775,0.1978543
780,0.03785745,0.5579453,0.2066111,0.197586
781,0.03777665,0.5576982,0.207386,0.1971392
782,0.03770088,0.557359,0.2082402,0.1966998
783,0.03763521,0.5569797,0.209071,0.1963141
784,0.0375764,0.5565977,0.2098607,0.1959652
785,0.03752529,0.5562329,0.2105784,0.1956634
786,0.0374836,0.5558993,0.2111922,0.1954249
787,0.03745322,0.5556083,0.2116727,0.1952658
788,0.03743567,0.5553689,0.2119962,0.1951991
789,0.03743175,0.5551874,0.2121481,0.1952327
790,0.03744108,0.5550659,0.212128,0.1953651
791,0.03746226,0.5550022,0.2119484,0.1955872
792,0.03749312,0.5549904,0.2116323,0.1958844
793,0.03861024,0.5454717,0.2140688,0.2018493
794,0.03938661,0.5409544,0.2136701,0.2059889
795,0.03988528,0.539096,0.2124209,0.2085979
796,0.04020081,0.5385791,0.2109924,0.2102277
797,0.04039845,0.5386745,0.2096847,0.2112424
798,0.04052251,0.5390005,0.2085949,0.2118821
799,0.04060145,0.5393724,0.2077294,0.2122966
800,0.04065273,0.5397117,0.2070609,0.2125747
801,0.04068673,0.5399918,0.2065548,0.2127666
802,0.0407096,0.5402104,0.2061788,0.2129013
803,0.0407248,0.5403746,0.2059065,0.212994
804,0.04073435,0.540494,0.2057182,0.2130533
805,0.03718458,0.5720876,0.1959685,0.1947593
806,0.03523598,0.5841717,0.1955318,0.1850604
807,0.03417546,0.5882165,0.1975159,0.1800921
808,0.03359184,0.588937,0.1998679,0.1776033
809,0.0332708,0.588402,0.2018901,0.1764371
810,0.03309407,0.5875065,0.2034351,0.1759643
811,0.03299504,0.5866075,0.2045599,0.1758375
812,0.03293616,0.58582,0.205378,0.1758659
813,0.03289649,0.5851576,0.205999,0.1759469
814,0.03286457,0.5845979,0.2065104,0.1760271
815,0.03283435,0.5841104,0.2069747,0.1760804
816,0.0328028,0.5836688,0.2074325,0.1760958
817,0.03484679,0.5631594,0.2150061,0.1869877
818,0.03624489,0.5526565,0.2168916,0.194207
819,0.03712669,0.5477238,0.2166305,0.198519
820,0.03763676,0.5457294,0.2158497,0.2007842
821,0.03790066,0.5451241,0.2152422,0.2017331
822,0.03801377,0.5450752,0.215001,0.2019101
823,0.03804336,0.5451837,0.215079,0.201694
824,0.03803471,0.5452929,0.2153341,0.2013383
825,0.03801752,0.5453709,0.2156019,0.2010097
826,0.03801061,0.5454428,0.2157311,0.2008156
827,0.03802361,0.5455468,0.2156208,0.2008088
828,0.03805821,0.545707,0.2152441,0.2009907
829,0.03878498,0.539834,0.2165248,0.2048562
830,0.03930275,0.5371605,0.2159198,0.207617
831,0.03965711,0.5361786,0.2146644,0.2094999
832,0.03990411,0.5360491,0.213223,0.2108238
833,0.04008104,0.53631,0.2118184,0.2117905
834,0.04021182,0.5367191,0.2105457,0.2125233
835,0.04031102,0.5371566,0.209439,0.2130933
836,0.04038731,0.5375681,0.2085047,0.2135399
837,0.04044599,0.5379317,0.2077366,0.2138857
838,0.04049079,0.5382414,0.2071201,0.2141476
839,0.04052428,0.5384989,0.2066392,0.2143376
840,0.04054836,0.5387087,0.2062777,0.2144652
841,0.03981381,0.5454903,0.2040928,0.2106032
842,0.03935077,0.548613,0.2038168,0.2082195
843,0.03907456,0.5499154,0.2041574,0.2068527
844,0.03891067,0.5503393,0.2046747,0.2060753
845,0.03881271,0.550368,0.2051913,0.2056281
846,0.03875182,0.5502395,0.2056553,0.2053534
847,0.03871046,0.5500638,0.2060678,0.2051579
848,0.03867824,0.5498859,0.2064476,0.2049882
849,0.03864922,0.54972,0.2068154,0.2048153
850,0.03862016,0.5495671,0.2071884,0.2046243
851,0.03858955,0.5494235,0.2075773,0.2044097
852,0.03855689,0.5492848,0.2079867,0.2041716
853,0.03932957,0.5418195,0.2107299,0.208121
854,0.0398293,0.5381093,0.2115092,0.2105522
855,0.04012346,0.5364016,0.21163,0.211845
856,0.04028233,0.5357188,0.2115877,0.2124111
857,0.0403575,0.5355185,0.2115774,0.2125466
858,0.04038525,0.5355197,0.2116389,0.2124561
859,0.04038988,0.535591,0.2117432,0.2122759
860,0.04038712,0.5356802,0.2118401,0.2120926
861,0.04038665,0.5357736,0.2118803,0.2119594
862,0.04039378,0.5358739,0.2118284,0.2119039
863,0.04041075,0.5359874,0.211666,0.2119358
864,0.0404377,0.5361189,0.2113913,0.2120521
865,0.03766965,0.5616846,0.2028409,0.1978048
866,0.0361166,0.5721331,0.201626,0.1901243
867,0.03526684,0.5760475,0.2024808,0.1862049
868,0.03481009,0.5771285,0.2037214,0.18434
869,0.03457197,0.5770733,0.2047774,0.1835773
870,0.03445302,0.5766407,0.2055252,0.1833812
871,0.03439641,0.5761457,0.2060058,0.1834521
