EwEVersion,"6.5.13829.0 (compiled 2016-05-17)"
Date,"2016-09-06 18:35:34"
ModelName,Baltic_Proper-SEALS
EcosimScenario,Proper1_SealVuln100_19742100_seal1_cofF1
TimeSeries,new_data_weights_19742100_BAU_WAR1_codF1_seal1
StartYear,1974

Data,"Prey of Cod larvae"

TimeStep,"Temora sp","Acartia sp","Pseudocalanus sp.",
1,0.1079211,0.1002682,0.7918108
2,0.1141324,0.1024312,0.7834364
3,0.1163488,0.1016293,0.7820219
4,0.1165552,0.1003183,0.7831265
5,0.1157019,0.09866478,0.7856334
6,0.1143675,0.09697758,0.7886549
7,0.1128841,0.09545804,0.7916578
8,0.111417,0.09417874,0.7944042
9,0.1100314,0.09313829,0.7968302
10,0.1087406,0.0923044,0.798955
11,0.1075361,0.09163691,0.8008271
12,0.1064044,0.09109852,0.8024971
13,0.1098771,0.09123518,0.7988878
14,0.1071032,0.09022532,0.8026716
15,0.1057372,0.08990476,0.804358
16,0.1047978,0.08955628,0.805646
17,0.1041138,0.08918739,0.8066989
18,0.1036688,0.08885361,0.8074777
19,0.1034872,0.08863278,0.80788
20,0.1036145,0.08872848,0.807657
21,0.1040879,0.08939307,0.806519
22,0.1049105,0.09087364,0.8042159
23,0.1060425,0.09334076,0.8006167
24,0.1074082,0.0967824,0.7958094
25,0.07486401,0.09317464,0.8319614
26,0.08790673,0.1007995,0.8112938
27,0.09150035,0.105066,0.8034337
28,0.09421314,0.1099896,0.7957972
29,0.09619442,0.112416,0.7913896
30,0.09759028,0.1124855,0.7899242
31,0.09850062,0.1112971,0.7902023
32,0.09907398,0.1099095,0.7910165
33,0.09934278,0.108476,0.7921813
34,0.09939011,0.1072373,0.7933726
35,0.09927996,0.1062484,0.7944717
36,0.09905796,0.1054935,0.7954485
37,0.09820619,0.1053699,0.7964239
38,0.09620634,0.1043913,0.7994024
39,0.09508106,0.104027,0.8008919
40,0.09432162,0.1039107,0.8017677
41,0.09376384,0.1039994,0.8022368
42,0.09333955,0.104265,0.8023954
43,0.09302047,0.1046856,0.802294
44,0.09268633,0.1048901,0.8024236
45,0.09245197,0.1053708,0.8021772
46,0.09233657,0.1061114,0.8015521
47,0.09235531,0.1071032,0.8005415
48,0.09251558,0.1083108,0.7991737
49,0.09293159,0.1115809,0.7954875
50,0.09167203,0.1122874,0.7960405
51,0.09141757,0.1130761,0.7955063
52,0.09165569,0.1139048,0.7944395
53,0.0922389,0.1148837,0.7928774
54,0.09307378,0.1158912,0.791035
55,0.09408239,0.1167399,0.7891777
56,0.09527981,0.1175388,0.7871813
57,0.09651151,0.1178815,0.785607
58,0.0977051,0.1178495,0.7844454
59,0.0988009,0.1175239,0.7836752
60,0.09975962,0.1169907,0.7832496
61,0.08794246,0.1163223,0.7957352
62,0.08722456,0.1161772,0.7965982
63,0.08693175,0.1152145,0.7978537
64,0.0870295,0.1146242,0.7983462
65,0.08732835,0.1142124,0.7984592
66,0.08772467,0.1138463,0.798429
67,0.08815973,0.1134704,0.7983699
68,0.08851041,0.1128327,0.7986569
69,0.08880329,0.1121741,0.7990227
70,0.08903539,0.111467,0.7994977
71,0.08920179,0.1107201,0.800078
72,0.08930011,0.1099476,0.8007523
73,0.07894265,0.1086852,0.8123721
74,0.0788036,0.1098645,0.811332
75,0.07956827,0.1086039,0.8118278
76,0.08031572,0.1072841,0.8124002
77,0.08070356,0.1059633,0.8133332
78,0.08069181,0.104675,0.8146331
79,0.08033495,0.1034813,0.8161837
80,0.07971007,0.102424,0.817866
81,0.07886851,0.1015165,0.819615
82,0.07785497,0.10077,0.821375
83,0.07670555,0.1001872,0.8231073
84,0.07545082,0.09976796,0.8247812
85,0.09099716,0.1000638,0.808939
86,0.09178802,0.09877565,0.8094364
87,0.0912513,0.09939699,0.8093517
88,0.09036075,0.09952714,0.8101121
89,0.08926187,0.099431,0.8113071
90,0.08804942,0.09930937,0.8126413
91,0.08679496,0.09924018,0.8139648
92,0.08552168,0.09916243,0.8153159
93,0.0843099,0.09918509,0.816505
94,0.08322545,0.09939166,0.8173829
95,0.08232471,0.09990829,0.817767
96,0.08165591,0.1009179,0.8174261
97,0.0862852,0.1031376,0.8105772
98,0.08724124,0.1053339,0.8074249
99,0.08841681,0.1097203,0.801863
100,0.08967531,0.1144403,0.7958844
101,0.09107753,0.1185155,0.7904069
102,0.09263119,0.1213169,0.7860518
103,0.09427576,0.1226384,0.7830859
104,0.09595919,0.1228351,0.7812057
105,0.09750737,0.1220168,0.7804758
106,0.09879863,0.1205602,0.7806411
107,0.09975763,0.1187737,0.7814686
108,0.1003617,0.1168732,0.7827652
109,0.1099947,0.1152959,0.7747094
110,0.1066909,0.1127019,0.7806072
111,0.1050979,0.1111153,0.7837868
112,0.1040487,0.1096569,0.7862945
113,0.1032732,0.108498,0.7882288
114,0.1026585,0.1076117,0.7897298
115,0.1021433,0.1069234,0.7909333
116,0.1018552,0.1067321,0.7914127
117,0.1016678,0.1066369,0.7916953
118,0.101539,0.1066257,0.7918352
119,0.1014529,0.1066909,0.7918562
120,0.101404,0.106827,0.791769
121,0.09442579,0.1063122,0.799262
122,0.09557892,0.1072362,0.7971849
123,0.09583579,0.1074289,0.7967354
124,0.09599178,0.1078425,0.7961658
125,0.09611448,0.1082901,0.7955954
126,0.09622356,0.1087039,0.7950726
127,0.09632906,0.109081,0.7945899
128,0.0963909,0.1093734,0.7942357
129,0.09644631,0.1096409,0.7939128
130,0.09650367,0.1098858,0.7936106
131,0.0965654,0.1101134,0.7933212
132,0.09663244,0.1103308,0.7930368
133,0.05247235,0.1093687,0.8381589
134,0.04422392,0.1111246,0.8446515
135,0.03556017,0.1092778,0.8551621
136,0.02875415,0.1091498,0.862096
137,0.02345354,0.1107838,0.8657627
138,0.01948621,0.1139668,0.866547
139,0.01676238,0.118223,0.8650146
140,0.01519349,0.1224085,0.862398
141,0.01476639,0.1260159,0.8592178
142,0.01552286,0.1282753,0.8562018
143,0.01756365,0.1289868,0.8534495
144,0.0209833,0.1283303,0.8506864
145,0.03374866,0.1270201,0.8392313
146,0.04913973,0.1252016,0.8256587
147,0.06325433,0.1208308,0.8159148
148,0.0731855,0.1161107,0.8107038
149,0.07882933,0.1117074,0.8094633
150,0.08146587,0.1078873,0.8106468
151,0.08236007,0.1046775,0.8129625
152,0.08233303,0.1019875,0.8156795
153,0.08181319,0.09968986,0.818497
154,0.08101399,0.0976879,0.8212981
155,0.0800321,0.09590853,0.8240594
156,0.07890753,0.09430604,0.8267864
157,0.06497584,0.0922036,0.8428205
158,0.05234007,0.08592809,0.8617318
159,0.04170196,0.08403488,0.8742632
160,0.03240049,0.08374189,0.8838576
161,0.02416124,0.08412752,0.8917112
162,0.01704634,0.0850133,0.8979404
163,0.01127131,0.08664455,0.9020841
164,0.006989672,0.08945741,0.9035528
165,0.004137987,0.09395757,0.9019045
166,0.002422768,0.1001667,0.8974105
167,0.001465715,0.1072578,0.8912765
168,0.0009541954,0.1137871,0.8852587
169,0.005280762,0.1315348,0.8631845
170,0.02865681,0.1292255,0.8421176
171,0.06587477,0.1224898,0.8116354
172,0.09072662,0.1163576,0.7929158
173,0.1033868,0.1104739,0.7861392
174,0.1077785,0.1047726,0.7874489
175,0.1078556,0.09965938,0.7924849
176,0.1059401,0.0953621,0.7986978
177,0.1033535,0.09192515,0.8047214
178,0.1007364,0.08921685,0.8100469
179,0.09833441,0.08707245,0.8145931
180,0.09619998,0.08534956,0.8184505
181,0.1006972,0.08421915,0.8150837
182,0.1016384,0.08357068,0.8147909
183,0.1013475,0.08257139,0.8160812
184,0.1004181,0.08153494,0.818047
185,0.09920373,0.08060598,0.8201903
186,0.09790373,0.07985411,0.8222421
187,0.09662335,0.07931149,0.8240651
188,0.0954337,0.07905383,0.8255125
189,0.09435492,0.07905,0.8265951
190,0.09337278,0.0792992,0.827328
191,0.09247313,0.07981269,0.8277142
192,0.09164711,0.08061685,0.827736
193,0.0963994,0.08175512,0.8218455
194,0.0969146,0.0833737,0.8197117
195,0.0971974,0.08522236,0.8175802
196,0.09737528,0.08706153,0.8155631
197,0.09756026,0.08891024,0.8135295
198,0.09782103,0.09079739,0.8113816
199,0.0981954,0.09274322,0.8090614
200,0.09865619,0.09465356,0.8066903
201,0.0992503,0.09668855,0.8040612
202,0.09998303,0.09880964,0.8012073
203,0.1008428,0.1009483,0.798209
204,0.1018039,0.1030067,0.7951894
205,0.09732744,0.1073828,0.7952897
206,0.09231178,0.1073788,0.8003094
207,0.08990864,0.1074914,0.8025999
208,0.08900353,0.1083435,0.802653
209,0.08909725,0.1099586,0.8009441
210,0.08990435,0.1120467,0.798049
211,0.09123474,0.1141884,0.7945769
212,0.09312756,0.1163994,0.790473
213,0.09524081,0.1177588,0.7870004
214,0.09738263,0.1182928,0.7843245
215,0.09936292,0.1181071,0.7825299
216,0.1010346,0.1173968,0.7815686
217,0.1121079,0.1160583,0.7718337
218,0.1177535,0.1160403,0.7662062
219,0.1199522,0.1140438,0.766004
220,0.1201402,0.1115766,0.7682832
221,0.1192885,0.109101,0.7716105
222,0.1180133,0.1068776,0.7751091
223,0.1166492,0.1049842,0.7783666
224,0.1153454,0.103396,0.7812586
225,0.1141296,0.1020185,0.7838519
226,0.1129884,0.1007798,0.7862318
227,0.1118943,0.09962611,0.7884796
228,0.1108206,0.09852082,0.7906585
229,0.0980071,0.09712888,0.804864
230,0.09540062,0.09608926,0.8085102
231,0.09333162,0.09488566,0.8117827
232,0.09167857,0.0939245,0.814397
233,0.0902831,0.09319592,0.8165209
234,0.08907343,0.09268636,0.8182402
235,0.088028,0.09240814,0.8195639
236,0.08714994,0.09239524,0.8204548
237,0.0864576,0.09271449,0.820828
238,0.08597023,0.09337725,0.8206525
239,0.08570199,0.09435517,0.8199429
240,0.08565713,0.09557609,0.8187668
241,0.07013548,0.09466028,0.8352042
242,0.07003225,0.09838387,0.8315839
243,0.07031818,0.09929019,0.8303916
244,0.07111543,0.1003836,0.828501
245,0.07208396,0.101275,0.8266411
246,0.07305335,0.1018058,0.8251408
247,0.07394122,0.1020337,0.824025
248,0.07467466,0.1019237,0.8234017
249,0.07526919,0.1017404,0.8229904
250,0.07574092,0.1015052,0.8227539
251,0.07610776,0.1012466,0.8226456
252,0.07638759,0.1009824,0.82263
253,0.1054584,0.1014083,0.7931333
254,0.1074236,0.09994657,0.7926298
255,0.1078255,0.1002376,0.7919369
256,0.1078816,0.09980671,0.7923117
257,0.1076798,0.09910021,0.79322
258,0.1073336,0.09836945,0.794297
259,0.1069203,0.09770023,0.7953795
260,0.10648,0.09713503,0.7963849
261,0.1060408,0.09664131,0.7973178
262,0.1056161,0.09622418,0.7981598
263,0.1052149,0.09588279,0.7989023
264,0.1048448,0.09561637,0.7995389
265,0.06982789,0.09486611,0.835306
266,0.06252318,0.09449418,0.8429826
267,0.0558077,0.09320962,0.8509827
268,0.05063263,0.09311987,0.8562475
269,0.04660338,0.0941281,0.8592685
270,0.04355584,0.0961322,0.860312
271,0.0414912,0.09901178,0.8594971
272,0.04051349,0.1026453,0.8568411
273,0.04068729,0.1061955,0.8531172
274,0.04202634,0.1091016,0.848872
275,0.0444406,0.1109764,0.844583
276,0.0477001,0.1117475,0.8405524
277,0.06097607,0.1126194,0.8264046
278,0.06840026,0.1100398,0.82156
279,0.07255657,0.1088188,0.8186246
280,0.07517722,0.107483,0.8173398
281,0.07690352,0.1060895,0.817007
282,0.07803647,0.1047022,0.8172613
283,0.07874611,0.1033476,0.8179063
284,0.07912385,0.1019771,0.818899
285,0.0792478,0.1006336,0.8201186
286,0.07917738,0.09932462,0.821498
287,0.07895739,0.09805629,0.8229863
288,0.07862128,0.0968326,0.8245462
289,0.0894623,0.09694946,0.8135883
290,0.09505983,0.0967662,0.808174
291,0.09766532,0.0950607,0.807274
292,0.09830882,0.09305523,0.808636
293,0.09789063,0.09109518,0.8110142
294,0.09695573,0.08930862,0.8137357
295,0.09579592,0.0877362,0.8164679
296,0.09454262,0.08637857,0.8190789
297,0.09328232,0.08523573,0.8214819
298,0.09204267,0.08428364,0.8236737
299,0.09083421,0.08350793,0.8256578
300,0.08966257,0.08290149,0.8274359
301,0.0948123,0.08358916,0.8215985
302,0.09793394,0.08471175,0.8173543
303,0.09886717,0.08440867,0.8167241
304,0.09860829,0.08390764,0.8174841
305,0.0977871,0.08335778,0.8188551
306,0.09673657,0.08284444,0.820419
307,0.09562597,0.08242723,0.8219469
308,0.09453455,0.08200951,0.8234559
309,0.09345404,0.08173873,0.8248072
310,0.09242944,0.08162485,0.8259457
311,0.0914847,0.08165403,0.8268613
312,0.0906317,0.08180341,0.827565
313,0.08332297,0.08400911,0.8326679
314,0.07376878,0.08133189,0.8448994
315,0.06799871,0.07982939,0.8521719
316,0.06401354,0.07876058,0.8572258
317,0.06110997,0.07812396,0.8607661
318,0.05900209,0.07826276,0.8627351
319,0.05760026,0.07984211,0.8625576
320,0.05700396,0.08420503,0.858791
321,0.05725463,0.09103264,0.8517127
322,0.05846119,0.09936654,0.8421723
323,0.0606994,0.1072534,0.8320472
324,0.06392009,0.1129187,0.8231612
325,0.0733038,0.1170624,0.8096338
326,0.07950362,0.1168352,0.8036612
327,0.08455286,0.1163318,0.7991154
328,0.08858671,0.1151234,0.7962899
329,0.09160147,0.1136348,0.7947636
330,0.09367626,0.1120816,0.7942421
331,0.09496292,0.1105647,0.7944724
332,0.09556537,0.1089788,0.7954558
333,0.09571072,0.1075213,0.7967681
334,0.09554832,0.1061637,0.798288
335,0.09518348,0.1048972,0.7999194
336,0.09468389,0.1037033,0.8016127
337,0.09203598,0.1020894,0.8058747
338,0.09062732,0.1010669,0.8083058
339,0.08953175,0.1000794,0.8103889
340,0.08857557,0.09910488,0.8123196
341,0.08766238,0.09811571,0.8142219
342,0.08673893,0.09710175,0.8161593
343,0.0857795,0.09606749,0.8181531
344,0.08483944,0.09516277,0.8199978
345,0.08387831,0.09426589,0.8218558
346,0.08289143,0.09340642,0.8237022
347,0.08188825,0.09260807,0.8255036
348,0.08088605,0.09189684,0.8272171
349,0.06083356,0.0899322,0.8492342
350,0.05813356,0.09461085,0.8472555
351,0.05814298,0.09303209,0.848825
352,0.05916316,0.09200072,0.8488362
353,0.0601139,0.09117973,0.8487064
354,0.06064125,0.09033758,0.8490213
355,0.06070323,0.0895085,0.8497883
356,0.06036423,0.08882561,0.8508102
357,0.05970908,0.08823201,0.8520589
358,0.05880615,0.08775348,0.8534404
359,0.05770965,0.08738943,0.854901
360,0.05646197,0.08713174,0.8564063
361,0.07105994,0.09096609,0.837974
362,0.06763439,0.08599835,0.8463672
363,0.06304981,0.08537834,0.8515718
364,0.05927971,0.08479623,0.8559241
365,0.05608976,0.08422561,0.8596846
366,0.05339742,0.08407205,0.8625305
367,0.05122485,0.08483146,0.8639436
368,0.04963065,0.08687349,0.8634958
369,0.0487489,0.09084177,0.8604093
370,0.04871828,0.09655289,0.8547289
371,0.04966274,0.1030554,0.8472818
372,0.05164437,0.1089419,0.8394138
373,0.05160797,0.1141157,0.8342763
374,0.05392068,0.1157151,0.8303642
375,0.05720409,0.1161461,0.8266498
376,0.06096304,0.1160131,0.8230239
377,0.06478766,0.1155258,0.8196866
378,0.06835221,0.1147821,0.8168657
379,0.07143933,0.113853,0.8147077
380,0.07397041,0.1128524,0.8131772
381,0.07591141,0.1117682,0.8123204
382,0.07730446,0.1106618,0.8120337
383,0.07823423,0.109578,0.8121877
384,0.07879799,0.1085453,0.8126568
385,0.08107772,0.1072313,0.811691
386,0.08165549,0.1062694,0.8120751
387,0.08169959,0.1054332,0.8128672
388,0.08147582,0.1046276,0.8138966
389,0.08108583,0.1038384,0.8150759
390,0.08057062,0.103064,0.8163654
391,0.07994789,0.1023053,0.8177468
392,0.07916745,0.1014295,0.8194031
393,0.07826651,0.1005599,0.8211735
394,0.07726418,0.09969412,0.8230417
395,0.07617524,0.09884214,0.8249826
396,0.07501521,0.09801996,0.8269649
397,0.09455841,0.09794859,0.807493
398,0.09546879,0.09535751,0.8091737
399,0.09478546,0.09530337,0.8099113
400,0.09404741,0.09514481,0.8108078
401,0.09335268,0.09490536,0.8117419
402,0.09274099,0.09474459,0.8125144
403,0.09224117,0.09474831,0.8130106
404,0.09189464,0.09506667,0.8130388
405,0.09170646,0.09557202,0.8127216
406,0.09168142,0.09625047,0.8120682
407,0.09181613,0.09705569,0.8111282
408,0.09209954,0.09792762,0.8099728
409,0.09486822,0.09812475,0.807007
410,0.1007409,0.1010265,0.7982326
411,0.1038729,0.1014554,0.7946717
412,0.10542,0.1013761,0.7932039
413,0.1059049,0.1006049,0.7934902
414,0.1057082,0.09947855,0.7948132
415,0.1051069,0.0983108,0.7965823
416,0.1043229,0.09730648,0.7983706
417,0.1034594,0.09651133,0.8000293
418,0.1025778,0.09591269,0.8015095
419,0.10171,0.09548513,0.8028049
420,0.1008717,0.09520109,0.8039272
421,0.09511314,0.0943306,0.8105562
422,0.09418661,0.09465918,0.8111542
423,0.09318467,0.09458596,0.8122294
424,0.09237117,0.09470479,0.8129241
425,0.09175082,0.09502608,0.813223
426,0.09131638,0.09555338,0.8131303
427,0.09106965,0.09631635,0.812614
428,0.09101338,0.09736804,0.8116186
429,0.09117257,0.09880903,0.8100184
430,0.09155372,0.1006336,0.8078127
431,0.09215526,0.1027546,0.8050902
432,0.09296568,0.1050019,0.8020324
433,0.05787167,0.1074434,0.834685
434,0.05196979,0.1098778,0.8381523
435,0.04599021,0.1087525,0.8452573
436,0.04173659,0.1096143,0.848649
437,0.03898513,0.1120898,0.8489251
438,0.037722,0.1154397,0.8468383
439,0.03802537,0.1187748,0.8431998
440,0.04002661,0.1215886,0.8383848
441,0.04360903,0.1229648,0.8334262
442,0.04842183,0.1231062,0.828472
443,0.05388968,0.1223348,0.8237756
444,0.05933746,0.1209824,0.8196802
445,0.04106174,0.1169445,0.8419938
446,0.03284588,0.1176595,0.8494947
447,0.02804078,0.1167909,0.8551683
448,0.02510681,0.1158094,0.8590838
449,0.02326462,0.1148335,0.8619018
450,0.02209926,0.1138497,0.864051
451,0.02137095,0.1128452,0.8657838
452,0.020915,0.1117208,0.8673642
453,0.02063616,0.1105568,0.8688071
454,0.02046905,0.1093533,0.8701776
455,0.02036661,0.1081204,0.871513
456,0.02029451,0.1068697,0.8728359
457,0.05897327,0.1066214,0.8344054
458,0.0822084,0.1022156,0.815576
459,0.09226047,0.1002405,0.8074991
460,0.09544534,0.09887326,0.8056814
461,0.09599172,0.09756531,0.806443
462,0.09543961,0.09626968,0.8082907
463,0.09438723,0.09502039,0.8105924
464,0.09307943,0.09382702,0.8130935
465,0.09163831,0.09273417,0.8156276
466,0.09012422,0.0917609,0.8181148
467,0.08857464,0.09092744,0.8204979
468,0.08704308,0.0902788,0.8226781
469,0.08125816,0.0904354,0.8283065
470,0.08258995,0.09294982,0.8244602
471,0.08360879,0.09211761,0.8242735
472,0.08396815,0.09159659,0.8244353
473,0.08377717,0.09122328,0.8249995
474,0.08322105,0.09085342,0.8259255
475,0.08244134,0.09051403,0.8270446
476,0.08152359,0.09030137,0.8281751
477,0.08053513,0.09027974,0.8291851
478,0.0795408,0.09047358,0.8299856
479,0.07858171,0.09086762,0.8305507
480,0.07768848,0.09143735,0.8308741
481,0.1085822,0.09236749,0.7990503
482,0.1011171,0.09121126,0.8076715
483,0.09830736,0.09281174,0.8088809
484,0.09711684,0.09344617,0.809437
485,0.0966249,0.09391438,0.8094607
486,0.09656382,0.09463993,0.8087962
487,0.0968217,0.09577917,0.8073992
488,0.09749214,0.09776801,0.8047398
489,0.0984287,0.1002527,0.8013185
490,0.09960588,0.103156,0.7972381
491,0.1009849,0.1062743,0.7927408
492,0.1025234,0.10934,0.7881366
493,0.1049813,0.11236,0.7826586
494,0.1042764,0.1144318,0.7812918
495,0.1048677,0.1158305,0.7793018
496,0.1059619,0.116855,0.7771831
497,0.1072983,0.1176949,0.7750068
498,0.1087014,0.1183035,0.7729951
499,0.1100443,0.1186099,0.7713457
500,0.1110891,0.1182823,0.7706286
501,0.1119575,0.1178225,0.77022
502,0.1125999,0.1171515,0.7702486
503,0.1130179,0.1163195,0.7706625
504,0.1132301,0.1153861,0.7713837
505,0.1151144,0.1126522,0.7722335
506,0.1165679,0.1125842,0.7708478
507,0.1168122,0.1114714,0.7717164
508,0.1164896,0.1101341,0.7733763
509,0.1158722,0.1087547,0.7753731
510,0.1151172,0.1074304,0.7774525
511,0.1143156,0.1062117,0.7794726
512,0.1136364,0.1053225,0.781041
513,0.1129897,0.1045217,0.7824885
514,0.1123743,0.1038256,0.7838002
515,0.1117814,0.1032211,0.7849975
516,0.1112047,0.1026982,0.7860972
517,0.1055491,0.100426,0.7940249
518,0.1055554,0.1008743,0.7935702
519,0.1049823,0.1006162,0.7944015
520,0.1044061,0.1004421,0.7951518
521,0.1038903,0.1004036,0.7957062
522,0.1034479,0.1005059,0.7960462
523,0.10309,0.100762,0.796148
524,0.1028277,0.1011821,0.7959902
525,0.1026671,0.101795,0.7955379
526,0.1026188,0.1026127,0.7947685
527,0.102687,0.1036285,0.7936845
528,0.1028708,0.1048203,0.7923089
529,0.1075025,0.1065461,0.7859514
530,0.1065372,0.1077049,0.7857579
531,0.1067431,0.1092003,0.7840565
532,0.107195,0.1105122,0.7822928
533,0.1077574,0.1117082,0.7805344
534,0.1083743,0.1127847,0.778841
535,0.1090058,0.1137033,0.7772909
536,0.109621,0.1144256,0.7759534
537,0.1101934,0.1149283,0.7748783
538,0.1107061,0.1152222,0.7740717
539,0.1111463,0.1153288,0.773525
540,0.1115071,0.1152789,0.7732139
541,0.1070084,0.116282,0.7767095
542,0.1060807,0.1155043,0.778415
543,0.105519,0.1149297,0.7795513
544,0.1053131,0.1146994,0.7799875
545,0.1053365,0.114715,0.7799485
546,0.1054988,0.1148723,0.7796289
547,0.1057386,0.1150872,0.7791741
548,0.1060112,0.1152867,0.7787022
549,0.1063012,0.1154677,0.7782311
550,0.1065885,0.1155967,0.7778148
551,0.1068608,0.1156622,0.7774768
552,0.1071102,0.1156631,0.7772267
553,0.1047147,0.1148487,0.7804365
554,0.1051409,0.1151169,0.7797422
555,0.1052733,0.1149499,0.7797769
556,0.1053662,0.1147683,0.7798655
557,0.1054358,0.1145646,0.7799996
558,0.1054787,0.1143356,0.7801857
559,0.1054935,0.1140888,0.7804177
560,0.105482,0.113838,0.7806799
561,0.1054551,0.1135915,0.7809534
562,0.1054127,0.1133479,0.7812394
563,0.1053588,0.1131133,0.7815279
564,0.1052976,0.1128938,0.7818087
565,0.1044983,0.1122007,0.783301
566,0.1012024,0.1116944,0.7871032
567,0.09956369,0.1116257,0.7888107
568,0.09871574,0.1117908,0.7894934
569,0.09837829,0.1122573,0.7893644
570,0.09840917,0.1129859,0.788605
571,0.09871712,0.1138767,0.7874061
572,0.09924056,0.1148448,0.7859146
573,0.09989611,0.1156706,0.7844333
574,0.1006295,0.1162847,0.7830858
575,0.1013871,0.116636,0.7819768
576,0.102121,0.1167116,0.7811673
577,0.1067992,0.1157486,0.7774523
578,0.1110387,0.1162823,0.772679
579,0.1130822,0.1153296,0.7715881
580,0.1138726,0.1138796,0.7722478
581,0.1138744,0.1121406,0.773985
582,0.1134085,0.1103723,0.7762191
583,0.1126898,0.1087421,0.7785681
584,0.1118411,0.1072753,0.7808836
585,0.1109471,0.1060424,0.7830105
586,0.1100404,0.1050119,0.7849476
587,0.1091378,0.1041615,0.7867007
588,0.1082483,0.1034733,0.7882783
589,0.1114482,0.1030859,0.7854659
590,0.1111556,0.1027604,0.7860841
591,0.1106943,0.1025333,0.7867724
592,0.1100952,0.1023035,0.7876012
593,0.1094376,0.1021089,0.7884535
594,0.1087826,0.1019822,0.7892352
595,0.1081755,0.1019483,0.7898762
596,0.1076507,0.1020647,0.7902846
597,0.1072249,0.1023205,0.7904546
598,0.1069281,0.10276,0.7903119
599,0.1067814,0.1034178,0.7898008
600,0.1067986,0.1043212,0.7888802
601,0.1026394,0.1058696,0.791491
602,0.1045904,0.1073061,0.7881035
603,0.1054023,0.1087555,0.7858422
604,0.1061323,0.1105353,0.7833325
605,0.1068456,0.1122889,0.7808656
606,0.1075496,0.1137942,0.7786562
607,0.1082332,0.1149269,0.7768399
608,0.1088956,0.1157743,0.7753302
609,0.1095002,0.1161691,0.7743307
610,0.1100239,0.1161846,0.7737914
611,0.1104484,0.115906,0.7736456
612,0.1107641,0.1154218,0.7738141
613,0.110946,0.1178328,0.7712212
614,0.1062744,0.11547,0.7782556
615,0.1041739,0.1143574,0.7814686
616,0.1031932,0.1139644,0.7828424
617,0.1028846,0.1141699,0.7829455
618,0.1030126,0.1147866,0.7822008
619,0.103431,0.11563,0.780939
620,0.1040287,0.116476,0.7794954
621,0.1047439,0.1172766,0.7779795
622,0.1055144,0.1179105,0.7765751
623,0.1062879,0.1183088,0.7754033
624,0.1070195,0.1184464,0.7745341
625,0.1121453,0.1183378,0.7695169
626,0.1149129,0.1182927,0.7667944
627,0.1163609,0.1176459,0.7659932
628,0.1169548,0.1165688,0.7664763
629,0.1169704,0.1152423,0.7677874
630,0.1166163,0.1138604,0.7695233
631,0.116043,0.1125507,0.7714062
632,0.1153425,0.1113282,0.7733294
633,0.1145854,0.1102582,0.7751564
634,0.1138069,0.1093276,0.7768655
635,0.1130284,0.1085259,0.7784457
636,0.1122626,0.1078434,0.7798941
637,0.1098389,0.1058112,0.7843499
638,0.1088905,0.1058289,0.7852806
639,0.1080232,0.1055581,0.7864187
640,0.1072953,0.1053587,0.7873461
641,0.1066924,0.1052878,0.7880198
642,0.1062051,0.1053618,0.7884331
643,0.1058328,0.1055901,0.788577
644,0.1055858,0.1060601,0.7883542
645,0.1054622,0.1066961,0.7878417
646,0.1054622,0.1075007,0.7870372
647,0.105582,0.1084542,0.7859638
648,0.1058128,0.1095152,0.784672
649,0.1111175,0.1100047,0.7788779
650,0.1143749,0.111503,0.7741221
651,0.1161989,0.1129018,0.7708992
652,0.1171772,0.1136445,0.7691784
653,0.1175361,0.113595,0.7688689
654,0.117483,0.1130198,0.7694972
655,0.1171746,0.112206,0.7706194
656,0.1167156,0.1113296,0.7719548
657,0.1161723,0.1105068,0.7733209
658,0.1155895,0.1097847,0.7746258
659,0.1149943,0.1091778,0.7758279
660,0.1144039,0.1086844,0.7769118
661,0.1181148,0.10923,0.7726552
662,0.1165684,0.1085195,0.7749121
663,0.1159307,0.1083579,0.7757114
664,0.1154401,0.1082212,0.7763388
665,0.115024,0.1081353,0.7768407
666,0.1146816,0.1081243,0.7771941
667,0.1144232,0.1082031,0.7773737
668,0.1142684,0.1084284,0.7773032
669,0.114222,0.1088008,0.7769772
670,0.1142959,0.1093521,0.776352
671,0.1144924,0.1101009,0.7754067
672,0.1148058,0.1110518,0.7741425
673,0.1056742,0.1124495,0.7818763
674,0.1089663,0.1138152,0.7772185
675,0.1098279,0.1147296,0.7754426
676,0.1105105,0.1160717,0.7734177
677,0.1111695,0.1175179,0.7713127
678,0.1118231,0.1188425,0.7693344
679,0.1124598,0.1199069,0.7676333
680,0.1130827,0.120738,0.7661794
681,0.1136434,0.1211975,0.7651591
682,0.1141326,0.1213384,0.7645289
683,0.1145337,0.1212218,0.7642444
684,0.1148378,0.1209173,0.764245
685,0.1112006,0.1208125,0.7679869
686,0.108391,0.1202438,0.7713652
687,0.1068311,0.1193309,0.773838
688,0.1060588,0.1187675,0.7751737
689,0.1057776,0.1186602,0.7755622
690,0.1058097,0.1189286,0.7752618
691,0.1060444,0.1194458,0.7745098
692,0.1063794,0.1199689,0.7736516
693,0.1068032,0.1205615,0.7726353
694,0.1072722,0.1211116,0.7716162
695,0.1077586,0.1215573,0.770684
696,0.1082393,0.1218658,0.769895
697,0.1137552,0.1205503,0.7656945
698,0.1169662,0.1211778,0.7618561
699,0.118548,0.1212834,0.7601686
700,0.1192174,0.1208246,0.7599581
701,0.1192747,0.119876,0.7608493
702,0.1189516,0.1186996,0.7623488
703,0.1184063,0.117498,0.7640956
704,0.1177234,0.1163387,0.765938
705,0.1169656,0.1152846,0.7677498
706,0.1161579,0.1143284,0.7695137
707,0.1153165,0.1134584,0.7712251
708,0.1144538,0.112663,0.7728832
709,0.1104651,0.1113052,0.7782297
710,0.1084307,0.1107067,0.7808626
711,0.1068777,0.1098503,0.783272
712,0.1057005,0.1090054,0.7852942
713,0.1048437,0.1083116,0.7868447
714,0.1042918,0.1078875,0.7878207
715,0.104045,0.1078683,0.7880867
716,0.104106,0.1084576,0.7874364
717,0.1044539,0.1097995,0.7857468
718,0.1050465,0.1119611,0.7829924
719,0.1058298,0.1148376,0.7793326
720,0.1067498,0.1181247,0.7751256
721,0.1052446,0.1212234,0.773532
722,0.1037762,0.1246207,0.7716031
723,0.1032898,0.1260756,0.7706346
724,0.1035572,0.1268401,0.7696026
725,0.104285,0.1273319,0.7683833
726,0.1052455,0.127552,0.7672025
727,0.106274,0.1273978,0.7663282
728,0.1072485,0.1268118,0.7659396
729,0.1080888,0.1258532,0.766058
730,0.1087462,0.1246323,0.7666215
731,0.1092053,0.1232735,0.7675211
732,0.1094741,0.1218784,0.7686474
733,0.1151341,0.1201075,0.7647583
734,0.1177459,0.1192544,0.7629997
735,0.1186578,0.1179658,0.7633764
736,0.1186742,0.1164784,0.7648474
737,0.1181821,0.1149158,0.7669021
738,0.1174173,0.1134189,0.7691638
739,0.1165161,0.1120669,0.771417
740,0.1155423,0.1108567,0.7736009
741,0.1145299,0.1097957,0.7756744
742,0.1134898,0.1088531,0.7776572
743,0.1124281,0.1079989,0.779573
744,0.1113527,0.1072054,0.7814418
745,0.105365,0.1080353,0.7865998
746,0.09930709,0.1061716,0.7945213
747,0.09553669,0.1042734,0.8001899
748,0.09296536,0.1019499,0.8050847
749,0.09135273,0.09930626,0.809341
750,0.09067315,0.09683269,0.8124942
751,0.09090392,0.09560008,0.813496
752,0.09190707,0.09723064,0.8108623
753,0.09341639,0.1029854,0.8035981
754,0.09521432,0.1125351,0.7922506
755,0.0972605,0.1232337,0.7795058
756,0.09963587,0.1314633,0.7689009
757,0.1051017,0.1332074,0.7616909
758,0.109568,0.1333126,0.7571193
759,0.1125756,0.1308266,0.7565977
760,0.114206,0.1269052,0.7588888
761,0.1147014,0.1227302,0.7625685
762,0.1144166,0.1189442,0.7666391
763,0.1136788,0.1157518,0.7705695
764,0.1127214,0.1131465,0.7741321
765,0.1116835,0.1110378,0.7772787
766,0.110634,0.1093345,0.7800315
767,0.1096003,0.107954,0.7824457
768,0.1085876,0.1068287,0.7845837
769,0.1128073,0.1055505,0.7816421
770,0.1148683,0.1057329,0.7793987
771,0.1150108,0.1049233,0.7800659
772,0.1144008,0.1040346,0.7815645
773,0.1134395,0.1031334,0.7834272
774,0.1123053,0.1022414,0.7854532
775,0.1110887,0.1013688,0.7875425
776,0.1098363,0.1005093,0.7896544
777,0.1085851,0.09964137,0.7917735
778,0.1073652,0.09872107,0.7939138
779,0.1062205,0.09770078,0.7960787
780,0.1052138,0.09653886,0.7982474
781,0.1019672,0.09484443,0.8031884
782,0.1023827,0.09350202,0.8041152
783,0.1024419,0.09195011,0.805608
784,0.102869,0.0908091,0.8063219
785,0.1037152,0.09054441,0.8057404
786,0.1048982,0.09172362,0.8033782
787,0.1062599,0.0948216,0.7989185
788,0.1076442,0.1001607,0.7921951
789,0.1088948,0.1069877,0.7841175
790,0.1099895,0.1140955,0.775915
791,0.1109781,0.1201008,0.7689211
792,0.1119189,0.124043,0.7640381
793,0.1225232,0.1287096,0.7487672
794,0.1189397,0.127437,0.7536232
795,0.1181947,0.1254792,0.7563261
796,0.1180997,0.123308,0.7585923
797,0.1181781,0.121432,0.7603899
798,0.1182485,0.119897,0.7618545
799,0.1182478,0.1186235,0.7631287
800,0.1181479,0.1174776,0.7643745
801,0.1179865,0.1165118,0.7655017
802,0.1177711,0.1156745,0.7665543
803,0.117518,0.1149452,0.7675368
804,0.1172402,0.1143093,0.7684504
805,0.1225024,0.1143011,0.7631965
806,0.1263742,0.1142203,0.7594056
807,0.1275545,0.113771,0.7586744
808,0.1276144,0.1130865,0.759299
809,0.1270037,0.112074,0.7609223
810,0.126035,0.1108969,0.763068
811,0.1248995,0.109699,0.7654015
812,0.1237021,0.1086014,0.7676965
813,0.1224728,0.1075444,0.7699828
814,0.1212281,0.106513,0.7722589
815,0.119974,0.1054703,0.7745557
816,0.1187206,0.1043687,0.7769107
817,0.1075221,0.1039365,0.7885414
818,0.1053563,0.102353,0.7922906
819,0.1026206,0.09857243,0.798807
820,0.1007565,0.09323692,0.8060067
821,0.1000748,0.08634458,0.8135806
822,0.1007757,0.07821325,0.821011
823,0.1028788,0.07011992,0.8270012
824,0.1060368,0.06481178,0.8291514
825,0.109505,0.06602883,0.8244661
826,0.1124489,0.07582422,0.8117269
827,0.1144345,0.09252915,0.7930364
828,0.115644,0.1111484,0.7732076
829,0.1203069,0.1268612,0.7528319
830,0.1190593,0.135043,0.7458977
831,0.1194356,0.1369059,0.7436585
832,0.1202714,0.1353428,0.7443858
833,0.1210506,0.132629,0.7463204
834,0.1215317,0.1298161,0.7486522
835,0.1216709,0.1272553,0.7510739
836,0.1214868,0.1249166,0.7535967
837,0.1211038,0.1229282,0.7559679
838,0.1205873,0.1212211,0.7581916
839,0.1199935,0.1197553,0.7602512
840,0.1193586,0.1184946,0.7621469
841,0.1172882,0.1170795,0.7656323
842,0.1179242,0.11648,0.7655958
843,0.1176615,0.1155644,0.7667741
844,0.1171113,0.1147111,0.7681776
845,0.1164208,0.1139114,0.7696679
846,0.1156546,0.1131604,0.771185
847,0.1148484,0.1124617,0.77269
848,0.1140229,0.1118123,0.7741647
849,0.1131839,0.1111929,0.7756233
850,0.112353,0.1106085,0.7770385
851,0.1115533,0.1100652,0.7783815
852,0.1108122,0.1095791,0.7796087
853,0.1096679,0.1099361,0.7803959
854,0.1077721,0.1094253,0.7828026
855,0.1067332,0.1089381,0.7843287
856,0.1061993,0.1086537,0.785147
857,0.1061145,0.1088968,0.7849888
858,0.1064233,0.1099121,0.7836646
859,0.1070507,0.1118141,0.7811351
860,0.1079287,0.1146525,0.7774188
861,0.1089631,0.1179994,0.7730375
862,0.1100838,0.1213394,0.7685767
863,0.1112363,0.124125,0.7646387
864,0.1123678,0.125968,0.7616642
865,0.1225429,0.1241575,0.7532996
866,0.1259475,0.1244226,0.7496299
867,0.1280057,0.1244935,0.7475008
868,0.1285809,0.1231227,0.7482964
869,0.1281335,0.1208363,0.7510302
870,0.1271229,0.1183292,0.7545478
871,0.1258547,0.1159936,0.7581517
872,0.1244859,0.1139186,0.7615955
873,0.123107,0.1121699,0.7647231
874,0.1217425,0.1106864,0.7675712
875,0.1203913,0.1093964,0.7702123
876,0.1190426,0.1082254,0.7727319
877,0.1084062,0.1105613,0.7810326
878,0.1031558,0.107868,0.7889763
879,0.09923808,0.1049153,0.7958466
880,0.09636664,0.1012452,0.8023881
881,0.09442746,0.09640737,0.8091652
882,0.09353766,0.09024167,0.8162207
883,0.09386692,0.08329808,0.822835
884,0.09542371,0.07767358,0.8269027
885,0.09782287,0.07683409,0.825343
886,0.1004214,0.08422395,0.8153547
887,0.1027477,0.09989093,0.7973613
888,0.1048856,0.1188872,0.7762271
889,0.115192,0.1289993,0.7558087
890,0.1201549,0.1368445,0.7430006
891,0.1239345,0.1387408,0.7373248
892,0.1258804,0.13547,0.7386495
893,0.1262367,0.1304191,0.7433442
894,0.1255192,0.1255394,0.7489414
895,0.1242469,0.1214432,0.7543097
896,0.1227597,0.1181106,0.7591298
897,0.1212724,0.1154831,0.7632446
898,0.1198495,0.1133822,0.7667683
899,0.1185001,0.1116702,0.7698297
900,0.1172078,0.1102405,0.7725517
901,0.1143499,0.1091302,0.7765199
902,0.1127811,0.1079204,0.7792984
903,0.1113749,0.1069033,0.7817218
904,0.1100599,0.1059728,0.7839673
905,0.1088068,0.1050723,0.7861209
906,0.1076217,0.1041692,0.7882091
907,0.1065367,0.1032469,0.7902164
908,0.1056055,0.1023376,0.7920569
909,0.1048725,0.1014477,0.7936798
910,0.1044142,0.1006981,0.7948877
911,0.1042913,0.1002818,0.7954268
912,0.1045349,0.1004768,0.7949882
913,0.1056973,0.1032631,0.7910395
914,0.1029568,0.1058911,0.7911521
915,0.1020901,0.1081127,0.7897972
916,0.102325,0.1109918,0.7866832
917,0.103313,0.1152607,0.7814263
918,0.1047492,0.120651,0.7745998
919,0.1064316,0.1260009,0.7675676
920,0.1082555,0.1299942,0.7617504
921,0.1100921,0.1317084,0.7581995
922,0.111777,0.1312614,0.7569616
923,0.113139,0.129356,0.757505
924,0.1140666,0.1267506,0.7591828
925,0.1132104,0.1236308,0.7631588
926,0.1139465,0.1212073,0.7648462
927,0.1139581,0.1187946,0.7672473
928,0.1136263,0.1166529,0.7697207
929,0.1130962,0.1147838,0.7721201
930,0.1124576,0.1131825,0.77436
931,0.1117658,0.1118317,0.7764025
932,0.111055,0.1107203,0.7782247
933,0.1103373,0.1097884,0.7798743
934,0.1096203,0.1090135,0.7813662
935,0.1089075,0.1083736,0.7827189
936,0.1082036,0.1078528,0.7839436
937,0.1139072,0.1082871,0.7778056
938,0.1160011,0.1082293,0.7757696
939,0.1165872,0.1080584,0.7753544
940,0.116499,0.1078238,0.7756772
941,0.1160119,0.1074231,0.7765651
942,0.1152986,0.1069005,0.777801
943,0.1144732,0.1063292,0.7791976
944,0.1136054,0.1057086,0.780686
945,0.1127461,0.105135,0.7821189
946,0.1119362,0.1046251,0.7834387
947,0.1112135,0.1041951,0.7845913
948,0.1106151,0.1038684,0.7855164
949,0.1089143,0.1043574,0.7867284
950,0.1057443,0.104312,0.7899437
951,0.1040395,0.1034162,0.7925443
952,0.1033792,0.1024651,0.7941557
953,0.103602,0.1022518,0.7941462
954,0.1045155,0.1034581,0.7920263
955,0.1058873,0.1065052,0.7876076
956,0.1075157,0.1114966,0.7809877
957,0.1092204,0.1174592,0.7733204
958,0.1109206,0.1230223,0.7660571
959,0.1125886,0.1269532,0.7604582
960,0.114176,0.1287314,0.7570927
961,0.1164939,0.1283935,0.7551126
962,0.1171438,0.1271493,0.7557068
963,0.1177221,0.1252285,0.7570494
964,0.1180281,0.1231037,0.7588682
965,0.1180727,0.1210619,0.7608654
966,0.1179033,0.1192116,0.762885
967,0.1175778,0.1175808,0.7648414
968,0.11713,0.1160958,0.7667742
969,0.1166197,0.1148275,0.7685528
970,0.1160728,0.1137363,0.770191
971,0.115508,0.1127964,0.7716956
972,0.1149377,0.1119879,0.7730744
973,0.1170503,0.1092747,0.7736751
974,0.1215895,0.1103909,0.7680195
975,0.1225543,0.1097895,0.7676563
976,0.1223859,0.1089997,0.7686144
977,0.1216139,0.1079512,0.7704349
978,0.1205227,0.1067543,0.7727231
979,0.1192737,0.1055226,0.7752037
980,0.1179459,0.1043542,0.7776999
981,0.1165495,0.1031599,0.7802906
982,0.1150926,0.1019054,0.783002
983,0.1135781,0.1005114,0.7859105
984,0.1120197,0.09886201,0.7891183
985,0.114364,0.09779369,0.7878422
986,0.10991,0.09488707,0.7952029
987,0.1073668,0.09069555,0.8019376
988,0.105696,0.08433697,0.809967
989,0.1050479,0.07508838,0.8198637
990,0.1058165,0.0620589,0.8321247
991,0.1084091,0.04476099,0.8468299
992,0.1128943,0.02541549,0.8616902
993,0.1180131,0.01536208,0.8666248
994,0.1214842,0.02704244,0.8514733
995,0.1255373,0.02959171,0.844871
996,0.1286223,0.04191472,0.829463
997,0.1181172,0.06314527,0.8187375
998,0.1195228,0.08651169,0.7939655
999,0.1181881,0.1053998,0.7764121
1000,0.1173031,0.1193074,0.7633895
1001,0.1171795,0.127801,0.7550194
1002,0.1176135,0.1316512,0.7507353
1003,0.1182924,0.1322915,0.7494161
1004,0.1189184,0.1310488,0.7500328
1005,0.1193828,0.1291278,0.7514894
1006,0.1196201,0.1270739,0.753306
1007,0.119645,0.1251521,0.7552029
1008,0.1194993,0.1234558,0.7570448
1009,0.118321,0.1229557,0.7587234
1010,0.113505,0.1211094,0.7653855
1011,0.1111536,0.1199012,0.7689452
1012,0.1098802,0.1191601,0.7709597
1013,0.1091946,0.1188337,0.7719717
1014,0.108862,0.1188402,0.7722979
1015,0.1087677,0.1191216,0.7721108
1016,0.1088548,0.1196472,0.771498
1017,0.1090833,0.1203435,0.7705732
1018,0.1094291,0.121165,0.7694059
1019,0.1098705,0.1220531,0.7680765
1020,0.1103851,0.1229352,0.7666797
1021,0.1157309,0.1230028,0.7612664
1022,0.1195603,0.1238121,0.7566277
1023,0.1216669,0.1244978,0.7538353
1024,0.1227586,0.1244635,0.7527779
1025,0.1231,0.1236286,0.7532713
1026,0.1229449,0.1223247,0.7547304
1027,0.1224812,0.1208552,0.7566636
1028,0.1218131,0.1193282,0.7588587
1029,0.1210231,0.1178787,0.7610982
1030,0.1201515,0.1165228,0.7633257
1031,0.1192259,0.1152644,0.7655097
1032,0.1182653,0.1140982,0.7676365
1033,0.1196415,0.1144783,0.7658803
1034,0.1168812,0.1128256,0.7702932
1035,0.1153753,0.1117742,0.7728505
1036,0.1142471,0.110841,0.7749119
1037,0.1133728,0.1100743,0.7765529
1038,0.1127369,0.1095309,0.7777322
1039,0.112347,0.1092696,0.7783834
1040,0.1122274,0.1094768,0.7782958
1041,0.1123749,0.1101676,0.7774576
1042,0.1127738,0.1114206,0.7758056
1043,0.1133901,0.1132456,0.7733644
1044,0.1141754,0.1155501,0.7702745
1045,0.11695,0.1182517,0.7647982
1046,0.1179346,0.1206843,0.761381
1047,0.1191338,0.1230698,0.7577965
1048,0.12017,0.1247602,0.7550698
1049,0.1210078,0.1256146,0.7533776
1050,0.1216399,0.1257204,0.7526396
1051,0.1220641,0.125266,0.7526699
1052,0.1222655,0.1243633,0.7533711
1053,0.122294,0.1233145,0.7543915
1054,0.1221673,0.1222061,0.7556266
1055,0.1219175,0.1211075,0.7569749
1056,0.1215758,0.1200642,0.75836
1057,0.1174126,0.1174539,0.7651336
1058,0.1183752,0.1172681,0.7643568
1059,0.1182071,0.1165806,0.7652122
1060,0.1178332,0.1159538,0.7662129
1061,0.1173743,0.1153598,0.7672659
1062,0.1168794,0.1148022,0.7683185
1063,0.1163787,0.1142987,0.7693226
1064,0.1158962,0.1138831,0.7702208
1065,0.1154378,0.1135361,0.7710261
1066,0.115017,0.1132701,0.771713
1067,0.114645,0.1130929,0.7722622
1068,0.1143326,0.1130128,0.7726546
1069,0.1098893,0.1129071,0.7772036
1070,0.109582,0.1131703,0.7772478
1071,0.1090315,0.1130535,0.7779149
1072,0.1087729,0.1131877,0.7780394
1073,0.1088025,0.1137149,0.7774826
1074,0.1090704,0.1146651,0.7762645
1075,0.1095227,0.1159864,0.7744909
1076,0.1101148,0.1175945,0.7722907
1077,0.1107917,0.1192588,0.7699495
1078,0.1115125,0.1207868,0.7677007
1079,0.1122395,0.1220078,0.7657527
1080,0.1129378,0.1228119,0.7642503
1081,0.115469,0.1219587,0.7625723
1082,0.115264,0.1223416,0.7623944
1083,0.1154427,0.122172,0.7623852
1084,0.1156245,0.1216017,0.7627738
1085,0.1157473,0.1208331,0.7634196
1086,0.1157921,0.1199813,0.7642266
1087,0.1157578,0.1191134,0.7651288
1088,0.1156471,0.1182532,0.7660998
1089,0.1154786,0.1174485,0.7670729
1090,0.1152615,0.1167082,0.7680302
1091,0.1150079,0.1160409,0.7689512
1092,0.1147285,0.1154508,0.7698207
1093,0.1178882,0.1137498,0.768362
1094,0.1209128,0.1140129,0.7650744
1095,0.1219053,0.1139585,0.7641361
1096,0.1220318,0.1136367,0.7643316
1097,0.1216034,0.1129343,0.7654623
1098,0.1208455,0.1119866,0.7671679
1099,0.1199064,0.1109381,0.7691555
1100,0.1188643,0.1098239,0.7713118
1101,0.1177667,0.1087259,0.7735075
1102,0.116643,0.107631,0.775726
1103,0.1155181,0.1065102,0.7779717
1104,0.1144213,0.105325,0.7802536
1105,0.11898,0.1043911,0.776629
1106,0.1171458,0.1028468,0.7800074
1107,0.116588,0.101987,0.781425
1108,0.1162935,0.1011869,0.7825196
1109,0.1161451,0.1003404,0.7835144
1110,0.116175,0.09946785,0.7843571
1111,0.1164354,0.09866913,0.7848954
1112,0.1169957,0.09846315,0.7845411
1113,0.1177999,0.09883641,0.7833637
1114,0.1188008,0.100032,0.7811672
1115,0.1199108,0.1022127,0.7778766
1116,0.1210262,0.1053878,0.773586
1117,0.1131728,0.1155106,0.7713166
1118,0.1117402,0.1216291,0.7666306
1119,0.1091167,0.1232684,0.7676148
1120,0.1081283,0.1238424,0.7680293
1121,0.1085486,0.1249691,0.7664822
1122,0.1098276,0.1272632,0.7629091
1123,0.1115171,0.1304589,0.758024
