EwEVersion,"6.5.13829.0 (compiled 2016-05-17)"
Date,"2016-09-06 18:35:34"
ModelName,Baltic_Proper-SEALS
EcosimScenario,Proper1_SealVuln100_19742100_seal1_cofF1
TimeSeries,new_data_weights_19742100_BAU_WAR1_codF1_seal1
StartYear,1974

Data,"Prey of Pseudocalanus sp."

TimeStep,"Cyanobacteria","Phytoplankton","microzooplankton","Detritus-water column",
1,0.04366293,0.4557547,0.2818175,0.2187649
2,0.0400933,0.4747883,0.2833427,0.2017757
3,0.03816162,0.4799529,0.2887887,0.1930968
4,0.03708254,0.4799942,0.2942973,0.1886259
5,0.03647449,0.4783788,0.2987401,0.1864066
6,0.03613125,0.4764783,0.3019903,0.1854002
7,0.0359361,0.474777,0.3042554,0.1850316
8,0.03582186,0.4733878,0.3058116,0.1849787
9,0.03574984,0.4722825,0.306905,0.1850626
10,0.03569806,0.4713918,0.3077239,0.1851862
11,0.0356543,0.4706463,0.3084007,0.1852987
12,0.03561193,0.4699903,0.3090228,0.185375
13,0.03617777,0.4636159,0.3116299,0.1885765
14,0.03655842,0.4606593,0.3120425,0.1907397
15,0.03677773,0.4593259,0.311914,0.1919824
16,0.03688683,0.4587188,0.311784,0.1926104
17,0.03692295,0.4583818,0.3118585,0.1928366
18,0.0369129,0.4581036,0.3121724,0.1928111
19,0.03687529,0.4578028,0.3126848,0.1926372
20,0.03682293,0.4574618,0.313329,0.1923863
21,0.03676482,0.4570924,0.3140332,0.1921095
22,0.03670745,0.4567172,0.3147301,0.1918453
23,0.03665565,0.4563604,0.3153605,0.1916234
24,0.03661297,0.4560439,0.3158765,0.1914666
25,0.0331501,0.4876059,0.3057854,0.1734587
26,0.0311473,0.4966094,0.3089246,0.1633187
27,0.0300859,0.4979153,0.3136111,0.1583877
28,0.02950414,0.4967392,0.3177379,0.1560188
29,0.02919316,0.4950518,0.3206867,0.1550684
30,0.02903376,0.4935321,0.322546,0.1548883
31,0.02895668,0.4923404,0.3235983,0.1551046
32,0.02892208,0.4914491,0.3241238,0.155505
33,0.02890749,0.4907782,0.3243417,0.1559726
34,0.02890019,0.4902472,0.3244103,0.1564424
35,0.02889356,0.489793,0.3244314,0.1568819
36,0.02888434,0.4893726,0.3244662,0.1572769
37,0.02955887,0.4812846,0.3278544,0.1613022
38,0.03001414,0.4778103,0.3281161,0.1640595
39,0.03029162,0.4764452,0.3274859,0.1657773
40,0.03044759,0.4759791,0.3267741,0.1667992
41,0.03052419,0.4758197,0.3262832,0.1673729
42,0.03055126,0.4757065,0.3260723,0.1676699
43,0.03054884,0.4755455,0.326102,0.1678037
44,0.03052986,0.475318,0.3263055,0.1678467
45,0.03050243,0.4750355,0.326618,0.167844
46,0.03047219,0.4747207,0.326979,0.167828
47,0.03044269,0.4743961,0.3273412,0.16782
48,0.03041627,0.4740805,0.3276694,0.1678339
49,0.03112202,0.4656735,0.3313853,0.1718192
50,0.03161122,0.4620529,0.3317747,0.1745611
51,0.0319217,0.4607026,0.3311035,0.1762721
52,0.03211288,0.4603889,0.330176,0.1773222
53,0.03222897,0.4604934,0.3293034,0.1779742
54,0.03230108,0.4607324,0.3285586,0.1784078
55,0.0323495,0.460991,0.3279229,0.1787364
56,0.03238652,0.461233,0.3273543,0.1790261
57,0.03241906,0.4614532,0.3268161,0.1793116
58,0.03244996,0.4616546,0.3262921,0.1796034
59,0.03248022,0.4618402,0.3257777,0.1799018
60,0.03250977,0.4620113,0.325277,0.1802018
61,0.03279651,0.4583774,0.3270487,0.1817774
62,0.0329813,0.4566708,0.3275991,0.1827489
63,0.03311393,0.4559421,0.3274815,0.1834625
64,0.03320458,0.4556984,0.327134,0.1839629
65,0.03326678,0.4556791,0.326731,0.1843233
66,0.0333106,0.4557526,0.3263398,0.1845971
67,0.0333429,0.4558569,0.3259811,0.1848191
68,0.0333679,0.455964,0.3256585,0.1850096
69,0.03338807,0.4560619,0.3253711,0.185179
70,0.03340508,0.4561472,0.3251136,0.1853342
71,0.03341977,0.4562193,0.3248827,0.1854781
72,0.03343256,0.4562791,0.3246769,0.1856114
73,0.03145631,0.476575,0.3172291,0.1747396
74,0.03024613,0.4832559,0.318229,0.168269
75,0.0295532,0.4847052,0.320933,0.1648086
76,0.02915549,0.4842364,0.3235898,0.1630183
77,0.02892856,0.4832236,0.3256813,0.1621666
78,0.02879884,0.4821925,0.3271807,0.161828
79,0.02872261,0.4813037,0.3282202,0.1617535
80,0.02867417,0.4805715,0.3289544,0.1617999
81,0.02863875,0.4799619,0.3295128,0.1618866
82,0.02860806,0.4794323,0.3299896,0.16197
83,0.02857768,0.4789471,0.3304471,0.1620281
84,0.02854539,0.4784811,0.3309223,0.1620513
85,0.02860034,0.4783809,0.3303104,0.1627084
86,0.02864648,0.4784861,0.3295572,0.1633102
87,0.02865083,0.4785344,0.3292269,0.1635879
88,0.0286345,0.4784752,0.3291921,0.1636983
89,0.028605,0.4783057,0.3293933,0.163696
90,0.02856615,0.4780417,0.3297829,0.1636092
91,0.02852024,0.4777028,0.3303211,0.1634559
92,0.0284689,0.477308,0.3309737,0.1632493
93,0.02841358,0.4768748,0.3317096,0.1630021
94,0.02835585,0.476419,0.3324977,0.1627274
95,0.02829759,0.4759564,0.333305,0.1624411
96,0.02824106,0.4755028,0.3340946,0.1621616
97,0.02775283,0.4804463,0.3323175,0.1594834
98,0.02743677,0.4821347,0.3325769,0.1578515
99,0.02723672,0.4824591,0.3333917,0.1569125
100,0.02711729,0.4822811,0.3341454,0.1564561
101,0.02705215,0.4819891,0.3346333,0.1563255
102,0.02702351,0.4817384,0.3348223,0.1564157
103,0.02701934,0.4815749,0.3347503,0.1566554
104,0.02703136,0.4814954,0.334479,0.1569943
105,0.02705368,0.4814784,0.3340727,0.1573953
106,0.02708176,0.4814976,0.3335923,0.1578284
107,0.02711206,0.4815294,0.3330894,0.1582692
108,0.0271419,0.4815552,0.3326045,0.1586984
109,0.02802958,0.4717747,0.3360825,0.1641131
110,0.02866479,0.4678607,0.3355022,0.1679723
111,0.02907423,0.4666475,0.3338796,0.1703987
112,0.02932973,0.4665942,0.3321984,0.1718776
113,0.02948329,0.4669358,0.3308393,0.1727416
114,0.02957214,0.4673304,0.3298746,0.1732228
115,0.02962137,0.4676505,0.3292538,0.1734743
116,0.02964705,0.4678678,0.3288928,0.1735925
117,0.02965911,0.4679937,0.3287113,0.1736357
118,0.0296634,0.4680508,0.3286479,0.1736379
119,0.02966344,0.4680608,0.3286573,0.1736185
120,0.02966128,0.4680413,0.3287081,0.1735892
121,0.02934244,0.4711924,0.3277817,0.1716835
122,0.02912392,0.4722255,0.3282636,0.170387
123,0.02899351,0.4723898,0.3289608,0.1696559
124,0.02891519,0.4722258,0.3296125,0.1692466
125,0.02886891,0.4719748,0.330125,0.1690312
126,0.02884188,0.4717343,0.3304939,0.1689299
127,0.02882604,0.4715347,0.3307461,0.1688932
128,0.02881651,0.4713781,0.3309138,0.1688915
129,0.02881043,0.4712569,0.3310248,0.1689079
130,0.02880616,0.4711621,0.331099,0.1689329
131,0.0288028,0.4710858,0.3311502,0.1689613
132,0.02879984,0.471022,0.3311877,0.1689904
133,0.03107048,0.4410915,0.3461326,0.1817054
134,0.03271073,0.4257894,0.3511922,0.1903076
135,0.03385416,0.4186106,0.3516169,0.1959184
136,0.03458286,0.4156741,0.35064,0.199103
137,0.03501633,0.4147823,0.3495573,0.2006439
138,0.03526049,0.4147786,0.3487591,0.2012018
139,0.0353962,0.4151172,0.3482248,0.2012618
140,0.03547912,0.4155788,0.3477961,0.201146
141,0.03554447,0.4160981,0.3473088,0.2010486
142,0.03561351,0.416672,0.3466334,0.201081
143,0.03569744,0.4173138,0.3456933,0.2012954
144,0.03580118,0.4180361,0.3444554,0.2017074
145,0.03271698,0.4543293,0.3283747,0.1845791
146,0.03100077,0.467705,0.3257764,0.1755179
147,0.03009409,0.4724934,0.3262419,0.1711706
148,0.02961607,0.4739083,0.3272547,0.1692209
149,0.02936776,0.4740688,0.3280831,0.1684803
150,0.02924176,0.4738349,0.3285974,0.1683259
151,0.02917945,0.4735295,0.3288573,0.1684336
152,0.02914914,0.473252,0.3289594,0.1686395
153,0.02913379,0.4730157,0.3289869,0.1688636
154,0.0291243,0.4728071,0.3290001,0.1690685
155,0.02911589,0.472608,0.3290382,0.1692379
156,0.02910605,0.4724034,0.3291252,0.1693655
157,0.03451301,0.4078952,0.3573082,0.2002835
158,0.03940519,0.3681998,0.3649669,0.2274282
159,0.04341533,0.3445505,0.3634386,0.2485955
160,0.04645223,0.331389,0.3585303,0.2636285
161,0.0485772,0.3247692,0.3534335,0.2732201
162,0.04994729,0.3219715,0.3495553,0.2785259
163,0.05075501,0.3212138,0.3472255,0.2808057
164,0.05118357,0.3214234,0.346209,0.281184
165,0.05138332,0.3220294,0.3460464,0.2805409
166,0.05146573,0.3227775,0.3462544,0.2795024
167,0.05150741,0.3235855,0.3464257,0.2784813
168,0.05155673,0.3244478,0.346272,0.2777234
169,0.04741255,0.3671896,0.3303617,0.2550361
170,0.0448836,0.3873519,0.3259173,0.2418472
171,0.04380365,0.397351,0.3216014,0.237244
172,0.043328,0.4030481,0.3177063,0.2359176
173,0.04311069,0.4064235,0.3147432,0.2357226
174,0.04302894,0.4085378,0.312447,0.2359863
175,0.04301205,0.4099292,0.3107077,0.2363511
176,0.04302215,0.4108848,0.3094378,0.2366552
177,0.04304079,0.4115644,0.3085485,0.2368463
178,0.04306005,0.4120604,0.307955,0.2369246
179,0.04307681,0.4124298,0.3075855,0.2369079
180,0.04309006,0.4127095,0.3073845,0.2368159
181,0.04183706,0.425941,0.3022795,0.2299425
182,0.04099062,0.4319857,0.3016572,0.2253664
183,0.04045369,0.4344973,0.302544,0.2225051
184,0.04011884,0.4353145,0.3038375,0.2207292
185,0.0399114,0.4353798,0.3050963,0.2196125
186,0.03978157,0.4351549,0.3061862,0.2188773
187,0.03969697,0.4348505,0.3071045,0.218348
188,0.03963698,0.4345508,0.3078965,0.2179157
189,0.03958869,0.4342804,0.308617,0.2175139
190,0.03954431,0.434038,0.3093136,0.2171041
191,0.03949916,0.4338132,0.3100235,0.2166641
192,0.03945049,0.4335945,0.3107736,0.2161814
193,0.03867259,0.4411125,0.3083947,0.2118202
194,0.03813435,0.4442956,0.3087534,0.2088166
195,0.03777187,0.4453981,0.3100501,0.20678
196,0.03752746,0.4455318,0.3115637,0.205377
197,0.03735952,0.4452653,0.3130017,0.2043735
198,0.03724027,0.4448748,0.3142668,0.2036182
199,0.0371521,0.4444852,0.3153432,0.2030195
200,0.0370844,0.4441468,0.3162438,0.202525
201,0.03703117,0.4438751,0.3169857,0.2021081
202,0.03698945,0.4436715,0.3175806,0.2017586
203,0.03695795,0.4435328,0.3180351,0.2014741
204,0.03693619,0.4434541,0.3183538,0.2012559
205,0.04006742,0.4107692,0.3312742,0.2178892
206,0.04255964,0.393156,0.3335781,0.2307062
207,0.04437167,0.3842961,0.3317804,0.2395518
208,0.04561312,0.3804748,0.3286995,0.2452126
209,0.04642287,0.3793569,0.3256495,0.2485707
210,0.0469352,0.3795547,0.3230833,0.2504267
211,0.04726018,0.3803057,0.321027,0.2514072
212,0.04747829,0.381232,0.3193382,0.2519515
213,0.04764275,0.3821719,0.3178486,0.2523369
214,0.04778305,0.3830702,0.3164469,0.2526999
215,0.04791375,0.3839151,0.3150765,0.2530946
216,0.04803989,0.3847082,0.3137277,0.2535241
217,0.04411147,0.4237678,0.2991666,0.232954
218,0.0416986,0.4400159,0.2975595,0.2207259
219,0.04031652,0.4461746,0.2994606,0.2140483
220,0.03952726,0.4479822,0.3020269,0.2104637
221,0.0390826,0.4480375,0.3042705,0.2086094
222,0.03883742,0.4475022,0.3059518,0.2077086
223,0.03870597,0.4468655,0.3071126,0.207316
224,0.03863757,0.4463053,0.3078786,0.2071786
225,0.03860256,0.4458627,0.3083797,0.207155
226,0.0385838,0.4455252,0.3087228,0.2071682
227,0.03857166,0.4452642,0.308986,0.2071781
228,0.03856084,0.4450513,0.309223,0.2071648
229,0.03914348,0.4379893,0.3127536,0.2101137
230,0.03953565,0.4344403,0.3140613,0.2119628
231,0.03978937,0.4327106,0.3144365,0.2130635
232,0.03993937,0.4319071,0.3145404,0.2136131
233,0.04001762,0.4315353,0.3146558,0.2137913
234,0.04004898,0.4313388,0.3148777,0.2137345
235,0.04005134,0.4311962,0.3152131,0.2135392
236,0.04003705,0.4310591,0.3156326,0.2132712
237,0.04001449,0.4309154,0.3160954,0.2129748
238,0.03998929,0.4307701,0.3165602,0.2126803
239,0.03996528,0.4306349,0.3169911,0.2124087
240,0.039945,0.4305219,0.3173587,0.2121745
241,0.03850861,0.4429264,0.3142269,0.2043381
242,0.03754118,0.4475258,0.3158191,0.199114
243,0.03697465,0.448792,0.3180362,0.1961972
244,0.03664685,0.4487489,0.3199922,0.194612
245,0.0364649,0.4483047,0.3214069,0.1938235
246,0.03637028,0.447837,0.3222913,0.1935014
247,0.0363262,0.4474751,0.3227581,0.1934406
248,0.03630983,0.4472383,0.3229362,0.1935157
249,0.03630744,0.4471044,0.3229364,0.1936518
250,0.0363114,0.4470421,0.3228375,0.193809
251,0.03631749,0.4470233,0.3226933,0.1939659
252,0.03632354,0.4470267,0.3225375,0.1941123
253,0.0359414,0.4534702,0.3180393,0.1925491
254,0.03571264,0.456775,0.3156881,0.1918242
255,0.03554628,0.4584182,0.3147162,0.1913195
256,0.03543652,0.4591693,0.3143443,0.1910499
257,0.03536581,0.4594599,0.3142385,0.1909359
258,0.03531984,0.4595197,0.3142499,0.1909106
259,0.03528865,0.4594663,0.3143166,0.1909285
260,0.03526567,0.4593574,0.3144159,0.190961
261,0.03524686,0.45922,0.3145411,0.1909921
262,0.03522977,0.4590662,0.3146911,0.1910129
263,0.03521308,0.4589015,0.3148656,0.1910198
264,0.03519611,0.4587285,0.3150631,0.1910122
265,0.03802617,0.4263578,0.3298459,0.2057701
266,0.04015591,0.4089649,0.3345667,0.2163125
267,0.04166771,0.4001483,0.3348155,0.2233685
268,0.04265537,0.3961095,0.3336692,0.2275659
269,0.04325286,0.3945394,0.3324803,0.2297275
270,0.04358784,0.3941243,0.3316911,0.2305967
271,0.0437642,0.3941874,0.331292,0.2307564
272,0.04385845,0.3944283,0.3310901,0.2306232
273,0.04392269,0.3947469,0.330858,0.2304724
274,0.04398837,0.3951325,0.3304178,0.2304614
275,0.04407195,0.3956011,0.3296633,0.2306636
276,0.04417856,0.3961665,0.3285669,0.2310881
277,0.04526386,0.3887025,0.3292115,0.2368221
278,0.04615586,0.385497,0.3268011,0.2415461
279,0.0468082,0.3845591,0.3237089,0.2449238
280,0.04727481,0.3847891,0.320657,0.2472791
281,0.04760431,0.385543,0.3179626,0.2488901
282,0.04783653,0.3864659,0.3157191,0.2499785
283,0.04800155,0.3873781,0.313912,0.2507083
284,0.04812082,0.3882003,0.3124844,0.2511945
285,0.04820888,0.3889071,0.31137,0.251514
286,0.04827553,0.3894999,0.3105066,0.251718
287,0.04832716,0.3899915,0.3098418,0.2518395
288,0.0483679,0.3903979,0.3093338,0.2519003
289,0.04459705,0.4266526,0.2962407,0.2325098
290,0.04225155,0.4417097,0.2951976,0.2208411
291,0.04087996,0.4473002,0.2974918,0.2143281
292,0.04007688,0.4487852,0.3004035,0.2107344
293,0.03960876,0.44862,0.3029713,0.2087999
294,0.03933763,0.4479079,0.3049563,0.2077982
295,0.03918079,0.4471134,0.3063998,0.207306
296,0.03908853,0.446404,0.3074302,0.2070773
297,0.03903126,0.4458164,0.3081816,0.2069708
298,0.03899179,0.445336,0.3087633,0.2069089
299,0.03896025,0.4449336,0.3092563,0.2068499
300,0.03893119,0.4445806,0.3097153,0.2067729
301,0.03574353,0.4755995,0.2984748,0.1901821
302,0.03385547,0.4861015,0.2993512,0.1806918
303,0.03276691,0.4886353,0.3030696,0.1755281
304,0.03212961,0.4881411,0.3069881,0.1727413
305,0.03175275,0.4866952,0.3102668,0.1712853
306,0.03152632,0.4851279,0.3127777,0.1705682
307,0.03138567,0.4837233,0.3146418,0.1702491
308,0.0312929,0.4825386,0.3160353,0.1701333
309,0.03122607,0.4815464,0.3171161,0.1701115
310,0.03117247,0.4806975,0.3180073,0.1701227
311,0.03112524,0.4799464,0.3187918,0.1701365
312,0.03108088,0.479259,0.3195207,0.1701394
313,0.03517626,0.4330579,0.3394478,0.192318
314,0.03858582,0.4074194,0.3437215,0.2102733
315,0.04113782,0.3940955,0.3417163,0.2230504
316,0.042898,0.388014,0.337811,0.231277
317,0.04401464,0.3858339,0.3341893,0.2359621
318,0.04466307,0.3855056,0.3316438,0.2381877
319,0.04500402,0.3858957,0.3302059,0.2388943
320,0.04516532,0.3864704,0.3295609,0.2388035
321,0.04523971,0.3870452,0.3292903,0.2384247
322,0.04528742,0.387607,0.3290291,0.2380764
323,0.04534404,0.3882025,0.3285165,0.2379369
324,0.04542674,0.3888797,0.3276141,0.2380794
325,0.04516664,0.3937317,0.3244514,0.2366503
326,0.04505469,0.3967523,0.3220412,0.2361517
327,0.04503655,0.398808,0.3199576,0.2361978
328,0.04508004,0.4003365,0.3179978,0.2365856
329,0.04515632,0.4015617,0.316147,0.2371349
330,0.04524498,0.4025898,0.314445,0.2377202
331,0.04533326,0.4034683,0.312933,0.2382655
332,0.04541407,0.4042186,0.3116362,0.2387312
333,0.04548411,0.4048531,0.3105613,0.2391014
334,0.04554318,0.4053827,0.3096937,0.2393804
335,0.04559207,0.405819,0.3090107,0.2395782
336,0.04563197,0.4061745,0.3084871,0.2397065
337,0.04596089,0.4035165,0.309237,0.2412857
338,0.04619677,0.4022457,0.3092294,0.2423281
339,0.04635708,0.4017085,0.3089809,0.2429536
340,0.04646149,0.4015469,0.3087127,0.243279
341,0.0465262,0.4015584,0.3085193,0.2433961
342,0.04656328,0.4016334,0.3084326,0.2433708
343,0.04658115,0.4017162,0.3084555,0.2432472
344,0.04658562,0.4017811,0.3085784,0.2430549
345,0.04658061,0.4018187,0.3087873,0.2428135
346,0.04656848,0.4018269,0.3090706,0.242534
347,0.04655103,0.4018073,0.3094165,0.2422251
348,0.04652961,0.4017634,0.309813,0.2418939
349,0.03966767,0.4620009,0.2922543,0.2060771
350,0.03593946,0.4795533,0.2974092,0.187098
351,0.03400084,0.4829307,0.3053493,0.1777192
352,0.03294146,0.4817232,0.3123963,0.172939
353,0.03235463,0.4793716,0.3177048,0.170569
354,0.03202824,0.4770915,0.3213969,0.1694833
355,0.03184454,0.4752238,0.3238655,0.1690661
356,0.0317369,0.4737795,0.325508,0.1689756
357,0.03166782,0.4726655,0.326642,0.1690245
358,0.03161651,0.471776,0.3274941,0.1691133
359,0.03157191,0.4710232,0.3282129,0.1691919
360,0.03152838,0.4703444,0.328889,0.1692382
361,0.03506244,0.4325476,0.3440292,0.1883607
362,0.03797052,0.4127111,0.3454966,0.2038217
363,0.04006937,0.4031067,0.3423738,0.2144501
364,0.041469,0.399244,0.3381982,0.2210889
365,0.04232651,0.3982599,0.3346618,0.2247518
366,0.04280269,0.3984852,0.3323075,0.2264047
367,0.04303426,0.3990566,0.3310747,0.2268344
368,0.04312423,0.3996065,0.3306529,0.2266163
369,0.04314443,0.4000387,0.3306751,0.2261417
370,0.04314298,0.4003851,0.3308029,0.2256689
371,0.04314983,0.4007199,0.3307752,0.225355
372,0.04318153,0.4011143,0.330422,0.2252821
373,0.04371608,0.3967671,0.33166,0.2278569
374,0.04414273,0.3949625,0.3309908,0.229904
375,0.04448206,0.3945499,0.3294191,0.231549
376,0.044758,0.3949002,0.327423,0.2329188
377,0.04498822,0.3956424,0.3252725,0.234097
378,0.04518375,0.3965582,0.3231315,0.2351266
379,0.04535101,0.3975192,0.3211046,0.2360252
380,0.04549384,0.3984507,0.3192564,0.2367991
381,0.04561494,0.3993108,0.3176222,0.2374521
382,0.0457164,0.4000784,0.3162174,0.2379877
383,0.04580044,0.4007459,0.3150394,0.2384143
384,0.0458694,0.4013147,0.3140728,0.2387432
385,0.04603091,0.4010529,0.3133454,0.2395709
386,0.04615593,0.4011283,0.3125355,0.2401803
387,0.0462436,0.4013455,0.3118483,0.2405626
388,0.04630389,0.4016002,0.3113155,0.2407803
389,0.04634419,0.4018411,0.3109365,0.2408782
390,0.04636962,0.4020457,0.3106981,0.2408866
391,0.04638351,0.4022068,0.3105851,0.2408245
392,0.04638791,0.4023241,0.3105849,0.2407031
393,0.046384,0.4023992,0.3106885,0.2405283
394,0.04637284,0.4024352,0.3108859,0.2403061
395,0.04635517,0.4024356,0.3111688,0.2400405
396,0.04633162,0.4024036,0.3115295,0.2397353
397,0.04746506,0.393833,0.3129885,0.2457135
398,0.04834076,0.3897844,0.3116193,0.2502555
399,0.04890494,0.3881696,0.3099502,0.2529753
400,0.04925,0.3877815,0.3085032,0.2544653
401,0.0494459,0.3879367,0.3074711,0.2551463
402,0.04954508,0.3882738,0.30686,0.2553211
403,0.04958507,0.3886218,0.3065931,0.2551999
404,0.04959159,0.3889156,0.3065688,0.2549239
405,0.04958175,0.389144,0.306689,0.2545853
406,0.04956628,0.3893198,0.306873,0.2542409
407,0.04955178,0.3894637,0.3070592,0.2539253
408,0.04954213,0.3895956,0.3072042,0.2536581
409,0.04449135,0.4349922,0.2926165,0.2279
410,0.04149069,0.452163,0.2932648,0.2130815
411,0.03982202,0.457765,0.2971499,0.205263
412,0.03888109,0.4587837,0.3011773,0.2011579
413,0.03835315,0.4581553,0.3044005,0.199091
414,0.03806037,0.4571031,0.3067033,0.1981332
415,0.03789939,0.4560923,0.3082517,0.1977566
416,0.03780972,0.4552586,0.3092704,0.1976612
417,0.03775636,0.4546048,0.3099586,0.1976802
418,0.03771939,0.4540902,0.3104665,0.197724
419,0.03768785,0.4536679,0.3108975,0.1977467
420,0.03765596,0.4532994,0.311317,0.1977276
421,0.03785306,0.4502824,0.3130586,0.1988059
422,0.03796555,0.4486755,0.3139741,0.1993849
423,0.03802139,0.4477741,0.3145533,0.1996512
424,0.03803431,0.4472177,0.3150674,0.1996806
425,0.03801835,0.4468158,0.3156125,0.1995534
426,0.03798461,0.4464773,0.3162056,0.1993326
427,0.0379414,0.4461651,0.3168278,0.1990657
428,0.03789493,0.44587,0.3174461,0.1987889
429,0.03784996,0.4455965,0.318023,0.1985305
430,0.03781023,0.4453542,0.3185218,0.1983137
431,0.03777853,0.445154,0.3189108,0.1981565
432,0.03775686,0.4450055,0.3191662,0.1980716
433,0.04057436,0.4141165,0.3330341,0.212275
434,0.0426816,0.3973566,0.3376251,0.2223367
435,0.04419466,0.3887519,0.3378523,0.2292012
436,0.04519836,0.3847578,0.3366373,0.2334066
437,0.04583206,0.3832197,0.3351654,0.2357829
438,0.04622674,0.3829071,0.3337962,0.23707
439,0.0464868,0.3831776,0.3325011,0.2378345
440,0.04668647,0.3837337,0.3311156,0.2384643
441,0.04687199,0.384457,0.3294834,0.2391877
442,0.04706434,0.3853022,0.3275451,0.2400883
443,0.04726739,0.3862414,0.3253379,0.2411532
444,0.04747428,0.3872402,0.3229761,0.2423095
445,0.04758507,0.3863579,0.323478,0.2425791
446,0.04761198,0.3857923,0.3242428,0.2423529
447,0.0476497,0.3854158,0.3246697,0.2422648
448,0.04769032,0.3851782,0.3248867,0.2422447
449,0.04773256,0.3850406,0.3249542,0.2422726
450,0.04777563,0.3849751,0.3249146,0.2423347
451,0.04781866,0.3849616,0.3248006,0.2424192
452,0.04786072,0.3849847,0.3246394,0.2425151
453,0.04790086,0.3850323,0.3244539,0.2426128
454,0.04793869,0.3850952,0.324259,0.2427071
455,0.04797392,0.3851667,0.3240655,0.2427938
456,0.04800631,0.3852418,0.3238818,0.2428701
457,0.04784235,0.391726,0.3176836,0.242748
458,0.04792978,0.3962587,0.3116715,0.24414
459,0.04796165,0.3994084,0.3076614,0.2449685
460,0.04795935,0.4015754,0.305062,0.2454033
461,0.04793946,0.4030252,0.3034475,0.2455878
462,0.0479118,0.4039598,0.3025115,0.2456169
463,0.04788069,0.404532,0.3020435,0.2455438
464,0.04784719,0.4048529,0.301905,0.2453949
465,0.04781073,0.405,0.3020078,0.2451815
466,0.04777024,0.405026,0.3022964,0.2449074
467,0.04772454,0.4049656,0.3027365,0.2445734
468,0.0476721,0.4048377,0.3033152,0.244175
469,0.04228052,0.4517842,0.28934,0.2165953
470,0.0391448,0.4676697,0.2921988,0.2009867
471,0.03741448,0.4717121,0.2980982,0.1927751
472,0.03642897,0.4714009,0.3037969,0.1883733
473,0.03585993,0.4697294,0.3083722,0.1860384
474,0.03552737,0.4678753,0.3117634,0.1848339
475,0.03532816,0.4662429,0.3141949,0.184234
476,0.03520246,0.4649153,0.3159408,0.1839415
477,0.03511583,0.4638571,0.3172362,0.1837909
478,0.03504876,0.4630001,0.3182583,0.1836928
479,0.03499092,0.4622817,0.3191233,0.1836041
480,0.03493725,0.4616548,0.3199005,0.1835076
481,0.03704905,0.4413476,0.3266791,0.1949243
482,0.03866895,0.4317723,0.3259714,0.2035874
483,0.03974218,0.4278384,0.3233475,0.2090718
484,0.04041569,0.4267439,0.3205065,0.212334
485,0.04080898,0.42689,0.318213,0.214088
486,0.04101836,0.4274437,0.3166528,0.2148852
487,0.04111459,0.4280226,0.315744,0.2151188
488,0.0411462,0.4284898,0.3153123,0.2150517
489,0.04114505,0.4288271,0.3151738,0.214854
490,0.04113073,0.4290642,0.315178,0.214627
491,0.0411152,0.4292421,0.3152114,0.2144313
492,0.04110539,0.4293979,0.3151956,0.214301
493,0.04217032,0.4193287,0.3187699,0.2197311
494,0.04295826,0.4145336,0.3188646,0.2236435
495,0.04349664,0.412542,0.3177553,0.2262061
496,0.04385695,0.4120054,0.3162901,0.2278476
497,0.04409802,0.412165,0.3148356,0.2289014
498,0.04426408,0.4126172,0.3135107,0.2296081
499,0.04438532,0.4131611,0.3123293,0.2301243
500,0.04448029,0.4137045,0.3112749,0.2305404
501,0.04455939,0.4142095,0.3103309,0.2309003
502,0.04462906,0.4146639,0.3094763,0.2312307
503,0.04469219,0.4150676,0.3087016,0.2315387
504,0.04474979,0.4154235,0.308003,0.2318238
505,0.04334585,0.4294662,0.3025206,0.2246673
506,0.04241497,0.4356927,0.3018311,0.2200611
507,0.04184775,0.4381792,0.30258,0.2173931
508,0.04151239,0.4389244,0.3036421,0.2159211
509,0.04132066,0.4389285,0.3045882,0.2151626
510,0.04121483,0.4386694,0.3053057,0.2148101
511,0.04115821,0.4383576,0.3058109,0.2146733
512,0.04112819,0.4380729,0.3061596,0.2146393
513,0.04111122,0.4378347,0.3064111,0.214643
514,0.0410991,0.4376377,0.3066169,0.2146463
515,0.04108728,0.4374688,0.3068142,0.2146297
516,0.04107344,0.4373152,0.3070272,0.2145842
517,0.04104128,0.437021,0.3075523,0.2143854
518,0.04100116,0.4367003,0.3081803,0.2141182
519,0.04096856,0.436388,0.308744,0.2138996
520,0.04093677,0.436095,0.3092841,0.2136841
521,0.04090426,0.4358208,0.3098131,0.2134619
522,0.04087067,0.435562,0.3103364,0.213231
523,0.04083615,0.4353164,0.3108545,0.2129929
524,0.04080119,0.4350834,0.3113644,0.212751
525,0.04076644,0.4348632,0.3118601,0.2125102
526,0.04073269,0.4346576,0.3123337,0.2122759
527,0.0407008,0.434469,0.3127757,0.2120544
528,0.04067164,0.4343004,0.3131759,0.2118521
529,0.04087179,0.4322332,0.3140241,0.2128709
530,0.04101401,0.4313014,0.3141043,0.2135804
531,0.04109842,0.4309341,0.314001,0.2139664
532,0.0411486,0.4308387,0.3138377,0.214175
533,0.04117868,0.4308667,0.3136671,0.2142875
534,0.04119822,0.4309463,0.3134983,0.2143572
535,0.04121334,0.431046,0.3133239,0.2144168
536,0.04122759,0.4311536,0.3131346,0.2144841
537,0.0412428,0.4312654,0.3129245,0.2145673
538,0.04125958,0.4313801,0.3126928,0.2146675
539,0.04127785,0.4314971,0.3124427,0.2147824
540,0.04129715,0.4316149,0.3121805,0.2149074
541,0.04236245,0.4213811,0.3159087,0.2203478
542,0.04314081,0.4164226,0.3162349,0.2242017
543,0.04367004,0.4142574,0.3153627,0.2267098
544,0.0440139,0.41354,0.3142001,0.2282461
545,0.04422959,0.4135071,0.3131301,0.2291333
546,0.04436163,0.4137522,0.3122721,0.229614
547,0.04444172,0.4140759,0.311627,0.2298555
548,0.04449103,0.414391,0.3111524,0.2299655
549,0.044523,0.4146686,0.3107987,0.2300096
550,0.04454584,0.4149053,0.3105227,0.2300262
551,0.04456419,0.4151077,0.3102929,0.2300352
552,0.04458058,0.4152848,0.3100887,0.230046
553,0.04452904,0.4159058,0.3098704,0.2296948
554,0.04449204,0.4162156,0.3098684,0.2294239
555,0.04447579,0.4163784,0.3098651,0.2292807
556,0.04447151,0.4164782,0.3098419,0.2292084
557,0.0444745,0.4165554,0.3097914,0.2291787
558,0.04448153,0.4166279,0.3097182,0.2291724
559,0.04449042,0.4167022,0.3096306,0.2291768
560,0.04449975,0.416779,0.3095376,0.2291837
561,0.04450869,0.4168566,0.3094466,0.229188
562,0.04451685,0.4169335,0.3093619,0.2291877
563,0.04452403,0.4170081,0.309286,0.2291818
564,0.04453021,0.4170792,0.3092205,0.2291701
565,0.04640302,0.3998081,0.3151537,0.2386352
566,0.04782723,0.390738,0.3158367,0.245598
567,0.04881518,0.3863012,0.3147074,0.2501762
568,0.0494656,0.3844381,0.3131155,0.2529808
569,0.04987361,0.3839048,0.3116598,0.2545618
570,0.05011967,0.3839907,0.3105247,0.2553648
571,0.05026516,0.3843196,0.3096975,0.2557177
572,0.05035325,0.3847123,0.3090907,0.2558437
573,0.05041229,0.3850978,0.3086067,0.2558832
574,0.05045924,0.3854574,0.3081682,0.2559152
575,0.05050354,0.3857938,0.3077237,0.255979
576,0.05054959,0.3861161,0.3072459,0.2560884
577,0.04752485,0.4140013,0.2975836,0.2408902
578,0.04557177,0.4263221,0.2967066,0.2313995
579,0.04441622,0.4312858,0.2982251,0.2260729
580,0.04374538,0.4329161,0.3001391,0.2231994
581,0.04336577,0.4331425,0.3017465,0.2217453
582,0.0431574,0.4328623,0.3028967,0.2210837
583,0.04304649,0.4324663,0.3036476,0.2208396
584,0.04298835,0.4321021,0.3041158,0.2207937
585,0.0429565,0.4318066,0.3044152,0.2208216
586,0.04293574,0.4315733,0.3046348,0.2208562
587,0.04291753,0.4313815,0.3048379,0.220863
588,0.04289734,0.4312107,0.3050661,0.2208259
589,0.04228522,0.4368195,0.3030953,0.2178
590,0.04185884,0.439262,0.3031247,0.2157544
591,0.04157198,0.4401358,0.3038706,0.2144215
592,0.04137888,0.4402485,0.3048218,0.2135509
593,0.0412453,0.4400222,0.305773,0.2129596
594,0.04114784,0.4396661,0.3066603,0.2125258
595,0.04107133,0.4392763,0.3074786,0.2121737
596,0.0410065,0.4388924,0.3082417,0.2118594
597,0.04094805,0.438528,0.3089638,0.2115602
598,0.04089332,0.4381854,0.3096547,0.2112667
599,0.04084146,0.4378641,0.3103151,0.2109793
600,0.04079278,0.4375643,0.3109388,0.2107042
601,0.04045862,0.4397794,0.3108254,0.2089366
602,0.04021731,0.440564,0.3115405,0.2076783
603,0.04006252,0.440692,0.3123357,0.2069097
604,0.03996471,0.4405523,0.313028,0.2064551
605,0.03990672,0.4403363,0.3135371,0.2062198
606,0.03987678,0.4401329,0.3138496,0.2061407
607,0.03986673,0.4399772,0.3139818,0.2061742
608,0.03987091,0.4398774,0.3139615,0.2062903
609,0.03988527,0.4398293,0.3138186,0.2064669
610,0.03990649,0.4398239,0.3135844,0.2066852
611,0.03993192,0.4398504,0.3132883,0.2069294
612,0.03995932,0.4398982,0.312957,0.2071855
613,0.04252737,0.4153261,0.3217404,0.2204061
614,0.04452656,0.4025614,0.322461,0.2304511
615,0.04594336,0.3964423,0.3203411,0.2372733
616,0.04689262,0.3940171,0.3174846,0.2416056
617,0.04749623,0.3934798,0.314861,0.2441629
618,0.04786315,0.3937888,0.312794,0.2455541
619,0.04807894,0.3943914,0.3112901,0.2462396
620,0.04820486,0.3950269,0.3102302,0.246538
621,0.04828157,0.3955956,0.3094699,0.246653
622,0.04833451,0.3960763,0.3088832,0.2467059
623,0.04837836,0.3964812,0.3083784,0.2467621
624,0.0484207,0.3968308,0.3078981,0.2468504
625,0.04673731,0.4130252,0.3019103,0.2383272
626,0.04561824,0.4205816,0.3009445,0.2328556
627,0.0449366,0.4238602,0.3015119,0.2296914
628,0.0445381,0.4250877,0.3023987,0.2279754
629,0.0443159,0.425401,0.3031567,0.2271264
630,0.04419912,0.4253546,0.3036781,0.2267682
631,0.04414232,0.4252017,0.3039897,0.2266663
632,0.04411719,0.4250441,0.3041591,0.2266796
633,0.04410667,0.4249126,0.3042538,0.2267269
634,0.04410097,0.4248077,0.304327,0.2267643
635,0.0440947,0.4247196,0.3044155,0.2267702
636,0.04408507,0.4246372,0.3045426,0.2267351
637,0.04425083,0.4228381,0.3053474,0.2275636
638,0.04435429,0.4218942,0.3057257,0.2280259
639,0.04441117,0.4213937,0.3059657,0.2282295
640,0.04443363,0.421114,0.3062074,0.228245
641,0.04443245,0.4209332,0.3065004,0.2281339
642,0.04441588,0.4207895,0.3068524,0.2279422
643,0.04438996,0.4206551,0.3072515,0.2277035
644,0.04435908,0.4205208,0.3076781,0.227442
645,0.04432655,0.4203865,0.3081104,0.2271766
646,0.04429477,0.4202564,0.3085277,0.2269211
647,0.04426569,0.4201359,0.308911,0.2266874
648,0.04424077,0.4200308,0.309244,0.2264843
649,0.04200078,0.4408455,0.3019994,0.2151543
650,0.04057219,0.4493649,0.3018906,0.2081723
651,0.03971824,0.4523779,0.3036851,0.2042187
652,0.03921881,0.4530075,0.3056884,0.2020853
653,0.03893477,0.4527207,0.3073203,0.2010242
654,0.03877847,0.4521732,0.3084755,0.2005728
655,0.03869541,0.4516293,0.3092254,0.2004499
656,0.03865228,0.4511729,0.309687,0.2004878
657,0.03862916,0.4508106,0.3099704,0.2005898
658,0.03861449,0.4505219,0.3101617,0.2007018
659,0.03860183,0.4502808,0.3103215,0.2007959
660,0.03858776,0.450065,0.3104886,0.2008586
661,0.03864637,0.4493446,0.3107039,0.2013051
662,0.03868227,0.4489902,0.3107114,0.201616
663,0.03869068,0.448783,0.3107764,0.20175
664,0.0386822,0.4486221,0.3109199,0.2017758
665,0.03866234,0.4484625,0.3111479,0.2017273
666,0.03863491,0.4482869,0.3114507,0.2016275
667,0.03860268,0.4480919,0.311812,0.2014933
668,0.03856777,0.4478809,0.3122132,0.2013382
669,0.03853187,0.4476596,0.3126352,0.2011733
670,0.03849644,0.4474351,0.3130602,0.2010083
671,0.03846274,0.4472139,0.3134713,0.2008521
672,0.03843194,0.4470025,0.3138527,0.2007129
673,0.0383771,0.4465814,0.3146575,0.200384
674,0.03832489,0.4461879,0.3154175,0.2000698
675,0.03829709,0.4458582,0.3159177,0.199927
676,0.03828006,0.4456027,0.316257,0.1998603
677,0.03827164,0.4454142,0.3164587,0.1998554
678,0.03827079,0.4452838,0.3165407,0.1999047
679,0.03827656,0.4452021,0.3165196,0.2000017
680,0.038288,0.4451607,0.3164117,0.2001396
681,0.03830411,0.4451517,0.3162332,0.200311
682,0.03832351,0.4451669,0.3160031,0.2005064
683,0.03834491,0.4451987,0.3157399,0.2007164
684,0.03836701,0.4452403,0.3154609,0.2009319
685,0.04001824,0.4289709,0.3214965,0.2095143
686,0.04124264,0.4209966,0.3220605,0.2157002
687,0.04207901,0.417459,0.3207162,0.2197459
688,0.04262118,0.4162307,0.3189251,0.222223
689,0.04295715,0.4160931,0.3173107,0.2236392
690,0.04315777,0.4163936,0.3160608,0.2243877
691,0.04327475,0.4168141,0.315165,0.2247462
692,0.04334297,0.4172195,0.3145419,0.2248956
693,0.0433846,0.4175668,0.3141024,0.2249462
694,0.04341336,0.4178546,0.3137684,0.2249637
695,0.04343702,0.4180965,0.3134842,0.2249822
696,0.04345965,0.4183081,0.3132146,0.2250177
697,0.04132913,0.4391491,0.3053948,0.214127
698,0.03997507,0.4478219,0.3047596,0.2074435
699,0.03917037,0.4510268,0.3061168,0.203686
700,0.03870249,0.4518372,0.3077897,0.2016706
701,0.03843767,0.4517017,0.3091917,0.2006689
702,0.03829204,0.4512726,0.3102016,0.2002337
703,0.03821374,0.4508175,0.3108731,0.2000957
704,0.03817131,0.4504249,0.311308,0.2000957
705,0.03814602,0.4501065,0.3116046,0.2001428
706,0.03812715,0.4498458,0.3118396,0.2001874
707,0.03810873,0.4496204,0.3120672,0.2002038
708,0.0380876,0.4494103,0.3123222,0.2001798
709,0.03892563,0.4405255,0.3159919,0.2045569
710,0.03950601,0.4362759,0.3167434,0.2074748
711,0.039871,0.4343819,0.3165509,0.2091963
712,0.04008001,0.4336388,0.3162068,0.2100745
713,0.0401832,0.4333942,0.3160262,0.2103964
714,0.0402189,0.4333213,0.3160838,0.2103759
715,0.04021465,0.4332758,0.3163457,0.2101639
716,0.04018965,0.433209,0.316737,0.2098645
717,0.04015715,0.433118,0.3171752,0.2095498
718,0.04012618,0.4330193,0.3175852,0.2092694
719,0.04010274,0.432934,0.3179067,0.2090566
720,0.04009051,0.432881,0.3180966,0.2089319
721,0.04133755,0.4205643,0.3228219,0.2152763
722,0.04225898,0.4145406,0.3233812,0.2198193
723,0.04289372,0.4118907,0.3223985,0.222817
724,0.04331891,0.4110105,0.320939,0.2247316
725,0.0436032,0.4109928,0.31945,0.2259541
726,0.04379897,0.4113541,0.318076,0.2267709
727,0.04394214,0.4118546,0.3168341,0.2273692
728,0.04405504,0.4123849,0.3157019,0.2278582
729,0.04415027,0.4129003,0.3146563,0.2282931
730,0.04423414,0.4133852,0.3136847,0.228696
731,0.0443093,0.4138353,0.3127849,0.2290705
732,0.04437647,0.41425,0.3119611,0.2294123
733,0.04234664,0.4345301,0.3040118,0.2191114
734,0.04104287,0.4432584,0.3029682,0.2127306
735,0.04025986,0.4466571,0.3039785,0.2091045
736,0.03979841,0.447651,0.305425,0.2071255
737,0.03953147,0.4476488,0.306716,0.2061038
738,0.03937894,0.4473011,0.3077051,0.2056148
739,0.03929111,0.4468853,0.3084209,0.2054026
740,0.03923768,0.4465013,0.3089453,0.2053158
741,0.0392005,0.4461696,0.3093628,0.2052672
742,0.03916901,0.4458804,0.3097421,0.2052085
743,0.03913728,0.4456153,0.3101329,0.2051146
744,0.0391021,0.445357,0.3105678,0.2049731
745,0.04191367,0.4169373,0.3217038,0.2194452
746,0.04408799,0.4017701,0.3238825,0.2302594
747,0.04560671,0.3941749,0.3228374,0.237381
748,0.04658393,0.3908266,0.3210238,0.2415657
749,0.04715296,0.3896599,0.3195719,0.2436153
750,0.04744048,0.3894721,0.3188328,0.2442546
751,0.04755287,0.3896291,0.3187436,0.2440744
752,0.04757288,0.3898489,0.3190525,0.2435258
753,0.04756143,0.3900494,0.3194523,0.2429369
754,0.04756008,0.3902466,0.3196641,0.2425293
755,0.04759348,0.3904877,0.3194895,0.2424293
756,0.04767163,0.3908149,0.3188341,0.2426793
757,0.04637606,0.4044515,0.3130071,0.2361652
758,0.04555948,0.4111269,0.3110237,0.23229
759,0.04511346,0.4143718,0.3101089,0.2304057
760,0.04490191,0.4159588,0.3094036,0.2297357
761,0.04482717,0.4167851,0.3086553,0.2297325
762,0.04482447,0.4172829,0.3078518,0.2300408
763,0.04485381,0.417644,0.3070537,0.2304485
764,0.04489224,0.4179418,0.3063258,0.2308402
765,0.04492765,0.4181973,0.3057143,0.2311606
766,0.04495445,0.4184114,0.3052451,0.2313892
767,0.04497054,0.4185794,0.3049276,0.2315224
768,0.04497561,0.4186983,0.3047609,0.2315653
769,0.04246866,0.442166,0.2964997,0.2188656
770,0.04086014,0.4517078,0.2964764,0.2109557
771,0.03988603,0.4549863,0.2987519,0.2063758
772,0.0392962,0.4555328,0.3014203,0.2037507
773,0.03893746,0.4550061,0.3037982,0.2022582
774,0.03871509,0.4541537,0.3057294,0.2014018
775,0.03857072,0.4532825,0.3072641,0.2008827
776,0.03846868,0.4524943,0.3085135,0.2005236
777,0.03838767,0.4518019,0.3095882,0.2002222
778,0.03831539,0.4511861,0.3105759,0.1999226
779,0.0382451,0.4506209,0.3115367,0.1995973
780,0.03817366,0.4500846,0.3125054,0.1992364
781,0.03807541,0.4496871,0.3135392,0.1986983
782,0.0379801,0.4491896,0.3146738,0.1981566
783,0.03789518,0.4486617,0.3157729,0.1976703
784,0.03781803,0.4481414,0.3168153,0.1972253
785,0.03775017,0.4476531,0.3177606,0.1968361
786,0.03769407,0.4472166,0.3185671,0.1965223
787,0.03765222,0.4468483,0.3191961,0.1963033
788,0.03762665,0.4465618,0.3196167,0.196195
789,0.03761847,0.4463655,0.3198095,0.1962066
790,0.03762731,0.4462614,0.3197746,0.1963368
791,0.03765149,0.4462447,0.3195286,0.1965753
792,0.03768842,0.4463049,0.3191019,0.1969047
793,0.03868994,0.437278,0.321766,0.202266
794,0.03944008,0.4333511,0.3209403,0.2062686
795,0.03994954,0.4319717,0.3191447,0.208934
796,0.04029023,0.4318218,0.3171926,0.2106954
797,0.04051564,0.4321897,0.3154395,0.2118551
798,0.04066493,0.432716,0.3139922,0.2126268
799,0.0407649,0.4332352,0.3128486,0.2131513
800,0.04083288,0.4336827,0.3119676,0.2135167
801,0.04087972,0.4340425,0.3113019,0.2137759
802,0.04091223,0.4343193,0.3108075,0.213961
803,0.04093445,0.4345252,0.3104498,0.2140905
804,0.04094891,0.4346727,0.3102028,0.2141756
805,0.03780584,0.4653168,0.298864,0.1980133
806,0.03592094,0.476422,0.2989992,0.1886579
807,0.03483329,0.4796312,0.3019769,0.1835587
808,0.03420247,0.4797141,0.3052516,0.1808318
809,0.03383707,0.4787334,0.3079894,0.1794401
810,0.03362479,0.4775426,0.3100463,0.1787862
811,0.03349891,0.4764526,0.3115258,0.1785228
812,0.03341991,0.4755394,0.3125917,0.1784489
813,0.03336466,0.4747884,0.3133961,0.1784509
814,0.03331986,0.4741574,0.3140571,0.1784657
815,0.0332781,0.4736037,0.314658,0.1784601
816,0.03323544,0.4730935,0.3152526,0.1784184
817,0.03502643,0.4528501,0.3241717,0.1879517
818,0.03632063,0.4430492,0.3260173,0.1946128
819,0.03717239,0.4387185,0.3253458,0.1987634
820,0.03768278,0.4371172,0.3241704,0.2010296
821,0.03795393,0.4367123,0.3233171,0.2020166
822,0.03807143,0.4367216,0.3229906,0.2022164
823,0.03810041,0.4368009,0.3231022,0.2019965
824,0.03808771,0.4368422,0.3234513,0.2016188
825,0.03806598,0.436853,0.3238151,0.2012659
826,0.03805715,0.4368885,0.3239928,0.2010615
827,0.03807306,0.4370051,0.3238519,0.20107
828,0.03811611,0.4372299,0.3233575,0.2012965
829,0.03877352,0.4317395,0.3246913,0.2047957
830,0.03928201,0.4295017,0.3237089,0.2075074
831,0.03965328,0.4289015,0.3219656,0.2094797
832,0.039928,0.429096,0.320026,0.21095
833,0.04013534,0.4296292,0.3181581,0.2120774
834,0.04029527,0.4302663,0.316474,0.2129644
835,0.04042063,0.4308938,0.3150128,0.2136728
836,0.04051945,0.4314616,0.3137804,0.2142386
837,0.04059693,0.4319513,0.3127678,0.2146839
838,0.040657,0.4323608,0.3119555,0.2150267
839,0.04070256,0.4326944,0.3113224,0.2152806
840,0.04073586,0.4329599,0.3108474,0.2154569
841,0.04009655,0.4394913,0.3083133,0.2120988
842,0.03966068,0.442347,0.3081329,0.2098594
843,0.03938587,0.4434375,0.3086759,0.2085008
844,0.03921381,0.4437015,0.3094039,0.2076808
845,0.03910514,0.4436117,0.3101059,0.2071773
846,0.03903366,0.4433931,0.3107264,0.2068468
847,0.03898251,0.4431438,0.311274,0.2065997
848,0.03894122,0.4428998,0.3117769,0.206382
849,0.0389035,0.4426695,0.3122642,0.2061628
850,0.03886576,0.4424496,0.312759,0.2059256
851,0.03882623,0.4422347,0.3132756,0.2056635
852,0.0387843,0.4420197,0.3138201,0.2053759
853,0.03944787,0.4347594,0.3170457,0.2087471
854,0.0399038,0.4312928,0.3178573,0.2109461
855,0.04018233,0.429751,0.3179108,0.2121558
856,0.04033678,0.4291544,0.3178106,0.2126983
857,0.04041064,0.4289789,0.317784,0.2128264
858,0.04043718,0.4289668,0.3178666,0.2127294
859,0.04044029,0.4290076,0.3180113,0.2125408
860,0.04043628,0.4290659,0.318147,0.2123508
861,0.04043576,0.4291402,0.3182069,0.2122172
862,0.04044476,0.4292403,0.3181436,0.2121714
863,0.04046597,0.4293758,0.3179328,0.2122254
864,0.04049958,0.4295515,0.3175722,0.2123766
865,0.0380854,0.4543071,0.3076195,0.199988
866,0.03661506,0.4640235,0.3066132,0.1927483
867,0.03576646,0.4673667,0.308024,0.1888428
868,0.03528878,0.4680519,0.3097844,0.186875
869,0.03502825,0.4677516,0.31122,0.1860002
870,0.03489145,0.4671828,0.3122109,0.1857148
871,0.03482214,0.4666216,0.3128335,0.1857227
872,0.03478705,0.4661472,0.3132119,0.185854
873,0.03476685,0.4657593,0.3134603,0.1860136
