EwEVersion,"6.5.13829.0 (compiled 2016-05-17)"
Date,"2016-09-06 18:35:34"
ModelName,Baltic_Proper-SEALS
EcosimScenario,Proper1_SealVuln100_19742100_seal1_cofF1
TimeSeries,new_data_weights_19742100_BAU_WAR1_codF1_seal1
StartYear,1974

Data,"Prey of Temora sp"

Year,"Cyanobacteria","Phytoplankton","microzooplankton","Detritus-water column",
1974,0.03575868,0.6257873,0.1919152,0.1465388
1975,0.03568297,0.6123868,0.2028339,0.1490963
1976,0.02831195,0.647203,0.2035632,0.1209219
1977,0.02929848,0.6316591,0.2103662,0.1286761
1978,0.03128025,0.6173812,0.2130099,0.1383286
1979,0.03242605,0.6117117,0.212041,0.1438213
1980,0.02806403,0.6366475,0.209121,0.1261676
1981,0.02750571,0.6336558,0.2128818,0.1259567
1982,0.02617924,0.6381227,0.2143457,0.1213523
1983,0.0284629,0.624148,0.2140361,0.1333531
1984,0.02799036,0.6277713,0.2130584,0.13118
1985,0.03462185,0.5754029,0.2317666,0.1582086
1986,0.02878701,0.627073,0.2117842,0.1323558
1987,0.04978675,0.483211,0.2456073,0.2213949
1988,0.04372634,0.5551419,0.2100189,0.1911128
1989,0.03939299,0.5865414,0.2008706,0.173195
1990,0.03663578,0.5981349,0.205063,0.1601663
1991,0.04659115,0.5363125,0.2181145,0.1989819
1992,0.03873276,0.5970353,0.1987732,0.1654588
1993,0.03930788,0.5856872,0.2071966,0.1678084
1994,0.035919,0.601882,0.2092531,0.1529458
1995,0.03440941,0.6127945,0.2040963,0.1486999
1996,0.04303323,0.5522404,0.2224186,0.1823077
1997,0.04799558,0.5381433,0.213321,0.2005401
1998,0.03917495,0.5974805,0.1980298,0.1653147
1999,0.03077218,0.6371185,0.1990067,0.1331027
2000,0.04360867,0.5458432,0.2245666,0.1859815
2001,0.04539183,0.5536866,0.2102377,0.1906839
2002,0.04649252,0.5530701,0.2061227,0.1943147
2003,0.03188327,0.6293363,0.2039171,0.1348633
2004,0.04172572,0.5574864,0.2243534,0.1764345
2005,0.04533653,0.5496146,0.2162433,0.1888055
2006,0.04635803,0.5532904,0.2077993,0.1925524
2007,0.04956663,0.5392125,0.207006,0.2042149
2008,0.03790604,0.6069278,0.1975255,0.1576407
2009,0.03708431,0.6008464,0.2063765,0.1556929
2010,0.04609853,0.5404351,0.2239274,0.1895389
2011,0.04838416,0.5362722,0.218956,0.1963876
2012,0.04785064,0.5528255,0.2034573,0.1958665
2013,0.0352562,0.6188362,0.1993352,0.1465725
2014,0.0398704,0.5833247,0.2097536,0.1670513
2015,0.04380301,0.5664967,0.2078294,0.1818708
2016,0.04075079,0.5899295,0.1994958,0.1698239
2017,0.04016205,0.5887217,0.2035171,0.1675991
2018,0.04058337,0.5845425,0.2059083,0.168966
2019,0.04382251,0.5674695,0.2072162,0.1814917
2020,0.04418241,0.5687792,0.2049423,0.1820961
2021,0.05004888,0.5366601,0.2092269,0.2040641
2022,0.04311581,0.5821647,0.198203,0.1765165
2023,0.0404571,0.5918015,0.2006599,0.1670816
2024,0.03923424,0.5936804,0.2047503,0.162335
2025,0.04726545,0.5486671,0.2100228,0.1940446
2026,0.04405439,0.5754601,0.1997807,0.1807048
2027,0.04391167,0.5730607,0.2027816,0.1802461
2028,0.03826217,0.6037089,0.1997755,0.1582534
2029,0.03769325,0.6018682,0.2030942,0.1573444
2030,0.03749687,0.5995588,0.206172,0.1567723
2031,0.0424057,0.5714629,0.2097013,0.1764301
2032,0.0377902,0.6029326,0.2012913,0.1579859
2033,0.03936634,0.5879193,0.207989,0.1647253
2034,0.04335194,0.5659711,0.2109824,0.1796946
2035,0.03889712,0.5984869,0.200277,0.162339
2036,0.04686216,0.5450867,0.21502,0.1930311
2037,0.04478355,0.5676941,0.2037946,0.1837278
2038,0.03816388,0.6050487,0.1981356,0.1586519
2039,0.0369276,0.6017085,0.2072478,0.1541161
2040,0.03978613,0.5871829,0.2065862,0.1664449
2041,0.03291056,0.6291288,0.1980824,0.1398782
2042,0.03694653,0.593572,0.2124334,0.1570481
2043,0.03960259,0.5846123,0.2083224,0.1674626
2044,0.03834909,0.5961471,0.2030122,0.1624915
2045,0.03977617,0.5835567,0.209218,0.1674492
2046,0.03422381,0.6192035,0.2009527,0.14562
2047,0.04156281,0.567522,0.2156196,0.1752956
2048,0.03755622,0.6004986,0.2034956,0.1584495
2049,0.03783827,0.5964407,0.2052252,0.1604958
2050,0.0416893,0.5709907,0.2126518,0.1746682
2051,0.04198165,0.5782522,0.2041275,0.1756387
2052,0.03628005,0.6104254,0.2002763,0.1530182
2053,0.03930546,0.584811,0.2106447,0.1652388
2054,0.04045679,0.5845445,0.2052385,0.1697602
2055,0.03220978,0.6322362,0.1980234,0.1375306
2056,0.03259454,0.6173925,0.2093968,0.1406161
2057,0.03487051,0.6035706,0.2111473,0.1504117
2058,0.04156761,0.5689688,0.2118099,0.1776536
2059,0.03682049,0.6032968,0.2027354,0.1571473
2060,0.0378308,0.5934127,0.2072352,0.1615213
2061,0.03734768,0.5971627,0.2065046,0.158985
2062,0.03639409,0.6035025,0.2046911,0.1554125
2063,0.03767016,0.5932196,0.208804,0.1603062
2064,0.03810942,0.593339,0.206611,0.1619406
2065,0.03283492,0.6246533,0.2013204,0.1411914
2066,0.03079478,0.6287145,0.2062374,0.1342534
2067,0.03643454,0.590387,0.2152057,0.1579727
2068,0.03907217,0.584213,0.2086404,0.1680744
2069,0.03552873,0.6080812,0.2032616,0.1531285
2070,0.03509192,0.6056943,0.2078568,0.151357
2071,0.03450467,0.6095625,0.2067307,0.1492022
2072,0.03521835,0.6046706,0.2076756,0.1524355
2073,0.03663523,0.5964825,0.2090018,0.1578805
2074,0.03508815,0.60763,0.205922,0.1513599
2075,0.03147161,0.6265134,0.2048668,0.1371481
2076,0.03591658,0.5932859,0.2149845,0.1558131
2077,0.03321977,0.6178218,0.2040859,0.1448726
2078,0.0323773,0.6185333,0.2069421,0.1421473
2079,0.03611319,0.5917151,0.2151968,0.1569749
2080,0.03397959,0.6133226,0.2043349,0.1483629
2081,0.031483,0.6233277,0.2068163,0.1383731
2082,0.033408,0.6071551,0.2128022,0.1466346
2083,0.03270734,0.6163697,0.2067416,0.1441814
2084,0.03241156,0.6151986,0.2093254,0.1430645
2085,0.03171721,0.6188977,0.20895,0.1404351
2086,0.03194862,0.6173041,0.2087113,0.142036
2087,0.0330035,0.6095063,0.2112306,0.1462596
2088,0.02970127,0.6318294,0.2056379,0.1328314
2089,0.02927048,0.6289167,0.2096873,0.1321255
2090,0.02914803,0.6276351,0.2110278,0.1321891
2091,0.02554117,0.6503677,0.2059373,0.1181539
2092,0.03083692,0.6026816,0.2250885,0.1413929
2093,0.03156418,0.6130795,0.2108354,0.1445209
2094,0.03280763,0.6052932,0.2128809,0.1490183
2095,0.03313465,0.604813,0.2131094,0.1489429
2096,0.03676222,0.5874582,0.2121114,0.1636682
2097,0.03081619,0.6275783,0.2041421,0.1374634
2098,0.03568804,0.5906774,0.215516,0.1581184
