EwEVersion,"6.5.13829.0 (compiled 2016-05-17)"
Date,"2016-09-06 18:35:34"
ModelName,Baltic_Proper-SEALS
EcosimScenario,Proper1_SealVuln100_19742100_seal1_cofF1
TimeSeries,new_data_weights_19742100_BAU_WAR1_codF1_seal1
StartYear,1974

Data,"Prey of Acartia sp"

Year,"Cyanobacteria","Phytoplankton","microzooplankton","Detritus-water column",
1974,0.03805662,0.484624,0.2043771,0.2729423
1975,0.03776723,0.471392,0.2146822,0.2761586
1976,0.03096594,0.5148925,0.2226866,0.2314549
1977,0.03169974,0.497051,0.2276118,0.2436375
1978,0.03344092,0.4800322,0.2277308,0.258796
1979,0.03445768,0.472758,0.2253279,0.2674564
1980,0.03046948,0.5027424,0.2270674,0.2397207
1981,0.02984392,0.5000157,0.2309784,0.239162
1982,0.02854929,0.5061064,0.233752,0.2315923
1983,0.03061114,0.4882054,0.230202,0.2509814
1984,0.03018881,0.4924219,0.2297935,0.2475958
1985,0.03599152,0.4351805,0.2409934,0.2878345
1986,0.03100753,0.4913364,0.2281579,0.2494982
1987,0.04801816,0.3405202,0.2376225,0.3738391
1988,0.04407188,0.4071269,0.2116913,0.3371099
1989,0.04061235,0.4398105,0.2071045,0.3124727
1990,0.03828111,0.4545577,0.2142829,0.2928782
1991,0.04643369,0.3889889,0.2175105,0.3470669
1992,0.04028343,0.4517593,0.2068018,0.3011554
1993,0.04068587,0.4408928,0.2144611,0.3039602
1994,0.03778587,0.4605049,0.2201419,0.2815674
1995,0.03643505,0.4719086,0.2161116,0.2755447
1996,0.04362553,0.4073663,0.225556,0.3234521
1997,0.04781968,0.3899611,0.2125593,0.3496599
1998,0.04075364,0.4521963,0.2060805,0.3009695
1999,0.03322396,0.5003685,0.2149123,0.2514952
2000,0.04398329,0.4009569,0.2267507,0.3283092
2001,0.04575757,0.4059277,0.2119291,0.3363856
2002,0.04673083,0.4042955,0.2071797,0.3417939
2003,0.03428539,0.4924636,0.2194439,0.2538071
2004,0.04254144,0.4137261,0.2289134,0.314819
2005,0.04571481,0.4030614,0.2180571,0.3331667
2006,0.04666054,0.4050189,0.2091552,0.3391654
2007,0.04926486,0.3897801,0.2057536,0.3552015
2008,0.03977487,0.4633739,0.207365,0.2894862
2009,0.0389172,0.4585775,0.2165764,0.285929
2010,0.04632638,0.3951959,0.2251251,0.3333526
2011,0.04833413,0.3896132,0.2187296,0.3433231
2012,0.04803642,0.4036213,0.204244,0.3440982
2013,0.03744756,0.4782492,0.2118462,0.2724571
2014,0.04125978,0.4391029,0.2171073,0.3025301
2015,0.04460864,0.4195964,0.2116658,0.3241291
2016,0.04216263,0.443929,0.2064183,0.3074901
2017,0.04161271,0.4436265,0.2108685,0.3038924
2018,0.0419551,0.4394916,0.2128684,0.3056848
2019,0.04465372,0.420553,0.2111568,0.3236364
2020,0.04501746,0.4214758,0.2088157,0.324691
2021,0.04971142,0.3877309,0.2078469,0.3547108
2022,0.04427767,0.4349012,0.2035856,0.3172354
2023,0.04197136,0.4465168,0.2081749,0.303337
2024,0.04087581,0.4498339,0.2133178,0.2959725
2025,0.04744955,0.4007261,0.2109137,0.3409107
2026,0.04501612,0.4276887,0.2041555,0.3231395
2027,0.04485837,0.425757,0.2071535,0.3222311
2028,0.04010209,0.4602261,0.2094067,0.2902651
2029,0.03951644,0.4588946,0.2129176,0.2886713
2030,0.03930229,0.4570377,0.2160989,0.287561
2031,0.04342395,0.4256425,0.2147635,0.3161701
2032,0.03960707,0.4596296,0.2109918,0.2897715
2033,0.04086967,0.4439166,0.2159349,0.2992788
2034,0.0442155,0.4198477,0.215205,0.3207318
2035,0.04057683,0.4541103,0.2089476,0.2963652
2036,0.04703369,0.3980394,0.2158694,0.3390575
2037,0.0455584,0.4200305,0.2073223,0.3270888
2038,0.04000044,0.4612835,0.2077097,0.2910063
2039,0.03881049,0.4599192,0.2178153,0.283455
2040,0.04124088,0.4426762,0.2141541,0.3019288
2041,0.03525631,0.490254,0.2122483,0.2622414
2042,0.03864737,0.4516257,0.2222361,0.2874909
2043,0.04098891,0.4400671,0.2156258,0.3033182
2044,0.03997636,0.4519661,0.2116308,0.2964267
2045,0.04115727,0.439147,0.2164842,0.3032116
2046,0.03639181,0.4789169,0.2137078,0.2709834
2047,0.04254481,0.4226509,0.2207755,0.3140288
2048,0.03932093,0.4572898,0.2130689,0.2903202
2049,0.0395092,0.4529316,0.2142884,0.2932707
2050,0.04274363,0.4258049,0.2180484,0.3134031
2051,0.04310122,0.4317631,0.2095709,0.3155648
2052,0.03825495,0.4681722,0.2112108,0.2823621
2053,0.04075284,0.441013,0.2184152,0.299819
2054,0.04179848,0.4392227,0.2120465,0.3069324
2055,0.03460077,0.4940606,0.2127858,0.2585529
2056,0.03478278,0.4791631,0.2234553,0.2625989
2057,0.03677448,0.4629446,0.2226887,0.2775923
2058,0.04249375,0.423104,0.2165744,0.3178278
2059,0.03861968,0.4602621,0.212669,0.2884493
2060,0.03943549,0.4498844,0.2160275,0.2946526
2061,0.03905121,0.4541104,0.215924,0.2909143
2062,0.03823026,0.4610569,0.2150194,0.2856935
2063,0.03930325,0.4501408,0.2178578,0.2926981
2064,0.03971236,0.4496698,0.2153017,0.2953161
2065,0.03509448,0.4856107,0.2152026,0.2640923
2066,0.03314018,0.4920751,0.2219471,0.2528376
2067,0.03804702,0.448477,0.2247829,0.288693
2068,0.04041667,0.4395077,0.2158237,0.3042519
2069,0.03743595,0.4660132,0.2141894,0.2823615
2070,0.03700398,0.4645067,0.2191823,0.279307
2071,0.03648747,0.4687939,0.2186106,0.2761081
2072,0.03709468,0.4631908,0.2187402,0.2809743
2073,0.0383318,0.4538991,0.218683,0.2890861
2074,0.03702014,0.4662515,0.2172635,0.2794649
2075,0.03376675,0.488899,0.2198203,0.257514
2076,0.03760305,0.4518069,0.2251093,0.2854807
2077,0.03533301,0.4779328,0.2170769,0.2696573
2078,0.03452025,0.4796171,0.2206404,0.2652223
2079,0.0377586,0.4499903,0.2250255,0.2872256
2080,0.03599422,0.4725184,0.2164571,0.2750303
2081,0.03371494,0.4854782,0.2214864,0.2593205
2082,0.03537433,0.467574,0.225337,0.2717148
2083,0.03479359,0.476865,0.2199296,0.2684118
2084,0.0344981,0.4762204,0.2228013,0.2664803
2085,0.03386648,0.480609,0.2231094,0.2624151
2086,0.03405414,0.4785357,0.222466,0.2649441
2087,0.03498096,0.4698402,0.2238883,0.2712905
2088,0.03202831,0.4955405,0.2217616,0.2506695
2089,0.03155604,0.4931093,0.2260605,0.2492741
2090,0.03141056,0.4918938,0.2274086,0.2492871
2091,0.02802763,0.519071,0.2260004,0.2269008
2092,0.03274129,0.4655,0.2390306,0.2627281
2093,0.03353656,0.4737386,0.2240092,0.2687156
2094,0.03465518,0.4650064,0.2248709,0.2754675
2095,0.03499793,0.4645999,0.2250948,0.2753074
2096,0.03819161,0.443879,0.2203711,0.2975582
2097,0.03306241,0.4897743,0.2190629,0.2581005
2098,0.03726749,0.4486809,0.2250913,0.2889604
