EwEVersion,"6.5.13829.0 (compiled 2016-05-17)"
Date,"2016-09-06 18:35:34"
ModelName,Baltic_Proper-SEALS
EcosimScenario,Proper1_SealVuln100_19742100_seal1_cofF1
TimeSeries,new_data_weights_19742100_BAU_WAR1_codF1_seal1
StartYear,1974

Data,"Prey of JuvSprat"

Year,"Temora sp","Acartia sp","Pseudocalanus sp.","other mesozooplankton","Mysids",
1974,0.3451402,0.2707768,0.1844684,0.1990497,0.0005648402
1975,0.3250975,0.2538365,0.1871371,0.23335,0.0005787756
1976,0.2761258,0.2833386,0.1759867,0.264131,0.0004178401
1977,0.275221,0.2803826,0.1771964,0.2667021,0.0004977536
1978,0.269896,0.2996313,0.1700786,0.2600493,0.0003448435
1979,0.2636178,0.3084541,0.1802727,0.2472409,0.0004145102
1980,0.2468263,0.2965945,0.1925558,0.263527,0.0004963504
1981,0.2605394,0.2704063,0.1834121,0.2852356,0.0004065908
1982,0.2564649,0.2900038,0.1636426,0.2897026,0.0001861056
1983,0.294487,0.281399,0.169222,0.2545244,0.0003677589
1984,0.2757836,0.2835797,0.1722284,0.2679752,0.0004331055
1985,0.08639252,0.3691464,0.222342,0.3217172,0.0004018953
1986,0.2328146,0.3183172,0.1995986,0.248779,0.0004904668
1987,0.08856414,0.3633146,0.290276,0.2570094,0.0008358572
1988,0.281819,0.3265213,0.2083598,0.1829248,0.0003751279
1989,0.3423318,0.258968,0.2187569,0.179093,0.0008504399
1990,0.3146132,0.2665181,0.1952927,0.2229427,0.0006333584
1991,0.2917738,0.3195312,0.1864415,0.201893,0.0003604368
1992,0.3457266,0.2901208,0.1753132,0.1882999,0.0005394365
1993,0.2963585,0.2824939,0.2035037,0.2167773,0.0008666607
1994,0.2437358,0.3038847,0.2075773,0.2441069,0.0006953361
1995,0.3272914,0.2741001,0.1843192,0.2136744,0.0006149562
1996,0.1783773,0.3348428,0.2354494,0.2506794,0.0006510487
1997,0.2641739,0.3309515,0.2164816,0.1878323,0.0005606441
1998,0.3232546,0.2784025,0.2113185,0.1862132,0.0008111238
1999,0.3191396,0.2523681,0.2078328,0.2196933,0.0009662083
2000,0.2331279,0.2920122,0.2350823,0.2387512,0.001026382
2001,0.291609,0.3262299,0.1947613,0.1869374,0.0004624444
2002,0.2986826,0.3045106,0.2135968,0.1823982,0.0008117422
2003,0.2131002,0.2943326,0.2309599,0.260634,0.0009732638
2004,0.2050195,0.3022025,0.2369483,0.2548302,0.0009995102
2005,0.2298789,0.3501294,0.2100729,0.2094634,0.0004553359
2006,0.2748786,0.3227256,0.2136242,0.1880817,0.0006898889
2007,0.3156343,0.2955805,0.2076565,0.1803959,0.0007328444
2008,0.3238987,0.2817154,0.1898412,0.2039572,0.0005875364
2009,0.2914834,0.2795891,0.1930091,0.2353625,0.0005557937
2010,0.1628422,0.3710641,0.2222337,0.2435594,0.0003006304
2011,0.09854258,0.4129096,0.2620641,0.2260914,0.0003923032
2012,0.3086684,0.3054363,0.2143745,0.1708776,0.0006431889
2013,0.2763678,0.2805844,0.2115278,0.2308576,0.0006624419
2014,0.310845,0.276866,0.1893548,0.2224438,0.0004903965
2015,0.319276,0.3104548,0.1711721,0.1988011,0.000296016
2016,0.3402131,0.2904176,0.1747495,0.1941172,0.0005025892
2017,0.3164721,0.2815166,0.1829749,0.218414,0.0006224877
2018,0.3151722,0.2954876,0.1701871,0.2187001,0.0004530395
2019,0.3120085,0.3082362,0.1727379,0.2065734,0.0004438864
2020,0.3126898,0.3079966,0.1748505,0.2039938,0.0004692822
2021,0.3078314,0.3180003,0.1821512,0.1915208,0.0004964135
2022,0.3326115,0.2985486,0.1757688,0.1925534,0.0005176498
2023,0.3259019,0.2795356,0.1782751,0.2157538,0.0005336643
2024,0.3087988,0.2941494,0.1689187,0.2277663,0.0003668699
2025,0.3127521,0.3143795,0.1748483,0.1976354,0.0003847032
2026,0.3368834,0.3019096,0.1707461,0.1900337,0.0004271804
2027,0.3221838,0.2920233,0.1792298,0.2060436,0.0005194473
2028,0.3293367,0.2880705,0.1659673,0.2161998,0.000425756
2029,0.3257488,0.2798832,0.1655647,0.2283855,0.0004177766
2030,0.3081188,0.2964124,0.1602954,0.2348556,0.0003177932
2031,0.3050203,0.3106552,0.1658916,0.2180391,0.0003936916
2032,0.3245382,0.2963245,0.1599842,0.2187126,0.0004404792
2033,0.3023908,0.2872176,0.1688029,0.2411451,0.0004435331
2034,0.2991963,0.3208247,0.1633373,0.2162725,0.0003691625
2035,0.3295123,0.292868,0.1655756,0.2115229,0.0005211205
2036,0.2901046,0.2945971,0.1836183,0.2312459,0.0004341129
2037,0.3245497,0.3146885,0.1691322,0.1911881,0.000441601
2038,0.3290316,0.2741763,0.1762356,0.2199414,0.0006150679
2039,0.3045834,0.2630915,0.1718987,0.2600235,0.0004029628
2040,0.3272859,0.3021,0.1588002,0.2114287,0.0003853004
2041,0.3390752,0.2735522,0.1580684,0.2288465,0.0004576774
2042,0.3105707,0.2296244,0.1777737,0.2816522,0.0003788845
2043,0.3240404,0.311616,0.1526072,0.2114162,0.0003201883
2044,0.3244629,0.2902143,0.164516,0.2202987,0.0005080766
2045,0.3042624,0.2915383,0.1647355,0.2391132,0.0003506533
2046,0.3352432,0.2864048,0.1540749,0.2238833,0.0003938329
2047,0.2960168,0.2597754,0.1815883,0.2622528,0.000366716
2048,0.329839,0.3044,0.1544071,0.2110091,0.0003447687
2049,0.3142567,0.2751957,0.1731334,0.2368772,0.0005369931
2050,0.2999282,0.3051074,0.1635277,0.2311472,0.0002894886
2051,0.3256027,0.3014971,0.1704592,0.2019544,0.0004865965
2052,0.3262548,0.2766049,0.1682243,0.2284354,0.0004806142
2053,0.3043189,0.2856599,0.1670195,0.2426761,0.0003255705
2054,0.327985,0.3038467,0.1616957,0.2060734,0.0003991982
2055,0.3316598,0.2691025,0.1641465,0.2345391,0.0005520284
2056,0.3387462,0.1529658,0.1866328,0.3212048,0.0004505452
2057,0.3162983,0.2817788,0.1539599,0.2476615,0.0003014208
2058,0.3097982,0.3068802,0.1625479,0.2203192,0.0004545614
2059,0.3262765,0.2959439,0.1547758,0.222602,0.0004018739
2060,0.3172734,0.2819004,0.1624347,0.2379976,0.0003939218
2061,0.322242,0.2980264,0.1522992,0.2271525,0.000280049
2062,0.3210518,0.2878376,0.1598619,0.2308392,0.0004095362
2063,0.3045086,0.2928608,0.1612598,0.2410043,0.0003666136
2064,0.3178848,0.2986679,0.1590141,0.2240245,0.0004088227
2065,0.3255632,0.2754394,0.1589891,0.2395332,0.0004751963
2066,0.3166016,0.2473915,0.158584,0.2770385,0.0003844016
2067,0.2960962,0.3066277,0.1501584,0.2468565,0.0002612302
2068,0.3155805,0.3087499,0.1567945,0.2184808,0.0003942678
2069,0.3253669,0.2842335,0.1579082,0.2320596,0.0004317374
2070,0.3118714,0.2790969,0.1573245,0.2513636,0.0003436305
2071,0.3179102,0.2937399,0.1518998,0.2361176,0.0003325069
2072,0.3121996,0.2847955,0.1580326,0.2445913,0.0003810756
2073,0.3162882,0.2943421,0.1525706,0.2364992,0.00029993
2074,0.3142828,0.2925787,0.1556565,0.2371145,0.0003674371
2075,0.3142523,0.2722362,0.1540799,0.2590274,0.000404297
2076,0.2975527,0.2803527,0.1561412,0.265679,0.0002742198
2077,0.3343771,0.294101,0.1451105,0.2260503,0.0003611296
2078,0.3149672,0.2476728,0.1620117,0.274923,0.0004252973
2079,0.3100808,0.2658035,0.1571608,0.2667293,0.0002255705
2080,0.3279447,0.2898227,0.1539465,0.227853,0.0004330979
2081,0.3122631,0.2384756,0.1641679,0.2846721,0.000421265
2082,0.3186018,0.2607092,0.1526146,0.2677992,0.0002752425
2083,0.3196304,0.2891129,0.1501604,0.2406906,0.0004057157
2084,0.3061722,0.2672726,0.1551355,0.2710503,0.0003693465
2085,0.3131569,0.2900215,0.1445797,0.2519026,0.0003392709
2086,0.3131273,0.2780448,0.1498761,0.25856,0.0003917257
2087,0.3057256,0.2870278,0.1471057,0.2598305,0.0003103649
2088,0.3205363,0.2806175,0.1455365,0.2529167,0.0003929873
2089,0.3188817,0.218497,0.1582576,0.3039856,0.0003781223
2090,0.3307905,0.2457315,0.1436472,0.2795703,0.0002604305
2091,0.3188146,0.2641692,0.1406629,0.2759551,0.0003982408
2092,0.2419305,0.2937829,0.1480467,0.3159931,0.0002467645
2093,0.3187669,0.3303225,0.1306166,0.2199997,0.0002943759
2094,0.3185059,0.19059,0.1758666,0.3145883,0.0004492646
2095,0.3449046,0.2334299,0.1532019,0.2681502,0.0003132763
2096,0.3105408,0.2899481,0.1586342,0.2404322,0.0004447506
2097,0.3272606,0.2765785,0.1474147,0.2483745,0.0003716022
2098,0.3048481,0.2555647,0.1652413,0.2739798,0.0003662026
