EwEVersion,"6.5.13829.0 (compiled 2016-05-17)"
Date,"2016-09-06 18:44:37"
ModelName,Baltic_Proper-SEALS
EcosimScenario,Proper1_SealVuln100_19742100_seal0_cofF1
TimeSeries,new_data_weights_19742100_BAU_WAR1_codF1_seal0
StartYear,1974

Data,"Prey of Cod larvae"

TimeStep,"Temora sp","Acartia sp","Pseudocalanus sp.",
1,0.1079206,0.1002676,0.7918118
2,0.1141323,0.1024312,0.7834365
3,0.1163488,0.1016292,0.7820219
4,0.1165551,0.1003183,0.7831266
5,0.1157019,0.09866481,0.7856333
6,0.1143675,0.09697758,0.7886549
7,0.1128841,0.095458,0.7916579
8,0.111417,0.09417872,0.7944043
9,0.1100314,0.09313831,0.7968302
10,0.1087406,0.09230437,0.7989549
11,0.107536,0.09163693,0.800827
12,0.1064044,0.09109852,0.8024971
13,0.1098771,0.09123518,0.7988877
14,0.1071031,0.09022536,0.8026715
15,0.1057372,0.08990478,0.804358
16,0.1047977,0.08955632,0.805646
17,0.1041137,0.08918735,0.8066989
18,0.1036687,0.08885358,0.8074777
19,0.1034871,0.08863287,0.80788
20,0.1036145,0.0887285,0.807657
21,0.1040879,0.08939309,0.8065191
22,0.1049105,0.09087361,0.8042159
23,0.1060425,0.09334081,0.8006167
24,0.1074082,0.09678238,0.7958094
25,0.074864,0.09317447,0.8319615
26,0.08790672,0.1007995,0.8112938
27,0.09150033,0.105066,0.8034337
28,0.09421317,0.1099896,0.7957972
29,0.09619444,0.112416,0.7913895
30,0.09759029,0.1124855,0.7899243
31,0.09850062,0.1112971,0.7902022
32,0.09907398,0.1099095,0.7910165
33,0.09934276,0.1084761,0.7921812
34,0.09939007,0.1072373,0.7933726
35,0.09927991,0.1062484,0.7944717
36,0.09905795,0.1054935,0.7954485
37,0.09820616,0.1053699,0.7964239
38,0.09620634,0.1043912,0.7994024
39,0.09508108,0.104027,0.800892
40,0.09432162,0.1039108,0.8017676
41,0.09376384,0.1039994,0.8022368
42,0.09333955,0.1042651,0.8023953
43,0.09302046,0.1046856,0.802294
44,0.09268634,0.1048901,0.8024236
45,0.09245195,0.1053709,0.8021772
46,0.09233656,0.1061114,0.801552
47,0.0923553,0.1071033,0.8005414
48,0.0925156,0.1083108,0.7991737
49,0.0929316,0.1115809,0.7954875
50,0.09167202,0.1122875,0.7960405
51,0.09141761,0.113076,0.7955064
52,0.09165571,0.1139048,0.7944396
53,0.09223893,0.1148837,0.7928774
54,0.0930738,0.1158911,0.791035
55,0.09408236,0.1167399,0.7891777
56,0.0952798,0.1175388,0.7871813
57,0.09651152,0.1178815,0.785607
58,0.09770507,0.1178495,0.7844454
59,0.09880087,0.1175239,0.7836753
60,0.09975964,0.1169907,0.7832496
61,0.0879424,0.1163223,0.7957352
62,0.0872246,0.1161772,0.7965983
63,0.08693174,0.1152145,0.7978537
64,0.0870295,0.1146242,0.7983463
65,0.08732837,0.1142124,0.7984592
66,0.08772466,0.1138463,0.798429
67,0.08815974,0.1134703,0.7983699
68,0.08851042,0.1128327,0.7986568
69,0.08880329,0.1121741,0.7990227
70,0.08903536,0.1114669,0.7994977
71,0.08920178,0.1107201,0.800078
72,0.08930009,0.1099476,0.8007523
73,0.07894268,0.1086852,0.8123721
74,0.07880362,0.1098645,0.8113319
75,0.07956826,0.1086039,0.8118278
76,0.08031571,0.1072842,0.8124002
77,0.08070356,0.1059632,0.8133332
78,0.08069181,0.104675,0.8146332
79,0.08033496,0.1034813,0.8161837
80,0.07971007,0.102424,0.8178658
81,0.07886852,0.1015165,0.819615
82,0.07785496,0.10077,0.8213751
83,0.07670554,0.1001872,0.8231073
84,0.07545085,0.09976794,0.8247812
85,0.0909972,0.1000639,0.8089389
86,0.09178799,0.09877569,0.8094362
87,0.09125133,0.09939699,0.8093517
88,0.09036077,0.09952717,0.8101121
89,0.08926184,0.09943099,0.8113071
90,0.08804943,0.0993094,0.8126412
91,0.08679499,0.09924016,0.8139648
92,0.08552162,0.09916243,0.8153159
93,0.08430991,0.09918508,0.816505
94,0.08322543,0.09939166,0.8173829
95,0.08232473,0.09990828,0.817767
96,0.08165595,0.1009179,0.8174262
97,0.08628522,0.1031376,0.8105772
98,0.08724121,0.1053339,0.8074248
99,0.08841681,0.1097203,0.8018628
100,0.0896752,0.1144404,0.7958844
101,0.09107756,0.1185156,0.7904068
102,0.09263119,0.121317,0.7860518
103,0.09427577,0.1226384,0.7830858
104,0.09595914,0.1228351,0.7812057
105,0.09750739,0.1220168,0.7804758
106,0.09879867,0.1205602,0.7806411
107,0.09975763,0.1187737,0.7814686
108,0.1003616,0.1168732,0.7827652
109,0.1099947,0.115296,0.7747094
110,0.1066909,0.1127019,0.7806072
111,0.1050978,0.1111153,0.7837868
112,0.1040487,0.1096569,0.7862944
113,0.1032732,0.1084979,0.7882289
114,0.1026585,0.1076117,0.7897299
115,0.1021434,0.1069234,0.7909333
116,0.1018552,0.1067322,0.7914127
117,0.1016678,0.1066369,0.7916954
118,0.1015391,0.1066257,0.7918352
119,0.1014529,0.1066909,0.7918562
120,0.101404,0.1068271,0.791769
121,0.09442579,0.1063122,0.799262
122,0.09557891,0.1072362,0.7971848
123,0.0958358,0.1074288,0.7967354
124,0.09599181,0.1078424,0.7961658
125,0.09611452,0.1082901,0.7955953
126,0.09622352,0.1087039,0.7950726
127,0.09632904,0.109081,0.79459
128,0.09639088,0.1093734,0.7942357
129,0.09644631,0.1096409,0.7939128
130,0.09650366,0.1098857,0.7936106
131,0.09656535,0.1101134,0.7933212
132,0.09663241,0.1103308,0.7930368
133,0.05247233,0.1093688,0.8381589
134,0.04422392,0.1111245,0.8446515
135,0.03556015,0.1092778,0.855162
136,0.02875414,0.1091499,0.862096
137,0.02345354,0.1107838,0.8657627
138,0.0194862,0.1139668,0.866547
139,0.01676237,0.118223,0.8650146
140,0.0151935,0.1224085,0.862398
141,0.01476639,0.1260159,0.8592176
142,0.01552287,0.1282753,0.8562018
143,0.01756366,0.1289868,0.8534496
144,0.02098331,0.1283303,0.8506864
145,0.03374868,0.1270201,0.8392313
146,0.04913974,0.1252016,0.8256587
147,0.06325436,0.1208308,0.8159148
148,0.07318548,0.1161107,0.8107038
149,0.07882935,0.1117074,0.8094632
150,0.08146588,0.1078872,0.8106469
151,0.08236007,0.1046775,0.8129625
152,0.08233301,0.1019875,0.8156796
153,0.08181318,0.09968982,0.8184969
154,0.08101401,0.09768789,0.8212981
155,0.08003213,0.09590849,0.8240594
156,0.07890755,0.09430602,0.8267863
157,0.06497585,0.09220359,0.8428206
158,0.05234007,0.08592807,0.8617318
159,0.04170196,0.08403487,0.8742631
160,0.03240049,0.08374189,0.8838576
161,0.02416125,0.0841275,0.8917112
162,0.01704634,0.08501326,0.8979404
163,0.01127132,0.08664456,0.9020841
164,0.006989677,0.08945742,0.9035528
165,0.004137991,0.09395751,0.9019045
166,0.00242277,0.1001667,0.8974105
167,0.001465715,0.1072578,0.8912765
168,0.0009541964,0.1137871,0.8852587
169,0.005280766,0.1315348,0.8631845
170,0.02865683,0.1292255,0.8421177
171,0.06587479,0.1224898,0.8116354
172,0.09072661,0.1163576,0.7929158
173,0.1033868,0.1104739,0.7861392
174,0.1077785,0.1047726,0.7874489
175,0.1078556,0.09965936,0.7924851
176,0.1059401,0.0953621,0.7986978
177,0.1033534,0.09192516,0.8047214
178,0.1007364,0.08921684,0.8100468
179,0.09833441,0.08707246,0.8145931
180,0.09619998,0.08534954,0.8184505
181,0.1006972,0.08421917,0.8150837
182,0.1016384,0.08357067,0.8147908
183,0.1013475,0.08257137,0.8160812
184,0.1004181,0.08153496,0.818047
185,0.09920374,0.08060599,0.8201903
186,0.09790375,0.07985411,0.8222421
187,0.09662333,0.0793115,0.8240652
188,0.09543369,0.07905385,0.8255125
189,0.09435491,0.07904999,0.8265951
190,0.09337279,0.07929921,0.827328
191,0.09247315,0.0798127,0.8277141
192,0.09164709,0.08061685,0.827736
193,0.09639942,0.08175516,0.8218454
194,0.09691464,0.08337367,0.8197117
195,0.09719743,0.08522235,0.8175802
196,0.09737527,0.08706154,0.8155632
197,0.09756021,0.08891027,0.8135295
198,0.09782106,0.09079741,0.8113815
199,0.0981954,0.09274317,0.8090614
200,0.09865621,0.09465358,0.8066902
201,0.09925029,0.09668858,0.8040611
202,0.09998304,0.09880959,0.8012074
203,0.1008428,0.1009482,0.798209
204,0.1018039,0.1030067,0.7951894
205,0.0973274,0.1073829,0.7952898
206,0.09231182,0.1073788,0.8003094
207,0.08990862,0.1074914,0.8026
208,0.08900356,0.1083435,0.802653
209,0.08909726,0.1099585,0.8009442
210,0.08990432,0.1120466,0.798049
211,0.09123474,0.1141884,0.7945769
212,0.09312757,0.1163995,0.790473
213,0.09524085,0.1177588,0.7870004
214,0.09738264,0.1182928,0.7843246
215,0.09936293,0.1181071,0.78253
216,0.1010346,0.1173968,0.7815686
217,0.1121079,0.1160583,0.7718338
218,0.1177535,0.1160403,0.7662062
219,0.1199521,0.1140438,0.7660041
220,0.1201402,0.1115766,0.7682832
221,0.1192886,0.109101,0.7716104
222,0.1180133,0.1068776,0.7751091
223,0.1166492,0.1049842,0.7783666
224,0.1153453,0.103396,0.7812586
225,0.1141296,0.1020185,0.7838519
226,0.1129885,0.1007798,0.7862318
227,0.1118943,0.09962609,0.7884796
228,0.1108206,0.09852081,0.7906585
229,0.09800709,0.09712892,0.8048639
230,0.09540065,0.09608926,0.8085101
231,0.0933316,0.09488568,0.8117828
232,0.09167857,0.09392448,0.8143969
233,0.09028311,0.09319595,0.816521
234,0.08907343,0.09268638,0.8182402
235,0.088028,0.09240814,0.8195638
236,0.08714996,0.09239524,0.8204548
237,0.08645761,0.09271447,0.820828
238,0.08597025,0.09337727,0.8206525
239,0.08570199,0.09435523,0.8199428
240,0.08565713,0.09557611,0.8187668
241,0.0701355,0.09466027,0.8352042
242,0.07003227,0.09838381,0.8315839
243,0.07031819,0.09929015,0.8303916
244,0.07111542,0.1003837,0.8285009
245,0.07208394,0.101275,0.826641
246,0.07305337,0.1018058,0.8251408
247,0.07394121,0.1020337,0.824025
248,0.07467467,0.1019237,0.8234016
249,0.07526919,0.1017404,0.8229904
250,0.07574093,0.1015052,0.8227538
251,0.07610778,0.1012466,0.8226457
252,0.0763876,0.1009824,0.82263
253,0.1054584,0.1014083,0.7931333
254,0.1074236,0.09994658,0.7926298
255,0.1078255,0.1002377,0.7919369
256,0.1078816,0.0998067,0.7923117
257,0.1076798,0.09910019,0.79322
258,0.1073336,0.09836942,0.7942969
259,0.1069203,0.09770022,0.7953795
260,0.1064801,0.09713497,0.7963849
261,0.1060409,0.09664129,0.7973179
262,0.1056162,0.09622419,0.7981597
263,0.1052149,0.09588277,0.7989023
264,0.1048448,0.0956164,0.7995389
265,0.06982788,0.0948661,0.835306
266,0.06252317,0.09449417,0.8429826
267,0.0558077,0.09320959,0.8509827
268,0.05063264,0.09311987,0.8562475
269,0.04660339,0.09412809,0.8592685
270,0.04355582,0.09613215,0.860312
271,0.04149119,0.0990118,0.859497
272,0.04051349,0.1026454,0.8568411
273,0.0406873,0.1061955,0.8531172
274,0.04202636,0.1091016,0.848872
275,0.04444061,0.1109764,0.844583
276,0.04770011,0.1117475,0.8405524
277,0.06097607,0.1126194,0.8264046
278,0.06840029,0.1100398,0.82156
279,0.07255659,0.1088188,0.8186246
280,0.07517722,0.107483,0.8173398
281,0.07690354,0.1060895,0.8170069
282,0.07803648,0.1047022,0.8172613
283,0.07874612,0.1033475,0.8179063
284,0.07912385,0.1019771,0.818899
285,0.07924778,0.1006336,0.8201187
286,0.07917738,0.09932462,0.821498
287,0.07895742,0.09805631,0.8229863
288,0.0786213,0.09683258,0.8245461
289,0.08946231,0.09694946,0.8135882
290,0.09505979,0.0967662,0.8081741
291,0.0976653,0.0950607,0.807274
292,0.09830883,0.09305522,0.808636
293,0.09789064,0.09109519,0.8110141
294,0.09695575,0.0893086,0.8137356
295,0.0957959,0.08773617,0.8164679
296,0.0945426,0.08637856,0.8190789
297,0.09328232,0.0852357,0.8214819
298,0.09204267,0.08428362,0.8236737
299,0.09083422,0.08350791,0.8256579
300,0.08966257,0.08290144,0.827436
301,0.09481229,0.0835892,0.8215985
302,0.09793396,0.08471173,0.8173543
303,0.0988672,0.08440867,0.8167241
304,0.0986083,0.08390763,0.817484
305,0.09778709,0.08335783,0.8188551
306,0.0967366,0.08284444,0.8204189
307,0.09562597,0.08242728,0.8219468
308,0.09453457,0.0820095,0.8234559
309,0.09345408,0.08173878,0.8248071
310,0.09242945,0.08162487,0.8259456
311,0.09148471,0.08165404,0.8268613
312,0.09063164,0.08180339,0.827565
313,0.08332299,0.08400916,0.8326678
314,0.07376876,0.08133192,0.8448993
315,0.06799873,0.07982941,0.8521718
316,0.06401356,0.07876056,0.857226
317,0.06110999,0.07812396,0.8607661
318,0.0590021,0.07826275,0.8627352
319,0.05760026,0.07984209,0.8625576
320,0.05700396,0.08420505,0.858791
321,0.05725464,0.09103265,0.8517128
322,0.05846121,0.09936642,0.8421724
323,0.0606994,0.1072534,0.8320472
324,0.06392009,0.1129186,0.8231613
325,0.07330377,0.1170623,0.809634
326,0.07950361,0.1168352,0.8036612
327,0.08455286,0.1163318,0.7991153
328,0.08858669,0.1151234,0.7962899
329,0.09160147,0.1136348,0.7947637
330,0.09367623,0.1120816,0.7942421
331,0.09496292,0.1105647,0.7944724
332,0.09556538,0.1089789,0.7954557
333,0.09571071,0.1075213,0.796768
334,0.09554832,0.1061636,0.798288
335,0.09518351,0.1048972,0.7999194
336,0.09468391,0.1037033,0.8016127
337,0.09203598,0.1020893,0.8058746
338,0.09062731,0.1010669,0.8083057
339,0.08953176,0.1000794,0.8103889
340,0.08857558,0.09910489,0.8123195
341,0.08766239,0.09811571,0.8142219
342,0.08673894,0.09710174,0.8161593
343,0.08577949,0.09606747,0.818153
344,0.08483943,0.09516275,0.8199978
345,0.08387829,0.09426588,0.8218558
346,0.08289142,0.09340645,0.8237021
347,0.08188827,0.09260808,0.8255036
348,0.08088604,0.09189684,0.8272171
349,0.0608336,0.08993222,0.8492342
350,0.05813358,0.09461085,0.8472555
351,0.05814299,0.09303208,0.848825
352,0.05916316,0.09200073,0.8488361
353,0.0601139,0.09117968,0.8487064
354,0.06064126,0.09033756,0.8490211
355,0.06070326,0.08950852,0.8497882
356,0.06036425,0.08882562,0.8508101
357,0.05970908,0.08823204,0.8520588
358,0.05880615,0.08775353,0.8534403
359,0.05770965,0.08738943,0.8549009
360,0.05646197,0.0871317,0.8564063
361,0.07105995,0.09096611,0.8379739
362,0.0676344,0.08599833,0.8463673
363,0.06304981,0.0853783,0.8515719
364,0.05927971,0.08479619,0.8559241
365,0.05608977,0.08422563,0.8596846
366,0.05339744,0.0840721,0.8625305
367,0.05122486,0.08483143,0.8639437
368,0.04963065,0.08687352,0.8634958
369,0.04874889,0.09084189,0.8604093
370,0.04871828,0.09655295,0.8547288
371,0.04966272,0.1030554,0.8472819
372,0.05164434,0.1089419,0.8394138
373,0.05160795,0.1141157,0.8342764
374,0.05392067,0.1157151,0.8303642
375,0.05720408,0.1161462,0.8266498
376,0.06096302,0.1160131,0.8230238
377,0.06478767,0.1155258,0.8196865
378,0.06835221,0.1147821,0.8168657
379,0.0714393,0.113853,0.8147077
380,0.07397039,0.1128524,0.8131772
381,0.0759114,0.1117682,0.8123204
382,0.07730445,0.1106618,0.8120338
383,0.07823426,0.1095781,0.8121877
384,0.078798,0.1085453,0.8126568
385,0.08107772,0.1072313,0.811691
386,0.08165547,0.1062694,0.8120751
387,0.08169959,0.1054332,0.8128672
388,0.08147583,0.1046275,0.8138966
389,0.08108582,0.1038384,0.8150758
390,0.08057059,0.103064,0.8163654
391,0.07994789,0.1023053,0.8177468
392,0.07916745,0.1014294,0.8194031
393,0.0782665,0.1005599,0.8211735
394,0.07726419,0.09969409,0.8230417
395,0.07617527,0.09884214,0.8249826
396,0.07501522,0.09801994,0.8269649
397,0.09455838,0.09794862,0.807493
398,0.09546883,0.09535746,0.8091738
399,0.09478545,0.09530335,0.8099113
400,0.09404743,0.09514478,0.8108078
401,0.09335269,0.09490535,0.8117419
402,0.09274098,0.09474455,0.8125145
403,0.09224119,0.0947483,0.8130105
404,0.09189463,0.09506668,0.8130388
405,0.09170643,0.09557203,0.8127215
406,0.0916814,0.09625041,0.8120682
407,0.09181616,0.09705563,0.8111283
408,0.09209957,0.0979276,0.8099728
409,0.09486827,0.09812477,0.807007
410,0.1007409,0.1010265,0.7982326
411,0.1038729,0.1014555,0.7946716
412,0.10542,0.1013761,0.7932039
413,0.105905,0.1006049,0.7934902
414,0.1057082,0.09947859,0.7948132
415,0.1051069,0.09831079,0.7965823
416,0.1043229,0.09730648,0.7983707
417,0.1034595,0.0965113,0.8000292
418,0.1025778,0.09591268,0.8015095
419,0.10171,0.09548514,0.8028048
420,0.1008717,0.0952011,0.8039272
421,0.09511313,0.09433062,0.8105562
422,0.09418662,0.09465913,0.8111543
423,0.09318469,0.09458596,0.8122294
424,0.09237119,0.09470475,0.812924
425,0.09175085,0.09502604,0.8132231
426,0.09131637,0.09555337,0.8131302
427,0.09106963,0.09631632,0.812614
428,0.09101339,0.09736802,0.8116186
429,0.09117256,0.098809,0.8100185
430,0.09155373,0.1006336,0.8078127
431,0.09215526,0.1027546,0.8050901
432,0.09296568,0.105002,0.8020323
433,0.05787167,0.1074434,0.8346849
434,0.0519698,0.1098778,0.8381525
435,0.04599022,0.1087525,0.8452573
436,0.0417366,0.1096143,0.848649
437,0.03898513,0.1120898,0.8489251
438,0.03772198,0.1154397,0.8468384
439,0.03802534,0.1187747,0.8432
440,0.0400266,0.1215886,0.8383847
441,0.04360902,0.1229648,0.8334261
442,0.04842182,0.1231062,0.828472
443,0.05388968,0.1223348,0.8237755
444,0.05933746,0.1209823,0.8196802
445,0.04106174,0.1169444,0.8419939
446,0.03284587,0.1176595,0.8494946
447,0.02804078,0.1167908,0.8551683
448,0.02510682,0.1158094,0.8590838
449,0.02326462,0.1148335,0.8619019
450,0.02209927,0.1138498,0.864051
451,0.02137095,0.1128452,0.8657838
452,0.02091501,0.1117208,0.8673643
453,0.02063616,0.1105568,0.8688071
454,0.02046905,0.1093533,0.8701776
455,0.02036661,0.1081204,0.871513
456,0.02029451,0.1068696,0.8728359
457,0.05897326,0.1066213,0.8344054
458,0.08220839,0.1022156,0.8155761
459,0.09226045,0.1002405,0.807499
460,0.09544533,0.09887324,0.8056815
461,0.09599173,0.09756531,0.8064429
462,0.09543961,0.09626964,0.8082908
463,0.09438726,0.09502035,0.8105924
464,0.09307945,0.09382705,0.8130935
465,0.09163831,0.09273415,0.8156275
466,0.09012424,0.0917609,0.8181148
467,0.08857464,0.09092744,0.8204978
468,0.08704308,0.09027879,0.8226781
469,0.08125816,0.0904354,0.8283065
470,0.08258996,0.09294982,0.8244602
471,0.08360881,0.0921176,0.8242736
472,0.08396812,0.09159659,0.8244354
473,0.08377719,0.09122327,0.8249996
474,0.08322103,0.09085347,0.8259255
475,0.08244137,0.09051405,0.8270446
476,0.0815236,0.09030136,0.8281751
477,0.08053514,0.09027975,0.8291851
478,0.07954079,0.09047359,0.8299856
479,0.07858165,0.09086762,0.8305507
480,0.07768847,0.09143739,0.8308741
481,0.1023385,0.09387809,0.8037834
482,0.08839675,0.09109942,0.8205039
483,0.08125134,0.09090302,0.8278456
484,0.07715257,0.09017169,0.8326758
485,0.07471312,0.08951621,0.8357707
486,0.07346164,0.08962829,0.8369101
487,0.07319154,0.09152128,0.8352872
488,0.07392925,0.09694394,0.8291268
489,0.07553236,0.1057139,0.8187537
490,0.07810517,0.1161081,0.8057867
491,0.08178581,0.1247514,0.7934629
492,0.08685154,0.129621,0.7835274
493,0.08757186,0.1299781,0.7824501
494,0.09134931,0.1277101,0.7809407
495,0.0951492,0.1252008,0.77965
496,0.09836106,0.1227056,0.7789333
497,0.1006777,0.1202232,0.779099
498,0.1020312,0.1177761,0.7801927
499,0.1025188,0.1154166,0.7820646
500,0.10226,0.1130591,0.7846808
501,0.1015378,0.1109417,0.7875205
502,0.1005562,0.1090486,0.7903951
503,0.09946193,0.1073733,0.7931647
504,0.09834918,0.1058957,0.7957551
505,0.09710442,0.104095,0.7988006
506,0.09777229,0.1038943,0.7983335
507,0.09798332,0.1024426,0.799574
508,0.09761184,0.1007583,0.8016298
509,0.09684204,0.0991345,0.8040234
510,0.09586305,0.09766076,0.8064761
511,0.09480243,0.09636129,0.8088362
512,0.09376851,0.0952976,0.8109338
513,0.09276961,0.09439362,0.8128368
514,0.091816,0.09364614,0.8145379
515,0.0909117,0.09304793,0.8160404
516,0.09005909,0.09259781,0.8173431
517,0.08404339,0.09084846,0.8251082
518,0.07908308,0.08976885,0.8311481
519,0.07550431,0.08985446,0.8346412
520,0.07288348,0.09056426,0.8365522
521,0.07099876,0.09178936,0.8372119
522,0.06973543,0.09348983,0.8367747
523,0.06904162,0.09561672,0.8353416
524,0.068902,0.09808657,0.8330114
525,0.06931105,0.1007175,0.8299715
526,0.07025199,0.1032651,0.8264829
527,0.07167391,0.1054598,0.8228663
528,0.07347769,0.1070877,0.8194345
529,0.07797166,0.1081461,0.8138822
530,0.07932609,0.1076654,0.8130085
531,0.08029853,0.1076241,0.8120774
532,0.08118177,0.1073303,0.811488
533,0.08200506,0.1068646,0.8111303
534,0.08274194,0.1062629,0.8109951
535,0.08335692,0.1055469,0.8110961
536,0.08381436,0.1046981,0.8114876
537,0.08410998,0.1037983,0.8120917
538,0.08425277,0.1028735,0.8128737
539,0.08426125,0.1019531,0.8137857
540,0.08415912,0.1010613,0.8147796
541,0.07723045,0.09877034,0.8239992
542,0.07746607,0.1005123,0.8220216
543,0.07874566,0.09921846,0.8220358
544,0.07972144,0.09734657,0.822932
545,0.08008612,0.09548648,0.8244274
546,0.07994045,0.09380964,0.82625
547,0.0794622,0.09237584,0.828162
548,0.07879706,0.09121008,0.8299929
549,0.0780379,0.09028,0.831682
550,0.07723618,0.08956212,0.8332018
551,0.07641748,0.08903123,0.8345513
552,0.0755932,0.08866644,0.8357403
553,0.08407961,0.08866317,0.8272573
554,0.08394296,0.08731194,0.8287451
555,0.08304732,0.08755232,0.8294004
556,0.08219476,0.08808428,0.829721
557,0.08149336,0.08875413,0.8297525
558,0.08094931,0.08955913,0.8294916
559,0.08055291,0.09050407,0.828943
560,0.0802993,0.09159704,0.8281036
561,0.08018921,0.09282696,0.8269838
562,0.08022752,0.09418316,0.8255894
563,0.08041898,0.09563155,0.8239495
564,0.08076362,0.09711729,0.8221191
565,0.08470643,0.0996915,0.8156021
566,0.08795372,0.1012612,0.8107851
567,0.09032536,0.1021342,0.8075405
568,0.09200238,0.1024939,0.8055037
569,0.09312911,0.102375,0.8044959
570,0.09382514,0.1019283,0.8042465
571,0.09419338,0.1013128,0.8044938
572,0.09432198,0.1006481,0.8050299
573,0.09428446,0.1000097,0.805706
574,0.09413732,0.09943571,0.8064269
575,0.0939225,0.09894545,0.8071321
576,0.09366948,0.09854548,0.8077851
577,0.09821152,0.09933675,0.8024517
578,0.09742547,0.09810869,0.8044658
579,0.09683929,0.09804937,0.8051113
580,0.09645152,0.0982089,0.8053396
581,0.09622488,0.09848914,0.8052859
582,0.09612229,0.09885951,0.8050181
583,0.09611236,0.09929196,0.8045956
584,0.09617245,0.09976471,0.8040628
585,0.096288,0.1002683,0.8034437
586,0.09644847,0.1007867,0.8027648
587,0.09664591,0.1013063,0.8020477
588,0.09687365,0.1018154,0.8013109
589,0.09424944,0.1035623,0.8021883
590,0.0950751,0.1040239,0.800901
591,0.09576084,0.1041982,0.8000409
592,0.09631684,0.1043669,0.7993163
593,0.09674105,0.1044686,0.7987904
594,0.09704617,0.1044928,0.7984611
595,0.09724969,0.1044569,0.7982934
596,0.09735613,0.1043103,0.7983335
597,0.09738996,0.1041626,0.7984474
598,0.09736741,0.104011,0.7986217
599,0.09730164,0.1038625,0.7988359
600,0.09720321,0.1037237,0.7990731
601,0.09810023,0.1036672,0.7982326
602,0.09992563,0.1042549,0.7958195
603,0.1008699,0.1038777,0.7952524
604,0.1012004,0.1033288,0.7954708
605,0.101129,0.1027133,0.7961577
606,0.1008113,0.1021004,0.7970883
607,0.1003539,0.1015449,0.7981011
608,0.09983753,0.1011455,0.799017
609,0.09929713,0.1008352,0.7998676
610,0.09875647,0.1006308,0.8006127
611,0.09822977,0.1005311,0.8012392
612,0.09772599,0.1005309,0.8017431
613,0.0935907,0.1009337,0.8054755
614,0.08995409,0.1000823,0.8099636
615,0.08760396,0.1003625,0.8120334
616,0.08604559,0.101093,0.8128615
617,0.08505336,0.1021576,0.8127891
618,0.08450895,0.1035122,0.8119788
619,0.08434978,0.1051174,0.8105328
620,0.08454596,0.1069292,0.8085248
621,0.08507836,0.1088443,0.8060774
622,0.08592204,0.1107186,0.8033594
623,0.08703632,0.112391,0.8005726
624,0.08835873,0.1137247,0.7979167
625,0.09035169,0.1140264,0.7956219
626,0.09238859,0.1148692,0.7927421
627,0.09411754,0.1148801,0.7910023
628,0.09549288,0.1144433,0.7900638
629,0.09649474,0.1136982,0.789807
630,0.09713998,0.1127767,0.7900832
631,0.09747139,0.1117832,0.7907454
632,0.09755131,0.1108084,0.7916402
633,0.09743056,0.1098545,0.792715
634,0.09716108,0.1089552,0.7938837
635,0.09678748,0.1081268,0.7950857
636,0.09634504,0.1073757,0.7962793
637,0.09835959,0.1058205,0.7958199
638,0.09918974,0.1058157,0.7949946
639,0.09936933,0.1051874,0.7954432
640,0.09914539,0.1044502,0.7964044
641,0.09869058,0.1037309,0.7975785
642,0.09811606,0.1030805,0.7988034
643,0.09748975,0.1025261,0.7999842
644,0.09685091,0.1020781,0.801071
645,0.09622508,0.1017463,0.8020286
646,0.09562761,0.1015311,0.8028413
647,0.09506951,0.1014326,0.8034979
648,0.09456049,0.1014511,0.8039883
649,0.08977144,0.1008983,0.8093303
650,0.08818811,0.1012931,0.8105188
651,0.08708377,0.1016324,0.8112838
652,0.08636777,0.1022347,0.8113975
653,0.08596274,0.1030772,0.8109601
654,0.08581907,0.1041087,0.8100722
655,0.08590584,0.1052648,0.8088294
656,0.08620191,0.1064894,0.8073086
657,0.08668428,0.1076932,0.8056225
658,0.08732297,0.1087894,0.8038877
659,0.0880799,0.109701,0.802219
660,0.0889096,0.1103743,0.800716
661,0.09215106,0.1096583,0.7981907
662,0.09386581,0.1103736,0.7957606
663,0.09506324,0.1103116,0.7946252
664,0.0958517,0.1098142,0.7943341
665,0.09630965,0.1090603,0.7946301
666,0.09650716,0.1081891,0.7953036
667,0.09650737,0.1072988,0.7961938
668,0.09635198,0.106396,0.797252
669,0.09609238,0.1055804,0.7983272
670,0.09576362,0.1048577,0.7993787
671,0.09539133,0.1042328,0.8003758
672,0.09499389,0.1037052,0.8013009
673,0.09347697,0.1050086,0.8015144
674,0.09014933,0.1030212,0.8068295
675,0.08797175,0.1028589,0.8091694
676,0.08653639,0.10325,0.8102136
677,0.08563507,0.1039634,0.8104016
678,0.08514795,0.104907,0.8099451
679,0.08500056,0.1060148,0.8089846
680,0.0851576,0.1072878,0.8075546
681,0.08557316,0.1085546,0.8058722
682,0.08621184,0.1097409,0.8040472
683,0.08703028,0.1107546,0.8022151
684,0.08797597,0.1115188,0.8005052
685,0.0859578,0.1113025,0.8027397
686,0.08824029,0.112586,0.7991737
687,0.09028769,0.1120264,0.797686
688,0.09181587,0.111088,0.7970961
689,0.09276927,0.1098545,0.7973762
690,0.09321193,0.1084743,0.7983138
691,0.09325235,0.1070933,0.7996544
692,0.09299232,0.1057597,0.801248
693,0.09254146,0.1045843,0.8028742
694,0.09197568,0.1035671,0.8044572
695,0.09134767,0.1027055,0.8059468
696,0.09069278,0.1019918,0.8073153
697,0.09373408,0.1021672,0.8040987
698,0.09342746,0.1011709,0.8054017
699,0.09291366,0.1008914,0.806195
700,0.09238126,0.1007442,0.8068745
701,0.0918863,0.100695,0.8074188
702,0.09144921,0.1007495,0.8078012
703,0.09108023,0.100907,0.8080128
704,0.09079261,0.1012058,0.8080017
705,0.09058685,0.1015865,0.8078266
706,0.09046601,0.1020484,0.8074855
707,0.09043203,0.1025774,0.8069906
708,0.09048439,0.1031521,0.8063636
709,0.08327553,0.1021843,0.8145402
710,0.08272492,0.1039128,0.8133622
711,0.08257446,0.1043126,0.813113
712,0.08270293,0.1047625,0.8125346
713,0.08297288,0.1051744,0.8118527
714,0.0833098,0.1054711,0.811219
715,0.08367077,0.1056361,0.8106931
716,0.0840266,0.1056718,0.8103016
717,0.08435536,0.105602,0.8100427
718,0.0846435,0.1054485,0.809908
719,0.08488236,0.1052319,0.8098857
720,0.08506766,0.1049715,0.8099608
721,0.09394373,0.1043449,0.8017113
722,0.0961422,0.1041592,0.7996987
723,0.09713205,0.1038957,0.7989722
724,0.09747737,0.1033122,0.7992104
725,0.09744193,0.1026048,0.7999533
726,0.09718444,0.1019011,0.8009145
727,0.09680305,0.1012664,0.8019305
728,0.09636284,0.1007553,0.8028818
729,0.09589384,0.1003368,0.8037694
730,0.09541737,0.1000211,0.8045616
731,0.09494676,0.09980622,0.8052471
732,0.09449112,0.09968779,0.8058212
733,0.09156992,0.09881324,0.8096169
734,0.08963835,0.09881035,0.8115513
735,0.08835879,0.099046,0.8125952
736,0.08750998,0.09949345,0.8129966
737,0.0869721,0.1001408,0.8128871
738,0.08667813,0.1009638,0.8123581
739,0.08658861,0.1019278,0.8114836
740,0.08668027,0.1029996,0.8103201
741,0.0869395,0.1041344,0.8089261
742,0.08734713,0.1052561,0.8073968
743,0.08787952,0.1062902,0.8058302
744,0.08850663,0.1071689,0.8043245
745,0.08450293,0.108477,0.80702
746,0.08450551,0.1088084,0.8066861
747,0.0848247,0.1088852,0.8062901
748,0.08534239,0.1090025,0.8056551
749,0.08594043,0.1090396,0.80502
750,0.0865438,0.1089495,0.8045067
751,0.08710344,0.1087314,0.8041651
752,0.08757486,0.1083403,0.804085
753,0.08795592,0.1078957,0.8041484
754,0.08824535,0.107404,0.8043507
755,0.08844805,0.1068878,0.8046641
756,0.08857328,0.1063693,0.8050575
757,0.08615495,0.10521,0.8086351
758,0.0847749,0.104701,0.810524
759,0.0838711,0.1044051,0.8117239
760,0.0833009,0.1042793,0.8124198
761,0.08296791,0.1042678,0.8127643
762,0.08280493,0.1043222,0.8128729
763,0.08276422,0.1044062,0.8128295
764,0.08281346,0.1045086,0.812678
765,0.0829281,0.1045928,0.8124791
766,0.08308875,0.104647,0.8122642
767,0.08328056,0.104664,0.8120555
768,0.08349067,0.1046392,0.81187
769,0.08925176,0.10353,0.8072183
770,0.09138267,0.1039909,0.8046265
771,0.09256798,0.1038176,0.8036144
772,0.09317593,0.1033165,0.8035076
773,0.09341842,0.1026699,0.8039117
774,0.09343138,0.1019889,0.8045797
775,0.09330343,0.1013382,0.8053584
776,0.09308493,0.1007094,0.8062057
777,0.09281753,0.1001686,0.8070139
778,0.09252661,0.09971262,0.8077608
779,0.09222846,0.09933999,0.8084316
780,0.091934,0.0990482,0.8090178
781,0.09259652,0.1000963,0.8073072
782,0.09437483,0.1003168,0.8053083
783,0.09533734,0.09986895,0.8047938
784,0.09571232,0.0993472,0.8049405
785,0.09571395,0.09881745,0.8054686
786,0.09549481,0.0983233,0.8061819
787,0.09515636,0.09790611,0.8069375
788,0.09476244,0.09761122,0.8076263
789,0.09435298,0.09743418,0.8082128
790,0.09395219,0.09737938,0.8086684
791,0.0935755,0.0974429,0.8089816
792,0.09323355,0.0976175,0.809149
793,0.09353468,0.09795201,0.8085133
794,0.09189504,0.09772936,0.8103756
795,0.09093904,0.0982824,0.8107785
796,0.09040114,0.09905621,0.8105426
797,0.09018066,0.1000116,0.8098077
798,0.09021129,0.1011052,0.8086835
799,0.09044687,0.1022716,0.8072815
800,0.09085133,0.1034412,0.8057075
801,0.09138838,0.1045376,0.8040741
802,0.092024,0.1054944,0.8024816
803,0.0927213,0.1062554,0.8010234
804,0.09344119,0.1067855,0.7997733
805,0.09342671,0.1065427,0.8000305
806,0.09276756,0.1064522,0.8007802
807,0.09255616,0.1064557,0.8009881
808,0.09260126,0.1064186,0.8009802
809,0.09279537,0.1063403,0.8008643
810,0.09306061,0.1061978,0.8007416
811,0.09334062,0.105973,0.8006863
812,0.09358577,0.1055856,0.8008286
813,0.09377623,0.1051405,0.8010832
814,0.09390398,0.1046441,0.8014519
815,0.09396823,0.1041166,0.8019152
816,0.09397304,0.1035782,0.8024487
817,0.09344004,0.1031069,0.803453
818,0.09455968,0.1031592,0.8022811
819,0.09519411,0.1024527,0.8023532
820,0.09541955,0.1016438,0.8029367
821,0.09535653,0.1008372,0.8038062
822,0.09510928,0.1000846,0.8048061
823,0.09475342,0.09942099,0.8058256
824,0.09434264,0.09890921,0.8067482
825,0.09390766,0.09849875,0.8075936
826,0.09346541,0.09819508,0.8083395
827,0.09302641,0.09799491,0.8089787
828,0.09259793,0.09789333,0.8095088
829,0.09069966,0.09786118,0.8114392
830,0.08844885,0.09729373,0.8142574
831,0.08693922,0.09756561,0.8154951
832,0.08592857,0.09814524,0.8159261
833,0.08527805,0.09893039,0.8157915
834,0.0849022,0.0998687,0.8152291
835,0.08474799,0.1009129,0.8143392
836,0.08478076,0.1020009,0.8132184
837,0.08498019,0.1031073,0.8119125
838,0.08532539,0.1041693,0.8105053
839,0.08579278,0.1051261,0.8090811
840,0.08635359,0.1059245,0.807722
841,0.08648907,0.1070087,0.8065022
842,0.08729576,0.1072999,0.8054043
843,0.08807095,0.1074057,0.8045233
844,0.08877159,0.1073429,0.8038855
845,0.08936749,0.1071126,0.8035198
846,0.08984708,0.1067483,0.8034046
847,0.09020878,0.1062916,0.8034996
848,0.09046039,0.1057929,0.8037466
849,0.09061108,0.1052609,0.804128
850,0.09067371,0.1047251,0.8046013
851,0.09066245,0.1042052,0.8051324
852,0.09059137,0.1037151,0.8056934
853,0.09588157,0.1027289,0.8013896
854,0.09883168,0.1033091,0.7978593
855,0.1002487,0.102606,0.7971454
856,0.1006713,0.1015913,0.7977375
857,0.100508,0.1005097,0.7989822
858,0.1000249,0.0994882,0.8004869
859,0.099383,0.0985961,0.8020209
860,0.09867326,0.09786264,0.8034641
861,0.09795139,0.0973003,0.8047482
862,0.09724157,0.09689689,0.8058616
863,0.09655601,0.09664121,0.8068027
864,0.09590229,0.0965236,0.8075742
865,0.08203249,0.09640671,0.8215608
866,0.07519709,0.09515952,0.8296433
867,0.07019402,0.09513273,0.8346732
868,0.06639723,0.0959963,0.8376065
869,0.06348825,0.09759296,0.8389188
870,0.06134444,0.0999287,0.8387269
871,0.05996532,0.1030546,0.83698
872,0.05943516,0.1070073,0.8335575
873,0.0598582,0.1112812,0.8288606
874,0.06130075,0.1151716,0.8235276
875,0.06371583,0.117933,0.8183511
876,0.06688145,0.1191574,0.8139611
877,0.08071758,0.1185361,0.8007463
878,0.09039562,0.1179847,0.7916196
879,0.09666454,0.1148758,0.7884597
880,0.09981327,0.1109383,0.7892485
881,0.1007583,0.1069765,0.7922653
882,0.1004169,0.1034633,0.7961199
883,0.09946047,0.1005601,0.7999795
884,0.09828424,0.09821243,0.8035033
885,0.09708727,0.09636421,0.8065485
886,0.09594828,0.09490879,0.8091429
887,0.09488376,0.09375895,0.8113573
888,0.09388439,0.09285043,0.8132652
889,0.09797123,0.09233755,0.8096913
890,0.0979861,0.09165443,0.8103595
891,0.09751979,0.09126875,0.8112115
892,0.09687521,0.09098697,0.8121378
893,0.09616379,0.09080905,0.8130271
894,0.09543974,0.09075456,0.8138057
895,0.09473524,0.09083779,0.814427
896,0.09407029,0.09107625,0.8148535
897,0.09346262,0.09148185,0.8150555
898,0.09293003,0.09207237,0.8149976
899,0.09249239,0.09286547,0.8146421
900,0.09217098,0.09387763,0.8139514
901,0.08599529,0.09533774,0.8186669
902,0.08306655,0.09612419,0.8208092
903,0.08121969,0.09742408,0.8213562
904,0.08020961,0.09933476,0.8204556
905,0.07989413,0.1018454,0.8182605
906,0.08018829,0.1048252,0.8149866
907,0.0810333,0.1079761,0.8109906
908,0.08237367,0.1109165,0.8067098
909,0.0841095,0.1130952,0.8027952
910,0.08608833,0.114221,0.7996907
911,0.08811148,0.1142552,0.7976333
912,0.089972,0.1133774,0.7966506
913,0.09122824,0.1123952,0.7963766
914,0.09135514,0.1099828,0.798662
915,0.09138761,0.1081165,0.8004957
916,0.091355,0.1064638,0.8021812
917,0.0912689,0.1050047,0.8037264
918,0.09113397,0.1037151,0.8051509
919,0.0909551,0.1025712,0.8064737
920,0.09073584,0.1015393,0.8077249
921,0.09048196,0.1006186,0.8088995
922,0.09020072,0.09979813,0.8100012
923,0.08989921,0.0990701,0.8110307
924,0.08958418,0.09842832,0.8119875
925,0.09045726,0.09823261,0.8113102
926,0.09361403,0.09934945,0.8070366
927,0.09552789,0.09820905,0.806263
928,0.09621777,0.09669461,0.8070877
929,0.09609751,0.09519085,0.8087116
930,0.09552941,0.09382804,0.8106426
931,0.09474598,0.09266701,0.812587
932,0.09387852,0.09172991,0.8143916
933,0.09299123,0.09100582,0.816003
934,0.09211453,0.09048375,0.8174018
935,0.0912611,0.09014871,0.8185902
936,0.09043596,0.08998838,0.8195757
937,0.0934174,0.09003125,0.8165513
938,0.09107096,0.0891652,0.8197638
939,0.08953194,0.08961853,0.8208495
940,0.08849476,0.09037442,0.8211308
941,0.08780643,0.09135138,0.8208422
942,0.08739379,0.09255552,0.8200506
943,0.08722003,0.09398974,0.8187903
944,0.08727031,0.0957279,0.8170018
945,0.08755936,0.09770496,0.8147357
946,0.08807695,0.09984574,0.8120773
947,0.08880848,0.1020241,0.8091674
948,0.0897263,0.1040739,0.8061998
949,0.08761401,0.1059378,0.8064482
950,0.08760203,0.1070862,0.8053118
951,0.08804799,0.107874,0.8040781
952,0.08881,0.1084473,0.8027427
953,0.08974315,0.1087421,0.8015147
954,0.09072563,0.10872,0.8005543
955,0.09166034,0.1083897,0.7999499
956,0.09247261,0.1077658,0.7997617
957,0.09313547,0.1069732,0.7998913
958,0.09363647,0.1060622,0.8003014
959,0.09398179,0.1050928,0.8009254
960,0.09418981,0.1041157,0.8016945
961,0.09421419,0.1035028,0.802283
962,0.09492252,0.1028106,0.8022669
963,0.09531147,0.1018386,0.80285
964,0.09542571,0.1008568,0.8037175
965,0.09534931,0.09993217,0.8047185
966,0.09515348,0.0990942,0.8057523
967,0.0948904,0.09835652,0.8067532
968,0.09459206,0.09770197,0.8077061
969,0.09427588,0.09714305,0.8085811
970,0.09395558,0.09667271,0.8093717
971,0.09363955,0.09628443,0.8100761
972,0.09333353,0.09597284,0.8106937
973,0.08668128,0.09544856,0.8178702
974,0.08336707,0.09470527,0.8219277
975,0.08119354,0.09473613,0.8240703
976,0.07979225,0.09519395,0.8250139
977,0.07893871,0.09590273,0.8251586
978,0.07848915,0.09675027,0.8247606
979,0.07835005,0.09765242,0.8239976
980,0.07845671,0.09854334,0.823
981,0.07875032,0.09934292,0.8219067
982,0.07918525,0.1000095,0.8208053
983,0.07971879,0.1005076,0.8197736
984,0.08030893,0.1008169,0.8188742
985,0.08590054,0.1007589,0.8133406
986,0.08824625,0.100822,0.8109317
987,0.08965455,0.1005301,0.8098154
988,0.09047129,0.09990324,0.8096254
989,0.09087896,0.09909701,0.810024
990,0.09100234,0.0982294,0.8107682
991,0.09093139,0.09737634,0.8116923
992,0.09073219,0.09657943,0.8126884
993,0.09044984,0.09585938,0.8136908
994,0.09011707,0.09522969,0.8146532
995,0.08975668,0.09469512,0.8155482
996,0.08938415,0.09425604,0.8163598
997,0.08787544,0.0937843,0.8183402
998,0.08689789,0.09341897,0.8196832
999,0.08616994,0.09329703,0.820533
1000,0.08562747,0.09333593,0.8210366
1001,0.08522052,0.09349145,0.821288
1002,0.08491489,0.09373429,0.8213508
1003,0.08468733,0.09404292,0.8212698
1004,0.084522,0.09443451,0.8210434
1005,0.08442053,0.09487348,0.8207061
1006,0.08437604,0.09534253,0.8202814
1007,0.08438354,0.09582701,0.8197895
1008,0.08443877,0.0963129,0.8192483
1009,0.08830255,0.09710706,0.8145905
1010,0.08825793,0.09683809,0.8149039
1011,0.08812492,0.09736986,0.8145052
1012,0.08809958,0.09795369,0.8139467
1013,0.08820686,0.09853055,0.8132625
1014,0.08842796,0.09907337,0.8124987
1015,0.08873178,0.0995491,0.8117191
1016,0.08908337,0.09989125,0.8110253
1017,0.08945961,0.1001342,0.8104061
1018,0.08983731,0.100258,0.8099046
1019,0.0901969,0.1002615,0.8095417
1020,0.09052317,0.100153,0.8093238
1021,0.0866087,0.1000181,0.8133731
1022,0.08563717,0.09976275,0.8146001
1023,0.08521608,0.09943631,0.8153476
1024,0.08508117,0.09917461,0.8157442
1025,0.08509699,0.09893612,0.8159669
1026,0.08518778,0.09868795,0.8161243
1027,0.08530878,0.0984153,0.816276
1028,0.0854318,0.09810782,0.8164604
1029,0.08553588,0.09777021,0.8166939
1030,0.08561219,0.09741123,0.8169765
1031,0.08565737,0.09703983,0.8173028
1032,0.08567158,0.09666487,0.8176636
1033,0.09326034,0.09688533,0.8098543
1034,0.0974342,0.0973453,0.8052205
1035,0.09963693,0.09653622,0.8038268
1036,0.1004498,0.09530032,0.8042499
1037,0.1004198,0.09397243,0.8056078
1038,0.09993642,0.09272914,0.8073344
1039,0.09924674,0.09165964,0.8090937
1040,0.09849539,0.09079333,0.8107113
1041,0.09775601,0.09013458,0.8121094
1042,0.09706599,0.08967324,0.8132608
1043,0.09644037,0.08939323,0.8141664
1044,0.09588283,0.08927811,0.8148391
1045,0.09380483,0.0894341,0.8167611
1046,0.09311228,0.08962526,0.8172625
1047,0.09261253,0.08989485,0.8174926
1048,0.0922281,0.09029736,0.8174745
1049,0.0919264,0.0908175,0.817256
1050,0.09169459,0.09143782,0.8168676
1051,0.09152859,0.09214427,0.8163272
1052,0.09142709,0.09293158,0.8156413
1053,0.0913977,0.09379841,0.8148039
1054,0.09144284,0.09472582,0.8138314
1055,0.09156378,0.09569202,0.8127442
1056,0.09175931,0.09666903,0.8115716
1057,0.09135849,0.09780481,0.8108367
1058,0.09049901,0.09820584,0.8112952
1059,0.09016389,0.09910323,0.8107328
1060,0.09019178,0.1000825,0.8097257
1061,0.09048712,0.1010515,0.8084613
1062,0.0909715,0.1019296,0.8070989
1063,0.0915764,0.1026445,0.8057792
1064,0.09224618,0.1032013,0.8045525
1065,0.09293036,0.1035067,0.803563
1066,0.09358252,0.1035705,0.802847
1067,0.09416718,0.1034168,0.802416
1068,0.09466043,0.1030822,0.8022575
1069,0.09447728,0.1036532,0.8018695
1070,0.09535177,0.1030545,0.8015937
1071,0.0959763,0.1022698,0.8017539
1072,0.09633354,0.1014321,0.8022344
1073,0.0964705,0.100588,0.8029415
1074,0.09644198,0.09977636,0.8037816
1075,0.09629865,0.09902601,0.8046754
1076,0.09608011,0.09834281,0.805577
1077,0.09581453,0.09774166,0.8064439
1078,0.09552369,0.0972221,0.8072542
1079,0.09522255,0.09678131,0.8079961
1080,0.09492137,0.09641527,0.8086634
1081,0.08946754,0.09488992,0.8156426
1082,0.08634557,0.09435054,0.8193039
1083,0.08429039,0.09442836,0.8212813
1084,0.08298263,0.09486816,0.8221492
1085,0.08220504,0.09551196,0.822283
1086,0.08181103,0.09625299,0.8219361
1087,0.08170006,0.09701564,0.8212843
1088,0.08180127,0.09773603,0.8204627
1089,0.08205255,0.09836841,0.8195791
1090,0.0824094,0.09888951,0.8187011
1091,0.08283427,0.09928113,0.8178846
1092,0.08329408,0.09953434,0.8171716
1093,0.09150877,0.09966051,0.8088307
1094,0.09578282,0.1003753,0.8038418
1095,0.0982122,0.09986395,0.8019238
1096,0.0993493,0.09882152,0.8018292
1097,0.0996525,0.09757023,0.8027772
1098,0.09945658,0.09631458,0.8042289
1099,0.09898904,0.09517257,0.8058384
1100,0.09839517,0.09419366,0.8074112
1101,0.09776592,0.09340037,0.8088337
1102,0.09714863,0.09278398,0.8100674
