EwEVersion,"6.5.13829.0 (compiled 2016-05-17)"
Date,"2016-09-06 18:44:37"
ModelName,Baltic_Proper-SEALS
EcosimScenario,Proper1_SealVuln100_19742100_seal0_cofF1
TimeSeries,new_data_weights_19742100_BAU_WAR1_codF1_seal0
StartYear,1974

Data,"Prey of Acartia sp"

TimeStep,"Cyanobacteria","Phytoplankton","microzooplankton","Detritus-water column",
1,0.04394565,0.4587057,0.1890948,0.3082538
2,0.04065175,0.4814015,0.1915262,0.2864206
3,0.03890169,0.4892607,0.1962595,0.2755782
4,0.03794188,0.4911174,0.2007448,0.2701958
5,0.0374104,0.4906536,0.2042705,0.2676655
6,0.03711491,0.4894504,0.206808,0.2666267
7,0.03694871,0.4881553,0.2085525,0.2663436
8,0.03685171,0.4869973,0.2097356,0.2664154
9,0.03679014,0.4860257,0.2105572,0.266627
10,0.03674531,0.4852207,0.2111675,0.2668664
11,0.03670709,0.4845434,0.2116713,0.2670782
12,0.03667014,0.4839561,0.212137,0.2672367
13,0.03723703,0.47719,0.213836,0.271737
14,0.03760065,0.4737921,0.2139589,0.2746484
15,0.03780522,0.4721584,0.2137521,0.2762842
16,0.03790589,0.4713916,0.2135984,0.2771042
17,0.03794045,0.4710136,0.213635,0.277411
18,0.03793459,0.4707833,0.2138752,0.277407
19,0.0379053,0.4705903,0.2142792,0.2772252
20,0.03786375,0.4703922,0.2147903,0.2769538
21,0.03781743,0.4701794,0.2153495,0.2766536
22,0.03777155,0.4699568,0.2159024,0.2763692
23,0.03772985,0.4697342,0.2164015,0.2761345
24,0.03769502,0.4695218,0.2168079,0.2759753
25,0.03426526,0.5040089,0.2107146,0.2510113
26,0.03236579,0.5160367,0.2140065,0.2375909
27,0.03137812,0.5193012,0.2180539,0.2312668
28,0.03084611,0.5193328,0.2214599,0.2283612
29,0.03056454,0.5183072,0.2238341,0.2272941
30,0.03041968,0.5170907,0.2252951,0.2271945
31,0.03034733,0.5159852,0.2260927,0.2275748
32,0.03031155,0.5150592,0.2264635,0.2281659
33,0.03029262,0.5142942,0.2265885,0.2288246
34,0.03027974,0.5136489,0.2265973,0.2294741
35,0.03026743,0.5130824,0.226572,0.2300782
36,0.03025313,0.5125634,0.2265615,0.230622
37,0.03094405,0.5038384,0.2288121,0.2364055
38,0.03138728,0.49967,0.2287515,0.2401912
39,0.03164776,0.4977755,0.2280982,0.2424787
40,0.03178926,0.4969531,0.2274489,0.2438088
41,0.03185616,0.4965828,0.227014,0.244547
42,0.03187812,0.4963667,0.2268225,0.2449326
43,0.03187415,0.4961762,0.2268329,0.2451169
44,0.03185602,0.495965,0.2269864,0.2451926
45,0.0318309,0.4957247,0.2272288,0.2452156
46,0.03180354,0.4954616,0.22751,0.2452248
47,0.03177688,0.4951869,0.2277915,0.2452447
48,0.03175272,0.494911,0.2280445,0.2452917
49,0.03247744,0.4859544,0.2305451,0.2510231
50,0.03295469,0.48169,0.2305834,0.2547719
51,0.03324689,0.4798281,0.2298992,0.2570257
52,0.03342063,0.4791374,0.2290812,0.2583606
53,0.0335222,0.4789712,0.2283447,0.2591618
54,0.03358248,0.4790098,0.2277284,0.2596794
55,0.03362081,0.4791077,0.2272067,0.2600648
56,0.0336486,0.479207,0.2267407,0.2604037
57,0.03367214,0.4792896,0.2262989,0.2607394
58,0.03369404,0.4793537,0.2258677,0.2610846
59,0.03371528,0.4794017,0.2254436,0.2614395
60,0.0337359,0.4794365,0.2250301,0.2617976
61,0.03403205,0.4756459,0.2262464,0.2640757
62,0.03421653,0.4737741,0.2265789,0.2654304
63,0.03434255,0.4728589,0.2264214,0.2663772
64,0.03442529,0.4724514,0.226107,0.2670164
65,0.03447981,0.4722949,0.2257632,0.2674621
66,0.03451665,0.4722536,0.2254368,0.2677929
67,0.03454266,0.4722598,0.2251405,0.2680571
68,0.03456198,0.4722808,0.2248749,0.2682823
69,0.03457702,0.4723022,0.2246384,0.2684824
70,0.03458934,0.4723181,0.2244262,0.2686663
71,0.03459973,0.4723272,0.2242356,0.2688375
72,0.0346086,0.4723295,0.2240653,0.2689967
73,0.03262585,0.4942941,0.2193491,0.253731
74,0.03146603,0.5027468,0.2207093,0.2450779
75,0.03081843,0.5054563,0.2231152,0.24061
76,0.03045456,0.5058123,0.2253386,0.2383945
77,0.03025031,0.5053021,0.2270411,0.2374064
78,0.03013469,0.5045592,0.2282381,0.2370681
79,0.03006675,0.5038275,0.2290534,0.2370524
80,0.03002316,0.5031803,0.2296201,0.2371765
81,0.02999083,0.5026217,0.2300463,0.2373412
82,0.02996263,0.5021331,0.2304095,0.2374947
83,0.02993486,0.5016928,0.2307602,0.2376121
84,0.02990571,0.5012829,0.2311281,0.2376832
85,0.02994863,0.5009331,0.2305879,0.2385304
86,0.02998151,0.5007853,0.2299438,0.2392894
87,0.02997912,0.5007199,0.2296602,0.2396408
88,0.02996028,0.5006287,0.2296225,0.2397886
89,0.02993155,0.5004871,0.2297792,0.2398022
90,0.02989605,0.500297,0.2300906,0.2397164
91,0.02985552,0.5000683,0.2305242,0.239552
92,0.02981114,0.499812,0.2310522,0.2393246
93,0.02976395,0.4995384,0.2316494,0.2390482
94,0.02971507,0.4992559,0.2322905,0.2387386
95,0.02966595,0.4989716,0.2329481,0.2384144
96,0.02961832,0.4986922,0.2335918,0.2380978
97,0.0291209,0.5041299,0.2324661,0.2342831
98,0.02881161,0.5062944,0.2328281,0.2320659
99,0.02862099,0.5069795,0.2335572,0.2308423
100,0.02850849,0.5070236,0.234192,0.2302758
101,0.02844643,0.506831,0.2345869,0.2301356
102,0.02841712,0.5065819,0.2347261,0.2302749
103,0.02840916,0.506346,0.2346461,0.2305987
104,0.02841504,0.5061422,0.2344002,0.2310426
105,0.02842966,0.505967,0.2340426,0.2315608
106,0.0284492,0.50581,0.2336242,0.2321166
107,0.02847075,0.5056607,0.2331878,0.2326808
108,0.02849211,0.5055108,0.2327669,0.2332302
109,0.02939289,0.4947212,0.2349527,0.2409333
110,0.03000434,0.4897247,0.2341205,0.2461506
111,0.03038484,0.4876832,0.2326201,0.2493119
112,0.03061501,0.4870412,0.2311705,0.2511733
113,0.03074966,0.4869916,0.230033,0.2522256
114,0.03082581,0.4871421,0.2292393,0.2527928
115,0.03086722,0.4873196,0.2287346,0.2530786
116,0.03088859,0.4874608,0.2284439,0.2532068
117,0.03089865,0.4875526,0.2282994,0.2532494
118,0.03090241,0.4876008,0.2282501,0.2532467
119,0.0309028,0.4876167,0.2282592,0.2532213
120,0.03090148,0.487611,0.2283013,0.2531862
121,0.03058375,0.4911259,0.2277655,0.2505249
122,0.03037749,0.4925514,0.2282619,0.2488091
123,0.03025803,0.4929927,0.228872,0.2478772
124,0.0301883,0.4930174,0.2294167,0.2473776
125,0.03014807,0.4928878,0.229835,0.2471291
126,0.03012499,0.4927207,0.2301311,0.2470232
127,0.03011155,0.492563,0.2303305,0.246995
128,0.03010338,0.4924285,0.230461,0.2470072
129,0.03009798,0.4923175,0.2305456,0.2470389
130,0.03009398,0.492226,0.2306007,0.2470793
131,0.03009066,0.4921491,0.2306378,0.2471224
132,0.03008758,0.4920832,0.2306641,0.2471651
133,0.03245622,0.4607641,0.2410466,0.2657331
134,0.03410712,0.4439659,0.2441227,0.2778043
135,0.03522213,0.4355257,0.2438833,0.285369
136,0.0359205,0.431752,0.2428016,0.2895258
137,0.03633386,0.430389,0.2418065,0.2914706
138,0.03656865,0.4301667,0.2411319,0.2921327
139,0.03670168,0.4304276,0.240712,0.2921587
140,0.03678399,0.4308632,0.2403916,0.2919613
141,0.03684702,0.4313464,0.240024,0.2917826
142,0.03690948,0.4318347,0.2394982,0.2917576
143,0.03698117,0.4323211,0.2387499,0.2919478
144,0.03706646,0.4328104,0.2377527,0.2923705
145,0.03392564,0.4711135,0.2270038,0.2679571
146,0.03223823,0.4863746,0.2258536,0.2555336
147,0.03135712,0.4923238,0.2266227,0.2496963
148,0.03089502,0.4943737,0.2275913,0.24714
149,0.0306543,0.4948366,0.2283037,0.2462054
150,0.0305302,0.4947129,0.2287172,0.2460396
151,0.03046653,0.4944166,0.2289086,0.2462083
152,0.03043335,0.4941018,0.228968,0.2464967
153,0.03041476,0.4938136,0.228968,0.2468036
154,0.0304024,0.4935559,0.2289586,0.2470831
155,0.03039188,0.4933197,0.228972,0.2473164
156,0.0303809,0.4930947,0.2290272,0.2474971
157,0.03591325,0.4244441,0.2478697,0.2917729
158,0.0406526,0.3798555,0.2510134,0.3284785
159,0.04437871,0.3521961,0.2476687,0.3557565
160,0.04711461,0.3361144,0.2424283,0.3743427
161,0.0489948,0.3275612,0.2376478,0.3857963
162,0.05020374,0.3236247,0.2342333,0.3919383
163,0.05092917,0.322316,0.2322779,0.3944769
164,0.05133396,0.3223678,0.2314841,0.3948141
165,0.05154479,0.3230414,0.2314225,0.3939913
166,0.05165258,0.3239493,0.2316742,0.3927239
167,0.05171857,0.3249122,0.2318972,0.391472
168,0.05178119,0.3258604,0.231853,0.3905054
169,0.04780003,0.3701906,0.222041,0.3599684
170,0.04542416,0.3920171,0.2198949,0.3426638
171,0.04434928,0.4023005,0.2170714,0.3362788
172,0.04383363,0.4077516,0.2142759,0.3341389
173,0.04357368,0.4107883,0.2120822,0.3335558
174,0.04345281,0.4125622,0.2103499,0.3336352
175,0.04340394,0.4136642,0.2090256,0.3339062
176,0.04339028,0.4144007,0.2080569,0.3341521
177,0.04339276,0.41493,0.207381,0.3342963
178,0.04340214,0.4153341,0.2069343,0.3343294
179,0.04341395,0.4156577,0.2066617,0.3342667
180,0.04342597,0.4159269,0.2065204,0.3341268
181,0.04220776,0.4297152,0.2033052,0.3247718
182,0.04142166,0.4365282,0.2032195,0.3188306
183,0.04093865,0.4397061,0.2041139,0.3152414
184,0.04064674,0.4410425,0.2052236,0.3130871
185,0.04047211,0.4414963,0.2062549,0.3117767
186,0.04036735,0.4415626,0.2071298,0.3109403
187,0.04030268,0.4414856,0.2078602,0.3103514
188,0.04025964,0.4413771,0.2084888,0.3098744
189,0.04022697,0.4412822,0.2090618,0.3094291
190,0.04019806,0.4412135,0.209618,0.3089705
191,0.040169,0.44117,0.2101873,0.3084736
192,0.04013759,0.4411464,0.2107908,0.3079252
193,0.03938427,0.4492302,0.20938,0.3020055
194,0.03888844,0.4530814,0.2099059,0.2981242
195,0.03856783,0.454784,0.2110558,0.2955923
196,0.03836002,0.4554161,0.2123172,0.2939067
197,0.03822276,0.4555539,0.2134893,0.2927341
198,0.03812899,0.4554916,0.214511,0.2918684
199,0.03806204,0.4553716,0.2153777,0.2911885
200,0.03801207,0.4552572,0.2161031,0.2906276
201,0.03797362,0.4551719,0.216702,0.2901525
202,0.037944,0.455121,0.2171839,0.2897511
203,0.03792201,0.4551025,0.217554,0.2894214
204,0.03790721,0.4551122,0.2178153,0.2891653
205,0.04102196,0.4205552,0.2261108,0.312312
206,0.04337997,0.400734,0.2266718,0.3292142
207,0.04503699,0.3900585,0.2245035,0.3404011
208,0.04614292,0.384894,0.2216782,0.3472849
209,0.04685022,0.3828491,0.2190982,0.3512024
210,0.04729102,0.3824322,0.2170216,0.3532552
211,0.04756682,0.3827732,0.2154065,0.3542535
212,0.04774882,0.3834043,0.2141051,0.3547418
213,0.04788288,0.3840981,0.212967,0.355052
214,0.04799434,0.384764,0.2118974,0.3553441
215,0.04809593,0.3853748,0.2108496,0.3556796
216,0.04819249,0.3859303,0.2098161,0.3560611
217,0.0444019,0.4265579,0.2007575,0.3282827
218,0.04215796,0.4448633,0.2005583,0.3124205
219,0.0408973,0.452602,0.2025163,0.3039844
220,0.04019001,0.4554935,0.2047272,0.2995893
221,0.03979816,0.4562407,0.2065609,0.2974003
222,0.03958561,0.4561232,0.2078972,0.2963939
223,0.03947352,0.4557269,0.2088017,0.2959979
224,0.03941623,0.4552997,0.2093888,0.2958952
225,0.03938761,0.4549302,0.2097674,0.2959149
226,0.03937286,0.4546363,0.2100241,0.2959667
227,0.03936382,0.4544089,0.2102212,0.2960061
228,0.03935617,0.4542307,0.2104005,0.2960126
229,0.03995072,0.4470217,0.2128022,0.3002254
230,0.04033847,0.4432622,0.2136257,0.3027736
231,0.0405843,0.4413554,0.2138122,0.3042481
232,0.04072959,0.4404526,0.2138425,0.3049753
233,0.04080802,0.4400588,0.2139137,0.3052195
234,0.04084403,0.4399018,0.2140857,0.3051685
235,0.04085436,0.4398416,0.2143553,0.3049488
236,0.04085008,0.4398125,0.2146947,0.3046428
237,0.04083842,0.4397883,0.2150692,0.304304
238,0.04082406,0.4397626,0.2154456,0.3039679
239,0.04081006,0.4397377,0.2157943,0.3036579
240,0.04079837,0.4397193,0.2160923,0.30339
241,0.03941545,0.4533569,0.2144177,0.29281
242,0.03852858,0.4592964,0.2160836,0.2860913
243,0.03802151,0.4614986,0.2180271,0.2824528
244,0.03773433,0.4620655,0.2196585,0.2805417
245,0.03757743,0.4619823,0.2208086,0.2796317
246,0.0374963,0.461702,0.2215129,0.2792889
247,0.03745779,0.4614144,0.2218748,0.2792529
248,0.03744205,0.4611842,0.222004,0.2793698
249,0.03743748,0.4610203,0.2219916,0.2795506
250,0.03743787,0.4609105,0.2219017,0.2797499
251,0.03743987,0.4608385,0.2217773,0.2799444
252,0.03744184,0.4607895,0.221645,0.2801237
253,0.03701458,0.4670106,0.2183571,0.2776179
254,0.0367603,0.4701749,0.2166327,0.2764321
255,0.03658446,0.471807,0.2159385,0.2756701
256,0.03647088,0.4725723,0.2156799,0.275277
257,0.0363985,0.4728763,0.2156095,0.2751157
258,0.03635172,0.4729447,0.2156204,0.2750832
259,0.03632018,0.4728971,0.2156696,0.2751132
260,0.03629728,0.4727947,0.2157422,0.2751659
261,0.03627901,0.4726676,0.2158346,0.2752189
262,0.03626298,0.4725296,0.2159467,0.2752607
263,0.03624786,0.472387,0.2160788,0.2752864
264,0.03623297,0.4722424,0.2162298,0.2752949
265,0.03910712,0.4384776,0.2261481,0.2962672
266,0.04118544,0.41945,0.2287629,0.3106017
267,0.04261626,0.4092575,0.2282915,0.3198346
268,0.04353463,0.4042746,0.2270314,0.3251594
269,0.0440877,0.4021545,0.2259317,0.327826
270,0.04440151,0.4014815,0.2252552,0.3288617
271,0.04457221,0.4014654,0.224939,0.3290235
272,0.04466757,0.4017049,0.2247987,0.3288289
273,0.04473221,0.4020225,0.2246373,0.3286081
274,0.04479261,0.4023567,0.2243058,0.3285448
275,0.04486253,0.4026978,0.2237179,0.3287218
276,0.04494656,0.4030536,0.2228525,0.3291473
277,0.04595355,0.3946252,0.2228185,0.3366027
278,0.04673137,0.3903038,0.2205839,0.3423809
279,0.04727784,0.3884175,0.2179711,0.3463336
280,0.04765482,0.3878821,0.2154896,0.3489734
281,0.04791246,0.3880388,0.2133472,0.3507016
282,0.04808892,0.388505,0.2115899,0.3518162
283,0.04821148,0.3890723,0.2101898,0.3525264
284,0.04829873,0.3896357,0.2090931,0.3529725
285,0.04836289,0.3901496,0.2082431,0.3532445
286,0.04841182,0.3905995,0.2075887,0.3533999
287,0.04845046,0.3909866,0.2070882,0.3534748
288,0.04848189,0.3913181,0.2067086,0.3534915
289,0.04485465,0.429117,0.1986345,0.3273938
290,0.04268105,0.4461998,0.1987989,0.3123203
291,0.04143657,0.4533905,0.2010282,0.3041448
292,0.04072195,0.4560088,0.2034925,0.2997768
293,0.04031306,0.4565971,0.2055723,0.2975176
294,0.04008044,0.4563657,0.2071431,0.2964107
295,0.03994823,0.4558712,0.2082675,0.2959131
296,0.03987186,0.4553498,0.2090606,0.2957177
297,0.03982534,0.4548864,0.2096342,0.295654
298,0.03979394,0.4544976,0.2100768,0.2956316
299,0.03976938,0.454174,0.2104526,0.295604
300,0.03974718,0.4538989,0.2108045,0.2955495
301,0.03660068,0.4870047,0.2037549,0.2726398
302,0.03481308,0.499851,0.2052123,0.2601237
303,0.03380862,0.5041699,0.2084697,0.2535517
304,0.03323407,0.5049211,0.2116938,0.2501509
305,0.03290128,0.5042995,0.2143262,0.2484731
306,0.03270474,0.5032614,0.2163126,0.2477212
307,0.03258415,0.5021947,0.217771,0.2474502
308,0.03250508,0.5012304,0.2188515,0.247413
309,0.03244809,0.5003915,0.2196842,0.2474762
310,0.03240225,0.4996614,0.2203685,0.2475678
311,0.03236177,0.4990135,0.220971,0.2476537
312,0.03232377,0.4984241,0.221532,0.2477202
313,0.0364983,0.4493338,0.2348036,0.2793644
314,0.03979826,0.4202212,0.2363479,0.3036326
315,0.04217902,0.4040702,0.2335768,0.320174
316,0.04377762,0.3959703,0.2298252,0.3304269
317,0.04477637,0.3925112,0.2266485,0.336064
318,0.04535578,0.3914846,0.2245249,0.3386346
319,0.04566669,0.3915779,0.2233787,0.3393767
320,0.04582205,0.39209,0.2229019,0.3391861
321,0.04590038,0.3926977,0.2227328,0.3386692
322,0.04595123,0.3932885,0.2225679,0.3381924
323,0.04600332,0.3938467,0.2221952,0.3379548
324,0.04607049,0.3943906,0.2215045,0.3380344
325,0.04578428,0.3991159,0.2192588,0.335841
326,0.04564286,0.4019319,0.2174969,0.3349285
327,0.04559156,0.4037228,0.2159337,0.3347519
328,0.04559827,0.4049387,0.2144356,0.3350274
329,0.04563681,0.4058345,0.2130073,0.3355214
330,0.0456894,0.4065443,0.2116891,0.3360772
331,0.04574519,0.4071345,0.2105176,0.3366027
332,0.04579815,0.4076372,0.2095145,0.3370502
333,0.04584538,0.4080687,0.2086853,0.3374006
334,0.04588637,0.4084375,0.2080182,0.3376579
335,0.04592143,0.4087507,0.2074954,0.3378325
336,0.04595118,0.4090157,0.2070966,0.3379364
337,0.04626461,0.406183,0.2075203,0.3400321
338,0.04648243,0.404733,0.2074276,0.341357
339,0.04662809,0.404057,0.2071915,0.3421234
340,0.0467228,0.4038053,0.206966,0.342506
341,0.04678264,0.4037717,0.2068131,0.3426326
342,0.04681904,0.4038395,0.2067511,0.3425905
343,0.0468397,0.4039459,0.2067783,0.3424361
344,0.04684974,0.4040591,0.2068852,0.342206
345,0.04685253,0.4041644,0.2070599,0.3419232
346,0.04685006,0.4042565,0.2072929,0.3416006
347,0.04684376,0.404334,0.2075747,0.3412475
348,0.04683467,0.4043975,0.2078961,0.3408717
349,0.04027123,0.4690305,0.1978007,0.2928976
350,0.03683443,0.4914953,0.2032102,0.26846
351,0.03507757,0.4982239,0.2100126,0.2566859
352,0.03413469,0.4991726,0.2158081,0.2508846
353,0.03362129,0.4981385,0.220095,0.2481452
354,0.0333398,0.4966285,0.2230387,0.2469931
355,0.03318276,0.4951945,0.2249836,0.2466392
356,0.03309072,0.4939899,0.2262623,0.2466571
357,0.03303104,0.4930127,0.2271354,0.2468208
358,0.03298608,0.4922125,0.227787,0.2470144
359,0.0329467,0.4915338,0.2283365,0.247183
360,0.03290838,0.4909314,0.2288563,0.2473039
361,0.03649798,0.4502572,0.2387431,0.2745017
362,0.0392922,0.4270767,0.2383484,0.2952828
363,0.04123825,0.414866,0.2349075,0.3089883
364,0.04250168,0.409186,0.23108,0.3172322
365,0.0432633,0.4070744,0.2280457,0.3216165
366,0.04368545,0.4067036,0.2261073,0.3235036
367,0.0438957,0.4070447,0.2251346,0.323925
368,0.04398507,0.4075835,0.2248355,0.3235959
369,0.04401453,0.4081064,0.2248958,0.3229832
370,0.04402346,0.4085564,0.225036,0.3223841
371,0.04403568,0.4089465,0.2250439,0.3219739
372,0.04406404,0.409312,0.2247832,0.3218407
373,0.04458143,0.4046211,0.2254834,0.3253141
374,0.04496875,0.4023533,0.2247896,0.3278884
375,0.04525993,0.4014495,0.2234531,0.3298374
376,0.04548455,0.4013106,0.2218253,0.3313796
377,0.04566337,0.4015799,0.2201026,0.3326541
378,0.04580951,0.4020502,0.2184043,0.333736
379,0.04593088,0.402602,0.2168068,0.3346603
380,0.04603238,0.4031675,0.2153571,0.3354431
381,0.04611732,0.4037085,0.2140802,0.336094
382,0.04618802,0.4042057,0.2129864,0.3366199
383,0.04624661,0.4046498,0.2120722,0.3370315
384,0.04629502,0.4050385,0.2113247,0.3373418
385,0.04643116,0.4045401,0.2107133,0.3383155
386,0.04653315,0.4044066,0.2100598,0.3390005
387,0.04660359,0.4044699,0.2095172,0.3394093
388,0.04665191,0.4046187,0.2091035,0.3396259
389,0.04668473,0.4047938,0.2088141,0.3397074
390,0.04670644,0.4049661,0.2086366,0.3396908
391,0.04671983,0.4051232,0.208558,0.3395989
392,0.04672655,0.4052611,0.2085681,0.3394443
393,0.04672752,0.4053794,0.2086596,0.3392334
394,0.04672356,0.4054789,0.2088247,0.3389728
395,0.0467152,0.4055612,0.209057,0.3386667
396,0.04670287,0.405628,0.2093504,0.3383186
397,0.04775369,0.3962279,0.2099278,0.3460907
398,0.04852374,0.3912599,0.2085325,0.3516839
399,0.04900916,0.3889968,0.2070738,0.3549201
400,0.04930168,0.3881885,0.2058846,0.3566252
401,0.04946727,0.3881043,0.2050693,0.3573591
402,0.04955293,0.3883353,0.2046057,0.357506
403,0.04959092,0.3886677,0.2044194,0.3573219
404,0.04960252,0.3890013,0.2044242,0.356972
405,0.04960138,0.3892981,0.2045402,0.3565605
406,0.04959577,0.3895515,0.2047037,0.356149
407,0.04959062,0.3897689,0.2048666,0.3557739
408,0.04958865,0.3899615,0.2049951,0.3554547
409,0.04477697,0.4377849,0.19633,0.3211082
410,0.04201684,0.457897,0.1979892,0.302097
411,0.04050843,0.4656555,0.2015145,0.2923215
412,0.03967173,0.4681129,0.2048677,0.2873477
413,0.0392091,0.4683803,0.2074627,0.284948
414,0.03895562,0.467855,0.2092783,0.2839111
415,0.03881734,0.4671392,0.2104785,0.2835649
416,0.0387405,0.4664659,0.2112559,0.2835378
417,0.0386946,0.4659018,0.211774,0.2836295
418,0.03866274,0.4654467,0.2121541,0.2837365
419,0.03863574,0.4650781,0.2124778,0.2838083
420,0.03860888,0.4647706,0.2127968,0.2838237
421,0.03881691,0.4617479,0.21402,0.2854152
422,0.0389352,0.4601347,0.214662,0.2862681
423,0.03899593,0.4592511,0.2150771,0.2866758
424,0.03901557,0.4587555,0.2154638,0.286765
425,0.0390085,0.4584527,0.2158881,0.2866507
426,0.03898532,0.4582398,0.2163573,0.2864175
427,0.03895353,0.4580671,0.216853,0.2861264
428,0.03891848,0.4579132,0.2173468,0.2858216
429,0.0388841,0.4577712,0.217808,0.2855367
430,0.03885338,0.4576412,0.2182064,0.2852991
431,0.0388285,0.4575261,0.2185161,0.2851293
432,0.03881097,0.4574294,0.2187178,0.2850419
433,0.04166179,0.4252152,0.2279732,0.3051498
434,0.04371355,0.4069639,0.2305253,0.3187972
435,0.04513976,0.3970652,0.2300514,0.3277436
436,0.04606671,0.3921497,0.2287365,0.3330471
437,0.04664407,0.3900093,0.2274024,0.3359443
438,0.04699928,0.3893063,0.2262497,0.3374447
439,0.04722828,0.3892895,0.225203,0.3382792
440,0.04739677,0.3895719,0.2241021,0.3389291
441,0.04754489,0.3899762,0.2228089,0.3396699
442,0.04769132,0.3904351,0.2212723,0.3406012
443,0.04784075,0.3909266,0.2195229,0.3417098
444,0.04798945,0.3914424,0.2176538,0.3429144
445,0.04810433,0.3905739,0.2180052,0.3433166
446,0.04814836,0.3901384,0.218597,0.3431163
447,0.04819515,0.3898277,0.218924,0.3430532
448,0.04824014,0.3896191,0.2190882,0.3430526
449,0.04828344,0.3894843,0.2191362,0.343096
450,0.04832513,0.3894031,0.2191011,0.3431707
451,0.04836516,0.3893612,0.2190083,0.3432654
452,0.04840318,0.3893483,0.2188792,0.3433693
453,0.04843884,0.3893567,0.2187319,0.3434726
454,0.04847206,0.3893798,0.2185777,0.3435703
455,0.04850282,0.3894131,0.2184255,0.3436587
456,0.04853106,0.3894529,0.2182814,0.3437347
457,0.04826688,0.395202,0.2136683,0.3428627
458,0.04823048,0.3987448,0.2090845,0.3439402
459,0.04818168,0.4012407,0.2060485,0.3445291
460,0.04812906,0.4029965,0.2040943,0.3447802
461,0.04807958,0.4042031,0.2028896,0.3448277
462,0.04803624,0.405009,0.2021981,0.3447567
463,0.04799895,0.4055312,0.2018596,0.3446103
464,0.04796601,0.4058582,0.2017698,0.3444059
465,0.04793521,0.4060545,0.2018627,0.3441477
466,0.04790449,0.4061644,0.2020973,0.3438339
467,0.04787213,0.4062179,0.2024484,0.3434615
468,0.04783642,0.4062332,0.2029071,0.3430233
469,0.04269935,0.4562595,0.194804,0.3062371
470,0.03982197,0.47576,0.1981691,0.286249
471,0.03826614,0.4824496,0.2032558,0.2760285
472,0.03739819,0.483943,0.2079197,0.2707391
473,0.03690719,0.4834475,0.2115852,0.2680601
474,0.03662569,0.4823396,0.2142676,0.2667671
475,0.03645981,0.4811778,0.2161728,0.2661896
476,0.0363563,0.480154,0.2175309,0.2659587
477,0.03628527,0.4793047,0.2185339,0.2658761
478,0.03623019,0.4786071,0.2193241,0.2658386
479,0.03618252,0.4780244,0.2199938,0.2657992
480,0.03613814,0.4775231,0.2205975,0.2657412
481,0.04145119,0.4200887,0.2336592,0.3048008
482,0.04588025,0.3837347,0.2337497,0.3366354
483,0.04922088,0.3619207,0.2294752,0.3593832
484,0.0515798,0.349817,0.2242378,0.3743654
485,0.05313123,0.343855,0.2197611,0.3832527
486,0.05407595,0.3415067,0.2166325,0.3877848
487,0.0546041,0.3410792,0.2148022,0.3895145
488,0.05487507,0.3415237,0.2139113,0.38969
489,0.05501141,0.3422543,0.213491,0.3892432
490,0.05509817,0.3429945,0.213109,0.3887985
491,0.05518857,0.3436472,0.2124359,0.3887283
492,0.05531203,0.344203,0.2112641,0.3892209
493,0.05626266,0.3368348,0.2112495,0.3956529
494,0.05703298,0.3326074,0.2094694,0.4008902
495,0.05763907,0.330371,0.2069371,0.4050528
496,0.05810842,0.3293889,0.204197,0.4083056
497,0.05846735,0.329163,0.2015654,0.4108042
498,0.05873893,0.3293623,0.1992149,0.4126839
499,0.05894261,0.3297722,0.197223,0.4140623
500,0.05909422,0.3302596,0.1956073,0.4150389
501,0.0592064,0.3307468,0.1943485,0.4156984
502,0.05928975,0.3311911,0.1934002,0.416119
503,0.05935225,0.3315752,0.1927096,0.416363
504,0.05939977,0.3318968,0.1922256,0.4164778
505,0.05694398,0.3555761,0.1883154,0.3991646
506,0.05524176,0.3686065,0.1887072,0.3874446
507,0.05418111,0.3751538,0.1902456,0.3804195
508,0.05353881,0.3781927,0.1919107,0.3763578
509,0.05315952,0.3794241,0.193334,0.3740824
510,0.05294095,0.3797823,0.1944376,0.3728391
511,0.05281766,0.379761,0.195259,0.3721623
512,0.05274882,0.3796076,0.1958698,0.3717737
513,0.05270953,0.3794364,0.196341,0.371513
514,0.05268484,0.3792935,0.1967317,0.37129
515,0.05266618,0.3791907,0.1970851,0.371058
516,0.05264887,0.3791255,0.1974301,0.3707956
517,0.05566323,0.3497518,0.2030749,0.3915101
518,0.05798844,0.3314205,0.2037446,0.4068464
519,0.05966241,0.3203623,0.2027487,0.4172267
520,0.06080587,0.3140337,0.2014372,0.4237232
521,0.06154341,0.3106671,0.2004166,0.4273729
522,0.06198948,0.3090615,0.1998663,0.4290826
523,0.06224022,0.308434,0.1997413,0.4295844
524,0.06237077,0.3083014,0.1998963,0.4294315
525,0.06243632,0.3083864,0.2001596,0.4290178
526,0.06247497,0.3085445,0.2003758,0.4286048
527,0.06251094,0.3087115,0.2004277,0.42835
528,0.06255771,0.3088672,0.2002458,0.4283293
529,0.06408234,0.2957227,0.2016199,0.4385751
530,0.0653194,0.287241,0.2006937,0.4467459
531,0.06624991,0.2820157,0.1990348,0.4526995
532,0.06693275,0.2789461,0.1971956,0.4569255
533,0.06742422,0.2772655,0.1954478,0.4598625
534,0.06777395,0.2764474,0.1938989,0.4618797
535,0.06802222,0.2761407,0.192573,0.4632641
536,0.06819959,0.2761195,0.1914571,0.4642239
537,0.06832812,0.2762447,0.1905258,0.4649014
538,0.06842323,0.276434,0.1897513,0.4653915
539,0.06849531,0.2766418,0.1891088,0.465754
540,0.06855121,0.2768446,0.1885781,0.466026
541,0.06391241,0.3187641,0.1829998,0.4343237
542,0.06057631,0.342914,0.1844256,0.412084
543,0.05855004,0.3549061,0.1873053,0.3992386
544,0.05735409,0.360477,0.189992,0.3921769
545,0.05666268,0.362812,0.192042,0.3884833
546,0.05627093,0.363598,0.1934608,0.3866702
547,0.05605318,0.363702,0.1943895,0.3858553
548,0.05593356,0.3635509,0.1949853,0.3855302
549,0.05586698,0.3633406,0.1953803,0.3854121
550,0.0558272,0.3631498,0.1956729,0.3853501
551,0.05579939,0.3630011,0.1959303,0.3852693
552,0.05577538,0.362893,0.1961957,0.385136
553,0.05727829,0.3491769,0.1978284,0.3957165
554,0.05841782,0.340961,0.1970901,0.4035311
555,0.05919152,0.3363715,0.1959214,0.4085155
556,0.05968815,0.3340046,0.1948723,0.411435
557,0.05998529,0.3329317,0.1941614,0.4129216
558,0.06014593,0.332561,0.1938257,0.4134673
559,0.06021798,0.332534,0.1938152,0.4134328
560,0.06023583,0.3326473,0.1940478,0.4130691
561,0.06022324,0.3327955,0.1944369,0.4125444
562,0.06019604,0.3329309,0.1949047,0.4119684
563,0.0601646,0.3330374,0.1953863,0.4114116
564,0.06013559,0.333115,0.1958305,0.4109189
565,0.05808285,0.3520598,0.1930197,0.3968377
566,0.05665827,0.3626278,0.1933123,0.3874017
567,0.05576259,0.3680955,0.194372,0.3817699
568,0.05522289,0.370747,0.1954012,0.3786289
569,0.05491257,0.3719197,0.1961326,0.3770351
570,0.0547445,0.3723633,0.1965397,0.3763525
571,0.05466121,0.3724793,0.1966873,0.3761722
572,0.05462595,0.3724712,0.1966609,0.376242
573,0.05461608,0.3724331,0.1965372,0.3764137
574,0.05461809,0.3724025,0.1963746,0.3766049
575,0.05462429,0.3723893,0.1962131,0.3767734
576,0.05463056,0.3723915,0.1960775,0.3769004
577,0.05561627,0.3634388,0.1971397,0.3838052
578,0.05634789,0.3582606,0.1965783,0.3888132
579,0.05683823,0.3554849,0.1956809,0.391996
580,0.05715162,0.354133,0.1948282,0.3938872
581,0.05734108,0.3535802,0.1941739,0.3949048
582,0.05744785,0.3534425,0.1937468,0.3953628
583,0.05750208,0.3534959,0.1935189,0.3954832
584,0.05752461,0.3536186,0.1934423,0.3954145
585,0.05752926,0.3537505,0.1934687,0.3952516
586,0.0575248,0.3538662,0.1935565,0.3950525
587,0.05751663,0.3539587,0.1936735,0.3948512
588,0.05750792,0.3540294,0.1937962,0.3946664
589,0.05679358,0.3604165,0.1931959,0.3895942
590,0.05628642,0.363998,0.1936277,0.386088
591,0.055962,0.3658528,0.1942376,0.3839476
592,0.05576257,0.366744,0.1947846,0.3827088
593,0.05564556,0.3671249,0.1951871,0.3820424
594,0.0555808,0.3672548,0.1954422,0.3817222
595,0.05554782,0.3672746,0.1955787,0.3815989
596,0.05553322,0.3672558,0.1956325,0.3815785
597,0.05552853,0.3672314,0.1956367,0.3816035
598,0.0555287,0.3672134,0.1956161,0.3816418
599,0.05553079,0.3672042,0.1955884,0.3816765
600,0.05553319,0.3672022,0.1955653,0.3816993
601,0.05367493,0.3846412,0.1926263,0.3690577
602,0.05242228,0.39378,0.1929878,0.3608099
603,0.05164688,0.3981813,0.1941993,0.3559725
604,0.05117927,0.4000807,0.1954784,0.3532616
605,0.05090396,0.400726,0.196546,0.3518241
606,0.05074509,0.4007895,0.197352,0.3511133
607,0.05065423,0.4006177,0.1979362,0.3507919
608,0.05060137,0.4003775,0.1983621,0.350659
609,0.05056845,0.4001415,0.1986895,0.3506005
610,0.05054486,0.399935,0.1989658,0.3505543
611,0.05052468,0.3997616,0.1992245,0.3504893
612,0.05050479,0.3996163,0.1994864,0.3503926
613,0.05278254,0.3773098,0.2039624,0.3659453
614,0.05447824,0.364081,0.2043311,0.3771097
615,0.05564701,0.3565967,0.2033875,0.3843687
616,0.05640779,0.3526573,0.2022229,0.3887121
617,0.05687235,0.3507956,0.2013085,0.3910235
618,0.0571353,0.3500717,0.2007712,0.3920218
619,0.05727015,0.3499152,0.2005678,0.3922469
620,0.05733036,0.3500033,0.2005874,0.392079
621,0.05735267,0.3501689,0.2007069,0.3917716
622,0.057361,0.3503367,0.200819,0.3914833
623,0.05736981,0.3504814,0.2008448,0.391304
624,0.05738685,0.3506019,0.2007358,0.3912754
625,0.05683659,0.3561251,0.1995236,0.3875147
626,0.05646215,0.3592951,0.199152,0.3850908
627,0.0562395,0.3610247,0.1989377,0.3837981
628,0.05612246,0.3619322,0.1986773,0.383268
629,0.05607412,0.3623943,0.1983194,0.3832121
630,0.05606709,0.3626298,0.1978829,0.3834202
631,0.05608241,0.3627585,0.1974097,0.3837494
632,0.05610765,0.3628414,0.1969415,0.3841094
633,0.05613529,0.3629062,0.1965105,0.384448
634,0.05616092,0.3629636,0.1961387,0.3847368
635,0.05618236,0.3630159,0.1958375,0.3849643
636,0.0561987,0.3630621,0.1956111,0.3851281
637,0.05508206,0.3737828,0.193483,0.3776521
638,0.05430349,0.3796636,0.1934354,0.3725976
639,0.05380282,0.3826611,0.1940368,0.3694992
640,0.05348994,0.3840523,0.1947799,0.3676778
641,0.05329818,0.3845945,0.1954641,0.3666432
642,0.05318137,0.3847176,0.1960363,0.3660648
643,0.05310888,0.3846545,0.1965058,0.3657308
644,0.05306121,0.3845243,0.1969023,0.3655122
645,0.05302638,0.3843828,0.1972568,0.365334
646,0.05299734,0.3842525,0.1975939,0.3651562
647,0.0529702,0.3841401,0.1979303,0.3649595
648,0.05294299,0.3840448,0.198275,0.3647372
649,0.05360524,0.3772258,0.2000669,0.369102
650,0.05406477,0.3733134,0.2006785,0.3719434
651,0.05436186,0.371154,0.2008622,0.3736219
652,0.05453996,0.3700343,0.2009502,0.3744755
653,0.05463738,0.3694978,0.2010681,0.3747967
654,0.05468405,0.369269,0.2012382,0.3748087
655,0.05470175,0.3691907,0.2014375,0.37467
656,0.05470553,0.3691792,0.2016279,0.3744875
657,0.05470531,0.3691933,0.2017718,0.3743297
658,0.05470721,0.3692161,0.2018403,0.3742364
659,0.05471458,0.3692425,0.2018156,0.3742273
660,0.05472876,0.3692726,0.2016919,0.3743067
661,0.0539811,0.3766756,0.2000149,0.3693283
662,0.0534739,0.3807392,0.1996766,0.3661103
663,0.05316084,0.3828478,0.1997072,0.3642842
664,0.05298021,0.3838686,0.1997722,0.3633789
665,0.05288477,0.3843167,0.1997581,0.3630403
666,0.05284099,0.3844837,0.1996534,0.3630219
667,0.05282634,0.3845259,0.1994853,0.3631625
668,0.05282633,0.3845215,0.1992902,0.3633619
669,0.05283213,0.3845058,0.1991005,0.3635616
670,0.05283867,0.3844913,0.1989389,0.3637311
671,0.05284326,0.3844804,0.19882,0.3638564
672,0.05284465,0.3844714,0.1987512,0.3639328
673,0.05529239,0.3612225,0.2028745,0.3806106
674,0.05715438,0.347119,0.2028142,0.3929124
675,0.05846379,0.3389385,0.2014747,0.401123
676,0.0593381,0.3344953,0.1999377,0.4062289
677,0.05988976,0.3323063,0.1986817,0.4091222
678,0.06021636,0.3313959,0.1978431,0.4105446
679,0.06039553,0.3311522,0.1973874,0.4110649
680,0.060485,0.3312145,0.1972085,0.411092
681,0.06052528,0.3313859,0.1971858,0.4109031
682,0.06054297,0.331571,0.1972138,0.4106722
683,0.06055463,0.3317316,0.1972126,0.4105012
684,0.06056955,0.3318597,0.1971303,0.4104404
685,0.05854285,0.350552,0.1942562,0.396649
686,0.05713247,0.3609464,0.1945501,0.3873711
687,0.05626535,0.3662407,0.1954672,0.3820267
688,0.05575649,0.3687563,0.1962966,0.3791906
689,0.0554743,0.3698291,0.1968213,0.3778754
690,0.05532914,0.3702001,0.1970482,0.3774226
691,0.05526258,0.3702627,0.1970604,0.3774145
692,0.05523786,0.3702127,0.1969506,0.3775989
693,0.05523289,0.3701387,0.196796,0.3778324
694,0.05523511,0.370074,0.1966493,0.3780416
695,0.05523781,0.3700258,0.1965434,0.378193
696,0.05523769,0.3699911,0.1964955,0.3782757
697,0.05556093,0.3671159,0.1967179,0.3806053
698,0.05579545,0.365503,0.1964377,0.3822638
699,0.0559408,0.3646892,0.1961472,0.3832228
700,0.0560234,0.3643226,0.1959498,0.3837042
701,0.05606323,0.3641905,0.1958776,0.3838687
702,0.05607516,0.3641693,0.1959241,0.3838315
703,0.05606975,0.3641909,0.1960663,0.3836731
704,0.05605433,0.3642212,0.1962759,0.3834485
705,0.05603386,0.3642457,0.1965258,0.3831947
706,0.05601162,0.36426,0.1967922,0.3829361
707,0.05598982,0.3642648,0.1970555,0.3826898
708,0.05596998,0.3642628,0.1972995,0.3824677
709,0.05548365,0.3682194,0.1973702,0.3789268
710,0.05512321,0.3703417,0.1982407,0.3762944
711,0.05489733,0.3713095,0.1990873,0.3747059
712,0.05476099,0.3716718,0.1997788,0.3737885
713,0.05468438,0.3717362,0.2002689,0.3733104
714,0.05464657,0.3716734,0.2005662,0.3731137
715,0.0546332,0.3715727,0.2007025,0.3730917
716,0.05463465,0.3714765,0.2007147,0.3731742
717,0.05464464,0.3714012,0.2006382,0.3733159
718,0.05465911,0.3713505,0.2005032,0.3734872
719,0.05467544,0.3713216,0.200334,0.3736689
720,0.05469199,0.3713098,0.2001494,0.3738488
721,0.05370739,0.3812156,0.1976058,0.3674711
722,0.05303924,0.3866484,0.1969454,0.3633671
723,0.05260903,0.3894928,0.1970118,0.3608862
724,0.05234304,0.3908724,0.1972893,0.3594953
725,0.05218347,0.3914656,0.1975733,0.3587776
726,0.05208967,0.3916607,0.1978028,0.3584468
727,0.05203453,0.3916695,0.1979779,0.358318
728,0.05200079,0.3916014,0.1981193,0.3582786
729,0.0519778,0.3915085,0.1982501,0.3582637
730,0.05195925,0.3914135,0.1983899,0.3582374
731,0.05194163,0.3913237,0.198552,0.3581827
732,0.0519231,0.3912401,0.1987437,0.3580931
733,0.05296605,0.3809746,0.2008818,0.3651775
734,0.05370867,0.3750925,0.2011908,0.3700081
735,0.05419722,0.3718834,0.2009384,0.3729809
736,0.05449944,0.3702502,0.2006143,0.3746361
737,0.05467321,0.3694949,0.2004125,0.3754193
738,0.05476366,0.369195,0.2003735,0.3756678
739,0.05480367,0.3691089,0.2004673,0.3756201
740,0.05481594,0.3691081,0.2006392,0.3754368
741,0.05481553,0.3691305,0.2008329,0.375221
742,0.05481197,0.3691512,0.2010008,0.375036
743,0.05481087,0.369164,0.2011082,0.3749169
744,0.05481522,0.3691709,0.2011341,0.3748797
745,0.05511298,0.3662103,0.2019263,0.3767505
746,0.05533081,0.364505,0.2020913,0.378073
747,0.05549176,0.3635485,0.2019073,0.3790524
748,0.055609,0.363056,0.2015637,0.3797713
749,0.05569587,0.3628359,0.2011489,0.3803193
750,0.05576248,0.3627691,0.2007068,0.3807617
751,0.0558157,0.3627844,0.2002602,0.3811396
752,0.05585981,0.3628412,0.1998237,0.3814754
753,0.05589725,0.3629168,0.1994078,0.3817782
754,0.05592953,0.3629985,0.1990193,0.3820528
755,0.05595744,0.3630795,0.1986632,0.3822999
756,0.05598139,0.3631565,0.1983434,0.3825186
757,0.05686242,0.3550837,0.1995745,0.3884794
758,0.05750956,0.3503321,0.1994577,0.3927007
759,0.0579535,0.3476699,0.1989173,0.3954592
760,0.05824531,0.3462769,0.1983199,0.3971579
761,0.05842991,0.345617,0.1978139,0.3981393
762,0.05854279,0.3453558,0.1974362,0.3986652
763,0.05861004,0.3452952,0.1971736,0.3989213
764,0.05864968,0.3453242,0.1969953,0.3990308
765,0.05867363,0.3453853,0.1968694,0.3990716
766,0.05868934,0.3454519,0.1967695,0.3990893
767,0.05870124,0.3455136,0.1966766,0.3991086
768,0.05871184,0.3455684,0.1965785,0.3991412
769,0.05756358,0.3566705,0.1942156,0.3915504
770,0.0567562,0.3629939,0.1938283,0.3864217
771,0.05623258,0.3663912,0.1940996,0.3832766
772,0.05590719,0.3681036,0.1945109,0.3814783
773,0.05571273,0.3688945,0.1948591,0.3805337
774,0.05560087,0.3692104,0.1950919,0.3800968
775,0.05553885,0.3692997,0.1952213,0.3799402
776,0.05550536,0.3692936,0.1952792,0.3799219
777,0.05548709,0.3692562,0.1952991,0.3799575
778,0.05547611,0.3692155,0.1953072,0.3800013
779,0.05546788,0.369181,0.1953214,0.3800297
780,0.05545999,0.3691541,0.1953529,0.3800331
781,0.05357146,0.3866612,0.1925265,0.3672408
782,0.0523016,0.3957868,0.1929761,0.3589355
783,0.05151347,0.4001619,0.1942639,0.3540608
784,0.05103473,0.4020399,0.1956104,0.351315
785,0.05074887,0.402672,0.196739,0.3498401
786,0.05057989,0.402729,0.1975998,0.3490913
787,0.05047946,0.4025547,0.1982322,0.3487336
788,0.05041775,0.4023141,0.1986994,0.3485687
789,0.0503768,0.4020781,0.1990612,0.3484839
790,0.05034618,0.4018711,0.1993641,0.3484186
791,0.05032009,0.401696,0.1996404,0.3483435
792,0.05029552,0.4015477,0.1999099,0.3482468
793,0.05141168,0.3905555,0.202078,0.3559548
794,0.05220922,0.3843558,0.2021508,0.3612842
795,0.05273036,0.3810645,0.2016389,0.3645663
796,0.05305231,0.379458,0.201063,0.3664266
797,0.05323864,0.3787723,0.2006304,0.3673587
798,0.0533382,0.3785509,0.2003808,0.36773
799,0.05338612,0.3785372,0.2002791,0.3677976
800,0.05340633,0.3785974,0.2002652,0.3677311
801,0.05341424,0.3786692,0.2002806,0.367636
802,0.0534192,0.3787291,0.200279,0.3675728
803,0.0534264,0.3787721,0.2002295,0.367572
804,0.05343827,0.3788019,0.2001159,0.367644
805,0.05440527,0.3698374,0.2015105,0.3742467
806,0.05511818,0.3646685,0.2012276,0.3789857
807,0.05560967,0.3618518,0.2004069,0.3821316
808,0.05593882,0.3604351,0.1994735,0.3841527
809,0.05615508,0.3598109,0.1986097,0.3854242
810,0.05629646,0.3596077,0.1978717,0.3862242
811,0.05639011,0.3596089,0.1972584,0.3867426
812,0.05645418,0.3596962,0.1967492,0.3871004
813,0.05650014,0.3598096,0.1963215,0.3873687
814,0.05653495,0.3599214,0.1959569,0.3875867
815,0.05656263,0.3600211,0.1956424,0.3877739
816,0.05658536,0.3601063,0.19537,0.3879383
817,0.05527923,0.3724667,0.1931955,0.3790585
818,0.05437544,0.379203,0.1933059,0.3731157
819,0.05380585,0.3825974,0.1940174,0.3695794
820,0.05345834,0.384162,0.1947941,0.3675856
821,0.05325252,0.3847749,0.1954395,0.3665331
822,0.05313371,0.3849262,0.1959164,0.3660236
823,0.05306609,0.3848768,0.1962516,0.3658054
824,0.05302706,0.3847575,0.1964893,0.3657261
825,0.05300282,0.3846279,0.1966719,0.3656974
826,0.05298522,0.3845107,0.1968326,0.3656715
827,0.05296976,0.384411,0.1969946,0.3656246
828,0.05295406,0.3843269,0.197172,0.3655471
829,0.05441727,0.3701974,0.1998686,0.3755167
830,0.05549081,0.3619053,0.2000348,0.3825692
831,0.05621683,0.3572807,0.1994407,0.3870617
832,0.05668161,0.3548774,0.1987449,0.389696
833,0.05696127,0.353751,0.1982228,0.3910649
834,0.05711722,0.3533103,0.1979426,0.3916299
835,0.05719548,0.3532043,0.1978743,0.3917259
836,0.05722853,0.3532387,0.1979507,0.391582
837,0.05723821,0.3533148,0.1980999,0.3913471
838,0.05723858,0.3533886,0.1982596,0.3911132
839,0.0572381,0.353446,0.1983834,0.3909326
840,0.0572415,0.3534866,0.1984408,0.3908312
841,0.05710521,0.3548266,0.1982569,0.3898113
842,0.05701646,0.3556038,0.1981948,0.389185
843,0.05696994,0.3560331,0.1980973,0.3888996
844,0.05695333,0.356267,0.1979294,0.3888502
845,0.05695665,0.3563984,0.197691,0.388954
846,0.05697214,0.3564811,0.1973989,0.3891478
847,0.0569941,0.3565446,0.1970756,0.3893857
848,0.05701857,0.3566028,0.1967427,0.389636
849,0.05704293,0.3566613,0.1964182,0.3898775
850,0.05706546,0.3567215,0.1961162,0.3900969
851,0.05708521,0.356782,0.1958463,0.3902865
852,0.05710169,0.3568412,0.1956145,0.3904427
853,0.05456358,0.3809257,0.1910916,0.3734191
854,0.05286847,0.3935396,0.1911436,0.3624483
855,0.05182803,0.3996264,0.1924615,0.356084
856,0.05120331,0.4022944,0.193951,0.3525513
857,0.05083496,0.4032552,0.1952199,0.3506899
858,0.05062055,0.4034207,0.1961866,0.3497722
859,0.05049581,0.4032575,0.1968908,0.349356
860,0.05042122,0.4029906,0.1974073,0.349181
861,0.05037311,0.4027182,0.1978091,0.3490996
862,0.05033772,0.4024754,0.198154,0.3490329
863,0.05030729,0.4022683,0.1984831,0.3489414
864,0.0502777,0.4020917,0.1988227,0.3488079
865,0.05411735,0.3642294,0.2068042,0.3748491
866,0.05710014,0.3404374,0.2081841,0.3942784
867,0.05927016,0.3259178,0.2071862,0.4076258
868,0.06075897,0.3174905,0.2056821,0.4160684
869,0.06171597,0.312913,0.204527,0.4208441
870,0.06228635,0.3106394,0.203982,0.4230923
871,0.06259752,0.3096468,0.2039832,0.4237725
872,0.06275297,0.3092957,0.2043112,0.4236402
