EwEVersion,"6.5.13829.0 (compiled 2016-05-17)"
Date,"2016-09-06 18:44:37"
ModelName,Baltic_Proper-SEALS
EcosimScenario,Proper1_SealVuln100_19742100_seal0_cofF1
TimeSeries,new_data_weights_19742100_BAU_WAR1_codF1_seal0
StartYear,1974

Data,"Prey of Temora sp"

TimeStep,"Cyanobacteria","Phytoplankton","microzooplankton","Detritus-water column",
1,0.04225926,0.6065167,0.1818384,0.1693856
2,0.03843141,0.6257737,0.1810654,0.1547296
3,0.0365148,0.6314564,0.1842176,0.1478111
4,0.03551377,0.6320713,0.1878981,0.1445169
5,0.03498649,0.6309366,0.1910353,0.1430416
6,0.03471035,0.6293929,0.1934095,0.1424873
7,0.03456669,0.6279414,0.1951074,0.1423845
8,0.03449094,0.6267244,0.1962997,0.1424848
9,0.03444799,0.6257406,0.1971526,0.1426588
10,0.03441905,0.6249409,0.197799,0.142841
11,0.03439435,0.6242702,0.198335,0.1430005
12,0.03436902,0.623682,0.198825,0.1431241
13,0.03504702,0.6175472,0.2012598,0.146146
14,0.03547345,0.6146087,0.2018546,0.1480632
15,0.03571071,0.6132495,0.2019098,0.14913
16,0.03582744,0.6126234,0.2018863,0.1496628
17,0.03586937,0.6122902,0.2019732,0.1498673
18,0.0358667,0.6120398,0.2022164,0.1498771
19,0.03583881,0.6117858,0.2025973,0.1497781
20,0.03579811,0.6115039,0.2030725,0.1496255
21,0.03575267,0.6111991,0.2035918,0.1494565
22,0.03570799,0.6108875,0.2041071,0.1492974
23,0.03566799,0.6105883,0.2045756,0.1491682
24,0.03563545,0.6103187,0.204962,0.1490838
25,0.03168522,0.6408311,0.1948487,0.132635
26,0.02964744,0.6499566,0.1960325,0.1243634
27,0.0286395,0.6517194,0.1990227,0.1206185
28,0.02812166,0.6510121,0.2018997,0.1189665
29,0.02786311,0.6496834,0.2040507,0.1184028
30,0.02774151,0.6484029,0.20546,0.1183956
31,0.02769012,0.6473576,0.2062961,0.1186562
32,0.02767263,0.6465501,0.2067476,0.1190296
33,0.02766973,0.6459256,0.2069694,0.1194354
34,0.02767111,0.6454218,0.2070757,0.1198313
35,0.02767178,0.6449878,0.2071418,0.1201985
36,0.02766954,0.6445874,0.2072133,0.1205297
37,0.02845109,0.6369651,0.2103782,0.1242056
38,0.02894338,0.6335509,0.2109403,0.1265653
39,0.02922915,0.6321344,0.2106663,0.1279702
40,0.02938368,0.6316024,0.2102372,0.1287767
41,0.02945791,0.6313975,0.2099236,0.1292209
42,0.02948493,0.6312666,0.2097943,0.1294541
43,0.02948536,0.631112,0.209833,0.1295696
44,0.02947164,0.6309086,0.2099968,0.129623
45,0.02945112,0.6306613,0.2102404,0.1296472
46,0.0294286,0.6303865,0.2105206,0.1296643
47,0.02940696,0.6301019,0.2108028,0.1296882
48,0.02938797,0.629823,0.2110612,0.1297279
49,0.03022137,0.6217711,0.2145301,0.1334775
50,0.03075721,0.6181589,0.2152077,0.1358762
51,0.0310782,0.6167274,0.214903,0.1372914
52,0.03126489,0.6163185,0.2143048,0.1381118
53,0.03137182,0.6163386,0.2136969,0.1385926
54,0.03143433,0.6165078,0.2131615,0.1388964
55,0.031474,0.616708,0.2126987,0.1391193
56,0.0315032,0.6168982,0.212284,0.1393146
57,0.03152857,0.6170697,0.2118927,0.139509
58,0.03155274,0.6172238,0.2115135,0.1397099
59,0.03157659,0.6173632,0.2111428,0.1399174
60,0.03160006,0.6174892,0.2107833,0.1401275
61,0.03194922,0.6139861,0.2123996,0.141665
62,0.03216113,0.6123072,0.2129683,0.1425634
63,0.03230232,0.6115549,0.2129701,0.1431727
64,0.03239315,0.6112732,0.2127598,0.1435739
65,0.03245208,0.6112144,0.2124862,0.1438474
66,0.03249156,0.6112514,0.2122104,0.1440465
67,0.03251944,0.6113232,0.2119536,0.1442037
68,0.03254034,0.6114015,0.2117212,0.144337
69,0.03255688,0.6114739,0.2115141,0.1444552
70,0.03257072,0.6115365,0.2113287,0.144564
71,0.03258264,0.6115885,0.2111632,0.1446657
72,0.03259306,0.6116302,0.2110162,0.1447605
73,0.03030401,0.6312861,0.2037389,0.1346709
74,0.02904118,0.6380054,0.2037009,0.1292524
75,0.02836677,0.6397136,0.2053659,0.1265537
76,0.02800392,0.6395267,0.2072059,0.1252636
77,0.02781017,0.6387452,0.2087269,0.1247177
78,0.02770728,0.6378844,0.209853,0.1245553
79,0.02765162,0.6371161,0.2106545,0.1245777
80,0.02761905,0.6364709,0.2112332,0.1246769
81,0.02759641,0.6359282,0.2116798,0.1247956
82,0.02757679,0.6354556,0.2120627,0.1249049
83,0.02755669,0.6350243,0.2124275,0.1249915
84,0.02753452,0.6346132,0.2128022,0.1250501
85,0.02758659,0.6344589,0.2124016,0.1255529
86,0.02762656,0.6344942,0.2118825,0.1259966
87,0.02762882,0.6345138,0.2116553,0.126202
88,0.02761395,0.6344552,0.2116396,0.1262912
89,0.02758896,0.6343102,0.2117955,0.1263052
90,0.02755711,0.6340895,0.2120893,0.1262641
91,0.02752015,0.6338085,0.212492,0.1261792
92,0.02747921,0.6334829,0.2129785,0.1260593
93,0.0274353,0.6331269,0.2135259,0.1259119
94,0.02738957,0.6327532,0.2141115,0.1257457
95,0.02734348,0.6323741,0.2147112,0.1255712
96,0.0272988,0.6320019,0.2152984,0.1254009
97,0.02674976,0.6367372,0.2135378,0.1229753
98,0.0264229,0.6384377,0.2135247,0.1216147
99,0.02622928,0.638844,0.21404,0.1208869
100,0.02611997,0.6387477,0.2145708,0.1205615
101,0.0260634,0.6385122,0.214935,0.1204894
102,0.0260402,0.6382878,0.2150927,0.1205793
103,0.02603832,0.6381235,0.2150642,0.120774
104,0.02605009,0.6380225,0.2148913,0.1210361
105,0.02607037,0.63797,0.2146201,0.1213395
106,0.02609539,0.6379458,0.2142948,0.121664
107,0.02612229,0.6379318,0.2139529,0.121993
108,0.02614889,0.6379134,0.2136239,0.1223138
109,0.02715872,0.628536,0.2170938,0.1272113
110,0.02782937,0.6245598,0.2171495,0.1304614
111,0.02823782,0.6231818,0.2161831,0.1323973
112,0.02847921,0.6229627,0.2150434,0.1335147
113,0.02861698,0.6231716,0.2140788,0.1341327
114,0.02869282,0.6234723,0.2133772,0.1344576
115,0.02873287,0.623732,0.2129184,0.1346167
116,0.02875281,0.6239138,0.2126483,0.1346851
117,0.02876174,0.6240219,0.2125106,0.1347058
118,0.02876473,0.6240725,0.2124608,0.1347019
119,0.02876464,0.6240831,0.212466,0.1346863
120,0.02876306,0.6240683,0.2125027,0.134666
121,0.02840233,0.6271316,0.2115198,0.1329462
122,0.02817755,0.628211,0.2117312,0.1318802
123,0.02805204,0.6284446,0.2121859,0.1313175
124,0.02798159,0.628346,0.2126468,0.1310256
125,0.02794281,0.628147,0.2130231,0.130887
126,0.02792186,0.6279442,0.213301,0.130833
127,0.02791063,0.6277705,0.2134951,0.1308238
128,0.02790448,0.6276315,0.2136271,0.1308369
129,0.02790091,0.6275222,0.2137164,0.1308605
130,0.02789855,0.6274355,0.2137778,0.1308881
131,0.02789669,0.6273651,0.2138215,0.1309167
132,0.02789495,0.627306,0.2138545,0.1309445
133,0.03065085,0.5983096,0.2276385,0.143401
134,0.03256273,0.5828114,0.2330687,0.1515572
135,0.03383421,0.5752503,0.2342731,0.1566423
136,0.03461134,0.5720226,0.2339525,0.1594136
137,0.03505505,0.5709564,0.2332959,0.1606926
138,0.03529407,0.5708637,0.2327275,0.1611147
139,0.03541952,0.5711622,0.2323028,0.1611155
140,0.03549044,0.5716034,0.231938,0.1609682
141,0.03554242,0.572102,0.2315259,0.1608296
142,0.03559602,0.5726427,0.2309755,0.1607858
143,0.03566169,0.5732319,0.2302314,0.160875
144,0.03574385,0.5738794,0.2292692,0.1611076
145,0.03195019,0.6100616,0.2137857,0.1442025
146,0.03004842,0.6233385,0.2105123,0.1361007
147,0.0290988,0.628192,0.2103015,0.1324077
148,0.02862046,0.6297182,0.2108355,0.1308257
149,0.02838237,0.6299728,0.2113832,0.1302617
150,0.02826682,0.6298009,0.2117612,0.130171
151,0.02821267,0.6295306,0.2119743,0.1302824
152,0.02818824,0.6292707,0.2120768,0.1304642
153,0.02817729,0.6290432,0.2121239,0.1306556
154,0.02817148,0.628841,0.2121578,0.1308298
155,0.02816665,0.6286499,0.2122072,0.1309763
156,0.0281607,0.6284574,0.2122902,0.1310916
157,0.03472828,0.5643542,0.2396912,0.1612262
158,0.04058484,0.5214308,0.2505951,0.1873892
159,0.04530258,0.4943512,0.2528247,0.2075215
160,0.04879257,0.4786167,0.2510623,0.2215284
161,0.05116981,0.470391,0.2481976,0.2302417
162,0.05265837,0.4667407,0.2456858,0.2349152
163,0.05350786,0.4656244,0.2440389,0.2368289
164,0.05394025,0.4657604,0.2432369,0.2370625
165,0.05412736,0.466437,0.2430176,0.2364181
166,0.05419026,0.4673143,0.2430564,0.2354391
167,0.05420845,0.4682623,0.2430615,0.2344678
168,0.05423032,0.4692502,0.2428192,0.2337003
169,0.04855016,0.517,0.2255255,0.2089242
170,0.04541732,0.5389424,0.2198619,0.1957784
171,0.04405222,0.549458,0.2156175,0.1908722
172,0.04341233,0.5552698,0.2122164,0.1891014
173,0.04309561,0.5586369,0.2097553,0.1885121
174,0.04294925,0.5606992,0.2079122,0.1884393
175,0.04288836,0.5620319,0.2065427,0.1885371
176,0.04286762,0.5629374,0.2055508,0.1886441
177,0.04286429,0.5635803,0.2048554,0.1887
178,0.04286774,0.5640528,0.2043864,0.1886931
179,0.04287312,0.5644095,0.2040873,0.1886301
180,0.04287818,0.5646853,0.2039153,0.1885211
181,0.04130099,0.5781647,0.1989375,0.1815969
182,0.04033046,0.5844141,0.1978659,0.1773894
183,0.03975451,0.5871081,0.19821,0.1749275
184,0.03941651,0.5880791,0.1990123,0.1734921
185,0.03921933,0.5882666,0.1998706,0.1726435
186,0.03910331,0.5881366,0.2006438,0.1721164
187,0.03903221,0.5879068,0.2013078,0.1717532
188,0.03898434,0.5876691,0.2018845,0.171462
189,0.03894685,0.5874543,0.2024089,0.1711899
190,0.03891243,0.5872657,0.2029139,0.1709079
191,0.0388769,0.5870962,0.2034263,0.1706006
192,0.038838,0.5869362,0.2039657,0.17026
193,0.03790483,0.5944884,0.2015148,0.166092
194,0.03731602,0.597797,0.2014185,0.1634685
195,0.03694726,0.5990525,0.2021876,0.1618125
196,0.03671444,0.5993344,0.2032092,0.1607421
197,0.03656368,0.5991977,0.2042227,0.1600159
198,0.03646186,0.5989166,0.2051318,0.1594896
199,0.03638925,0.598618,0.2059121,0.1590806
200,0.03633462,0.5983545,0.2065666,0.1587442
201,0.03629192,0.5981442,0.2071051,0.1584587
202,0.03625831,0.5979899,0.2075354,0.1582164
203,0.03623264,0.5978889,0.2078623,0.1580161
204,0.03621458,0.597837,0.2080894,0.1578592
205,0.04006597,0.5647874,0.2208415,0.1743051
206,0.04298521,0.5459951,0.2246092,0.1864105
207,0.04501963,0.5361236,0.2244169,0.1944399
208,0.04635155,0.5316222,0.2226805,0.1993458
209,0.04717795,0.5301,0.2206309,0.202091
210,0.04767158,0.5300758,0.2187681,0.2034845
211,0.0479641,0.530709,0.2172056,0.2041213
212,0.04814629,0.5315692,0.2158874,0.2043971
213,0.04827528,0.532463,0.2147122,0.2045495
214,0.04838158,0.5333192,0.2136071,0.2046921
215,0.04847981,0.5341199,0.2125326,0.2048678
216,0.04857496,0.5348656,0.2114812,0.2050782
217,0.04356259,0.5754305,0.1969627,0.1840442
218,0.04081399,0.5921867,0.1941646,0.1728347
219,0.03934526,0.5987105,0.1948309,0.1671133
220,0.03855472,0.60082,0.1963971,0.1642282
221,0.03813424,0.6011029,0.1979248,0.1628379
222,0.03791652,0.6007254,0.1991314,0.1622267
223,0.03780838,0.6001912,0.1999937,0.1620066
224,0.03775772,0.5996953,0.2005784,0.1619685
225,0.03773562,0.599293,0.2009694,0.1620021
226,0.03772626,0.5989819,0.2012408,0.162051
227,0.0377213,0.5987409,0.2014494,0.1620885
228,0.03771649,0.598546,0.2016347,0.1621028
229,0.03845241,0.591603,0.2048213,0.1651233
230,0.03891934,0.5880435,0.2061103,0.1669268
231,0.03920747,0.5862759,0.2065587,0.167958
232,0.03937257,0.5854444,0.2067178,0.1684653
233,0.03945803,0.5850636,0.2068371,0.1686413
234,0.03949425,0.5848758,0.2070108,0.1686192
235,0.0395015,0.5847553,0.2072571,0.1684861
236,0.03949277,0.5846486,0.2075611,0.1682975
237,0.03947629,0.5845396,0.2078959,0.1680882
238,0.03945729,0.5844294,0.2082326,0.1678807
239,0.03943906,0.5843266,0.2085448,0.1676895
240,0.03942364,0.5842413,0.208811,0.1675241
241,0.03773551,0.596797,0.2052789,0.1601886
242,0.03670697,0.6016741,0.2058674,0.1557515
243,0.03614175,0.6031883,0.207248,0.153422
244,0.03583362,0.6033375,0.2085942,0.1522346
245,0.03567247,0.6030234,0.2096149,0.1516892
246,0.03559404,0.6026336,0.2102751,0.1514972
247,0.03556061,0.6023111,0.2106372,0.151491
248,0.03555027,0.6020886,0.2107871,0.151574
249,0.03555063,0.601954,0.2108032,0.1516922
250,0.03555527,0.6018831,0.2107432,0.1518185
251,0.03556089,0.6018521,0.2106471,0.15194
252,0.03556598,0.6018425,0.2105404,0.1520511
253,0.03504671,0.6080003,0.2067482,0.1502048
254,0.03475018,0.6111393,0.2047869,0.1493236
255,0.0345533,0.612717,0.2039497,0.14878
256,0.03443122,0.613447,0.2036178,0.1485039
257,0.03435694,0.6137356,0.2035162,0.1483913
258,0.0343115,0.6138014,0.2035189,0.1483682
259,0.03428273,0.6137574,0.2035712,0.1483887
260,0.03426309,0.6136599,0.2036514,0.1484256
261,0.03424811,0.6135356,0.2037522,0.1484641
262,0.03423524,0.6133968,0.2038715,0.1484964
263,0.03422305,0.6132491,0.2040086,0.1485194
264,0.03421086,0.6130947,0.2041623,0.148532
265,0.03769515,0.5811387,0.2179831,0.1631831
266,0.04021313,0.563128,0.2233623,0.1732966
267,0.04192865,0.5536495,0.2246081,0.1798138
268,0.04300783,0.549151,0.2242841,0.183557
269,0.04363775,0.5473191,0.2236259,0.1854173
270,0.04397867,0.5467799,0.22311,0.1861314
271,0.04415103,0.5467986,0.2228135,0.1862368
272,0.0442379,0.547031,0.2226363,0.1860947
273,0.04429255,0.5473477,0.2224294,0.1859304
274,0.04434565,0.5477201,0.2220677,0.1858666
275,0.04441259,0.548156,0.2214742,0.1859571
276,0.04449794,0.548667,0.2206282,0.1862069
277,0.04578295,0.5405953,0.2219913,0.1916304
278,0.0467487,0.5368668,0.2206657,0.1957188
279,0.04740926,0.5355587,0.2185771,0.198455
280,0.04785121,0.5355359,0.2163777,0.2002352
281,0.04814288,0.5361192,0.2143732,0.2013647
282,0.04833489,0.5369269,0.2126722,0.2020662
283,0.04846254,0.5377603,0.2112845,0.2024927
284,0.04854928,0.5385281,0.2101777,0.2027448
285,0.04861005,0.5391971,0.2093073,0.2028856
286,0.04865423,0.5397636,0.2086282,0.202954
287,0.04868753,0.5402371,0.2081015,0.2029739
288,0.04871338,0.5406314,0.2076956,0.2029597
289,0.04394898,0.5781223,0.1946238,0.1833048
290,0.04129865,0.5936531,0.19236,0.1726883
291,0.03985536,0.5996227,0.193357,0.167165
292,0.03906079,0.6014345,0.1951915,0.1643132
293,0.03862453,0.6015245,0.1969619,0.1628891
294,0.0383874,0.6009965,0.1983932,0.1622229
295,0.03825976,0.6003292,0.1994648,0.1619462
296,0.0381907,0.5997068,0.2002458,0.1618567
297,0.0381515,0.5991806,0.2008234,0.1618445
298,0.03812639,0.5987466,0.2012736,0.1618533
299,0.03810686,0.5983832,0.2016548,0.1618552
300,0.0380885,0.5980663,0.2020075,0.1618377
301,0.03434164,0.628301,0.1911789,0.1461784
302,0.03235529,0.6387722,0.1907244,0.1381481
303,0.03129273,0.6416462,0.1929563,0.1341048
304,0.03071149,0.6415693,0.1956256,0.1320935
305,0.03039031,0.6404918,0.1979693,0.1311486
306,0.03021065,0.6392131,0.1998165,0.1307599
307,0.03010715,0.6380253,0.2012164,0.1306511
308,0.03004368,0.6370038,0.2022793,0.1306732
309,0.03000048,0.6361386,0.203113,0.1307478
310,0.02996677,0.6353943,0.2038048,0.1308341
311,0.02993708,0.6347346,0.2044149,0.1309134
312,0.02990883,0.6341313,0.2049811,0.1309788
313,0.03480097,0.5891019,0.2238842,0.152213
314,0.0387348,0.5623646,0.2300325,0.1688681
315,0.041584,0.5477586,0.2302817,0.1803756
316,0.0434786,0.5407403,0.2282554,0.1875257
317,0.04463513,0.5380005,0.2259336,0.1914308
318,0.04527982,0.5373898,0.2241489,0.1931814
319,0.04560309,0.5376698,0.2230676,0.1936595
320,0.04574573,0.5382258,0.2225307,0.1934978
321,0.04580339,0.5388182,0.2222621,0.1931163
322,0.04583464,0.5393996,0.2220032,0.1927625
323,0.04587236,0.5399976,0.2215627,0.1925673
324,0.04593157,0.5406519,0.2208365,0.1925801
325,0.04552314,0.5456542,0.2180081,0.1908145
326,0.04531731,0.5487144,0.2159456,0.1900226
327,0.04523282,0.5507508,0.2142347,0.1897817
328,0.04522432,0.5522245,0.212677,0.1898742
329,0.04525696,0.5533779,0.2112344,0.1901307
330,0.04530786,0.5543303,0.2099213,0.1904404
331,0.04536336,0.5551372,0.2087605,0.1907389
332,0.04541603,0.5558245,0.2077663,0.1909931
333,0.04546233,0.5564064,0.2069417,0.1911895
334,0.04550172,0.5568938,0.2062745,0.19133
335,0.04553456,0.5572973,0.2057473,0.1914208
336,0.04556158,0.5576283,0.2053408,0.1914693
337,0.04596169,0.5548449,0.2061616,0.1930319
338,0.04622913,0.5534753,0.2062973,0.1939982
339,0.04640086,0.5528708,0.2061818,0.1945464
340,0.04650707,0.5526686,0.2060104,0.194814
341,0.04656973,0.5526594,0.2058719,0.194899
342,0.04660394,0.5527282,0.2058012,0.1948666
343,0.04661958,0.5528155,0.2058066,0.1947583
344,0.04662303,0.5528927,0.2058841,0.1946
345,0.04661836,0.5529485,0.206025,0.1944082
346,0.04660789,0.5529794,0.2062214,0.1941914
347,0.04659326,0.5529863,0.2064647,0.1939558
348,0.04657565,0.5529714,0.2067463,0.1937066
349,0.03834045,0.6139966,0.1883173,0.1593456
350,0.03444865,0.6320336,0.1900482,0.1434695
351,0.03257497,0.6361827,0.1950293,0.136213
352,0.03161592,0.6357162,0.1998838,0.132784
353,0.03111774,0.6339377,0.203706,0.1312386
354,0.03085928,0.6320583,0.2064444,0.130638
355,0.03072491,0.6304585,0.2083191,0.1304975
356,0.03065273,0.6291926,0.2095922,0.1305625
357,0.03060982,0.6282021,0.2104861,0.130702
358,0.03057901,0.627405,0.2111649,0.130851
359,0.03055176,0.6267298,0.2117385,0.13098
360,0.03052408,0.626123,0.2122751,0.1310778
361,0.0347202,0.5889479,0.2271142,0.1492177
362,0.03801474,0.5681387,0.2305993,0.1632472
363,0.04030514,0.5575331,0.2295922,0.1725695
364,0.04177118,0.5529606,0.2271083,0.1781599
365,0.04263161,0.5515547,0.2247161,0.1810975
366,0.04308785,0.5515676,0.2230143,0.1823304
367,0.04329746,0.5520587,0.2220664,0.1825774
368,0.04337095,0.5526025,0.2216963,0.1823302
369,0.04338037,0.5530614,0.2216556,0.1819027
370,0.04337098,0.553439,0.2217008,0.1814892
371,0.04336926,0.5537918,0.2216382,0.1812008
372,0.0433889,0.5541808,0.2213392,0.1810912
373,0.04403919,0.5495871,0.2227409,0.1836328
374,0.04450769,0.5475636,0.2224849,0.1854438
375,0.04484802,0.5469694,0.2214195,0.1867632
376,0.04510246,0.5471666,0.2199619,0.1877691
377,0.04529977,0.5477757,0.2183501,0.1885745
378,0.04545771,0.5485736,0.2167271,0.1892417
379,0.04558671,0.5494297,0.2151822,0.1898015
380,0.04569304,0.5502687,0.2137695,0.1902688
381,0.04578081,0.5510488,0.2125181,0.1906523
382,0.04585277,0.5517487,0.2114405,0.1909581
383,0.04591138,0.5523602,0.210535,0.1911934
384,0.04595886,0.5528839,0.2097902,0.1913671
385,0.04612167,0.552535,0.2093088,0.1920346
386,0.04623876,0.5525413,0.2087309,0.192489
387,0.04631573,0.552711,0.2082231,0.1927502
388,0.04636546,0.5529346,0.2078196,0.1928803
389,0.04639665,0.553157,0.2075256,0.1929207
390,0.04641493,0.5533531,0.2073345,0.1928975
391,0.0464237,0.5535137,0.2072361,0.1928265
392,0.04642493,0.5536371,0.2072218,0.1927161
393,0.04641968,0.5537246,0.207285,0.1925706
394,0.04640888,0.5537786,0.2074183,0.1923942
395,0.04639311,0.5538017,0.2076156,0.1921895
396,0.04637284,0.5537972,0.2078711,0.1919588
397,0.04774123,0.5446712,0.209873,0.1977146
398,0.04871857,0.5401424,0.2093699,0.2017691
399,0.04931665,0.5382264,0.208373,0.204084
400,0.04966267,0.5376673,0.2073921,0.2052779
401,0.04984684,0.5377382,0.2066429,0.2057721
402,0.04993196,0.5380455,0.2061708,0.2058518
403,0.04995999,0.5383955,0.2059409,0.2057036
404,0.04995784,0.5387083,0.2058886,0.2054453
405,0.04994223,0.5389631,0.2059457,0.205149
406,0.04992294,0.5391667,0.206054,0.2048562
407,0.04990558,0.5393361,0.2061677,0.2045906
408,0.04989311,0.5394892,0.2062537,0.2043641
409,0.04361884,0.5863847,0.191252,0.1787445
410,0.04031393,0.6040908,0.1899648,0.1656304
411,0.03860372,0.6101704,0.1920393,0.1591866
412,0.03769667,0.6116108,0.1946684,0.1560241
413,0.03721716,0.6113046,0.196923,0.1545553
414,0.03696788,0.6104757,0.1985997,0.1539568
415,0.03684085,0.6096112,0.1997614,0.1537865
416,0.03677633,0.6088716,0.2005451,0.153807
417,0.03674151,0.6082802,0.2010849,0.1538934
418,0.03671879,0.607811,0.2014871,0.1539831
419,0.03669904,0.6074271,0.201827,0.1540468
420,0.03667779,0.6070958,0.2021534,0.154073
421,0.03693912,0.6041896,0.2036667,0.1552047
422,0.03708594,0.6026353,0.2044665,0.1558123
423,0.0371617,0.6017681,0.2049606,0.1561095
424,0.03718835,0.6012471,0.2053731,0.1561914
425,0.03718391,0.6008872,0.2057901,0.1561388
426,0.0371611,0.6005967,0.2062334,0.1560088
427,0.03712868,0.600336,0.2066941,0.1558413
428,0.03709268,0.6000925,0.2071504,0.1556644
429,0.03705749,0.5998671,0.2075763,0.1554991
430,0.03702634,0.5996664,0.2079455,0.1553618
431,0.03700159,0.5994987,0.2082347,0.155265
432,0.03698483,0.5993713,0.2084267,0.1552172
433,0.04050035,0.5683716,0.2216178,0.1695103
434,0.04302582,0.5507718,0.2268986,0.1793038
435,0.04476206,0.5413964,0.2281265,0.185715
436,0.04586848,0.5368856,0.2277522,0.1894937
437,0.04653808,0.5350442,0.2268857,0.191532
438,0.04693495,0.5345634,0.22594,0.1925616
439,0.04718078,0.5347347,0.2249765,0.193108
440,0.04735727,0.535215,0.2239154,0.1935124
441,0.04751314,0.5358593,0.2226602,0.1939675
442,0.04767028,0.5366115,0.2211748,0.1945435
443,0.04783355,0.5374432,0.2194899,0.1952334
444,0.04799772,0.538326,0.2176914,0.1959849
445,0.0481366,0.5373994,0.2181515,0.1963126
446,0.04818439,0.5368418,0.2187606,0.1962132
447,0.04823553,0.5364622,0.2191075,0.1961947
448,0.04828434,0.536217,0.2192889,0.1962097
449,0.04833101,0.5360686,0.2193522,0.1962481
450,0.04837578,0.5359904,0.2193307,0.1963031
451,0.04841857,0.5359629,0.2192502,0.1963684
452,0.04845903,0.5359716,0.2191318,0.1964375
453,0.04849673,0.5360053,0.2189933,0.1965047
454,0.04853161,0.536055,0.2188463,0.1965671
455,0.04856364,0.5361144,0.2186994,0.1966227
456,0.04859277,0.5361786,0.218559,0.1966696
457,0.04820616,0.5427192,0.2133995,0.1956751
458,0.04812815,0.5471107,0.2086409,0.1961203
459,0.04804666,0.5501601,0.2054711,0.1963221
460,0.04796785,0.5522641,0.2034107,0.1963574
461,0.04789791,0.5536793,0.202123,0.1962999
462,0.04783887,0.5545993,0.2013673,0.1961944
463,0.04778944,0.5551714,0.2009785,0.1960606
464,0.04774665,0.555503,0.2008471,0.1959034
465,0.04770723,0.5556695,0.2009026,0.1957205
466,0.04766833,0.5557228,0.201101,0.1955079
467,0.04762762,0.5556967,0.2014144,0.1952613
468,0.04758292,0.5556106,0.2018319,0.1949746
469,0.04106287,0.6033131,0.1873381,0.168286
470,0.03771978,0.6196365,0.1877078,0.154936
471,0.0360111,0.6242756,0.1912779,0.1484354
472,0.03510093,0.6245465,0.1951478,0.1452048
473,0.03460881,0.6233441,0.1984089,0.1436382
474,0.03434038,0.6218347,0.2008982,0.1429268
475,0.03419089,0.6204464,0.2027202,0.1426425
476,0.03410293,0.6192917,0.2040483,0.1425569
477,0.03404535,0.6183605,0.2050436,0.1425505
478,0.0340015,0.6176028,0.2058324,0.1425632
479,0.03396318,0.6169677,0.2065001,0.1425691
480,0.03392672,0.6164151,0.2070984,0.1425598
481,0.0403652,0.5624886,0.2275375,0.1696087
482,0.04589731,0.5278314,0.2338367,0.1924346
483,0.05013848,0.506918,0.2337532,0.2091903
484,0.05313457,0.4954971,0.230997,0.2203714
485,0.05507571,0.490104,0.2278038,0.2270165
486,0.05621951,0.4881854,0.2252198,0.2303752
487,0.05682186,0.4880318,0.2235265,0.2316199
488,0.0570984,0.4886213,0.2225782,0.2317022
489,0.05721255,0.4894296,0.2220334,0.2313245
490,0.05727489,0.4902492,0.2215281,0.2309477
491,0.05735248,0.491042,0.2207655,0.2308401
492,0.05748094,0.4918375,0.2195483,0.2311333
493,0.05880617,0.4840858,0.2207997,0.2363083
494,0.05985089,0.4799314,0.219819,0.2403987
495,0.06065387,0.4780201,0.2177609,0.2435652
496,0.06126137,0.4774846,0.2152768,0.2459773
497,0.06171497,0.4777391,0.2127616,0.2477844
498,0.06204949,0.4783973,0.2104428,0.2491104
499,0.06229341,0.479214,0.2084348,0.2500578
500,0.06246921,0.4800419,0.2067789,0.2507101
501,0.06259441,0.4808008,0.2054699,0.2511349
502,0.06268343,0.4814536,0.2044702,0.2513927
503,0.0627469,0.4819919,0.2037317,0.2515296
504,0.0627924,0.4824231,0.2032046,0.25158
505,0.05917667,0.5080869,0.1956991,0.2370373
506,0.05682256,0.5213377,0.1941073,0.2277324
507,0.05541998,0.5276313,0.1945957,0.2223531
508,0.05460213,0.5303428,0.1957222,0.2193329
509,0.05413597,0.531291,0.1968852,0.2176878
510,0.05387677,0.5314316,0.1978747,0.216817
511,0.05373589,0.5312492,0.1986536,0.2163613
512,0.0536599,0.5309758,0.1992529,0.2161115
513,0.05361734,0.5307107,0.1997226,0.2159494
514,0.05358993,0.530488,0.2001114,0.2158106
515,0.05356763,0.5303115,0.2004585,0.2156624
516,0.05354524,0.5301728,0.2007914,0.2154906
517,0.05777988,0.4991957,0.2107971,0.2322273
518,0.06104561,0.4797281,0.2144861,0.2447403
519,0.06338135,0.4679557,0.2153866,0.2532764
520,0.06495195,0.4612386,0.2151723,0.2586371
521,0.06593887,0.4576757,0.2147305,0.2616549
522,0.06651193,0.4559625,0.2144476,0.263078
523,0.06681324,0.4552567,0.2144171,0.2635129
524,0.06695224,0.4550533,0.2145798,0.2634147
525,0.06700756,0.4550765,0.2148142,0.2631018
526,0.06703204,0.4551944,0.2149916,0.2627819
527,0.06705827,0.4553567,0.2150078,0.2625773
528,0.06710361,0.4555537,0.2147971,0.2625456
529,0.06943318,0.4405712,0.2184551,0.2715405
530,0.07128972,0.4310561,0.2190375,0.2786167
531,0.07266301,0.4253086,0.2183018,0.2837266
532,0.07365124,0.4220504,0.2169896,0.2873088
533,0.07434658,0.4203815,0.2155142,0.2897577
534,0.07482886,0.4196832,0.2140828,0.2914051
535,0.07516176,0.4195456,0.2127852,0.2925074
536,0.07539268,0.4197079,0.2116503,0.2932492
537,0.07555509,0.4200112,0.2106775,0.2937562
538,0.0756719,0.4203637,0.2098533,0.2941111
539,0.07575809,0.4207157,0.2091607,0.2943654
540,0.07582332,0.421043,0.208583,0.2945506
541,0.06847285,0.4695753,0.1960577,0.2658941
542,0.06363156,0.4952879,0.1937274,0.2473532
543,0.06086361,0.5072787,0.1947066,0.237151
544,0.05930505,0.512516,0.1964548,0.2317241
545,0.05844155,0.5145279,0.198071,0.2289596
546,0.0579734,0.5150732,0.199314,0.2276394
547,0.05772598,0.5150144,0.2001907,0.2270688
548,0.05759789,0.5147567,0.2007872,0.2268582
549,0.057531,0.5144739,0.2011998,0.2267953
550,0.05749271,0.5142276,0.2015104,0.2267694
551,0.0574653,0.5140281,0.2017799,0.2267267
552,0.0574396,0.5138662,0.2020498,0.2266444
553,0.05958118,0.4994216,0.2057821,0.2352151
554,0.06117571,0.4909543,0.2063947,0.2414753
555,0.06223734,0.4863102,0.2060029,0.2454494
556,0.06290098,0.4839767,0.2053616,0.2477607
557,0.06328343,0.4829511,0.2048369,0.2489286
558,0.06347788,0.4826032,0.2045632,0.2493557
559,0.0635536,0.4825615,0.2045512,0.2493337
560,0.06355913,0.4826249,0.2047537,0.2490621
561,0.06352706,0.4826971,0.2051037,0.2486722
562,0.06347843,0.4827419,0.2055326,0.2482471
563,0.06342665,0.4827546,0.2059799,0.2478388
564,0.06338001,0.4827448,0.2063959,0.2474793
565,0.06038037,0.5032305,0.2006548,0.2357343
566,0.05841323,0.5140575,0.1993,0.2282293
567,0.05722643,0.5194179,0.1994745,0.2238811
568,0.05653677,0.521906,0.2000503,0.2215071
569,0.0561545,0.5229556,0.2005685,0.2203214
570,0.05595639,0.5233337,0.2008906,0.2198194
571,0.05586435,0.5234322,0.2010166,0.2196869
572,0.05583021,0.5234383,0.2009964,0.2197351
573,0.05582512,0.5234318,0.200888,0.2198551
574,0.05583251,0.5234388,0.2007409,0.2199878
575,0.05584326,0.5234615,0.2005917,0.2201035
576,0.05585272,0.5234933,0.2004641,0.2201898
577,0.05723006,0.5142288,0.20286,0.2256811
578,0.05822786,0.5090435,0.2031369,0.2295917
579,0.05888088,0.506358,0.2027133,0.2320478
580,0.05928646,0.5051216,0.2021058,0.233486
581,0.05952273,0.5046701,0.2015616,0.2342455
582,0.05964891,0.5046034,0.2011701,0.2345776
583,0.05970716,0.5046961,0.2009399,0.2346567
584,0.05972588,0.5048319,0.2008447,0.2345975
585,0.05972332,0.5049576,0.2008473,0.2344719
586,0.05971071,0.5050552,0.2009116,0.2343225
587,0.05969474,0.5051238,0.2010078,0.2341737
588,0.05967915,0.5051693,0.2011131,0.2340384
589,0.0586597,0.5118561,0.1995439,0.2299403
590,0.05796551,0.5154275,0.1994038,0.2272031
591,0.05753585,0.517195,0.1997003,0.2255689
592,0.05727986,0.5179942,0.2000847,0.2246412
593,0.05713452,0.5183041,0.2004099,0.2241515
594,0.05705714,0.5183885,0.2006335,0.2239209
595,0.05701975,0.5183843,0.2007612,0.2238347
596,0.05700466,0.5183569,0.2008161,0.2238223
597,0.057001,0.518333,0.2008245,0.2238415
598,0.05700254,0.51832,0.2008081,0.2238694
599,0.05700576,0.5183167,0.2007836,0.2238939
600,0.05700884,0.5183195,0.2007619,0.2239097
601,0.05443302,0.5363514,0.1953469,0.2138687
602,0.05278997,0.5452452,0.1943415,0.2076233
603,0.05181485,0.5492799,0.1948309,0.2040744
604,0.05124936,0.5508643,0.1957461,0.2021402
605,0.05092991,0.5512791,0.1966462,0.2011448
606,0.05075428,0.5511854,0.1973878,0.2006726
607,0.05065968,0.5509086,0.1979576,0.2004741
608,0.0506085,0.5505967,0.1983901,0.2004048
609,0.05057878,0.550307,0.1987301,0.2003841
610,0.0505581,0.5500547,0.199018,0.2003692
611,0.0505398,0.5498366,0.1992841,0.2003395
612,0.05052056,0.5496439,0.1995487,0.2002868
613,0.05360498,0.5268846,0.2071405,0.2123699
614,0.05588016,0.5134939,0.2095893,0.2210366
615,0.05742758,0.5060097,0.2098955,0.2266672
616,0.05841397,0.5021498,0.2094151,0.2300211
617,0.05899824,0.500374,0.2088334,0.2317943
618,0.05931405,0.4997039,0.2084273,0.2325548
619,0.05946362,0.499561,0.2082497,0.2327258
620,0.05951963,0.4996322,0.2082473,0.2326008
621,0.05953082,0.4997682,0.2083294,0.2323717
622,0.05952794,0.4999108,0.2084055,0.2321557
623,0.059529,0.5000493,0.2084038,0.2320179
624,0.05954313,0.5001913,0.2082784,0.2319871
625,0.0587477,0.5061371,0.2062325,0.2288827
626,0.0582266,0.5094692,0.2053756,0.2269286
627,0.05792516,0.5112877,0.2049004,0.2258867
628,0.05777085,0.5122736,0.2045127,0.2254429
629,0.05770936,0.5128235,0.2041028,0.2253643
630,0.05770218,0.5131571,0.2036538,0.2254868
631,0.05772346,0.5133883,0.2031862,0.225702
632,0.05775677,0.5135708,0.20273,0.2259424
633,0.05779241,0.5137264,0.2023115,0.2261697
634,0.05782489,0.5138617,0.20195,0.2263634
635,0.0578516,0.5139769,0.2016561,0.2265154
636,0.05787157,0.5140705,0.2014338,0.2266241
637,0.05630283,0.5253419,0.1977712,0.220584
638,0.0552601,0.5312334,0.1968429,0.2166635
639,0.05461433,0.534095,0.1969635,0.2143271
640,0.05422505,0.5353292,0.1974567,0.212989
641,0.05399526,0.5357337,0.1980205,0.2122505
642,0.05386086,0.5357455,0.1985411,0.2118526
643,0.05378094,0.5355928,0.1989925,0.2116337
644,0.05373022,0.5353872,0.199385,0.2114975
645,0.0536937,0.5351775,0.1997393,0.2113895
646,0.05366281,0.5349814,0.2000751,0.2112807
647,0.05363303,0.534802,0.200407,0.2111579
648,0.05360226,0.5346372,0.200744,0.2110166
649,0.05451715,0.527509,0.2034704,0.2145035
650,0.05513504,0.5234673,0.2046511,0.2167465
651,0.0555246,0.5212523,0.2051584,0.2180647
652,0.05575125,0.5200971,0.2054132,0.2187385
653,0.05587018,0.519523,0.2056048,0.2190019
654,0.0559231,0.5192496,0.205798,0.2190293
655,0.05593948,0.5191235,0.2059955,0.2189415
656,0.05593912,0.519068,0.2061745,0.2188184
657,0.05593473,0.5190492,0.2063063,0.2187098
658,0.0559339,0.5190555,0.2063661,0.2186445
659,0.05594064,0.5190853,0.206338,0.2186361
660,0.05595644,0.5191398,0.2062163,0.2186876
661,0.05491634,0.5269023,0.2034802,0.2147012
662,0.05424015,0.5310182,0.2025379,0.2122038
663,0.05383669,0.5331083,0.2022462,0.2108089
664,0.05361192,0.5341129,0.2021542,0.210121
665,0.0534984,0.5345669,0.2020759,0.2098587
666,0.05345031,0.5347611,0.2019556,0.2098331
667,0.05343787,0.5348438,0.2017946,0.2099238
668,0.05344258,0.5348849,0.201615,0.2100576
669,0.05345339,0.5349125,0.2014417,0.2101924
670,0.05346422,0.5349345,0.2012942,0.2103071
671,0.053472,0.5349506,0.2011856,0.2103918
672,0.05347536,0.5349576,0.2011233,0.2104437
673,0.0568653,0.5108101,0.2086457,0.2236788
674,0.05942571,0.4962562,0.2108742,0.233444
675,0.06120633,0.4879024,0.2109258,0.2399655
676,0.06237334,0.4834572,0.2101648,0.2440046
677,0.06308989,0.4813361,0.2092979,0.2462761
678,0.06349754,0.4804987,0.2086236,0.2473801
679,0.06370759,0.4803047,0.208212,0.2477757
680,0.06380119,0.4803891,0.2080208,0.247789
681,0.06383389,0.480564,0.2079649,0.2476372
682,0.06384122,0.4807471,0.2079576,0.2474542
683,0.06384452,0.4809122,0.207927,0.2473163
684,0.06385527,0.4810604,0.207824,0.2472604
685,0.06088924,0.5013278,0.2020419,0.235741
686,0.05893963,0.5119999,0.2007039,0.2283566
687,0.05779018,0.5172282,0.2007646,0.2242171
688,0.05714082,0.5196288,0.2011703,0.2220601
689,0.05679539,0.5206249,0.2015086,0.221071
690,0.05662747,0.5209696,0.201672,0.2207308
691,0.05655778,0.5210434,0.2016789,0.22072
692,0.05653814,0.5210251,0.2015868,0.2208499
693,0.05654044,0.5209892,0.2014549,0.2210155
694,0.05654933,0.5209588,0.2013282,0.2211637
695,0.05655688,0.5209352,0.2012369,0.221271
696,0.05655958,0.5209123,0.2011978,0.2213304
697,0.05701178,0.5179656,0.2018548,0.2231679
698,0.0573298,0.5163871,0.2018397,0.2244434
699,0.05752148,0.5156167,0.2016897,0.2251721
700,0.05762679,0.5152805,0.2015579,0.2255348
701,0.05767488,0.5151573,0.2015085,0.2256593
702,0.05768668,0.5151231,0.2015547,0.2256356
703,0.05767659,0.5151133,0.2016852,0.2255248
704,0.05765436,0.5150993,0.2018785,0.2253679
705,0.05762631,0.5150714,0.2021109,0.2251914
706,0.05759656,0.5150301,0.2023608,0.2250126
707,0.05756778,0.51498,0.2026092,0.224843
708,0.0575418,0.5149272,0.2028403,0.2246907
709,0.05686634,0.5189192,0.2022888,0.2219257
710,0.05638571,0.5208829,0.2027811,0.2199503
711,0.05609479,0.5216871,0.20343,0.2187882
712,0.05592524,0.521914,0.2040262,0.2181346
713,0.05583395,0.5218824,0.204479,0.2178047
714,0.05579189,0.5217619,0.2047698,0.2176764
715,0.05577984,0.5216355,0.2049148,0.2176698
716,0.05578539,0.5215385,0.2049423,0.2177339
717,0.05580067,0.5214803,0.2048828,0.2178363
718,0.0558207,0.5214581,0.2047643,0.2179568
719,0.05584245,0.5214648,0.20461,0.2180826
720,0.055864,0.5214917,0.2044385,0.2182058
721,0.05449937,0.5319009,0.2005198,0.21308
722,0.05361483,0.5374109,0.1990826,0.2098916
723,0.0530657,0.5402015,0.198722,0.2080108
724,0.05273816,0.5415066,0.1987786,0.2069766
725,0.05254934,0.542039,0.1989585,0.2064532
726,0.05244351,0.5421918,0.1991465,0.2062181
727,0.05238491,0.5421721,0.1993111,0.2061319
728,0.0523514,0.5420824,0.1994551,0.2061111
729,0.05232976,0.5419693,0.1995925,0.2061084
730,0.05231238,0.5418511,0.1997382,0.2060983
731,0.05229517,0.5417325,0.1999034,0.206069
732,0.05227615,0.5416129,0.200095,0.206016
733,0.05369844,0.5310836,0.2036595,0.2115584
734,0.05468842,0.5251605,0.2048609,0.2152902
735,0.05532545,0.5219844,0.2051214,0.2175688
736,0.05570913,0.5203941,0.2050672,0.2188296
737,0.05592214,0.5196613,0.2049907,0.2194259
738,0.0560272,0.5193559,0.2049967,0.2196202
739,0.05606881,0.519241,0.2050951,0.2195951
740,0.05607688,0.5191982,0.2052545,0.2194703
741,0.05607067,0.5191762,0.2054316,0.2193215
742,0.05606204,0.5191591,0.2055849,0.2191939
743,0.05605772,0.5191475,0.205683,0.2191118
744,0.0560611,0.5191473,0.2057057,0.2190859
745,0.05647606,0.5159929,0.2069205,0.2206105
746,0.05676945,0.5142258,0.2073458,0.221659
747,0.05698009,0.5132865,0.2073226,0.2224108
748,0.05712939,0.5128505,0.2070746,0.2229455
749,0.0572373,0.5127068,0.2067159,0.22334
750,0.05731839,0.5127255,0.206307,0.2236491
751,0.05738231,0.5128295,0.2058811,0.2239071
752,0.05743491,0.5129744,0.2054581,0.2241325
753,0.0574794,0.5131348,0.205052,0.2243339
754,0.05751774,0.5132962,0.2046707,0.2245153
755,0.05755091,0.5134507,0.2043204,0.224678
756,0.05757939,0.5135939,0.2040052,0.2248216
757,0.05882327,0.5050766,0.2064567,0.2296433
758,0.05971457,0.500176,0.2071052,0.2330043
759,0.06031208,0.4975016,0.2070129,0.2351734
760,0.06069475,0.4961538,0.20666,0.2364914
761,0.06092952,0.4955532,0.2062763,0.2372409
762,0.06106782,0.4953458,0.2059519,0.2376344
763,0.06114643,0.4953273,0.2057064,0.2378199
764,0.06119009,0.4953876,0.2055282,0.2378942
765,0.06121473,0.4954724,0.2053957,0.2379172
766,0.06123,0.4955589,0.2052877,0.2379234
767,0.06124148,0.4956398,0.2051876,0.2379312
768,0.06125211,0.495715,0.2050838,0.237949
769,0.05959307,0.5077124,0.201063,0.2316315
770,0.05848058,0.514281,0.1997172,0.2275212
771,0.05778496,0.5176956,0.199458,0.2250614
772,0.0573673,0.5193611,0.1995909,0.2236807
773,0.05712663,0.5201027,0.1998043,0.2229664
774,0.05699407,0.5203849,0.1999804,0.2226405
775,0.05692462,0.5204571,0.2000924,0.2225259
776,0.05688997,0.5204456,0.2001506,0.2225138
777,0.05687295,0.5204085,0.200177,0.2225415
778,0.05686369,0.5203692,0.2001922,0.2225749
779,0.05685672,0.520334,0.200212,0.2225972
780,0.0568493,0.5203022,0.2002466,0.2226018
781,0.05424359,0.5383295,0.194942,0.2124848
782,0.05258606,0.5471667,0.1940257,0.2062216
783,0.05160014,0.5511482,0.1945908,0.2026608
784,0.05102445,0.5526935,0.1955711,0.200711
785,0.0506946,0.5530819,0.1965286,0.1996948
786,0.05050853,0.5529711,0.1973211,0.1991993
787,0.05040383,0.5526833,0.1979352,0.1989777
788,0.05034319,0.5523637,0.1984056,0.1988875
789,0.05030491,0.5520685,0.1987772,0.1988495
790,0.05027682,0.5518115,0.1990895,0.1988221
791,0.05025245,0.5515895,0.1993721,0.1987859
792,0.05022863,0.5513939,0.199644,0.1987335
793,0.05172689,0.5403062,0.203317,0.2046498
794,0.05277404,0.5342066,0.2043378,0.2086816
795,0.05344348,0.5310497,0.2043658,0.211141
796,0.05384618,0.5295622,0.2040717,0.2125199
797,0.05407133,0.5289577,0.2037684,0.2132025
798,0.05418576,0.5287787,0.203565,0.2134705
799,0.05423633,0.5287778,0.2034687,0.2135172
800,0.05425406,0.5288344,0.203444,0.2134675
801,0.05425834,0.5288984,0.2034457,0.2133976
802,0.05426066,0.5289553,0.2034338,0.2133502
803,0.05426707,0.5290067,0.2033801,0.2133461
804,0.05428021,0.5290588,0.2032688,0.2133922
805,0.05561218,0.5198076,0.2059809,0.2185994
806,0.05657044,0.5146307,0.2065296,0.2222693
807,0.05721608,0.511919,0.2061961,0.2246688
808,0.05763761,0.5106489,0.2055312,0.2261823
809,0.05790692,0.5101742,0.2048057,0.2271132
810,0.0580778,0.5101064,0.2041329,0.227683
811,0.05818773,0.5102248,0.2035467,0.2280408
812,0.05826109,0.5104123,0.2030465,0.2282802
813,0.05831289,0.5106113,0.2026203,0.2284555
814,0.05835192,0.5107971,0.2022547,0.2285962
815,0.05838307,0.5109613,0.201939,0.2287167
816,0.05840884,0.5111024,0.2016659,0.2288227
817,0.05656776,0.5240795,0.1976989,0.2216539
818,0.05535553,0.5308022,0.1967901,0.217052
819,0.05462064,0.5340376,0.1969554,0.2143863
820,0.05418857,0.5354382,0.197455,0.2129182
821,0.05394273,0.5359226,0.1979726,0.2121621
822,0.05380738,0.535984,0.1984004,0.2118082
823,0.05373482,0.5358746,0.1987247,0.2116659
824,0.05369587,0.5357143,0.1989676,0.2116222
825,0.05367329,0.5355535,0.1991598,0.2116134
826,0.05365726,0.5354081,0.1993292,0.2116055
827,0.05364255,0.5352787,0.1994967,0.2115821
828,0.05362656,0.5351605,0.1996761,0.2115368
829,0.05564773,0.5205312,0.204388,0.219433
830,0.05710362,0.5120829,0.2058487,0.2249648
831,0.05806943,0.5074503,0.2060132,0.228467
832,0.05867257,0.5050961,0.205726,0.2305053
833,0.05902371,0.5040194,0.2054,0.2315569
834,0.05921031,0.5036041,0.2051963,0.2319894
835,0.05929641,0.5034952,0.2051427,0.2320657
836,0.05932608,0.5035053,0.2052061,0.2319625
837,0.05932818,0.5035463,0.2053332,0.2317923
838,0.05932068,0.5035847,0.2054715,0.231623
839,0.0593141,0.5036148,0.2055787,0.2314924
840,0.05931403,0.5036421,0.2056257,0.2314182
841,0.05911525,0.5050596,0.2052353,0.2305899
842,0.05898918,0.5058725,0.2050522,0.230086
843,0.05892378,0.506335,0.2048913,0.2298499
844,0.05889998,0.5066106,0.2046946,0.2297949
845,0.05890312,0.5067948,0.204447,0.229855
846,0.0589223,0.5069398,0.204156,0.2299819
847,0.05894977,0.507071,0.2038381,0.2301411
848,0.0589803,0.5071986,0.2035117,0.2303094
849,0.05901048,0.5073247,0.2031932,0.2304716
850,0.05903815,0.5074478,0.2028958,0.2306184
851,0.05906216,0.5075646,0.2026288,0.2307444
852,0.05908194,0.5076723,0.2023983,0.2308474
853,0.05551792,0.5329338,0.1944339,0.2171145
854,0.0532818,0.5453476,0.192638,0.2087326
855,0.05197082,0.5510002,0.1929918,0.2040372
856,0.05121524,0.5532837,0.1939962,0.2015049
857,0.05078797,0.5539634,0.1950395,0.2002091
858,0.05055076,0.5539387,0.1959162,0.1995943
859,0.0504203,0.5536498,0.1965964,0.1993335
860,0.05034709,0.5532973,0.1971171,0.1992386
861,0.05030242,0.5529605,0.1975316,0.1992056
862,0.05027022,0.5526615,0.1978883,0.1991799
863,0.05024176,0.5523983,0.1982245,0.1991354
864,0.05021266,0.5521609,0.1985655,0.199061
865,0.05545172,0.5131639,0.2119034,0.219481
866,0.05956073,0.4882731,0.2171554,0.2350108
867,0.06255277,0.4729566,0.218661,0.2458296
868,0.0645861,0.4640471,0.2186377,0.2527291
869,0.06586686,0.4591934,0.2182831,0.2566567
870,0.0666047,0.4567423,0.2181241,0.2585289
871,0.06698498,0.4556061,0.2182805,0.2591285
872,0.06715672,0.455126,0.2186489,0.2590683
