EwEVersion,"6.5.13829.0 (compiled 2016-05-17)"
Date,"2016-09-06 18:44:37"
ModelName,Baltic_Proper-SEALS
EcosimScenario,Proper1_SealVuln100_19742100_seal0_cofF1
TimeSeries,new_data_weights_19742100_BAU_WAR1_codF1_seal0
StartYear,1974

Data,"Prey of Temora sp"

Year,"Cyanobacteria","Phytoplankton","microzooplankton","Detritus-water column",
1974,0.03575868,0.6257872,0.1919152,0.1465388
1975,0.03568297,0.6123868,0.2028338,0.1490963
1976,0.02831195,0.647203,0.2035632,0.1209219
1977,0.02929848,0.6316591,0.2103662,0.1286761
1978,0.03128025,0.6173812,0.2130099,0.1383286
1979,0.03242605,0.6117117,0.212041,0.1438213
1980,0.02806403,0.6366475,0.2091209,0.1261675
1981,0.02750571,0.6336558,0.2128818,0.1259567
1982,0.02617924,0.6381227,0.2143457,0.1213523
1983,0.0284629,0.624148,0.214036,0.1333531
1984,0.02799036,0.6277713,0.2130584,0.13118
1985,0.03462185,0.575403,0.2317666,0.1582086
1986,0.02878701,0.627073,0.2117842,0.1323558
1987,0.04978675,0.4832111,0.2456073,0.2213949
1988,0.04372635,0.555142,0.2100189,0.1911127
1989,0.03939299,0.5865414,0.2008706,0.173195
1990,0.03663579,0.5981349,0.205063,0.1601663
1991,0.04659116,0.5363125,0.2181144,0.1989819
1992,0.03873276,0.5970353,0.1987731,0.1654587
1993,0.03930788,0.5856872,0.2071965,0.1678083
1994,0.035919,0.601882,0.209253,0.1529458
1995,0.03440941,0.6127945,0.2040963,0.1486998
1996,0.04303324,0.5522406,0.2224186,0.1823076
1997,0.04799558,0.5381433,0.213321,0.2005401
1998,0.03917495,0.5974805,0.1980298,0.1653147
1999,0.03077218,0.6371185,0.1990067,0.1331026
2000,0.04360868,0.5458432,0.2245666,0.1859815
2001,0.04539184,0.5536866,0.2102377,0.1906838
2002,0.04649252,0.5530701,0.2061227,0.1943147
2003,0.03188327,0.6293364,0.2039171,0.1348633
2004,0.04172572,0.5574864,0.2243534,0.1764345
2005,0.04533653,0.5496147,0.2162433,0.1888055
2006,0.04635803,0.5532904,0.2077992,0.1925524
2007,0.04956664,0.5392125,0.207006,0.2042149
2008,0.03790604,0.6069278,0.1975255,0.1576406
2009,0.03708431,0.6008464,0.2063765,0.1556929
2010,0.04609854,0.5404352,0.2239274,0.1895389
2011,0.04838416,0.5362723,0.2189559,0.1963876
2012,0.04785065,0.5528256,0.2034573,0.1958665
2013,0.0352562,0.6188362,0.1993352,0.1465724
2014,0.05367266,0.500853,0.2257607,0.2197137
2015,0.0616597,0.480132,0.2107459,0.2474625
2016,0.05464584,0.5278358,0.1978229,0.2196955
2017,0.06513137,0.4627706,0.214469,0.257629
2018,0.07413129,0.4233699,0.2137576,0.2887413
2019,0.05949505,0.5083855,0.1988208,0.2332987
2020,0.06279845,0.4851952,0.2054382,0.2465682
2021,0.05664298,0.5204664,0.2004697,0.2224209
2022,0.05925316,0.506155,0.201601,0.2329909
2023,0.05730626,0.517433,0.2003776,0.2248831
2024,0.0512864,0.5487961,0.197269,0.2026485
2025,0.05839609,0.5039774,0.2086013,0.2290253
2026,0.05790855,0.5123119,0.2035038,0.2262757
2027,0.05419679,0.5340047,0.1987449,0.2130536
2028,0.05569713,0.5204683,0.2056244,0.2182102
2029,0.0536916,0.5336628,0.2019087,0.2107369
2030,0.06244515,0.4853532,0.2088699,0.2433318
2031,0.05729041,0.5181369,0.2013621,0.2232106
2032,0.0575429,0.5154793,0.2019575,0.2250203
2033,0.05598258,0.521343,0.204194,0.2184804
2034,0.05273839,0.5405559,0.1994419,0.2072638
2035,0.05564734,0.5210591,0.2051209,0.2181726
2036,0.05723794,0.5134223,0.2059228,0.223417
2037,0.06073474,0.496909,0.205971,0.2363852
2038,0.05738365,0.5184879,0.2000571,0.2240714
2039,0.05103893,0.5506085,0.1971836,0.2011691
2040,0.05380036,0.5305327,0.2036556,0.2120113
2041,0.05774388,0.5117829,0.2040208,0.2264523
2042,0.05420941,0.5341045,0.1983855,0.2133005
2043,0.05863557,0.5061811,0.2054108,0.2297725
2044,0.0589897,0.5068243,0.2039118,0.2302742
2045,0.05125992,0.5506329,0.1959116,0.2021955
2046,0.0648441,0.4654049,0.2179496,0.2518014
2047,0.0537565,0.5384921,0.1973732,0.2103782
2048,0.05139358,0.5477273,0.1970528,0.2038264
2049,0.057675,0.506557,0.2096821,0.2260859
2050,0.06332441,0.4847324,0.2050149,0.2469283
2051,0.05137656,0.5524508,0.1935316,0.2026411
2052,0.05479467,0.5251681,0.2036552,0.2163821
2053,0.05830857,0.5074676,0.2057949,0.2284289
2054,0.05683158,0.5212002,0.1985927,0.2233756
2055,0.06341667,0.4829512,0.2060579,0.2475742
2056,0.06192717,0.4961761,0.2003836,0.2415131
2057,0.0630373,0.4897009,0.2014098,0.2458519
2058,0.06680876,0.4700599,0.2037768,0.2593545
2059,0.06904139,0.4604523,0.2034323,0.267074
2060,0.05842594,0.5202278,0.1928598,0.2284864
2061,0.05673903,0.5225304,0.1976295,0.223101
2062,0.0601172,0.501692,0.2030684,0.2351225
2063,0.05903265,0.5113869,0.1984683,0.2311121
2064,0.06591928,0.472875,0.2046605,0.2565452
2065,0.05800582,0.5200799,0.194939,0.2269753
2066,0.05225589,0.5470139,0.1939233,0.2068068
2067,0.05945122,0.5004361,0.2069559,0.2331569
2068,0.06280988,0.4899199,0.2020932,0.245177
2069,0.06160231,0.5000784,0.1972973,0.241022
2070,0.05817258,0.5162718,0.1973619,0.2281938
2071,0.06100914,0.4986454,0.2015936,0.2387518
2072,0.05849132,0.514374,0.1980108,0.229124
2073,0.04837419,0.5677688,0.1915838,0.1922732
2074,0.0543531,0.5266526,0.2033669,0.2156274
2075,0.06341683,0.4801581,0.2084035,0.2480216
2076,0.06134953,0.5010611,0.1971779,0.2404114
2077,0.05881023,0.5136752,0.1960556,0.231459
2078,0.05898262,0.5089118,0.2005471,0.2315586
2079,0.05584486,0.5272556,0.1968998,0.2199996
2080,0.06778998,0.4590651,0.2090961,0.2640489
2081,0.0588303,0.5164328,0.1945179,0.230219
2082,0.05879096,0.5126342,0.1972144,0.2313605
2083,0.0549962,0.5300667,0.1985839,0.2163533
2084,0.06099252,0.4958983,0.2042027,0.2389064
2085,0.06007136,0.5047724,0.200425,0.2347312
2086,0.0550651,0.531565,0.1968444,0.2165256
2087,0.05230944,0.5413858,0.1999152,0.2063895
2088,0.05639632,0.5150736,0.207325,0.2212052
2089,0.06076995,0.4956263,0.2065914,0.2370123
2090,0.05570383,0.5260729,0.2001837,0.2180396
2091,0.06276826,0.4836305,0.2093781,0.2442232
2092,0.06592318,0.4700834,0.2096028,0.2543907
2093,0.06002918,0.5067576,0.1999474,0.2332657
2094,0.06118752,0.4973044,0.203406,0.2381021
2095,0.06607916,0.4704685,0.2081188,0.2553334
2096,0.06198302,0.4979162,0.1996178,0.240483
2097,0.06172578,0.4966421,0.2016346,0.2399975
2098,0.06617001,0.4710626,0.2070248,0.2557426
