EwEVersion,"6.5.13829.0 (compiled 2016-05-17)"
Date,"2016-09-06 18:44:37"
ModelName,Baltic_Proper-SEALS
EcosimScenario,Proper1_SealVuln100_19742100_seal0_cofF1
TimeSeries,new_data_weights_19742100_BAU_WAR1_codF1_seal0
StartYear,1974

Data,"Prey of Pseudocalanus sp."

TimeStep,"Cyanobacteria","Phytoplankton","microzooplankton","Detritus-water column",
1,0.04366293,0.4557546,0.2818175,0.2187648
2,0.0400933,0.4747883,0.2833427,0.2017757
3,0.03816162,0.4799529,0.2887888,0.1930968
4,0.03708254,0.4799942,0.2942973,0.1886259
5,0.03647449,0.4783787,0.2987402,0.1864066
6,0.03613124,0.4764783,0.3019903,0.1854002
7,0.0359361,0.474777,0.3042554,0.1850316
8,0.03582186,0.4733877,0.3058116,0.1849787
9,0.03574984,0.4722825,0.306905,0.1850627
10,0.03569806,0.4713918,0.3077239,0.1851862
11,0.0356543,0.4706464,0.3084007,0.1852987
12,0.03561193,0.4699903,0.3090229,0.185375
13,0.03617778,0.4636158,0.3116299,0.1885765
14,0.03655842,0.4606593,0.3120425,0.1907397
15,0.03677773,0.4593259,0.3119141,0.1919824
16,0.03688683,0.4587188,0.311784,0.1926104
17,0.03692296,0.4583818,0.3118586,0.1928367
18,0.0369129,0.4581037,0.3121724,0.1928111
19,0.03687528,0.4578027,0.3126848,0.1926372
20,0.03682293,0.4574618,0.313329,0.1923863
21,0.03676483,0.4570924,0.3140332,0.1921095
22,0.03670746,0.4567172,0.3147301,0.1918453
23,0.03665565,0.4563604,0.3153605,0.1916234
24,0.03661297,0.4560439,0.3158765,0.1914666
25,0.0331501,0.4876059,0.3057854,0.1734587
26,0.0311473,0.4966094,0.3089246,0.1633187
27,0.0300859,0.4979153,0.3136111,0.1583877
28,0.02950414,0.4967392,0.3177379,0.1560188
29,0.02919316,0.4950518,0.3206866,0.1550684
30,0.02903376,0.4935321,0.322546,0.1548883
31,0.02895668,0.4923404,0.3235983,0.1551045
32,0.02892209,0.4914492,0.3241238,0.155505
33,0.02890749,0.4907782,0.3243417,0.1559726
34,0.02890019,0.4902472,0.3244103,0.1564424
35,0.02889356,0.489793,0.3244314,0.1568819
36,0.02888434,0.4893726,0.3244662,0.1572768
37,0.02955887,0.4812846,0.3278544,0.1613022
38,0.03001414,0.4778103,0.3281161,0.1640595
39,0.03029162,0.4764453,0.3274859,0.1657773
40,0.03044759,0.4759791,0.3267741,0.1667992
41,0.03052419,0.4758197,0.3262832,0.1673729
42,0.03055126,0.4757065,0.3260723,0.1676698
43,0.03054884,0.4755455,0.326102,0.1678037
44,0.03052986,0.475318,0.3263055,0.1678467
45,0.03050243,0.4750355,0.326618,0.167844
46,0.03047219,0.4747207,0.326979,0.167828
47,0.0304427,0.4743961,0.3273412,0.16782
48,0.03041627,0.4740805,0.3276694,0.1678339
49,0.03112202,0.4656734,0.3313853,0.1718192
50,0.03161122,0.4620529,0.3317747,0.1745611
51,0.0319217,0.4607027,0.3311035,0.1762721
52,0.03211289,0.4603889,0.330176,0.1773222
53,0.03222897,0.4604934,0.3293034,0.1779742
54,0.03230109,0.4607324,0.3285587,0.1784078
55,0.0323495,0.4609911,0.327923,0.1787364
56,0.03238653,0.461233,0.3273543,0.1790261
57,0.03241906,0.4614532,0.3268161,0.1793116
58,0.03244996,0.4616547,0.3262921,0.1796034
59,0.03248022,0.4618403,0.3257777,0.1799018
60,0.03250977,0.4620113,0.325277,0.1802018
61,0.03279651,0.4583774,0.3270486,0.1817774
62,0.0329813,0.4566708,0.3275991,0.1827488
63,0.03311393,0.4559421,0.3274815,0.1834624
64,0.03320458,0.4556984,0.3271341,0.1839629
65,0.03326678,0.4556791,0.3267309,0.1843233
66,0.03331061,0.4557526,0.3263398,0.1845971
67,0.0333429,0.4558569,0.3259811,0.1848191
68,0.03336789,0.455964,0.3256585,0.1850096
69,0.03338807,0.4560619,0.3253711,0.185179
70,0.03340508,0.4561472,0.3251136,0.1853342
71,0.03341977,0.4562194,0.3248827,0.1854781
72,0.03343256,0.4562791,0.3246769,0.1856114
73,0.03145631,0.476575,0.3172291,0.1747396
74,0.03024613,0.4832559,0.318229,0.168269
75,0.0295532,0.4847052,0.320933,0.1648086
76,0.02915549,0.4842364,0.3235898,0.1630183
77,0.02892856,0.4832236,0.3256813,0.1621666
78,0.02879884,0.4821925,0.3271807,0.1618279
79,0.02872261,0.4813037,0.3282202,0.1617535
80,0.02867417,0.4805715,0.3289544,0.1617998
81,0.02863875,0.479962,0.3295127,0.1618865
82,0.02860807,0.4794324,0.3299897,0.16197
83,0.02857767,0.4789471,0.330447,0.1620281
84,0.02854539,0.4784811,0.3309222,0.1620512
85,0.02860034,0.4783809,0.3303103,0.1627084
86,0.02864648,0.4784861,0.3295572,0.1633102
87,0.02865083,0.4785344,0.3292269,0.1635879
88,0.0286345,0.4784752,0.329192,0.1636983
89,0.028605,0.4783058,0.3293932,0.163696
90,0.02856615,0.4780417,0.3297829,0.1636092
91,0.02852024,0.4777029,0.3303211,0.1634558
92,0.02846891,0.4773081,0.3309737,0.1632493
93,0.02841358,0.4768747,0.3317096,0.1630021
94,0.02835585,0.4764191,0.3324978,0.1627274
95,0.0282976,0.4759564,0.333305,0.1624411
96,0.02824105,0.4755028,0.3340945,0.1621615
97,0.02775283,0.4804463,0.3323175,0.1594833
98,0.02743677,0.4821348,0.3325769,0.1578515
99,0.02723672,0.4824592,0.3333916,0.1569125
100,0.02711729,0.4822812,0.3341454,0.1564561
101,0.02705215,0.4819891,0.3346333,0.1563255
102,0.02702351,0.4817384,0.3348223,0.1564157
103,0.02701935,0.4815749,0.3347504,0.1566554
104,0.02703137,0.4814954,0.334479,0.1569942
105,0.02705368,0.4814784,0.3340726,0.1573953
106,0.02708176,0.4814977,0.3335923,0.1578284
107,0.02711206,0.4815294,0.3330894,0.1582691
108,0.0271419,0.4815552,0.3326046,0.1586984
109,0.02802958,0.4717748,0.3360826,0.164113
110,0.02866479,0.4678608,0.3355022,0.1679722
111,0.02907423,0.4666476,0.3338796,0.1703987
112,0.02932973,0.4665942,0.3321984,0.1718776
113,0.02948329,0.4669358,0.3308393,0.1727416
114,0.02957215,0.4673304,0.3298746,0.1732228
115,0.02962137,0.4676506,0.3292538,0.1734743
116,0.02964705,0.4678677,0.3288927,0.1735924
117,0.02965911,0.4679938,0.3287114,0.1736358
118,0.0296634,0.4680509,0.3286479,0.1736378
119,0.02966344,0.4680609,0.3286573,0.1736185
120,0.02966129,0.4680413,0.3287082,0.1735892
121,0.02934244,0.4711924,0.3277817,0.1716834
122,0.02912392,0.4722255,0.3282636,0.1703869
123,0.02899351,0.4723899,0.3289608,0.1696558
124,0.02891519,0.4722258,0.3296125,0.1692465
125,0.02886892,0.4719749,0.330125,0.1690312
126,0.02884188,0.4717343,0.3304938,0.1689299
127,0.02882604,0.4715347,0.330746,0.1688932
128,0.02881651,0.4713781,0.3309138,0.1688915
129,0.02881043,0.4712569,0.3310248,0.1689079
130,0.02880617,0.4711621,0.3310989,0.1689329
131,0.02880281,0.4710858,0.3311502,0.1689613
132,0.02879984,0.4710221,0.3311877,0.1689904
133,0.03107048,0.4410916,0.3461326,0.1817054
134,0.03271073,0.4257895,0.3511922,0.1903076
135,0.03385416,0.4186106,0.3516169,0.1959184
136,0.03458286,0.4156741,0.35064,0.199103
137,0.03501634,0.4147824,0.3495574,0.2006439
138,0.03526049,0.4147786,0.3487591,0.2012018
139,0.0353962,0.4151172,0.3482248,0.2012618
140,0.03547912,0.4155788,0.3477961,0.201146
141,0.03554447,0.4160982,0.3473088,0.2010486
142,0.03561351,0.4166721,0.3466335,0.201081
143,0.03569745,0.4173139,0.3456933,0.2012953
144,0.03580117,0.4180361,0.3444554,0.2017074
145,0.03271698,0.4543293,0.3283747,0.1845791
146,0.03100077,0.467705,0.3257764,0.1755178
147,0.03009409,0.4724934,0.3262419,0.1711706
148,0.02961607,0.4739084,0.3272547,0.1692209
149,0.02936777,0.4740688,0.3280831,0.1684803
150,0.02924176,0.473835,0.3285974,0.1683259
151,0.02917946,0.4735296,0.3288573,0.1684336
152,0.02914914,0.473252,0.3289593,0.1686395
153,0.02913379,0.4730157,0.3289869,0.1688636
154,0.0291243,0.4728071,0.3290001,0.1690685
155,0.0291159,0.472608,0.3290382,0.1692379
156,0.02910605,0.4724034,0.3291252,0.1693654
157,0.03451302,0.4078953,0.3573082,0.2002835
158,0.03940519,0.3681998,0.3649669,0.2274281
159,0.04341533,0.3445506,0.3634385,0.2485955
160,0.04645224,0.331389,0.3585302,0.2636285
161,0.04857721,0.3247693,0.3534334,0.2732201
162,0.0499473,0.3219716,0.3495553,0.2785259
163,0.05075501,0.3212138,0.3472255,0.2808057
164,0.05118358,0.3214235,0.346209,0.281184
165,0.05138333,0.3220295,0.3460464,0.2805408
166,0.05146574,0.3227775,0.3462543,0.2795024
167,0.05150741,0.3235856,0.3464257,0.2784813
168,0.05155673,0.3244479,0.346272,0.2777234
169,0.04741256,0.3671897,0.3303617,0.255036
170,0.0448836,0.387352,0.3259172,0.2418472
171,0.04380365,0.397351,0.3216012,0.237244
172,0.043328,0.4030481,0.3177063,0.2359176
173,0.0431107,0.4064235,0.3147432,0.2357226
174,0.04302894,0.4085378,0.312447,0.2359862
175,0.04301205,0.4099293,0.3107076,0.236351
176,0.04302216,0.4108849,0.3094378,0.2366552
177,0.0430408,0.4115645,0.3085485,0.2368463
178,0.04306005,0.4120606,0.3079549,0.2369245
179,0.04307682,0.4124299,0.3075854,0.2369078
180,0.04309006,0.4127096,0.3073845,0.2368159
181,0.04183706,0.4259411,0.3022794,0.2299425
182,0.04099062,0.4319857,0.3016572,0.2253664
183,0.04045369,0.4344973,0.302544,0.2225051
184,0.04011884,0.4353145,0.3038374,0.2207292
185,0.03991141,0.4353798,0.3050963,0.2196124
186,0.03978157,0.435155,0.3061861,0.2188773
187,0.03969697,0.4348505,0.3071045,0.218348
188,0.03963698,0.4345508,0.3078965,0.2179157
189,0.03958869,0.4342804,0.3086169,0.2175139
190,0.03954432,0.434038,0.3093135,0.2171041
191,0.03949916,0.4338132,0.3100235,0.2166641
192,0.03945049,0.4335945,0.3107736,0.2161814
193,0.03867259,0.4411125,0.3083947,0.2118202
194,0.03813435,0.4442956,0.3087534,0.2088166
195,0.03777187,0.4453981,0.3100501,0.2067799
196,0.03752746,0.4455318,0.3115637,0.205377
197,0.03735952,0.4452654,0.3130017,0.2043734
198,0.03724027,0.4448748,0.3142667,0.2036182
199,0.0371521,0.4444852,0.3153432,0.2030194
200,0.0370844,0.4441468,0.3162438,0.202525
201,0.03703117,0.4438751,0.3169856,0.2021081
202,0.03698945,0.4436715,0.3175805,0.2017585
203,0.03695796,0.4435328,0.3180351,0.2014741
204,0.03693619,0.4434542,0.3183537,0.2012559
205,0.04006742,0.4107693,0.3312741,0.2178892
206,0.04255964,0.393156,0.3335781,0.2307062
207,0.04437167,0.3842962,0.3317804,0.2395517
208,0.04561313,0.3804749,0.3286995,0.2452125
209,0.04642287,0.379357,0.3256496,0.2485707
210,0.04693521,0.3795548,0.3230833,0.2504267
211,0.04726019,0.3803058,0.3210269,0.2514071
212,0.04747829,0.3812321,0.3193382,0.2519515
213,0.04764275,0.3821719,0.3178485,0.2523368
214,0.04778305,0.3830702,0.3164469,0.2526999
215,0.04791375,0.3839152,0.3150764,0.2530946
216,0.0480399,0.3847083,0.3137277,0.2535241
217,0.04411148,0.4237679,0.2991667,0.232954
218,0.0416986,0.4400159,0.2975595,0.2207259
219,0.04031653,0.4461746,0.2994606,0.2140482
220,0.03952727,0.4479823,0.3020268,0.2104637
221,0.03908259,0.4480376,0.3042704,0.2086094
222,0.03883742,0.4475022,0.3059518,0.2077085
223,0.03870597,0.4468655,0.3071126,0.2073159
224,0.03863757,0.4463053,0.3078786,0.2071785
225,0.03860256,0.4458628,0.3083797,0.2071549
226,0.0385838,0.4455253,0.3087228,0.2071682
227,0.03857166,0.4452643,0.308986,0.207178
228,0.03856084,0.4450514,0.309223,0.2071648
229,0.03914348,0.4379893,0.3127536,0.2101137
230,0.03953565,0.4344403,0.3140613,0.2119627
231,0.03978937,0.4327106,0.3144366,0.2130634
232,0.03993937,0.4319071,0.3145404,0.2136131
233,0.04001762,0.4315354,0.3146558,0.2137913
234,0.04004898,0.4313389,0.3148776,0.2137345
235,0.04005135,0.4311963,0.3152131,0.2135392
236,0.04003706,0.4310592,0.3156326,0.2132712
237,0.04001449,0.4309154,0.3160953,0.2129747
238,0.03998928,0.4307703,0.3165602,0.2126802
239,0.03996528,0.430635,0.3169911,0.2124087
240,0.039945,0.4305219,0.3173586,0.2121744
241,0.03850862,0.4429264,0.3142269,0.2043381
242,0.03754119,0.4475258,0.315819,0.199114
243,0.03697465,0.4487921,0.3180361,0.1961971
244,0.03664685,0.448749,0.3199922,0.1946119
245,0.0364649,0.4483047,0.3214069,0.1938235
246,0.03637029,0.4478371,0.3222913,0.1935014
247,0.0363262,0.4474752,0.3227581,0.1934406
248,0.03630983,0.4472384,0.3229361,0.1935156
249,0.03630745,0.4471045,0.3229363,0.1936518
250,0.03631141,0.4470422,0.3228375,0.193809
251,0.03631749,0.4470234,0.3226933,0.1939659
252,0.03632355,0.4470268,0.3225375,0.1941122
253,0.0359414,0.4534702,0.3180392,0.1925491
254,0.03571264,0.4567751,0.3156881,0.1918242
255,0.03554628,0.4584182,0.3147161,0.1913194
256,0.03543652,0.4591694,0.3143443,0.1910498
257,0.03536581,0.45946,0.3142384,0.1909359
258,0.03531984,0.4595198,0.3142499,0.1909105
259,0.03528865,0.4594663,0.3143166,0.1909284
260,0.03526567,0.4593575,0.3144159,0.190961
261,0.03524686,0.45922,0.3145411,0.190992
262,0.03522978,0.4590663,0.3146911,0.1910128
263,0.03521309,0.4589016,0.3148655,0.1910198
264,0.03519612,0.4587286,0.3150631,0.1910122
265,0.03802617,0.4263578,0.3298459,0.2057701
266,0.04015591,0.4089649,0.3345667,0.2163125
267,0.04166771,0.4001484,0.3348154,0.2233685
268,0.04265537,0.3961096,0.3336691,0.2275659
269,0.04325286,0.3945394,0.3324803,0.2297274
270,0.04358786,0.3941244,0.3316911,0.2305967
271,0.0437642,0.3941875,0.331292,0.2307563
272,0.04385845,0.3944283,0.33109,0.2306232
273,0.04392269,0.394747,0.330858,0.2304723
274,0.04398837,0.3951325,0.3304178,0.2304614
275,0.04407195,0.3956012,0.3296632,0.2306636
276,0.04417855,0.3961665,0.3285669,0.231088
277,0.04526386,0.3887025,0.3292115,0.2368221
278,0.04615586,0.3854971,0.3268011,0.241546
279,0.0468082,0.3845591,0.3237089,0.2449238
280,0.04727481,0.3847891,0.320657,0.2472791
281,0.04760431,0.3855431,0.3179626,0.24889
282,0.04783653,0.386466,0.3157191,0.2499784
283,0.04800155,0.3873782,0.313912,0.2507082
284,0.04812082,0.3882004,0.3124843,0.2511945
285,0.04820888,0.3889072,0.3113699,0.251514
286,0.04827553,0.3894999,0.3105066,0.2517179
287,0.04832716,0.3899916,0.3098418,0.2518395
288,0.0483679,0.390398,0.3093338,0.2519003
289,0.04459705,0.4266526,0.2962407,0.2325097
290,0.04225155,0.4417097,0.2951977,0.220841
291,0.04087997,0.4473002,0.2974918,0.2143281
292,0.04007688,0.4487852,0.3004036,0.2107344
293,0.03960877,0.4486201,0.3029713,0.2087999
294,0.03933763,0.447908,0.3049562,0.2077982
295,0.03918079,0.4471134,0.3063997,0.207306
296,0.03908853,0.4464041,0.3074302,0.2070772
297,0.03903126,0.4458164,0.3081815,0.2069708
298,0.03899179,0.4453361,0.3087633,0.2069089
299,0.03896025,0.4449336,0.3092562,0.2068499
300,0.0389312,0.4445806,0.3097153,0.2067729
301,0.03574353,0.4755996,0.2984748,0.1901821
302,0.03385547,0.4861015,0.2993512,0.1806918
303,0.03276691,0.4886355,0.3030695,0.1755281
304,0.03212961,0.4881411,0.306988,0.1727413
305,0.03175275,0.4866952,0.3102668,0.1712853
306,0.03152632,0.4851279,0.3127777,0.1705681
307,0.03138568,0.4837234,0.3146418,0.1702491
308,0.0312929,0.4825386,0.3160352,0.1701333
309,0.03122607,0.4815464,0.3171161,0.1701115
310,0.03117247,0.4806975,0.3180072,0.1701227
311,0.03112524,0.4799465,0.3187918,0.1701364
312,0.03108088,0.479259,0.3195207,0.1701394
313,0.03517626,0.433058,0.3394478,0.192318
314,0.03858582,0.4074194,0.3437216,0.2102733
315,0.04113782,0.3940955,0.3417163,0.2230503
316,0.042898,0.388014,0.3378111,0.2312769
317,0.04401465,0.3858339,0.3341894,0.2359621
318,0.04466307,0.3855055,0.3316438,0.2381877
319,0.04500402,0.3858957,0.3302059,0.2388943
320,0.04516532,0.3864704,0.3295608,0.2388034
321,0.04523972,0.3870453,0.3292903,0.2384247
322,0.04528743,0.3876071,0.3290291,0.2380764
323,0.04534405,0.3882025,0.3285165,0.2379369
324,0.04542675,0.3888798,0.3276141,0.2380793
325,0.04516664,0.3937317,0.3244513,0.2366503
326,0.04505469,0.3967523,0.3220412,0.2361517
327,0.04503655,0.3988081,0.3199577,0.2361978
328,0.04508005,0.4003366,0.3179978,0.2365856
329,0.04515633,0.4015617,0.316147,0.2371349
330,0.04524497,0.4025898,0.314445,0.2377201
331,0.04533326,0.4034683,0.312933,0.2382655
332,0.04541407,0.4042186,0.3116361,0.2387311
333,0.04548412,0.4048532,0.3105613,0.2391014
334,0.04554318,0.4053828,0.3096937,0.2393804
335,0.04559207,0.405819,0.3090107,0.2395782
336,0.04563198,0.4061745,0.3084871,0.2397064
337,0.0459609,0.4035165,0.309237,0.2412857
338,0.04619678,0.4022458,0.3092294,0.2423281
339,0.04635708,0.4017085,0.3089809,0.2429535
340,0.0464615,0.4015469,0.3087127,0.2432789
341,0.04652621,0.4015585,0.3085193,0.2433961
342,0.04656328,0.4016334,0.3084325,0.2433707
343,0.04658116,0.4017162,0.3084555,0.2432472
344,0.04658562,0.4017812,0.3085783,0.2430549
345,0.04658061,0.4018187,0.3087873,0.2428134
346,0.04656848,0.4018269,0.3090706,0.242534
347,0.04655103,0.4018074,0.3094165,0.2422251
348,0.04652962,0.4017635,0.309813,0.2418939
349,0.03966767,0.4620009,0.2922543,0.2060771
350,0.03593946,0.4795533,0.2974092,0.187098
351,0.03400085,0.4829307,0.3053493,0.1777192
352,0.03294146,0.4817232,0.3123963,0.172939
353,0.03235464,0.4793717,0.3177047,0.170569
354,0.03202825,0.4770916,0.3213969,0.1694833
355,0.03184454,0.4752238,0.3238654,0.1690661
356,0.0317369,0.4737795,0.325508,0.1689756
357,0.03166782,0.4726656,0.326642,0.1690245
358,0.03161652,0.4717762,0.3274941,0.1691133
359,0.03157191,0.4710232,0.3282129,0.1691919
360,0.03152838,0.4703444,0.328889,0.1692382
361,0.03506243,0.4325477,0.3440292,0.1883607
362,0.03797052,0.4127111,0.3454966,0.2038217
363,0.04006937,0.4031067,0.3423738,0.2144501
364,0.041469,0.399244,0.3381981,0.2210889
365,0.04232651,0.3982599,0.3346618,0.2247518
366,0.0428027,0.3984852,0.3323075,0.2264046
367,0.04303426,0.3990566,0.3310747,0.2268344
368,0.04312424,0.3996066,0.3306529,0.2266163
369,0.04314444,0.4000388,0.3306751,0.2261417
370,0.04314298,0.4003852,0.3308029,0.2256689
371,0.04314983,0.40072,0.3307752,0.225355
372,0.04318153,0.4011144,0.330422,0.2252821
373,0.04371608,0.3967671,0.33166,0.2278568
374,0.04414272,0.3949625,0.3309908,0.229904
375,0.04448206,0.3945499,0.329419,0.231549
376,0.044758,0.3949002,0.327423,0.2329188
377,0.04498822,0.3956424,0.3252725,0.2340969
378,0.04518376,0.3965582,0.3231314,0.2351266
379,0.04535101,0.3975193,0.3211046,0.2360252
380,0.04549384,0.3984508,0.3192564,0.2367991
381,0.04561495,0.3993108,0.3176222,0.237452
382,0.0457164,0.4000784,0.3162174,0.2379877
383,0.04580044,0.4007459,0.3150394,0.2384143
384,0.04586939,0.4013147,0.3140728,0.2387432
385,0.04603091,0.4010529,0.3133454,0.2395709
386,0.04615593,0.4011283,0.3125355,0.2401803
387,0.0462436,0.4013456,0.3118483,0.2405626
388,0.0463039,0.4016003,0.3113155,0.2407803
389,0.0463442,0.4018411,0.3109365,0.2408782
390,0.04636962,0.4020457,0.3106981,0.2408865
391,0.04638351,0.4022069,0.3105851,0.2408245
392,0.04638791,0.4023242,0.3105849,0.2407031
393,0.046384,0.4023992,0.3106885,0.2405283
394,0.04637284,0.4024353,0.3108859,0.240306
395,0.04635518,0.4024356,0.3111687,0.2400405
396,0.04633162,0.4024037,0.3115295,0.2397352
397,0.04746506,0.393833,0.3129885,0.2457135
398,0.04834075,0.3897844,0.3116193,0.2502555
399,0.04890494,0.3881696,0.3099502,0.2529753
400,0.04925,0.3877815,0.3085032,0.2544653
401,0.0494459,0.3879367,0.3074712,0.2551463
402,0.04954509,0.3882739,0.30686,0.255321
403,0.04958507,0.3886219,0.3065931,0.2551999
404,0.0495916,0.3889157,0.3065689,0.2549239
405,0.04958175,0.389144,0.3066889,0.2545853
406,0.04956628,0.3893199,0.306873,0.2542409
407,0.04955179,0.3894638,0.3070592,0.2539252
408,0.04954213,0.3895956,0.3072042,0.2536581
409,0.04449135,0.4349923,0.2926165,0.2279
410,0.04149069,0.452163,0.2932648,0.2130815
411,0.03982203,0.4577651,0.2971499,0.205263
412,0.0388811,0.4587837,0.3011773,0.2011579
413,0.03835315,0.4581554,0.3044005,0.199091
414,0.03806038,0.4571032,0.3067033,0.1981332
415,0.03789939,0.4560924,0.3082517,0.1977565
416,0.03780973,0.4552587,0.3092705,0.1976612
417,0.03775636,0.4546048,0.3099586,0.1976802
418,0.03771939,0.4540902,0.3104665,0.1977239
419,0.03768785,0.453668,0.3108975,0.1977467
420,0.03765596,0.4532994,0.311317,0.1977276
421,0.03785306,0.4502824,0.3130586,0.1988059
422,0.03796555,0.4486755,0.3139741,0.1993849
423,0.0380214,0.4477741,0.3145533,0.1996512
424,0.03803432,0.4472177,0.3150674,0.1996806
425,0.03801835,0.4468158,0.3156124,0.1995534
426,0.03798461,0.4464773,0.3162055,0.1993325
427,0.0379414,0.4461651,0.3168277,0.1990657
428,0.03789493,0.4458701,0.3174461,0.198789
429,0.03784996,0.4455965,0.318023,0.1985305
430,0.03781023,0.4453542,0.3185218,0.1983137
431,0.03777854,0.4451541,0.3189108,0.1981565
432,0.03775686,0.4450055,0.3191661,0.1980715
433,0.04057436,0.4141165,0.3330341,0.212275
434,0.0426816,0.3973567,0.337625,0.2223367
435,0.04419466,0.3887519,0.3378523,0.2292012
436,0.04519836,0.3847577,0.3366373,0.2334066
437,0.04583206,0.3832197,0.3351654,0.2357828
438,0.04622674,0.3829071,0.3337961,0.23707
439,0.0464868,0.3831776,0.332501,0.2378345
440,0.04668647,0.3837337,0.3311155,0.2384642
441,0.04687199,0.384457,0.3294834,0.2391876
442,0.04706435,0.3853022,0.3275451,0.2400883
443,0.04726739,0.3862414,0.3253379,0.2411532
444,0.04747428,0.3872402,0.3229761,0.2423095
445,0.04758507,0.3863579,0.3234779,0.2425791
446,0.04761199,0.3857923,0.3242428,0.2423529
447,0.0476497,0.3854159,0.3246696,0.2422648
448,0.04769032,0.3851783,0.3248867,0.2422447
449,0.04773257,0.3850406,0.3249542,0.2422726
450,0.04777563,0.3849752,0.3249145,0.2423346
451,0.04781866,0.3849616,0.3248005,0.2424192
452,0.04786072,0.3849848,0.3246393,0.2425151
453,0.04790087,0.3850324,0.3244539,0.2426128
454,0.0479387,0.3850953,0.324259,0.2427071
455,0.04797392,0.3851668,0.3240655,0.2427938
456,0.0480063,0.3852419,0.3238818,0.24287
457,0.04784236,0.3917261,0.3176836,0.2427479
458,0.04792979,0.3962588,0.3116715,0.24414
459,0.04796166,0.3994085,0.3076614,0.2449685
460,0.04795935,0.4015754,0.305062,0.2454033
461,0.04793946,0.4030252,0.3034475,0.2455878
462,0.0479118,0.4039599,0.3025115,0.2456169
463,0.04788069,0.4045321,0.3020434,0.2455437
464,0.04784719,0.4048529,0.301905,0.2453949
465,0.04781073,0.405,0.3020078,0.2451814
466,0.04777024,0.4050261,0.3022963,0.2449073
467,0.04772455,0.4049656,0.3027365,0.2445733
468,0.0476721,0.4048377,0.3033151,0.244175
469,0.04228053,0.4517843,0.28934,0.2165953
470,0.0391448,0.4676697,0.2921988,0.2009867
471,0.03741449,0.4717122,0.2980982,0.1927751
472,0.03642897,0.4714009,0.3037968,0.1883733
473,0.03585993,0.4697295,0.3083722,0.1860384
474,0.03552737,0.4678753,0.3117634,0.1848338
475,0.03532817,0.466243,0.3141949,0.184234
476,0.03520246,0.4649154,0.3159408,0.1839414
477,0.03511583,0.4638571,0.3172362,0.1837909
478,0.03504876,0.4630002,0.3182582,0.1836928
479,0.03499092,0.4622817,0.3191233,0.1836041
480,0.03493725,0.4616548,0.3199004,0.1835075
481,0.0402539,0.4079546,0.3403651,0.2114263
482,0.04495008,0.3759549,0.3435161,0.2355789
483,0.04863451,0.3576091,0.3401122,0.2536443
484,0.05131515,0.3480221,0.3346309,0.2660318
485,0.05311107,0.3437245,0.3295165,0.273648
486,0.05421034,0.3423555,0.3257564,0.2776777
487,0.05481727,0.3424108,0.3234612,0.2793109
488,0.05511672,0.3430277,0.3222799,0.2795758
489,0.05525823,0.34379,0.3216735,0.2792783
490,0.05534894,0.3445556,0.3211184,0.2789772
491,0.05545738,0.3453211,0.3202061,0.2790155
492,0.05562205,0.3461323,0.3186724,0.2795733
493,0.05668319,0.3393525,0.3192427,0.2847216
494,0.05759773,0.335901,0.3173155,0.2891857
495,0.05835454,0.3344719,0.3142587,0.2929148
496,0.05896699,0.3342558,0.3108212,0.2959561
497,0.05945367,0.3347158,0.3074487,0.2983817
498,0.05983401,0.3355027,0.3043934,0.3002699
499,0.06012661,0.3363965,0.3017771,0.3016999
500,0.06034818,0.3372676,0.2996371,0.3027471
501,0.06051328,0.3380474,0.2979577,0.3034816
502,0.06063531,0.3387073,0.296684,0.3039734
503,0.060725,0.3392441,0.2957502,0.3042807
504,0.06079071,0.3396687,0.2950904,0.3044502
505,0.05809953,0.3627917,0.2882054,0.2909034
506,0.05615968,0.3747314,0.2877642,0.2813447
507,0.05492638,0.3803141,0.2892938,0.2754658
508,0.05416581,0.3826217,0.2912372,0.2719753
509,0.05370807,0.3833393,0.2929935,0.269959
510,0.05343827,0.38335,0.2943963,0.2688154
511,0.05328134,0.3830949,0.2954599,0.2681639
512,0.05318956,0.3827794,0.2962597,0.2677715
513,0.05313333,0.3824871,0.2968795,0.2675
514,0.05309457,0.3822432,0.2973925,0.2672696
515,0.05306277,0.3820461,0.2978539,0.2670372
516,0.05303212,0.3818852,0.2983008,0.266782
517,0.05624381,0.3533998,0.3077896,0.2825669
518,0.05883385,0.3362523,0.3100725,0.2948413
519,0.06074572,0.3261791,0.309645,0.3034302
520,0.06206866,0.3205554,0.3084309,0.3089449
521,0.06292126,0.3176224,0.3073555,0.3121008
522,0.06342685,0.3162278,0.3067511,0.3135943
523,0.06369682,0.3156522,0.3066238,0.3140271
524,0.06382251,0.3154774,0.3068237,0.3138765
525,0.06387326,0.3154837,0.3071492,0.3134938
526,0.06389801,0.3155724,0.3074099,0.3131197
527,0.06392834,0.3157113,0.3074584,0.3129019
528,0.06398173,0.3158981,0.3072061,0.312914
529,0.06569159,0.303149,0.3100246,0.3211348
530,0.06715231,0.2953012,0.309488,0.3280585
531,0.06828658,0.2906855,0.3077305,0.3332975
532,0.06914199,0.2881532,0.3055567,0.3371481
533,0.06977315,0.2869249,0.3033853,0.3399166
534,0.07023326,0.2864788,0.3014023,0.3418856
535,0.07056794,0.2864752,0.29967,0.343287
536,0.07081308,0.2867007,0.2981909,0.3442953
537,0.07099514,0.2870272,0.2969437,0.345034
538,0.07113292,0.2873814,0.2958988,0.3455871
539,0.07123931,0.2877244,0.2950272,0.3460091
540,0.0713229,0.2880381,0.2943042,0.3463348
541,0.06606564,0.3295034,0.2837478,0.3206832
542,0.06216305,0.3518964,0.2838847,0.3020559
543,0.05977027,0.3623027,0.2868134,0.2911136
544,0.05834921,0.3667314,0.2899327,0.2849867
545,0.05752406,0.3683274,0.2924421,0.2817064
546,0.05705525,0.368666,0.294236,0.2800427
547,0.05679432,0.3685109,0.2954397,0.2792552
548,0.05665069,0.368212,0.2962279,0.2789094
549,0.05657,0.3679129,0.2967585,0.2787586
550,0.05652034,0.3676586,0.2971535,0.2786676
551,0.0564835,0.3674515,0.2974987,0.2785663
552,0.05644944,0.3672786,0.2978502,0.2784218
553,0.05810027,0.3541878,0.301001,0.2867109
554,0.05941296,0.3467692,0.3006713,0.2931466
555,0.06032306,0.3428018,0.2995001,0.297375
556,0.06091353,0.3408616,0.2983094,0.2999155
557,0.06126554,0.3400375,0.2974581,0.301239
558,0.06144994,0.3397712,0.297042,0.3017369
559,0.06152325,0.3397419,0.2970245,0.3017102
560,0.06152765,0.3397813,0.2973141,0.301377
561,0.06149316,0.3398131,0.2978055,0.3008883
562,0.06144037,0.3398131,0.2984006,0.300346
563,0.06138324,0.3397831,0.2990158,0.2998177
564,0.06133093,0.3397364,0.2995847,0.2993479
565,0.05907965,0.3581018,0.2944985,0.2883202
566,0.0574645,0.3677879,0.2940946,0.2806531
567,0.05643364,0.3725252,0.2950666,0.2759745
568,0.05580769,0.3746732,0.2962058,0.2733133
569,0.05544808,0.3755468,0.297068,0.2719372
570,0.05525614,0.3758433,0.2975649,0.2713357
571,0.05516509,0.3759129,0.2977507,0.2711714
572,0.05513135,0.3759173,0.2977207,0.2712308
573,0.05512756,0.3759209,0.2975667,0.2713849
574,0.05513715,0.3759417,0.2973613,0.27156
575,0.05515059,0.3759772,0.2971554,0.2717168
576,0.05516272,0.3760189,0.2969813,0.271837
577,0.0562399,0.3675141,0.2990254,0.2772206
578,0.05707851,0.3629059,0.2986908,0.2813248
579,0.05765452,0.3605902,0.2977368,0.2840184
580,0.05802932,0.3595715,0.2967304,0.2856688
581,0.05825824,0.3592356,0.2959195,0.2865866
582,0.05838714,0.3592214,0.295372,0.2870194
583,0.05845106,0.3593299,0.295069,0.2871501
584,0.05847507,0.3594614,0.2949578,0.2871056
585,0.05847625,0.3595736,0.2949802,0.28697
586,0.05846573,0.3596544,0.2950838,0.2867961
587,0.05845055,0.3597059,0.2952274,0.2866161
588,0.05843491,0.3597361,0.2953802,0.2864487
589,0.05764175,0.365799,0.2941217,0.2824375
590,0.05705652,0.3689781,0.2944153,0.2795502
591,0.056675,0.370514,0.2950686,0.2777424
592,0.05643715,0.3711807,0.2957116,0.2766705
593,0.05629643,0.3714191,0.2962052,0.2760794
594,0.05621845,0.3714681,0.2965267,0.2757868
595,0.05617921,0.3714492,0.2967027,0.2756689
596,0.05616258,0.3714179,0.2967745,0.275645
597,0.05615812,0.3713951,0.2967823,0.2756644
598,0.0561595,0.3713849,0.2967575,0.2756981
599,0.05616297,0.3713846,0.2967227,0.2757298
600,0.05616642,0.3713893,0.2966929,0.2757513
601,0.0541696,0.388186,0.2916023,0.2660421
602,0.05277028,0.396394,0.2914034,0.2594323
603,0.05188591,0.4000242,0.2926472,0.2554428
604,0.05134318,0.4013621,0.2941568,0.2531379
605,0.05101866,0.4016289,0.2954833,0.2518692
606,0.05082855,0.4014487,0.296515,0.2512077
607,0.05071804,0.4011223,0.2972784,0.2508813
608,0.05065239,0.4007812,0.2978432,0.2507232
609,0.05061029,0.4004727,0.2982809,0.2506362
610,0.05057901,0.4002053,0.2986505,0.2505651
611,0.05055134,0.3999725,0.2989945,0.2504816
612,0.05052343,0.3997637,0.29934,0.2503728
613,0.05291878,0.3782836,0.3067334,0.2620642
614,0.05478393,0.366124,0.3082165,0.2708756
615,0.05610289,0.3595181,0.3075807,0.2767983
616,0.05697464,0.3562012,0.3063826,0.2804417
617,0.05750878,0.3547212,0.3053419,0.2824281
618,0.05780705,0.3541875,0.3046976,0.2833078
619,0.05795322,0.3540887,0.3044401,0.283518
620,0.05801075,0.3541571,0.3044519,0.2833802
621,0.05802466,0.3542718,0.3045878,0.2831158
622,0.05802496,0.354392,0.3047154,0.2828677
623,0.05803012,0.3545153,0.3047347,0.2827199
624,0.05805007,0.3546538,0.3045837,0.2827125
625,0.05746622,0.3600703,0.302601,0.2798626
626,0.0570584,0.3630893,0.3018827,0.2779696
627,0.05681835,0.3647406,0.3014779,0.2769632
628,0.05669889,0.3656496,0.3010768,0.2765747
629,0.05665938,0.3661767,0.300584,0.2765799
630,0.05666818,0.3665175,0.3000066,0.2768078
631,0.0567026,0.3667701,0.2993892,0.277138
632,0.05674747,0.366979,0.2987809,0.2774926
633,0.05679335,0.3671605,0.2982213,0.2778249
634,0.05683473,0.3673183,0.2977378,0.2781091
635,0.05686882,0.3674513,0.2973456,0.2783343
636,0.05689458,0.3675578,0.2970499,0.2784978
637,0.05570365,0.3780009,0.2934998,0.2727957
638,0.05483754,0.3833973,0.2930066,0.2687585
639,0.05426695,0.3859622,0.2935661,0.2662048
640,0.05390288,0.3870172,0.2944254,0.2646545
641,0.05367515,0.3873146,0.2952698,0.2637403
642,0.05353316,0.3872625,0.2959997,0.2632045
643,0.05344244,0.3870704,0.2966101,0.262877
644,0.05338046,0.3868379,0.2971306,0.262651
645,0.05333319,0.3866068,0.2975973,0.2624628
646,0.05329223,0.3863905,0.2980401,0.2622771
647,0.05325292,0.3861903,0.29848,0.2620767
648,0.05321294,0.386003,0.298929,0.261855
649,0.05389759,0.379283,0.3017371,0.2650822
650,0.05438731,0.3755404,0.3028135,0.2672588
651,0.0547075,0.3735139,0.3032089,0.2685696
652,0.05489777,0.3724619,0.3034029,0.2692374
653,0.05499765,0.3719343,0.3035908,0.2694772
654,0.05504011,0.3716734,0.3038228,0.2694637
655,0.0550502,0.3715425,0.3040811,0.2693262
656,0.05504584,0.3714758,0.3043233,0.2691551
657,0.05503914,0.3714462,0.3045046,0.26901
658,0.05503769,0.3714464,0.3045894,0.2689265
659,0.05504563,0.3714766,0.3045552,0.2689226
660,0.05506458,0.3715385,0.3043943,0.2690026
661,0.05428045,0.3787645,0.3016862,0.2652689
662,0.0537299,0.382562,0.3009489,0.2627593
663,0.05338653,0.3844732,0.3008326,0.2613077
664,0.05318959,0.3853857,0.3008426,0.2605821
665,0.05308899,0.3858008,0.3007943,0.2603159
666,0.05304756,0.3859867,0.3006508,0.260315
667,0.05303945,0.3860772,0.3004352,0.2604482
668,0.05304768,0.3861327,0.3001879,0.2606317
669,0.05306159,0.3861758,0.2999478,0.2608148
670,0.05307504,0.3862113,0.2997434,0.2609703
671,0.05308473,0.3862373,0.2995928,0.2610851
672,0.05308913,0.3862501,0.2995061,0.2611547
673,0.05569946,0.3638819,0.3065523,0.2738663
674,0.05778151,0.3509277,0.3075595,0.2837312
675,0.05928604,0.3437054,0.3064624,0.2905461
676,0.06030887,0.3399676,0.304813,0.2949106
677,0.06095968,0.3382429,0.3033466,0.2974508
678,0.06134367,0.3375999,0.3023205,0.298736
679,0.0615498,0.3374811,0.3017398,0.2992293
680,0.06164709,0.3375781,0.3014962,0.2992787
681,0.06168546,0.3377381,0.3014483,0.2991282
682,0.06169846,0.3378991,0.3014666,0.2989358
683,0.0617073,0.3380462,0.3014499,0.2987966
684,0.061724,0.3381849,0.3013314,0.2987596
685,0.05950686,0.3563244,0.2961825,0.2879862
686,0.05790858,0.3658497,0.2957894,0.2804523
687,0.05691515,0.3704702,0.296587,0.2760276
688,0.0563306,0.3725533,0.2974767,0.2736394
689,0.05600938,0.3733963,0.2980798,0.2725145
690,0.05584915,0.3736794,0.2983502,0.2721212
691,0.05578147,0.3737393,0.2983661,0.2721131
692,0.05576259,0.3737295,0.2982323,0.2722756
693,0.05576567,0.3737092,0.2980415,0.2724836
694,0.05577542,0.373694,0.2978594,0.2726712
695,0.05578357,0.3736816,0.297728,0.2728069
696,0.05578613,0.3736646,0.2976697,0.2728796
697,0.05614401,0.3709685,0.2981735,0.274714
698,0.05641599,0.369568,0.2979336,0.2760823
699,0.05658695,0.3689015,0.2976193,0.2768923
700,0.05668404,0.3686187,0.2973908,0.2773064
701,0.05672911,0.3685161,0.2973062,0.2774486
702,0.05673923,0.368482,0.2973666,0.2774122
703,0.05672708,0.3684605,0.2975473,0.2772651
704,0.05670179,0.3684282,0.2978146,0.2770554
705,0.05666977,0.3683794,0.2981341,0.2768168
706,0.05663541,0.3683167,0.2984758,0.2765721
707,0.05660181,0.3682464,0.2988141,0.2763377
708,0.05657114,0.3681753,0.299128,0.2761256
709,0.05602029,0.3717809,0.2989188,0.2732799
710,0.05558972,0.3734761,0.2998777,0.2710565
711,0.05531301,0.374121,0.3008922,0.2696737
712,0.05514187,0.3742569,0.3017524,0.2688488
713,0.05504357,0.374178,0.3023766,0.2684019
714,0.05499418,0.3740376,0.3027631,0.2682051
715,0.0549766,0.3739083,0.302946,0.2681691
716,0.05497902,0.373818,0.3029698,0.2682332
717,0.05499345,0.3737719,0.3028784,0.2683563
718,0.05501444,0.3737646,0.3027101,0.2685109
719,0.05503845,0.3737869,0.3024962,0.2686785
720,0.05506307,0.3738291,0.3022612,0.2688467
721,0.05404184,0.3835895,0.2982546,0.264114
722,0.05332433,0.3887267,0.297006,0.260943
723,0.05285239,0.3912945,0.2968848,0.2589683
724,0.05255685,0.392469,0.2971429,0.2578313
725,0.05237838,0.3929278,0.2974669,0.257227
726,0.05227324,0.3930411,0.2977499,0.2569358
727,0.0522114,0.3930008,0.2979763,0.2568114
728,0.05217325,0.3929001,0.2981645,0.2567621
729,0.05214654,0.3927795,0.2983405,0.2567334
730,0.05212389,0.3926537,0.2985277,0.2566947
731,0.05210116,0.3925256,0.2987427,0.2566306
732,0.05207623,0.3923939,0.2989947,0.2565351
733,0.05317318,0.3824645,0.3025011,0.2618612
734,0.05398513,0.3770233,0.3033396,0.265652
735,0.05452967,0.3741646,0.3032565,0.2680492
736,0.05486879,0.3727594,0.3029609,0.2694108
737,0.05506174,0.3721207,0.3027552,0.2700624
738,0.05515787,0.3718526,0.3027238,0.2702656
739,0.0551948,0.3717432,0.3028471,0.2702149
740,0.05519947,0.3716905,0.3030645,0.2700455
741,0.05519025,0.3716538,0.3033088,0.2698472
742,0.05517906,0.3716235,0.3035204,0.269677
743,0.05517308,0.3716036,0.3036558,0.2695675
744,0.05517615,0.3716017,0.3036878,0.2695343
745,0.05548359,0.3686729,0.3049264,0.2709171
746,0.05571945,0.3670653,0.3052662,0.2719491
747,0.05590247,0.3662393,0.3051026,0.2727557
748,0.05604187,0.3658821,0.3046991,0.2733769
749,0.05615002,0.3657946,0.3041837,0.2738718
750,0.05623687,0.3658553,0.3036214,0.2742864
751,0.05630936,0.365993,0.3030472,0.2746505
752,0.05637174,0.3661664,0.3024824,0.2749795
753,0.05642628,0.3663515,0.3019426,0.2752796
754,0.05647441,0.3665349,0.3014373,0.2755535
755,0.05651677,0.3667087,0.3009735,0.2758009
756,0.05655368,0.366869,0.3005565,0.2760208
757,0.05750688,0.3591082,0.3027548,0.2806303
758,0.05823584,0.3547564,0.3029649,0.2840429
759,0.05874834,0.3524383,0.3024683,0.286345
760,0.05909112,0.3513053,0.3017997,0.2878038
761,0.05931049,0.3508257,0.3011926,0.2886711
762,0.05944554,0.3506813,0.3007211,0.289152
763,0.05952619,0.3506925,0.3003835,0.2893978
764,0.05957374,0.3507649,0.3001486,0.2895127
765,0.05960257,0.3508536,0.2999796,0.2895642
766,0.05962188,0.3509408,0.2998441,0.2895933
767,0.05963711,0.351022,0.2997184,0.2896225
768,0.0596514,0.3510986,0.2995866,0.2896634
769,0.05842616,0.3620151,0.2956889,0.2838698
770,0.05753242,0.3679583,0.2947187,0.2797904
771,0.05694195,0.3710131,0.2948223,0.2772226
772,0.05657125,0.3724758,0.2952319,0.275721
773,0.05634916,0.3731085,0.2956275,0.2749148
774,0.0562223,0.3733369,0.2959087,0.2745321
775,0.05615337,0.3733859,0.296072,0.2743887
776,0.05611756,0.3733668,0.2961497,0.2743659
777,0.05609911,0.3733291,0.29618,0.2743918
778,0.05608848,0.3732911,0.2961947,0.2744257
779,0.05608023,0.3732566,0.2962166,0.2744465
780,0.05607142,0.3732238,0.2962599,0.2744449
781,0.05403958,0.39004,0.2913133,0.2646071
782,0.05262074,0.3982019,0.2912305,0.2579469
783,0.05172181,0.4017803,0.2925744,0.2539234
784,0.05116625,0.403076,0.2941718,0.251586
785,0.05082943,0.4033111,0.2955769,0.2502824
786,0.0506275,0.4031081,0.2966788,0.2495856
787,0.05050583,0.402765,0.2975037,0.2492256
788,0.05042992,0.4024112,0.2981211,0.2490378
789,0.05037863,0.4020927,0.2986027,0.2489261
790,0.05033943,0.4018172,0.2990062,0.2488371
791,0.05030532,0.4015781,0.2993728,0.2487438
792,0.0502726,0.4013647,0.2997282,0.2486344
793,0.05144576,0.3908143,0.303318,0.2544219
794,0.05232164,0.3851834,0.3038791,0.2586159
795,0.05290719,0.3823424,0.3034726,0.2612778
796,0.05327403,0.3810439,0.302855,0.2628272
797,0.05348705,0.3805397,0.3023499,0.2636234
798,0.05359951,0.3804055,0.3020439,0.2639512
799,0.05365145,0.3804185,0.3019118,0.2640183
800,0.05367111,0.3804744,0.3018872,0.2639673
801,0.05367717,0.3805332,0.3018998,0.2638898
802,0.05368122,0.3805868,0.3018921,0.2638398
803,0.05368979,0.3806395,0.3018249,0.2638458
804,0.0537059,0.3806989,0.3016772,0.263918
805,0.05474316,0.3721344,0.3041431,0.2689793
806,0.05554408,0.3674863,0.3041738,0.2727959
807,0.0561134,0.3651296,0.3033334,0.2754236
808,0.05650506,0.3640836,0.302239,0.2771724
809,0.05676911,0.3637453,0.3011722,0.2783134
810,0.05694644,0.3637596,0.3002345,0.2790596
811,0.05706742,0.3639282,0.2994416,0.2795628
812,0.0571529,0.3641481,0.2987765,0.2799225
813,0.05721625,0.36437,0.2982148,0.2801989
814,0.0572657,0.3645736,0.2977346,0.2804261
815,0.05730597,0.3647524,0.2973202,0.2806214
816,0.05733962,0.3649065,0.2969614,0.2807925
817,0.05593391,0.3768779,0.2932255,0.2739627
818,0.05492199,0.3830146,0.2928734,0.2691901
819,0.05427179,0.3859105,0.2935463,0.2662713
820,0.05386921,0.3871146,0.294437,0.2645792
821,0.05362814,0.3874888,0.295227,0.263656
822,0.0534878,0.3874913,0.2958331,0.2631878
823,0.05340736,0.387352,0.2962706,0.26297
824,0.05336048,0.3871768,0.2965873,0.2628755
825,0.05333074,0.3870076,0.2968331,0.2628286
826,0.05330833,0.3868556,0.2970494,0.2627868
827,0.05328772,0.3867185,0.2972656,0.2627281
828,0.05326598,0.3865907,0.2975002,0.2626431
829,0.05482054,0.3729408,0.3020247,0.2702139
830,0.05601104,0.3652982,0.3028651,0.2758256
831,0.05683454,0.3612065,0.3024483,0.2795106
832,0.05736826,0.3591765,0.3017289,0.2817264
833,0.05768939,0.3582729,0.301135,0.2829027
834,0.057865,0.3579358,0.3008012,0.283398
835,0.0579479,0.3578508,0.3007161,0.2834851
836,0.05797672,0.357857,0.3008081,0.2833583
837,0.05797822,0.3578826,0.3009916,0.2831476
838,0.05796996,0.3579042,0.3011895,0.2829363
839,0.05796283,0.3579212,0.3013429,0.2827732
840,0.05796289,0.3579414,0.3014124,0.2826833
841,0.0578132,0.3592257,0.3010723,0.2818887
842,0.05771472,0.3599586,0.300933,0.2813937
843,0.0576657,0.3603812,0.300775,0.281178
844,0.05765297,0.3606435,0.3005413,0.2811622
845,0.05766502,0.3608308,0.3002245,0.2812796
846,0.05769246,0.3609883,0.2998422,0.2814772
847,0.05772812,0.3611364,0.2994207,0.2817147
848,0.05776683,0.3612825,0.2989869,0.2819637
849,0.05780505,0.3614265,0.2985638,0.2822047
850,0.05784041,0.3615657,0.2981692,0.2824246
851,0.05787152,0.3616965,0.297816,0.2826161
852,0.05789766,0.3618153,0.2975118,0.2827752
853,0.05517858,0.3852191,0.2898681,0.2697342
854,0.05329401,0.3967073,0.2890232,0.2609755
855,0.05211505,0.4018395,0.2902911,0.2557543
856,0.05139622,0.4038101,0.2920226,0.2527711
857,0.05096681,0.4043011,0.2935895,0.2511426
858,0.05071394,0.404165,0.2948228,0.2502982
859,0.0505651,0.4038109,0.2957416,0.2498825
860,0.05047483,0.4034191,0.2964259,0.2496802
861,0.05041537,0.403056,0.2969626,0.249566
862,0.05037029,0.4027358,0.2974234,0.2494706
863,0.05033024,0.4024518,0.2978604,0.2493576
864,0.05029016,0.4021914,0.2983081,0.2492103
865,0.05431819,0.3655811,0.3113576,0.2687431
866,0.05759307,0.3433762,0.314972,0.2840587
867,0.06004299,0.3301675,0.3148316,0.2949578
868,0.06174916,0.3226647,0.3135512,0.3020351
869,0.06284578,0.3186413,0.3124068,0.306106
870,0.06348575,0.3166212,0.3118648,0.3080283
871,0.06381551,0.3156717,0.3119284,0.3085844
872,0.06396083,0.315249,0.3123656,0.3084246
