EwEVersion,"6.5.13829.0 (compiled 2016-05-17)"
Date,"2016-09-06 18:44:37"
ModelName,Baltic_Proper-SEALS
EcosimScenario,Proper1_SealVuln100_19742100_seal0_cofF1
TimeSeries,new_data_weights_19742100_BAU_WAR1_codF1_seal0
StartYear,1974

Data,"Prey of other mesozooplankton"

TimeStep,"Cyanobacteria","Phytoplankton","microzooplankton","Detritus-water column",
1,0.04280683,0.5585232,0.1841945,0.2144755
2,0.03914407,0.5794343,0.1844229,0.1969986
3,0.03727721,0.5860372,0.188064,0.1886217
4,0.03628786,0.5871348,0.1919937,0.1845836
5,0.0357588,0.5862401,0.1952522,0.182749
6,0.03547648,0.5848046,0.1976785,0.1820404
7,0.03532583,0.5833926,0.1993922,0.1818893
8,0.03524352,0.5821813,0.2005829,0.1819923
9,0.03519486,0.5811884,0.201427,0.1821897
10,0.03516104,0.5803755,0.2020631,0.1824004
11,0.03513219,0.5796928,0.2025897,0.1825852
12,0.03510328,0.5790968,0.2030727,0.1827272
13,0.03574783,0.5726325,0.2052842,0.1863354
14,0.03615527,0.5694742,0.2057343,0.1886363
15,0.03638261,0.5679889,0.2057087,0.1899198
16,0.03649445,0.5672991,0.205645,0.1905615
17,0.03653415,0.5669435,0.2057164,0.190806
18,0.03653048,0.5666971,0.2059588,0.1908136
19,0.03650215,0.5664629,0.2063472,0.1906879
20,0.03646115,0.5662091,0.2068337,0.1904961
21,0.03641541,0.5659351,0.2073657,0.1902837
22,0.03637033,0.5656533,0.207893,0.1900833
23,0.03632978,0.5653791,0.2083713,0.1899198
24,0.03629651,0.5651277,0.2087641,0.1898117
25,0.03250096,0.597572,0.199865,0.170062
26,0.03050136,0.6078881,0.2016787,0.1599317
27,0.02949767,0.6102252,0.2049862,0.1552909
28,0.02897472,0.609782,0.2080242,0.1532192
29,0.02870892,0.6085501,0.2102448,0.1524962
30,0.02858025,0.6072789,0.2116719,0.1524689
31,0.0285226,0.6061999,0.2124982,0.1527794
32,0.02849969,0.6053397,0.2129267,0.1532339
33,0.02849206,0.6046565,0.2131204,0.1537311
34,0.02848924,0.6040948,0.2131981,0.1542178
35,0.02848608,0.6036071,0.2132374,0.1546695
36,0.02848028,0.6031583,0.2132848,0.1550767
37,0.02923621,0.5950387,0.2161837,0.1595414
38,0.0297146,0.5913022,0.216561,0.1624222
39,0.02999321,0.5896895,0.2161731,0.1641442
40,0.03014404,0.5890422,0.2156775,0.1651363
41,0.03021618,0.5887728,0.2153271,0.165684
42,0.03024171,0.5886083,0.215179,0.165971
43,0.03024082,0.5884383,0.2152093,0.1661117
44,0.03022576,0.5882294,0.2153701,0.1661748
45,0.03020383,0.5879815,0.2156137,0.1662009
46,0.03017984,0.5877076,0.2158946,0.1662178
47,0.03015666,0.5874233,0.216177,0.1662431
48,0.03013609,0.5871419,0.2164341,0.166288
49,0.03093775,0.5786451,0.2196153,0.1708018
50,0.03145641,0.5747375,0.2200999,0.1737062
51,0.03176897,0.5731229,0.2196795,0.1754287
52,0.0319519,0.572601,0.2190138,0.1764332
53,0.03205729,0.5725505,0.2183661,0.1770261
54,0.03211918,0.5726722,0.2178055,0.1774031
55,0.03215848,0.5728361,0.2173244,0.177681
56,0.03218728,0.5729944,0.2168936,0.1779247
57,0.03221211,0.5731344,0.2164865,0.1781669
58,0.03223561,0.5732563,0.2160911,0.178417
59,0.03225869,0.5733628,0.2157038,0.1786747
60,0.03228131,0.5734557,0.2153275,0.1789355
61,0.03261459,0.5697933,0.216823,0.1807691
62,0.03281827,0.5680166,0.2173198,0.1818454
63,0.03295492,0.5671909,0.2172727,0.1825815
64,0.03304334,0.5668569,0.2170303,0.1830695
65,0.03310096,0.5667596,0.2167349,0.1834045
66,0.03313966,0.5667672,0.2164434,0.1836498
67,0.03316699,0.5668148,0.2161742,0.183844
68,0.03318742,0.5668722,0.2159314,0.1840089
69,0.03320351,0.5669261,0.2157151,0.1841553
70,0.03321689,0.5669717,0.2155213,0.1842901
71,0.03322836,0.567008,0.215348,0.1844158
72,0.03323831,0.5670351,0.2151936,0.1845329
73,0.03104035,0.5878413,0.2086895,0.1724289
74,0.02980685,0.5952966,0.2090715,0.1658251
75,0.02913947,0.5973992,0.21096,0.1625013
76,0.02877578,0.5974122,0.2129169,0.1608952
77,0.02857861,0.5967223,0.2144943,0.1602048
78,0.02847176,0.595895,0.2156432,0.15999
79,0.02841237,0.5951313,0.21645,0.1600063
80,0.02837647,0.5944776,0.217026,0.16012
81,0.02835091,0.5939225,0.2174672,0.1602595
82,0.02832871,0.5934382,0.2178448,0.1603883
83,0.02830628,0.5929984,0.2182059,0.1604894
84,0.02828201,0.5925828,0.2185792,0.160556
85,0.02833143,0.5923537,0.2181364,0.1611785
86,0.02836933,0.5923212,0.2175792,0.1617302
87,0.02837021,0.5923093,0.2173348,0.1619857
88,0.02835414,0.5922378,0.2173126,0.1620955
89,0.02832799,0.5920923,0.2174689,0.1621107
90,0.02829501,0.5918803,0.2177684,0.1620562
91,0.02825693,0.5916155,0.2181809,0.1619467
92,0.0282149,0.5913118,0.2186805,0.1617928
93,0.02816995,0.5909822,0.2192435,0.1616044
94,0.02812321,0.590638,0.2198465,0.1613923
95,0.02807615,0.5902896,0.2204644,0.1611698
96,0.02803053,0.5899476,0.2210693,0.1609527
97,0.02749604,0.5950012,0.2194952,0.1580077
98,0.02717387,0.5968937,0.2195934,0.156339
99,0.02698083,0.5974081,0.2201729,0.1554383
100,0.02687039,0.5973627,0.2207354,0.1550316
101,0.02681211,0.5971404,0.2211093,0.1549383
102,0.02678706,0.596904,0.2212617,0.1550471
103,0.02678338,0.5967114,0.2212179,0.1552873
104,0.02679342,0.5965712,0.2210231,0.1556123
105,0.02681205,0.5964726,0.2207258,0.1559895
106,0.02683549,0.5963989,0.2203725,0.1563931
107,0.02686084,0.5963345,0.220002,0.1568026
108,0.02688593,0.5962672,0.2196452,0.1572017
109,0.02786473,0.5862501,0.2227373,0.1631478
110,0.02851846,0.5818405,0.2225263,0.1671147
111,0.02891897,0.5801946,0.2213977,0.1694887
112,0.02915725,0.5798129,0.2201632,0.1708668
113,0.02929423,0.5799268,0.2191451,0.1716339
114,0.02937024,0.5801747,0.2184149,0.1720401
115,0.02941075,0.5804066,0.2179417,0.1722408
116,0.02943115,0.5805756,0.217665,0.1723282
117,0.02944043,0.5806789,0.2175251,0.1723555
118,0.02944366,0.5807293,0.2174755,0.1723515
119,0.02944371,0.5807421,0.2174819,0.1723324
120,0.02944221,0.5807304,0.2175202,0.1723071
121,0.02909405,0.5840046,0.2166713,0.1702301
122,0.02887459,0.5852284,0.2169688,0.1689282
123,0.02875075,0.5855432,0.2174709,0.1682353
124,0.02868043,0.5854896,0.2179575,0.1678724
125,0.02864116,0.5853142,0.218347,0.1676977
126,0.02861954,0.5851222,0.2186307,0.1676276
127,0.02860763,0.5849522,0.2188266,0.1676135
128,0.02860087,0.5848132,0.2189583,0.1676276
129,0.02859674,0.5847019,0.2190464,0.167655
130,0.02859388,0.5846123,0.2191059,0.1676879
131,0.02859158,0.5845386,0.2191477,0.1677222
132,0.02858944,0.5844761,0.2191787,0.1677558
133,0.03122991,0.5541934,0.231939,0.1826377
134,0.03306174,0.537948,0.2366405,0.1923497
135,0.03428454,0.5299153,0.2373912,0.198409
136,0.035037,0.5264158,0.2368297,0.2017176
137,0.0354712,0.5252131,0.2360654,0.2032503
138,0.03570895,0.5250673,0.2354631,0.2037607
139,0.03583683,0.5253561,0.2350398,0.2037673
140,0.0359114,0.5258028,0.234689,0.2035967
141,0.03596691,0.5263042,0.2342909,0.203438
142,0.03602333,0.5268335,0.2337482,0.2033949
143,0.03609093,0.5273923,0.2330025,0.2035142
144,0.03617411,0.5279884,0.232029,0.2038085
145,0.03258261,0.5655791,0.2180173,0.183821
146,0.03074454,0.5797992,0.2153892,0.1740672
147,0.02981455,0.5851305,0.2154743,0.1695806
148,0.02934049,0.5868734,0.2161397,0.1676463
149,0.02910132,0.5872095,0.2167376,0.1669517
150,0.02898305,0.5870535,0.2171268,0.1668366
151,0.02892597,0.5867699,0.2173336,0.1669704
152,0.02889888,0.5864862,0.2174233,0.1671916
153,0.02888562,0.586233,0.2174563,0.1674252
154,0.02887783,0.5860073,0.2174772,0.1676377
155,0.02887128,0.5857968,0.2175158,0.167816
156,0.02886381,0.5855897,0.2175906,0.1679559
157,0.03511449,0.5187548,0.2423567,0.2037739
158,0.0406074,0.4742915,0.2507344,0.2343667
159,0.04499038,0.446313,0.2510824,0.2576142
160,0.04822013,0.4300014,0.2481168,0.2736617
161,0.05042367,0.4213925,0.2445784,0.2836054
162,0.05181393,0.4175053,0.2417458,0.2889349
163,0.05261977,0.4162692,0.2399884,0.2911226
164,0.05304258,0.416372,0.2391889,0.2913966
165,0.05323824,0.4170681,0.2390256,0.2906681
166,0.05331711,0.4179859,0.23914,0.2895569
167,0.05335228,0.4189695,0.2392225,0.2884558
168,0.05338861,0.4199699,0.2390503,0.2875912
169,0.04829752,0.4675542,0.2243519,0.2597963
170,0.04541961,0.4899722,0.2198729,0.2447353
171,0.04415079,0.500625,0.2160999,0.2391241
172,0.04355187,0.5064132,0.2128985,0.2371365
173,0.04325381,0.5097159,0.2105253,0.2365051
174,0.0431158,0.5117031,0.2087185,0.2364626
175,0.04305885,0.5129691,0.2073638,0.2366082
176,0.04304044,0.5138243,0.2063794,0.2367557
177,0.04303901,0.5144342,0.2056904,0.2368364
178,0.04304441,0.5148885,0.2052287,0.2368384
179,0.0430519,0.5152391,0.2049383,0.2367707
180,0.04305924,0.515518,0.2047764,0.2366465
181,0.04159889,0.5293954,0.2003724,0.2286334
182,0.04068775,0.5359923,0.1996188,0.2237011
183,0.04014154,0.5389307,0.2001396,0.2207881
184,0.03981824,0.5400659,0.2010406,0.2190753
185,0.03962822,0.5403633,0.2019543,0.2180542
186,0.03951577,0.5403093,0.2027602,0.2174148
187,0.03944671,0.5401363,0.2034456,0.2169714
188,0.03940037,0.5399458,0.204039,0.2166148
189,0.03936441,0.539775,0.204579,0.2162816
190,0.03933174,0.5396308,0.2051004,0.215937
191,0.03929827,0.5395085,0.2056311,0.2155621
192,0.03926174,0.5394,0.2061911,0.2151471
193,0.03838548,0.5472969,0.2040701,0.2102476
194,0.03782584,0.5508765,0.2041703,0.2071273
195,0.03747211,0.5523293,0.2050597,0.2051389
196,0.03724705,0.5527534,0.2061571,0.2038424
197,0.03710047,0.5527223,0.2072209,0.2029563
198,0.03700113,0.5525225,0.2081657,0.2023106
199,0.03693027,0.552289,0.2089735,0.2018072
200,0.03687708,0.5520797,0.2096505,0.2013927
201,0.03683569,0.5519149,0.2102083,0.2010412
202,0.03680332,0.5517986,0.2106549,0.2007432
203,0.03677879,0.5517283,0.2109955,0.2004974
204,0.03676174,0.5516996,0.2112334,0.2003053
205,0.04037965,0.5174628,0.2225704,0.2195871
206,0.043116,0.4978694,0.2252925,0.2337221
207,0.04502542,0.4874477,0.2244457,0.2430811
208,0.0462818,0.4825656,0.2223454,0.2488073
209,0.0470682,0.480788,0.2201176,0.2520261
210,0.04754405,0.4805979,0.2181828,0.2536752
211,0.04783094,0.4811232,0.2166025,0.2544433
212,0.04801307,0.4819076,0.21529,0.2547894
213,0.04814377,0.4827385,0.2141273,0.2549903
214,0.04825182,0.4835352,0.2130341,0.2551789
215,0.04835117,0.4842751,0.2119686,0.2554052
216,0.0484468,0.4849585,0.2109233,0.2556714
217,0.04383881,0.5264355,0.1982116,0.231514
218,0.04125236,0.5441338,0.1962501,0.2183638
219,0.03984936,0.5512557,0.197327,0.2115679
220,0.03908483,0.5537099,0.1990974,0.2081079
221,0.03867321,0.5541805,0.2007221,0.2064242
222,0.03845702,0.5538989,0.20197,0.2056741
223,0.0383476,0.55341,0.202846,0.2053964
224,0.03829483,0.5529328,0.2034316,0.2053407
225,0.03827067,0.5525365,0.2038188,0.2053738
226,0.03825961,0.5522271,0.2040858,0.2054275
227,0.03825337,0.5519874,0.2042908,0.2054684
228,0.03824765,0.5517958,0.2044743,0.2054822
229,0.0389392,0.5446294,0.2074142,0.2090171
230,0.03938116,0.5409284,0.208556,0.2111344
231,0.03965592,0.5390741,0.2089212,0.2123488
232,0.03981475,0.5381994,0.2090393,0.2129466
233,0.03989799,0.5378066,0.2091434,0.2131521
234,0.03993416,0.5376277,0.2093165,0.2131217
235,0.03994239,0.537529,0.2095703,0.2129583
236,0.03993507,0.5374513,0.2098857,0.2127279
237,0.03992013,0.5373741,0.2102333,0.2124725
238,0.0399026,0.5372956,0.2105826,0.2122192
239,0.0398857,0.5372219,0.2109066,0.2119858
240,0.03987147,0.5371618,0.2111829,0.2117838
241,0.03827935,0.5503618,0.2082374,0.2031215
242,0.03729473,0.5557348,0.2091637,0.1978068
243,0.03674734,0.5575411,0.2107205,0.1949909
244,0.03644556,0.5578552,0.2121563,0.193543
245,0.03628564,0.5576259,0.2132178,0.1928706
246,0.03620632,0.5572725,0.2138922,0.192629
247,0.03617129,0.5569586,0.2142545,0.1926156
248,0.03615926,0.5567297,0.214398,0.1927132
249,0.03615809,0.5565815,0.2144052,0.1928552
250,0.0361614,0.5564944,0.2143359,0.1930084
251,0.0361659,0.556447,0.2142309,0.1931563
252,0.03617003,0.5564219,0.2141162,0.1932918
253,0.035679,0.5626995,0.2104782,0.1911434
254,0.03539535,0.565896,0.2085888,0.1901199
255,0.03520482,0.5675182,0.2077953,0.1894816
256,0.03508528,0.5682728,0.2074857,0.1891562
257,0.03501153,0.5685716,0.2073937,0.1890232
258,0.03496564,0.5686395,0.207399,0.188996
259,0.03493599,0.5685933,0.2074503,0.1890204
260,0.03491534,0.5684925,0.2075282,0.1890639
261,0.03489934,0.5683653,0.2076265,0.1891089
262,0.03488548,0.5682247,0.2077437,0.1891461
263,0.03487238,0.5680768,0.2078793,0.1891716
264,0.03485934,0.5679239,0.2080323,0.1891845
265,0.03815434,0.5347435,0.2206384,0.2064636
266,0.04053209,0.515995,0.2251339,0.2183389
267,0.04215537,0.5060394,0.2258226,0.2259827
268,0.04318202,0.50125,0.2251925,0.2303755
269,0.04378671,0.4992613,0.2243893,0.2325628
270,0.04411872,0.4986556,0.2238205,0.2334052
271,0.04429054,0.4986604,0.2235176,0.2335316
272,0.0443802,0.4989007,0.2233525,0.2333667
273,0.04443814,0.4992244,0.2231605,0.233177
274,0.04449365,0.4995891,0.2228087,0.2331086
275,0.04456157,0.4999952,0.2222171,0.2332261
276,0.04464649,0.5004533,0.2213647,0.2335356
277,0.04583968,0.4920592,0.2222663,0.2398348
278,0.04674293,0.4880003,0.2206384,0.2446183
279,0.04736538,0.4864208,0.2183747,0.2478392
280,0.04778557,0.4861829,0.2160808,0.2499507
281,0.04806583,0.4866011,0.2140301,0.251303
282,0.04825262,0.4872844,0.2123102,0.2521527
283,0.04837856,0.4880258,0.2109183,0.2526773
284,0.04846548,0.488726,0.2098149,0.2529936
285,0.04852739,0.4893456,0.2089513,0.2531757
286,0.04857316,0.4898765,0.2082806,0.2532698
287,0.04860825,0.4903249,0.2077626,0.2533043
288,0.04863598,0.4907021,0.2073655,0.2532964
289,0.04424679,0.529127,0.1959426,0.2306836
290,0.04174938,0.5455748,0.1944595,0.2182163
291,0.04036885,0.5521346,0.1958482,0.2116484
292,0.03959924,0.5542957,0.1978822,0.2082228
293,0.03917144,0.5545834,0.1997507,0.2064944
294,0.03893563,0.5541633,0.2012265,0.2056746
295,0.0388065,0.5535528,0.2023151,0.2053256
296,0.03873511,0.5529597,0.2031003,0.2052049
297,0.0386936,0.5524494,0.2036769,0.2051802
298,0.03866649,0.5520259,0.2041249,0.2051827
299,0.03864538,0.551672,0.2045045,0.2051781
300,0.0386258,0.5513663,0.2048571,0.2051508
301,0.03506302,0.5831809,0.1951948,0.1865612
302,0.03313507,0.5946972,0.1953209,0.1768469
303,0.0320887,0.598152,0.1978643,0.171895
304,0.0315087,0.5983847,0.2007036,0.169403
305,0.0311836,0.5974644,0.203137,0.1682151
306,0.03099864,0.5962599,0.2050283,0.1677132
307,0.03088989,0.5951027,0.2064477,0.1675598
308,0.03082166,0.5940899,0.2075173,0.1675712
309,0.03077427,0.5932238,0.2083518,0.1676501
310,0.03073687,0.5924754,0.2090423,0.1677454
311,0.0307039,0.5918118,0.2096509,0.1678333
312,0.03067269,0.5912061,0.2102163,0.1679049
313,0.03534894,0.5439796,0.2274094,0.1932621
314,0.03908292,0.515835,0.2320998,0.2129822
315,0.04178047,0.5003151,0.2313697,0.2265348
316,0.04357782,0.4927038,0.2287763,0.2349421
317,0.04468211,0.4896061,0.2261714,0.2395404
318,0.04530511,0.4888091,0.2242741,0.2416116
319,0.04562428,0.4890178,0.2231712,0.2421868
320,0.04577115,0.4895679,0.2226543,0.2420066
321,0.04583568,0.49018,0.2224188,0.2415655
322,0.04587344,0.4907784,0.2221911,0.2411571
323,0.04591593,0.4913732,0.2217731,0.2409378
324,0.04597779,0.4919962,0.2210588,0.2409673
325,0.04560986,0.4969942,0.2184234,0.2389725
326,0.04542531,0.5000201,0.2164602,0.2380943
327,0.04535178,0.5019993,0.214798,0.237851
328,0.04534829,0.5033984,0.21326,0.2379934
329,0.04538288,0.5044704,0.2118221,0.2383246
330,0.04543433,0.5053434,0.2105073,0.238715
331,0.04548993,0.5060782,0.2093429,0.2390889
332,0.04554269,0.5067043,0.2083458,0.2394072
333,0.0455893,0.5072368,0.2075196,0.2396543
334,0.04562922,0.5076857,0.2068525,0.2398326
335,0.0456628,0.5080607,0.2063267,0.2399498
336,0.04569072,0.5083715,0.2059227,0.240015
337,0.04606223,0.5055077,0.2066125,0.2418176
338,0.04631326,0.5040749,0.2066727,0.242939
339,0.04647637,0.5034276,0.2065173,0.2435787
340,0.04657876,0.5032004,0.2063279,0.2438929
341,0.04664049,0.5031809,0.2061847,0.2439939
342,0.04667543,0.5032509,0.2061169,0.2439568
343,0.04669273,0.5033479,0.2061295,0.2438298
344,0.04669836,0.5034419,0.2062167,0.2436431
345,0.04669615,0.5035193,0.2063688,0.2434157
346,0.04668834,0.5035762,0.2065773,0.2431581
347,0.04667646,0.5036125,0.2068334,0.2428777
348,0.04666168,0.5036297,0.2071282,0.2425804
349,0.03896314,0.5672442,0.1913757,0.202417
350,0.03520881,0.587255,0.1942419,0.1832943
351,0.03336853,0.592437,0.1997804,0.1744141
352,0.03241317,0.5924971,0.2049242,0.1701655
353,0.03190977,0.5909756,0.2088909,0.1682237
354,0.03164406,0.589211,0.2116945,0.1674504
355,0.03150271,0.5876533,0.2135926,0.1672513
356,0.03142448,0.5863944,0.2148691,0.1673121
357,0.03137647,0.5853962,0.2157579,0.1674695
358,0.03134136,0.5845879,0.2164293,0.1676415
359,0.03131042,0.5839025,0.2169964,0.1677906
360,0.03127951,0.5832896,0.2175286,0.1679022
361,0.03529324,0.5442436,0.2308626,0.1896005
362,0.03843123,0.5221483,0.2331257,0.2062947
363,0.04061145,0.5107002,0.2313371,0.2173513
364,0.04201188,0.5055881,0.228417,0.2239831
365,0.04284012,0.5038657,0.2258151,0.227479
366,0.04328523,0.5037219,0.2240358,0.228957
367,0.04349506,0.504162,0.2230798,0.2292632
368,0.04357374,0.5047148,0.222733,0.2289784
369,0.04358972,0.5052094,0.2227252,0.2284757
370,0.04358632,0.5056244,0.2228015,0.2279879
371,0.04358915,0.5059996,0.2227619,0.2276493
372,0.04361164,0.506387,0.2224754,0.227526
373,0.04421847,0.5016584,0.2236476,0.2304754
374,0.04466033,0.4994922,0.2232479,0.2325997
375,0.04498449,0.4987579,0.2220932,0.2341644
376,0.04522911,0.498821,0.2205795,0.2353704
377,0.04542033,0.4993032,0.2189311,0.2363454
378,0.04557437,0.499983,0.2172833,0.2371593
379,0.04570086,0.5007322,0.215721,0.2378459
380,0.0458056,0.5014765,0.2142961,0.2384218
381,0.04589243,0.5021749,0.2130362,0.2388965
382,0.04596398,0.5028062,0.2119533,0.2392765
383,0.04602259,0.5033619,0.2110449,0.2395706
384,0.04607037,0.5038412,0.2102992,0.2397892
385,0.04622437,0.503423,0.2097749,0.2405778
386,0.04633648,0.5033718,0.209172,0.2411198
387,0.04641129,0.5035012,0.2086527,0.2414349
388,0.04646056,0.5036988,0.2082458,0.2415949
389,0.04649229,0.5039065,0.2079534,0.2416479
390,0.0465117,0.504097,0.2077667,0.2416246
391,0.046522,0.5042596,0.2076749,0.2415435
392,0.04652504,0.5043918,0.2076686,0.2414146
393,0.04652185,0.5044938,0.2077412,0.2412431
394,0.0465133,0.5045677,0.207885,0.2410339
395,0.04649998,0.5046158,0.2080938,0.2407903
396,0.04648234,0.5046407,0.2083619,0.2405151
397,0.04774538,0.4951987,0.2098913,0.2471647
398,0.04865346,0.4903823,0.20909,0.2518743
399,0.04921373,0.4882755,0.2079381,0.2545726
400,0.04954176,0.4875985,0.2068871,0.2559727
401,0.04971968,0.4876058,0.2061156,0.2565589
402,0.04980499,0.4878882,0.2056465,0.2566604
403,0.04983637,0.4882392,0.2054312,0.2564932
404,0.04983884,0.4885682,0.2053981,0.2561948
405,0.04982809,0.4888467,0.2054751,0.2558501
406,0.0498134,0.4890761,0.205602,0.2555085
407,0.04980016,0.4892697,0.2057322,0.255198
408,0.04979121,0.4894429,0.2058325,0.2549334
409,0.04399817,0.5377129,0.1929152,0.2253737
410,0.04086602,0.5566943,0.1925664,0.2098734
411,0.03921841,0.5635328,0.1950971,0.2021516
412,0.03833281,0.5653925,0.1979535,0.1983212
413,0.03785826,0.5653045,0.2003151,0.196522
414,0.03760753,0.5645806,0.202036,0.1957758
415,0.03747693,0.5637604,0.2032104,0.1955522
416,0.03740854,0.563035,0.2039926,0.1955639
417,0.03737026,0.562445,0.2045259,0.1956587
418,0.03734469,0.561974,0.2049215,0.1957597
419,0.03732267,0.5615901,0.2052566,0.1958306
420,0.03729966,0.5612628,0.2055809,0.1958566
421,0.03754454,0.5582654,0.2070046,0.1971855
422,0.03768253,0.5566633,0.2077556,0.1978985
423,0.03775363,0.5557759,0.2082253,0.1982451
424,0.03777811,0.5552564,0.20863,0.1983355
425,0.03777284,0.554913,0.2090495,0.1982647
426,0.03774991,0.5546482,0.2095011,0.1981008
427,0.03771766,0.5544176,0.2099729,0.1978918
428,0.03768195,0.5542051,0.2104412,0.1976717
429,0.03764699,0.5540087,0.2108784,0.1974659
430,0.03761595,0.5538324,0.2112568,0.1972948
431,0.03759116,0.5536826,0.2115526,0.1971736
432,0.03757415,0.5535651,0.2117478,0.1971131
433,0.04088024,0.521548,0.2236965,0.2138753
434,0.04325265,0.5033413,0.2280948,0.2253114
435,0.04488726,0.4935552,0.2287646,0.232793
436,0.04593437,0.4887789,0.2280794,0.2372073
437,0.04657336,0.4867725,0.2270577,0.2395965
438,0.04695638,0.4861886,0.2260431,0.2408119
439,0.04719661,0.4862854,0.225052,0.241466
440,0.04737043,0.4866942,0.2239776,0.2419577
441,0.04752371,0.4872532,0.2227097,0.2425133
442,0.04767729,0.4879003,0.2212073,0.2432151
443,0.04783595,0.4886093,0.2195008,0.2440539
444,0.04799497,0.4893592,0.2176789,0.244967
445,0.04812585,0.4884357,0.2181027,0.2453358
446,0.04817237,0.4879163,0.218706,0.2452053
447,0.04822207,0.4875567,0.2190463,0.2451748
448,0.0482696,0.4873212,0.219222,0.2451872
449,0.04831515,0.4871751,0.2192802,0.2452296
450,0.04835889,0.4870938,0.2192541,0.2452932
451,0.04840075,0.4870597,0.2191695,0.2453701
452,0.04844041,0.4870596,0.2190475,0.2454524
453,0.04847742,0.4870834,0.2189061,0.245533
454,0.04851175,0.4871233,0.2187567,0.2456083
455,0.04854335,0.4871731,0.218608,0.2456756
456,0.04857218,0.4872286,0.2184663,0.2457328
457,0.04822639,0.4935881,0.2134891,0.2446965
458,0.04816221,0.4977254,0.2087885,0.2453239
459,0.04809159,0.5006131,0.2056632,0.2456321
460,0.04802147,0.5026194,0.203638,0.2457211
461,0.04795831,0.5039796,0.2023779,0.2456843
462,0.04790449,0.5048727,0.2016435,0.2455793
463,0.04785907,0.5054367,0.2012714,0.2454329
464,0.04781954,0.5057736,0.2011537,0.2452531
465,0.04778299,0.5059563,0.2012217,0.2450392
466,0.04774679,0.5060341,0.201432,0.2447872
467,0.04770885,0.5060404,0.2017579,0.2444928
468,0.04766712,0.5059943,0.202189,0.2441495
469,0.04159425,0.5555638,0.1897623,0.2130796
470,0.03839541,0.5733957,0.1910699,0.197139
471,0.03673266,0.5788948,0.1951105,0.1892621
472,0.03583467,0.5796381,0.1992271,0.1853001
473,0.03534246,0.5786889,0.2026148,0.1833538
474,0.0350698,0.5773116,0.2051653,0.1824532
475,0.03491516,0.5759903,0.2070144,0.1820801
476,0.03482237,0.5748694,0.2083529,0.1819554
477,0.03476062,0.5739563,0.2093514,0.1819317
478,0.03471329,0.5732108,0.2101414,0.1819346
479,0.03467208,0.5725867,0.2108102,0.1819311
480,0.03463316,0.5720458,0.2114107,0.1819103
481,0.04072082,0.5158584,0.2295421,0.2138787
482,0.04589163,0.4797873,0.2338077,0.2405135
483,0.04982884,0.4579886,0.2323096,0.259873
484,0.05260601,0.445971,0.2286991,0.272724
485,0.05441193,0.4401793,0.2250583,0.2803505
486,0.05548635,0.4380173,0.2222827,0.2842136
487,0.05606285,0.437739,0.2205407,0.2856575
488,0.05633754,0.438282,0.2196122,0.2857683
489,0.05645952,0.4390798,0.219111,0.2853497
490,0.05653045,0.4398883,0.2186488,0.2849324
491,0.05661257,0.4406426,0.2179173,0.2848274
492,0.05673931,0.4413562,0.2167156,0.2851889
493,0.05793316,0.4335448,0.2175218,0.2910002
494,0.05888115,0.429232,0.2162573,0.2956294
495,0.05961449,0.427117,0.2140293,0.2992392
496,0.06017305,0.4263654,0.2114523,0.3020093
497,0.06059308,0.4264131,0.2088938,0.3041
498,0.06090527,0.4268868,0.2065621,0.3056458
499,0.06113493,0.4275472,0.2045585,0.3067593
500,0.06130218,0.4282489,0.2029159,0.307533
501,0.0614228,0.4289103,0.2016239,0.3080429
502,0.06150985,0.4294905,0.200642,0.3083576
503,0.06157301,0.4299769,0.1999202,0.3085299
504,0.06161926,0.4303728,0.1994082,0.3085997
505,0.05841324,0.4559382,0.1931744,0.2924742
506,0.05628568,0.4694652,0.1922732,0.2819759
507,0.05500078,0.4760365,0.1931237,0.275839
508,0.05424304,0.478959,0.1944349,0.272363
509,0.05380653,0.4800526,0.1956871,0.2704538
510,0.05356118,0.4802896,0.1967156,0.2694337
511,0.05342628,0.4801712,0.197509,0.2688934
512,0.05335274,0.479942,0.1981123,0.268593
513,0.05331129,0.4797103,0.1985825,0.268396
514,0.0532848,0.479516,0.198972,0.2682272
515,0.05326375,0.4793663,0.1993213,0.2680486
516,0.05324309,0.4792554,0.1996583,0.2678432
517,0.05705668,0.448134,0.2081586,0.2866507
518,0.05999136,0.4285847,0.2107819,0.3006421
519,0.06209125,0.4167551,0.2110025,0.3101512
520,0.0635085,0.4099894,0.2103904,0.3161117
521,0.06440558,0.4063938,0.2097373,0.3194633
522,0.06493288,0.4046704,0.2093564,0.3210402
523,0.06521603,0.4039758,0.2092913,0.3215168
524,0.06535209,0.4037977,0.2094513,0.3213989
525,0.06541122,0.40385,0.2096966,0.3210422
526,0.06544091,0.4039904,0.2098884,0.3206803
527,0.06547073,0.4041605,0.2099176,0.3204512
528,0.06551664,0.4043454,0.2097172,0.3204207
529,0.06755298,0.3896734,0.2125395,0.3302342
530,0.06918194,0.380283,0.2125613,0.3379738
531,0.07039167,0.3745582,0.211478,0.3435722
532,0.07126675,0.3712603,0.2099644,0.3475087
533,0.07188642,0.369519,0.2083827,0.3502119
534,0.07231951,0.3687357,0.2069036,0.3520412
535,0.07262103,0.3685122,0.2055923,0.3532744
536,0.07283212,0.3685939,0.204462,0.3541119
537,0.07298204,0.368825,0.2035027,0.3546903
538,0.07309085,0.3691143,0.2026955,0.3550993
539,0.07317188,0.3694122,0.2020204,0.3553955
540,0.07323371,0.3696936,0.2014592,0.3556134
541,0.06688207,0.4169691,0.1915029,0.324646
542,0.06257948,0.442817,0.1905243,0.3040793
543,0.06007237,0.4551673,0.1921754,0.292585
544,0.05864015,0.4606999,0.1942522,0.2864077
545,0.05783631,0.4629084,0.1960197,0.2832355
546,0.05739458,0.4635732,0.197324,0.2817082
547,0.0571574,0.4635834,0.1982189,0.2810404
548,0.05703222,0.4633647,0.1988152,0.2807878
549,0.05696542,0.4631056,0.1992218,0.2807071
550,0.05692661,0.4628766,0.1995263,0.2806706
551,0.05689906,0.4626936,0.1997916,0.2806157
552,0.05687394,0.4625506,0.20006,0.2805155
553,0.05879325,0.4480154,0.2030607,0.2901306
554,0.06022794,0.4394073,0.2031971,0.2971676
555,0.06118783,0.4346451,0.2025291,0.301638
556,0.06179228,0.4322236,0.2017419,0.3042421
557,0.06214447,0.4311446,0.2011503,0.3055606
558,0.06232696,0.4307755,0.2008542,0.3060433
559,0.06240141,0.430739,0.2008428,0.3060167
560,0.06241136,0.4308268,0.2010562,0.3057056
561,0.06238623,0.4309353,0.2014204,0.3052581
562,0.06234524,0.431022,0.2018635,0.3047693
563,0.0623007,0.4310771,0.2023233,0.3042989
564,0.06226033,0.4311059,0.2027497,0.3038841
565,0.0595946,0.4515287,0.1980436,0.2908331
566,0.05781629,0.4625492,0.1972633,0.2823712
567,0.05673002,0.468102,0.1977442,0.2774238
568,0.05609192,0.4707267,0.1984762,0.2747052
569,0.05573433,0.4718569,0.1990677,0.273341
570,0.05554651,0.472273,0.199419,0.2727615
571,0.05545746,0.4723816,0.1995525,0.2726085
572,0.05542293,0.4723817,0.1995301,0.2726652
573,0.0554162,0.4723615,0.1994165,0.2728058
574,0.05542174,0.4723525,0.199264,0.2729616
575,0.05543094,0.4723605,0.1991106,0.273098
576,0.05543931,0.4723804,0.1989802,0.2732
577,0.05668182,0.4630025,0.2009167,0.279399
578,0.05758741,0.4576769,0.2009026,0.2838331
579,0.05818389,0.4548763,0.2003137,0.2866262
580,0.05855735,0.4535542,0.1996203,0.2882681
581,0.05877731,0.4530454,0.1990374,0.28914
582,0.05889672,0.4529456,0.1986333,0.2895244
583,0.05895358,0.4530239,0.1984038,0.2896188
584,0.05897364,0.4531577,0.1983151,0.2895535
585,0.0589736,0.4532897,0.198326,0.2894107
586,0.05896385,0.4533981,0.1983985,0.2892395
587,0.05895061,0.4534792,0.1985021,0.2890681
588,0.05893742,0.453537,0.1986135,0.288912
589,0.05802418,0.4602824,0.197382,0.2843114
590,0.0573948,0.463957,0.1974405,0.2812077
591,0.05700149,0.4658105,0.1978455,0.2793424
592,0.056765,0.4666711,0.1982863,0.2782776
593,0.05662943,0.4670201,0.1986382,0.2777124
594,0.05655639,0.4671263,0.1988727,0.2774446
595,0.05652052,0.4671323,0.1990035,0.2773437
596,0.0565056,0.467108,0.199058,0.2773285
597,0.05650158,0.4670832,0.1990649,0.2773504
598,0.05650264,0.4670677,0.1990471,0.2773826
599,0.05650548,0.4670618,0.1990214,0.2774113
600,0.05650833,0.4670626,0.1989993,0.2774298
601,0.05417795,0.4853074,0.1944315,0.2660832
602,0.05266684,0.4945213,0.1938882,0.2589237
603,0.05175874,0.4988046,0.1946199,0.2548167
604,0.05122597,0.5005572,0.1956568,0.25256
605,0.05092127,0.5010777,0.1966128,0.2513883
606,0.05075122,0.5010474,0.1973759,0.2508256
607,0.05065788,0.5008081,0.1979505,0.2505836
608,0.05060612,0.5005189,0.1983807,0.2504942
609,0.05057533,0.500245,0.1987165,0.250463
610,0.05055368,0.500006,0.1990006,0.2504396
611,0.05053476,0.4998016,0.1992642,0.2503994
612,0.05051531,0.4996243,0.1995279,0.2503325
613,0.05332801,0.4765111,0.2060702,0.2640907
614,0.05540491,0.4628424,0.2078067,0.2739459
615,0.05682154,0.4551542,0.2076804,0.2803439
616,0.05772958,0.4511513,0.2069615,0.2841576
617,0.05827218,0.4492873,0.2062634,0.2861771
618,0.05856957,0.4485744,0.2058112,0.2870449
619,0.05871402,0.4484214,0.2056245,0.2872401
620,0.05877153,0.4485022,0.2056298,0.2870966
621,0.05878662,0.4486549,0.205725,0.2868335
622,0.05878766,0.4488128,0.2058138,0.2865858
623,0.05879144,0.4489579,0.2058217,0.286429
624,0.05880659,0.4490946,0.205702,0.2863968
625,0.05809654,0.4550245,0.2039467,0.2829322
626,0.05762633,0.458379,0.2032583,0.2807364
627,0.05735216,0.4602091,0.2028735,0.2795652
628,0.05721072,0.461188,0.2025298,0.2790714
629,0.05715379,0.461715,0.2021379,0.2789933
630,0.05714667,0.4620152,0.2016931,0.279145
631,0.05716588,0.4622084,0.2012235,0.2794023
632,0.0571964,0.4623527,0.200763,0.2796878
633,0.05722927,0.4624732,0.2003402,0.2799573
634,0.0572594,0.4625785,0.199975,0.2801871
635,0.05728427,0.4626696,0.1996785,0.2803676
636,0.057303,0.4627452,0.1994548,0.280497
637,0.05588994,0.4740812,0.1963208,0.273708
638,0.05493751,0.4801203,0.1956938,0.2692484
639,0.05434113,0.4831121,0.1959782,0.2665686
640,0.05397778,0.4844437,0.1965563,0.2650222
641,0.05376089,0.4849166,0.197161,0.2641616
642,0.05363244,0.4849758,0.1976991,0.2636926
643,0.05355504,0.4848574,0.1981566,0.2634309
644,0.05350536,0.4846786,0.1985505,0.2632655
645,0.0534694,0.4844927,0.1989049,0.2631331
646,0.05343914,0.4843196,0.1992411,0.2630002
647,0.05341026,0.4841641,0.1995746,0.262851
648,0.05338069,0.4840247,0.1999142,0.2626804
649,0.05420975,0.4768496,0.2023231,0.2666174
650,0.05477362,0.4727598,0.2033096,0.2691571
651,0.05513153,0.4705112,0.203706,0.2706513
652,0.05534155,0.469341,0.2039037,0.2714138
653,0.05545312,0.468768,0.20407,0.2717089
654,0.05550389,0.4685065,0.2042553,0.2717343
655,0.05552073,0.4683977,0.2044534,0.2716282
656,0.05552179,0.4683595,0.2046363,0.2714823
657,0.05551884,0.4683544,0.2047723,0.2713545
658,0.05551894,0.468368,0.2048351,0.271278
659,0.05552589,0.4683971,0.2048082,0.2712688
660,0.05554114,0.4684425,0.2046858,0.2713306
661,0.05460102,0.4762516,0.2023119,0.2668354
662,0.05398231,0.4804489,0.2015751,0.2639937
663,0.05360951,0.4825987,0.2013927,0.2623991
664,0.05339969,0.4836349,0.201354,0.2616115
665,0.05329229,0.4840977,0.2012974,0.2613127
666,0.05324564,0.484285,0.2011823,0.261287
667,0.05323246,0.4843526,0.2010189,0.261396
668,0.05323558,0.4843754,0.2008341,0.2615549
669,0.05324468,0.4843854,0.2006552,0.2617147
670,0.05325407,0.4843925,0.2005029,0.2618505
671,0.05326076,0.4843976,0.2003908,0.2619508
672,0.05326346,0.484398,0.2003264,0.2620122
673,0.05633115,0.4600109,0.2066859,0.2769721
674,0.0586488,0.4452439,0.2081173,0.28799
675,0.060264,0.4367188,0.2076784,0.2953388
676,0.06132766,0.4321384,0.2066415,0.2998925
677,0.06198585,0.4299209,0.2056353,0.302458
678,0.06236479,0.4290245,0.2049019,0.3037088
679,0.06256394,0.4288022,0.2044743,0.3041597
680,0.06265612,0.4288794,0.2042874,0.3041772
681,0.06269155,0.4290582,0.2042432,0.304007
682,0.06270258,0.429248,0.2042486,0.3038009
683,0.06270888,0.4294163,0.2042285,0.3036463
684,0.06272113,0.4295601,0.2041328,0.3035859
685,0.06008648,0.449744,0.1993783,0.2907913
686,0.05832468,0.460598,0.1986098,0.2824675
687,0.05727281,0.4659978,0.1989672,0.2777622
688,0.0566718,0.4685123,0.1995191,0.2752968
689,0.05634809,0.4695679,0.1999215,0.2741625
690,0.05618798,0.469933,0.2001068,0.2737722
691,0.05611935,0.4700038,0.2001155,0.2737612
692,0.05609797,0.4699715,0.2000174,0.2739132
693,0.05609777,0.4699183,0.1998776,0.2741063
694,0.05610437,0.4698724,0.199744,0.2742793
695,0.05611026,0.4698375,0.1996477,0.2744045
696,0.05611197,0.4698089,0.1996056,0.2744735
697,0.05651982,0.4668145,0.2001129,0.2765528
698,0.05680906,0.4651787,0.2000063,0.2780059
699,0.05698477,0.4643687,0.1998077,0.2788389
700,0.05708223,0.4640102,0.1996532,0.2792544
701,0.05712747,0.4638798,0.1995959,0.2793969
702,0.05713931,0.4638502,0.1996422,0.2793683
703,0.05713085,0.4638538,0.1997768,0.2792386
704,0.05711097,0.4638585,0.1999758,0.2790547
705,0.05708554,0.4638526,0.2002143,0.2788477
706,0.05705838,0.4638342,0.2004699,0.2786376
707,0.05703201,0.4638065,0.2007235,0.278438
708,0.05700814,0.4637742,0.2009591,0.2782586
709,0.05639786,0.4678582,0.2006223,0.2751217
710,0.05595851,0.4699421,0.2012447,0.2728547
711,0.05568988,0.4708375,0.2019615,0.2715111
712,0.0555317,0.4711284,0.2025905,0.2707494
713,0.05544543,0.4711371,0.2030561,0.2703614
714,0.05540482,0.4710382,0.2033492,0.2702078
715,0.05539232,0.4709195,0.2034912,0.2701969
716,0.05539646,0.4708203,0.2035134,0.2702698
717,0.05540994,0.4707533,0.2034481,0.2703887
718,0.05542806,0.4707183,0.2033239,0.2705296
719,0.05544796,0.47071,0.2031646,0.2706775
720,0.05546779,0.4707209,0.2029885,0.2708228
721,0.0542328,0.4811811,0.199539,0.2650472
722,0.05342159,0.4867944,0.1983651,0.2614189
723,0.0529126,0.4896754,0.1981487,0.2592634
724,0.05260579,0.4910432,0.1982797,0.2580713
725,0.05242681,0.4916138,0.1984946,0.2574648
726,0.05232504,0.491788,0.1986966,0.2571903
727,0.0522676,0.4917799,0.1988647,0.2570879
728,0.05223401,0.4916971,0.1990078,0.2570611
729,0.05221191,0.4915898,0.199143,0.2570553
730,0.05219414,0.4914786,0.1992867,0.2570406
731,0.05217679,0.4913692,0.1994509,0.2570031
732,0.05215793,0.4912619,0.1996425,0.2569376
733,0.05345208,0.4805881,0.2027252,0.2632346
734,0.05435788,0.4745331,0.2036227,0.2674862
735,0.05494419,0.4712611,0.2037079,0.2700868
736,0.05529998,0.469611,0.2035611,0.2715279
737,0.05549954,0.4688493,0.2034416,0.2722096
738,0.0555996,0.4685382,0.2034321,0.2724301
739,0.05564066,0.4684327,0.2035289,0.2723977
740,0.05565018,0.4684068,0.2036927,0.2722504
741,0.05564596,0.4684033,0.2038755,0.2720753
742,0.05563906,0.468402,0.2040338,0.2719251
743,0.05563585,0.4684005,0.2041351,0.2718285
744,0.05563956,0.4684034,0.2041589,0.2717981
745,0.05601427,0.4652489,0.2052285,0.2735083
746,0.05628166,0.4634612,0.2055642,0.274693
747,0.05647519,0.4624892,0.2054855,0.27555
748,0.05661345,0.4620171,0.2052045,0.276165
749,0.0567141,0.4618365,0.2048263,0.276623
750,0.0567902,0.4618188,0.2044058,0.2769852
751,0.05685043,0.4618873,0.2039727,0.2772895
752,0.05690011,0.461998,0.203545,0.2775569
753,0.05694216,0.4621261,0.2031354,0.2777963
754,0.05697841,0.4622574,0.2027516,0.2780126
755,0.05700977,0.4623843,0.2023992,0.2782067
756,0.05703669,0.4625028,0.2020823,0.2783782
757,0.05815479,0.4539427,0.2041105,0.283792
758,0.05896102,0.4489674,0.2044917,0.2875799
759,0.05950484,0.4462208,0.2042421,0.2900323
760,0.05985569,0.4448135,0.2038031,0.2915276
761,0.0600729,0.4441691,0.2033762,0.2923818
762,0.06020229,0.4439319,0.2030329,0.2928329
763,0.06027692,0.4438942,0.2027812,0.2930476
764,0.06031919,0.4439425,0.2026029,0.2931354
765,0.06034359,0.4440195,0.2024727,0.2931643
766,0.06035903,0.4440997,0.2023675,0.2931737
767,0.06037065,0.4441745,0.2022699,0.2931849
768,0.06038128,0.444243,0.2021681,0.2932076
769,0.05890086,0.4561955,0.1987275,0.2861762
770,0.05789427,0.4628407,0.1977149,0.2815501
771,0.05725807,0.466341,0.1976393,0.2787616
772,0.0568722,0.4680716,0.1978683,0.2771878
773,0.05664743,0.4688543,0.1981282,0.27637
774,0.05652199,0.4691586,0.1983239,0.2759955
775,0.05645508,0.4692401,0.1984419,0.2758629
776,0.05642083,0.4692306,0.1985,0.2758486
777,0.05640337,0.4691924,0.1985242,0.27588
778,0.05639352,0.4691514,0.1985369,0.2759181
779,0.05638611,0.4691156,0.1985548,0.2759435
780,0.05637854,0.469085,0.1985883,0.275948
781,0.05401768,0.4873523,0.1941301,0.2644998
782,0.0524909,0.4965241,0.1936745,0.2573105
783,0.05157122,0.5007631,0.1944817,0.2531841
784,0.05102788,0.5024824,0.1955842,0.2509056
785,0.05071269,0.5029811,0.1965987,0.2497076
786,0.05053229,0.5029375,0.1974139,0.2491163
787,0.05042901,0.5026904,0.1980341,0.2488465
788,0.05036802,0.5023965,0.1985034,0.2487321
789,0.05032886,0.5021192,0.1988717,0.2486802
790,0.05029992,0.5018772,0.199181,0.2486418
791,0.05027497,0.5016698,0.1994615,0.2485937
792,0.05025091,0.5014895,0.1997326,0.2485271
793,0.0516214,0.4901857,0.2029023,0.2552906
794,0.05258442,0.4838973,0.2036035,0.2599147
795,0.05320364,0.4806059,0.2034487,0.2627417
796,0.05357893,0.4790308,0.2030589,0.2643314
797,0.05379089,0.4783766,0.2027116,0.265121
798,0.05390027,0.478175,0.2024925,0.2654322
799,0.05394994,0.4781687,0.2023943,0.2654872
800,0.0539685,0.4782282,0.2023733,0.26543
801,0.05397403,0.4782971,0.2023796,0.2653492
802,0.05397725,0.4783568,0.2023712,0.2652947
803,0.05398392,0.478406,0.2023189,0.2652912
804,0.05399664,0.4784498,0.2022069,0.2653467
805,0.05520397,0.4690836,0.2044689,0.2712436
806,0.05607793,0.4637728,0.2047315,0.2754177
807,0.0566704,0.4609424,0.2042296,0.2781576
808,0.05706,0.459574,0.2034715,0.2798945
809,0.05731095,0.4590214,0.2026978,0.2809698
810,0.05747163,0.4588929,0.2020022,0.2816332
811,0.05757593,0.4589637,0.2014065,0.2820538
812,0.05764607,0.4591129,0.2009031,0.282338
813,0.05769585,0.4592802,0.2004763,0.2825476
814,0.05773344,0.4594391,0.2001109,0.2827165
815,0.05776338,0.4595798,0.1997955,0.2828613
816,0.0577881,0.4597006,0.1995227,0.2829886
817,0.05613163,0.4727626,0.1961746,0.2749312
818,0.05502494,0.4796655,0.1956149,0.2696947
819,0.05434632,0.4830505,0.1959663,0.2666369
820,0.05394296,0.4845557,0.19656,0.2649414
821,0.05371068,0.4851065,0.1971209,0.2640618
822,0.05358094,0.4852076,0.1975655,0.2636461
823,0.05351005,0.4851209,0.1978935,0.2634756
824,0.05347107,0.4849741,0.1981346,0.2634203
825,0.05344792,0.4848225,0.1983235,0.2634061
826,0.05343137,0.4846854,0.19849,0.2633932
827,0.0534164,0.4845654,0.1986556,0.2633626
828,0.05340051,0.4844587,0.1988343,0.2633064
829,0.05523145,0.4696702,0.202859,0.2722394
830,0.0565557,0.461063,0.2038735,0.2785078
831,0.05743849,0.456306,0.2037748,0.2824807
832,0.05799356,0.4538642,0.2033451,0.2847971
833,0.05831984,0.4527352,0.2029505,0.2859944
834,0.05849577,0.452297,0.20272,0.2864872
835,0.05857915,0.4521863,0.2026613,0.2865733
836,0.05861003,0.4522073,0.2027292,0.2864534
837,0.05861477,0.4522648,0.2028641,0.2862563
838,0.05861001,0.4523197,0.20301,0.2860602
839,0.05860558,0.4523626,0.203123,0.2859089
840,0.05860672,0.4523965,0.2031736,0.2858232
841,0.0584297,0.4538205,0.2028552,0.2848947
842,0.05831663,0.4546408,0.2027142,0.2843283
843,0.05825778,0.4551018,0.2025754,0.284065
844,0.05823649,0.455367,0.2023887,0.2840078
845,0.05823968,0.4555334,0.2021443,0.2840827
846,0.05825758,0.4556553,0.2018528,0.2842343
847,0.05828314,0.4557607,0.201533,0.2844233
848,0.05831157,0.4558616,0.2012042,0.2846226
849,0.05833972,0.4559619,0.2008835,0.2848149
850,0.05836561,0.4560609,0.2005844,0.2849891
851,0.05838814,0.4561566,0.2003163,0.285139
852,0.05840677,0.4562461,0.2000853,0.2852617
853,0.05519612,0.4816769,0.1933069,0.26982
854,0.05314331,0.4944819,0.1921373,0.2602376
855,0.05192314,0.5004497,0.1928147,0.2548125
856,0.05121126,0.5029461,0.1939811,0.2518615
857,0.05080363,0.5037583,0.1950996,0.2503384
858,0.050574,0.5038122,0.1960062,0.2496076
859,0.05044545,0.5035691,0.1966944,0.2492911
860,0.05037177,0.5032442,0.1972137,0.2491704
861,0.05032597,0.5029266,0.197624,0.2491235
862,0.0502927,0.5026442,0.1979768,0.2490863
863,0.05026359,0.5023985,0.1983106,0.2490273
864,0.05023431,0.5021809,0.1986512,0.2489336
865,0.05499968,0.4627096,0.2101759,0.2721148
866,0.05871731,0.4375989,0.2140802,0.2896036
867,0.06141891,0.4221668,0.2146974,0.3017169
868,0.06325792,0.4131857,0.2141415,0.3094149
869,0.06442255,0.4082948,0.2134966,0.313786
870,0.06510022,0.4058412,0.2131971,0.3158615
871,0.06545572,0.4047315,0.2132971,0.3165157
872,0.0656217,0.4042937,0.2136512,0.3164334
