EwEVersion,"6.5.13829.0 (compiled 2016-05-17)"
Date,"2016-09-06 16:04:32"
ModelName,Baltic_Proper-SEALS
EcosimScenario,Proper1_SealVuln100_19742100_seal0_cofF03
TimeSeries,new_data_weights_19742100_BAU_WAR1_codF03_seal0
StartYear,1974

Data,"Prey of Acartia sp"

TimeStep,"Cyanobacteria","Phytoplankton","microzooplankton","Detritus-water column",
1,0.04394565,0.4587057,0.1890948,0.3082538
2,0.04065175,0.4814015,0.1915262,0.2864206
3,0.03890169,0.4892607,0.1962595,0.2755782
4,0.03794188,0.4911174,0.2007448,0.2701958
5,0.0374104,0.4906536,0.2042705,0.2676655
6,0.03711491,0.4894504,0.206808,0.2666267
7,0.03694871,0.4881553,0.2085525,0.2663436
8,0.03685171,0.4869973,0.2097356,0.2664154
9,0.03679014,0.4860257,0.2105572,0.266627
10,0.03674531,0.4852207,0.2111675,0.2668664
11,0.03670709,0.4845434,0.2116713,0.2670782
12,0.03667014,0.4839561,0.212137,0.2672367
13,0.03723703,0.47719,0.213836,0.271737
14,0.03760065,0.4737921,0.2139589,0.2746484
15,0.03780522,0.4721584,0.2137521,0.2762842
16,0.03790589,0.4713916,0.2135984,0.2771042
17,0.03794045,0.4710136,0.213635,0.277411
18,0.03793459,0.4707833,0.2138752,0.277407
19,0.0379053,0.4705903,0.2142792,0.2772252
20,0.03786375,0.4703922,0.2147903,0.2769538
21,0.03781743,0.4701794,0.2153495,0.2766536
22,0.03777155,0.4699568,0.2159024,0.2763692
23,0.03772985,0.4697342,0.2164015,0.2761345
24,0.03769502,0.4695218,0.2168079,0.2759753
25,0.03426526,0.5040089,0.2107146,0.2510113
26,0.03236579,0.5160367,0.2140065,0.2375909
27,0.03137812,0.5193012,0.2180539,0.2312668
28,0.03084611,0.5193328,0.2214599,0.2283612
29,0.03056454,0.5183072,0.2238341,0.2272941
30,0.03041968,0.5170907,0.2252951,0.2271945
31,0.03034733,0.5159852,0.2260927,0.2275748
32,0.03031155,0.5150592,0.2264635,0.2281659
33,0.03029262,0.5142942,0.2265885,0.2288246
34,0.03027974,0.5136489,0.2265973,0.2294741
35,0.03026743,0.5130824,0.226572,0.2300782
36,0.03025313,0.5125634,0.2265615,0.230622
37,0.03094405,0.5038384,0.2288121,0.2364055
38,0.03138728,0.49967,0.2287515,0.2401912
39,0.03164776,0.4977755,0.2280982,0.2424787
40,0.03178926,0.4969531,0.2274489,0.2438088
41,0.03185616,0.4965828,0.227014,0.244547
42,0.03187812,0.4963667,0.2268225,0.2449326
43,0.03187415,0.4961762,0.2268329,0.2451169
44,0.03185602,0.495965,0.2269864,0.2451926
45,0.0318309,0.4957247,0.2272288,0.2452156
46,0.03180354,0.4954616,0.22751,0.2452248
47,0.03177688,0.4951869,0.2277915,0.2452447
48,0.03175272,0.494911,0.2280445,0.2452917
49,0.03247744,0.4859544,0.2305451,0.2510231
50,0.03295469,0.48169,0.2305834,0.2547719
51,0.03324689,0.4798281,0.2298992,0.2570257
52,0.03342063,0.4791374,0.2290812,0.2583606
53,0.0335222,0.4789712,0.2283447,0.2591618
54,0.03358248,0.4790098,0.2277284,0.2596794
55,0.03362081,0.4791077,0.2272067,0.2600648
56,0.0336486,0.479207,0.2267407,0.2604037
57,0.03367214,0.4792896,0.2262989,0.2607394
58,0.03369404,0.4793537,0.2258677,0.2610846
59,0.03371528,0.4794017,0.2254436,0.2614395
60,0.0337359,0.4794365,0.2250301,0.2617976
61,0.03403205,0.4756459,0.2262464,0.2640757
62,0.03421653,0.4737741,0.2265789,0.2654304
63,0.03434255,0.4728589,0.2264214,0.2663772
64,0.03442529,0.4724514,0.226107,0.2670164
65,0.03447981,0.4722949,0.2257632,0.2674621
66,0.03451665,0.4722536,0.2254368,0.2677929
67,0.03454266,0.4722598,0.2251405,0.2680571
68,0.03456198,0.4722808,0.2248749,0.2682823
69,0.03457702,0.4723022,0.2246384,0.2684824
70,0.03458934,0.4723181,0.2244262,0.2686663
71,0.03459973,0.4723272,0.2242356,0.2688375
72,0.0346086,0.4723295,0.2240653,0.2689967
73,0.03262585,0.4942941,0.2193491,0.253731
74,0.03146603,0.5027468,0.2207093,0.2450779
75,0.03081843,0.5054563,0.2231152,0.24061
76,0.03045456,0.5058123,0.2253386,0.2383945
77,0.03025031,0.5053021,0.2270411,0.2374064
78,0.03013469,0.5045592,0.2282381,0.2370681
79,0.03006675,0.5038275,0.2290534,0.2370524
80,0.03002316,0.5031803,0.2296201,0.2371765
81,0.02999083,0.5026217,0.2300463,0.2373412
82,0.02996263,0.5021331,0.2304095,0.2374947
83,0.02993486,0.5016928,0.2307602,0.2376121
84,0.02990571,0.5012829,0.2311281,0.2376832
85,0.02994863,0.5009331,0.2305879,0.2385304
86,0.02998151,0.5007853,0.2299438,0.2392894
87,0.02997912,0.5007199,0.2296602,0.2396408
88,0.02996028,0.5006287,0.2296225,0.2397886
89,0.02993155,0.5004871,0.2297792,0.2398022
90,0.02989605,0.500297,0.2300906,0.2397164
91,0.02985552,0.5000683,0.2305242,0.239552
92,0.02981114,0.499812,0.2310522,0.2393246
93,0.02976395,0.4995384,0.2316494,0.2390482
94,0.02971507,0.4992559,0.2322905,0.2387386
95,0.02966595,0.4989716,0.2329481,0.2384144
96,0.02961832,0.4986922,0.2335918,0.2380978
97,0.0291209,0.5041299,0.2324661,0.2342831
98,0.02881161,0.5062944,0.2328281,0.2320659
99,0.02862099,0.5069795,0.2335572,0.2308423
100,0.02850849,0.5070236,0.234192,0.2302758
101,0.02844643,0.506831,0.2345869,0.2301356
102,0.02841712,0.5065819,0.2347261,0.2302749
103,0.02840916,0.506346,0.2346461,0.2305987
104,0.02841504,0.5061422,0.2344002,0.2310426
105,0.02842966,0.505967,0.2340426,0.2315608
106,0.0284492,0.50581,0.2336242,0.2321166
107,0.02847075,0.5056607,0.2331878,0.2326808
108,0.02849211,0.5055108,0.2327669,0.2332302
109,0.02939289,0.4947212,0.2349527,0.2409333
110,0.03000434,0.4897247,0.2341205,0.2461506
111,0.03038484,0.4876832,0.2326201,0.2493119
112,0.03061501,0.4870412,0.2311705,0.2511733
113,0.03074966,0.4869916,0.230033,0.2522256
114,0.03082581,0.4871421,0.2292393,0.2527928
115,0.03086722,0.4873196,0.2287346,0.2530786
116,0.03088859,0.4874608,0.2284439,0.2532068
117,0.03089865,0.4875526,0.2282994,0.2532494
118,0.03090241,0.4876008,0.2282501,0.2532467
119,0.0309028,0.4876167,0.2282592,0.2532213
120,0.03090148,0.487611,0.2283013,0.2531862
121,0.03058375,0.4911259,0.2277655,0.2505249
122,0.03037749,0.4925514,0.2282619,0.2488091
123,0.03025803,0.4929927,0.228872,0.2478772
124,0.0301883,0.4930174,0.2294167,0.2473776
125,0.03014807,0.4928878,0.229835,0.2471291
126,0.03012499,0.4927207,0.2301311,0.2470232
127,0.03011155,0.492563,0.2303305,0.246995
128,0.03010338,0.4924285,0.230461,0.2470072
129,0.03009798,0.4923175,0.2305456,0.2470389
130,0.03009398,0.492226,0.2306007,0.2470793
131,0.03009066,0.4921491,0.2306378,0.2471224
132,0.03008758,0.4920832,0.2306641,0.2471651
133,0.03245622,0.4607641,0.2410466,0.2657331
134,0.03410712,0.4439659,0.2441227,0.2778043
135,0.03522213,0.4355257,0.2438833,0.285369
136,0.0359205,0.431752,0.2428016,0.2895258
137,0.03633386,0.430389,0.2418065,0.2914706
138,0.03656865,0.4301667,0.2411319,0.2921327
139,0.03670168,0.4304276,0.240712,0.2921587
140,0.03678399,0.4308632,0.2403916,0.2919613
141,0.03684702,0.4313464,0.240024,0.2917826
142,0.03690948,0.4318347,0.2394982,0.2917576
143,0.03698117,0.4323211,0.2387499,0.2919478
144,0.03706646,0.4328104,0.2377527,0.2923705
145,0.03392564,0.4711135,0.2270038,0.2679571
146,0.03223823,0.4863746,0.2258536,0.2555336
147,0.03135712,0.4923238,0.2266227,0.2496963
148,0.03089502,0.4943737,0.2275913,0.24714
149,0.0306543,0.4948366,0.2283037,0.2462054
150,0.0305302,0.4947129,0.2287172,0.2460396
151,0.03046653,0.4944166,0.2289086,0.2462083
152,0.03043335,0.4941018,0.228968,0.2464967
153,0.03041476,0.4938136,0.228968,0.2468036
154,0.0304024,0.4935559,0.2289586,0.2470831
155,0.03039188,0.4933197,0.228972,0.2473164
156,0.0303809,0.4930947,0.2290272,0.2474971
157,0.03591325,0.4244441,0.2478697,0.2917729
158,0.0406526,0.3798555,0.2510134,0.3284785
159,0.04437871,0.3521961,0.2476687,0.3557565
160,0.04711461,0.3361144,0.2424283,0.3743427
161,0.0489948,0.3275612,0.2376478,0.3857963
162,0.05020374,0.3236247,0.2342333,0.3919383
163,0.05092917,0.322316,0.2322779,0.3944769
164,0.05133396,0.3223678,0.2314841,0.3948141
165,0.05154479,0.3230414,0.2314225,0.3939913
166,0.05165258,0.3239493,0.2316742,0.3927239
167,0.05171857,0.3249122,0.2318972,0.391472
168,0.05178119,0.3258604,0.231853,0.3905054
169,0.04780003,0.3701906,0.222041,0.3599684
170,0.04542416,0.3920171,0.2198949,0.3426638
171,0.04434928,0.4023005,0.2170714,0.3362788
172,0.04383363,0.4077516,0.2142759,0.3341389
173,0.04357368,0.4107883,0.2120822,0.3335558
174,0.04345281,0.4125622,0.2103499,0.3336352
175,0.04340394,0.4136642,0.2090256,0.3339062
176,0.04339028,0.4144007,0.2080569,0.3341521
177,0.04339276,0.41493,0.207381,0.3342963
178,0.04340214,0.4153341,0.2069343,0.3343294
179,0.04341395,0.4156577,0.2066617,0.3342667
180,0.04342597,0.4159269,0.2065204,0.3341268
181,0.04220776,0.4297152,0.2033052,0.3247718
182,0.04142166,0.4365282,0.2032195,0.3188306
183,0.04093865,0.4397061,0.2041139,0.3152414
184,0.04064674,0.4410425,0.2052236,0.3130871
185,0.04047211,0.4414963,0.2062549,0.3117767
186,0.04036735,0.4415626,0.2071298,0.3109403
187,0.04030268,0.4414856,0.2078602,0.3103514
188,0.04025964,0.4413771,0.2084888,0.3098744
189,0.04022697,0.4412822,0.2090618,0.3094291
190,0.04019806,0.4412135,0.209618,0.3089705
191,0.040169,0.44117,0.2101873,0.3084736
192,0.04013759,0.4411464,0.2107908,0.3079252
193,0.03938427,0.4492302,0.20938,0.3020055
194,0.03888844,0.4530814,0.2099059,0.2981242
195,0.03856783,0.454784,0.2110558,0.2955923
196,0.03836002,0.4554161,0.2123172,0.2939067
197,0.03822276,0.4555539,0.2134893,0.2927341
198,0.03812899,0.4554916,0.214511,0.2918684
199,0.03806204,0.4553716,0.2153777,0.2911885
200,0.03801207,0.4552572,0.2161031,0.2906276
201,0.03797362,0.4551719,0.216702,0.2901525
202,0.037944,0.455121,0.2171839,0.2897511
203,0.03792201,0.4551025,0.217554,0.2894214
204,0.03790721,0.4551122,0.2178153,0.2891653
205,0.04102196,0.4205552,0.2261108,0.312312
206,0.04337997,0.400734,0.2266718,0.3292142
207,0.04503699,0.3900585,0.2245035,0.3404011
208,0.04614292,0.384894,0.2216782,0.3472849
209,0.04685022,0.3828491,0.2190982,0.3512024
210,0.04729102,0.3824322,0.2170216,0.3532552
211,0.04756682,0.3827732,0.2154065,0.3542535
212,0.04774882,0.3834043,0.2141051,0.3547418
213,0.04788288,0.3840981,0.212967,0.355052
214,0.04799434,0.384764,0.2118974,0.3553441
215,0.04809593,0.3853748,0.2108496,0.3556796
216,0.04819249,0.3859303,0.2098161,0.3560611
217,0.0444019,0.4265579,0.2007575,0.3282827
218,0.04215796,0.4448633,0.2005583,0.3124205
219,0.0408973,0.452602,0.2025163,0.3039844
220,0.04019001,0.4554935,0.2047272,0.2995893
221,0.03979816,0.4562407,0.2065609,0.2974003
222,0.03958561,0.4561232,0.2078972,0.2963939
223,0.03947352,0.4557269,0.2088017,0.2959979
224,0.03941623,0.4552997,0.2093888,0.2958952
225,0.03938761,0.4549302,0.2097674,0.2959149
226,0.03937286,0.4546363,0.2100241,0.2959667
227,0.03936382,0.4544089,0.2102212,0.2960061
228,0.03935617,0.4542307,0.2104005,0.2960126
229,0.03995072,0.4470217,0.2128022,0.3002254
230,0.04033847,0.4432622,0.2136257,0.3027736
231,0.0405843,0.4413554,0.2138122,0.3042481
232,0.04072959,0.4404526,0.2138425,0.3049753
233,0.04080802,0.4400588,0.2139137,0.3052195
234,0.04084403,0.4399018,0.2140857,0.3051685
235,0.04085436,0.4398416,0.2143553,0.3049488
236,0.04085008,0.4398125,0.2146947,0.3046428
237,0.04083842,0.4397883,0.2150692,0.304304
238,0.04082406,0.4397626,0.2154456,0.3039679
239,0.04081006,0.4397377,0.2157943,0.3036579
240,0.04079837,0.4397193,0.2160923,0.30339
241,0.03941545,0.4533569,0.2144177,0.29281
242,0.03852858,0.4592964,0.2160836,0.2860913
243,0.03802151,0.4614986,0.2180271,0.2824528
244,0.03773433,0.4620655,0.2196585,0.2805417
245,0.03757743,0.4619823,0.2208086,0.2796317
246,0.0374963,0.461702,0.2215129,0.2792889
247,0.03745779,0.4614144,0.2218748,0.2792529
248,0.03744205,0.4611842,0.222004,0.2793698
249,0.03743748,0.4610203,0.2219916,0.2795506
250,0.03743787,0.4609105,0.2219017,0.2797499
251,0.03743987,0.4608385,0.2217773,0.2799444
252,0.03744184,0.4607895,0.221645,0.2801237
253,0.03701458,0.4670106,0.2183571,0.2776179
254,0.0367603,0.4701749,0.2166327,0.2764321
255,0.03658446,0.471807,0.2159385,0.2756701
256,0.03647088,0.4725723,0.2156799,0.275277
257,0.0363985,0.4728763,0.2156095,0.2751157
258,0.03635172,0.4729447,0.2156204,0.2750832
259,0.03632018,0.4728971,0.2156696,0.2751132
260,0.03629728,0.4727947,0.2157422,0.2751659
261,0.03627901,0.4726676,0.2158346,0.2752189
262,0.03626298,0.4725296,0.2159467,0.2752607
263,0.03624786,0.472387,0.2160788,0.2752864
264,0.03623297,0.4722424,0.2162298,0.2752949
265,0.03910712,0.4384776,0.2261481,0.2962672
266,0.04118544,0.41945,0.2287629,0.3106017
267,0.04261626,0.4092575,0.2282915,0.3198346
268,0.04353463,0.4042746,0.2270314,0.3251594
269,0.0440877,0.4021545,0.2259317,0.327826
270,0.04440151,0.4014815,0.2252552,0.3288617
271,0.04457221,0.4014654,0.224939,0.3290235
272,0.04466757,0.4017049,0.2247987,0.3288289
273,0.04473221,0.4020225,0.2246373,0.3286081
274,0.04479261,0.4023567,0.2243058,0.3285448
275,0.04486253,0.4026978,0.2237179,0.3287218
276,0.04494656,0.4030536,0.2228525,0.3291473
277,0.04595355,0.3946252,0.2228185,0.3366027
278,0.04673137,0.3903038,0.2205839,0.3423809
279,0.04727784,0.3884175,0.2179711,0.3463336
280,0.04765482,0.3878821,0.2154896,0.3489734
281,0.04791246,0.3880388,0.2133472,0.3507016
282,0.04808892,0.388505,0.2115899,0.3518162
283,0.04821148,0.3890723,0.2101898,0.3525264
284,0.04829873,0.3896357,0.2090931,0.3529725
285,0.04836289,0.3901496,0.2082431,0.3532445
286,0.04841182,0.3905995,0.2075887,0.3533999
287,0.04845046,0.3909866,0.2070882,0.3534748
288,0.04848189,0.3913181,0.2067086,0.3534915
289,0.04485465,0.429117,0.1986345,0.3273938
290,0.04268105,0.4461998,0.1987989,0.3123203
291,0.04143657,0.4533905,0.2010282,0.3041448
292,0.04072195,0.4560088,0.2034925,0.2997768
293,0.04031306,0.4565971,0.2055723,0.2975176
294,0.04008044,0.4563657,0.2071431,0.2964107
295,0.03994823,0.4558712,0.2082675,0.2959131
296,0.03987186,0.4553498,0.2090606,0.2957177
297,0.03982534,0.4548864,0.2096342,0.295654
298,0.03979394,0.4544976,0.2100768,0.2956316
299,0.03976938,0.454174,0.2104526,0.295604
300,0.03974718,0.4538989,0.2108045,0.2955495
301,0.03660068,0.4870047,0.2037549,0.2726398
302,0.03481308,0.499851,0.2052123,0.2601237
303,0.03380862,0.5041699,0.2084697,0.2535517
304,0.03323407,0.5049211,0.2116938,0.2501509
305,0.03290128,0.5042995,0.2143262,0.2484731
306,0.03270474,0.5032614,0.2163126,0.2477212
307,0.03258415,0.5021947,0.217771,0.2474502
308,0.03250508,0.5012304,0.2188515,0.247413
309,0.03244809,0.5003915,0.2196842,0.2474762
310,0.03240225,0.4996614,0.2203685,0.2475678
311,0.03236177,0.4990135,0.220971,0.2476537
312,0.03232377,0.4984241,0.221532,0.2477202
313,0.0364983,0.4493338,0.2348036,0.2793644
314,0.03979826,0.4202212,0.2363479,0.3036326
315,0.04217902,0.4040702,0.2335768,0.320174
316,0.04377762,0.3959703,0.2298252,0.3304269
317,0.04477637,0.3925112,0.2266485,0.336064
318,0.04535578,0.3914846,0.2245249,0.3386346
319,0.04566669,0.3915779,0.2233787,0.3393767
320,0.04582205,0.39209,0.2229019,0.3391861
321,0.04590038,0.3926977,0.2227328,0.3386692
322,0.04595123,0.3932885,0.2225679,0.3381924
323,0.04600332,0.3938467,0.2221952,0.3379548
324,0.04607049,0.3943906,0.2215045,0.3380344
325,0.04578428,0.3991159,0.2192588,0.335841
326,0.04564286,0.4019319,0.2174969,0.3349285
327,0.04559156,0.4037228,0.2159337,0.3347519
328,0.04559827,0.4049387,0.2144356,0.3350274
329,0.04563681,0.4058345,0.2130073,0.3355214
330,0.0456894,0.4065443,0.2116891,0.3360772
331,0.04574519,0.4071345,0.2105176,0.3366027
332,0.04579815,0.4076372,0.2095145,0.3370502
333,0.04584538,0.4080687,0.2086853,0.3374006
334,0.04588637,0.4084375,0.2080182,0.3376579
335,0.04592143,0.4087507,0.2074954,0.3378325
336,0.04595118,0.4090157,0.2070966,0.3379364
337,0.04626461,0.406183,0.2075203,0.3400321
338,0.04648243,0.404733,0.2074276,0.341357
339,0.04662809,0.404057,0.2071915,0.3421234
340,0.0467228,0.4038053,0.206966,0.342506
341,0.04678264,0.4037717,0.2068131,0.3426326
342,0.04681904,0.4038395,0.2067511,0.3425905
343,0.0468397,0.4039459,0.2067783,0.3424361
344,0.04684974,0.4040591,0.2068852,0.342206
345,0.04685253,0.4041644,0.2070599,0.3419232
346,0.04685006,0.4042565,0.2072929,0.3416006
347,0.04684376,0.404334,0.2075747,0.3412475
348,0.04683467,0.4043975,0.2078961,0.3408717
349,0.04027123,0.4690305,0.1978007,0.2928976
350,0.03683443,0.4914953,0.2032102,0.26846
351,0.03507757,0.4982239,0.2100126,0.2566859
352,0.03413469,0.4991726,0.2158081,0.2508846
353,0.03362129,0.4981385,0.220095,0.2481452
354,0.0333398,0.4966285,0.2230387,0.2469931
355,0.03318276,0.4951945,0.2249836,0.2466392
356,0.03309072,0.4939899,0.2262623,0.2466571
357,0.03303104,0.4930127,0.2271354,0.2468208
358,0.03298608,0.4922125,0.227787,0.2470144
359,0.0329467,0.4915338,0.2283365,0.247183
360,0.03290838,0.4909314,0.2288563,0.2473039
361,0.03649798,0.4502572,0.2387431,0.2745017
362,0.0392922,0.4270767,0.2383484,0.2952828
363,0.04123825,0.414866,0.2349075,0.3089883
364,0.04250168,0.409186,0.23108,0.3172322
365,0.0432633,0.4070744,0.2280457,0.3216165
366,0.04368545,0.4067036,0.2261073,0.3235036
367,0.0438957,0.4070447,0.2251346,0.323925
368,0.04398507,0.4075835,0.2248355,0.3235959
369,0.04401453,0.4081064,0.2248958,0.3229832
370,0.04402346,0.4085564,0.225036,0.3223841
371,0.04403568,0.4089465,0.2250439,0.3219739
372,0.04406404,0.409312,0.2247832,0.3218407
373,0.04458143,0.4046211,0.2254834,0.3253141
374,0.04496875,0.4023533,0.2247896,0.3278884
375,0.04525993,0.4014495,0.2234531,0.3298374
376,0.04548455,0.4013106,0.2218253,0.3313796
377,0.04566337,0.4015799,0.2201026,0.3326541
378,0.04580951,0.4020502,0.2184043,0.333736
379,0.04593088,0.402602,0.2168068,0.3346603
380,0.04603238,0.4031675,0.2153571,0.3354431
381,0.04611732,0.4037085,0.2140802,0.336094
382,0.04618802,0.4042057,0.2129864,0.3366199
383,0.04624661,0.4046498,0.2120722,0.3370315
384,0.04629502,0.4050385,0.2113247,0.3373418
385,0.04643116,0.4045401,0.2107133,0.3383155
386,0.04653315,0.4044066,0.2100598,0.3390005
387,0.04660359,0.4044699,0.2095172,0.3394093
388,0.04665191,0.4046187,0.2091035,0.3396259
389,0.04668473,0.4047938,0.2088141,0.3397074
390,0.04670644,0.4049661,0.2086366,0.3396908
391,0.04671983,0.4051232,0.208558,0.3395989
392,0.04672655,0.4052611,0.2085681,0.3394443
393,0.04672752,0.4053794,0.2086596,0.3392334
394,0.04672356,0.4054789,0.2088247,0.3389728
395,0.0467152,0.4055612,0.209057,0.3386667
396,0.04670287,0.405628,0.2093504,0.3383186
397,0.04775369,0.3962279,0.2099278,0.3460907
398,0.04852374,0.3912599,0.2085325,0.3516839
399,0.04900916,0.3889968,0.2070738,0.3549201
400,0.04930168,0.3881885,0.2058846,0.3566252
401,0.04946727,0.3881043,0.2050693,0.3573591
402,0.04955293,0.3883353,0.2046057,0.357506
403,0.04959092,0.3886677,0.2044194,0.3573219
404,0.04960252,0.3890013,0.2044242,0.356972
405,0.04960138,0.3892981,0.2045402,0.3565605
406,0.04959577,0.3895515,0.2047037,0.356149
407,0.04959062,0.3897689,0.2048666,0.3557739
408,0.04958865,0.3899615,0.2049951,0.3554547
409,0.04477697,0.4377849,0.19633,0.3211082
410,0.04201684,0.457897,0.1979892,0.302097
411,0.04050843,0.4656555,0.2015145,0.2923215
412,0.03967173,0.4681129,0.2048677,0.2873477
413,0.0392091,0.4683803,0.2074627,0.284948
414,0.03895562,0.467855,0.2092783,0.2839111
415,0.03881734,0.4671392,0.2104785,0.2835649
416,0.0387405,0.4664659,0.2112559,0.2835378
417,0.0386946,0.4659018,0.211774,0.2836295
418,0.03866274,0.4654467,0.2121541,0.2837365
419,0.03863574,0.4650781,0.2124778,0.2838083
420,0.03860888,0.4647706,0.2127968,0.2838237
421,0.03881691,0.4617479,0.21402,0.2854152
422,0.0389352,0.4601347,0.214662,0.2862681
423,0.03899593,0.4592511,0.2150771,0.2866758
424,0.03901557,0.4587555,0.2154638,0.286765
425,0.0390085,0.4584527,0.2158881,0.2866507
426,0.03898532,0.4582398,0.2163573,0.2864175
427,0.03895353,0.4580671,0.216853,0.2861264
428,0.03891848,0.4579132,0.2173468,0.2858216
429,0.0388841,0.4577712,0.217808,0.2855367
430,0.03885338,0.4576412,0.2182064,0.2852991
431,0.0388285,0.4575261,0.2185161,0.2851293
432,0.03881097,0.4574294,0.2187178,0.2850419
433,0.04166179,0.4252152,0.2279732,0.3051498
434,0.04371355,0.4069639,0.2305253,0.3187972
435,0.04513976,0.3970652,0.2300514,0.3277436
436,0.04606671,0.3921497,0.2287365,0.3330471
437,0.04664407,0.3900093,0.2274024,0.3359443
438,0.04699928,0.3893063,0.2262497,0.3374447
439,0.04722828,0.3892895,0.225203,0.3382792
440,0.04739677,0.3895719,0.2241021,0.3389291
441,0.04754489,0.3899762,0.2228089,0.3396699
442,0.04769132,0.3904351,0.2212723,0.3406012
443,0.04784075,0.3909266,0.2195229,0.3417098
444,0.04798945,0.3914424,0.2176538,0.3429144
445,0.04810433,0.3905739,0.2180052,0.3433166
446,0.04814836,0.3901384,0.218597,0.3431163
447,0.04819515,0.3898277,0.218924,0.3430532
448,0.04824014,0.3896191,0.2190882,0.3430526
449,0.04828344,0.3894843,0.2191362,0.343096
450,0.04832513,0.3894031,0.2191011,0.3431707
451,0.04836516,0.3893612,0.2190083,0.3432654
452,0.04840318,0.3893483,0.2188792,0.3433693
453,0.04843884,0.3893567,0.2187319,0.3434726
454,0.04847206,0.3893798,0.2185777,0.3435703
455,0.04850282,0.3894131,0.2184255,0.3436587
456,0.04853106,0.3894529,0.2182814,0.3437347
457,0.04826688,0.395202,0.2136683,0.3428627
458,0.04823048,0.3987448,0.2090845,0.3439402
459,0.04818168,0.4012407,0.2060485,0.3445291
460,0.04812906,0.4029965,0.2040943,0.3447802
461,0.04807958,0.4042031,0.2028896,0.3448277
462,0.04803624,0.405009,0.2021981,0.3447567
463,0.04799895,0.4055312,0.2018596,0.3446103
464,0.04796601,0.4058582,0.2017698,0.3444059
465,0.04793521,0.4060545,0.2018627,0.3441477
466,0.04790449,0.4061644,0.2020973,0.3438339
467,0.04787213,0.4062179,0.2024484,0.3434615
468,0.04783642,0.4062332,0.2029071,0.3430233
469,0.04269935,0.4562595,0.194804,0.3062371
470,0.03982197,0.47576,0.1981691,0.286249
471,0.03826614,0.4824496,0.2032558,0.2760285
472,0.03739819,0.483943,0.2079197,0.2707391
473,0.03690719,0.4834475,0.2115852,0.2680601
474,0.03662569,0.4823396,0.2142676,0.2667671
475,0.03645981,0.4811778,0.2161728,0.2661896
476,0.0363563,0.480154,0.2175309,0.2659587
477,0.03628527,0.4793047,0.2185339,0.2658761
478,0.03623019,0.4786071,0.2193241,0.2658386
479,0.03618252,0.4780244,0.2199938,0.2657992
480,0.03613814,0.4775231,0.2205975,0.2657412
481,0.04145119,0.4200887,0.2336592,0.3048008
482,0.04588024,0.3837349,0.2337496,0.3366353
483,0.04922091,0.3619215,0.2294736,0.3593839
484,0.0515804,0.3498185,0.2242279,0.3743732
485,0.05313355,0.3438562,0.2197299,0.3832803
486,0.05408185,0.3415068,0.2165589,0.3878524
487,0.05461625,0.3410779,0.2146564,0.3896494
488,0.05489661,0.3415221,0.2136564,0.3899249
489,0.0550454,0.3422552,0.2130892,0.3896101
490,0.05514688,0.3430018,0.2125294,0.3893219
491,0.05525265,0.3436656,0.2116642,0.3894176
492,0.05538717,0.3442437,0.2103332,0.3900359
493,0.05634356,0.3369015,0.2102117,0.3965431
494,0.05712184,0.3326787,0.2083201,0.4018794
495,0.05773484,0.3304405,0.2056953,0.4061293
496,0.05820771,0.3294576,0.2029019,0.4094328
497,0.0585667,0.3292315,0.2002576,0.4119442
498,0.05883572,0.3294297,0.1979269,0.4138077
499,0.0590354,0.3298364,0.1959743,0.4151539
500,0.05918268,0.3303184,0.1944035,0.4160954
501,0.05929115,0.3307987,0.1931829,0.4167272
502,0.05937184,0.331236,0.192259,0.4171331
503,0.05943298,0.331614,0.1915753,0.4173776
504,0.05948045,0.3319315,0.1910795,0.4175085
505,0.05702318,0.3556308,0.187159,0.4001871
506,0.05531963,0.3686936,0.1875199,0.3884669
507,0.05425794,0.3752677,0.1890243,0.3814499
508,0.05361569,0.3783242,0.1906497,0.3774104
509,0.05323767,0.379566,0.1920252,0.3751712
510,0.05302163,0.37993,0.1930706,0.3739778
511,0.05290211,0.379912,0.1938217,0.3733641
512,0.05283824,0.3797613,0.194349,0.3730513
513,0.05280503,0.3795934,0.194723,0.3728787
514,0.05278755,0.3794546,0.195002,0.3727559
515,0.05277719,0.3793574,0.195229,0.3726363
516,0.05276925,0.3792995,0.195433,0.3724983
517,0.05580094,0.3498913,0.2008509,0.3934569
518,0.0581482,0.331509,0.2012605,0.4090822
519,0.05984902,0.3204,0.1999621,0.4197888
520,0.06102331,0.3140336,0.1983023,0.4266407
521,0.06179446,0.3106482,0.1968923,0.4306651
522,0.06227519,0.3090452,0.1959251,0.4327545
523,0.06255943,0.3084406,0.1953774,0.4336226
524,0.06271988,0.3083478,0.1951316,0.4338008
525,0.0628093,0.3084846,0.1950463,0.4336598
526,0.06286351,0.3087014,0.1949952,0.43344
527,0.06290518,0.3089281,0.1948839,0.4332829
528,0.06294724,0.3091395,0.1946549,0.4332583
529,0.0644626,0.2959863,0.1960649,0.4434864
530,0.06568118,0.2874803,0.1953024,0.4515361
531,0.06659025,0.2822279,0.1938546,0.4573272
532,0.06724951,0.2791358,0.1922543,0.4613603
533,0.06771704,0.2774357,0.1907522,0.464095
534,0.06804402,0.2765983,0.1894389,0.4659188
535,0.06827194,0.2762699,0.1883256,0.4671326
536,0.06843227,0.2762239,0.1873896,0.4679543
537,0.06854758,0.2763212,0.1865993,0.4685319
538,0.06863331,0.276481,0.1859253,0.4689603
539,0.06869955,0.2766595,0.1853442,0.4692969
540,0.06875273,0.2768344,0.1848389,0.4695741
541,0.06411295,0.318818,0.1793081,0.437761
542,0.06077392,0.3431078,0.1806754,0.4154429
543,0.05873678,0.3552155,0.1835595,0.4024883
544,0.05752945,0.3608424,0.1862936,0.3953345
545,0.0568289,0.3631863,0.1884058,0.3915791
546,0.05643113,0.3639525,0.1898796,0.3897368
547,0.05621062,0.3640221,0.1908432,0.388924
548,0.05609122,0.3638322,0.1914475,0.388629
549,0.05602748,0.3635845,0.1918221,0.3885658
550,0.05599288,0.3633609,0.1920646,0.3885815
551,0.05597235,0.3631854,0.1922424,0.3885998
552,0.0559576,0.363057,0.1923993,0.388586
553,0.0574644,0.349292,0.1939529,0.3992907
554,0.05860633,0.3410239,0.1931691,0.4072006
555,0.05939292,0.3363656,0.19187,0.4123715
556,0.05990814,0.3339404,0.1906284,0.4155231
557,0.0602274,0.3328275,0.1896754,0.4172696
558,0.06041222,0.3324355,0.18906,0.4180923
559,0.06050924,0.3324033,0.1887454,0.418342
560,0.06055178,0.3325242,0.1886639,0.4182601
561,0.06056246,0.332689,0.1887442,0.4180044
562,0.06055602,0.3328469,0.1889239,0.4176732
563,0.06054173,0.3329791,0.1891533,0.4173258
564,0.06052525,0.3330831,0.1893956,0.4169961
565,0.05846849,0.3521377,0.1865717,0.402822
566,0.05702737,0.3628411,0.1869269,0.3932047
567,0.05610916,0.3683881,0.1881454,0.3873573
568,0.05554366,0.3710615,0.189416,0.3839788
569,0.05520637,0.3722129,0.1904428,0.3821378
570,0.05501199,0.3726068,0.1911688,0.3812124
571,0.05490439,0.3726571,0.1916329,0.3808056
572,0.05484773,0.3725766,0.1919016,0.3806742
573,0.05481981,0.3724658,0.1920393,0.380675
574,0.05480723,0.3723669,0.1920979,0.380728
575,0.05480225,0.3722923,0.1921147,0.3807908
576,0.05480049,0.3722415,0.1921146,0.3808434
577,0.05577922,0.3632112,0.1932796,0.3877299
578,0.05650602,0.357958,0.1928094,0.3927266
579,0.05699791,0.3551121,0.1919406,0.3959495
580,0.05731628,0.3537075,0.1910698,0.3979064
581,0.05751292,0.3531203,0.1903592,0.3990076
582,0.0576283,0.3529635,0.1898464,0.3995618
583,0.057692,0.3530095,0.1895113,0.3997871
584,0.0577244,0.3531331,0.189314,0.3998285
585,0.05773889,0.3532714,0.1892127,0.399777
586,0.05774394,0.3533967,0.1891721,0.3996873
587,0.05774458,0.3535002,0.1891657,0.3995896
588,0.05774369,0.3535821,0.1891748,0.3994994
589,0.05704057,0.3599895,0.1884564,0.3945135
590,0.05654236,0.3636009,0.1887706,0.3910861
591,0.05622056,0.3654895,0.1893155,0.3889744
592,0.05602071,0.3664017,0.1898369,0.3877407
593,0.05590141,0.3667896,0.190245,0.387064
594,0.05583323,0.3669152,0.1905285,0.386723
595,0.05579625,0.3669229,0.1907081,0.3865728
596,0.0557775,0.3668872,0.1908123,0.3865229
597,0.05576891,0.3668433,0.1908674,0.3865203
598,0.05576549,0.3668058,0.1908948,0.3865338
599,0.0557644,0.3667784,0.1909101,0.3865471
600,0.05576402,0.3667604,0.1909231,0.3865525
601,0.05389929,0.384256,0.1880864,0.3737583
602,0.05263644,0.3934712,0.1885313,0.365361
603,0.05184956,0.39792,0.1898409,0.3603895
604,0.05137159,0.3998349,0.1912222,0.3575712
605,0.05108769,0.4004742,0.1923866,0.3560515
606,0.05092221,0.4005202,0.1932757,0.3552819
607,0.05082672,0.400327,0.1939237,0.3549226
608,0.05077103,0.4000666,0.1943925,0.3547698
609,0.05073673,0.3998145,0.1947429,0.3547058
610,0.05071305,0.399597,0.1950235,0.3546664
611,0.05069385,0.399418,0.1952695,0.3546186
612,0.05067582,0.3992724,0.1955043,0.3545474
613,0.05296191,0.3768948,0.1998249,0.3703183
614,0.05467156,0.36358,0.2000259,0.3817226
615,0.05585857,0.3560287,0.1988858,0.389227
616,0.05663965,0.3520552,0.1974975,0.3938076
617,0.05712452,0.3501945,0.1963434,0.3963376
618,0.05740588,0.3495013,0.1955678,0.397525
619,0.05755561,0.3493973,0.1951476,0.3978994
620,0.05762587,0.3495506,0.1949916,0.3978319
621,0.05765252,0.3497857,0.1949931,0.3975687
622,0.05765905,0.3500199,0.1950563,0.3972647
623,0.05766006,0.3502221,0.1951069,0.3970109
624,0.05766388,0.3503872,0.195095,0.3968539
625,0.05709374,0.3559643,0.1940757,0.3928662
626,0.05669557,0.3591753,0.1939427,0.3901865
627,0.05644824,0.3609177,0.1939993,0.3886348
628,0.05630761,0.3618126,0.1940208,0.3878589
629,0.05623825,0.3622438,0.1939348,0.3875832
630,0.05621376,0.3624374,0.193743,0.3876059
631,0.05621555,0.3625198,0.1934765,0.3877882
632,0.05623119,0.3625572,0.1931718,0.3880398
633,0.05625281,0.3625808,0.1928605,0.3883058
634,0.05627567,0.3626033,0.1925659,0.3885551
635,0.05629714,0.3626281,0.1923026,0.388772
636,0.05631591,0.3626546,0.1920788,0.3889507
637,0.05520091,0.3733956,0.1899789,0.3814246
638,0.05442261,0.3793138,0.189935,0.3763286
639,0.05392331,0.3823378,0.1905207,0.3732181
640,0.0536133,0.3837442,0.1912309,0.3714117
641,0.05342601,0.3842936,0.1918649,0.3704155
642,0.0533152,0.3844202,0.1923689,0.3698957
643,0.05325016,0.38436,0.192752,0.3696379
644,0.05321123,0.3842339,0.1930444,0.3695104
645,0.0531863,0.3840987,0.1932783,0.3694367
646,0.05316815,0.3839776,0.1934801,0.3693742
647,0.05315266,0.3838772,0.1936685,0.3693017
648,0.0531377,0.3837965,0.1938554,0.3692105
649,0.05381704,0.3769725,0.1954175,0.373793
650,0.05429769,0.3730488,0.1957724,0.3768811
651,0.05461472,0.3708954,0.1957053,0.3787846
652,0.05481209,0.3697945,0.1955439,0.3798495
653,0.05492743,0.369287,0.1954212,0.3803643
654,0.05498977,0.3690938,0.1953708,0.3805455
655,0.05502012,0.3690538,0.1953811,0.3805449
656,0.05503285,0.3690797,0.1954243,0.3804632
657,0.05503734,0.3691275,0.1954713,0.3803639
658,0.05503952,0.3691778,0.1954981,0.3802846
659,0.05504278,0.369224,0.1954881,0.3802451
660,0.05504886,0.3692653,0.1954319,0.3802539
661,0.05428291,0.3767181,0.1939352,0.3750639
662,0.05375313,0.3808267,0.193814,0.3716063
663,0.05341832,0.3829463,0.1940773,0.3695582
664,0.05321738,0.3839526,0.1943796,0.3684505
665,0.05310403,0.3843692,0.1945918,0.367935
666,0.05304538,0.3844954,0.1946884,0.3677708
667,0.0530193,0.3844938,0.1946873,0.3677997
668,0.05301148,0.3844468,0.1946185,0.3679233
669,0.05301302,0.3843923,0.1945115,0.3680832
670,0.05301848,0.3843455,0.1943904,0.3682456
671,0.05302482,0.3843096,0.1942727,0.3683928
672,0.05303038,0.3842831,0.1941695,0.368517
673,0.05548996,0.3609338,0.1981109,0.3854654
674,0.05737019,0.3467092,0.1978527,0.3980679
675,0.05870626,0.3384184,0.196252,0.4066234
676,0.05961228,0.3338967,0.1943986,0.4120925
677,0.06019824,0.3316657,0.1927825,0.4153535
678,0.06055939,0.330747,0.191559,0.4171345
679,0.06077123,0.3305224,0.1907161,0.4179902
680,0.06088951,0.330623,0.190173,0.4183145
681,0.06095289,0.330844,0.1898344,0.4183688
682,0.06098668,0.3310829,0.1896154,0.418315
683,0.0610066,0.3312961,0.1894511,0.4182462
684,0.06102166,0.3314708,0.1892978,0.4182097
685,0.05898303,0.350312,0.1865164,0.4041886
686,0.05754961,0.3608828,0.1869392,0.3946284
687,0.05664818,0.3662969,0.1881225,0.3889325
688,0.05610266,0.3688559,0.1893011,0.3857403
689,0.05578532,0.3699138,0.1902116,0.3840893
690,0.05560888,0.3702327,0.1908205,0.3833379
691,0.05551609,0.3702231,0.1911824,0.3830784
692,0.05547074,0.3700939,0.1913723,0.383063
693,0.05545064,0.3699428,0.1914575,0.383149
694,0.05544295,0.3698082,0.1914881,0.3832607
695,0.05544038,0.3697008,0.1914983,0.3833605
696,0.05543908,0.3696189,0.1915094,0.3834326
697,0.05576153,0.3666948,0.1917643,0.3857794
698,0.05599735,0.3650392,0.1914939,0.3874696
699,0.05614993,0.3641851,0.1911511,0.3885138
700,0.05624309,0.3637911,0.190855,0.3891108
701,0.05629572,0.3636449,0.1906471,0.3894122
702,0.05632193,0.3636209,0.1905295,0.3895276
703,0.05633174,0.3636485,0.1904874,0.3895324
704,0.05633184,0.3636913,0.1905014,0.3894755
705,0.05632656,0.3637327,0.1905531,0.3893877
706,0.05631868,0.3637664,0.1906268,0.3892881
707,0.05630989,0.3637916,0.1907105,0.3891881
708,0.05630125,0.3638094,0.190795,0.3890944
709,0.05583083,0.3678133,0.190665,0.385691
710,0.05548684,0.3699926,0.1913042,0.3832164
711,0.05526625,0.3710333,0.1920115,0.3816889
712,0.05513003,0.3714535,0.1926272,0.3807893
713,0.05504972,0.3715579,0.1930985,0.3802939
714,0.05500515,0.371519,0.1934262,0.3800496
715,0.05498269,0.3714291,0.1936329,0.3799553
716,0.05497346,0.3713329,0.1937462,0.3799474
717,0.05497186,0.3712489,0.1937925,0.3799868
718,0.0549743,0.3711829,0.1937943,0.3800485
719,0.05497864,0.3711343,0.1937685,0.3801186
720,0.05498366,0.3710997,0.1937274,0.3801892
721,0.05397361,0.3810452,0.1914785,0.3735026
722,0.05327679,0.3865145,0.1911318,0.3690769
723,0.0528264,0.389345,0.1914572,0.3663714
724,0.05254509,0.3906869,0.1919554,0.3648126
725,0.0523743,0.3912319,0.1924216,0.3639723
726,0.05227288,0.3913768,0.192793,0.3635574
727,0.05221339,0.3913386,0.1930693,0.3633786
728,0.05217811,0.3912302,0.1932729,0.3633189
729,0.05215602,0.3911052,0.19343,0.3633088
730,0.05214052,0.3909865,0.193563,0.3633099
731,0.05212779,0.3908813,0.1936887,0.3633023
732,0.05211572,0.3907896,0.1938179,0.3632768
733,0.05316865,0.3804879,0.1958034,0.3705401
734,0.0539263,0.374563,0.1959328,0.3755779
735,0.05443254,0.3713285,0.1954756,0.3787634
736,0.05475381,0.3696917,0.194924,0.3806305
737,0.05494664,0.3689536,0.1944827,0.381617
738,0.05505493,0.3686868,0.1942062,0.382052
739,0.05511044,0.368644,0.1940798,0.3821657
740,0.05513494,0.3686915,0.1940629,0.3821107
741,0.05514272,0.3687629,0.1941113,0.381983
742,0.05514288,0.3688293,0.1941862,0.3818416
743,0.05514086,0.3688817,0.1942581,0.3817194
744,0.05513972,0.36892,0.1943072,0.3816331
745,0.05543523,0.3659588,0.1951061,0.3834998
746,0.05565073,0.3642372,0.1953018,0.3848103
747,0.05580247,0.3632773,0.1952166,0.3857037
748,0.05590706,0.3627818,0.195013,0.3862982
749,0.0559792,0.3625562,0.1947664,0.3866982
750,0.05603014,0.3624799,0.194509,0.386981
751,0.05606777,0.3624814,0.1942521,0.3871987
752,0.05609728,0.3625204,0.1939991,0.3873831
753,0.05612195,0.3625756,0.1937502,0.3875523
754,0.0561437,0.3626359,0.1935046,0.3877158
755,0.05616357,0.3626963,0.193263,0.3878771
756,0.05618202,0.3627552,0.1930268,0.388036
757,0.05706219,0.3546401,0.1942519,0.3940459
758,0.05771377,0.3498407,0.1940933,0.3983522
759,0.05816497,0.3471469,0.1934798,0.4012085
760,0.05846602,0.3457407,0.1927785,0.4030147
761,0.05866092,0.3450848,0.1921456,0.4041086
762,0.05878434,0.3448412,0.191627,0.4047475
763,0.05886173,0.3448073,0.1912183,0.4051127
764,0.0589107,0.3448683,0.1908965,0.4053245
765,0.05894284,0.3449631,0.1906362,0.4054578
766,0.05896543,0.3450625,0.1904159,0.4055561
767,0.05898282,0.3451545,0.1902193,0.4056433
768,0.0589975,0.345236,0.1900359,0.4057306
769,0.05783974,0.3564325,0.187743,0.3979848
770,0.05701604,0.3628586,0.187466,0.3926595
771,0.05647895,0.3663073,0.1878478,0.3893659
772,0.05614204,0.3680341,0.1883741,0.3874498
773,0.05593795,0.3688145,0.188835,0.3864125
774,0.05581855,0.3691052,0.1891703,0.385906
775,0.05575113,0.3691624,0.1893847,0.3857018
776,0.05571439,0.3691224,0.1895058,0.3856573
777,0.05569498,0.3690529,0.189564,0.3856881
778,0.0556847,0.3689842,0.1895857,0.3857454
779,0.05567876,0.3689273,0.1895902,0.3858038
780,0.0556745,0.3688838,0.18959,0.3858516
781,0.05379002,0.3864527,0.1867921,0.3729652
782,0.0525187,0.395669,0.1872448,0.3645674
783,0.05172581,0.4001053,0.1885598,0.3596091
784,0.05124278,0.4020058,0.1899434,0.356808
785,0.05095425,0.4026327,0.1911062,0.3553068
786,0.05078465,0.4026688,0.1919878,0.3545588
787,0.05068577,0.4024672,0.19262,0.354227
788,0.05062766,0.4021992,0.1930627,0.3541104
789,0.0505922,0.4019392,0.193375,0.3540936
790,0.05056866,0.4017132,0.1936047,0.3541134
791,0.05055099,0.4015253,0.1937864,0.3541374
792,0.05053588,0.40137,0.1939429,0.3541512
793,0.05166376,0.3903173,0.1959348,0.3620841
794,0.05247597,0.3840513,0.1958316,0.3676412
795,0.05301664,0.3807057,0.1951031,0.3711746
796,0.0533595,0.379072,0.1942863,0.3732823
797,0.05356621,0.3783849,0.1936031,0.3744458
798,0.05368411,0.3781818,0.1931112,0.3750229
799,0.05374712,0.3781986,0.192793,0.3752614
800,0.05377825,0.3782944,0.1926039,0.3753234
801,0.05379234,0.3784015,0.1924971,0.3753091
802,0.05379847,0.3784918,0.1924332,0.3752765
803,0.05380194,0.3785578,0.1923837,0.3752566
804,0.05380559,0.3786012,0.1923298,0.3752635
805,0.05476404,0.3695891,0.1937695,0.3818773
806,0.05546767,0.3643577,0.193581,0.3865936
807,0.05594996,0.3614867,0.1928699,0.3896935
808,0.05626921,0.3600312,0.1920552,0.3916444
809,0.05647478,0.3593817,0.1913162,0.3928274
810,0.05660487,0.3591616,0.190707,0.3935265
811,0.05668698,0.35915,0.1902243,0.3939386
812,0.05673989,0.3592246,0.1898434,0.3941921
813,0.05677565,0.3593229,0.1895365,0.394365
814,0.05680152,0.359417,0.1892819,0.3944996
815,0.0568217,0.3594966,0.1890642,0.3946174
816,0.05683846,0.3595602,0.1888736,0.3947277
817,0.05552798,0.3719583,0.1868192,0.3856946
818,0.05461729,0.378753,0.1870144,0.3796152
819,0.05403836,0.3821855,0.1878254,0.3759507
820,0.05368238,0.3837575,0.1887031,0.373857
821,0.0534701,0.3843544,0.1894407,0.3727349
822,0.05334721,0.3844755,0.1899925,0.3721848
823,0.05327792,0.3843898,0.1903796,0.3719526
824,0.05323943,0.3842337,0.1906442,0.3718826
825,0.05321766,0.3840708,0.1908282,0.3718834
826,0.0532043,0.3839253,0.1909654,0.3719051
827,0.05319458,0.3838032,0.1910803,0.3719218
828,0.0531859,0.3837028,0.1911896,0.3719217
829,0.05465969,0.369497,0.1937059,0.3821374
830,0.05574981,0.3611093,0.193681,0.3894598
831,0.05649766,0.3564056,0.1928588,0.3942379
832,0.05698649,0.3539557,0.1919045,0.3971533
833,0.05729028,0.3528161,0.1911068,0.3987868
834,0.0574685,0.3523905,0.1905524,0.3995886
835,0.05756553,0.3523206,0.1902316,0.3998822
836,0.05761256,0.3524044,0.1900963,0.3998867
837,0.05763054,0.3525363,0.1900902,0.3997431
838,0.05763297,0.3526666,0.1901619,0.3995385
839,0.05762826,0.3527766,0.1902713,0.3993239
840,0.05762136,0.3528626,0.1903891,0.399127
841,0.05747082,0.3542391,0.1903358,0.3979543
842,0.05736324,0.3550429,0.1904619,0.3971318
843,0.05729348,0.3554884,0.1906101,0.396608
844,0.05725146,0.3557245,0.1907264,0.3962977
845,0.05722888,0.3558448,0.1907924,0.3961339
846,0.05721943,0.3559057,0.1908076,0.3960673
847,0.05721853,0.3559393,0.1907793,0.3960628
848,0.05722297,0.355963,0.1907177,0.3960963
849,0.05723053,0.3559851,0.1906328,0.3961515
850,0.05723973,0.3560092,0.1905334,0.3962176
851,0.05724959,0.3560363,0.1904266,0.3962875
852,0.05725943,0.3560663,0.1903183,0.396356
853,0.05471195,0.3802359,0.1860463,0.3790058
854,0.05300114,0.3929636,0.1863063,0.3677289
855,0.05194737,0.3991041,0.1878088,0.3611397
856,0.05131305,0.4017781,0.1894562,0.3574528
857,0.05093896,0.4027171,0.190849,0.3554949
858,0.05072255,0.4028493,0.1918995,0.3545287
859,0.0505991,0.402652,0.1926451,0.3541038
860,0.0505287,0.402357,0.1931608,0.3539535
861,0.05048722,0.4020659,0.1935217,0.3539252
862,0.05046054,0.4018151,0.1937885,0.3539357
863,0.05044062,0.4016112,0.1940056,0.3539426
864,0.05042306,0.4014479,0.1942029,0.3539261
865,0.05428609,0.3634887,0.2016913,0.3805338
866,0.05731377,0.3395359,0.2024669,0.4006834
867,0.05954096,0.3248698,0.2008054,0.4147839
868,0.06109877,0.31634,0.1985421,0.424019
869,0.06213218,0.3117246,0.196542,0.4296012
870,0.06277987,0.3094863,0.1951081,0.4326258
871,0.06316166,0.3085983,0.1942438,0.4339963
872,0.06337301,0.3084083,0.1938137,0.4344049
