EwEVersion,"6.5.13829.0 (compiled 2016-05-17)"
Date,"2016-09-06 16:04:32"
ModelName,Baltic_Proper-SEALS
EcosimScenario,Proper1_SealVuln100_19742100_seal0_cofF03
TimeSeries,new_data_weights_19742100_BAU_WAR1_codF03_seal0
StartYear,1974

Data,"Prey of Pseudocalanus sp."

TimeStep,"Cyanobacteria","Phytoplankton","microzooplankton","Detritus-water column",
1,0.04366293,0.4557546,0.2818175,0.2187648
2,0.0400933,0.4747883,0.2833427,0.2017757
3,0.03816162,0.4799529,0.2887888,0.1930968
4,0.03708254,0.4799942,0.2942973,0.1886259
5,0.03647449,0.4783787,0.2987402,0.1864066
6,0.03613124,0.4764783,0.3019903,0.1854002
7,0.0359361,0.474777,0.3042554,0.1850316
8,0.03582186,0.4733877,0.3058116,0.1849787
9,0.03574984,0.4722825,0.306905,0.1850627
10,0.03569806,0.4713918,0.3077239,0.1851862
11,0.0356543,0.4706464,0.3084007,0.1852987
12,0.03561193,0.4699903,0.3090229,0.185375
13,0.03617778,0.4636158,0.3116299,0.1885765
14,0.03655842,0.4606593,0.3120425,0.1907397
15,0.03677773,0.4593259,0.3119141,0.1919824
16,0.03688683,0.4587188,0.311784,0.1926104
17,0.03692296,0.4583818,0.3118586,0.1928367
18,0.0369129,0.4581037,0.3121724,0.1928111
19,0.03687528,0.4578027,0.3126848,0.1926372
20,0.03682293,0.4574618,0.313329,0.1923863
21,0.03676483,0.4570924,0.3140332,0.1921095
22,0.03670746,0.4567172,0.3147301,0.1918453
23,0.03665565,0.4563604,0.3153605,0.1916234
24,0.03661297,0.4560439,0.3158765,0.1914666
25,0.0331501,0.4876059,0.3057854,0.1734587
26,0.0311473,0.4966094,0.3089246,0.1633187
27,0.0300859,0.4979153,0.3136111,0.1583877
28,0.02950414,0.4967392,0.3177379,0.1560188
29,0.02919316,0.4950518,0.3206866,0.1550684
30,0.02903376,0.4935321,0.322546,0.1548883
31,0.02895668,0.4923404,0.3235983,0.1551045
32,0.02892209,0.4914492,0.3241238,0.155505
33,0.02890749,0.4907782,0.3243417,0.1559726
34,0.02890019,0.4902472,0.3244103,0.1564424
35,0.02889356,0.489793,0.3244314,0.1568819
36,0.02888434,0.4893726,0.3244662,0.1572768
37,0.02955887,0.4812846,0.3278544,0.1613022
38,0.03001414,0.4778103,0.3281161,0.1640595
39,0.03029162,0.4764453,0.3274859,0.1657773
40,0.03044759,0.4759791,0.3267741,0.1667992
41,0.03052419,0.4758197,0.3262832,0.1673729
42,0.03055126,0.4757065,0.3260723,0.1676698
43,0.03054884,0.4755455,0.326102,0.1678037
44,0.03052986,0.475318,0.3263055,0.1678467
45,0.03050243,0.4750355,0.326618,0.167844
46,0.03047219,0.4747207,0.326979,0.167828
47,0.0304427,0.4743961,0.3273412,0.16782
48,0.03041627,0.4740805,0.3276694,0.1678339
49,0.03112202,0.4656734,0.3313853,0.1718192
50,0.03161122,0.4620529,0.3317747,0.1745611
51,0.0319217,0.4607027,0.3311035,0.1762721
52,0.03211289,0.4603889,0.330176,0.1773222
53,0.03222897,0.4604934,0.3293034,0.1779742
54,0.03230109,0.4607324,0.3285587,0.1784078
55,0.0323495,0.4609911,0.327923,0.1787364
56,0.03238653,0.461233,0.3273543,0.1790261
57,0.03241906,0.4614532,0.3268161,0.1793116
58,0.03244996,0.4616547,0.3262921,0.1796034
59,0.03248022,0.4618403,0.3257777,0.1799018
60,0.03250977,0.4620113,0.325277,0.1802018
61,0.03279651,0.4583774,0.3270486,0.1817774
62,0.0329813,0.4566708,0.3275991,0.1827488
63,0.03311393,0.4559421,0.3274815,0.1834624
64,0.03320458,0.4556984,0.3271341,0.1839629
65,0.03326678,0.4556791,0.3267309,0.1843233
66,0.03331061,0.4557526,0.3263398,0.1845971
67,0.0333429,0.4558569,0.3259811,0.1848191
68,0.03336789,0.455964,0.3256585,0.1850096
69,0.03338807,0.4560619,0.3253711,0.185179
70,0.03340508,0.4561472,0.3251136,0.1853342
71,0.03341977,0.4562194,0.3248827,0.1854781
72,0.03343256,0.4562791,0.3246769,0.1856114
73,0.03145631,0.476575,0.3172291,0.1747396
74,0.03024613,0.4832559,0.318229,0.168269
75,0.0295532,0.4847052,0.320933,0.1648086
76,0.02915549,0.4842364,0.3235898,0.1630183
77,0.02892856,0.4832236,0.3256813,0.1621666
78,0.02879884,0.4821925,0.3271807,0.1618279
79,0.02872261,0.4813037,0.3282202,0.1617535
80,0.02867417,0.4805715,0.3289544,0.1617998
81,0.02863875,0.479962,0.3295127,0.1618865
82,0.02860807,0.4794324,0.3299897,0.16197
83,0.02857767,0.4789471,0.330447,0.1620281
84,0.02854539,0.4784811,0.3309222,0.1620512
85,0.02860034,0.4783809,0.3303103,0.1627084
86,0.02864648,0.4784861,0.3295572,0.1633102
87,0.02865083,0.4785344,0.3292269,0.1635879
88,0.0286345,0.4784752,0.329192,0.1636983
89,0.028605,0.4783058,0.3293932,0.163696
90,0.02856615,0.4780417,0.3297829,0.1636092
91,0.02852024,0.4777029,0.3303211,0.1634558
92,0.02846891,0.4773081,0.3309737,0.1632493
93,0.02841358,0.4768747,0.3317096,0.1630021
94,0.02835585,0.4764191,0.3324978,0.1627274
95,0.0282976,0.4759564,0.333305,0.1624411
96,0.02824105,0.4755028,0.3340945,0.1621615
97,0.02775283,0.4804463,0.3323175,0.1594833
98,0.02743677,0.4821348,0.3325769,0.1578515
99,0.02723672,0.4824592,0.3333916,0.1569125
100,0.02711729,0.4822812,0.3341454,0.1564561
101,0.02705215,0.4819891,0.3346333,0.1563255
102,0.02702351,0.4817384,0.3348223,0.1564157
103,0.02701935,0.4815749,0.3347504,0.1566554
104,0.02703137,0.4814954,0.334479,0.1569942
105,0.02705368,0.4814784,0.3340726,0.1573953
106,0.02708176,0.4814977,0.3335923,0.1578284
107,0.02711206,0.4815294,0.3330894,0.1582691
108,0.0271419,0.4815552,0.3326046,0.1586984
109,0.02802958,0.4717748,0.3360826,0.164113
110,0.02866479,0.4678608,0.3355022,0.1679722
111,0.02907423,0.4666476,0.3338796,0.1703987
112,0.02932973,0.4665942,0.3321984,0.1718776
113,0.02948329,0.4669358,0.3308393,0.1727416
114,0.02957215,0.4673304,0.3298746,0.1732228
115,0.02962137,0.4676506,0.3292538,0.1734743
116,0.02964705,0.4678677,0.3288927,0.1735924
117,0.02965911,0.4679938,0.3287114,0.1736358
118,0.0296634,0.4680509,0.3286479,0.1736378
119,0.02966344,0.4680609,0.3286573,0.1736185
120,0.02966129,0.4680413,0.3287082,0.1735892
121,0.02934244,0.4711924,0.3277817,0.1716834
122,0.02912392,0.4722255,0.3282636,0.1703869
123,0.02899351,0.4723899,0.3289608,0.1696558
124,0.02891519,0.4722258,0.3296125,0.1692465
125,0.02886892,0.4719749,0.330125,0.1690312
126,0.02884188,0.4717343,0.3304938,0.1689299
127,0.02882604,0.4715347,0.330746,0.1688932
128,0.02881651,0.4713781,0.3309138,0.1688915
129,0.02881043,0.4712569,0.3310248,0.1689079
130,0.02880617,0.4711621,0.3310989,0.1689329
131,0.02880281,0.4710858,0.3311502,0.1689613
132,0.02879984,0.4710221,0.3311877,0.1689904
133,0.03107048,0.4410916,0.3461326,0.1817054
134,0.03271073,0.4257895,0.3511922,0.1903076
135,0.03385416,0.4186106,0.3516169,0.1959184
136,0.03458286,0.4156741,0.35064,0.199103
137,0.03501634,0.4147824,0.3495574,0.2006439
138,0.03526049,0.4147786,0.3487591,0.2012018
139,0.0353962,0.4151172,0.3482248,0.2012618
140,0.03547912,0.4155788,0.3477961,0.201146
141,0.03554447,0.4160982,0.3473088,0.2010486
142,0.03561351,0.4166721,0.3466335,0.201081
143,0.03569745,0.4173139,0.3456933,0.2012953
144,0.03580117,0.4180361,0.3444554,0.2017074
145,0.03271698,0.4543293,0.3283747,0.1845791
146,0.03100077,0.467705,0.3257764,0.1755178
147,0.03009409,0.4724934,0.3262419,0.1711706
148,0.02961607,0.4739084,0.3272547,0.1692209
149,0.02936777,0.4740688,0.3280831,0.1684803
150,0.02924176,0.473835,0.3285974,0.1683259
151,0.02917946,0.4735296,0.3288573,0.1684336
152,0.02914914,0.473252,0.3289593,0.1686395
153,0.02913379,0.4730157,0.3289869,0.1688636
154,0.0291243,0.4728071,0.3290001,0.1690685
155,0.0291159,0.472608,0.3290382,0.1692379
156,0.02910605,0.4724034,0.3291252,0.1693654
157,0.03451302,0.4078953,0.3573082,0.2002835
158,0.03940519,0.3681998,0.3649669,0.2274281
159,0.04341533,0.3445506,0.3634385,0.2485955
160,0.04645224,0.331389,0.3585302,0.2636285
161,0.04857721,0.3247693,0.3534334,0.2732201
162,0.0499473,0.3219716,0.3495553,0.2785259
163,0.05075501,0.3212138,0.3472255,0.2808057
164,0.05118358,0.3214235,0.346209,0.281184
165,0.05138333,0.3220295,0.3460464,0.2805408
166,0.05146574,0.3227775,0.3462543,0.2795024
167,0.05150741,0.3235856,0.3464257,0.2784813
168,0.05155673,0.3244479,0.346272,0.2777234
169,0.04741256,0.3671897,0.3303617,0.255036
170,0.0448836,0.387352,0.3259172,0.2418472
171,0.04380365,0.397351,0.3216012,0.237244
172,0.043328,0.4030481,0.3177063,0.2359176
173,0.0431107,0.4064235,0.3147432,0.2357226
174,0.04302894,0.4085378,0.312447,0.2359862
175,0.04301205,0.4099293,0.3107076,0.236351
176,0.04302216,0.4108849,0.3094378,0.2366552
177,0.0430408,0.4115645,0.3085485,0.2368463
178,0.04306005,0.4120606,0.3079549,0.2369245
179,0.04307682,0.4124299,0.3075854,0.2369078
180,0.04309006,0.4127096,0.3073845,0.2368159
181,0.04183706,0.4259411,0.3022794,0.2299425
182,0.04099062,0.4319857,0.3016572,0.2253664
183,0.04045369,0.4344973,0.302544,0.2225051
184,0.04011884,0.4353145,0.3038374,0.2207292
185,0.03991141,0.4353798,0.3050963,0.2196124
186,0.03978157,0.435155,0.3061861,0.2188773
187,0.03969697,0.4348505,0.3071045,0.218348
188,0.03963698,0.4345508,0.3078965,0.2179157
189,0.03958869,0.4342804,0.3086169,0.2175139
190,0.03954432,0.434038,0.3093135,0.2171041
191,0.03949916,0.4338132,0.3100235,0.2166641
192,0.03945049,0.4335945,0.3107736,0.2161814
193,0.03867259,0.4411125,0.3083947,0.2118202
194,0.03813435,0.4442956,0.3087534,0.2088166
195,0.03777187,0.4453981,0.3100501,0.2067799
196,0.03752746,0.4455318,0.3115637,0.205377
197,0.03735952,0.4452654,0.3130017,0.2043734
198,0.03724027,0.4448748,0.3142667,0.2036182
199,0.0371521,0.4444852,0.3153432,0.2030194
200,0.0370844,0.4441468,0.3162438,0.202525
201,0.03703117,0.4438751,0.3169856,0.2021081
202,0.03698945,0.4436715,0.3175805,0.2017585
203,0.03695796,0.4435328,0.3180351,0.2014741
204,0.03693619,0.4434542,0.3183537,0.2012559
205,0.04006742,0.4107693,0.3312741,0.2178892
206,0.04255964,0.393156,0.3335781,0.2307062
207,0.04437167,0.3842962,0.3317804,0.2395517
208,0.04561313,0.3804749,0.3286995,0.2452125
209,0.04642287,0.379357,0.3256496,0.2485707
210,0.04693521,0.3795548,0.3230833,0.2504267
211,0.04726019,0.3803058,0.3210269,0.2514071
212,0.04747829,0.3812321,0.3193382,0.2519515
213,0.04764275,0.3821719,0.3178485,0.2523368
214,0.04778305,0.3830702,0.3164469,0.2526999
215,0.04791375,0.3839152,0.3150764,0.2530946
216,0.0480399,0.3847083,0.3137277,0.2535241
217,0.04411148,0.4237679,0.2991667,0.232954
218,0.0416986,0.4400159,0.2975595,0.2207259
219,0.04031653,0.4461746,0.2994606,0.2140482
220,0.03952727,0.4479823,0.3020268,0.2104637
221,0.03908259,0.4480376,0.3042704,0.2086094
222,0.03883742,0.4475022,0.3059518,0.2077085
223,0.03870597,0.4468655,0.3071126,0.2073159
224,0.03863757,0.4463053,0.3078786,0.2071785
225,0.03860256,0.4458628,0.3083797,0.2071549
226,0.0385838,0.4455253,0.3087228,0.2071682
227,0.03857166,0.4452643,0.308986,0.207178
228,0.03856084,0.4450514,0.309223,0.2071648
229,0.03914348,0.4379893,0.3127536,0.2101137
230,0.03953565,0.4344403,0.3140613,0.2119627
231,0.03978937,0.4327106,0.3144366,0.2130634
232,0.03993937,0.4319071,0.3145404,0.2136131
233,0.04001762,0.4315354,0.3146558,0.2137913
234,0.04004898,0.4313389,0.3148776,0.2137345
235,0.04005135,0.4311963,0.3152131,0.2135392
236,0.04003706,0.4310592,0.3156326,0.2132712
237,0.04001449,0.4309154,0.3160953,0.2129747
238,0.03998928,0.4307703,0.3165602,0.2126802
239,0.03996528,0.430635,0.3169911,0.2124087
240,0.039945,0.4305219,0.3173586,0.2121744
241,0.03850862,0.4429264,0.3142269,0.2043381
242,0.03754119,0.4475258,0.315819,0.199114
243,0.03697465,0.4487921,0.3180361,0.1961971
244,0.03664685,0.448749,0.3199922,0.1946119
245,0.0364649,0.4483047,0.3214069,0.1938235
246,0.03637029,0.4478371,0.3222913,0.1935014
247,0.0363262,0.4474752,0.3227581,0.1934406
248,0.03630983,0.4472384,0.3229361,0.1935156
249,0.03630745,0.4471045,0.3229363,0.1936518
250,0.03631141,0.4470422,0.3228375,0.193809
251,0.03631749,0.4470234,0.3226933,0.1939659
252,0.03632355,0.4470268,0.3225375,0.1941122
253,0.0359414,0.4534702,0.3180392,0.1925491
254,0.03571264,0.4567751,0.3156881,0.1918242
255,0.03554628,0.4584182,0.3147161,0.1913194
256,0.03543652,0.4591694,0.3143443,0.1910498
257,0.03536581,0.45946,0.3142384,0.1909359
258,0.03531984,0.4595198,0.3142499,0.1909105
259,0.03528865,0.4594663,0.3143166,0.1909284
260,0.03526567,0.4593575,0.3144159,0.190961
261,0.03524686,0.45922,0.3145411,0.190992
262,0.03522978,0.4590663,0.3146911,0.1910128
263,0.03521309,0.4589016,0.3148655,0.1910198
264,0.03519612,0.4587286,0.3150631,0.1910122
265,0.03802617,0.4263578,0.3298459,0.2057701
266,0.04015591,0.4089649,0.3345667,0.2163125
267,0.04166771,0.4001484,0.3348154,0.2233685
268,0.04265537,0.3961096,0.3336691,0.2275659
269,0.04325286,0.3945394,0.3324803,0.2297274
270,0.04358786,0.3941244,0.3316911,0.2305967
271,0.0437642,0.3941875,0.331292,0.2307563
272,0.04385845,0.3944283,0.33109,0.2306232
273,0.04392269,0.394747,0.330858,0.2304723
274,0.04398837,0.3951325,0.3304178,0.2304614
275,0.04407195,0.3956012,0.3296632,0.2306636
276,0.04417855,0.3961665,0.3285669,0.231088
277,0.04526386,0.3887025,0.3292115,0.2368221
278,0.04615586,0.3854971,0.3268011,0.241546
279,0.0468082,0.3845591,0.3237089,0.2449238
280,0.04727481,0.3847891,0.320657,0.2472791
281,0.04760431,0.3855431,0.3179626,0.24889
282,0.04783653,0.386466,0.3157191,0.2499784
283,0.04800155,0.3873782,0.313912,0.2507082
284,0.04812082,0.3882004,0.3124843,0.2511945
285,0.04820888,0.3889072,0.3113699,0.251514
286,0.04827553,0.3894999,0.3105066,0.2517179
287,0.04832716,0.3899916,0.3098418,0.2518395
288,0.0483679,0.390398,0.3093338,0.2519003
289,0.04459705,0.4266526,0.2962407,0.2325097
290,0.04225155,0.4417097,0.2951977,0.220841
291,0.04087997,0.4473002,0.2974918,0.2143281
292,0.04007688,0.4487852,0.3004036,0.2107344
293,0.03960877,0.4486201,0.3029713,0.2087999
294,0.03933763,0.447908,0.3049562,0.2077982
295,0.03918079,0.4471134,0.3063997,0.207306
296,0.03908853,0.4464041,0.3074302,0.2070772
297,0.03903126,0.4458164,0.3081815,0.2069708
298,0.03899179,0.4453361,0.3087633,0.2069089
299,0.03896025,0.4449336,0.3092562,0.2068499
300,0.0389312,0.4445806,0.3097153,0.2067729
301,0.03574353,0.4755996,0.2984748,0.1901821
302,0.03385547,0.4861015,0.2993512,0.1806918
303,0.03276691,0.4886355,0.3030695,0.1755281
304,0.03212961,0.4881411,0.306988,0.1727413
305,0.03175275,0.4866952,0.3102668,0.1712853
306,0.03152632,0.4851279,0.3127777,0.1705681
307,0.03138568,0.4837234,0.3146418,0.1702491
308,0.0312929,0.4825386,0.3160352,0.1701333
309,0.03122607,0.4815464,0.3171161,0.1701115
310,0.03117247,0.4806975,0.3180072,0.1701227
311,0.03112524,0.4799465,0.3187918,0.1701364
312,0.03108088,0.479259,0.3195207,0.1701394
313,0.03517626,0.433058,0.3394478,0.192318
314,0.03858582,0.4074194,0.3437216,0.2102733
315,0.04113782,0.3940955,0.3417163,0.2230503
316,0.042898,0.388014,0.3378111,0.2312769
317,0.04401465,0.3858339,0.3341894,0.2359621
318,0.04466307,0.3855055,0.3316438,0.2381877
319,0.04500402,0.3858957,0.3302059,0.2388943
320,0.04516532,0.3864704,0.3295608,0.2388034
321,0.04523972,0.3870453,0.3292903,0.2384247
322,0.04528743,0.3876071,0.3290291,0.2380764
323,0.04534405,0.3882025,0.3285165,0.2379369
324,0.04542675,0.3888798,0.3276141,0.2380793
325,0.04516664,0.3937317,0.3244513,0.2366503
326,0.04505469,0.3967523,0.3220412,0.2361517
327,0.04503655,0.3988081,0.3199577,0.2361978
328,0.04508005,0.4003366,0.3179978,0.2365856
329,0.04515633,0.4015617,0.316147,0.2371349
330,0.04524497,0.4025898,0.314445,0.2377201
331,0.04533326,0.4034683,0.312933,0.2382655
332,0.04541407,0.4042186,0.3116361,0.2387311
333,0.04548412,0.4048532,0.3105613,0.2391014
334,0.04554318,0.4053828,0.3096937,0.2393804
335,0.04559207,0.405819,0.3090107,0.2395782
336,0.04563198,0.4061745,0.3084871,0.2397064
337,0.0459609,0.4035165,0.309237,0.2412857
338,0.04619678,0.4022458,0.3092294,0.2423281
339,0.04635708,0.4017085,0.3089809,0.2429535
340,0.0464615,0.4015469,0.3087127,0.2432789
341,0.04652621,0.4015585,0.3085193,0.2433961
342,0.04656328,0.4016334,0.3084325,0.2433707
343,0.04658116,0.4017162,0.3084555,0.2432472
344,0.04658562,0.4017812,0.3085783,0.2430549
345,0.04658061,0.4018187,0.3087873,0.2428134
346,0.04656848,0.4018269,0.3090706,0.242534
347,0.04655103,0.4018074,0.3094165,0.2422251
348,0.04652962,0.4017635,0.309813,0.2418939
349,0.03966767,0.4620009,0.2922543,0.2060771
350,0.03593946,0.4795533,0.2974092,0.187098
351,0.03400085,0.4829307,0.3053493,0.1777192
352,0.03294146,0.4817232,0.3123963,0.172939
353,0.03235464,0.4793717,0.3177047,0.170569
354,0.03202825,0.4770916,0.3213969,0.1694833
355,0.03184454,0.4752238,0.3238654,0.1690661
356,0.0317369,0.4737795,0.325508,0.1689756
357,0.03166782,0.4726656,0.326642,0.1690245
358,0.03161652,0.4717762,0.3274941,0.1691133
359,0.03157191,0.4710232,0.3282129,0.1691919
360,0.03152838,0.4703444,0.328889,0.1692382
361,0.03506243,0.4325477,0.3440292,0.1883607
362,0.03797052,0.4127111,0.3454966,0.2038217
363,0.04006937,0.4031067,0.3423738,0.2144501
364,0.041469,0.399244,0.3381981,0.2210889
365,0.04232651,0.3982599,0.3346618,0.2247518
366,0.0428027,0.3984852,0.3323075,0.2264046
367,0.04303426,0.3990566,0.3310747,0.2268344
368,0.04312424,0.3996066,0.3306529,0.2266163
369,0.04314444,0.4000388,0.3306751,0.2261417
370,0.04314298,0.4003852,0.3308029,0.2256689
371,0.04314983,0.40072,0.3307752,0.225355
372,0.04318153,0.4011144,0.330422,0.2252821
373,0.04371608,0.3967671,0.33166,0.2278568
374,0.04414272,0.3949625,0.3309908,0.229904
375,0.04448206,0.3945499,0.329419,0.231549
376,0.044758,0.3949002,0.327423,0.2329188
377,0.04498822,0.3956424,0.3252725,0.2340969
378,0.04518376,0.3965582,0.3231314,0.2351266
379,0.04535101,0.3975193,0.3211046,0.2360252
380,0.04549384,0.3984508,0.3192564,0.2367991
381,0.04561495,0.3993108,0.3176222,0.237452
382,0.0457164,0.4000784,0.3162174,0.2379877
383,0.04580044,0.4007459,0.3150394,0.2384143
384,0.04586939,0.4013147,0.3140728,0.2387432
385,0.04603091,0.4010529,0.3133454,0.2395709
386,0.04615593,0.4011283,0.3125355,0.2401803
387,0.0462436,0.4013456,0.3118483,0.2405626
388,0.0463039,0.4016003,0.3113155,0.2407803
389,0.0463442,0.4018411,0.3109365,0.2408782
390,0.04636962,0.4020457,0.3106981,0.2408865
391,0.04638351,0.4022069,0.3105851,0.2408245
392,0.04638791,0.4023242,0.3105849,0.2407031
393,0.046384,0.4023992,0.3106885,0.2405283
394,0.04637284,0.4024353,0.3108859,0.240306
395,0.04635518,0.4024356,0.3111687,0.2400405
396,0.04633162,0.4024037,0.3115295,0.2397352
397,0.04746506,0.393833,0.3129885,0.2457135
398,0.04834075,0.3897844,0.3116193,0.2502555
399,0.04890494,0.3881696,0.3099502,0.2529753
400,0.04925,0.3877815,0.3085032,0.2544653
401,0.0494459,0.3879367,0.3074712,0.2551463
402,0.04954509,0.3882739,0.30686,0.255321
403,0.04958507,0.3886219,0.3065931,0.2551999
404,0.0495916,0.3889157,0.3065689,0.2549239
405,0.04958175,0.389144,0.3066889,0.2545853
406,0.04956628,0.3893199,0.306873,0.2542409
407,0.04955179,0.3894638,0.3070592,0.2539252
408,0.04954213,0.3895956,0.3072042,0.2536581
409,0.04449135,0.4349923,0.2926165,0.2279
410,0.04149069,0.452163,0.2932648,0.2130815
411,0.03982203,0.4577651,0.2971499,0.205263
412,0.0388811,0.4587837,0.3011773,0.2011579
413,0.03835315,0.4581554,0.3044005,0.199091
414,0.03806038,0.4571032,0.3067033,0.1981332
415,0.03789939,0.4560924,0.3082517,0.1977565
416,0.03780973,0.4552587,0.3092705,0.1976612
417,0.03775636,0.4546048,0.3099586,0.1976802
418,0.03771939,0.4540902,0.3104665,0.1977239
419,0.03768785,0.453668,0.3108975,0.1977467
420,0.03765596,0.4532994,0.311317,0.1977276
421,0.03785306,0.4502824,0.3130586,0.1988059
422,0.03796555,0.4486755,0.3139741,0.1993849
423,0.0380214,0.4477741,0.3145533,0.1996512
424,0.03803432,0.4472177,0.3150674,0.1996806
425,0.03801835,0.4468158,0.3156124,0.1995534
426,0.03798461,0.4464773,0.3162055,0.1993325
427,0.0379414,0.4461651,0.3168277,0.1990657
428,0.03789493,0.4458701,0.3174461,0.198789
429,0.03784996,0.4455965,0.318023,0.1985305
430,0.03781023,0.4453542,0.3185218,0.1983137
431,0.03777854,0.4451541,0.3189108,0.1981565
432,0.03775686,0.4450055,0.3191661,0.1980715
433,0.04057436,0.4141165,0.3330341,0.212275
434,0.0426816,0.3973567,0.337625,0.2223367
435,0.04419466,0.3887519,0.3378523,0.2292012
436,0.04519836,0.3847577,0.3366373,0.2334066
437,0.04583206,0.3832197,0.3351654,0.2357828
438,0.04622674,0.3829071,0.3337961,0.23707
439,0.0464868,0.3831776,0.332501,0.2378345
440,0.04668647,0.3837337,0.3311155,0.2384642
441,0.04687199,0.384457,0.3294834,0.2391876
442,0.04706435,0.3853022,0.3275451,0.2400883
443,0.04726739,0.3862414,0.3253379,0.2411532
444,0.04747428,0.3872402,0.3229761,0.2423095
445,0.04758507,0.3863579,0.3234779,0.2425791
446,0.04761199,0.3857923,0.3242428,0.2423529
447,0.0476497,0.3854159,0.3246696,0.2422648
448,0.04769032,0.3851783,0.3248867,0.2422447
449,0.04773257,0.3850406,0.3249542,0.2422726
450,0.04777563,0.3849752,0.3249145,0.2423346
451,0.04781866,0.3849616,0.3248005,0.2424192
452,0.04786072,0.3849848,0.3246393,0.2425151
453,0.04790087,0.3850324,0.3244539,0.2426128
454,0.0479387,0.3850953,0.324259,0.2427071
455,0.04797392,0.3851668,0.3240655,0.2427938
456,0.0480063,0.3852419,0.3238818,0.24287
457,0.04784236,0.3917261,0.3176836,0.2427479
458,0.04792979,0.3962588,0.3116715,0.24414
459,0.04796166,0.3994085,0.3076614,0.2449685
460,0.04795935,0.4015754,0.305062,0.2454033
461,0.04793946,0.4030252,0.3034475,0.2455878
462,0.0479118,0.4039599,0.3025115,0.2456169
463,0.04788069,0.4045321,0.3020434,0.2455437
464,0.04784719,0.4048529,0.301905,0.2453949
465,0.04781073,0.405,0.3020078,0.2451814
466,0.04777024,0.4050261,0.3022963,0.2449073
467,0.04772455,0.4049656,0.3027365,0.2445733
468,0.0476721,0.4048377,0.3033151,0.244175
469,0.04228053,0.4517843,0.28934,0.2165953
470,0.0391448,0.4676697,0.2921988,0.2009867
471,0.03741449,0.4717122,0.2980982,0.1927751
472,0.03642897,0.4714009,0.3037968,0.1883733
473,0.03585993,0.4697295,0.3083722,0.1860384
474,0.03552737,0.4678753,0.3117634,0.1848338
475,0.03532817,0.466243,0.3141949,0.184234
476,0.03520246,0.4649154,0.3159408,0.1839414
477,0.03511583,0.4638571,0.3172362,0.1837909
478,0.03504876,0.4630002,0.3182582,0.1836928
479,0.03499092,0.4622817,0.3191233,0.1836041
480,0.03493725,0.4616548,0.3199004,0.1835075
481,0.0402539,0.4079546,0.3403651,0.2114263
482,0.04495007,0.375955,0.343516,0.2355789
483,0.04863458,0.3576103,0.3401102,0.253645
484,0.0513161,0.3480261,0.3346186,0.2660393
485,0.05311462,0.3437338,0.3294775,0.2736741
486,0.05421933,0.3423749,0.3256641,0.2777416
487,0.0548356,0.3424478,0.3232778,0.2794389
488,0.05514913,0.3430931,0.3219588,0.279799
489,0.05530938,0.3438965,0.3211666,0.2796276
490,0.05542233,0.3447151,0.3203865,0.2794761
491,0.0555543,0.3455419,0.3192298,0.2796741
492,0.05573675,0.3464164,0.3174913,0.2803556
493,0.05680894,0.3396843,0.3179221,0.2855847
494,0.05773746,0.3362641,0.315848,0.2901504
495,0.05850649,0.334857,0.3126668,0.2939697
496,0.05912592,0.3346547,0.309154,0.2970653
497,0.05961409,0.3351194,0.3057585,0.2995081
498,0.05999159,0.3359016,0.302723,0.3013838
499,0.06027884,0.3367836,0.3001531,0.3027844
500,0.06049436,0.3376393,0.2980682,0.3037982
501,0.06065426,0.3384038,0.2964364,0.3045056
502,0.06077274,0.3390516,0.2951932,0.3049825
503,0.06086096,0.3395816,0.2942674,0.30529
504,0.06092737,0.3400061,0.2935916,0.305475
505,0.05823206,0.36317,0.2866901,0.2919078
506,0.05628952,0.3751577,0.2862114,0.2823413
507,0.05505477,0.380779,0.2877006,0.2764657
508,0.05429473,0.3831157,0.2895965,0.2729931
509,0.05383955,0.3838571,0.2912942,0.2710091
510,0.05357427,0.3838899,0.2926245,0.2699113
511,0.05342378,0.3836583,0.2935995,0.2693185
512,0.05334026,0.3833694,0.2942933,0.268997
513,0.05329401,0.3831085,0.2947892,0.2688083
514,0.05326698,0.3829009,0.2951596,0.2686725
515,0.0532486,0.3827458,0.2954592,0.2685463
516,0.05323299,0.3826328,0.2957257,0.2684085
517,0.05647815,0.3541377,0.3049328,0.2844515
518,0.05910873,0.3369851,0.3068777,0.2970285
519,0.06106784,0.326925,0.3060516,0.3059556
520,0.06244366,0.3213429,0.304377,0.3118365
521,0.06335301,0.3184831,0.3027873,0.3153765
522,0.06391666,0.3171912,0.3016341,0.3172581
523,0.0642428,0.3167402,0.3009521,0.3180648
524,0.06441909,0.3167015,0.3006271,0.3182524
525,0.06451107,0.3168428,0.3004965,0.3181497
526,0.06456427,0.3170533,0.3004062,0.3179762
527,0.0646078,0.3172897,0.3002381,0.3178645
528,0.06465814,0.317542,0.2999184,0.3178816
529,0.06636583,0.3047251,0.3027804,0.3261287
530,0.06780756,0.2967872,0.3024379,0.3329674
531,0.06891529,0.2920821,0.3009348,0.3380679
532,0.06973848,0.2894669,0.2990548,0.3417398
533,0.07033508,0.2881618,0.2971905,0.3443126
534,0.07076126,0.2876438,0.2955059,0.346089
535,0.07106505,0.2875725,0.2940455,0.347317
536,0.07128409,0.2877351,0.2927983,0.3481826
537,0.07144589,0.2880045,0.2917337,0.348816
538,0.07156951,0.2883092,0.2908191,0.3493021
539,0.07166749,0.2886116,0.2900271,0.3496939
540,0.0717478,0.2888941,0.2893365,0.3500215
541,0.06646724,0.3305253,0.2788387,0.3241687
542,0.06254779,0.3531225,0.2789235,0.3054063
543,0.06013287,0.3636585,0.2818837,0.2943249
544,0.0586919,0.3681336,0.2850869,0.2880877
545,0.05785152,0.3697218,0.2876942,0.2847325
546,0.05737282,0.3700259,0.2895723,0.283029
547,0.05710717,0.3698283,0.2908308,0.2822338
548,0.05696351,0.3694902,0.2916372,0.2819091
549,0.05688692,0.3691618,0.2921469,0.2818045
550,0.05684505,0.368891,0.2924815,0.2817825
551,0.05681937,0.3686814,0.2927274,0.2817717
552,0.05679965,0.3685203,0.2929418,0.2817383
553,0.05846452,0.3553711,0.2959929,0.2901715
554,0.05978764,0.3478978,0.2955942,0.2967203
555,0.06072183,0.3438918,0.2942447,0.3011417
556,0.061344,0.3419441,0.292796,0.3039159
557,0.06173258,0.3411454,0.2916236,0.3054985
558,0.06195648,0.3409332,0.2908391,0.3062712
559,0.06207053,0.3409802,0.2904232,0.306526
560,0.06211528,0.3411102,0.290303,0.3064715
561,0.06211901,0.3412397,0.2903928,0.3062484
562,0.06210066,0.3413371,0.2906143,0.3059479
563,0.0620724,0.3413977,0.2909035,0.3056264
564,0.06204179,0.341429,0.2912117,0.3053175
565,0.05977188,0.3599877,0.2860963,0.2941442
566,0.0581248,0.3698236,0.2857862,0.2862654
567,0.05705634,0.3746069,0.2869823,0.2813545
568,0.05638952,0.3767123,0.2884508,0.2784474
569,0.055988,0.3774829,0.2897088,0.2768203
570,0.05575539,0.3776419,0.2906283,0.2759742
571,0.05562671,0.3775598,0.2912311,0.2755824
572,0.05555963,0.3774124,0.2915886,0.2754394
573,0.05552748,0.377274,0.2917776,0.2754209
574,0.05551396,0.3771684,0.2918624,0.2754553
575,0.05550944,0.3770964,0.2918907,0.2755034
576,0.05550849,0.3770508,0.291895,0.2755456
577,0.05657925,0.3684207,0.2940778,0.2809222
578,0.05741331,0.3637056,0.2938579,0.2850232
579,0.05799295,0.3613115,0.2929371,0.2877584
580,0.05837595,0.3602469,0.2919036,0.2894736
581,0.05861622,0.3598944,0.2910165,0.2904728
582,0.05875866,0.3598867,0.2903553,0.2909994
583,0.05883751,0.3600188,0.2899114,0.2912323
584,0.05887719,0.3601854,0.2896422,0.2912952
585,0.05889414,0.3603397,0.2894977,0.2912685
586,0.05889896,0.3604654,0.2894341,0.2912015
587,0.05889814,0.3605619,0.289417,0.2911229
588,0.0588954,0.3606344,0.2894219,0.2910483
589,0.05811511,0.366771,0.2880099,0.2871039
590,0.05754089,0.3700221,0.2881565,0.2842806
591,0.05716247,0.3716128,0.2887309,0.2824937
592,0.05692378,0.3723082,0.2893458,0.2814223
593,0.05677963,0.3725519,0.2898507,0.2808178
594,0.05669661,0.372589,0.2902122,0.2805022
595,0.05665142,0.3725466,0.2904465,0.2803555
596,0.05662857,0.3724853,0.2905857,0.2803005
597,0.05661821,0.37243,0.2906612,0.2802905
598,0.05661419,0.3723882,0.2907001,0.2802975
599,0.05661285,0.3723589,0.2907222,0.280306
600,0.05661217,0.3723388,0.2907405,0.2803085
601,0.05459509,0.3892165,0.2857718,0.2704166
602,0.05317474,0.3974952,0.2856891,0.263641
603,0.05227022,0.4011484,0.2870718,0.2595096
604,0.0517104,0.4024719,0.2887252,0.2570926
605,0.05137207,0.4027034,0.2901863,0.2557383
606,0.05117147,0.4024808,0.2913326,0.255015
607,0.05105363,0.4021142,0.2921842,0.2546479
608,0.05098346,0.4017405,0.2928088,0.2544673
609,0.05093911,0.4014093,0.2932796,0.254372
610,0.0509076,0.4011299,0.2936575,0.254305
611,0.05088134,0.4008952,0.2939875,0.2542359
612,0.05085621,0.4006937,0.2943004,0.2541497
613,0.05327586,0.3791289,0.3015141,0.2660811
614,0.05517089,0.3669007,0.3027791,0.2751493
615,0.05652356,0.3602671,0.3018802,0.281329
616,0.05743032,0.3569698,0.3003819,0.2852179
617,0.05799842,0.3555517,0.2990207,0.2874292
618,0.05832713,0.3551101,0.2980595,0.2885032
619,0.05849811,0.3551189,0.2975149,0.288868
620,0.05857303,0.3552959,0.2972948,0.2888363
621,0.05859558,0.3555073,0.2972742,0.2886229
622,0.05859518,0.3557026,0.2973347,0.2883676
623,0.05859037,0.3558727,0.2973823,0.2881546
624,0.05859194,0.3560264,0.2973523,0.2880293
625,0.05797552,0.361462,0.2956097,0.2849528
626,0.05753036,0.3644639,0.2951975,0.2828083
627,0.05725199,0.3660567,0.2951425,0.2815489
628,0.05709589,0.3668779,0.2951056,0.2809206
629,0.0570235,0.3673018,0.294964,0.2807107
630,0.05700458,0.3675362,0.2947029,0.2807563
631,0.05701711,0.3676889,0.2943529,0.2809412
632,0.05704596,0.3678105,0.2939562,0.2811874
633,0.0570813,0.3679209,0.2935515,0.2814463
634,0.05711717,0.3680254,0.293168,0.2816894
635,0.05715019,0.3681228,0.2928248,0.2819022
636,0.05717869,0.3682106,0.2925324,0.2820783
637,0.05598406,0.3786931,0.2890113,0.2763115
638,0.05511457,0.3841366,0.288525,0.2722239
639,0.05454365,0.3867363,0.2890688,0.2696512
640,0.05418233,0.387817,0.2898908,0.2681098
641,0.05396023,0.3881363,0.2906752,0.2672282
642,0.05382655,0.3881072,0.2913209,0.2667453
643,0.0537465,0.3879426,0.291823,0.266488
644,0.05369731,0.3877438,0.2922118,0.2663471
645,0.05366467,0.3875534,0.2925251,0.2662568
646,0.05363993,0.3873848,0.2927954,0.2661799
647,0.05361808,0.3872386,0.2930466,0.2660968
648,0.05359653,0.3871105,0.293294,0.265999
649,0.0543107,0.3804303,0.295815,0.269444
650,0.05483475,0.3767385,0.2965632,0.2718635
651,0.05518709,0.3747824,0.2966346,0.273396
652,0.05540809,0.3738154,0.2965052,0.2742713
653,0.05553638,0.3733811,0.2963816,0.2747009
654,0.05560375,0.3732148,0.2963283,0.2748531
655,0.05563412,0.3731723,0.2963423,0.2748512
656,0.05564446,0.3731815,0.2963942,0.2747797
657,0.0556461,0.3732103,0.29645,0.2746937
658,0.05564627,0.3732475,0.2964799,0.2746263
659,0.0556492,0.3732919,0.2964629,0.2745961
660,0.05565709,0.3733451,0.2963868,0.2746109
661,0.05484194,0.3805977,0.2938986,0.2706618
662,0.05425588,0.3843884,0.2934401,0.2679156
663,0.05387894,0.3862484,0.2936262,0.2662464
664,0.05365098,0.3870808,0.293945,0.2653232
665,0.05352303,0.3874019,0.2941907,0.2648844
666,0.05345879,0.3874919,0.2943086,0.2647406
667,0.05343297,0.3874937,0.2943095,0.2647638
668,0.05342885,0.3874735,0.2942262,0.2648714
669,0.05343573,0.3874574,0.2940937,0.2650131
670,0.05344701,0.3874521,0.2939424,0.2651586
671,0.05345884,0.3874553,0.2937943,0.2652916
672,0.05346913,0.3874625,0.293664,0.2654043
673,0.05611153,0.3649768,0.3004951,0.2784166
674,0.05823245,0.3519202,0.3012396,0.2886077
675,0.05978552,0.3446399,0.2997898,0.2957849
676,0.06086247,0.3408992,0.2977134,0.300525
677,0.06157009,0.3392239,0.2957638,0.3034422
678,0.06201055,0.3386726,0.2942239,0.305093
679,0.06226993,0.3386735,0.2931291,0.3059275
680,0.06241442,0.338903,0.2924035,0.3062791
681,0.06249121,0.3391938,0.2919381,0.3063768
682,0.0625319,0.3394715,0.2916296,0.306367
683,0.06255633,0.3397119,0.2913955,0.3063363
684,0.06257602,0.3399141,0.2911795,0.3063304
685,0.06032367,0.3582744,0.2861337,0.2952682
686,0.05868106,0.3679779,0.2859217,0.2874193
687,0.05763149,0.3726552,0.2870821,0.2826313
688,0.05698948,0.3746864,0.28844,0.2798841
689,0.05661381,0.3754075,0.2895547,0.278424
690,0.05640502,0.3755333,0.2903287,0.277733
691,0.05629634,0.3754264,0.2908041,0.2774732
692,0.05624469,0.3752576,0.2910637,0.2774341
693,0.05622329,0.3750975,0.2911879,0.2774913
694,0.05621642,0.3749674,0.2912394,0.2775769
695,0.05621515,0.3748673,0.2912618,0.2776557
696,0.0562147,0.3747901,0.2912831,0.2777122
697,0.05657281,0.3720299,0.2918314,0.2795659
698,0.05684771,0.3705826,0.2916028,0.2809669
699,0.05702981,0.3698919,0.2912197,0.2818585
700,0.05714292,0.3696114,0.2908627,0.282383
701,0.05720744,0.3695342,0.290602,0.2826563
702,0.05723941,0.3695443,0.2904499,0.2827664
703,0.05725068,0.3695807,0.2903923,0.2827763
704,0.05724943,0.3696155,0.2904067,0.2827284
705,0.0572411,0.3696384,0.2904704,0.2826501
706,0.0572293,0.3696482,0.2905636,0.282559
707,0.05721628,0.3696472,0.2906703,0.2824661
708,0.05720348,0.3696395,0.2907788,0.2823783
709,0.05667326,0.3733632,0.2903129,0.2796505
710,0.05626545,0.3751844,0.290983,0.2775671
711,0.0559969,0.3759387,0.2918251,0.2762394
712,0.05582693,0.3761491,0.2925934,0.2754306
713,0.05572433,0.3761111,0.2931973,0.2749673
714,0.05566604,0.3759828,0.2936254,0.2747257
715,0.05563597,0.3758424,0.2939004,0.2746213
716,0.05562331,0.3757225,0.2940549,0.2745993
717,0.05562103,0.375633,0.2941216,0.2746244
718,0.05562445,0.3755726,0.2941293,0.2746737
719,0.05563069,0.3755359,0.2940999,0.2747335
720,0.05563807,0.3755164,0.2940497,0.2747959
721,0.05457259,0.3852739,0.2904052,0.2697483
722,0.05380867,0.3903732,0.2895599,0.2662582
723,0.0533034,0.3928606,0.289779,0.2640569
724,0.05298244,0.3939386,0.2903297,0.2627493
725,0.05278503,0.3943,0.2908959,0.262019
726,0.05266666,0.3943251,0.291368,0.2616402
727,0.0525967,0.3942115,0.2917301,0.2614617
728,0.05255486,0.394055,0.2920027,0.2613874
729,0.05252832,0.3938969,0.2922161,0.2613587
730,0.0525092,0.3937512,0.2923976,0.2613421
731,0.05249294,0.3936194,0.2925682,0.2613195
732,0.05247699,0.3934986,0.2927422,0.2612822
733,0.05359563,0.3835435,0.2960638,0.2667971
734,0.05443481,0.378095,0.2966705,0.2707996
735,0.05500905,0.3752613,0.2963189,0.2734108
736,0.05537901,0.373913,0.2957246,0.2749834
737,0.05560231,0.3733563,0.2952051,0.2758363
738,0.0557267,0.3731854,0.2948638,0.2762241
739,0.05578828,0.3731782,0.2947004,0.2763331
740,0.05581266,0.3732236,0.2946725,0.2762912
741,0.05581712,0.3732729,0.2947281,0.2761819
742,0.05581289,0.3733107,0.2948185,0.2760579
743,0.05580683,0.3733369,0.2949064,0.2759498
744,0.05580291,0.3733571,0.2949663,0.2758737
745,0.05610957,0.3704105,0.2962193,0.2772607
746,0.05634347,0.3687712,0.2965994,0.278286
747,0.05651414,0.3679102,0.2965594,0.2790163
748,0.05663564,0.3675095,0.2963316,0.2795233
749,0.05672237,0.3673694,0.2960282,0.27988
750,0.05678604,0.3673701,0.2956997,0.2801442
751,0.05683516,0.3674426,0.2953663,0.280356
752,0.0568754,0.3675489,0.2950352,0.2805404
753,0.05691038,0.3676693,0.2947082,0.2807121
754,0.05694223,0.3677937,0.2943853,0.2808789
755,0.05697203,0.3679172,0.2940675,0.2810432
756,0.0570002,0.368038,0.2937568,0.281205
757,0.05795813,0.3602084,0.2959528,0.2858807
758,0.05869803,0.3558069,0.2961052,0.2893899
759,0.05922455,0.3534707,0.2955066,0.2917981
760,0.05958368,0.35235,0.2946957,0.2933707
761,0.05982065,0.3519072,0.2939165,0.2943556
762,0.05997353,0.3518172,0.2932554,0.2949539
763,0.0600714,0.3518934,0.2927221,0.2953131
764,0.06013496,0.3520353,0.2922955,0.2955342
765,0.06017811,0.3521925,0.2919472,0.2956821
766,0.06020968,0.3523437,0.2916509,0.2957957
767,0.060235,0.352482,0.2913865,0.2958964
768,0.06025717,0.3526073,0.2911402,0.2959954
769,0.05901041,0.3636466,0.2873144,0.2900286
770,0.05808808,0.3696812,0.2864862,0.2857446
771,0.05747462,0.3727649,0.286739,0.2830215
772,0.05708466,0.3742134,0.2873054,0.2813966
773,0.0568467,0.3748062,0.2878542,0.2804929
774,0.05670737,0.3749825,0.2882738,0.2800363
775,0.05662934,0.3749776,0.288552,0.2798411
776,0.05658782,0.3749091,0.288715,0.279788
777,0.05656694,0.3748308,0.2887977,0.2798046
778,0.05655681,0.374763,0.2888325,0.2798477
779,0.0565516,0.3747107,0.2888435,0.2798942
780,0.05654806,0.3746718,0.2888473,0.2799328
781,0.05450764,0.3916084,0.2839261,0.2699578
782,0.05307811,0.3998837,0.283859,0.2631792
783,0.05216743,0.4035212,0.2852545,0.2590567
784,0.05160262,0.4048289,0.2869159,0.2566526
785,0.05125992,0.405048,0.288379,0.255313
786,0.05105567,0.4048178,0.2895186,0.2546079
787,0.05093523,0.404448,0.2903521,0.2542646
788,0.05086383,0.4040753,0.290945,0.2541159
789,0.05081997,0.4037488,0.2913684,0.2540628
790,0.05079076,0.4034776,0.2916825,0.2540491
791,0.05076872,0.4032547,0.2919316,0.2540449
792,0.05074976,0.4030687,0.2921457,0.2540358
793,0.0519487,0.39247,0.2955233,0.260058
794,0.05285252,0.386807,0.2958552,0.2644852
795,0.05347105,0.3839688,0.295163,0.2673972
796,0.05387176,0.3827112,0.2942272,0.2691899
797,0.05411729,0.3822777,0.2933922,0.2702129
798,0.05425892,0.3822311,0.2927683,0.2707417
799,0.05433508,0.3823358,0.292353,0.2709761
800,0.05437272,0.3824761,0.2920995,0.2710516
801,0.05438968,0.3826034,0.291952,0.2710549
802,0.05439712,0.3827035,0.2918618,0.2710375
803,0.05440168,0.3827777,0.2917923,0.2710284
804,0.05440696,0.3828326,0.2917191,0.2710412
805,0.0554417,0.3741625,0.2942509,0.2761449
806,0.05623611,0.3694056,0.2943944,0.2799639
807,0.05679657,0.3669565,0.2936825,0.2825644
808,0.05717665,0.3658373,0.2927287,0.2842574
809,0.05742681,0.36544,0.291812,0.2853211
810,0.05758862,0.3654037,0.2910322,0.2859756
811,0.05769325,0.3655254,0.2904016,0.2863797
812,0.05776255,0.3656992,0.2898976,0.2866407
813,0.05781089,0.3658748,0.2894887,0.2868256
814,0.057847,0.3660323,0.2891487,0.2869719
815,0.05787595,0.3661667,0.2888581,0.2870993
816,0.05790051,0.3662787,0.2886043,0.2872166
817,0.05647615,0.3783096,0.2850139,0.2802004
818,0.05544645,0.384503,0.2847803,0.2752703
819,0.05477795,0.3874163,0.2855941,0.2722116
820,0.05435996,0.3886013,0.2866274,0.2704113
821,0.05410722,0.3889342,0.287547,0.2694116
822,0.05395922,0.3888863,0.2882582,0.2688962
823,0.05387498,0.3886975,0.2887697,0.2686578
824,0.05382778,0.3884799,0.2891265,0.268566
825,0.05380077,0.388279,0.2893787,0.2685415
826,0.05378386,0.3881074,0.2895685,0.2685402
827,0.05377117,0.3879634,0.2897273,0.2685381
828,0.05375943,0.3878404,0.289877,0.2685231
829,0.05534201,0.3741094,0.2941859,0.2763626
830,0.05656627,0.3663977,0.2947763,0.2822597
831,0.05742858,0.3622782,0.2940548,0.2862385
832,0.05800271,0.3602676,0.29299,0.2887397
833,0.05836334,0.3594244,0.2920293,0.290183
834,0.0585751,0.359176,0.2913324,0.2909165
835,0.05868861,0.3591943,0.2909144,0.2912027
836,0.05874069,0.3593048,0.290728,0.2912264
837,0.05875673,0.3594254,0.2907073,0.2911105
838,0.05875356,0.3595237,0.2907891,0.2909336
839,0.0587418,0.3595933,0.2909219,0.2907429
840,0.05872789,0.3596388,0.2910678,0.2905655
841,0.05855605,0.3609283,0.290895,0.2896207
842,0.0584287,0.3616375,0.2909994,0.2889345
843,0.05834436,0.3620087,0.2911595,0.2884876
844,0.05829285,0.362195,0.2912934,0.2882188
845,0.05826511,0.362288,0.2913706,0.2880763
846,0.05825391,0.3623402,0.2913859,0.28802
847,0.05825376,0.3623792,0.2913466,0.2880205
848,0.05826068,0.3624181,0.2912645,0.2880567
849,0.05827183,0.3624621,0.2911521,0.2881139
850,0.05828527,0.362512,0.2910205,0.2881822
851,0.05829966,0.3625668,0.2908792,0.2882544
852,0.05831406,0.3626245,0.2907355,0.288326
853,0.05556002,0.3861299,0.2833952,0.2749149
854,0.05364012,0.3977011,0.2828287,0.2658302
855,0.05243387,0.4028418,0.2843515,0.2603728
856,0.05169565,0.4047739,0.2863033,0.2572272
857,0.05125394,0.4052073,0.2880436,0.2554951
858,0.05099507,0.4050137,0.2893959,0.2545954
859,0.0508457,0.4046144,0.2903759,0.254164
860,0.05075961,0.4041957,0.2910654,0.2539793
861,0.05070834,0.4038268,0.2915539,0.2539109
862,0.05067491,0.4035221,0.2919177,0.2538853
863,0.05064948,0.4032741,0.2922134,0.253863
864,0.05062659,0.4030683,0.2924803,0.2538248
865,0.05471716,0.3663751,0.3049394,0.2739683
866,0.05808322,0.3440943,0.3077777,0.2900448
867,0.06063894,0.3308607,0.3067626,0.3017378
868,0.06246534,0.3234154,0.3044743,0.3096449
869,0.06369083,0.3195446,0.3022087,0.3145559
870,0.06445926,0.3177651,0.3004909,0.3172847
871,0.06490615,0.3171216,0.299413,0.3185593
872,0.06514555,0.3170345,0.298852,0.318968
873,0.06526568,0.3171807,0.298603,0.3189506
