EwEVersion,"6.5.13829.0 (compiled 2016-05-17)"
Date,"2016-09-06 16:04:32"
ModelName,Baltic_Proper-SEALS
EcosimScenario,Proper1_SealVuln100_19742100_seal0_cofF03
TimeSeries,new_data_weights_19742100_BAU_WAR1_codF03_seal0
StartYear,1974

Data,"Prey of other mesozooplankton"

TimeStep,"Cyanobacteria","Phytoplankton","microzooplankton","Detritus-water column",
1,0.04280683,0.5585232,0.1841945,0.2144755
2,0.03914407,0.5794343,0.1844229,0.1969986
3,0.03727721,0.5860372,0.188064,0.1886217
4,0.03628786,0.5871348,0.1919937,0.1845836
5,0.0357588,0.5862401,0.1952522,0.182749
6,0.03547648,0.5848046,0.1976785,0.1820404
7,0.03532583,0.5833926,0.1993922,0.1818893
8,0.03524352,0.5821813,0.2005829,0.1819923
9,0.03519486,0.5811884,0.201427,0.1821897
10,0.03516104,0.5803755,0.2020631,0.1824004
11,0.03513219,0.5796928,0.2025897,0.1825852
12,0.03510328,0.5790968,0.2030727,0.1827272
13,0.03574783,0.5726325,0.2052842,0.1863354
14,0.03615527,0.5694742,0.2057343,0.1886363
15,0.03638261,0.5679889,0.2057087,0.1899198
16,0.03649445,0.5672991,0.205645,0.1905615
17,0.03653415,0.5669435,0.2057164,0.190806
18,0.03653048,0.5666971,0.2059588,0.1908136
19,0.03650215,0.5664629,0.2063472,0.1906879
20,0.03646115,0.5662091,0.2068337,0.1904961
21,0.03641541,0.5659351,0.2073657,0.1902837
22,0.03637033,0.5656533,0.207893,0.1900833
23,0.03632978,0.5653791,0.2083713,0.1899198
24,0.03629651,0.5651277,0.2087641,0.1898117
25,0.03250096,0.597572,0.199865,0.170062
26,0.03050136,0.6078881,0.2016787,0.1599317
27,0.02949767,0.6102252,0.2049862,0.1552909
28,0.02897472,0.609782,0.2080242,0.1532192
29,0.02870892,0.6085501,0.2102448,0.1524962
30,0.02858025,0.6072789,0.2116719,0.1524689
31,0.0285226,0.6061999,0.2124982,0.1527794
32,0.02849969,0.6053397,0.2129267,0.1532339
33,0.02849206,0.6046565,0.2131204,0.1537311
34,0.02848924,0.6040948,0.2131981,0.1542178
35,0.02848608,0.6036071,0.2132374,0.1546695
36,0.02848028,0.6031583,0.2132848,0.1550767
37,0.02923621,0.5950387,0.2161837,0.1595414
38,0.0297146,0.5913022,0.216561,0.1624222
39,0.02999321,0.5896895,0.2161731,0.1641442
40,0.03014404,0.5890422,0.2156775,0.1651363
41,0.03021618,0.5887728,0.2153271,0.165684
42,0.03024171,0.5886083,0.215179,0.165971
43,0.03024082,0.5884383,0.2152093,0.1661117
44,0.03022576,0.5882294,0.2153701,0.1661748
45,0.03020383,0.5879815,0.2156137,0.1662009
46,0.03017984,0.5877076,0.2158946,0.1662178
47,0.03015666,0.5874233,0.216177,0.1662431
48,0.03013609,0.5871419,0.2164341,0.166288
49,0.03093775,0.5786451,0.2196153,0.1708018
50,0.03145641,0.5747375,0.2200999,0.1737062
51,0.03176897,0.5731229,0.2196795,0.1754287
52,0.0319519,0.572601,0.2190138,0.1764332
53,0.03205729,0.5725505,0.2183661,0.1770261
54,0.03211918,0.5726722,0.2178055,0.1774031
55,0.03215848,0.5728361,0.2173244,0.177681
56,0.03218728,0.5729944,0.2168936,0.1779247
57,0.03221211,0.5731344,0.2164865,0.1781669
58,0.03223561,0.5732563,0.2160911,0.178417
59,0.03225869,0.5733628,0.2157038,0.1786747
60,0.03228131,0.5734557,0.2153275,0.1789355
61,0.03261459,0.5697933,0.216823,0.1807691
62,0.03281827,0.5680166,0.2173198,0.1818454
63,0.03295492,0.5671909,0.2172727,0.1825815
64,0.03304334,0.5668569,0.2170303,0.1830695
65,0.03310096,0.5667596,0.2167349,0.1834045
66,0.03313966,0.5667672,0.2164434,0.1836498
67,0.03316699,0.5668148,0.2161742,0.183844
68,0.03318742,0.5668722,0.2159314,0.1840089
69,0.03320351,0.5669261,0.2157151,0.1841553
70,0.03321689,0.5669717,0.2155213,0.1842901
71,0.03322836,0.567008,0.215348,0.1844158
72,0.03323831,0.5670351,0.2151936,0.1845329
73,0.03104035,0.5878413,0.2086895,0.1724289
74,0.02980685,0.5952966,0.2090715,0.1658251
75,0.02913947,0.5973992,0.21096,0.1625013
76,0.02877578,0.5974122,0.2129169,0.1608952
77,0.02857861,0.5967223,0.2144943,0.1602048
78,0.02847176,0.595895,0.2156432,0.15999
79,0.02841237,0.5951313,0.21645,0.1600063
80,0.02837647,0.5944776,0.217026,0.16012
81,0.02835091,0.5939225,0.2174672,0.1602595
82,0.02832871,0.5934382,0.2178448,0.1603883
83,0.02830628,0.5929984,0.2182059,0.1604894
84,0.02828201,0.5925828,0.2185792,0.160556
85,0.02833143,0.5923537,0.2181364,0.1611785
86,0.02836933,0.5923212,0.2175792,0.1617302
87,0.02837021,0.5923093,0.2173348,0.1619857
88,0.02835414,0.5922378,0.2173126,0.1620955
89,0.02832799,0.5920923,0.2174689,0.1621107
90,0.02829501,0.5918803,0.2177684,0.1620562
91,0.02825693,0.5916155,0.2181809,0.1619467
92,0.0282149,0.5913118,0.2186805,0.1617928
93,0.02816995,0.5909822,0.2192435,0.1616044
94,0.02812321,0.590638,0.2198465,0.1613923
95,0.02807615,0.5902896,0.2204644,0.1611698
96,0.02803053,0.5899476,0.2210693,0.1609527
97,0.02749604,0.5950012,0.2194952,0.1580077
98,0.02717387,0.5968937,0.2195934,0.156339
99,0.02698083,0.5974081,0.2201729,0.1554383
100,0.02687039,0.5973627,0.2207354,0.1550316
101,0.02681211,0.5971404,0.2211093,0.1549383
102,0.02678706,0.596904,0.2212617,0.1550471
103,0.02678338,0.5967114,0.2212179,0.1552873
104,0.02679342,0.5965712,0.2210231,0.1556123
105,0.02681205,0.5964726,0.2207258,0.1559895
106,0.02683549,0.5963989,0.2203725,0.1563931
107,0.02686084,0.5963345,0.220002,0.1568026
108,0.02688593,0.5962672,0.2196452,0.1572017
109,0.02786473,0.5862501,0.2227373,0.1631478
110,0.02851846,0.5818405,0.2225263,0.1671147
111,0.02891897,0.5801946,0.2213977,0.1694887
112,0.02915725,0.5798129,0.2201632,0.1708668
113,0.02929423,0.5799268,0.2191451,0.1716339
114,0.02937024,0.5801747,0.2184149,0.1720401
115,0.02941075,0.5804066,0.2179417,0.1722408
116,0.02943115,0.5805756,0.217665,0.1723282
117,0.02944043,0.5806789,0.2175251,0.1723555
118,0.02944366,0.5807293,0.2174755,0.1723515
119,0.02944371,0.5807421,0.2174819,0.1723324
120,0.02944221,0.5807304,0.2175202,0.1723071
121,0.02909405,0.5840046,0.2166713,0.1702301
122,0.02887459,0.5852284,0.2169688,0.1689282
123,0.02875075,0.5855432,0.2174709,0.1682353
124,0.02868043,0.5854896,0.2179575,0.1678724
125,0.02864116,0.5853142,0.218347,0.1676977
126,0.02861954,0.5851222,0.2186307,0.1676276
127,0.02860763,0.5849522,0.2188266,0.1676135
128,0.02860087,0.5848132,0.2189583,0.1676276
129,0.02859674,0.5847019,0.2190464,0.167655
130,0.02859388,0.5846123,0.2191059,0.1676879
131,0.02859158,0.5845386,0.2191477,0.1677222
132,0.02858944,0.5844761,0.2191787,0.1677558
133,0.03122991,0.5541934,0.231939,0.1826377
134,0.03306174,0.537948,0.2366405,0.1923497
135,0.03428454,0.5299153,0.2373912,0.198409
136,0.035037,0.5264158,0.2368297,0.2017176
137,0.0354712,0.5252131,0.2360654,0.2032503
138,0.03570895,0.5250673,0.2354631,0.2037607
139,0.03583683,0.5253561,0.2350398,0.2037673
140,0.0359114,0.5258028,0.234689,0.2035967
141,0.03596691,0.5263042,0.2342909,0.203438
142,0.03602333,0.5268335,0.2337482,0.2033949
143,0.03609093,0.5273923,0.2330025,0.2035142
144,0.03617411,0.5279884,0.232029,0.2038085
145,0.03258261,0.5655791,0.2180173,0.183821
146,0.03074454,0.5797992,0.2153892,0.1740672
147,0.02981455,0.5851305,0.2154743,0.1695806
148,0.02934049,0.5868734,0.2161397,0.1676463
149,0.02910132,0.5872095,0.2167376,0.1669517
150,0.02898305,0.5870535,0.2171268,0.1668366
151,0.02892597,0.5867699,0.2173336,0.1669704
152,0.02889888,0.5864862,0.2174233,0.1671916
153,0.02888562,0.586233,0.2174563,0.1674252
154,0.02887783,0.5860073,0.2174772,0.1676377
155,0.02887128,0.5857968,0.2175158,0.167816
156,0.02886381,0.5855897,0.2175906,0.1679559
157,0.03511449,0.5187548,0.2423567,0.2037739
158,0.0406074,0.4742915,0.2507344,0.2343667
159,0.04499038,0.446313,0.2510824,0.2576142
160,0.04822013,0.4300014,0.2481168,0.2736617
161,0.05042367,0.4213925,0.2445784,0.2836054
162,0.05181393,0.4175053,0.2417458,0.2889349
163,0.05261977,0.4162692,0.2399884,0.2911226
164,0.05304258,0.416372,0.2391889,0.2913966
165,0.05323824,0.4170681,0.2390256,0.2906681
166,0.05331711,0.4179859,0.23914,0.2895569
167,0.05335228,0.4189695,0.2392225,0.2884558
168,0.05338861,0.4199699,0.2390503,0.2875912
169,0.04829752,0.4675542,0.2243519,0.2597963
170,0.04541961,0.4899722,0.2198729,0.2447353
171,0.04415079,0.500625,0.2160999,0.2391241
172,0.04355187,0.5064132,0.2128985,0.2371365
173,0.04325381,0.5097159,0.2105253,0.2365051
174,0.0431158,0.5117031,0.2087185,0.2364626
175,0.04305885,0.5129691,0.2073638,0.2366082
176,0.04304044,0.5138243,0.2063794,0.2367557
177,0.04303901,0.5144342,0.2056904,0.2368364
178,0.04304441,0.5148885,0.2052287,0.2368384
179,0.0430519,0.5152391,0.2049383,0.2367707
180,0.04305924,0.515518,0.2047764,0.2366465
181,0.04159889,0.5293954,0.2003724,0.2286334
182,0.04068775,0.5359923,0.1996188,0.2237011
183,0.04014154,0.5389307,0.2001396,0.2207881
184,0.03981824,0.5400659,0.2010406,0.2190753
185,0.03962822,0.5403633,0.2019543,0.2180542
186,0.03951577,0.5403093,0.2027602,0.2174148
187,0.03944671,0.5401363,0.2034456,0.2169714
188,0.03940037,0.5399458,0.204039,0.2166148
189,0.03936441,0.539775,0.204579,0.2162816
190,0.03933174,0.5396308,0.2051004,0.215937
191,0.03929827,0.5395085,0.2056311,0.2155621
192,0.03926174,0.5394,0.2061911,0.2151471
193,0.03838548,0.5472969,0.2040701,0.2102476
194,0.03782584,0.5508765,0.2041703,0.2071273
195,0.03747211,0.5523293,0.2050597,0.2051389
196,0.03724705,0.5527534,0.2061571,0.2038424
197,0.03710047,0.5527223,0.2072209,0.2029563
198,0.03700113,0.5525225,0.2081657,0.2023106
199,0.03693027,0.552289,0.2089735,0.2018072
200,0.03687708,0.5520797,0.2096505,0.2013927
201,0.03683569,0.5519149,0.2102083,0.2010412
202,0.03680332,0.5517986,0.2106549,0.2007432
203,0.03677879,0.5517283,0.2109955,0.2004974
204,0.03676174,0.5516996,0.2112334,0.2003053
205,0.04037965,0.5174628,0.2225704,0.2195871
206,0.043116,0.4978694,0.2252925,0.2337221
207,0.04502542,0.4874477,0.2244457,0.2430811
208,0.0462818,0.4825656,0.2223454,0.2488073
209,0.0470682,0.480788,0.2201176,0.2520261
210,0.04754405,0.4805979,0.2181828,0.2536752
211,0.04783094,0.4811232,0.2166025,0.2544433
212,0.04801307,0.4819076,0.21529,0.2547894
213,0.04814377,0.4827385,0.2141273,0.2549903
214,0.04825182,0.4835352,0.2130341,0.2551789
215,0.04835117,0.4842751,0.2119686,0.2554052
216,0.0484468,0.4849585,0.2109233,0.2556714
217,0.04383881,0.5264355,0.1982116,0.231514
218,0.04125236,0.5441338,0.1962501,0.2183638
219,0.03984936,0.5512557,0.197327,0.2115679
220,0.03908483,0.5537099,0.1990974,0.2081079
221,0.03867321,0.5541805,0.2007221,0.2064242
222,0.03845702,0.5538989,0.20197,0.2056741
223,0.0383476,0.55341,0.202846,0.2053964
224,0.03829483,0.5529328,0.2034316,0.2053407
225,0.03827067,0.5525365,0.2038188,0.2053738
226,0.03825961,0.5522271,0.2040858,0.2054275
227,0.03825337,0.5519874,0.2042908,0.2054684
228,0.03824765,0.5517958,0.2044743,0.2054822
229,0.0389392,0.5446294,0.2074142,0.2090171
230,0.03938116,0.5409284,0.208556,0.2111344
231,0.03965592,0.5390741,0.2089212,0.2123488
232,0.03981475,0.5381994,0.2090393,0.2129466
233,0.03989799,0.5378066,0.2091434,0.2131521
234,0.03993416,0.5376277,0.2093165,0.2131217
235,0.03994239,0.537529,0.2095703,0.2129583
236,0.03993507,0.5374513,0.2098857,0.2127279
237,0.03992013,0.5373741,0.2102333,0.2124725
238,0.0399026,0.5372956,0.2105826,0.2122192
239,0.0398857,0.5372219,0.2109066,0.2119858
240,0.03987147,0.5371618,0.2111829,0.2117838
241,0.03827935,0.5503618,0.2082374,0.2031215
242,0.03729473,0.5557348,0.2091637,0.1978068
243,0.03674734,0.5575411,0.2107205,0.1949909
244,0.03644556,0.5578552,0.2121563,0.193543
245,0.03628564,0.5576259,0.2132178,0.1928706
246,0.03620632,0.5572725,0.2138922,0.192629
247,0.03617129,0.5569586,0.2142545,0.1926156
248,0.03615926,0.5567297,0.214398,0.1927132
249,0.03615809,0.5565815,0.2144052,0.1928552
250,0.0361614,0.5564944,0.2143359,0.1930084
251,0.0361659,0.556447,0.2142309,0.1931563
252,0.03617003,0.5564219,0.2141162,0.1932918
253,0.035679,0.5626995,0.2104782,0.1911434
254,0.03539535,0.565896,0.2085888,0.1901199
255,0.03520482,0.5675182,0.2077953,0.1894816
256,0.03508528,0.5682728,0.2074857,0.1891562
257,0.03501153,0.5685716,0.2073937,0.1890232
258,0.03496564,0.5686395,0.207399,0.188996
259,0.03493599,0.5685933,0.2074503,0.1890204
260,0.03491534,0.5684925,0.2075282,0.1890639
261,0.03489934,0.5683653,0.2076265,0.1891089
262,0.03488548,0.5682247,0.2077437,0.1891461
263,0.03487238,0.5680768,0.2078793,0.1891716
264,0.03485934,0.5679239,0.2080323,0.1891845
265,0.03815434,0.5347435,0.2206384,0.2064636
266,0.04053209,0.515995,0.2251339,0.2183389
267,0.04215537,0.5060394,0.2258226,0.2259827
268,0.04318202,0.50125,0.2251925,0.2303755
269,0.04378671,0.4992613,0.2243893,0.2325628
270,0.04411872,0.4986556,0.2238205,0.2334052
271,0.04429054,0.4986604,0.2235176,0.2335316
272,0.0443802,0.4989007,0.2233525,0.2333667
273,0.04443814,0.4992244,0.2231605,0.233177
274,0.04449365,0.4995891,0.2228087,0.2331086
275,0.04456157,0.4999952,0.2222171,0.2332261
276,0.04464649,0.5004533,0.2213647,0.2335356
277,0.04583968,0.4920592,0.2222663,0.2398348
278,0.04674293,0.4880003,0.2206384,0.2446183
279,0.04736538,0.4864208,0.2183747,0.2478392
280,0.04778557,0.4861829,0.2160808,0.2499507
281,0.04806583,0.4866011,0.2140301,0.251303
282,0.04825262,0.4872844,0.2123102,0.2521527
283,0.04837856,0.4880258,0.2109183,0.2526773
284,0.04846548,0.488726,0.2098149,0.2529936
285,0.04852739,0.4893456,0.2089513,0.2531757
286,0.04857316,0.4898765,0.2082806,0.2532698
287,0.04860825,0.4903249,0.2077626,0.2533043
288,0.04863598,0.4907021,0.2073655,0.2532964
289,0.04424679,0.529127,0.1959426,0.2306836
290,0.04174938,0.5455748,0.1944595,0.2182163
291,0.04036885,0.5521346,0.1958482,0.2116484
292,0.03959924,0.5542957,0.1978822,0.2082228
293,0.03917144,0.5545834,0.1997507,0.2064944
294,0.03893563,0.5541633,0.2012265,0.2056746
295,0.0388065,0.5535528,0.2023151,0.2053256
296,0.03873511,0.5529597,0.2031003,0.2052049
297,0.0386936,0.5524494,0.2036769,0.2051802
298,0.03866649,0.5520259,0.2041249,0.2051827
299,0.03864538,0.551672,0.2045045,0.2051781
300,0.0386258,0.5513663,0.2048571,0.2051508
301,0.03506302,0.5831809,0.1951948,0.1865612
302,0.03313507,0.5946972,0.1953209,0.1768469
303,0.0320887,0.598152,0.1978643,0.171895
304,0.0315087,0.5983847,0.2007036,0.169403
305,0.0311836,0.5974644,0.203137,0.1682151
306,0.03099864,0.5962599,0.2050283,0.1677132
307,0.03088989,0.5951027,0.2064477,0.1675598
308,0.03082166,0.5940899,0.2075173,0.1675712
309,0.03077427,0.5932238,0.2083518,0.1676501
310,0.03073687,0.5924754,0.2090423,0.1677454
311,0.0307039,0.5918118,0.2096509,0.1678333
312,0.03067269,0.5912061,0.2102163,0.1679049
313,0.03534894,0.5439796,0.2274094,0.1932621
314,0.03908292,0.515835,0.2320998,0.2129822
315,0.04178047,0.5003151,0.2313697,0.2265348
316,0.04357782,0.4927038,0.2287763,0.2349421
317,0.04468211,0.4896061,0.2261714,0.2395404
318,0.04530511,0.4888091,0.2242741,0.2416116
319,0.04562428,0.4890178,0.2231712,0.2421868
320,0.04577115,0.4895679,0.2226543,0.2420066
321,0.04583568,0.49018,0.2224188,0.2415655
322,0.04587344,0.4907784,0.2221911,0.2411571
323,0.04591593,0.4913732,0.2217731,0.2409378
324,0.04597779,0.4919962,0.2210588,0.2409673
325,0.04560986,0.4969942,0.2184234,0.2389725
326,0.04542531,0.5000201,0.2164602,0.2380943
327,0.04535178,0.5019993,0.214798,0.237851
328,0.04534829,0.5033984,0.21326,0.2379934
329,0.04538288,0.5044704,0.2118221,0.2383246
330,0.04543433,0.5053434,0.2105073,0.238715
331,0.04548993,0.5060782,0.2093429,0.2390889
332,0.04554269,0.5067043,0.2083458,0.2394072
333,0.0455893,0.5072368,0.2075196,0.2396543
334,0.04562922,0.5076857,0.2068525,0.2398326
335,0.0456628,0.5080607,0.2063267,0.2399498
336,0.04569072,0.5083715,0.2059227,0.240015
337,0.04606223,0.5055077,0.2066125,0.2418176
338,0.04631326,0.5040749,0.2066727,0.242939
339,0.04647637,0.5034276,0.2065173,0.2435787
340,0.04657876,0.5032004,0.2063279,0.2438929
341,0.04664049,0.5031809,0.2061847,0.2439939
342,0.04667543,0.5032509,0.2061169,0.2439568
343,0.04669273,0.5033479,0.2061295,0.2438298
344,0.04669836,0.5034419,0.2062167,0.2436431
345,0.04669615,0.5035193,0.2063688,0.2434157
346,0.04668834,0.5035762,0.2065773,0.2431581
347,0.04667646,0.5036125,0.2068334,0.2428777
348,0.04666168,0.5036297,0.2071282,0.2425804
349,0.03896314,0.5672442,0.1913757,0.202417
350,0.03520881,0.587255,0.1942419,0.1832943
351,0.03336853,0.592437,0.1997804,0.1744141
352,0.03241317,0.5924971,0.2049242,0.1701655
353,0.03190977,0.5909756,0.2088909,0.1682237
354,0.03164406,0.589211,0.2116945,0.1674504
355,0.03150271,0.5876533,0.2135926,0.1672513
356,0.03142448,0.5863944,0.2148691,0.1673121
357,0.03137647,0.5853962,0.2157579,0.1674695
358,0.03134136,0.5845879,0.2164293,0.1676415
359,0.03131042,0.5839025,0.2169964,0.1677906
360,0.03127951,0.5832896,0.2175286,0.1679022
361,0.03529324,0.5442436,0.2308626,0.1896005
362,0.03843123,0.5221483,0.2331257,0.2062947
363,0.04061145,0.5107002,0.2313371,0.2173513
364,0.04201188,0.5055881,0.228417,0.2239831
365,0.04284012,0.5038657,0.2258151,0.227479
366,0.04328523,0.5037219,0.2240358,0.228957
367,0.04349506,0.504162,0.2230798,0.2292632
368,0.04357374,0.5047148,0.222733,0.2289784
369,0.04358972,0.5052094,0.2227252,0.2284757
370,0.04358632,0.5056244,0.2228015,0.2279879
371,0.04358915,0.5059996,0.2227619,0.2276493
372,0.04361164,0.506387,0.2224754,0.227526
373,0.04421847,0.5016584,0.2236476,0.2304754
374,0.04466033,0.4994922,0.2232479,0.2325997
375,0.04498449,0.4987579,0.2220932,0.2341644
376,0.04522911,0.498821,0.2205795,0.2353704
377,0.04542033,0.4993032,0.2189311,0.2363454
378,0.04557437,0.499983,0.2172833,0.2371593
379,0.04570086,0.5007322,0.215721,0.2378459
380,0.0458056,0.5014765,0.2142961,0.2384218
381,0.04589243,0.5021749,0.2130362,0.2388965
382,0.04596398,0.5028062,0.2119533,0.2392765
383,0.04602259,0.5033619,0.2110449,0.2395706
384,0.04607037,0.5038412,0.2102992,0.2397892
385,0.04622437,0.503423,0.2097749,0.2405778
386,0.04633648,0.5033718,0.209172,0.2411198
387,0.04641129,0.5035012,0.2086527,0.2414349
388,0.04646056,0.5036988,0.2082458,0.2415949
389,0.04649229,0.5039065,0.2079534,0.2416479
390,0.0465117,0.504097,0.2077667,0.2416246
391,0.046522,0.5042596,0.2076749,0.2415435
392,0.04652504,0.5043918,0.2076686,0.2414146
393,0.04652185,0.5044938,0.2077412,0.2412431
394,0.0465133,0.5045677,0.207885,0.2410339
395,0.04649998,0.5046158,0.2080938,0.2407903
396,0.04648234,0.5046407,0.2083619,0.2405151
397,0.04774538,0.4951987,0.2098913,0.2471647
398,0.04865346,0.4903823,0.20909,0.2518743
399,0.04921373,0.4882755,0.2079381,0.2545726
400,0.04954176,0.4875985,0.2068871,0.2559727
401,0.04971968,0.4876058,0.2061156,0.2565589
402,0.04980499,0.4878882,0.2056465,0.2566604
403,0.04983637,0.4882392,0.2054312,0.2564932
404,0.04983884,0.4885682,0.2053981,0.2561948
405,0.04982809,0.4888467,0.2054751,0.2558501
406,0.0498134,0.4890761,0.205602,0.2555085
407,0.04980016,0.4892697,0.2057322,0.255198
408,0.04979121,0.4894429,0.2058325,0.2549334
409,0.04399817,0.5377129,0.1929152,0.2253737
410,0.04086602,0.5566943,0.1925664,0.2098734
411,0.03921841,0.5635328,0.1950971,0.2021516
412,0.03833281,0.5653925,0.1979535,0.1983212
413,0.03785826,0.5653045,0.2003151,0.196522
414,0.03760753,0.5645806,0.202036,0.1957758
415,0.03747693,0.5637604,0.2032104,0.1955522
416,0.03740854,0.563035,0.2039926,0.1955639
417,0.03737026,0.562445,0.2045259,0.1956587
418,0.03734469,0.561974,0.2049215,0.1957597
419,0.03732267,0.5615901,0.2052566,0.1958306
420,0.03729966,0.5612628,0.2055809,0.1958566
421,0.03754454,0.5582654,0.2070046,0.1971855
422,0.03768253,0.5566633,0.2077556,0.1978985
423,0.03775363,0.5557759,0.2082253,0.1982451
424,0.03777811,0.5552564,0.20863,0.1983355
425,0.03777284,0.554913,0.2090495,0.1982647
426,0.03774991,0.5546482,0.2095011,0.1981008
427,0.03771766,0.5544176,0.2099729,0.1978918
428,0.03768195,0.5542051,0.2104412,0.1976717
429,0.03764699,0.5540087,0.2108784,0.1974659
430,0.03761595,0.5538324,0.2112568,0.1972948
431,0.03759116,0.5536826,0.2115526,0.1971736
432,0.03757415,0.5535651,0.2117478,0.1971131
433,0.04088024,0.521548,0.2236965,0.2138753
434,0.04325265,0.5033413,0.2280948,0.2253114
435,0.04488726,0.4935552,0.2287646,0.232793
436,0.04593437,0.4887789,0.2280794,0.2372073
437,0.04657336,0.4867725,0.2270577,0.2395965
438,0.04695638,0.4861886,0.2260431,0.2408119
439,0.04719661,0.4862854,0.225052,0.241466
440,0.04737043,0.4866942,0.2239776,0.2419577
441,0.04752371,0.4872532,0.2227097,0.2425133
442,0.04767729,0.4879003,0.2212073,0.2432151
443,0.04783595,0.4886093,0.2195008,0.2440539
444,0.04799497,0.4893592,0.2176789,0.244967
445,0.04812585,0.4884357,0.2181027,0.2453358
446,0.04817237,0.4879163,0.218706,0.2452053
447,0.04822207,0.4875567,0.2190463,0.2451748
448,0.0482696,0.4873212,0.219222,0.2451872
449,0.04831515,0.4871751,0.2192802,0.2452296
450,0.04835889,0.4870938,0.2192541,0.2452932
451,0.04840075,0.4870597,0.2191695,0.2453701
452,0.04844041,0.4870596,0.2190475,0.2454524
453,0.04847742,0.4870834,0.2189061,0.245533
454,0.04851175,0.4871233,0.2187567,0.2456083
455,0.04854335,0.4871731,0.218608,0.2456756
456,0.04857218,0.4872286,0.2184663,0.2457328
457,0.04822639,0.4935881,0.2134891,0.2446965
458,0.04816221,0.4977254,0.2087885,0.2453239
459,0.04809159,0.5006131,0.2056632,0.2456321
460,0.04802147,0.5026194,0.203638,0.2457211
461,0.04795831,0.5039796,0.2023779,0.2456843
462,0.04790449,0.5048727,0.2016435,0.2455793
463,0.04785907,0.5054367,0.2012714,0.2454329
464,0.04781954,0.5057736,0.2011537,0.2452531
465,0.04778299,0.5059563,0.2012217,0.2450392
466,0.04774679,0.5060341,0.201432,0.2447872
467,0.04770885,0.5060404,0.2017579,0.2444928
468,0.04766712,0.5059943,0.202189,0.2441495
469,0.04159425,0.5555638,0.1897623,0.2130796
470,0.03839541,0.5733957,0.1910699,0.197139
471,0.03673266,0.5788948,0.1951105,0.1892621
472,0.03583467,0.5796381,0.1992271,0.1853001
473,0.03534246,0.5786889,0.2026148,0.1833538
474,0.0350698,0.5773116,0.2051653,0.1824532
475,0.03491516,0.5759903,0.2070144,0.1820801
476,0.03482237,0.5748694,0.2083529,0.1819554
477,0.03476062,0.5739563,0.2093514,0.1819317
478,0.03471329,0.5732108,0.2101414,0.1819346
479,0.03467208,0.5725867,0.2108102,0.1819311
480,0.03463316,0.5720458,0.2114107,0.1819103
481,0.04072082,0.5158584,0.2295421,0.2138787
482,0.04589161,0.4797874,0.2338075,0.2405134
483,0.04982887,0.4579897,0.232308,0.2598735
484,0.05260671,0.4459736,0.2286895,0.2727302
485,0.05441473,0.4401842,0.2250281,0.2803729
486,0.05549352,0.4380261,0.2222116,0.2842688
487,0.05607758,0.4377548,0.2203998,0.2857679
488,0.05636357,0.4383104,0.2193657,0.2859604
489,0.05650049,0.439128,0.218722,0.2856494
490,0.056589,0.4399644,0.2180872,0.2853593
491,0.05668949,0.4407532,0.2171685,0.2853888
492,0.05682938,0.4415092,0.21581,0.2858514
493,0.05803067,0.4337368,0.2165062,0.2917264
494,0.05898901,0.4294414,0.2151296,0.2964399
495,0.05973147,0.4273351,0.2128088,0.3001246
496,0.0602949,0.426589,0.2101775,0.3029386
497,0.06071545,0.4266383,0.2076049,0.3050414
498,0.06102489,0.4271089,0.2052914,0.3065748
499,0.06124998,0.4277618,0.2033258,0.3076624
500,0.06141224,0.4284528,0.2017272,0.3084077
501,0.06152865,0.4291027,0.2004732,0.3088953
502,0.06161283,0.429673,0.1995158,0.3091984
503,0.06167469,0.4301524,0.1988012,0.3093717
504,0.06172125,0.4305454,0.1982781,0.3094553
505,0.05851121,0.4561387,0.1920429,0.2933072
506,0.05638055,0.4697055,0.1911162,0.2827978
507,0.05509364,0.4763097,0.1919358,0.2766609
508,0.05433566,0.4792556,0.1932098,0.2731989
509,0.05390067,0.4803661,0.1944166,0.2713167
510,0.05365847,0.4806165,0.1953895,0.2703355
511,0.05352826,0.4805107,0.1961158,0.2698452
512,0.05346084,0.4802951,0.196639,0.2696051
513,0.05342684,0.4800791,0.1970159,0.2694782
514,0.05340913,0.4799034,0.1972981,0.2693894
515,0.05339812,0.4797756,0.1975259,0.2693003
516,0.05338873,0.4796902,0.1977273,0.2691938
517,0.05722841,0.4485525,0.205989,0.2882301
518,0.06019503,0.4289728,0.208345,0.3024872
519,0.06233231,0.4171179,0.2082591,0.3122908
520,0.06379114,0.4103465,0.2072967,0.3185656
521,0.06473236,0.4067715,0.2062531,0.322243
522,0.06530419,0.405096,0.2054547,0.3241452
523,0.06562972,0.4044727,0.2049662,0.3249314
524,0.06580317,0.4043825,0.2047242,0.3250902
525,0.06589182,0.4045303,0.2046187,0.3249591
526,0.0659406,0.4047649,0.20454,0.3247545
527,0.06597728,0.405019,0.2044014,0.3246022
528,0.06601726,0.4052708,0.2041484,0.3245635
529,0.06804976,0.3905712,0.2069753,0.3344037
530,0.06966166,0.3811281,0.2071384,0.3420719
531,0.07084882,0.3753461,0.206252,0.347553
532,0.07169713,0.3719959,0.2049692,0.3513377
533,0.07228854,0.3702064,0.2036296,0.3538754
534,0.07269428,0.3693768,0.2023856,0.3555433
535,0.07297121,0.3691074,0.2012884,0.3566329
536,0.07316183,0.3691431,0.2003407,0.3573543
537,0.07329615,0.3693287,0.1995258,0.3578493
538,0.07339428,0.369575,0.1988226,0.3582081
539,0.07346917,0.3698339,0.1982121,0.3584849
540,0.07352882,0.3700818,0.1976792,0.3587102
541,0.06716,0.4174627,0.1878299,0.3275473
542,0.06284277,0.4434847,0.1868259,0.3068466
543,0.06031664,0.4559623,0.1884967,0.2952243
544,0.05886825,0.4615496,0.1906289,0.2889532
545,0.05805284,0.4637604,0.1924635,0.2857233
546,0.05760426,0.4643981,0.1938269,0.2841707
547,0.05736455,0.4643687,0.194761,0.2835058
548,0.05724055,0.464109,0.1953703,0.2832801
549,0.05717805,0.4638138,0.1957614,0.2832467
550,0.05714627,0.4635572,0.1960209,0.2832757
551,0.05712818,0.4633565,0.1962122,0.2833031
552,0.05711478,0.463206,0.196378,0.2833013
553,0.05904443,0.44862,0.1992859,0.2930497
554,0.06048669,0.4399569,0.1993669,0.3001896
555,0.06146611,0.4351336,0.1985675,0.3048328
556,0.06209616,0.432671,0.1975907,0.3076422
557,0.06247741,0.4315768,0.1967614,0.3091845
558,0.06269079,0.4312174,0.1961907,0.3099011
559,0.06279665,0.4312112,0.1958804,0.3101117
560,0.0628373,0.431344,0.1957849,0.3100338
561,0.06284092,0.4315066,0.195845,0.3098074
562,0.06282549,0.4316514,0.1960042,0.3095189
563,0.06280205,0.4317635,0.1962153,0.309219
564,0.06277713,0.4318445,0.1964421,0.3089362
565,0.0600945,0.4524134,0.1917603,0.2957318
566,0.05828838,0.4635804,0.1910603,0.287071
567,0.0571712,0.4692012,0.1917066,0.2819209
568,0.05650096,0.4718209,0.1926805,0.2789976
569,0.05611139,0.4728934,0.1935648,0.2774303
570,0.05589321,0.4732192,0.1942311,0.2766564
571,0.05577659,0.4732213,0.1946772,0.276325
572,0.05571805,0.4731106,0.1949466,0.2762248
573,0.05569126,0.4729834,0.1950921,0.2762332
574,0.05568074,0.4728769,0.1951595,0.2762828
575,0.05567775,0.4727998,0.1951838,0.2763387
576,0.05567752,0.4727486,0.1951892,0.2763847
577,0.05691625,0.4632688,0.1972195,0.2825954
578,0.05781957,0.4578489,0.1972915,0.28704
579,0.05842047,0.4549688,0.1967311,0.2898797
580,0.05880165,0.4535924,0.1960214,0.2915845
581,0.05903133,0.4530538,0.1953849,0.2925299
582,0.05916176,0.4529445,0.1948981,0.2929957
583,0.05923036,0.4530282,0.1945647,0.2931768
584,0.05926246,0.4531779,0.1943583,0.2932013
585,0.05927435,0.4533324,0.1942444,0.2931488
586,0.05927606,0.4534666,0.1941915,0.2930659
587,0.05927345,0.4535744,0.1941741,0.292978
588,0.05926972,0.453658,0.1941742,0.292898
589,0.05836671,0.4604486,0.1928378,0.2883468
590,0.0577457,0.4641738,0.1927881,0.2852924
591,0.05735406,0.4660729,0.1931324,0.2834406
592,0.05711635,0.4669596,0.1935497,0.2823743
593,0.05697785,0.4673156,0.1939084,0.2817981
594,0.0569009,0.4674143,0.1941719,0.2815129
595,0.0568606,0.4674028,0.194346,0.2813907
596,0.05684119,0.4673547,0.1944511,0.2813529
597,0.05683303,0.4673038,0.1945093,0.2813539
598,0.05683032,0.4672622,0.1945399,0.2813675
599,0.05682981,0.4672324,0.1945575,0.2813803
600,0.05682977,0.4672123,0.194572,0.2813859
601,0.05448357,0.4855268,0.1901254,0.2698643
602,0.05295529,0.4948184,0.1896734,0.262553
603,0.05203106,0.4991412,0.1905055,0.2583222
604,0.05148509,0.5008978,0.1916447,0.2559724
605,0.0511701,0.5014002,0.1926969,0.2547328
606,0.05099253,0.5013416,0.1935426,0.2541232
607,0.05089414,0.5010725,0.1941809,0.2538524
608,0.05083948,0.5007573,0.1946546,0.2537487
609,0.0508074,0.5004642,0.1950142,0.2537142
610,0.05078588,0.5002136,0.1953036,0.253697
611,0.05076824,0.5000051,0.195556,0.2536707
612,0.05075099,0.4998309,0.1957943,0.2536238
613,0.05358249,0.4766387,0.2021663,0.2676125
614,0.05568326,0.4628849,0.2037273,0.2777045
615,0.05712683,0.4551401,0.2034014,0.2843316
616,0.05806233,0.4511227,0.2024583,0.2883566
617,0.05863079,0.4492855,0.2015207,0.290563
618,0.05895058,0.4486322,0.2008302,0.2915869
619,0.05911241,0.44856,0.2004261,0.2919015
620,0.05918108,0.4487302,0.200254,0.2918347
621,0.05920029,0.4489702,0.200228,0.2916015
622,0.05919817,0.4492038,0.200263,0.2913351
623,0.05919172,0.4494065,0.2002897,0.2911121
624,0.05919041,0.4495786,0.2002597,0.2909712
625,0.05845316,0.4555498,0.1986967,0.2873003
626,0.05795245,0.4589222,0.1982421,0.2848832
627,0.05764784,0.4607345,0.1981221,0.2834955
628,0.05747807,0.461667,0.1980539,0.2828009
629,0.05739634,0.4621292,0.1979284,0.2825461
630,0.05736889,0.4623563,0.1977242,0.2825505
631,0.05737257,0.4624763,0.1974586,0.2826925
632,0.05739219,0.4625535,0.1971602,0.282894
633,0.05741836,0.4626168,0.1968566,0.2831082
634,0.05744555,0.4626765,0.196569,0.2833089
635,0.05747074,0.4627345,0.1963115,0.2834833
636,0.0574925,0.4627892,0.1960919,0.2836264
637,0.05607738,0.4741553,0.1929953,0.276772
638,0.05512234,0.4802383,0.1923771,0.2722622
639,0.05452578,0.483262,0.1926494,0.2695629
640,0.05416478,0.4846143,0.193198,0.268023
641,0.05395256,0.4851014,0.1937559,0.2671902
642,0.05383087,0.485173,0.1942295,0.2667667
643,0.05376201,0.4850682,0.1946048,0.266565
644,0.05372245,0.4849067,0.1948991,0.2664718
645,0.05369798,0.4847423,0.1951377,0.266422
646,0.05368031,0.4845955,0.1953439,0.2663803
647,0.05366492,0.4844709,0.195535,0.2663292
648,0.05364949,0.4843662,0.1957225,0.2662618
649,0.05450131,0.4772069,0.1979022,0.2703897
650,0.05509203,0.4731326,0.1986364,0.273139
651,0.0554746,0.4709186,0.1987866,0.2748203
652,0.05570787,0.4697973,0.1987396,0.2757552
653,0.05584064,0.4692833,0.1986702,0.2762058
654,0.05590972,0.4690855,0.1986392,0.2763655
655,0.05594112,0.4690394,0.1986516,0.2763678
656,0.05595236,0.469058,0.1986895,0.2763002
657,0.05595465,0.4690995,0.1987291,0.2762167
658,0.05595485,0.4691466,0.1987493,0.2761492
659,0.05595686,0.4691944,0.1987346,0.2761142
660,0.05596261,0.4692432,0.1986759,0.2761183
661,0.05499686,0.477091,0.1964858,0.2714263
662,0.05434916,0.4813116,0.1959631,0.2683762
663,0.0539498,0.4834454,0.1960082,0.2665966
664,0.05371606,0.4844379,0.196201,0.265645
665,0.05358804,0.4848405,0.1963653,0.2652061
666,0.05352462,0.4849614,0.1964473,0.2650667
667,0.05349877,0.4849635,0.1964479,0.2650898
668,0.05349342,0.4849272,0.1963878,0.2651915
669,0.05349816,0.4848876,0.1962916,0.2653227
670,0.05350682,0.484857,0.1961809,0.2654553
671,0.05351598,0.4848367,0.1960722,0.2655751
672,0.05352385,0.4848238,0.1959764,0.265676
673,0.0566166,0.4603275,0.2021332,0.2809227
674,0.05896559,0.4454384,0.2033547,0.2922412
675,0.06062026,0.4368148,0.2026504,0.2999146
676,0.06172746,0.4321801,0.2012963,0.3047961
677,0.06243051,0.4299556,0.1999313,0.3076826
678,0.06285319,0.4290934,0.1988146,0.3092388
679,0.06309274,0.4289358,0.1980016,0.3099699
680,0.06321996,0.4290963,0.1974516,0.3102321
681,0.06328316,0.4293655,0.1970919,0.3102595
682,0.06331331,0.4296421,0.1968492,0.3101954
683,0.06332919,0.4298861,0.1966637,0.310121
684,0.06334126,0.4300887,0.1964935,0.3100765
685,0.06067616,0.4504599,0.1918704,0.2969936
686,0.0588761,0.4615012,0.191248,0.2883746
687,0.05777769,0.4670006,0.1918735,0.2833482
688,0.05713088,0.46952,0.1927705,0.2805786
689,0.05676517,0.4705139,0.1935526,0.2791684
690,0.05656867,0.4707786,0.194114,0.2785388
691,0.05647017,0.4707319,0.194468,0.2783299
692,0.05642563,0.470581,0.1946667,0.2783266
693,0.05640878,0.4704187,0.1947657,0.2784068
694,0.05640471,0.470279,0.1948098,0.2785065
695,0.05640526,0.4701689,0.1948312,0.2785946
696,0.05640631,0.4700844,0.1948506,0.2786587
697,0.0568154,0.4670314,0.1953885,0.2807646
698,0.05710786,0.465348,0.1952915,0.2822526
699,0.05729338,0.4645018,0.1950437,0.2831611
700,0.05740419,0.4641266,0.1947951,0.2836741
701,0.0574651,0.4639982,0.1946073,0.2839294
702,0.05749415,0.4639861,0.194495,0.2840248
703,0.05750383,0.4640186,0.1944509,0.2840267
704,0.05750236,0.4640605,0.1944598,0.2839774
705,0.05749489,0.4640965,0.1945055,0.2839032
706,0.05748468,0.464122,0.1945735,0.2838198
707,0.05747367,0.4641376,0.1946519,0.2837368
708,0.05746301,0.4641456,0.194732,0.2836594
709,0.05686834,0.4683104,0.1942081,0.2806131
710,0.05644599,0.4704853,0.1946111,0.2784576
711,0.05618176,0.4714746,0.1951923,0.2771513
712,0.05602268,0.4718349,0.1957462,0.2763963
713,0.05593154,0.471887,0.1961917,0.2759898
714,0.05588285,0.4718089,0.1965126,0.2757956
715,0.05585977,0.4716926,0.1967217,0.275726
716,0.05585162,0.4715808,0.1968412,0.2757263
717,0.05585183,0.4714895,0.1968947,0.2757639
718,0.05585625,0.4714221,0.1969033,0.2758183
719,0.05586249,0.4713758,0.1968835,0.2758782
720,0.05586923,0.4713457,0.1968475,0.2759376
721,0.05459897,0.4818252,0.1936971,0.2698787
722,0.05375098,0.4874433,0.1928329,0.2659727
723,0.05321708,0.4902805,0.1928732,0.2636293
724,0.0528921,0.4915836,0.1932231,0.2623013
725,0.0527002,0.4920829,0.1936189,0.2615979
726,0.05258996,0.4921885,0.1939624,0.2612591
727,0.05252792,0.49212,0.1942324,0.2611198
728,0.05249295,0.4919885,0.1944391,0.2610794
729,0.05247224,0.4918455,0.1946027,0.2610797
730,0.05245822,0.4917111,0.1947424,0.2610883
731,0.05244668,0.4915906,0.1948735,0.2610891
732,0.05243536,0.491483,0.1950066,0.2610749
733,0.05374624,0.4807765,0.1979304,0.2675467
734,0.05467354,0.4746915,0.1986477,0.2719872
735,0.05528313,0.4714137,0.1985302,0.274773
736,0.05566271,0.4697856,0.1981597,0.276392
737,0.05588525,0.46907,0.1978048,0.2772399
738,0.05600626,0.4688219,0.1975621,0.2776098
739,0.05606519,0.4687881,0.1974421,0.2777046
740,0.05608853,0.4688354,0.1974193,0.2776568
741,0.05609335,0.4689002,0.1974577,0.2775487
742,0.05609027,0.4689575,0.1975224,0.2774298
743,0.05608547,0.4690011,0.1975859,0.2773276
744,0.05608236,0.4690335,0.1976289,0.2772552
745,0.05645606,0.4658722,0.1986989,0.2789728
746,0.05672201,0.4640609,0.1990613,0.2801557
747,0.0569054,0.4630716,0.199075,0.2809479
748,0.05702914,0.4625787,0.198927,0.2814653
749,0.05711266,0.4623715,0.1987101,0.2818058
750,0.05717046,0.4623213,0.1984676,0.2820407
751,0.05721247,0.4623523,0.1982181,0.2822171
752,0.05724509,0.4624225,0.1979686,0.2823639
753,0.05727228,0.4625091,0.1977215,0.2824971
754,0.05729634,0.462601,0.1974773,0.2826255
755,0.05731843,0.4626927,0.1972369,0.2827519
756,0.05733905,0.4627823,0.197002,0.2828766
757,0.05846084,0.4541658,0.1990132,0.2883603
758,0.05927597,0.4491377,0.1993471,0.2922392
759,0.05983091,0.4463621,0.1990214,0.2947856
760,0.06019432,0.4449512,0.1984772,0.2963772
761,0.06042463,0.4443252,0.1979226,0.2973276
762,0.06056694,0.4441228,0.197438,0.2978723
763,0.06065372,0.4441308,0.1970398,0.2981758
764,0.06070701,0.4442301,0.1967173,0.2983455
765,0.06074104,0.4443588,0.1964521,0.2984481
766,0.06076452,0.4444883,0.1962257,0.2985215
767,0.06078256,0.4446077,0.1960235,0.2985862
768,0.06079797,0.4447148,0.1958354,0.2986519
769,0.0592986,0.4567781,0.1924783,0.2914449
770,0.05826726,0.4635269,0.1915799,0.286626
771,0.05761223,0.4670717,0.191617,0.2836991
772,0.05721139,0.4688052,0.1919621,0.2820213
773,0.05697488,0.4695642,0.1923355,0.2811254
774,0.0568407,0.4698302,0.1926343,0.2806947
775,0.05676785,0.4698682,0.1928384,0.2805255
776,0.05673027,0.4698161,0.1929612,0.2804924
777,0.05671202,0.4697401,0.1930256,0.2805222
778,0.05670349,0.4696687,0.1930543,0.2805735
779,0.05669922,0.469611,0.193065,0.2806248
780,0.05669631,0.4695675,0.1930697,0.2806666
781,0.05433052,0.4879198,0.188669,0.2690806
782,0.0527956,0.497194,0.1882321,0.2617783
783,0.05186685,0.5014952,0.1890739,0.257564
784,0.05131687,0.5032337,0.190218,0.2552314
785,0.05099801,0.5037231,0.1912703,0.2540085
786,0.05081693,0.5036559,0.1921098,0.2534173
787,0.05071574,0.5033814,0.1927339,0.2531689
788,0.05065931,0.5030631,0.1931834,0.2530941
789,0.05062688,0.5027683,0.1935075,0.2530974
790,0.05060647,0.5025169,0.1937494,0.2531272
791,0.0505915,0.5023088,0.1939417,0.253158
792,0.05057855,0.5021361,0.1941067,0.2531788
793,0.051969,0.4907791,0.1970924,0.2601595
794,0.05295401,0.4844373,0.1976156,0.2649931
795,0.05359945,0.4811135,0.1972478,0.2680392
796,0.05400126,0.4795389,0.1966229,0.2698369
797,0.05423813,0.4789141,0.1960316,0.2708162
798,0.05436938,0.4787615,0.1955762,0.2712929
799,0.05443673,0.4788137,0.1952666,0.271483
800,0.05446791,0.4789321,0.1950739,0.2715262
801,0.05448047,0.4790527,0.1949596,0.2715074
802,0.05448492,0.4791515,0.1948886,0.271475
803,0.05448721,0.4792243,0.194834,0.2714545
804,0.05449042,0.4792749,0.1947777,0.271457
805,0.05569473,0.4698375,0.1970626,0.2774051
806,0.05656306,0.4644415,0.1974039,0.2815915
807,0.05714832,0.4615364,0.1970009,0.2843144
808,0.05752854,0.460111,0.1963535,0.2860069
809,0.05776827,0.4595161,0.1956981,0.2870176
810,0.05791642,0.4593544,0.1951258,0.2876033
811,0.05800761,0.4593963,0.194656,0.2879401
812,0.05806494,0.459517,0.1942768,0.2881413
813,0.05810301,0.4596544,0.1939676,0.2882749
814,0.05813038,0.4597818,0.1937101,0.2883777
815,0.05815184,0.4598902,0.1934901,0.2884679
816,0.05816993,0.4599788,0.1932981,0.2885531
817,0.05650029,0.4730892,0.1900904,0.2803201
818,0.05538006,0.4800532,0.1896262,0.2749406
819,0.0546874,0.4834698,0.1900813,0.2717616
820,0.0542727,0.4849718,0.1907782,0.2699773
821,0.05403242,0.4854955,0.191433,0.2690391
822,0.05389803,0.4855566,0.1919542,0.2685913
823,0.05382558,0.4854263,0.1923366,0.2684115
824,0.05378773,0.4852386,0.1926076,0.2683661
825,0.05376797,0.4850528,0.1928015,0.2683778
826,0.05375677,0.4848899,0.1929484,0.268405
827,0.05374887,0.484753,0.1930714,0.2684266
828,0.05374146,0.4846385,0.1931867,0.2684334
829,0.05559411,0.469767,0.1970174,0.2776215
830,0.0569455,0.4610676,0.197835,0.284152
831,0.05785956,0.4562461,0.1975077,0.2883866
832,0.0584467,0.4537816,0.1968218,0.2909499
833,0.0588036,0.4526696,0.1961548,0.292372
834,0.05900684,0.4522793,0.1956532,0.2930607
835,0.05911263,0.4522367,0.1953441,0.2933065
836,0.05915974,0.4523351,0.1952013,0.2933039
837,0.05917368,0.4524699,0.1951801,0.2931763
838,0.05917065,0.4525949,0.1952356,0.2929989
839,0.05916041,0.4526947,0.19533,0.2928148
840,0.05914862,0.452769,0.1954353,0.2926471
841,0.05895298,0.4542185,0.1952445,0.2915839
842,0.05881633,0.4550458,0.1952866,0.2908513
843,0.05872909,0.4554948,0.1953862,0.2903899
844,0.05867713,0.4557283,0.1954758,0.2901188
845,0.05864937,0.4558465,0.1955281,0.289976
846,0.05863762,0.4559086,0.1955367,0.2899171
847,0.05863612,0.4559471,0.1955059,0.2899109
848,0.05864089,0.455979,0.1954435,0.2899365
849,0.05864926,0.4560122,0.1953586,0.28998
850,0.05865946,0.4560491,0.1952592,0.2900322
851,0.05867035,0.45609,0.1951524,0.2900872
852,0.05868116,0.4561341,0.1950438,0.290141
853,0.05544541,0.4816666,0.1885403,0.2743477
854,0.05336533,0.4945797,0.1875865,0.2644684
855,0.05212495,0.5005855,0.1884508,0.2588388
856,0.05139965,0.5030701,0.1897759,0.2557543
857,0.05098438,0.5038451,0.1910191,0.2541513
858,0.05075207,0.5038546,0.1920112,0.2533821
859,0.0506249,0.5035716,0.1927433,0.2530603
860,0.05055602,0.5032181,0.1932653,0.2529606
861,0.05051779,0.5028866,0.1936389,0.2529567
862,0.05049441,0.502606,0.1939186,0.2529809
863,0.05047715,0.5023775,0.1941461,0.2529992
864,0.0504614,0.5021914,0.1943506,0.2529966
865,0.05527281,0.4626194,0.2053573,0.2767504
866,0.05906183,0.4373645,0.2086421,0.2949316
867,0.06184739,0.4218177,0.2085839,0.3077509
868,0.06378163,0.4127883,0.2072602,0.3161699
869,0.06504707,0.4079362,0.2057626,0.3212541
870,0.06582327,0.4056116,0.2045664,0.3239988
871,0.06626619,0.4047081,0.2037913,0.3252344
