EwEVersion,"6.5.13829.0 (compiled 2016-05-17)"
Date,"2016-09-06 16:04:32"
ModelName,Baltic_Proper-SEALS
EcosimScenario,Proper1_SealVuln100_19742100_seal0_cofF03
TimeSeries,new_data_weights_19742100_BAU_WAR1_codF03_seal0
StartYear,1974

Data,"Prey of Temora sp"

Year,"Cyanobacteria","Phytoplankton","microzooplankton","Detritus-water column",
1974,0.03575868,0.6257872,0.1919152,0.1465388
1975,0.03568297,0.6123868,0.2028338,0.1490963
1976,0.02831195,0.647203,0.2035632,0.1209219
1977,0.02929848,0.6316591,0.2103662,0.1286761
1978,0.03128025,0.6173812,0.2130099,0.1383286
1979,0.03242605,0.6117117,0.212041,0.1438213
1980,0.02806403,0.6366475,0.2091209,0.1261675
1981,0.02750571,0.6336558,0.2128818,0.1259567
1982,0.02617924,0.6381227,0.2143457,0.1213523
1983,0.0284629,0.624148,0.214036,0.1333531
1984,0.02799036,0.6277713,0.2130584,0.13118
1985,0.03462185,0.575403,0.2317666,0.1582086
1986,0.02878701,0.627073,0.2117842,0.1323558
1987,0.04978675,0.4832111,0.2456073,0.2213949
1988,0.04372635,0.555142,0.2100189,0.1911127
1989,0.03939299,0.5865414,0.2008706,0.173195
1990,0.03663579,0.5981349,0.205063,0.1601663
1991,0.04659116,0.5363125,0.2181144,0.1989819
1992,0.03873276,0.5970353,0.1987731,0.1654587
1993,0.03930788,0.5856872,0.2071965,0.1678083
1994,0.035919,0.601882,0.209253,0.1529458
1995,0.03440941,0.6127945,0.2040963,0.1486998
1996,0.04303324,0.5522406,0.2224186,0.1823076
1997,0.04799558,0.5381433,0.213321,0.2005401
1998,0.03917495,0.5974805,0.1980298,0.1653147
1999,0.03077218,0.6371185,0.1990067,0.1331026
2000,0.04360868,0.5458432,0.2245666,0.1859815
2001,0.04539184,0.5536866,0.2102377,0.1906838
2002,0.04649252,0.5530701,0.2061227,0.1943147
2003,0.03188327,0.6293364,0.2039171,0.1348633
2004,0.04172572,0.5574864,0.2243534,0.1764345
2005,0.04533653,0.5496147,0.2162433,0.1888055
2006,0.04635803,0.5532904,0.2077992,0.1925524
2007,0.04956664,0.5392125,0.207006,0.2042149
2008,0.03790604,0.6069278,0.1975255,0.1576406
2009,0.03708431,0.6008464,0.2063765,0.1556929
2010,0.04609854,0.5404352,0.2239274,0.1895389
2011,0.04838416,0.5362723,0.2189559,0.1963876
2012,0.04785065,0.5528256,0.2034573,0.1958665
2013,0.0352562,0.6188362,0.1993352,0.1465724
2014,0.05370155,0.5009122,0.2255064,0.2198798
2015,0.06178167,0.4804337,0.2095781,0.2482065
2016,0.05476397,0.5282876,0.1964184,0.22053
2017,0.06554922,0.463661,0.2104647,0.2603251
2018,0.07457083,0.4243635,0.2092168,0.2918489
2019,0.05975503,0.5094261,0.1952949,0.235524
2020,0.06323326,0.4861747,0.200598,0.2499941
2021,0.05703467,0.5217232,0.1955134,0.2257287
2022,0.05957384,0.5066002,0.1977994,0.2360265
2023,0.0576943,0.5180994,0.1958825,0.2283238
2024,0.05157176,0.5494422,0.1934971,0.2054889
2025,0.05881206,0.5046179,0.2037969,0.2327731
2026,0.05818916,0.5129977,0.1995437,0.2292695
2027,0.05444409,0.5345668,0.1952404,0.2157488
2028,0.05613848,0.5215728,0.2002419,0.2220469
2029,0.05402661,0.5347608,0.1971952,0.2140174
2030,0.06300834,0.4861448,0.2027735,0.2480734
2031,0.05774559,0.5193773,0.1955139,0.2273632
2032,0.05796862,0.5161943,0.1967635,0.2290736
2033,0.05650371,0.5226327,0.1977504,0.2231132
2034,0.05306649,0.5414388,0.1946838,0.210811
2035,0.05610241,0.5219688,0.1994243,0.2225045
2036,0.05766952,0.5144356,0.2002255,0.2276694
2037,0.06116745,0.4977007,0.2004077,0.240724
2038,0.05777085,0.5196403,0.1944381,0.2281507
2039,0.05138099,0.5518039,0.1919334,0.2048817
2040,0.05431595,0.5318322,0.1969809,0.2168709
2041,0.05825244,0.5128937,0.197364,0.2314898
2042,0.05459697,0.5349696,0.192847,0.2175864
2043,0.05921127,0.50695,0.1985554,0.2352833
2044,0.05944172,0.507609,0.1978202,0.235129
2045,0.05150234,0.5511019,0.1918633,0.2055326
2046,0.06564236,0.4663238,0.2094736,0.2585603
2047,0.05399672,0.5398664,0.1923164,0.2138204
2048,0.05167508,0.5483135,0.1927211,0.2072903
2049,0.0584392,0.5082715,0.2007436,0.2325457
2050,0.06371997,0.4855881,0.1990778,0.2516141
2051,0.05165928,0.5532337,0.1888853,0.2062217
2052,0.05533921,0.5261335,0.1968889,0.2216384
2053,0.05877864,0.5086487,0.1990858,0.2334869
2054,0.05710075,0.5216408,0.1941213,0.2271371
2055,0.06396357,0.4835736,0.1994214,0.2530415
2056,0.06232286,0.4969217,0.1946145,0.246141
2057,0.06344165,0.4899765,0.1961029,0.250479
2058,0.0673408,0.4704134,0.1974528,0.264793
2059,0.06953429,0.4606128,0.1974962,0.2723567
2060,0.05869973,0.5204101,0.1886871,0.232203
2061,0.05711618,0.5227423,0.1928144,0.2273271
2062,0.06062832,0.5023769,0.1967038,0.240291
2063,0.05938205,0.5119628,0.1932717,0.2353833
2064,0.06644809,0.4732709,0.1982642,0.2620169
2065,0.05831718,0.5207767,0.1898839,0.2310222
2066,0.05251235,0.5472985,0.1899145,0.2102746
2067,0.06008776,0.5011757,0.199738,0.2389985
2068,0.0632316,0.4905431,0.1961966,0.2500287
2069,0.06193547,0.500205,0.1925947,0.2452648
2070,0.05855297,0.5167349,0.1921326,0.2325795
2071,0.06145922,0.499123,0.1957731,0.2436447
2072,0.0588547,0.5149971,0.1926818,0.2334664
2073,0.04858108,0.5682883,0.1877664,0.1953643
2074,0.05479928,0.5272955,0.1976041,0.2203011
2075,0.06398224,0.4810756,0.2012126,0.2537296
2076,0.06163069,0.501361,0.192596,0.2444123
2077,0.0591223,0.513716,0.1917284,0.2354333
2078,0.05942805,0.5092748,0.1950207,0.2362764
2079,0.05616255,0.5275988,0.1923195,0.2239191
2080,0.06841333,0.4590753,0.2025034,0.2700079
2081,0.05913441,0.5170308,0.1896245,0.2342102
2082,0.05911383,0.512687,0.1928154,0.2353837
2083,0.0554197,0.5310491,0.1926489,0.2208823
2084,0.06144579,0.4965901,0.1981315,0.2438326
2085,0.06048094,0.5057124,0.1944181,0.2393885
2086,0.05541397,0.5325152,0.1913916,0.2206792
2087,0.05271461,0.5426778,0.1938009,0.2108067
2088,0.05690095,0.5167254,0.2000083,0.2263654
2089,0.06124252,0.4971756,0.199448,0.2421339
2090,0.05610947,0.5277146,0.1935924,0.2225835
2091,0.06339287,0.4852589,0.2011168,0.2502314
2092,0.06647163,0.4721051,0.2012753,0.260148
2093,0.06040013,0.5082013,0.1936461,0.2377525
2094,0.06171376,0.4985944,0.1962533,0.2434385
2095,0.06672838,0.471861,0.1998594,0.2615512
2096,0.06238913,0.4989118,0.1934605,0.2452386
2097,0.06224784,0.4974401,0.1949578,0.2453543
2098,0.06682643,0.4720867,0.1990155,0.2620713
