EwEVersion,"6.5.13829.0 (compiled 2016-05-17)"
Date,"2016-09-06 16:04:32"
ModelName,Baltic_Proper-SEALS
EcosimScenario,Proper1_SealVuln100_19742100_seal0_cofF03
TimeSeries,new_data_weights_19742100_BAU_WAR1_codF03_seal0
StartYear,1974

Data,"Prey of Temora sp"

TimeStep,"Cyanobacteria","Phytoplankton","microzooplankton","Detritus-water column",
1,0.04225926,0.6065167,0.1818384,0.1693856
2,0.03843141,0.6257737,0.1810654,0.1547296
3,0.0365148,0.6314564,0.1842176,0.1478111
4,0.03551377,0.6320713,0.1878981,0.1445169
5,0.03498649,0.6309366,0.1910353,0.1430416
6,0.03471035,0.6293929,0.1934095,0.1424873
7,0.03456669,0.6279414,0.1951074,0.1423845
8,0.03449094,0.6267244,0.1962997,0.1424848
9,0.03444799,0.6257406,0.1971526,0.1426588
10,0.03441905,0.6249409,0.197799,0.142841
11,0.03439435,0.6242702,0.198335,0.1430005
12,0.03436902,0.623682,0.198825,0.1431241
13,0.03504702,0.6175472,0.2012598,0.146146
14,0.03547345,0.6146087,0.2018546,0.1480632
15,0.03571071,0.6132495,0.2019098,0.14913
16,0.03582744,0.6126234,0.2018863,0.1496628
17,0.03586937,0.6122902,0.2019732,0.1498673
18,0.0358667,0.6120398,0.2022164,0.1498771
19,0.03583881,0.6117858,0.2025973,0.1497781
20,0.03579811,0.6115039,0.2030725,0.1496255
21,0.03575267,0.6111991,0.2035918,0.1494565
22,0.03570799,0.6108875,0.2041071,0.1492974
23,0.03566799,0.6105883,0.2045756,0.1491682
24,0.03563545,0.6103187,0.204962,0.1490838
25,0.03168522,0.6408311,0.1948487,0.132635
26,0.02964744,0.6499566,0.1960325,0.1243634
27,0.0286395,0.6517194,0.1990227,0.1206185
28,0.02812166,0.6510121,0.2018997,0.1189665
29,0.02786311,0.6496834,0.2040507,0.1184028
30,0.02774151,0.6484029,0.20546,0.1183956
31,0.02769012,0.6473576,0.2062961,0.1186562
32,0.02767263,0.6465501,0.2067476,0.1190296
33,0.02766973,0.6459256,0.2069694,0.1194354
34,0.02767111,0.6454218,0.2070757,0.1198313
35,0.02767178,0.6449878,0.2071418,0.1201985
36,0.02766954,0.6445874,0.2072133,0.1205297
37,0.02845109,0.6369651,0.2103782,0.1242056
38,0.02894338,0.6335509,0.2109403,0.1265653
39,0.02922915,0.6321344,0.2106663,0.1279702
40,0.02938368,0.6316024,0.2102372,0.1287767
41,0.02945791,0.6313975,0.2099236,0.1292209
42,0.02948493,0.6312666,0.2097943,0.1294541
43,0.02948536,0.631112,0.209833,0.1295696
44,0.02947164,0.6309086,0.2099968,0.129623
45,0.02945112,0.6306613,0.2102404,0.1296472
46,0.0294286,0.6303865,0.2105206,0.1296643
47,0.02940696,0.6301019,0.2108028,0.1296882
48,0.02938797,0.629823,0.2110612,0.1297279
49,0.03022137,0.6217711,0.2145301,0.1334775
50,0.03075721,0.6181589,0.2152077,0.1358762
51,0.0310782,0.6167274,0.214903,0.1372914
52,0.03126489,0.6163185,0.2143048,0.1381118
53,0.03137182,0.6163386,0.2136969,0.1385926
54,0.03143433,0.6165078,0.2131615,0.1388964
55,0.031474,0.616708,0.2126987,0.1391193
56,0.0315032,0.6168982,0.212284,0.1393146
57,0.03152857,0.6170697,0.2118927,0.139509
58,0.03155274,0.6172238,0.2115135,0.1397099
59,0.03157659,0.6173632,0.2111428,0.1399174
60,0.03160006,0.6174892,0.2107833,0.1401275
61,0.03194922,0.6139861,0.2123996,0.141665
62,0.03216113,0.6123072,0.2129683,0.1425634
63,0.03230232,0.6115549,0.2129701,0.1431727
64,0.03239315,0.6112732,0.2127598,0.1435739
65,0.03245208,0.6112144,0.2124862,0.1438474
66,0.03249156,0.6112514,0.2122104,0.1440465
67,0.03251944,0.6113232,0.2119536,0.1442037
68,0.03254034,0.6114015,0.2117212,0.144337
69,0.03255688,0.6114739,0.2115141,0.1444552
70,0.03257072,0.6115365,0.2113287,0.144564
71,0.03258264,0.6115885,0.2111632,0.1446657
72,0.03259306,0.6116302,0.2110162,0.1447605
73,0.03030401,0.6312861,0.2037389,0.1346709
74,0.02904118,0.6380054,0.2037009,0.1292524
75,0.02836677,0.6397136,0.2053659,0.1265537
76,0.02800392,0.6395267,0.2072059,0.1252636
77,0.02781017,0.6387452,0.2087269,0.1247177
78,0.02770728,0.6378844,0.209853,0.1245553
79,0.02765162,0.6371161,0.2106545,0.1245777
80,0.02761905,0.6364709,0.2112332,0.1246769
81,0.02759641,0.6359282,0.2116798,0.1247956
82,0.02757679,0.6354556,0.2120627,0.1249049
83,0.02755669,0.6350243,0.2124275,0.1249915
84,0.02753452,0.6346132,0.2128022,0.1250501
85,0.02758659,0.6344589,0.2124016,0.1255529
86,0.02762656,0.6344942,0.2118825,0.1259966
87,0.02762882,0.6345138,0.2116553,0.126202
88,0.02761395,0.6344552,0.2116396,0.1262912
89,0.02758896,0.6343102,0.2117955,0.1263052
90,0.02755711,0.6340895,0.2120893,0.1262641
91,0.02752015,0.6338085,0.212492,0.1261792
92,0.02747921,0.6334829,0.2129785,0.1260593
93,0.0274353,0.6331269,0.2135259,0.1259119
94,0.02738957,0.6327532,0.2141115,0.1257457
95,0.02734348,0.6323741,0.2147112,0.1255712
96,0.0272988,0.6320019,0.2152984,0.1254009
97,0.02674976,0.6367372,0.2135378,0.1229753
98,0.0264229,0.6384377,0.2135247,0.1216147
99,0.02622928,0.638844,0.21404,0.1208869
100,0.02611997,0.6387477,0.2145708,0.1205615
101,0.0260634,0.6385122,0.214935,0.1204894
102,0.0260402,0.6382878,0.2150927,0.1205793
103,0.02603832,0.6381235,0.2150642,0.120774
104,0.02605009,0.6380225,0.2148913,0.1210361
105,0.02607037,0.63797,0.2146201,0.1213395
106,0.02609539,0.6379458,0.2142948,0.121664
107,0.02612229,0.6379318,0.2139529,0.121993
108,0.02614889,0.6379134,0.2136239,0.1223138
109,0.02715872,0.628536,0.2170938,0.1272113
110,0.02782937,0.6245598,0.2171495,0.1304614
111,0.02823782,0.6231818,0.2161831,0.1323973
112,0.02847921,0.6229627,0.2150434,0.1335147
113,0.02861698,0.6231716,0.2140788,0.1341327
114,0.02869282,0.6234723,0.2133772,0.1344576
115,0.02873287,0.623732,0.2129184,0.1346167
116,0.02875281,0.6239138,0.2126483,0.1346851
117,0.02876174,0.6240219,0.2125106,0.1347058
118,0.02876473,0.6240725,0.2124608,0.1347019
119,0.02876464,0.6240831,0.212466,0.1346863
120,0.02876306,0.6240683,0.2125027,0.134666
121,0.02840233,0.6271316,0.2115198,0.1329462
122,0.02817755,0.628211,0.2117312,0.1318802
123,0.02805204,0.6284446,0.2121859,0.1313175
124,0.02798159,0.628346,0.2126468,0.1310256
125,0.02794281,0.628147,0.2130231,0.130887
126,0.02792186,0.6279442,0.213301,0.130833
127,0.02791063,0.6277705,0.2134951,0.1308238
128,0.02790448,0.6276315,0.2136271,0.1308369
129,0.02790091,0.6275222,0.2137164,0.1308605
130,0.02789855,0.6274355,0.2137778,0.1308881
131,0.02789669,0.6273651,0.2138215,0.1309167
132,0.02789495,0.627306,0.2138545,0.1309445
133,0.03065085,0.5983096,0.2276385,0.143401
134,0.03256273,0.5828114,0.2330687,0.1515572
135,0.03383421,0.5752503,0.2342731,0.1566423
136,0.03461134,0.5720226,0.2339525,0.1594136
137,0.03505505,0.5709564,0.2332959,0.1606926
138,0.03529407,0.5708637,0.2327275,0.1611147
139,0.03541952,0.5711622,0.2323028,0.1611155
140,0.03549044,0.5716034,0.231938,0.1609682
141,0.03554242,0.572102,0.2315259,0.1608296
142,0.03559602,0.5726427,0.2309755,0.1607858
143,0.03566169,0.5732319,0.2302314,0.160875
144,0.03574385,0.5738794,0.2292692,0.1611076
145,0.03195019,0.6100616,0.2137857,0.1442025
146,0.03004842,0.6233385,0.2105123,0.1361007
147,0.0290988,0.628192,0.2103015,0.1324077
148,0.02862046,0.6297182,0.2108355,0.1308257
149,0.02838237,0.6299728,0.2113832,0.1302617
150,0.02826682,0.6298009,0.2117612,0.130171
151,0.02821267,0.6295306,0.2119743,0.1302824
152,0.02818824,0.6292707,0.2120768,0.1304642
153,0.02817729,0.6290432,0.2121239,0.1306556
154,0.02817148,0.628841,0.2121578,0.1308298
155,0.02816665,0.6286499,0.2122072,0.1309763
156,0.0281607,0.6284574,0.2122902,0.1310916
157,0.03472828,0.5643542,0.2396912,0.1612262
158,0.04058484,0.5214308,0.2505951,0.1873892
159,0.04530258,0.4943512,0.2528247,0.2075215
160,0.04879257,0.4786167,0.2510623,0.2215284
161,0.05116981,0.470391,0.2481976,0.2302417
162,0.05265837,0.4667407,0.2456858,0.2349152
163,0.05350786,0.4656244,0.2440389,0.2368289
164,0.05394025,0.4657604,0.2432369,0.2370625
165,0.05412736,0.466437,0.2430176,0.2364181
166,0.05419026,0.4673143,0.2430564,0.2354391
167,0.05420845,0.4682623,0.2430615,0.2344678
168,0.05423032,0.4692502,0.2428192,0.2337003
169,0.04855016,0.517,0.2255255,0.2089242
170,0.04541732,0.5389424,0.2198619,0.1957784
171,0.04405222,0.549458,0.2156175,0.1908722
172,0.04341233,0.5552698,0.2122164,0.1891014
173,0.04309561,0.5586369,0.2097553,0.1885121
174,0.04294925,0.5606992,0.2079122,0.1884393
175,0.04288836,0.5620319,0.2065427,0.1885371
176,0.04286762,0.5629374,0.2055508,0.1886441
177,0.04286429,0.5635803,0.2048554,0.1887
178,0.04286774,0.5640528,0.2043864,0.1886931
179,0.04287312,0.5644095,0.2040873,0.1886301
180,0.04287818,0.5646853,0.2039153,0.1885211
181,0.04130099,0.5781647,0.1989375,0.1815969
182,0.04033046,0.5844141,0.1978659,0.1773894
183,0.03975451,0.5871081,0.19821,0.1749275
184,0.03941651,0.5880791,0.1990123,0.1734921
185,0.03921933,0.5882666,0.1998706,0.1726435
186,0.03910331,0.5881366,0.2006438,0.1721164
187,0.03903221,0.5879068,0.2013078,0.1717532
188,0.03898434,0.5876691,0.2018845,0.171462
189,0.03894685,0.5874543,0.2024089,0.1711899
190,0.03891243,0.5872657,0.2029139,0.1709079
191,0.0388769,0.5870962,0.2034263,0.1706006
192,0.038838,0.5869362,0.2039657,0.17026
193,0.03790483,0.5944884,0.2015148,0.166092
194,0.03731602,0.597797,0.2014185,0.1634685
195,0.03694726,0.5990525,0.2021876,0.1618125
196,0.03671444,0.5993344,0.2032092,0.1607421
197,0.03656368,0.5991977,0.2042227,0.1600159
198,0.03646186,0.5989166,0.2051318,0.1594896
199,0.03638925,0.598618,0.2059121,0.1590806
200,0.03633462,0.5983545,0.2065666,0.1587442
201,0.03629192,0.5981442,0.2071051,0.1584587
202,0.03625831,0.5979899,0.2075354,0.1582164
203,0.03623264,0.5978889,0.2078623,0.1580161
204,0.03621458,0.597837,0.2080894,0.1578592
205,0.04006597,0.5647874,0.2208415,0.1743051
206,0.04298521,0.5459951,0.2246092,0.1864105
207,0.04501963,0.5361236,0.2244169,0.1944399
208,0.04635155,0.5316222,0.2226805,0.1993458
209,0.04717795,0.5301,0.2206309,0.202091
210,0.04767158,0.5300758,0.2187681,0.2034845
211,0.0479641,0.530709,0.2172056,0.2041213
212,0.04814629,0.5315692,0.2158874,0.2043971
213,0.04827528,0.532463,0.2147122,0.2045495
214,0.04838158,0.5333192,0.2136071,0.2046921
215,0.04847981,0.5341199,0.2125326,0.2048678
216,0.04857496,0.5348656,0.2114812,0.2050782
217,0.04356259,0.5754305,0.1969627,0.1840442
218,0.04081399,0.5921867,0.1941646,0.1728347
219,0.03934526,0.5987105,0.1948309,0.1671133
220,0.03855472,0.60082,0.1963971,0.1642282
221,0.03813424,0.6011029,0.1979248,0.1628379
222,0.03791652,0.6007254,0.1991314,0.1622267
223,0.03780838,0.6001912,0.1999937,0.1620066
224,0.03775772,0.5996953,0.2005784,0.1619685
225,0.03773562,0.599293,0.2009694,0.1620021
226,0.03772626,0.5989819,0.2012408,0.162051
227,0.0377213,0.5987409,0.2014494,0.1620885
228,0.03771649,0.598546,0.2016347,0.1621028
229,0.03845241,0.591603,0.2048213,0.1651233
230,0.03891934,0.5880435,0.2061103,0.1669268
231,0.03920747,0.5862759,0.2065587,0.167958
232,0.03937257,0.5854444,0.2067178,0.1684653
233,0.03945803,0.5850636,0.2068371,0.1686413
234,0.03949425,0.5848758,0.2070108,0.1686192
235,0.0395015,0.5847553,0.2072571,0.1684861
236,0.03949277,0.5846486,0.2075611,0.1682975
237,0.03947629,0.5845396,0.2078959,0.1680882
238,0.03945729,0.5844294,0.2082326,0.1678807
239,0.03943906,0.5843266,0.2085448,0.1676895
240,0.03942364,0.5842413,0.208811,0.1675241
241,0.03773551,0.596797,0.2052789,0.1601886
242,0.03670697,0.6016741,0.2058674,0.1557515
243,0.03614175,0.6031883,0.207248,0.153422
244,0.03583362,0.6033375,0.2085942,0.1522346
245,0.03567247,0.6030234,0.2096149,0.1516892
246,0.03559404,0.6026336,0.2102751,0.1514972
247,0.03556061,0.6023111,0.2106372,0.151491
248,0.03555027,0.6020886,0.2107871,0.151574
249,0.03555063,0.601954,0.2108032,0.1516922
250,0.03555527,0.6018831,0.2107432,0.1518185
251,0.03556089,0.6018521,0.2106471,0.15194
252,0.03556598,0.6018425,0.2105404,0.1520511
253,0.03504671,0.6080003,0.2067482,0.1502048
254,0.03475018,0.6111393,0.2047869,0.1493236
255,0.0345533,0.612717,0.2039497,0.14878
256,0.03443122,0.613447,0.2036178,0.1485039
257,0.03435694,0.6137356,0.2035162,0.1483913
258,0.0343115,0.6138014,0.2035189,0.1483682
259,0.03428273,0.6137574,0.2035712,0.1483887
260,0.03426309,0.6136599,0.2036514,0.1484256
261,0.03424811,0.6135356,0.2037522,0.1484641
262,0.03423524,0.6133968,0.2038715,0.1484964
263,0.03422305,0.6132491,0.2040086,0.1485194
264,0.03421086,0.6130947,0.2041623,0.148532
265,0.03769515,0.5811387,0.2179831,0.1631831
266,0.04021313,0.563128,0.2233623,0.1732966
267,0.04192865,0.5536495,0.2246081,0.1798138
268,0.04300783,0.549151,0.2242841,0.183557
269,0.04363775,0.5473191,0.2236259,0.1854173
270,0.04397867,0.5467799,0.22311,0.1861314
271,0.04415103,0.5467986,0.2228135,0.1862368
272,0.0442379,0.547031,0.2226363,0.1860947
273,0.04429255,0.5473477,0.2224294,0.1859304
274,0.04434565,0.5477201,0.2220677,0.1858666
275,0.04441259,0.548156,0.2214742,0.1859571
276,0.04449794,0.548667,0.2206282,0.1862069
277,0.04578295,0.5405953,0.2219913,0.1916304
278,0.0467487,0.5368668,0.2206657,0.1957188
279,0.04740926,0.5355587,0.2185771,0.198455
280,0.04785121,0.5355359,0.2163777,0.2002352
281,0.04814288,0.5361192,0.2143732,0.2013647
282,0.04833489,0.5369269,0.2126722,0.2020662
283,0.04846254,0.5377603,0.2112845,0.2024927
284,0.04854928,0.5385281,0.2101777,0.2027448
285,0.04861005,0.5391971,0.2093073,0.2028856
286,0.04865423,0.5397636,0.2086282,0.202954
287,0.04868753,0.5402371,0.2081015,0.2029739
288,0.04871338,0.5406314,0.2076956,0.2029597
289,0.04394898,0.5781223,0.1946238,0.1833048
290,0.04129865,0.5936531,0.19236,0.1726883
291,0.03985536,0.5996227,0.193357,0.167165
292,0.03906079,0.6014345,0.1951915,0.1643132
293,0.03862453,0.6015245,0.1969619,0.1628891
294,0.0383874,0.6009965,0.1983932,0.1622229
295,0.03825976,0.6003292,0.1994648,0.1619462
296,0.0381907,0.5997068,0.2002458,0.1618567
297,0.0381515,0.5991806,0.2008234,0.1618445
298,0.03812639,0.5987466,0.2012736,0.1618533
299,0.03810686,0.5983832,0.2016548,0.1618552
300,0.0380885,0.5980663,0.2020075,0.1618377
301,0.03434164,0.628301,0.1911789,0.1461784
302,0.03235529,0.6387722,0.1907244,0.1381481
303,0.03129273,0.6416462,0.1929563,0.1341048
304,0.03071149,0.6415693,0.1956256,0.1320935
305,0.03039031,0.6404918,0.1979693,0.1311486
306,0.03021065,0.6392131,0.1998165,0.1307599
307,0.03010715,0.6380253,0.2012164,0.1306511
308,0.03004368,0.6370038,0.2022793,0.1306732
309,0.03000048,0.6361386,0.203113,0.1307478
310,0.02996677,0.6353943,0.2038048,0.1308341
311,0.02993708,0.6347346,0.2044149,0.1309134
312,0.02990883,0.6341313,0.2049811,0.1309788
313,0.03480097,0.5891019,0.2238842,0.152213
314,0.0387348,0.5623646,0.2300325,0.1688681
315,0.041584,0.5477586,0.2302817,0.1803756
316,0.0434786,0.5407403,0.2282554,0.1875257
317,0.04463513,0.5380005,0.2259336,0.1914308
318,0.04527982,0.5373898,0.2241489,0.1931814
319,0.04560309,0.5376698,0.2230676,0.1936595
320,0.04574573,0.5382258,0.2225307,0.1934978
321,0.04580339,0.5388182,0.2222621,0.1931163
322,0.04583464,0.5393996,0.2220032,0.1927625
323,0.04587236,0.5399976,0.2215627,0.1925673
324,0.04593157,0.5406519,0.2208365,0.1925801
325,0.04552314,0.5456542,0.2180081,0.1908145
326,0.04531731,0.5487144,0.2159456,0.1900226
327,0.04523282,0.5507508,0.2142347,0.1897817
328,0.04522432,0.5522245,0.212677,0.1898742
329,0.04525696,0.5533779,0.2112344,0.1901307
330,0.04530786,0.5543303,0.2099213,0.1904404
331,0.04536336,0.5551372,0.2087605,0.1907389
332,0.04541603,0.5558245,0.2077663,0.1909931
333,0.04546233,0.5564064,0.2069417,0.1911895
334,0.04550172,0.5568938,0.2062745,0.19133
335,0.04553456,0.5572973,0.2057473,0.1914208
336,0.04556158,0.5576283,0.2053408,0.1914693
337,0.04596169,0.5548449,0.2061616,0.1930319
338,0.04622913,0.5534753,0.2062973,0.1939982
339,0.04640086,0.5528708,0.2061818,0.1945464
340,0.04650707,0.5526686,0.2060104,0.194814
341,0.04656973,0.5526594,0.2058719,0.194899
342,0.04660394,0.5527282,0.2058012,0.1948666
343,0.04661958,0.5528155,0.2058066,0.1947583
344,0.04662303,0.5528927,0.2058841,0.1946
345,0.04661836,0.5529485,0.206025,0.1944082
346,0.04660789,0.5529794,0.2062214,0.1941914
347,0.04659326,0.5529863,0.2064647,0.1939558
348,0.04657565,0.5529714,0.2067463,0.1937066
349,0.03834045,0.6139966,0.1883173,0.1593456
350,0.03444865,0.6320336,0.1900482,0.1434695
351,0.03257497,0.6361827,0.1950293,0.136213
352,0.03161592,0.6357162,0.1998838,0.132784
353,0.03111774,0.6339377,0.203706,0.1312386
354,0.03085928,0.6320583,0.2064444,0.130638
355,0.03072491,0.6304585,0.2083191,0.1304975
356,0.03065273,0.6291926,0.2095922,0.1305625
357,0.03060982,0.6282021,0.2104861,0.130702
358,0.03057901,0.627405,0.2111649,0.130851
359,0.03055176,0.6267298,0.2117385,0.13098
360,0.03052408,0.626123,0.2122751,0.1310778
361,0.0347202,0.5889479,0.2271142,0.1492177
362,0.03801474,0.5681387,0.2305993,0.1632472
363,0.04030514,0.5575331,0.2295922,0.1725695
364,0.04177118,0.5529606,0.2271083,0.1781599
365,0.04263161,0.5515547,0.2247161,0.1810975
366,0.04308785,0.5515676,0.2230143,0.1823304
367,0.04329746,0.5520587,0.2220664,0.1825774
368,0.04337095,0.5526025,0.2216963,0.1823302
369,0.04338037,0.5530614,0.2216556,0.1819027
370,0.04337098,0.553439,0.2217008,0.1814892
371,0.04336926,0.5537918,0.2216382,0.1812008
372,0.0433889,0.5541808,0.2213392,0.1810912
373,0.04403919,0.5495871,0.2227409,0.1836328
374,0.04450769,0.5475636,0.2224849,0.1854438
375,0.04484802,0.5469694,0.2214195,0.1867632
376,0.04510246,0.5471666,0.2199619,0.1877691
377,0.04529977,0.5477757,0.2183501,0.1885745
378,0.04545771,0.5485736,0.2167271,0.1892417
379,0.04558671,0.5494297,0.2151822,0.1898015
380,0.04569304,0.5502687,0.2137695,0.1902688
381,0.04578081,0.5510488,0.2125181,0.1906523
382,0.04585277,0.5517487,0.2114405,0.1909581
383,0.04591138,0.5523602,0.210535,0.1911934
384,0.04595886,0.5528839,0.2097902,0.1913671
385,0.04612167,0.552535,0.2093088,0.1920346
386,0.04623876,0.5525413,0.2087309,0.192489
387,0.04631573,0.552711,0.2082231,0.1927502
388,0.04636546,0.5529346,0.2078196,0.1928803
389,0.04639665,0.553157,0.2075256,0.1929207
390,0.04641493,0.5533531,0.2073345,0.1928975
391,0.0464237,0.5535137,0.2072361,0.1928265
392,0.04642493,0.5536371,0.2072218,0.1927161
393,0.04641968,0.5537246,0.207285,0.1925706
394,0.04640888,0.5537786,0.2074183,0.1923942
395,0.04639311,0.5538017,0.2076156,0.1921895
396,0.04637284,0.5537972,0.2078711,0.1919588
397,0.04774123,0.5446712,0.209873,0.1977146
398,0.04871857,0.5401424,0.2093699,0.2017691
399,0.04931665,0.5382264,0.208373,0.204084
400,0.04966267,0.5376673,0.2073921,0.2052779
401,0.04984684,0.5377382,0.2066429,0.2057721
402,0.04993196,0.5380455,0.2061708,0.2058518
403,0.04995999,0.5383955,0.2059409,0.2057036
404,0.04995784,0.5387083,0.2058886,0.2054453
405,0.04994223,0.5389631,0.2059457,0.205149
406,0.04992294,0.5391667,0.206054,0.2048562
407,0.04990558,0.5393361,0.2061677,0.2045906
408,0.04989311,0.5394892,0.2062537,0.2043641
409,0.04361884,0.5863847,0.191252,0.1787445
410,0.04031393,0.6040908,0.1899648,0.1656304
411,0.03860372,0.6101704,0.1920393,0.1591866
412,0.03769667,0.6116108,0.1946684,0.1560241
413,0.03721716,0.6113046,0.196923,0.1545553
414,0.03696788,0.6104757,0.1985997,0.1539568
415,0.03684085,0.6096112,0.1997614,0.1537865
416,0.03677633,0.6088716,0.2005451,0.153807
417,0.03674151,0.6082802,0.2010849,0.1538934
418,0.03671879,0.607811,0.2014871,0.1539831
419,0.03669904,0.6074271,0.201827,0.1540468
420,0.03667779,0.6070958,0.2021534,0.154073
421,0.03693912,0.6041896,0.2036667,0.1552047
422,0.03708594,0.6026353,0.2044665,0.1558123
423,0.0371617,0.6017681,0.2049606,0.1561095
424,0.03718835,0.6012471,0.2053731,0.1561914
425,0.03718391,0.6008872,0.2057901,0.1561388
426,0.0371611,0.6005967,0.2062334,0.1560088
427,0.03712868,0.600336,0.2066941,0.1558413
428,0.03709268,0.6000925,0.2071504,0.1556644
429,0.03705749,0.5998671,0.2075763,0.1554991
430,0.03702634,0.5996664,0.2079455,0.1553618
431,0.03700159,0.5994987,0.2082347,0.155265
432,0.03698483,0.5993713,0.2084267,0.1552172
433,0.04050035,0.5683716,0.2216178,0.1695103
434,0.04302582,0.5507718,0.2268986,0.1793038
435,0.04476206,0.5413964,0.2281265,0.185715
436,0.04586848,0.5368856,0.2277522,0.1894937
437,0.04653808,0.5350442,0.2268857,0.191532
438,0.04693495,0.5345634,0.22594,0.1925616
439,0.04718078,0.5347347,0.2249765,0.193108
440,0.04735727,0.535215,0.2239154,0.1935124
441,0.04751314,0.5358593,0.2226602,0.1939675
442,0.04767028,0.5366115,0.2211748,0.1945435
443,0.04783355,0.5374432,0.2194899,0.1952334
444,0.04799772,0.538326,0.2176914,0.1959849
445,0.0481366,0.5373994,0.2181515,0.1963126
446,0.04818439,0.5368418,0.2187606,0.1962132
447,0.04823553,0.5364622,0.2191075,0.1961947
448,0.04828434,0.536217,0.2192889,0.1962097
449,0.04833101,0.5360686,0.2193522,0.1962481
450,0.04837578,0.5359904,0.2193307,0.1963031
451,0.04841857,0.5359629,0.2192502,0.1963684
452,0.04845903,0.5359716,0.2191318,0.1964375
453,0.04849673,0.5360053,0.2189933,0.1965047
454,0.04853161,0.536055,0.2188463,0.1965671
455,0.04856364,0.5361144,0.2186994,0.1966227
456,0.04859277,0.5361786,0.218559,0.1966696
457,0.04820616,0.5427192,0.2133995,0.1956751
458,0.04812815,0.5471107,0.2086409,0.1961203
459,0.04804666,0.5501601,0.2054711,0.1963221
460,0.04796785,0.5522641,0.2034107,0.1963574
461,0.04789791,0.5536793,0.202123,0.1962999
462,0.04783887,0.5545993,0.2013673,0.1961944
463,0.04778944,0.5551714,0.2009785,0.1960606
464,0.04774665,0.555503,0.2008471,0.1959034
465,0.04770723,0.5556695,0.2009026,0.1957205
466,0.04766833,0.5557228,0.201101,0.1955079
467,0.04762762,0.5556967,0.2014144,0.1952613
468,0.04758292,0.5556106,0.2018319,0.1949746
469,0.04106287,0.6033131,0.1873381,0.168286
470,0.03771978,0.6196365,0.1877078,0.154936
471,0.0360111,0.6242756,0.1912779,0.1484354
472,0.03510093,0.6245465,0.1951478,0.1452048
473,0.03460881,0.6233441,0.1984089,0.1436382
474,0.03434038,0.6218347,0.2008982,0.1429268
475,0.03419089,0.6204464,0.2027202,0.1426425
476,0.03410293,0.6192917,0.2040483,0.1425569
477,0.03404535,0.6183605,0.2050436,0.1425505
478,0.0340015,0.6176028,0.2058324,0.1425632
479,0.03396318,0.6169677,0.2065001,0.1425691
480,0.03392672,0.6164151,0.2070984,0.1425598
481,0.0403652,0.5624886,0.2275375,0.1696087
482,0.04589731,0.5278316,0.2338365,0.1924346
483,0.05013851,0.5069192,0.2337516,0.2091907
484,0.05313533,0.4955006,0.2309875,0.2203766
485,0.05507876,0.4901115,0.2277742,0.2270355
486,0.05622735,0.4882003,0.2251501,0.2304223
487,0.05683795,0.4880596,0.2233883,0.2317142
488,0.05712683,0.4886706,0.2223364,0.2318663
489,0.05725726,0.4895107,0.2216516,0.2315804
490,0.05733873,0.4903727,0.2209766,0.2313119
491,0.05743629,0.4912156,0.2200295,0.2313188
492,0.05757902,0.4920665,0.2186568,0.2316977
493,0.05891268,0.4843622,0.2197969,0.2369283
494,0.05996913,0.4802344,0.2187041,0.2410923
495,0.06078248,0.4783398,0.2165534,0.2443244
496,0.06139564,0.4778145,0.2140145,0.2467753
497,0.06185005,0.4780721,0.2114844,0.2485934
498,0.06218171,0.4787261,0.209183,0.2499092
499,0.06242074,0.4795322,0.2072124,0.2508347
500,0.06259122,0.4803461,0.2055999,0.2514628
501,0.06271195,0.4810907,0.2043286,0.2518688
502,0.06279796,0.4817317,0.2033535,0.2521167
503,0.06286017,0.4822627,0.2026225,0.2522546
504,0.06290619,0.4826922,0.2020846,0.252317
505,0.05928472,0.5083858,0.1945817,0.2377478
506,0.05692641,0.5216784,0.1929665,0.2284287
507,0.05552122,0.528007,0.1934254,0.2230464
508,0.05470294,0.5307447,0.1945158,0.2200365
509,0.05423839,0.5317135,0.1956347,0.2184133
510,0.05398265,0.5318723,0.19657,0.217575
511,0.05384692,0.5317085,0.1972833,0.2171613
512,0.05377766,0.5314556,0.1978044,0.2169623
513,0.05374326,0.5312147,0.1981827,0.2168594
514,0.05372543,0.5310201,0.1984666,0.2167878
515,0.0537141,0.5308761,0.1986947,0.2167151
516,0.05370395,0.5307747,0.1988947,0.2166265
517,0.05796988,0.4998006,0.2086579,0.2335716
518,0.06127346,0.4803239,0.2120776,0.2463251
519,0.06365287,0.4685504,0.2126713,0.2551255
520,0.06527139,0.4618554,0.212107,0.2607663
521,0.0663086,0.4583443,0.2112754,0.2640718
522,0.06693193,0.4567126,0.2105757,0.2657798
523,0.06728071,0.4561126,0.2101224,0.2664843
524,0.06746135,0.4560299,0.209883,0.2666257
525,0.0675494,0.4561774,0.2097661,0.266507
526,0.06759493,0.4564118,0.2096715,0.2663217
527,0.06762867,0.4566722,0.2095176,0.2661816
528,0.06766737,0.4569407,0.2092512,0.2661408
529,0.06999733,0.4419243,0.212899,0.2751794
530,0.07183848,0.4323415,0.2136112,0.2822089
531,0.07318912,0.4265191,0.213065,0.2872268
532,0.07414908,0.4231895,0.211979,0.2906825
533,0.07481384,0.4214529,0.2107432,0.2929901
534,0.07526619,0.4206899,0.209546,0.2944979
535,0.07557208,0.4204897,0.2084628,0.2954754
536,0.07578053,0.4205917,0.2075116,0.2961162
537,0.07592598,0.4208382,0.2066848,0.296551
538,0.07603136,0.4211394,0.2059664,0.2968629
539,0.07611126,0.4214472,0.2053402,0.2971014
540,0.07617465,0.4217386,0.2047924,0.2972943
541,0.06879478,0.4703869,0.192402,0.2684163
542,0.06393094,0.4962803,0.1900609,0.2497278
543,0.06113887,0.5083958,0.1910663,0.2393991
544,0.05956128,0.5136816,0.1928732,0.233884
545,0.05868478,0.5156897,0.1945586,0.2310669
546,0.0582093,0.5162036,0.1958628,0.2297244
547,0.05795945,0.516103,0.1967808,0.2291567
548,0.05783304,0.5158044,0.1973926,0.2289699
549,0.05777125,0.5154883,0.1977923,0.2289482
550,0.05774097,0.5152194,0.1980608,0.2289789
551,0.05772418,0.5150096,0.1982593,0.229007
552,0.05771149,0.51485,0.1984297,0.2290089
553,0.05986747,0.5003609,0.2020638,0.2377077
554,0.06147284,0.4918428,0.2026173,0.2440671
555,0.06255795,0.4871493,0.2020947,0.2481981
556,0.0632512,0.484791,0.2012661,0.2506918
557,0.06366663,0.4837709,0.2005067,0.2520557
558,0.06389575,0.4834564,0.1999617,0.2526861
559,0.06400645,0.4834705,0.1996541,0.2528689
560,0.064046,0.4836051,0.1995509,0.252798
561,0.06404566,0.4837571,0.1995997,0.2525975
562,0.06402524,0.4838839,0.1997472,0.2523437
563,0.06399671,0.4839745,0.1999478,0.2520809
564,0.06396709,0.4840334,0.2001658,0.2518338
565,0.06094189,0.5046722,0.1944644,0.2399216
566,0.05894002,0.5156394,0.1931963,0.2322243
567,0.05771744,0.5210527,0.1935383,0.2276916
568,0.05699208,0.5235143,0.1943554,0.2251382
569,0.05657512,0.5244818,0.1951646,0.2237785
570,0.05634449,0.5247441,0.1957994,0.2231121
571,0.05622316,0.5247111,0.1962359,0.2228299
572,0.05616364,0.5245836,0.1965057,0.222747
573,0.05613745,0.5244502,0.1966552,0.2227571
574,0.05612801,0.5243431,0.1967272,0.2228017
575,0.05612606,0.5242674,0.1967554,0.222851
576,0.05612665,0.5242183,0.1967638,0.2228913
577,0.05750232,0.5148431,0.1992503,0.2284042
578,0.05849952,0.5095564,0.1996116,0.2323325
579,0.05915871,0.5067899,0.1992171,0.2348343
580,0.05957358,0.5055017,0.1985948,0.2363299
581,0.059821,0.5050259,0.1979987,0.2371545
582,0.0599595,0.5049572,0.1975261,0.2375571
583,0.06003072,0.5050648,0.1971938,0.2377107
584,0.06006263,0.5052266,0.1969826,0.2377282
585,0.06007311,0.5053855,0.196862,0.2376793
586,0.06007302,0.5055197,0.1968023,0.2376049
587,0.06006864,0.5056254,0.1967791,0.2375268
588,0.06006338,0.5057061,0.1967743,0.2374561
589,0.05905317,0.5124504,0.1951059,0.2333905
590,0.05836678,0.5160829,0.1948616,0.2306887
591,0.05793812,0.5179011,0.1950992,0.2290616
592,0.0576804,0.5187281,0.1954612,0.2281303
593,0.05753177,0.5190446,0.1957935,0.2276301
594,0.05745019,0.5191191,0.1960463,0.2273844
595,0.05740815,0.519094,0.1962175,0.2272803
596,0.0573884,0.5190393,0.1963231,0.2272492
597,0.05738046,0.5189855,0.1963829,0.2272512
598,0.05737812,0.5189429,0.1964152,0.2272638
599,0.05737793,0.5189127,0.196434,0.2272753
600,0.05737807,0.5188921,0.1964493,0.2272806
601,0.05478049,0.53699,0.1911615,0.217068
602,0.05311616,0.5459538,0.1902496,0.2106805
603,0.0521223,0.5500181,0.1908396,0.2070201
604,0.05154203,0.5515969,0.1918567,0.2050043
605,0.0512114,0.5519854,0.1928525,0.2039507
606,0.05102776,0.5518569,0.1936763,0.2034391
607,0.05092792,0.5515455,0.1943098,0.2032167
608,0.05087376,0.5512046,0.1947858,0.2031358
609,0.05084281,0.5508943,0.1951501,0.2031128
610,0.05082237,0.5506303,0.195444,0.2031034
611,0.05080551,0.5504094,0.1956996,0.2030855
612,0.05078866,0.5502221,0.1959397,0.2030497
613,0.05389826,0.5273924,0.2033577,0.2153517
614,0.05620326,0.5139285,0.2056299,0.2242384
615,0.0577828,0.506403,0.205737,0.2300772
616,0.05880081,0.5025465,0.2050333,0.2336193
617,0.05941411,0.5008169,0.204213,0.235556
618,0.05975452,0.5002257,0.2035691,0.2364508
619,0.05992282,0.5001805,0.2031739,0.2367227
620,0.05999057,0.500355,0.2029931,0.2366613
621,0.06000576,0.5005867,0.2029523,0.2364552
622,0.05999895,0.5008082,0.202972,0.2362208
623,0.05998847,0.5010014,0.2029857,0.2360245
624,0.05998438,0.5011702,0.202946,0.2358995
625,0.05915743,0.5071424,0.2010907,0.2326095
626,0.05860202,0.5104728,0.2004642,0.2304611
627,0.05826696,0.512251,0.2002499,0.2292322
628,0.05808173,0.5131673,0.200134,0.2286169
629,0.05799346,0.5136306,0.1999875,0.2283884
630,0.05796445,0.5138717,0.1997768,0.228387
631,0.05796911,0.5140136,0.1995117,0.2285055
632,0.05799086,0.5141164,0.1992168,0.228676
633,0.05801944,0.5142056,0.1989174,0.2288575
634,0.05804891,0.5142897,0.1986337,0.2290276
635,0.05807608,0.5143693,0.1983792,0.2291754
636,0.05809942,0.5144422,0.198162,0.2292964
637,0.05652613,0.5257447,0.1945397,0.2231895
638,0.05547899,0.5316801,0.1936218,0.219219
639,0.05483209,0.5345746,0.1937316,0.2168618
640,0.05444479,0.5358316,0.1941967,0.2155269
641,0.05421975,0.5362542,0.1947154,0.2148107
642,0.05409246,0.5362837,0.1951734,0.2144505
643,0.05402165,0.5361519,0.1955447,0.2142819
644,0.05398176,0.535972,0.1958398,0.2142064
645,0.05395751,0.5357938,0.1960809,0.2141678
646,0.05394011,0.5356351,0.1962893,0.2141356
647,0.05392476,0.5354984,0.1964818,0.214095
648,0.0539091,0.5353811,0.1966696,0.2140402
649,0.05485,0.528286,0.1991683,0.2176957
650,0.05549796,0.5242807,0.2001,0.2201213
651,0.05591477,0.5221207,0.2003639,0.2216007
652,0.05616683,0.5210345,0.200377,0.2224217
653,0.05630872,0.5205388,0.2003356,0.2228169
654,0.05638131,0.5203466,0.2003148,0.2229574
655,0.05641327,0.520298,0.2003283,0.2229603
656,0.05642373,0.5203106,0.2003634,0.2229023
657,0.05642485,0.5203457,0.2003991,0.2228303
658,0.05642403,0.5203884,0.2004158,0.2227718
659,0.05642538,0.5204352,0.2003985,0.2227408
660,0.05643094,0.5204872,0.2003385,0.2227433
661,0.05536092,0.5282741,0.1977866,0.2185784
662,0.05465214,0.5323943,0.1970556,0.2158979
663,0.05421953,0.5344487,0.1969882,0.2143435
664,0.05396892,0.5353901,0.1971246,0.2135164
665,0.05383337,0.5357661,0.1972643,0.2131362
666,0.05376749,0.5358782,0.1973388,0.2130156
667,0.05374176,0.5358829,0.1973402,0.2130351
668,0.05373767,0.5358557,0.1972846,0.213122
669,0.05374408,0.5358282,0.1971938,0.2132339
670,0.05375437,0.5358104,0.1970886,0.2133468
671,0.05376497,0.5358018,0.1969845,0.2134486
672,0.05377406,0.5357991,0.1968925,0.2135343
673,0.05719725,0.5115534,0.2042063,0.227043
674,0.05979702,0.4968913,0.2062222,0.2370896
675,0.06162484,0.4884589,0.2060086,0.2439078
676,0.06284236,0.4839846,0.2049321,0.248241
677,0.06360989,0.4818858,0.2037082,0.2507961
678,0.0640665,0.4811143,0.2026525,0.2521667
679,0.0643213,0.481017,0.2018571,0.2528046
680,0.06445339,0.4812148,0.2013039,0.2530278
681,0.0645164,0.4815062,0.2009328,0.2530447
682,0.06454448,0.4817965,0.2006771,0.252982
683,0.06455808,0.4820508,0.20048,0.2529111
684,0.06456848,0.4822637,0.2003005,0.2528673
685,0.06155971,0.5027213,0.1946644,0.2410547
686,0.05956255,0.5135702,0.1934778,0.2333895
687,0.05835951,0.5188736,0.1938057,0.2289612
688,0.05765925,0.5212486,0.1945533,0.2265388
689,0.05726811,0.522151,0.1952674,0.2253135
690,0.05706109,0.5223644,0.1958038,0.2247708
691,0.05695961,0.5222932,0.1961535,0.2245938
692,0.05691552,0.5221333,0.1963568,0.2245944
693,0.05690037,0.5219702,0.1964631,0.2246664
694,0.05689821,0.5218329,0.1965143,0.2247546
695,0.05690041,0.5217258,0.1965415,0.2248322
696,0.05690269,0.5216433,0.1965653,0.2248887
697,0.05735741,0.5186356,0.1972525,0.2267545
698,0.05767979,0.5170094,0.1972473,0.2280635
699,0.05788274,0.5162081,0.1970501,0.2288591
700,0.0580029,0.5158641,0.1968267,0.2293062
701,0.0580682,0.5157547,0.1966497,0.2295274
702,0.05809874,0.5157517,0.1965403,0.2296092
703,0.05810836,0.5157865,0.1964951,0.2296101
704,0.05810603,0.5158256,0.1965013,0.229567
705,0.0580974,0.5158561,0.1965438,0.2295027
706,0.05808597,0.5158744,0.1966087,0.2294309
707,0.05807377,0.5158823,0.1966844,0.2293596
708,0.05806205,0.5158827,0.1967621,0.2292933
709,0.05740168,0.5199728,0.1960296,0.2265958
710,0.0569381,0.5220459,0.1963077,0.2247083
711,0.05665099,0.5229536,0.1968225,0.2235728
712,0.05647992,0.5232545,0.1973438,0.2229217
713,0.05638313,0.5232667,0.1977757,0.2225745
714,0.05633228,0.5231637,0.1980931,0.2224109
715,0.05630887,0.5230336,0.1983033,0.2223542
716,0.05630131,0.5229155,0.1984261,0.222357
717,0.05630246,0.5228232,0.1984833,0.2223911
718,0.05630792,0.5227576,0.1984956,0.2224389
719,0.05631515,0.522715,0.198479,0.2224909
720,0.05632279,0.5226895,0.1984456,0.2225422
721,0.05491712,0.5330961,0.1948257,0.217161
722,0.05399124,0.5385845,0.1936949,0.2137293
723,0.0534146,0.5413103,0.193589,0.2116862
724,0.05306732,0.5425333,0.1938632,0.2105362
725,0.05286467,0.5429806,0.1942232,0.2099315
726,0.05274995,0.5430545,0.1945525,0.2096431
727,0.0526866,0.5429674,0.1948191,0.2095268
728,0.0526518,0.542825,0.1950275,0.2094956
729,0.05263178,0.5426751,0.1951944,0.2094988
730,0.05261852,0.542535,0.1953375,0.2095089
731,0.05260759,0.5424088,0.1954715,0.2095122
732,0.05259666,0.5422944,0.1956065,0.2095024
733,0.05403976,0.5317425,0.1990114,0.2152064
734,0.05505497,0.5258036,0.2000336,0.2191078
735,0.05571846,0.5226386,0.2000936,0.2215494
736,0.05612856,0.5210891,0.1998181,0.2229642
737,0.05636667,0.520422,0.1995089,0.2237026
738,0.05649436,0.5201985,0.1992838,0.2240233
739,0.05655508,0.5201727,0.1991673,0.2241049
740,0.05657781,0.5202177,0.1991415,0.2240631
741,0.05658106,0.5202749,0.1991746,0.2239695
742,0.05657627,0.5203229,0.1992339,0.223867
743,0.05657001,0.5203583,0.1992929,0.2237788
744,0.05656587,0.5203849,0.1993328,0.2237164
745,0.05698069,0.5172217,0.2005454,0.2252522
746,0.05727326,0.5154281,0.200996,0.2263027
747,0.05747337,0.5144629,0.201062,0.2270017
748,0.05760723,0.5139945,0.2009435,0.2274548
749,0.05769679,0.5138105,0.2007424,0.2277504
750,0.05775821,0.5137816,0.200508,0.2279522
751,0.05780253,0.5138329,0.2002624,0.2281022
752,0.05783679,0.5139224,0.2000149,0.228226
753,0.05786531,0.514028,0.1997688,0.2283378
754,0.05789058,0.5141386,0.1995254,0.2284454
755,0.05791383,0.514249,0.1992858,0.2285513
756,0.05793562,0.5143569,0.1990517,0.2286558
757,0.05918618,0.5057809,0.2014824,0.2335505
758,0.06008922,0.5008297,0.2020821,0.2369989
759,0.06070019,0.4981321,0.201913,0.2392548
760,0.06109735,0.4967891,0.2014548,0.2406588
761,0.06134685,0.4962173,0.2009434,0.2414924
762,0.06149939,0.4960564,0.2004777,0.2419666
763,0.06159126,0.4960954,0.2000855,0.2422278
764,0.06164688,0.4962185,0.1997629,0.2423716
765,0.06168192,0.4963661,0.1994951,0.2424568
766,0.06170586,0.4965117,0.1992656,0.2425169
767,0.06172425,0.4966456,0.1990605,0.2425697
768,0.06174005,0.4967664,0.1988699,0.2426236
769,0.06005596,0.5088734,0.1949367,0.2361339
770,0.05891369,0.5155362,0.1937053,0.2318447
771,0.05819608,0.5189857,0.1935589,0.2292593
772,0.0577615,0.5206442,0.1938079,0.2277864
773,0.05750791,0.5213529,0.1941349,0.2270043
774,0.05736594,0.5215889,0.1944144,0.2266308
775,0.05729023,0.5216113,0.194613,0.2264855
776,0.05725223,0.5215527,0.1947366,0.2264585
777,0.05723459,0.5214754,0.1948043,0.2264857
778,0.05722699,0.5214053,0.1948367,0.226531
779,0.05722361,0.5213497,0.1948506,0.2265762
780,0.05722139,0.521308,0.1948578,0.2266128
781,0.05460486,0.539422,0.1896217,0.2163515
782,0.05293514,0.5483591,0.1887296,0.2099762
783,0.05193765,0.5523978,0.1893321,0.2063325
784,0.05135399,0.5539576,0.1903556,0.2043328
785,0.05101991,0.5543334,0.1913525,0.2032941
786,0.05083309,0.5541977,0.1921709,0.2027983
787,0.05073073,0.5538833,0.1927909,0.202595
788,0.05067514,0.5535425,0.1932438,0.2025385
789,0.05064422,0.5532346,0.1935738,0.2025473
790,0.05062538,0.5529752,0.1938218,0.2025775
791,0.05061178,0.5527612,0.1940194,0.2026076
792,0.05059991,0.5525829,0.1941886,0.2026285
793,0.05212296,0.5414565,0.1976764,0.2087442
794,0.05319631,0.5353193,0.1985198,0.2129645
795,0.05389569,0.5321497,0.198338,0.2156165
796,0.05432796,0.5306841,0.1978125,0.2171755
797,0.05458045,0.5301304,0.1972688,0.2180204
798,0.05471862,0.5300205,0.1968325,0.2184284
799,0.0547882,0.5300958,0.1965273,0.2185887
800,0.0548194,0.5302251,0.1963328,0.2186227
801,0.05483118,0.5303501,0.1962146,0.2186041
802,0.05483475,0.5304509,0.1961399,0.2185745
803,0.05483643,0.5305254,0.1960828,0.2185554
804,0.05483942,0.530579,0.1960252,0.2185564
805,0.05617203,0.5212505,0.1987514,0.223826
806,0.05712714,0.5159805,0.1993726,0.2275198
807,0.05776696,0.5131859,0.1991335,0.2299137
808,0.05817959,0.5118499,0.1985756,0.2313949
809,0.05843748,0.5113233,0.1979651,0.2322741
810,0.05859526,0.5112124,0.1974129,0.2327795
811,0.05869127,0.5112917,0.1969501,0.233067
812,0.05875094,0.5114405,0.1965721,0.2332364
813,0.05879024,0.5116003,0.1962619,0.2333477
814,0.05881839,0.511746,0.1960028,0.2334327
815,0.05884055,0.5118704,0.1957816,0.2335074
816,0.05885933,0.5119733,0.195589,0.2335783
817,0.05699933,0.5249944,0.1917694,0.2262368
818,0.05576948,0.5317717,0.1909596,0.2214992
819,0.0550178,0.5350298,0.1912297,0.2187227
820,0.05457275,0.5364184,0.1918329,0.2171759
821,0.05431804,0.5368681,0.1924449,0.216369
822,0.05417772,0.536884,0.1929503,0.2159881
823,0.05410365,0.5367275,0.1933303,0.2158385
824,0.05406614,0.5365252,0.1936045,0.2158041
825,0.0540474,0.536331,0.1938035,0.215818
826,0.05403733,0.5361626,0.1939554,0.2158446
827,0.05403036,0.5360211,0.1940826,0.215866
828,0.05402361,0.5359012,0.194201,0.2158741
829,0.05607339,0.5211987,0.1987159,0.224012
830,0.05756278,0.512672,0.1999795,0.2297857
831,0.05856543,0.5079935,0.1999172,0.2335239
832,0.05920522,0.5056379,0.1993762,0.2357807
833,0.05959063,0.504601,0.1987802,0.2370281
834,0.0598073,0.5042562,0.1983074,0.237629
835,0.05991777,0.5042361,0.1980048,0.2378412
836,0.05996489,0.5043404,0.197858,0.2378366
837,0.05997666,0.5044709,0.1978287,0.2377237
838,0.05997067,0.5045857,0.1978753,0.2375683
839,0.05995745,0.5046731,0.1979617,0.2374078
840,0.05994301,0.5047349,0.1980601,0.237262
841,0.05972311,0.5061674,0.1977951,0.2363144
842,0.05957083,0.5069715,0.1977918,0.2356659
843,0.0594742,0.5074012,0.1978652,0.2352593
844,0.05941692,0.5076215,0.1979403,0.2350212
845,0.05938638,0.5077325,0.1979852,0.234896
846,0.0593734,0.5077923,0.1979904,0.234844
847,0.05937158,0.5078326,0.1979581,0.2348377
848,0.05937652,0.5078692,0.1978953,0.234859
849,0.05938531,0.5079089,0.1978104,0.2348955
850,0.05939605,0.5079535,0.1977111,0.2349394
851,0.0594075,0.5080026,0.1976044,0.2349856
852,0.05941882,0.5080548,0.1974957,0.2350307
853,0.05581955,0.5334086,0.1898126,0.2209592
854,0.05354931,0.5459133,0.1882332,0.2123041
855,0.0522142,0.5515868,0.1887735,0.2074256
856,0.05144305,0.5538445,0.1899362,0.2047762
857,0.05100712,0.5544769,0.1911043,0.2034117
858,0.05076683,0.5544014,0.1920671,0.2027647
859,0.0506378,0.55407,0.1927924,0.2024998
860,0.05056969,0.5536896,0.1933175,0.2024232
861,0.05053309,0.5533428,0.1936975,0.2024267
862,0.05051136,0.5530522,0.1939837,0.2024527
863,0.05049543,0.5528154,0.1942164,0.2024727
864,0.05048059,0.5526206,0.1944245,0.2024742
865,0.05577975,0.5135486,0.2072408,0.2234309
866,0.05997645,0.4885513,0.2118731,0.2395991
867,0.06306893,0.473164,0.2127037,0.2510634
868,0.0652134,0.46426,0.2119128,0.2586138
869,0.06660955,0.4595086,0.2107052,0.2631766
870,0.06745836,0.457256,0.2096479,0.2656377
871,0.06793578,0.4563954,0.2089259,0.266743
872,0.06818118,0.4562353,0.2085186,0.2670649
