EwEVersion,"6.5.13829.0 (compiled 2016-05-17)"
Date,"2016-09-06 16:04:32"
ModelName,Baltic_Proper-SEALS
EcosimScenario,Proper1_SealVuln100_19742100_seal0_cofF03
TimeSeries,new_data_weights_19742100_BAU_WAR1_codF03_seal0
StartYear,1974

Data,"Prey of microzooplankton"

TimeStep,"Cyanobacteria","Phytoplankton","Detritus-water column",
1,0.0008785256,0.5158164,0.4833051
2,0.0008198718,0.5461308,0.4530493
3,0.0007911188,0.559675,0.4395338
4,0.0007766322,0.5654634,0.4337601
5,0.0007692975,0.5675439,0.4316868
6,0.0007655739,0.5678974,0.431337
7,0.0007636457,0.5675094,0.431727
8,0.0007625801,0.5668615,0.4323759
9,0.0007619071,0.5661771,0.433061
10,0.0007613972,0.5655503,0.4336883
11,0.0007609448,0.5650129,0.4342261
12,0.0007605043,0.5645697,0.4346699
13,0.0007726948,0.5569893,0.442238
14,0.0007796324,0.5525924,0.446628
15,0.0007832795,0.5502692,0.4489475
16,0.0007850192,0.5491337,0.4500813
17,0.0007856891,0.5486611,0.4505533
18,0.0007857836,0.5485436,0.4506706
19,0.000785586,0.5486045,0.45061
20,0.0007852534,0.5487427,0.450472
21,0.0007848715,0.5488992,0.4503158
22,0.0007844871,0.5490367,0.4501787
23,0.0007841254,0.54913,0.4500859
24,0.0007838001,0.549161,0.4500553
25,0.0007128019,0.5897602,0.4095269
26,0.0006786226,0.6086188,0.3907025
27,0.0006622651,0.6165195,0.3828183
28,0.0006541656,0.6195205,0.3798253
29,0.0006501476,0.6201602,0.3791896
30,0.0006481193,0.6197114,0.3796404
31,0.000647025,0.6188141,0.3805389
32,0.0006463414,0.6177795,0.3815741
33,0.0006458191,0.6167487,0.3826056
34,0.0006453432,0.6157827,0.3835718
35,0.0006448679,0.6149006,0.3844545
36,0.0006443789,0.6141027,0.3852529
37,0.0006596079,0.6041189,0.3952215
38,0.0006681603,0.598319,0.4010129
39,0.0006726587,0.5951244,0.404203
40,0.0006748312,0.593407,0.4059182
41,0.0006757188,0.5924978,0.4068265
42,0.0006759249,0.5920126,0.4073115
43,0.0006757872,0.5917385,0.4075857
44,0.0006754882,0.5915614,0.4077632
45,0.0006751236,0.591422,0.4079029
46,0.0006747453,0.591285,0.4080403
47,0.0006743785,0.5911316,0.4081939
48,0.0006740356,0.590951,0.4083749
49,0.0006902047,0.5809171,0.4183927
50,0.0006995352,0.5751517,0.4241487
51,0.0007046558,0.5720504,0.427245
52,0.0007073485,0.5704287,0.4288639
53,0.0007086945,0.5695848,0.4297064
54,0.0007093266,0.5691155,0.4301751
55,0.0007096,0.5688021,0.4304884
56,0.0007097046,0.5685337,0.4307567
57,0.0007097368,0.5682601,0.4310302
58,0.0007097392,0.5679685,0.4313217
59,0.0007097298,0.5676602,0.4316302
60,0.0007097147,0.5673422,0.4319481
61,0.0007164613,0.5632625,0.436021
62,0.0007203276,0.5610325,0.4382472
63,0.0007226323,0.5596789,0.4395985
64,0.0007239576,0.5588757,0.4404005
65,0.0007247046,0.5583827,0.4408926
66,0.0007251185,0.5580565,0.4412184
67,0.0007253435,0.5578166,0.4414581
68,0.0007254618,0.5576205,0.4416541
69,0.0007255198,0.5574478,0.4418266
70,0.0007255449,0.5572874,0.4419871
71,0.0007255507,0.5571351,0.4421394
72,0.0007255446,0.5569903,0.4422842
73,0.0006834582,0.5824492,0.4168673
74,0.0006619956,0.5949562,0.4043818
75,0.0006510922,0.600673,0.3986759
76,0.0006455063,0.6030594,0.3962951
77,0.0006426264,0.6038129,0.3955446
78,0.0006411021,0.6038029,0.395556
79,0.0006402352,0.6034724,0.3958874
80,0.0006396709,0.6030402,0.3963201
81,0.0006392344,0.6026087,0.3967521
82,0.0006388442,0.6022215,0.3971396
83,0.0006384642,0.6018935,0.397468
84,0.0006380806,0.6016265,0.3977354
85,0.0006383589,0.6006067,0.3987549
86,0.0006383623,0.5997743,0.3995873
87,0.0006379871,0.5993913,0.3999707
88,0.000637499,0.5992,0.4001625
89,0.0006369814,0.5991188,0.4002442
90,0.0006364624,0.5991138,0.4002497
91,0.0006359488,0.599169,0.4001951
92,0.0006354408,0.5992742,0.4000904
93,0.000634937,0.5994203,0.3999447
94,0.0006344387,0.5995958,0.3997697
95,0.0006339511,0.5997854,0.3995806
96,0.0006334829,0.5999701,0.3993964
97,0.0006227616,0.6064318,0.3929455
98,0.0006168393,0.6097195,0.3896638
99,0.0006135149,0.6112986,0.3880879
100,0.0006116548,0.6119035,0.3874849
101,0.0006106101,0.6119584,0.3874309
102,0.0006100218,0.6116985,0.3876915
103,0.0006096922,0.6112547,0.3881356
104,0.0006095131,0.6107025,0.3886879
105,0.000609424,0.6100881,0.3893025
106,0.0006093886,0.6094444,0.3899462
107,0.0006093818,0.6087967,0.3905939
108,0.0006093866,0.6081648,0.3912258
109,0.0006286778,0.5952079,0.4041633
110,0.0006399935,0.5875787,0.4117814
111,0.0006462695,0.5834679,0.4158858
112,0.0006496438,0.5813385,0.4180119
113,0.0006513968,0.5802957,0.419053
114,0.0006522773,0.5798237,0.419524
115,0.0006527056,0.579637,0.4197103
116,0.0006529087,0.5795842,0.4197629
117,0.0006530037,0.579589,0.419758
118,0.0006530487,0.5796157,0.4197313
119,0.000653072,0.5796481,0.4196989
120,0.0006530865,0.579679,0.419668
121,0.0006465263,0.5839973,0.4153562
122,0.000642908,0.586369,0.4129882
123,0.0006410361,0.5874959,0.4118631
124,0.0006400722,0.5879971,0.4113629
125,0.000639583,0.5881769,0.4111835
126,0.0006393338,0.5881988,0.4111619
127,0.0006391992,0.5881489,0.4112118
128,0.0006391154,0.588071,0.4112898
129,0.0006390518,0.5879853,0.4113756
130,0.000638994,0.5879009,0.4114601
131,0.0006389362,0.587821,0.4115402
132,0.0006388758,0.5877467,0.4116144
133,0.0006936348,0.5539035,0.4454028
134,0.0007288627,0.5336701,0.4656011
135,0.0007507709,0.5221894,0.4770598
136,0.0007637936,0.5164051,0.4828311
137,0.000771332,0.5139413,0.4852873
138,0.0007756632,0.5132437,0.4859806
139,0.0007782071,0.5133716,0.4858502
140,0.0007798017,0.513792,0.4854282
141,0.000780919,0.514224,0.4849951
142,0.0007818191,0.5145273,0.4846909
143,0.0007826357,0.5146451,0.4845723
144,0.0007834331,0.5145659,0.4846506
145,0.0007134796,0.5573162,0.4419704
146,0.0006796735,0.5767962,0.4225241
147,0.0006628307,0.5853825,0.4139547
148,0.0006542469,0.588886,0.4104598
149,0.000649803,0.5900308,0.4093193
150,0.0006474481,0.5901346,0.409218
151,0.000646146,0.589825,0.4095289
152,0.0006453753,0.5893884,0.4099663
153,0.000644874,0.5889467,0.4104084
154,0.0006445107,0.5885469,0.4108086
155,0.0006442193,0.5882028,0.4111529
156,0.000643966,0.5879158,0.4114402
157,0.0007674717,0.5102121,0.4890205
158,0.0008618384,0.4529794,0.5461587
159,0.0009292632,0.4148309,0.5842398
160,0.0009752012,0.3913346,0.6076903
161,0.001005398,0.3780966,0.620898
162,0.001024707,0.3715591,0.6274162
163,0.001036843,0.3691057,0.6298575
164,0.001044451,0.3689415,0.6300141
165,0.001049305,0.3699113,0.6290394
166,0.001052532,0.3713154,0.627632
167,0.001054822,0.3727529,0.6261922
168,0.001056582,0.3740117,0.6249317
169,0.0009734679,0.4240737,0.5749528
170,0.0009275723,0.450286,0.5487865
171,0.0009042085,0.4613762,0.5377195
172,0.0008911829,0.4663131,0.5327957
173,0.0008836554,0.4685968,0.5305195
174,0.0008793158,0.4696119,0.5295088
175,0.0008768507,0.4700748,0.5290483
176,0.0008755011,0.470335,0.5287895
177,0.000874826,0.4705457,0.5285795
178,0.0008745682,0.4707634,0.5283619
179,0.0008745721,0.471004,0.5281214
180,0.0008747407,0.4712694,0.5278558
181,0.0008495058,0.4864937,0.5126568
182,0.0008350877,0.495039,0.5041259
183,0.0008270712,0.4996828,0.4994902
184,0.0008227375,0.5021558,0.4970213
185,0.0008204884,0.5034615,0.495718
186,0.0008193944,0.5041706,0.49501
187,0.0008189224,0.5046008,0.4945803
188,0.0008187724,0.5049236,0.4942576
189,0.0008187791,0.505229,0.4939521
190,0.000818855,0.5055606,0.4936206
191,0.0008189544,0.5059379,0.4932432
192,0.0008190551,0.5063689,0.4928121
193,0.0008038519,0.5157564,0.4834398
194,0.0007951642,0.5211168,0.478088
195,0.0007902749,0.5241803,0.4750294
196,0.0007875799,0.5259527,0.4732597
197,0.0007861233,0.5270245,0.4721894
198,0.0007853495,0.5277284,0.4714863
199,0.0007849427,0.5282437,0.4709713
200,0.0007847291,0.5286614,0.4705539
201,0.0007846173,0.529022,0.4701934
202,0.0007845624,0.5293388,0.4698767
203,0.0007845444,0.5296121,0.4696034
204,0.0007845556,0.5298377,0.4693777
205,0.0008512292,0.4908803,0.5082685
206,0.0008961977,0.4656861,0.5334178
207,0.0009251073,0.4506869,0.548388
208,0.0009429721,0.4424432,0.5566139
209,0.0009536665,0.4383642,0.5606822
210,0.000959943,0.4366603,0.5623798
211,0.000963629,0.4361841,0.5628522
212,0.0009658686,0.4362495,0.5627847
213,0.0009673382,0.4364785,0.5625542
214,0.0009684067,0.4367016,0.56233
215,0.0009692678,0.4368592,0.5621716
216,0.0009700164,0.4369494,0.5620806
217,0.0008918723,0.4819497,0.5171584
218,0.0008505007,0.5048288,0.4943208
219,0.0008288736,0.5159796,0.4831914
220,0.000817567,0.5212066,0.4779758
221,0.0008117431,0.5234464,0.4757419
222,0.0008088225,0.5242285,0.4749627
223,0.0008074143,0.5243458,0.4748468
224,0.000806773,0.5241988,0.4749945
225,0.0008065053,0.5239801,0.4752134
226,0.0008064091,0.5237755,0.4754181
227,0.0008063846,0.5236176,0.475576
228,0.000806385,0.5235143,0.4756792
229,0.0008198186,0.5159936,0.4831866
230,0.0008279664,0.5117719,0.4874001
231,0.0008328645,0.5094802,0.4896869
232,0.0008357364,0.5083713,0.4907929
233,0.0008373961,0.5079472,0.4912154
234,0.0008383552,0.5078993,0.4912623
235,0.0008389219,0.5080447,0.4911163
236,0.0008392759,0.5082788,0.490882
237,0.0008395182,0.5085427,0.4906178
238,0.0008397033,0.508804,0.4903563
239,0.0008398598,0.5090445,0.4901156
240,0.0008400003,0.5092545,0.4899055
241,0.0008125991,0.5257419,0.4734456
242,0.0007975002,0.5347655,0.464437
243,0.0007896522,0.5391374,0.460073
244,0.0007856179,0.541129,0.4580854
245,0.0007835945,0.5418913,0.4573251
246,0.0007826001,0.5420455,0.4571719
247,0.0007821072,0.5419232,0.4572947
248,0.0007818405,0.5416958,0.4575223
249,0.0007816643,0.5414472,0.4577712
250,0.000781518,0.5412114,0.458007
251,0.0007813769,0.5410004,0.4582182
252,0.0007812337,0.5408152,0.4584036
253,0.0007698615,0.5463727,0.4528574
254,0.0007632275,0.549107,0.4501297
255,0.0007590745,0.5506487,0.4485922
256,0.0007565281,0.5514034,0.44784
257,0.000754958,0.5517081,0.447537
258,0.000753968,0.5517735,0.4474725
259,0.0007533192,0.551722,0.4475246
260,0.0007528702,0.5516215,0.4476256
261,0.0007525383,0.5515076,0.4477398
262,0.000752276,0.551398,0.4478497
263,0.0007520564,0.5513005,0.4479474
264,0.000751864,0.5512173,0.4480309
265,0.0008157635,0.5144917,0.4846925
266,0.000858114,0.4915911,0.5075507
267,0.0008851183,0.4781291,0.5209857
268,0.0009016037,0.4709554,0.528143
269,0.0009113507,0.4676099,0.5314787
270,0.0009170097,0.4664061,0.5326768
271,0.000920308,0.4662723,0.5328074
272,0.0009223093,0.4665668,0.5325109
273,0.0009236322,0.4669297,0.5321466
274,0.000924614,0.4671839,0.5318914
275,0.0009254243,0.4672603,0.5318142
276,0.0009261361,0.4671578,0.5319161
277,0.0009447123,0.4563393,0.542716
278,0.0009565561,0.449394,0.5496495
279,0.0009637091,0.4453584,0.553678
280,0.0009678951,0.443143,0.5558892
281,0.0009702784,0.4420236,0.5570061
282,0.0009716123,0.4415371,0.5574913
283,0.0009723649,0.4413993,0.5576283
284,0.0009728148,0.4414441,0.5575831
285,0.0009731212,0.4415789,0.557448
286,0.0009733702,0.4417544,0.5572722
287,0.0009736052,0.4419461,0.5570802
288,0.0009738457,0.4421433,0.5568829
289,0.000899617,0.4841149,0.5149855
290,0.0008598766,0.5056534,0.4934869
291,0.0008388259,0.5162773,0.4828839
292,0.0008276436,0.5213273,0.477845
293,0.0008217465,0.5235375,0.4756408
294,0.0008186745,0.5243416,0.4748397
295,0.0008170918,0.524491,0.474692
296,0.0008162764,0.5243708,0.4748129
297,0.0008158438,0.524171,0.4750132
298,0.0008155957,0.5239769,0.4752074
299,0.0008154332,0.5238228,0.4753618
300,0.0008153087,0.5237178,0.4754669
301,0.0007498086,0.5611991,0.4380511
302,0.0007170184,0.5790964,0.4201865
303,0.0007002751,0.587409,0.4118907
304,0.000691598,0.5910391,0.4082693
305,0.0006870588,0.5923688,0.4069442
306,0.0006846352,0.5926042,0.4067113
307,0.000683275,0.5923572,0.4069595
308,0.0006824359,0.5919302,0.4073873
309,0.0006818448,0.5914647,0.4078534
310,0.0006813673,0.5910231,0.4082955
311,0.0006809421,0.5906262,0.4086929
312,0.0006805431,0.5902761,0.4090435
313,0.0007729144,0.535242,0.463985
314,0.0008380219,0.4977277,0.5014343
315,0.0008808968,0.4746875,0.5244317
316,0.0009076466,0.4617955,0.537297
317,0.0009235946,0.4554147,0.5436617
318,0.0009327667,0.4528743,0.5461929
319,0.000937931,0.452389,0.546673
320,0.0009408512,0.4528503,0.5462089
321,0.0009425812,0.4536107,0.5454468
322,0.0009437047,0.4543314,0.5447249
323,0.0009445259,0.4548566,0.5441989
324,0.0009451889,0.4551399,0.543915
325,0.0009375189,0.4597113,0.5393512
326,0.0009329671,0.4621345,0.5369326
327,0.000930267,0.463371,0.5356987
328,0.0009286982,0.4639146,0.5351566
329,0.0009277983,0.4640981,0.5349741
330,0.0009272919,0.4641212,0.5349515
331,0.000927023,0.4640936,0.5349794
332,0.000926905,0.4640701,0.5350029
333,0.000926889,0.4640749,0.5349982
334,0.00092695,0.4641098,0.5349633
335,0.0009270714,0.4641718,0.5349011
336,0.0009272396,0.4642563,0.5348164
337,0.0009334639,0.4609914,0.5380751
338,0.0009374319,0.4591367,0.5399258
339,0.0009399483,0.4581645,0.5408955
340,0.0009415549,0.457732,0.5413264
341,0.000942607,0.4576192,0.5414382
342,0.0009433299,0.457691,0.5413657
343,0.000943862,0.4578678,0.5411883
344,0.0009442866,0.4581039,0.5409518
345,0.0009446521,0.4583734,0.5406819
346,0.0009449859,0.458664,0.540391
347,0.0009453036,0.4589681,0.5400866
348,0.0009456147,0.4592803,0.5397741
349,0.0008152933,0.5341245,0.4650602
350,0.0007557583,0.5672451,0.4319991
351,0.000727876,0.5815338,0.4177383
352,0.0007142775,0.5875492,0.4117364
353,0.0007075843,0.5897074,0.4095851
354,0.0007042628,0.5901003,0.4091955
355,0.0007025567,0.589749,0.4095485
356,0.0007015952,0.5891432,0.4101553
357,0.0007009566,0.5885041,0.4107949
358,0.0007004466,0.5879216,0.4113779
359,0.0006999819,0.5874227,0.4118773
360,0.0006995309,0.5870075,0.4122929
361,0.0007783372,0.5401101,0.4591116
362,0.0008320922,0.5087373,0.4904306
363,0.0008661504,0.4901437,0.5089901
364,0.000886573,0.4801221,0.5189913
365,0.0008982288,0.4754049,0.5236969
366,0.0009045977,0.4737172,0.5253782
367,0.000907965,0.4736001,0.5254919
368,0.0009097275,0.474182,0.5249082
369,0.0009106873,0.4749732,0.5241161
370,0.0009112805,0.4757101,0.5233786
371,0.0009117263,0.4762651,0.5228231
372,0.000912122,0.4765908,0.5224971
373,0.0009226588,0.4710404,0.528037
374,0.0009292375,0.4676771,0.5313936
375,0.0009332816,0.4656421,0.5334246
376,0.0009357259,0.4643953,0.5346689
377,0.000937182,0.4636075,0.5354553
378,0.0009380357,0.4630912,0.5359709
379,0.000938529,0.4627446,0.5363168
380,0.0009388131,0.4625128,0.5365484
381,0.0009389835,0.4623643,0.5366967
382,0.0009390982,0.4622816,0.5367793
383,0.000939195,0.4622508,0.53681
384,0.0009392956,0.4622606,0.5368001
385,0.0009411324,0.4612382,0.5378207
386,0.0009423152,0.4606537,0.538404
387,0.0009430599,0.4603929,0.538664
388,0.0009435526,0.4603256,0.5387308
389,0.0009439057,0.4603733,0.5386828
390,0.000944184,0.4604909,0.5385649
391,0.0009444234,0.4606543,0.5384013
392,0.0009446425,0.4608518,0.5382036
393,0.0009448508,0.4610783,0.5379767
394,0.0009450545,0.46133,0.5377249
395,0.0009452562,0.4616047,0.5374501
396,0.0009454573,0.4619009,0.5371537
397,0.0009651309,0.4504503,0.5485846
398,0.0009775335,0.4433689,0.5556536
399,0.0009847928,0.4396794,0.5593358
400,0.0009889113,0.4379865,0.5610246
401,0.000991179,0.4374266,0.5615822
402,0.0009924062,0.4374713,0.5615363
403,0.0009930815,0.4378081,0.5611989
404,0.0009934864,0.4382599,0.5607466
405,0.0009937737,0.4387312,0.560275
406,0.0009940201,0.4391754,0.5598306
407,0.0009942596,0.439572,0.5594338
408,0.0009945034,0.4399144,0.5590911
409,0.000898158,0.493948,0.5051539
410,0.0008489663,0.5204241,0.4787269
411,0.0008240122,0.5328138,0.4663622
412,0.0008111619,0.5383931,0.4607958
413,0.0008045589,0.54062,0.4585755
414,0.0008011844,0.5412478,0.457951
415,0.000799451,0.5411716,0.4580289
416,0.0007985276,0.5408379,0.4583636
417,0.0007979859,0.5404577,0.4587443
418,0.0007976124,0.540122,0.4590804
419,0.0007973042,0.5398628,0.45934
420,0.0007970151,0.5396852,0.4595178
421,0.0008020544,0.5366738,0.4625241
422,0.0008048935,0.5350612,0.4641338
423,0.0008064433,0.5342289,0.4649647
424,0.0008071978,0.5338826,0.4653102
425,0.000807486,0.5338175,0.465375
426,0.0008075124,0.5339043,0.4652882
427,0.0008073988,0.5340634,0.4651291
428,0.0008072179,0.534245,0.4649478
429,0.0008070129,0.5344158,0.4647771
430,0.0008068103,0.5345524,0.4646408
431,0.0008066258,0.534638,0.4645554
432,0.0008064678,0.5346617,0.4645319
433,0.0008699024,0.4994178,0.4997124
434,0.0009118722,0.4775252,0.5215629
435,0.0009387587,0.464493,0.5345684
436,0.0009552477,0.4574074,0.5416374
437,0.0009650703,0.4538998,0.5451351
438,0.0009708432,0.4523471,0.546682
439,0.0009742708,0.4517235,0.5473022
440,0.0009763963,0.4514271,0.5475965
441,0.0009778162,0.4511429,0.5478793
442,0.0009788348,0.450756,0.5482652
443,0.000979595,0.4502631,0.5487573
444,0.0009801585,0.4497186,0.5493012
445,0.0009828501,0.4488785,0.5501387
446,0.0009845573,0.4487462,0.5502692
447,0.0009859655,0.4485941,0.5504199
448,0.000987123,0.4484617,0.5505512
449,0.0009880923,0.4483444,0.5506675
450,0.0009889186,0.4482388,0.5507722
451,0.0009896342,0.4481437,0.5508667
452,0.0009902612,0.4480605,0.5509493
453,0.000990816,0.4479912,0.551018
454,0.0009913131,0.4479353,0.5510733
455,0.0009917631,0.4478928,0.5511155
456,0.0009921737,0.4478632,0.5511447
457,0.0009816603,0.45212,0.5468983
458,0.0009752917,0.4535555,0.5454692
459,0.0009706435,0.4546795,0.5443498
460,0.0009672762,0.4555824,0.5434504
461,0.0009648943,0.4562904,0.5427447
462,0.0009632569,0.456836,0.5422007
463,0.0009621647,0.4572613,0.5417765
464,0.0009614591,0.4576086,0.5414299
465,0.00096102,0.4579148,0.5411242
466,0.0009607597,0.4582082,0.540831
467,0.000960616,0.4585099,0.5405295
468,0.000960546,0.4588359,0.5402036
469,0.0008587092,0.5161304,0.483011
470,0.0008085446,0.5433651,0.4558264
471,0.0007837475,0.5558223,0.4433939
472,0.0007712102,0.5613565,0.4378722
473,0.000764846,0.5635532,0.435682
474,0.000761601,0.5641793,0.4350591
475,0.0007599026,0.5641202,0.4351199
476,0.0007589443,0.5638107,0.4354304
477,0.0007583214,0.5634522,0.4357894
478,0.0007578393,0.5631293,0.4361129
479,0.000757411,0.5628665,0.436376
480,0.0007570015,0.5626625,0.4365805
481,0.0008712529,0.4966732,0.5024555
482,0.0009551857,0.4493822,0.5496626
483,0.001012916,0.4189486,0.5800385
484,0.001050722,0.4008376,0.5981116
485,0.001074378,0.3910999,0.6078257
486,0.001088548,0.3866501,0.6122615
487,0.001096714,0.3852544,0.6136489
488,0.001101307,0.3853934,0.6135052
489,0.001103922,0.3860914,0.6128047
490,0.001105525,0.3867824,0.612112
491,0.001106649,0.3871821,0.6117113
492,0.001107543,0.387204,0.6116884
493,0.001124457,0.3782021,0.6206734
494,0.001135869,0.3721117,0.6267524
495,0.001143328,0.3680856,0.630771
496,0.001148049,0.3655122,0.6333398
497,0.001150939,0.3639362,0.6349128
498,0.001152656,0.3630312,0.6358162
499,0.00115366,0.3625655,0.6362808
500,0.001154258,0.3623793,0.6364663
501,0.001154647,0.3623644,0.636481
502,0.001154947,0.3624445,0.6364006
503,0.001155226,0.3625726,0.6362722
504,0.001155516,0.362721,0.6361235
505,0.001108379,0.3888291,0.6100625
506,0.001079171,0.404575,0.5943459
507,0.001062222,0.4132529,0.5856849
508,0.001052648,0.4178091,0.5811382
509,0.001047409,0.4200559,0.5788967
510,0.001044666,0.4210662,0.5778891
511,0.001043324,0.4214554,0.5775014
512,0.001042744,0.4215631,0.5773941
513,0.001042563,0.4215683,0.5773891
514,0.001042577,0.4215594,0.577398
515,0.001042678,0.4215751,0.5773822
516,0.001042811,0.4216281,0.577329
517,0.001102884,0.3889951,0.6099019
518,0.001144891,0.367152,0.6317031
519,0.001173377,0.3533423,0.6454844
520,0.001192182,0.3451004,0.6537074
521,0.001204284,0.3405419,0.6582537
522,0.0012119,0.3382957,0.6604924
523,0.001216618,0.3374082,0.6613752
524,0.001219528,0.3372483,0.6615322
525,0.001221344,0.3374194,0.6613593
526,0.001222516,0.3376893,0.6610882
527,0.001223316,0.3379341,0.6608425
528,0.001223895,0.3380997,0.6606764
529,0.001251806,0.323313,0.6754352
530,0.001271664,0.3130849,0.6856434
531,0.001285292,0.3064175,0.6922972
532,0.001294443,0.302226,0.6964796
533,0.001300455,0.299697,0.6990025
534,0.001304324,0.298241,0.7004546
535,0.001306765,0.2974482,0.7012451
536,0.001308281,0.2970461,0.7016457
537,0.001309212,0.2968619,0.7018289
538,0.001309781,0.2967917,0.7018986
539,0.001310133,0.2967765,0.7019134
540,0.001310357,0.2967851,0.7019045
541,0.001225152,0.3426965,0.6560784
542,0.001170008,0.3715563,0.6272737
543,0.001138173,0.3871798,0.611682
544,0.001120112,0.3951949,0.603685
545,0.001110003,0.3990314,0.5998585
546,0.00110443,0.4006698,0.5982258
547,0.001101409,0.401218,0.5976806
548,0.0010998,0.4012755,0.5976247
549,0.001098959,0.4011514,0.5977497
550,0.001098525,0.4009942,0.5979072
551,0.001098305,0.4008671,0.5980346
552,0.001098195,0.4007907,0.5981111
553,0.00112629,0.3850904,0.6137833
554,0.001145161,0.3748258,0.624029
555,0.001157268,0.3686662,0.6301765
556,0.001164782,0.3652162,0.633619
557,0.001169291,0.3634713,0.6353593
558,0.001171908,0.3627428,0.6360853
559,0.001173384,0.362582,0.6362447
560,0.001174199,0.3627109,0.636115
561,0.001174652,0.3629665,0.6358589
562,0.001174916,0.3632593,0.6355659
563,0.001175091,0.3635434,0.6352816
564,0.001175228,0.3637983,0.6350265
565,0.001136216,0.3849231,0.6139407
566,0.001111529,0.3978108,0.6010777
567,0.001096786,0.405057,0.5938463
568,0.001088181,0.408917,0.5899949
569,0.00108327,0.4108293,0.5880874
570,0.001080529,0.4116729,0.5872465
571,0.001079034,0.4119647,0.5869562
572,0.001078236,0.4119962,0.5869255
573,0.001077818,0.4119239,0.5869982
574,0.001077601,0.411826,0.5870963
575,0.001077488,0.4117377,0.5871848
576,0.001077427,0.4116713,0.5872513
577,0.001095956,0.401423,0.5974811
578,0.001108121,0.3948636,0.6040282
579,0.001115729,0.3910099,0.6078744
580,0.001120321,0.3888939,0.6099857
581,0.001122989,0.3878426,0.6110345
582,0.001124479,0.3874073,0.6114681
583,0.001125276,0.3873043,0.6115704
584,0.001125683,0.3873627,0.6115116
585,0.001125883,0.3874859,0.6113883
586,0.001125981,0.3876232,0.6112509
587,0.001126034,0.3877507,0.6111234
588,0.001126071,0.3878592,0.6110147
589,0.001113039,0.3951291,0.6037579
590,0.001104744,0.3996089,0.5992864
591,0.001099739,0.4021536,0.5967466
592,0.00109681,0.4035177,0.5953856
593,0.001095146,0.4041931,0.5947118
594,0.001094234,0.404488,0.5944178
595,0.001093753,0.4045868,0.5943194
596,0.001093513,0.4045945,0.594312
597,0.001093402,0.4045674,0.5943392
598,0.001093358,0.4045343,0.5943723
599,0.001093347,0.4045081,0.5943986
600,0.001093352,0.404493,0.5944137
601,0.001057229,0.4239644,0.5749784
602,0.001035332,0.4353403,0.5636244
603,0.00102268,0.441482,0.5574953
604,0.001015532,0.4446045,0.55438
605,0.00101159,0.4460517,0.5529367
606,0.001009471,0.4466154,0.5523751
607,0.001008361,0.4467466,0.552245
608,0.001007789,0.4466924,0.5522997
609,0.001007493,0.4465815,0.5524111
610,0.00100733,0.4464746,0.552518
611,0.001007225,0.4463973,0.5525954
612,0.001007143,0.446357,0.5526359
613,0.001052987,0.4215043,0.5774427
614,0.001083807,0.4054272,0.593489
615,0.001103729,0.3957126,0.6031837
616,0.001116151,0.3902435,0.6086404
617,0.001123619,0.3874613,0.6114151
618,0.001127946,0.386281,0.6125911
619,0.001130362,0.3859865,0.6128831
620,0.001131667,0.3861301,0.6127383
621,0.001132354,0.3864458,0.6124218
622,0.00113272,0.3867855,0.6120817
623,0.00113293,0.3870739,0.6117931
624,0.001133072,0.3872794,0.6115875
625,0.00112186,0.3934407,0.6054375
626,0.001114692,0.3972235,0.6016618
627,0.001110352,0.3993383,0.5995513
628,0.001107818,0.4004124,0.5984797
629,0.001106398,0.4008695,0.5980242
630,0.001105641,0.400984,0.5979104
631,0.001105264,0.4009258,0.5979689
632,0.001105097,0.4007949,0.5981
633,0.001105039,0.4006461,0.5982488
634,0.001105036,0.4005071,0.5983879
635,0.001105058,0.4003895,0.5985054
636,0.00110509,0.4002968,0.5985981
637,0.001082938,0.4120492,0.5868679
638,0.001069086,0.4191355,0.5797955
639,0.001060827,0.4230949,0.5758443
640,0.001056034,0.4251771,0.5737669
641,0.001053329,0.4261838,0.5727628
642,0.001051844,0.4266082,0.57234
643,0.001051052,0.4267407,0.5722083
644,0.001050639,0.4267449,0.5722044
645,0.001050425,0.4267078,0.5722418
646,0.00105031,0.4266722,0.5722775
647,0.001050239,0.4266562,0.5722935
648,0.001050186,0.4266652,0.5722846
649,0.001064113,0.4192759,0.5796599
650,0.00107315,0.4147317,0.5841951
651,0.001078809,0.4121058,0.5868153
652,0.001082242,0.4107058,0.588212
653,0.001084263,0.4100455,0.5888702
654,0.001085421,0.4098034,0.5891111
655,0.001086069,0.4097774,0.5891365
656,0.001086426,0.409846,0.5890676
657,0.001086624,0.4099403,0.588973
658,0.00108674,0.4100236,0.5888897
659,0.001086814,0.4100789,0.5888343
660,0.00108687,0.4101003,0.5888128
661,0.001071506,0.4182832,0.5806453
662,0.001061899,0.4231842,0.5757539
663,0.001056156,0.4258907,0.5730532
664,0.001052817,0.4272672,0.5716799
665,0.00105093,0.4278756,0.5710734
666,0.001049891,0.4280657,0.5708844
667,0.00104933,0.4280457,0.5709051
668,0.001049029,0.4279336,0.5710174
669,0.001048863,0.4277928,0.5711583
670,0.001048761,0.4276552,0.5712961
671,0.001048689,0.4275346,0.5714167
672,0.001048628,0.4274353,0.5715161
673,0.001096867,0.4013188,0.5975843
674,0.001129787,0.3840591,0.6148111
675,0.001151428,0.3733608,0.6254878
676,0.001165187,0.3671086,0.6317263
677,0.001173638,0.3637254,0.635101
678,0.001178649,0.3620941,0.6367273
679,0.001181514,0.3614635,0.637355
680,0.001183096,0.3613542,0.6374627
681,0.001183942,0.3614781,0.637338
682,0.001184386,0.3616741,0.6371415
683,0.00118462,0.3618605,0.6369549
684,0.001184752,0.3620023,0.636813
685,0.001146103,0.3828903,0.6159636
686,0.001121664,0.3956482,0.6032302
687,0.001107182,0.4027068,0.596186
688,0.001098818,0.4063697,0.5925315
689,0.001094108,0.408097,0.5908088
690,0.001091529,0.4087789,0.5901295
691,0.001090157,0.4089368,0.5899731
692,0.001089449,0.4088625,0.5900481
693,0.001089092,0.4087097,0.5902011
694,0.001088915,0.4085516,0.5903594
695,0.001088827,0.4084187,0.5904925
696,0.001088779,0.4083199,0.5905914
697,0.001094684,0.4049313,0.593974
698,0.001098458,0.4027894,0.5961121
699,0.001100717,0.4015792,0.5973201
700,0.001102009,0.4009501,0.597948
701,0.001102705,0.4006675,0.5982297
702,0.001103052,0.4005805,0.5983164
703,0.001103202,0.4005957,0.5983011
704,0.001103248,0.4006589,0.5982378
705,0.001103244,0.4007403,0.5981564
706,0.001103217,0.400824,0.5980728
707,0.001103185,0.4009023,0.5979946
708,0.001103152,0.4009718,0.597925
709,0.00109484,0.40572,0.5931852
710,0.001089629,0.4086996,0.5902107
711,0.001086609,0.4103447,0.5885687
712,0.001084935,0.4111898,0.5877253
713,0.00108406,0.4115731,0.5873429
714,0.001083638,0.4117035,0.5872129
715,0.001083462,0.411705,0.5872115
716,0.001083409,0.4116474,0.5872692
717,0.001083413,0.4115675,0.587349
718,0.001083436,0.4114852,0.5874314
719,0.001083463,0.4114089,0.5875077
720,0.001083485,0.4113413,0.5875751
721,0.001062869,0.4220825,0.5768546
722,0.001049977,0.4284797,0.5704703
723,0.001042198,0.4320723,0.5668855
724,0.001037612,0.4339644,0.564998
725,0.001034963,0.434874,0.5640911
726,0.001033459,0.4352456,0.5637209
727,0.001032614,0.4353428,0.5636246
728,0.001032137,0.4353153,0.5636525
729,0.00103186,0.4352438,0.5637243
730,0.001031689,0.4351687,0.5637997
731,0.00103157,0.4351077,0.5638607
732,0.001031477,0.4350674,0.5639011
733,0.0010525,0.423672,0.5752755
734,0.001066177,0.4165585,0.5823753
735,0.001074732,0.4124036,0.5865217
736,0.001079909,0.410143,0.5887771
737,0.001082943,0.4090332,0.5898838
738,0.001084666,0.4085828,0.5903326
739,0.001085619,0.4084825,0.5904319
740,0.001086137,0.4085482,0.5903656
741,0.001086418,0.4086755,0.5902381
742,0.001086579,0.4088083,0.5901051
743,0.001086681,0.4089199,0.5899934
744,0.001086758,0.4089995,0.5899137
745,0.00109301,0.4058756,0.5930314
746,0.001097126,0.4039172,0.5949857
747,0.001099765,0.4027238,0.5961763
748,0.001101417,0.4020251,0.5968735
749,0.001102431,0.4016268,0.5972708
750,0.001103045,0.4014004,0.5974966
751,0.001103412,0.4012662,0.5976304
752,0.00110363,0.4011777,0.5977186
753,0.001103759,0.4011093,0.5977868
754,0.001103835,0.401048,0.5978482
755,0.001103877,0.4009882,0.5979079
756,0.001103897,0.4009288,0.5979672
757,0.001120844,0.3918384,0.6070408
758,0.001132121,0.3860168,0.6128511
759,0.001139342,0.3824972,0.6163635
760,0.00114383,0.3804793,0.6183769
761,0.001146542,0.3793931,0.6194603
762,0.001148134,0.3788548,0.619997
763,0.001149044,0.3786193,0.6202317
764,0.001149549,0.3785378,0.6203126
765,0.001149822,0.378525,0.6203251
766,0.001149963,0.3785357,0.6203144
767,0.001150033,0.3785478,0.6203021
768,0.001150062,0.3785527,0.6202972
769,0.001127029,0.3906686,0.6082044
770,0.001112214,0.3981543,0.6007335
771,0.001103133,0.4024476,0.5964493
772,0.001097699,0.4047676,0.5941347
773,0.001094515,0.4059249,0.5929807
774,0.001092681,0.4064316,0.5924758
775,0.001091636,0.4065969,0.5923114
776,0.00109104,0.4065989,0.5923101
777,0.001090692,0.4065344,0.592375
778,0.001090478,0.4064538,0.5924558
779,0.001090332,0.4063801,0.5925295
780,0.001090221,0.4063219,0.5925879
781,0.00105382,0.4258765,0.5730697
782,0.001031773,0.437245,0.5617232
783,0.001019001,0.4433679,0.5556131
784,0.001011743,0.4464702,0.5525181
785,0.001007693,0.4478983,0.551094
786,0.001005468,0.4484422,0.5505523
787,0.001004255,0.4485504,0.5504454
788,0.001003587,0.4484675,0.550529
789,0.001003202,0.4483194,0.5506774
790,0.001002957,0.4481668,0.5508302
791,0.00100278,0.4480345,0.5509627
792,0.001002633,0.4479293,0.551068
793,0.001024978,0.4355809,0.5633941
794,0.001039356,0.4278736,0.571087
795,0.001048207,0.423396,0.5755558
796,0.00105345,0.4209653,0.5779812
797,0.001056429,0.4197646,0.5791789
798,0.001058046,0.4192586,0.5796834
799,0.001058877,0.4191143,0.5798268
800,0.001059275,0.4191356,0.5798051
801,0.00105945,0.4192136,0.579727
802,0.001059518,0.4192927,0.5796477
803,0.001059541,0.4193481,0.5795923
804,0.001059551,0.4193715,0.5795689
805,0.001078154,0.4092862,0.5896357
806,0.001090368,0.4028876,0.5960221
807,0.001098077,0.3990688,0.5998331
808,0.001102796,0.3969053,0.6019918
809,0.001105602,0.3957515,0.6031429
810,0.001107225,0.3951798,0.603713
811,0.001108143,0.3949217,0.6039702
812,0.001108654,0.3948175,0.6040739
813,0.001108939,0.394778,0.604113
814,0.0011091,0.394759,0.6041319
815,0.001109197,0.3947406,0.6041502
816,0.001109259,0.394716,0.6041747
817,0.001083945,0.4084249,0.5904911
818,0.001068159,0.4166626,0.5822693
819,0.001058802,0.4212205,0.5777208
820,0.001053399,0.4235849,0.5753617
821,0.00105036,0.4246992,0.5742505
822,0.001048696,0.4251373,0.5738139
823,0.00104781,0.4252357,0.5737165
824,0.001047348,0.4251827,0.5737699
825,0.001047108,0.4250787,0.5738742
826,0.001046979,0.424972,0.573981
827,0.001046902,0.4248834,0.5740697
828,0.001046848,0.4248196,0.5741335
829,0.00107578,0.4090626,0.5898617
830,0.001095003,0.3989634,0.5999416
831,0.00110728,0.3929108,0.6059819
832,0.001114865,0.3895127,0.6093724
833,0.001119399,0.3877708,0.6111099
834,0.001122024,0.3870071,0.6118708
835,0.001123497,0.3867855,0.6120909
836,0.001124303,0.3868388,0.6120368
837,0.001124738,0.3870126,0.6118627
838,0.001124977,0.3872215,0.6116535
839,0.001125119,0.3874228,0.6114521
840,0.001125217,0.3875975,0.6112773
841,0.001122599,0.3892212,0.6096562
842,0.001120923,0.3902522,0.6086268
843,0.001119912,0.3908648,0.6080152
844,0.001119333,0.3912093,0.6076713
845,0.001119025,0.3913883,0.6074927
846,0.00111888,0.3914691,0.607412
847,0.001118829,0.3914943,0.6073868
848,0.001118829,0.39149,0.6073912
849,0.001118855,0.3914715,0.6074095
850,0.001118891,0.391448,0.6074331
851,0.001118931,0.3914241,0.6074569
852,0.001118968,0.391403,0.6074781
853,0.001069264,0.4180019,0.5809287
854,0.001039286,0.4334356,0.5655251
855,0.001022078,0.441702,0.557276
856,0.001012374,0.4458842,0.5531034
857,0.001007003,0.4478196,0.5511733
858,0.001004085,0.4485746,0.5504213
859,0.001002526,0.4487506,0.5502468
860,0.001001695,0.4486747,0.5503236
861,0.001001243,0.4485159,0.5504829
862,0.001000978,0.4483545,0.5506446
863,0.0010008,0.4482242,0.550775
864,0.00100066,0.4481353,0.550864
865,0.001078276,0.4061205,0.5928013
866,0.001133103,0.3775885,0.6212784
867,0.001170583,0.3592677,0.6395617
868,0.001195427,0.3481506,0.650654
869,0.001211398,0.3418723,0.6569164
870,0.00122136,0.3386782,0.6601005
871,0.001227405,0.3373263,0.6614463
872,0.001230996,0.3369775,0.6617915
873,0.001233115,0.3370918,0.661675
874,0.001234393,0.3373428,0.6614228
875,0.001235208,0.3375507,0.6612141
876,0.001235779,0.3376347,0.6611295
877,0.001147095,0.384628,0.6142249
878,0.001093393,0.4118429,0.5870637
879,0.001063218,0.4259731,0.5729638
880,0.00104636,0.4329303,0.5660234
881,0.001037,0.4360684,0.5628945
882,0.001031833,0.4372557,0.5617125
883,0.001028982,0.4375087,0.5614623
884,0.001027396,0.4373609,0.5616117
885,0.001026489,0.4370776,0.5618959
886,0.001025942,0.4367819,0.5621921
887,0.001025583,0.436523,0.5624515
888,0.001025322,0.4363146,0.5626601
889,0.00102092,0.4382454,0.5607336
890,0.001018042,0.43939,0.5595919
891,0.001016174,0.4400557,0.5589282
892,0.001014967,0.4404237,0.5585614
893,0.001014182,0.4406178,0.558368
894,0.00101366,0.4407183,0.5582681
895,0.0010133,0.4407743,0.5582123
896,0.001013039,0.440815,0.558172
897,0.001012838,0.4408558,0.5581313
898,0.001012674,0.4409053,0.558082
899,0.001012534,0.4409668,0.5580207
900,0.00101241,0.44104,0.5579476
901,0.001052223,0.41949,0.5794577
902,0.00107885,0.4056481,0.593273
903,0.001095985,0.3973244,0.6015796
904,0.001106637,0.3926536,0.6062397
905,0.001113036,0.3902715,0.6086154
906,0.001116758,0.3892344,0.6096489
907,0.001118866,0.3889232,0.6099579
908,0.001120044,0.3889536,0.6099264
909,0.001120716,0.3891007,0.6097785
910,0.001121129,0.3892435,0.6096354
911,0.00112142,0.389326,0.6095526
912,0.001121656,0.3893313,0.609547
913,0.001141575,0.3786473,0.6202111
914,0.001155035,0.3716135,0.6272314
915,0.001163785,0.3672432,0.631593
916,0.001169316,0.3646365,0.6341942
917,0.00117272,0.3631476,0.6356797
918,0.001174759,0.3623349,0.6364903
919,0.001175951,0.3619116,0.6369125
920,0.001176631,0.3617001,0.6371233
921,0.00117701,0.3615967,0.6372262
922,0.001177218,0.3615443,0.6372784
923,0.001177332,0.3615139,0.6373088
924,0.001177395,0.3614919,0.6373307
925,0.001097973,0.4042192,0.5946829
926,0.001050838,0.4286574,0.5702919
927,0.001024668,0.4413002,0.557675
928,0.00101028,0.4475136,0.5514761
929,0.001002478,0.4503077,0.5486898
930,0.0009983209,0.4513502,0.5476515
931,0.0009961469,0.4515496,0.5474542
932,0.0009950245,0.4513871,0.5476179
933,0.0009944399,0.4511057,0.5478998
934,0.000994118,0.4508196,0.5481863
935,0.0009939165,0.4505751,0.5484309
936,0.0009937645,0.450386,0.5486202
937,0.001024531,0.4332026,0.565773
938,0.001044577,0.4223232,0.5766323
939,0.001057073,0.4159297,0.5830133
940,0.001064561,0.4124334,0.5865021
941,0.001068863,0.4107145,0.5882166
942,0.001071219,0.4100276,0.5889012
943,0.001072437,0.4099025,0.5890251
944,0.001073018,0.4100575,0.5888696
945,0.001073263,0.4103324,0.5885943
946,0.001073344,0.4106397,0.588287
947,0.001073357,0.4109344,0.5879922
948,0.001073351,0.4111952,0.5877314
949,0.001089187,0.4029067,0.5960041
950,0.001099639,0.3976985,0.6012018
951,0.001106287,0.3946284,0.6042653
952,0.001110404,0.3929234,0.6059662
953,0.0011129,0.3920396,0.6068475
954,0.001114393,0.3916154,0.6072702
955,0.001115287,0.3914245,0.6074602
956,0.001115832,0.3913343,0.6075499
957,0.001116179,0.3912735,0.6076103
958,0.001116414,0.3912085,0.607675
959,0.001116583,0.3911281,0.6077553
960,0.001116708,0.3910329,0.6078504
961,0.001103141,0.3983281,0.6005687
962,0.001094486,0.4027757,0.5961298
963,0.001089221,0.4052711,0.5936396
964,0.0010861,0.406573,0.5923409
965,0.001084292,0.4071806,0.5917351
966,0.001083265,0.4074074,0.5915093
967,0.001082687,0.4074408,0.5914765
968,0.001082361,0.4073873,0.5915303
969,0.001082173,0.4073032,0.5916146
970,0.001082057,0.4072178,0.5917001
971,0.001081978,0.4071437,0.5917743
972,0.001081918,0.4070849,0.5918332
973,0.00111849,0.3874059,0.6114756
974,0.001143458,0.3744689,0.6243877
975,0.001159916,0.3664314,0.6324086
976,0.001170448,0.3617037,0.6371258
977,0.001176992,0.3591067,0.6397163
978,0.001180946,0.3578128,0.6410062
979,0.001183271,0.3572697,0.641547
980,0.001184609,0.3571269,0.6416885
981,0.001185369,0.3571737,0.641641
982,0.001185803,0.3572922,0.641522
983,0.001186058,0.3574215,0.6413924
984,0.00118622,0.3575336,0.6412802
985,0.001171039,0.3656235,0.6332055
986,0.001160928,0.3708076,0.6280314
987,0.001154524,0.3739109,0.6249346
988,0.00115058,0.3756702,0.6231793
989,0.001148215,0.3766034,0.6222484
990,0.001146833,0.3770541,0.6217991
991,0.001146047,0.3772388,0.6216152
992,0.001145612,0.3772879,0.6215665
993,0.001145379,0.3772762,0.6215785
994,0.001145259,0.3772442,0.6216105
995,0.001145198,0.3772122,0.6216426
996,0.00114517,0.3771887,0.621666
997,0.001153132,0.3729231,0.6259238
998,0.00115849,0.3701699,0.6286716
999,0.001161947,0.3685094,0.6303286
1000,0.001164118,0.3675689,0.6312671
1001,0.001165448,0.3670804,0.6317542
1002,0.001166246,0.3668625,0.6319712
1003,0.001166718,0.3667977,0.6320356
1004,0.001166997,0.366814,0.632019
1005,0.001167163,0.3668695,0.6319633
1006,0.001167267,0.3669397,0.6318931
1007,0.001167338,0.3670114,0.6318212
1008,0.001167393,0.3670787,0.631754
1009,0.001184836,0.3576252,0.64119
1010,0.001196745,0.3513652,0.647438
1011,0.001204512,0.3475281,0.6512675
1012,0.00120943,0.3453076,0.653483
1013,0.001212451,0.3441153,0.6546723
1014,0.001214253,0.3435424,0.6552433
1015,0.001215299,0.3433188,0.6554659
1016,0.001215893,0.3432748,0.6555094
1017,0.001216226,0.3433098,0.6554741
1018,0.001216415,0.3433676,0.6554161
1019,0.001216527,0.3434203,0.6553632
1020,0.0012166,0.3434564,0.655327
1021,0.00122384,0.3398223,0.6589538
1022,0.001228927,0.3373722,0.6613988
1023,0.001232371,0.3357887,0.6629789
1024,0.00123465,0.3348027,0.6639627
1025,0.001236128,0.33421,0.6645539
1026,0.00123707,0.3338647,0.6648982
1027,0.001237661,0.3336681,0.6650943
1028,0.001238028,0.3335563,0.6652057
1029,0.001238254,0.3334896,0.6652722
1030,0.001238393,0.3334462,0.6653154
1031,0.001238478,0.3334141,0.6653475
1032,0.001238531,0.3333873,0.6653742
1033,0.001177657,0.36559,0.6332323
1034,0.001138648,0.3854786,0.6133828
1035,0.001115454,0.3965728,0.6023118
1036,0.001101939,0.4024341,0.5964639
1037,0.001094204,0.4053149,0.5935909
1038,0.001089858,0.4065709,0.5923393
1039,0.001087461,0.4069902,0.5919223
1040,0.001086159,0.407014,0.5918999
1041,0.001085458,0.4068783,0.5920363
1042,0.001085076,0.4067023,0.5922126
1043,0.001084859,0.4065405,0.5923747
1044,0.001084721,0.4064131,0.5925022
1045,0.001084871,0.4062629,0.5926523
1046,0.001084981,0.4061636,0.5927514
1047,0.001085054,0.4061001,0.5928149
1048,0.001085092,0.4060712,0.5928438
1049,0.001085099,0.4060724,0.5928425
1050,0.001085083,0.4060986,0.5928162
1051,0.001085051,0.4061449,0.5927701
1052,0.001085007,0.4062065,0.5927084
1053,0.001084957,0.4062798,0.5926353
1054,0.001084903,0.4063603,0.5925549
1055,0.001084849,0.4064444,0.5924708
1056,0.001084797,0.4065288,0.5923864
1057,0.001104509,0.3959257,0.6029698
1058,0.001117595,0.3891464,0.609736
1059,0.001125924,0.3851059,0.6137682
1060,0.001131054,0.3828472,0.6160218
1061,0.001134112,0.3816881,0.6171778
1062,0.001135876,0.381167,0.6176971
1063,0.001136863,0.3809876,0.6178755
1064,0.001137402,0.3809698,0.6178929
1065,0.001137693,0.3810104,0.6178519
1066,0.001137854,0.3810554,0.6178068
1067,0.00113795,0.3810803,0.6177818
1068,0.001138015,0.3810775,0.6177845
1069,0.00112744,0.3868319,0.6120407
1070,0.001120603,0.3903741,0.6085054
