EwEVersion,"6.5.13829.0 (compiled 2016-05-17)"
Date,"2016-09-06 16:04:32"
ModelName,Baltic_Proper-SEALS
EcosimScenario,Proper1_SealVuln100_19742100_seal0_cofF03
TimeSeries,new_data_weights_19742100_BAU_WAR1_codF03_seal0
StartYear,1974

Data,"Prey of Cod larvae"

TimeStep,"Temora sp","Acartia sp","Pseudocalanus sp.",
1,0.1079206,0.1002676,0.7918118
2,0.1141323,0.1024312,0.7834365
3,0.1163488,0.1016292,0.7820219
4,0.1165551,0.1003183,0.7831266
5,0.1157019,0.09866481,0.7856333
6,0.1143675,0.09697758,0.7886549
7,0.1128841,0.095458,0.7916579
8,0.111417,0.09417872,0.7944043
9,0.1100314,0.09313831,0.7968302
10,0.1087406,0.09230437,0.7989549
11,0.107536,0.09163693,0.800827
12,0.1064044,0.09109852,0.8024971
13,0.1098771,0.09123518,0.7988877
14,0.1071031,0.09022536,0.8026715
15,0.1057372,0.08990478,0.804358
16,0.1047977,0.08955632,0.805646
17,0.1041137,0.08918735,0.8066989
18,0.1036687,0.08885358,0.8074777
19,0.1034871,0.08863287,0.80788
20,0.1036145,0.0887285,0.807657
21,0.1040879,0.08939309,0.8065191
22,0.1049105,0.09087361,0.8042159
23,0.1060425,0.09334081,0.8006167
24,0.1074082,0.09678238,0.7958094
25,0.074864,0.09317447,0.8319615
26,0.08790672,0.1007995,0.8112938
27,0.09150033,0.105066,0.8034337
28,0.09421317,0.1099896,0.7957972
29,0.09619444,0.112416,0.7913895
30,0.09759029,0.1124855,0.7899243
31,0.09850062,0.1112971,0.7902022
32,0.09907398,0.1099095,0.7910165
33,0.09934276,0.1084761,0.7921812
34,0.09939007,0.1072373,0.7933726
35,0.09927991,0.1062484,0.7944717
36,0.09905795,0.1054935,0.7954485
37,0.09820616,0.1053699,0.7964239
38,0.09620634,0.1043912,0.7994024
39,0.09508108,0.104027,0.800892
40,0.09432162,0.1039108,0.8017676
41,0.09376384,0.1039994,0.8022368
42,0.09333955,0.1042651,0.8023953
43,0.09302046,0.1046856,0.802294
44,0.09268634,0.1048901,0.8024236
45,0.09245195,0.1053709,0.8021772
46,0.09233656,0.1061114,0.801552
47,0.0923553,0.1071033,0.8005414
48,0.0925156,0.1083108,0.7991737
49,0.0929316,0.1115809,0.7954875
50,0.09167202,0.1122875,0.7960405
51,0.09141761,0.113076,0.7955064
52,0.09165571,0.1139048,0.7944396
53,0.09223893,0.1148837,0.7928774
54,0.0930738,0.1158911,0.791035
55,0.09408236,0.1167399,0.7891777
56,0.0952798,0.1175388,0.7871813
57,0.09651152,0.1178815,0.785607
58,0.09770507,0.1178495,0.7844454
59,0.09880087,0.1175239,0.7836753
60,0.09975964,0.1169907,0.7832496
61,0.0879424,0.1163223,0.7957352
62,0.0872246,0.1161772,0.7965983
63,0.08693174,0.1152145,0.7978537
64,0.0870295,0.1146242,0.7983463
65,0.08732837,0.1142124,0.7984592
66,0.08772466,0.1138463,0.798429
67,0.08815974,0.1134703,0.7983699
68,0.08851042,0.1128327,0.7986568
69,0.08880329,0.1121741,0.7990227
70,0.08903536,0.1114669,0.7994977
71,0.08920178,0.1107201,0.800078
72,0.08930009,0.1099476,0.8007523
73,0.07894268,0.1086852,0.8123721
74,0.07880362,0.1098645,0.8113319
75,0.07956826,0.1086039,0.8118278
76,0.08031571,0.1072842,0.8124002
77,0.08070356,0.1059632,0.8133332
78,0.08069181,0.104675,0.8146332
79,0.08033496,0.1034813,0.8161837
80,0.07971007,0.102424,0.8178658
81,0.07886852,0.1015165,0.819615
82,0.07785496,0.10077,0.8213751
83,0.07670554,0.1001872,0.8231073
84,0.07545085,0.09976794,0.8247812
85,0.0909972,0.1000639,0.8089389
86,0.09178799,0.09877569,0.8094362
87,0.09125133,0.09939699,0.8093517
88,0.09036077,0.09952717,0.8101121
89,0.08926184,0.09943099,0.8113071
90,0.08804943,0.0993094,0.8126412
91,0.08679499,0.09924016,0.8139648
92,0.08552162,0.09916243,0.8153159
93,0.08430991,0.09918508,0.816505
94,0.08322543,0.09939166,0.8173829
95,0.08232473,0.09990828,0.817767
96,0.08165595,0.1009179,0.8174262
97,0.08628522,0.1031376,0.8105772
98,0.08724121,0.1053339,0.8074248
99,0.08841681,0.1097203,0.8018628
100,0.0896752,0.1144404,0.7958844
101,0.09107756,0.1185156,0.7904068
102,0.09263119,0.121317,0.7860518
103,0.09427577,0.1226384,0.7830858
104,0.09595914,0.1228351,0.7812057
105,0.09750739,0.1220168,0.7804758
106,0.09879867,0.1205602,0.7806411
107,0.09975763,0.1187737,0.7814686
108,0.1003616,0.1168732,0.7827652
109,0.1099947,0.115296,0.7747094
110,0.1066909,0.1127019,0.7806072
111,0.1050978,0.1111153,0.7837868
112,0.1040487,0.1096569,0.7862944
113,0.1032732,0.1084979,0.7882289
114,0.1026585,0.1076117,0.7897299
115,0.1021434,0.1069234,0.7909333
116,0.1018552,0.1067322,0.7914127
117,0.1016678,0.1066369,0.7916954
118,0.1015391,0.1066257,0.7918352
119,0.1014529,0.1066909,0.7918562
120,0.101404,0.1068271,0.791769
121,0.09442579,0.1063122,0.799262
122,0.09557891,0.1072362,0.7971848
123,0.0958358,0.1074288,0.7967354
124,0.09599181,0.1078424,0.7961658
125,0.09611452,0.1082901,0.7955953
126,0.09622352,0.1087039,0.7950726
127,0.09632904,0.109081,0.79459
128,0.09639088,0.1093734,0.7942357
129,0.09644631,0.1096409,0.7939128
130,0.09650366,0.1098857,0.7936106
131,0.09656535,0.1101134,0.7933212
132,0.09663241,0.1103308,0.7930368
133,0.05247233,0.1093688,0.8381589
134,0.04422392,0.1111245,0.8446515
135,0.03556015,0.1092778,0.855162
136,0.02875414,0.1091499,0.862096
137,0.02345354,0.1107838,0.8657627
138,0.0194862,0.1139668,0.866547
139,0.01676237,0.118223,0.8650146
140,0.0151935,0.1224085,0.862398
141,0.01476639,0.1260159,0.8592176
142,0.01552287,0.1282753,0.8562018
143,0.01756366,0.1289868,0.8534496
144,0.02098331,0.1283303,0.8506864
145,0.03374868,0.1270201,0.8392313
146,0.04913974,0.1252016,0.8256587
147,0.06325436,0.1208308,0.8159148
148,0.07318548,0.1161107,0.8107038
149,0.07882935,0.1117074,0.8094632
150,0.08146588,0.1078872,0.8106469
151,0.08236007,0.1046775,0.8129625
152,0.08233301,0.1019875,0.8156796
153,0.08181318,0.09968982,0.8184969
154,0.08101401,0.09768789,0.8212981
155,0.08003213,0.09590849,0.8240594
156,0.07890755,0.09430602,0.8267863
157,0.06497585,0.09220359,0.8428206
158,0.05234007,0.08592807,0.8617318
159,0.04170196,0.08403487,0.8742631
160,0.03240049,0.08374189,0.8838576
161,0.02416125,0.0841275,0.8917112
162,0.01704634,0.08501326,0.8979404
163,0.01127132,0.08664456,0.9020841
164,0.006989677,0.08945742,0.9035528
165,0.004137991,0.09395751,0.9019045
166,0.00242277,0.1001667,0.8974105
167,0.001465715,0.1072578,0.8912765
168,0.0009541964,0.1137871,0.8852587
169,0.005280766,0.1315348,0.8631845
170,0.02865683,0.1292255,0.8421177
171,0.06587479,0.1224898,0.8116354
172,0.09072661,0.1163576,0.7929158
173,0.1033868,0.1104739,0.7861392
174,0.1077785,0.1047726,0.7874489
175,0.1078556,0.09965936,0.7924851
176,0.1059401,0.0953621,0.7986978
177,0.1033534,0.09192516,0.8047214
178,0.1007364,0.08921684,0.8100468
179,0.09833441,0.08707246,0.8145931
180,0.09619998,0.08534954,0.8184505
181,0.1006972,0.08421917,0.8150837
182,0.1016384,0.08357067,0.8147908
183,0.1013475,0.08257137,0.8160812
184,0.1004181,0.08153496,0.818047
185,0.09920374,0.08060599,0.8201903
186,0.09790375,0.07985411,0.8222421
187,0.09662333,0.0793115,0.8240652
188,0.09543369,0.07905385,0.8255125
189,0.09435491,0.07904999,0.8265951
190,0.09337279,0.07929921,0.827328
191,0.09247315,0.0798127,0.8277141
192,0.09164709,0.08061685,0.827736
193,0.09639942,0.08175516,0.8218454
194,0.09691464,0.08337367,0.8197117
195,0.09719743,0.08522235,0.8175802
196,0.09737527,0.08706154,0.8155632
197,0.09756021,0.08891027,0.8135295
198,0.09782106,0.09079741,0.8113815
199,0.0981954,0.09274317,0.8090614
200,0.09865621,0.09465358,0.8066902
201,0.09925029,0.09668858,0.8040611
202,0.09998304,0.09880959,0.8012074
203,0.1008428,0.1009482,0.798209
204,0.1018039,0.1030067,0.7951894
205,0.0973274,0.1073829,0.7952898
206,0.09231182,0.1073788,0.8003094
207,0.08990862,0.1074914,0.8026
208,0.08900356,0.1083435,0.802653
209,0.08909726,0.1099585,0.8009442
210,0.08990432,0.1120466,0.798049
211,0.09123474,0.1141884,0.7945769
212,0.09312757,0.1163995,0.790473
213,0.09524085,0.1177588,0.7870004
214,0.09738264,0.1182928,0.7843246
215,0.09936293,0.1181071,0.78253
216,0.1010346,0.1173968,0.7815686
217,0.1121079,0.1160583,0.7718338
218,0.1177535,0.1160403,0.7662062
219,0.1199521,0.1140438,0.7660041
220,0.1201402,0.1115766,0.7682832
221,0.1192886,0.109101,0.7716104
222,0.1180133,0.1068776,0.7751091
223,0.1166492,0.1049842,0.7783666
224,0.1153453,0.103396,0.7812586
225,0.1141296,0.1020185,0.7838519
226,0.1129885,0.1007798,0.7862318
227,0.1118943,0.09962609,0.7884796
228,0.1108206,0.09852081,0.7906585
229,0.09800709,0.09712892,0.8048639
230,0.09540065,0.09608926,0.8085101
231,0.0933316,0.09488568,0.8117828
232,0.09167857,0.09392448,0.8143969
233,0.09028311,0.09319595,0.816521
234,0.08907343,0.09268638,0.8182402
235,0.088028,0.09240814,0.8195638
236,0.08714996,0.09239524,0.8204548
237,0.08645761,0.09271447,0.820828
238,0.08597025,0.09337727,0.8206525
239,0.08570199,0.09435523,0.8199428
240,0.08565713,0.09557611,0.8187668
241,0.0701355,0.09466027,0.8352042
242,0.07003227,0.09838381,0.8315839
243,0.07031819,0.09929015,0.8303916
244,0.07111542,0.1003837,0.8285009
245,0.07208394,0.101275,0.826641
246,0.07305337,0.1018058,0.8251408
247,0.07394121,0.1020337,0.824025
248,0.07467467,0.1019237,0.8234016
249,0.07526919,0.1017404,0.8229904
250,0.07574093,0.1015052,0.8227538
251,0.07610778,0.1012466,0.8226457
252,0.0763876,0.1009824,0.82263
253,0.1054584,0.1014083,0.7931333
254,0.1074236,0.09994658,0.7926298
255,0.1078255,0.1002377,0.7919369
256,0.1078816,0.0998067,0.7923117
257,0.1076798,0.09910019,0.79322
258,0.1073336,0.09836942,0.7942969
259,0.1069203,0.09770022,0.7953795
260,0.1064801,0.09713497,0.7963849
261,0.1060409,0.09664129,0.7973179
262,0.1056162,0.09622419,0.7981597
263,0.1052149,0.09588277,0.7989023
264,0.1048448,0.0956164,0.7995389
265,0.06982788,0.0948661,0.835306
266,0.06252317,0.09449417,0.8429826
267,0.0558077,0.09320959,0.8509827
268,0.05063264,0.09311987,0.8562475
269,0.04660339,0.09412809,0.8592685
270,0.04355582,0.09613215,0.860312
271,0.04149119,0.0990118,0.859497
272,0.04051349,0.1026454,0.8568411
273,0.0406873,0.1061955,0.8531172
274,0.04202636,0.1091016,0.848872
275,0.04444061,0.1109764,0.844583
276,0.04770011,0.1117475,0.8405524
277,0.06097607,0.1126194,0.8264046
278,0.06840029,0.1100398,0.82156
279,0.07255659,0.1088188,0.8186246
280,0.07517722,0.107483,0.8173398
281,0.07690354,0.1060895,0.8170069
282,0.07803648,0.1047022,0.8172613
283,0.07874612,0.1033475,0.8179063
284,0.07912385,0.1019771,0.818899
285,0.07924778,0.1006336,0.8201187
286,0.07917738,0.09932462,0.821498
287,0.07895742,0.09805631,0.8229863
288,0.0786213,0.09683258,0.8245461
289,0.08946231,0.09694946,0.8135882
290,0.09505979,0.0967662,0.8081741
291,0.0976653,0.0950607,0.807274
292,0.09830883,0.09305522,0.808636
293,0.09789064,0.09109519,0.8110141
294,0.09695575,0.0893086,0.8137356
295,0.0957959,0.08773617,0.8164679
296,0.0945426,0.08637856,0.8190789
297,0.09328232,0.0852357,0.8214819
298,0.09204267,0.08428362,0.8236737
299,0.09083422,0.08350791,0.8256579
300,0.08966257,0.08290144,0.827436
301,0.09481229,0.0835892,0.8215985
302,0.09793396,0.08471173,0.8173543
303,0.0988672,0.08440867,0.8167241
304,0.0986083,0.08390763,0.817484
305,0.09778709,0.08335783,0.8188551
306,0.0967366,0.08284444,0.8204189
307,0.09562597,0.08242728,0.8219468
308,0.09453457,0.0820095,0.8234559
309,0.09345408,0.08173878,0.8248071
310,0.09242945,0.08162487,0.8259456
311,0.09148471,0.08165404,0.8268613
312,0.09063164,0.08180339,0.827565
313,0.08332299,0.08400916,0.8326678
314,0.07376876,0.08133192,0.8448993
315,0.06799873,0.07982941,0.8521718
316,0.06401356,0.07876056,0.857226
317,0.06110999,0.07812396,0.8607661
318,0.0590021,0.07826275,0.8627352
319,0.05760026,0.07984209,0.8625576
320,0.05700396,0.08420505,0.858791
321,0.05725464,0.09103265,0.8517128
322,0.05846121,0.09936642,0.8421724
323,0.0606994,0.1072534,0.8320472
324,0.06392009,0.1129186,0.8231613
325,0.07330377,0.1170623,0.809634
326,0.07950361,0.1168352,0.8036612
327,0.08455286,0.1163318,0.7991153
328,0.08858669,0.1151234,0.7962899
329,0.09160147,0.1136348,0.7947637
330,0.09367623,0.1120816,0.7942421
331,0.09496292,0.1105647,0.7944724
332,0.09556538,0.1089789,0.7954557
333,0.09571071,0.1075213,0.796768
334,0.09554832,0.1061636,0.798288
335,0.09518351,0.1048972,0.7999194
336,0.09468391,0.1037033,0.8016127
337,0.09203598,0.1020893,0.8058746
338,0.09062731,0.1010669,0.8083057
339,0.08953176,0.1000794,0.8103889
340,0.08857558,0.09910489,0.8123195
341,0.08766239,0.09811571,0.8142219
342,0.08673894,0.09710174,0.8161593
343,0.08577949,0.09606747,0.818153
344,0.08483943,0.09516275,0.8199978
345,0.08387829,0.09426588,0.8218558
346,0.08289142,0.09340645,0.8237021
347,0.08188827,0.09260808,0.8255036
348,0.08088604,0.09189684,0.8272171
349,0.0608336,0.08993222,0.8492342
350,0.05813358,0.09461085,0.8472555
351,0.05814299,0.09303208,0.848825
352,0.05916316,0.09200073,0.8488361
353,0.0601139,0.09117968,0.8487064
354,0.06064126,0.09033756,0.8490211
355,0.06070326,0.08950852,0.8497882
356,0.06036425,0.08882562,0.8508101
357,0.05970908,0.08823204,0.8520588
358,0.05880615,0.08775353,0.8534403
359,0.05770965,0.08738943,0.8549009
360,0.05646197,0.0871317,0.8564063
361,0.07105995,0.09096611,0.8379739
362,0.0676344,0.08599833,0.8463673
363,0.06304981,0.0853783,0.8515719
364,0.05927971,0.08479619,0.8559241
365,0.05608977,0.08422563,0.8596846
366,0.05339744,0.0840721,0.8625305
367,0.05122486,0.08483143,0.8639437
368,0.04963065,0.08687352,0.8634958
369,0.04874889,0.09084189,0.8604093
370,0.04871828,0.09655295,0.8547288
371,0.04966272,0.1030554,0.8472819
372,0.05164434,0.1089419,0.8394138
373,0.05160795,0.1141157,0.8342764
374,0.05392067,0.1157151,0.8303642
375,0.05720408,0.1161462,0.8266498
376,0.06096302,0.1160131,0.8230238
377,0.06478767,0.1155258,0.8196865
378,0.06835221,0.1147821,0.8168657
379,0.0714393,0.113853,0.8147077
380,0.07397039,0.1128524,0.8131772
381,0.0759114,0.1117682,0.8123204
382,0.07730445,0.1106618,0.8120338
383,0.07823426,0.1095781,0.8121877
384,0.078798,0.1085453,0.8126568
385,0.08107772,0.1072313,0.811691
386,0.08165547,0.1062694,0.8120751
387,0.08169959,0.1054332,0.8128672
388,0.08147583,0.1046275,0.8138966
389,0.08108582,0.1038384,0.8150758
390,0.08057059,0.103064,0.8163654
391,0.07994789,0.1023053,0.8177468
392,0.07916745,0.1014294,0.8194031
393,0.0782665,0.1005599,0.8211735
394,0.07726419,0.09969409,0.8230417
395,0.07617527,0.09884214,0.8249826
396,0.07501522,0.09801994,0.8269649
397,0.09455838,0.09794862,0.807493
398,0.09546883,0.09535746,0.8091738
399,0.09478545,0.09530335,0.8099113
400,0.09404743,0.09514478,0.8108078
401,0.09335269,0.09490535,0.8117419
402,0.09274098,0.09474455,0.8125145
403,0.09224119,0.0947483,0.8130105
404,0.09189463,0.09506668,0.8130388
405,0.09170643,0.09557203,0.8127215
406,0.0916814,0.09625041,0.8120682
407,0.09181616,0.09705563,0.8111283
408,0.09209957,0.0979276,0.8099728
409,0.09486827,0.09812477,0.807007
410,0.1007409,0.1010265,0.7982326
411,0.1038729,0.1014555,0.7946716
412,0.10542,0.1013761,0.7932039
413,0.105905,0.1006049,0.7934902
414,0.1057082,0.09947859,0.7948132
415,0.1051069,0.09831079,0.7965823
416,0.1043229,0.09730648,0.7983707
417,0.1034595,0.0965113,0.8000292
418,0.1025778,0.09591268,0.8015095
419,0.10171,0.09548514,0.8028048
420,0.1008717,0.0952011,0.8039272
421,0.09511313,0.09433062,0.8105562
422,0.09418662,0.09465913,0.8111543
423,0.09318469,0.09458596,0.8122294
424,0.09237119,0.09470475,0.812924
425,0.09175085,0.09502604,0.8132231
426,0.09131637,0.09555337,0.8131302
427,0.09106963,0.09631632,0.812614
428,0.09101339,0.09736802,0.8116186
429,0.09117256,0.098809,0.8100185
430,0.09155373,0.1006336,0.8078127
431,0.09215526,0.1027546,0.8050901
432,0.09296568,0.105002,0.8020323
433,0.05787167,0.1074434,0.8346849
434,0.0519698,0.1098778,0.8381525
435,0.04599022,0.1087525,0.8452573
436,0.0417366,0.1096143,0.848649
437,0.03898513,0.1120898,0.8489251
438,0.03772198,0.1154397,0.8468384
439,0.03802534,0.1187747,0.8432
440,0.0400266,0.1215886,0.8383847
441,0.04360902,0.1229648,0.8334261
442,0.04842182,0.1231062,0.828472
443,0.05388968,0.1223348,0.8237755
444,0.05933746,0.1209823,0.8196802
445,0.04106174,0.1169444,0.8419939
446,0.03284587,0.1176595,0.8494946
447,0.02804078,0.1167908,0.8551683
448,0.02510682,0.1158094,0.8590838
449,0.02326462,0.1148335,0.8619019
450,0.02209927,0.1138498,0.864051
451,0.02137095,0.1128452,0.8657838
452,0.02091501,0.1117208,0.8673643
453,0.02063616,0.1105568,0.8688071
454,0.02046905,0.1093533,0.8701776
455,0.02036661,0.1081204,0.871513
456,0.02029451,0.1068696,0.8728359
457,0.05897326,0.1066213,0.8344054
458,0.08220839,0.1022156,0.8155761
459,0.09226045,0.1002405,0.807499
460,0.09544533,0.09887324,0.8056815
461,0.09599173,0.09756531,0.8064429
462,0.09543961,0.09626964,0.8082908
463,0.09438726,0.09502035,0.8105924
464,0.09307945,0.09382705,0.8130935
465,0.09163831,0.09273415,0.8156275
466,0.09012424,0.0917609,0.8181148
467,0.08857464,0.09092744,0.8204978
468,0.08704308,0.09027879,0.8226781
469,0.08125816,0.0904354,0.8283065
470,0.08258996,0.09294982,0.8244602
471,0.08360881,0.0921176,0.8242736
472,0.08396812,0.09159659,0.8244354
473,0.08377719,0.09122327,0.8249996
474,0.08322103,0.09085347,0.8259255
475,0.08244137,0.09051405,0.8270446
476,0.0815236,0.09030136,0.8281751
477,0.08053514,0.09027975,0.8291851
478,0.07954079,0.09047359,0.8299856
479,0.07858165,0.09086762,0.8305507
480,0.07768847,0.09143739,0.8308741
481,0.1023385,0.09387809,0.8037834
482,0.08839662,0.09109784,0.8205056
483,0.08129514,0.09096897,0.8277359
484,0.07727402,0.09037992,0.8323461
485,0.07494649,0.0900142,0.8350393
486,0.07384088,0.0906493,0.8355098
487,0.07374933,0.09331398,0.8329367
488,0.07470316,0.09951624,0.8257806
489,0.07658618,0.1085701,0.8148438
490,0.07951563,0.1182946,0.8021898
491,0.08357937,0.1254994,0.7909213
492,0.08858901,0.1285166,0.7828944
493,0.08969598,0.1287942,0.7815099
494,0.09362137,0.126294,0.7800846
495,0.0973248,0.1234582,0.7792171
496,0.1002656,0.1206878,0.7790466
497,0.1022233,0.1179554,0.7798213
498,0.1032105,0.1152868,0.7815027
499,0.1033842,0.1127405,0.7838753
500,0.1029101,0.1102598,0.7868301
501,0.1020646,0.1080319,0.7899034
502,0.101036,0.1060379,0.7929261
503,0.09994993,0.1042604,0.7957897
504,0.09888092,0.1026734,0.7984456
505,0.09776957,0.100863,0.8013675
506,0.09845529,0.1005399,0.8010048
507,0.09872213,0.09902816,0.8022497
508,0.09841223,0.09725983,0.8043279
509,0.09770342,0.09553713,0.8067595
510,0.09678906,0.09396274,0.8092482
511,0.09580339,0.09256886,0.8116277
512,0.0948524,0.09140451,0.8137431
513,0.09395611,0.09041615,0.8156278
514,0.0931273,0.08959718,0.8172755
515,0.09237015,0.0889385,0.8186913
516,0.09168536,0.08843502,0.8198796
517,0.08610468,0.08653686,0.8273585
518,0.08153711,0.08531627,0.8331466
519,0.07834859,0.08538789,0.8362635
520,0.07618721,0.08615252,0.8376603
521,0.07481882,0.08740188,0.8377793
522,0.07408951,0.08900273,0.8369077
523,0.07389708,0.09083175,0.8352712
524,0.07416937,0.09276468,0.8330659
525,0.07484393,0.0946531,0.830503
526,0.07585773,0.09635846,0.8277838
527,0.07713529,0.09775619,0.8251085
528,0.07858524,0.09875938,0.8226554
529,0.08188577,0.09915102,0.8189632
530,0.08261748,0.09860678,0.8187757
531,0.08307183,0.09854145,0.8183867
532,0.0835287,0.09839198,0.8180794
533,0.08402739,0.09812296,0.8178496
534,0.08454083,0.09772219,0.817737
535,0.08502439,0.09718631,0.8177893
536,0.08543457,0.09650204,0.8180634
537,0.08574158,0.09571303,0.8185453
538,0.08593327,0.09484854,0.8192182
539,0.0860103,0.09394041,0.8200493
540,0.08598281,0.09301804,0.8209991
541,0.08032366,0.09119195,0.8284844
542,0.08069192,0.09261119,0.8266968
543,0.08196042,0.0914912,0.8265483
544,0.08283066,0.08966334,0.827506
545,0.08305207,0.08774491,0.829203
546,0.08276329,0.08597332,0.8312634
547,0.08216832,0.08444273,0.833389
548,0.08142798,0.08318413,0.8353879
549,0.08064862,0.08218321,0.8371682
550,0.07988758,0.08141455,0.8386978
551,0.07917164,0.08085036,0.839978
552,0.07851019,0.0804657,0.8410242
553,0.0847871,0.08021143,0.8350015
554,0.0848986,0.0790844,0.836017
555,0.08431191,0.0791422,0.8365459
556,0.08377661,0.07960252,0.8366209
557,0.08342576,0.08026551,0.8363087
558,0.08325371,0.0810589,0.8356875
559,0.08322645,0.0819431,0.8348305
560,0.08331141,0.08289464,0.8337939
561,0.08348621,0.08389053,0.8326232
562,0.08373465,0.08491337,0.831352
563,0.08404619,0.08594347,0.8300104
564,0.08441295,0.08695818,0.8286289
565,0.08795911,0.08915467,0.8228862
566,0.09081465,0.09051175,0.8186736
567,0.09275465,0.09103975,0.8162056
568,0.09395023,0.0911606,0.8148891
569,0.09461626,0.0910263,0.8143574
570,0.09493054,0.09075256,0.8143169
571,0.0950243,0.09042663,0.814549
572,0.09498901,0.09010531,0.8149057
573,0.09488571,0.08982135,0.815293
574,0.09475439,0.08958939,0.8156562
575,0.09461904,0.0894139,0.8159671
576,0.09449328,0.089294,0.8162127
577,0.0980214,0.08998495,0.8119937
578,0.09768798,0.08913159,0.8131804
579,0.09737207,0.08916487,0.813463
580,0.09722915,0.08943876,0.8133321
581,0.09725108,0.08982192,0.812927
582,0.09739597,0.0902605,0.8123435
583,0.09762225,0.09071872,0.811659
584,0.09789714,0.09117243,0.8109305
585,0.09819672,0.09161029,0.810193
586,0.09850443,0.09202282,0.8094727
587,0.09880915,0.09240471,0.8087861
588,0.09910361,0.09275335,0.808143
589,0.0977864,0.09419049,0.8080231
590,0.09844059,0.094557,0.8070025
591,0.09901958,0.09463739,0.806343
592,0.09943781,0.09462884,0.8059334
593,0.09970297,0.09456656,0.8057305
594,0.09984727,0.09447476,0.805678
595,0.09990387,0.09437411,0.805722
596,0.09990493,0.09424813,0.8058469
597,0.09986118,0.09413424,0.8060046
598,0.0997893,0.09403908,0.8061717
599,0.09970089,0.09396558,0.8063335
600,0.09960383,0.09391474,0.8064815
601,0.1006967,0.09426183,0.8050415
602,0.1023669,0.09494907,0.8026839
603,0.1032704,0.09471384,0.8020157
604,0.1035577,0.0942302,0.8022121
605,0.1034435,0.09368512,0.8028714
606,0.1031015,0.09317039,0.8037282
607,0.1026497,0.09273853,0.8046118
608,0.1021555,0.09244528,0.8053992
609,0.1016697,0.09227108,0.8060592
610,0.1012131,0.09221533,0.8065715
611,0.1007956,0.09227198,0.8069325
612,0.1004211,0.09243281,0.8071461
613,0.09683824,0.09249101,0.8106708
614,0.09361818,0.09179104,0.8145908
615,0.0916033,0.0923498,0.8160469
616,0.09042244,0.09343624,0.8161413
617,0.08983043,0.09481949,0.8153501
618,0.08966593,0.09637428,0.8139598
619,0.08982395,0.09801056,0.8121654
620,0.09023737,0.09966027,0.8101024
621,0.09087113,0.1012656,0.8078633
622,0.09168832,0.102747,0.8055646
623,0.09265086,0.1040316,0.8033175
624,0.09371375,0.1050571,0.8012291
625,0.09522658,0.1053386,0.7994348
626,0.09682991,0.1060735,0.7970967
627,0.09814914,0.1060905,0.7957603
628,0.09916116,0.1057223,0.7951165
629,0.09986819,0.1050777,0.7950541
630,0.1002949,0.1042547,0.7954504
631,0.1004788,0.1033365,0.7961848
632,0.1004654,0.102398,0.7971365
633,0.1003027,0.1014668,0.7982305
634,0.1000328,0.1005724,0.7993948
635,0.09969139,0.09973366,0.8005749
636,0.09930757,0.09896225,0.8017301
637,0.1008724,0.09766178,0.8014658
638,0.1016963,0.09758659,0.8007171
639,0.1019416,0.09694189,0.8011165
640,0.101791,0.0961733,0.8020357
641,0.1014095,0.09541841,0.8031721
642,0.1009158,0.0947404,0.8043438
643,0.1003855,0.09417072,0.8054438
644,0.09986272,0.09372146,0.8064158
645,0.09937136,0.09339518,0.8072334
646,0.09892559,0.09318971,0.8078848
647,0.09853289,0.09309967,0.8083675
648,0.09819769,0.09311841,0.8086838
649,0.09447896,0.09258309,0.8129379
650,0.09299818,0.09278635,0.8142155
651,0.09211935,0.09316133,0.8147193
652,0.09165017,0.0937404,0.8146094
653,0.09147456,0.09446284,0.8140625
654,0.0915148,0.09526601,0.8132192
655,0.09171895,0.09609541,0.8121856
656,0.09204846,0.09691091,0.8110406
657,0.09247311,0.09766814,0.8098587
658,0.09296644,0.09833224,0.8087013
659,0.09350277,0.09887462,0.8076226
660,0.09405686,0.09927515,0.806668
661,0.09627639,0.09879035,0.8049333
662,0.09765751,0.0993797,0.8029628
663,0.09855705,0.09927718,0.8021657
664,0.09909021,0.09885681,0.802053
665,0.09935212,0.09825359,0.8023943
666,0.09942006,0.09755813,0.8030218
667,0.09935497,0.09683447,0.8038106
668,0.0992048,0.09610408,0.8046911
669,0.09899102,0.09540465,0.8056043
670,0.09873978,0.09475762,0.8065026
671,0.09846964,0.0941731,0.8073573
672,0.09819352,0.09365593,0.8081505
673,0.09684819,0.09406858,0.8090832
674,0.09411949,0.09224731,0.8136333
675,0.09231772,0.09202768,0.8156546
676,0.09127814,0.0924099,0.816312
677,0.09080806,0.09309144,0.8161005
678,0.09075127,0.09391557,0.8153332
679,0.09098572,0.09477563,0.8142387
680,0.09141575,0.09561456,0.8129697
681,0.09196614,0.09634485,0.811689
682,0.09258186,0.09693441,0.8104838
683,0.09321774,0.09736054,0.8094217
684,0.09383664,0.09761436,0.8085489
685,0.0926899,0.09764948,0.8096607
686,0.09425694,0.09851112,0.8072319
687,0.09557375,0.09800344,0.8064227
688,0.09636737,0.09709678,0.8065358
689,0.09666689,0.09601565,0.8073174
690,0.09658777,0.09489242,0.8085198
691,0.09625181,0.09382064,0.8099276
692,0.09576518,0.09283897,0.8113958
693,0.09522212,0.09200943,0.8127685
694,0.09467386,0.09132268,0.8140034
695,0.09415035,0.0907698,0.8150798
696,0.09366784,0.09033956,0.8159926
697,0.09598222,0.09055529,0.8134625
698,0.09602892,0.08994136,0.8140297
699,0.09583078,0.08979592,0.8143733
700,0.09561396,0.08979767,0.8145884
701,0.09544145,0.08988787,0.8146707
702,0.09532653,0.09004688,0.8146266
703,0.09526823,0.09026098,0.8144708
704,0.09525726,0.09053434,0.8142084
705,0.0952921,0.09084132,0.8138666
706,0.09536587,0.09117195,0.8134622
707,0.09547294,0.09151615,0.813011
708,0.09560837,0.09186362,0.812528
709,0.09063119,0.09122678,0.8181421
710,0.08987747,0.09225222,0.8178703
711,0.08968326,0.09255611,0.8177606
712,0.08970631,0.09275015,0.8175435
713,0.08980783,0.09289186,0.8173003
714,0.08993226,0.09298099,0.8170868
715,0.09005829,0.09301998,0.8169217
716,0.0901764,0.09301238,0.8168112
717,0.09026597,0.09294967,0.8167843
718,0.09032753,0.09285213,0.8168203
719,0.09036365,0.09273034,0.816906
720,0.09037738,0.09259238,0.8170303
721,0.09664962,0.09239916,0.8109512
722,0.09872793,0.0924947,0.8087773
723,0.09967455,0.09226563,0.8080599
724,0.09998566,0.09182036,0.808194
725,0.09993404,0.09129501,0.808771
726,0.09968785,0.090781,0.8095312
727,0.09935009,0.09033029,0.8103195
728,0.09898073,0.08997798,0.8110413
729,0.09861755,0.08972218,0.8116602
730,0.09827905,0.08956499,0.812156
731,0.09797436,0.0895031,0.8125225
732,0.09770764,0.08953094,0.8127614
733,0.09524954,0.08879547,0.815955
734,0.09362473,0.08876478,0.8176105
735,0.09265691,0.08915976,0.8181834
736,0.09214494,0.08979295,0.8180621
737,0.09194374,0.09056859,0.8174877
738,0.09195419,0.09141939,0.8166264
739,0.09210888,0.09229393,0.8155972
740,0.09236182,0.09315453,0.8144836
741,0.09269487,0.09398872,0.8133163
742,0.09308519,0.09476156,0.8121532
743,0.09351388,0.09544887,0.8110373
744,0.09396372,0.09603222,0.8100041
745,0.09123652,0.09694491,0.8118185
746,0.09089976,0.09715006,0.8119501
747,0.09093727,0.09734626,0.8117164
748,0.09117641,0.0975458,0.8112777
749,0.09151211,0.09768619,0.8108016
750,0.09188215,0.09773564,0.8103822
751,0.0922462,0.09768373,0.8100701
752,0.09258107,0.09750941,0.8099095
753,0.09288006,0.09726131,0.8098586
754,0.09313705,0.09694409,0.8099189
755,0.09334964,0.09657199,0.8100784
756,0.09351824,0.09616008,0.8103217
757,0.09147173,0.09504881,0.8134794
758,0.0902626,0.09446124,0.8152762
759,0.08953504,0.09415203,0.816313
760,0.08915779,0.09399286,0.8168493
761,0.08902308,0.09390603,0.8170709
762,0.08904812,0.09383962,0.8171123
763,0.08917142,0.09376089,0.8170677
764,0.08934633,0.09365698,0.8169967
765,0.08954076,0.09350999,0.8169493
766,0.08973522,0.09331944,0.8169453
767,0.08991758,0.09308811,0.8169943
768,0.09008035,0.09282068,0.8170989
769,0.09401634,0.0919593,0.8140244
770,0.09585123,0.09216179,0.811987
771,0.09683418,0.09176704,0.8113988
772,0.09724187,0.09112597,0.8116322
773,0.09728808,0.0903986,0.8123133
774,0.0971249,0.08967572,0.8131994
775,0.09685386,0.08900762,0.8141385
776,0.09654209,0.08840661,0.8150513
777,0.09621871,0.08788639,0.8158948
778,0.095908,0.08745123,0.8166407
779,0.09562398,0.08709839,0.8172776
780,0.095374,0.08682228,0.8178037
781,0.09668104,0.08793388,0.8153851
782,0.09834448,0.08829901,0.8133565
783,0.09928701,0.08793139,0.8127816
784,0.09961528,0.08734222,0.8130426
785,0.09954885,0.08671602,0.8137351
786,0.09926852,0.08614237,0.8145891
787,0.09889765,0.08566839,0.8154339
788,0.09850733,0.08531858,0.8161741
789,0.09813543,0.08508819,0.8167764
790,0.09780636,0.08497554,0.8172181
791,0.09753161,0.0849711,0.8174973
792,0.09731536,0.0850623,0.8176224
793,0.09706234,0.08495573,0.817982
794,0.09590054,0.08465017,0.8194493
795,0.09521773,0.08502733,0.819755
796,0.09494492,0.08567732,0.8193778
797,0.09497748,0.08645678,0.8185657
798,0.09521721,0.08727771,0.817505
799,0.09558833,0.08807588,0.8163358
800,0.09603458,0.08880445,0.8151609
801,0.09651036,0.08942798,0.8140617
802,0.09698557,0.08992863,0.8130858
803,0.0974381,0.09029628,0.8122656
804,0.09785162,0.0905288,0.8116196
805,0.09721162,0.08997856,0.8128098
806,0.09641549,0.08969545,0.813889
807,0.09600367,0.08970635,0.8142899
808,0.09587775,0.08979417,0.8143281
809,0.09593639,0.08987726,0.8141864
810,0.09609519,0.08990745,0.8139974
811,0.09629113,0.08985827,0.8138506
812,0.09648645,0.08970846,0.8138052
813,0.09663798,0.08946576,0.8138962
814,0.09673367,0.08915258,0.8141137
815,0.09677105,0.08878996,0.814439
816,0.0967536,0.08839853,0.8148479
817,0.09677435,0.08831966,0.814906
818,0.09768405,0.08846094,0.813855
819,0.09821728,0.08795812,0.8138245
820,0.09834667,0.08726196,0.8143913
821,0.09818667,0.08653866,0.8152747
822,0.09785674,0.08587149,0.8162717
823,0.09744761,0.0853044,0.817248
824,0.09701493,0.08486551,0.8181195
825,0.09660605,0.08455765,0.8188363
826,0.09623817,0.08437198,0.8193899
827,0.0959176,0.08429879,0.8197836
828,0.09564481,0.08432826,0.8200269
829,0.0939898,0.0840748,0.8219354
830,0.09220729,0.08363744,0.8241553
831,0.0910504,0.08400019,0.8249494
832,0.09041882,0.08473408,0.824847
833,0.09016598,0.08566075,0.8241733
834,0.09016656,0.08667924,0.8231542
835,0.09032794,0.08772438,0.8219477
836,0.09058895,0.08874905,0.820662
837,0.0909188,0.08973817,0.819343
838,0.09128923,0.09066249,0.8180482
839,0.09168157,0.09150387,0.8168145
840,0.09208268,0.09224888,0.8156684
841,0.09233765,0.09327368,0.8143887
842,0.09285114,0.09376984,0.8133791
843,0.09332355,0.09413446,0.812542
844,0.09373712,0.09438211,0.8118807
845,0.09408651,0.09451881,0.8113947
846,0.0943758,0.09455752,0.8110666
847,0.09460942,0.09451345,0.8108771
848,0.09479091,0.09440551,0.8108035
849,0.09492742,0.09424516,0.8108274
850,0.09502419,0.09404641,0.8109294
851,0.09508614,0.09382249,0.8110914
852,0.09511828,0.09358547,0.8112962
853,0.09948708,0.09335603,0.8071569
854,0.102356,0.09408097,0.803563
855,0.1038376,0.09354425,0.8026181
856,0.1043119,0.09261358,0.8030745
857,0.1041775,0.09159826,0.8042243
858,0.1037259,0.09065411,0.80562
859,0.1031427,0.08986053,0.8069968
860,0.1025357,0.08924989,0.8082144
861,0.1019686,0.08883183,0.8091995
862,0.1014672,0.08859324,0.8099396
863,0.1010398,0.08851804,0.8104421
864,0.1006866,0.08858971,0.8107237
865,0.09027512,0.08786133,0.8218636
866,0.08408545,0.0866053,0.8293093
867,0.08000856,0.08719943,0.832792
868,0.07736627,0.08878259,0.8338512
869,0.07575211,0.09095398,0.833294
870,0.0749162,0.09345985,0.8316239
871,0.07470841,0.09610356,0.829188
872,0.07503666,0.09873193,0.8262314
873,0.07584975,0.1011441,0.8230061
874,0.07708841,0.1031451,0.8197664
875,0.0786688,0.1045664,0.8167648
876,0.08047096,0.1053011,0.8142279
877,0.09082999,0.1059543,0.8032157
878,0.09814515,0.1063238,0.7955312
879,0.1027291,0.1041677,0.7931032
880,0.1048697,0.1011061,0.7940242
881,0.1052915,0.09782777,0.7968808
882,0.1046882,0.09474619,0.8005657
883,0.103579,0.09205616,0.8043649
884,0.1022984,0.08979748,0.8079041
885,0.1010184,0.08794513,0.8110365
886,0.09982924,0.08645224,0.8137185
887,0.09876494,0.08526472,0.8159703
888,0.09782968,0.08433469,0.8178357
889,0.1006879,0.08383083,0.8154812
890,0.1009926,0.08324726,0.8157601
891,0.1008097,0.08285664,0.8163337
892,0.1004559,0.08259624,0.8169479
893,0.1000621,0.08246259,0.8174753
894,0.09968803,0.0824597,0.8178523
895,0.09936303,0.0825889,0.8180481
896,0.09909832,0.0828481,0.8180535
897,0.09889281,0.08322647,0.8178807
898,0.09874904,0.08371969,0.8175313
899,0.09866781,0.0843189,0.8170133
900,0.09864922,0.08501148,0.8163393
901,0.09449778,0.08529367,0.8202085
902,0.09186838,0.08529261,0.822839
903,0.0903955,0.0862867,0.8233178
904,0.08974972,0.08775898,0.8224913
905,0.08969451,0.08946766,0.8208379
906,0.09005448,0.09123618,0.8187094
907,0.09069974,0.09291684,0.8163834
908,0.09152965,0.09439322,0.8140771
909,0.09246842,0.09555979,0.8119718
910,0.09344538,0.0963456,0.810209
911,0.09439562,0.09671577,0.8088886
912,0.09526051,0.09667345,0.8080661
913,0.09565264,0.09643649,0.8079109
914,0.09534591,0.09522138,0.8094327
915,0.0951367,0.09434705,0.8105162
916,0.09503634,0.09351402,0.8114496
917,0.0950016,0.09266996,0.8123285
918,0.09498062,0.0917989,0.8132205
919,0.09493311,0.09090198,0.8141649
920,0.09483521,0.08998948,0.8151754
921,0.09467285,0.08907883,0.8162483
922,0.09444744,0.08819209,0.8173605
923,0.09416798,0.08734816,0.8184839
924,0.09384724,0.08656171,0.819591
925,0.0951613,0.08675797,0.8180807
926,0.09790072,0.08764297,0.8144563
927,0.09957276,0.08668538,0.8137419
928,0.1000174,0.08516853,0.814814
929,0.09962572,0.08359242,0.8167818
930,0.09880044,0.08217423,0.8190253
931,0.09781948,0.08100204,0.8211784
932,0.09684409,0.08009807,0.8230578
933,0.09595522,0.07945175,0.824593
934,0.09518377,0.0790393,0.825777
935,0.09453449,0.07883471,0.8266308
936,0.09399985,0.07881432,0.8271859
937,0.09522202,0.0785874,0.8261905
938,0.09386528,0.07801973,0.828115
939,0.09291073,0.0784715,0.8286178
940,0.09244119,0.07938867,0.8281701
941,0.09234753,0.08056279,0.8270897
942,0.09251305,0.08188963,0.8255973
943,0.09284847,0.08330532,0.8238462
944,0.09328721,0.0847755,0.8219373
945,0.09381133,0.08627152,0.8199171
946,0.09439865,0.08775477,0.8178466
947,0.09503528,0.08919058,0.8157741
948,0.09571083,0.09054334,0.8137459
949,0.09421022,0.09160741,0.8141823
950,0.09378098,0.09242743,0.8137916
951,0.09383346,0.09341948,0.8127471
952,0.09421347,0.0943891,0.8113974
953,0.09480046,0.09522596,0.8099735
954,0.09549684,0.09585335,0.8086498
955,0.09622429,0.09622511,0.8075506
956,0.0969248,0.09632006,0.8067551
957,0.09756286,0.09616436,0.8062727
958,0.098107,0.09577874,0.8061143
959,0.09853888,0.09520376,0.8062574
960,0.09885196,0.09448746,0.8066605
961,0.09924412,0.09406374,0.8066921
962,0.09997579,0.09342635,0.8065979
963,0.100395,0.0924514,0.8071536
964,0.1005156,0.09138384,0.8081006
965,0.1004186,0.09032773,0.8092537
966,0.1001839,0.08933985,0.8104762
967,0.09987587,0.08845135,0.8116728
968,0.09953803,0.08767091,0.812791
969,0.09918339,0.08699096,0.8138256
970,0.09883165,0.08641422,0.8147541
971,0.09849508,0.0859351,0.8155698
972,0.09818031,0.08554551,0.8162742
973,0.09315401,0.08468278,0.8221632
974,0.09012436,0.08379924,0.8260764
975,0.08817961,0.08373412,0.8280863
976,0.08703787,0.08409645,0.8288656
977,0.08646169,0.08467499,0.8288633
978,0.08626556,0.08533648,0.8283979
979,0.08631314,0.08599421,0.8276926
980,0.08650518,0.0865932,0.8269016
981,0.08676178,0.08708815,0.8261501
982,0.08703744,0.08746973,0.8254929
983,0.08730368,0.08773465,0.8249616
984,0.08754297,0.0878857,0.8245714
985,0.09114689,0.08793563,0.8209175
986,0.09284605,0.08809204,0.8190619
987,0.09378198,0.08788887,0.8183292
988,0.09420934,0.08746674,0.8183239
989,0.09430193,0.08692966,0.8187684
990,0.09418474,0.08635218,0.8194631
991,0.09394379,0.08578231,0.8202739
992,0.09363825,0.08524898,0.8211128
993,0.09330558,0.08476795,0.8219265
994,0.09296918,0.08434765,0.8226832
995,0.09264335,0.08399141,0.8233653
996,0.09233627,0.08369938,0.8239644
997,0.0911492,0.08330902,0.8255418
998,0.0903317,0.08301138,0.8266569
999,0.08975671,0.0829301,0.8273131
1000,0.08937635,0.08298182,0.8276419
1001,0.089138,0.08311826,0.8277438
1002,0.08899957,0.08330918,0.8276913
1003,0.08892916,0.08353423,0.8275366
1004,0.08890367,0.08378249,0.8273138
1005,0.08892097,0.08405071,0.8270283
1006,0.08896966,0.08432291,0.8267075
1007,0.08904079,0.08458953,0.8263697
1008,0.0891278,0.08484381,0.8260284
1009,0.09154136,0.08512567,0.823333
1010,0.09159271,0.0848037,0.8236036
1011,0.0914567,0.0850032,0.8235401
1012,0.09140338,0.08536297,0.8232336
1013,0.09147415,0.08577073,0.8227551
1014,0.09164546,0.08616937,0.8221852
1015,0.09188007,0.08652236,0.8215976
1016,0.09214622,0.08680283,0.821051
1017,0.09242362,0.08700766,0.8205687
1018,0.09269127,0.08712658,0.8201821
1019,0.09293457,0.08715932,0.8199062
1020,0.09314412,0.08711131,0.8197446
1021,0.0904142,0.08698069,0.8226051
1022,0.08944248,0.08675619,0.8238013
1023,0.08896545,0.0865593,0.8244753
1024,0.08875892,0.08639444,0.8248466
1025,0.08870225,0.08623606,0.8250617
1026,0.08872348,0.08606308,0.8252134
1027,0.08877813,0.08586432,0.8253576
1028,0.08883648,0.08563545,0.8255281
1029,0.08887269,0.08537238,0.8257549
1030,0.08887952,0.08508701,0.8260335
1031,0.08885612,0.0847891,0.8263547
1032,0.08880497,0.08448743,0.8267076
1033,0.09470675,0.08510887,0.8201844
1034,0.09846184,0.08576158,0.8157766
1035,0.1005369,0.08521841,0.8142447
1036,0.1012696,0.08418099,0.8145494
1037,0.1011502,0.08301305,0.8158367
1038,0.100579,0.08190916,0.8175119
1039,0.09982415,0.08096406,0.8192118
1040,0.09904516,0.08021315,0.8207417
1041,0.0983229,0.07965724,0.8220198
1042,0.09769748,0.07928657,0.8230159
1043,0.09718222,0.07908376,0.823734
1044,0.09677597,0.07903009,0.8241939
1045,0.09544592,0.07919002,0.8253641
1046,0.09495247,0.07939355,0.825654
1047,0.09469159,0.07968616,0.8256223
1048,0.09456816,0.08007484,0.825357
1049,0.0945394,0.08055034,0.8249102
1050,0.09458417,0.08110098,0.8243148
1051,0.09469029,0.08171492,0.8235949
1052,0.09484946,0.08238067,0.8227699
1053,0.09506037,0.08309,0.8218496
1054,0.09531729,0.08382707,0.8208556
1055,0.09561466,0.08457679,0.8198085
1056,0.09594705,0.08532341,0.8187295
1057,0.09560096,0.08592422,0.8184748
1058,0.09498193,0.08616304,0.818855
1059,0.09475285,0.08687463,0.8183726
1060,0.0948623,0.08773927,0.8173984
1061,0.09521715,0.08862421,0.8161587
1062,0.09572899,0.08944579,0.8148252
1063,0.09632444,0.09014529,0.8135303
1064,0.09694475,0.09069047,0.8123648
1065,0.09755345,0.09106042,0.8113862
1066,0.09811928,0.09124871,0.810632
1067,0.09862021,0.09126309,0.8101167
1068,0.09904188,0.09112074,0.8098374
1069,0.09948586,0.09177779,0.8087363
1070,0.1003046,0.09146797,0.8082274
1071,0.1008706,0.09088504,0.8082443
1072,0.1011663,0.09017035,0.8086634
1073,0.1012428,0.08940455,0.8093527
1074,0.1011583,0.08864035,0.8102013
1075,0.1009659,0.08791386,0.8111202
1076,0.1007063,0.08724555,0.8120481
1077,0.1004035,0.08664239,0.8129541
1078,0.1000808,0.08611213,0.8138071
1079,0.09975471,0.08565558,0.8145897
1080,0.09943603,0.08527045,0.8152935
1081,0.09488867,0.08369785,0.8214135
1082,0.09195619,0.08295095,0.8250929
1083,0.0900555,0.08292403,0.8270205
1084,0.08894118,0.08328962,0.8277692
1085,0.08838475,0.08385047,0.8277648
1086,0.08820447,0.0844798,0.8273157
1087,0.08826264,0.08509484,0.8266425
1088,0.08845987,0.08564346,0.8258967
1089,0.08872115,0.08609389,0.8251849
1090,0.08899952,0.08643741,0.824563
1091,0.08926555,0.08667403,0.8240604
1092,0.0895015,0.08680972,0.8236887
1093,0.0953363,0.08733018,0.8173335
1094,0.09891475,0.08811381,0.8129715
