EwEVersion,"6.5.13829.0 (compiled 2016-05-17)"
Date,"2016-09-06 16:27:29"
ModelName,Baltic_Proper-SEALS
EcosimScenario,Proper1_SealVuln100_19742100_seal0_cofF03
TimeSeries,new_data_weights_19742100_BAU_WAR1_codF03_seal100
StartYear,1974

Data,"Prey of Acartia sp"

TimeStep,"Cyanobacteria","Phytoplankton","microzooplankton","Detritus-water column",
1,0.04394565,0.4587057,0.1890948,0.3082538
2,0.04065174,0.4814015,0.1915262,0.2864206
3,0.03890169,0.4892607,0.1962595,0.2755781
4,0.03794188,0.4911174,0.2007448,0.2701958
5,0.0374104,0.4906536,0.2042704,0.2676655
6,0.03711492,0.4894504,0.206808,0.2666267
7,0.03694871,0.4881553,0.2085525,0.2663436
8,0.03685172,0.4869973,0.2097357,0.2664154
9,0.03679014,0.4860257,0.2105572,0.266627
10,0.03674531,0.4852207,0.2111676,0.2668664
11,0.03670709,0.4845434,0.2116713,0.2670781
12,0.03667014,0.4839561,0.212137,0.2672368
13,0.03723703,0.47719,0.213836,0.271737
14,0.03760064,0.4737921,0.2139589,0.2746484
15,0.03780521,0.4721584,0.2137521,0.2762842
16,0.03790588,0.4713916,0.2135983,0.2771041
17,0.03794045,0.4710136,0.213635,0.277411
18,0.03793459,0.4707833,0.2138752,0.277407
19,0.0379053,0.4705904,0.2142792,0.2772252
20,0.03786375,0.4703922,0.2147903,0.2769538
21,0.03781743,0.4701794,0.2153495,0.2766536
22,0.03777155,0.4699568,0.2159024,0.2763692
23,0.03772984,0.4697342,0.2164015,0.2761345
24,0.03769502,0.4695218,0.2168079,0.2759753
25,0.03426526,0.5040089,0.2107146,0.2510113
26,0.03236579,0.5160368,0.2140065,0.2375909
27,0.03137812,0.5193012,0.2180539,0.2312668
28,0.03084611,0.5193328,0.2214599,0.2283612
29,0.03056454,0.5183072,0.2238341,0.2272941
30,0.03041968,0.5170907,0.2252951,0.2271946
31,0.03034733,0.5159851,0.2260927,0.2275748
32,0.03031154,0.5150591,0.2264635,0.2281659
33,0.03029262,0.5142942,0.2265885,0.2288246
34,0.03027974,0.5136489,0.2265972,0.2294741
35,0.03026743,0.5130825,0.226572,0.2300782
36,0.03025313,0.5125633,0.2265615,0.230622
37,0.03094405,0.5038384,0.2288121,0.2364055
38,0.03138728,0.4996699,0.2287515,0.2401912
39,0.03164776,0.4977755,0.2280981,0.2424786
40,0.03178926,0.4969531,0.2274488,0.2438088
41,0.03185616,0.4965828,0.227014,0.244547
42,0.03187811,0.4963668,0.2268226,0.2449326
43,0.03187414,0.4961761,0.2268328,0.2451169
44,0.03185602,0.495965,0.2269864,0.2451926
45,0.0318309,0.4957247,0.2272288,0.2452156
46,0.03180355,0.4954617,0.22751,0.2452248
47,0.03177688,0.495187,0.2277914,0.2452447
48,0.03175272,0.494911,0.2280445,0.2452917
49,0.03247745,0.4859544,0.2305451,0.2510231
50,0.03295469,0.48169,0.2305834,0.2547719
51,0.03324689,0.4798282,0.2298992,0.2570257
52,0.03342063,0.4791375,0.2290812,0.2583606
53,0.0335222,0.4789712,0.2283447,0.2591618
54,0.03358248,0.4790098,0.2277284,0.2596793
55,0.03362081,0.4791077,0.2272067,0.2600648
56,0.0336486,0.479207,0.2267407,0.2604037
57,0.03367213,0.4792896,0.2262989,0.2607393
58,0.03369404,0.4793537,0.2258677,0.2610846
59,0.03371528,0.4794017,0.2254436,0.2614395
60,0.0337359,0.4794365,0.22503,0.2617976
61,0.03403205,0.4756459,0.2262464,0.2640757
62,0.03421653,0.4737742,0.2265789,0.2654304
63,0.03434255,0.4728589,0.2264213,0.2663772
64,0.03442528,0.4724514,0.226107,0.2670163
65,0.03447981,0.4722949,0.2257632,0.2674622
66,0.03451666,0.4722536,0.2254368,0.2677929
67,0.03454266,0.4722598,0.2251405,0.2680571
68,0.03456198,0.4722808,0.2248749,0.2682823
69,0.03457702,0.4723022,0.2246384,0.2684824
70,0.03458934,0.4723182,0.2244262,0.2686663
71,0.03459974,0.4723272,0.2242355,0.2688375
72,0.0346086,0.4723294,0.2240653,0.2689967
73,0.03262585,0.4942941,0.2193491,0.253731
74,0.03146603,0.5027468,0.2207093,0.2450779
75,0.03081843,0.5054563,0.2231152,0.24061
76,0.03045456,0.5058123,0.2253386,0.2383945
77,0.03025031,0.5053021,0.2270411,0.2374064
78,0.03013469,0.5045592,0.228238,0.2370681
79,0.03006675,0.5038275,0.2290534,0.2370524
80,0.03002316,0.5031803,0.2296201,0.2371765
81,0.02999083,0.5026217,0.2300463,0.2373412
82,0.02996263,0.5021331,0.2304095,0.2374947
83,0.02993486,0.5016928,0.2307602,0.2376121
84,0.02990571,0.5012829,0.2311281,0.2376832
85,0.02994863,0.500933,0.2305879,0.2385304
86,0.0299815,0.5007853,0.2299438,0.2392894
87,0.02997912,0.5007199,0.2296602,0.2396408
88,0.02996028,0.5006287,0.2296225,0.2397886
89,0.02993155,0.5004871,0.2297792,0.2398023
90,0.02989605,0.500297,0.2300906,0.2397164
91,0.02985552,0.5000682,0.2305242,0.239552
92,0.02981114,0.499812,0.2310522,0.2393246
93,0.02976395,0.4995385,0.2316494,0.2390482
94,0.02971507,0.4992559,0.2322905,0.2387386
95,0.02966595,0.4989716,0.2329481,0.2384144
96,0.02961832,0.4986922,0.2335917,0.2380978
97,0.0291209,0.5041299,0.2324661,0.2342831
98,0.02881162,0.5062944,0.2328281,0.2320659
99,0.02862099,0.5069795,0.2335572,0.2308423
100,0.02850849,0.5070237,0.234192,0.2302758
101,0.02844643,0.5068311,0.2345869,0.2301356
102,0.02841712,0.5065818,0.2347261,0.2302749
103,0.02840916,0.506346,0.2346461,0.2305987
104,0.02841505,0.5061422,0.2344002,0.2310426
105,0.02842967,0.505967,0.2340426,0.2315608
106,0.0284492,0.50581,0.2336242,0.2321166
107,0.02847075,0.5056607,0.2331878,0.2326808
108,0.02849211,0.5055108,0.2327669,0.2332302
109,0.02939289,0.4947211,0.2349527,0.2409333
110,0.03000434,0.4897247,0.2341204,0.2461506
111,0.03038483,0.4876832,0.2326201,0.2493119
112,0.03061501,0.4870412,0.2311705,0.2511733
113,0.03074966,0.4869917,0.230033,0.2522256
114,0.03082581,0.4871421,0.2292393,0.2527928
115,0.03086722,0.4873196,0.2287346,0.2530787
116,0.03088859,0.4874608,0.2284439,0.2532068
117,0.03089864,0.4875526,0.2282994,0.2532494
118,0.03090241,0.4876009,0.2282501,0.2532467
119,0.0309028,0.4876167,0.2282592,0.2532213
120,0.03090147,0.487611,0.2283013,0.2531862
121,0.03058375,0.4911259,0.2277655,0.2505249
122,0.0303775,0.4925514,0.228262,0.2488092
123,0.03025803,0.4929927,0.228872,0.2478772
124,0.0301883,0.4930175,0.2294167,0.2473776
125,0.03014807,0.4928878,0.229835,0.2471291
126,0.03012499,0.4927207,0.2301311,0.2470232
127,0.03011155,0.492563,0.2303305,0.246995
128,0.03010338,0.4924285,0.230461,0.2470072
129,0.03009798,0.4923175,0.2305456,0.2470389
130,0.03009398,0.492226,0.2306007,0.2470793
131,0.03009066,0.4921491,0.2306378,0.2471224
132,0.03008758,0.4920832,0.2306641,0.2471651
133,0.03245622,0.4607641,0.2410466,0.2657331
134,0.03410712,0.4439659,0.2441227,0.2778043
135,0.03522213,0.4355257,0.2438832,0.2853689
136,0.0359205,0.4317521,0.2428016,0.2895258
137,0.03633386,0.430389,0.2418065,0.2914706
138,0.03656865,0.4301667,0.2411319,0.2921327
139,0.03670169,0.4304277,0.240712,0.2921587
140,0.03678399,0.4308632,0.2403916,0.2919613
141,0.03684702,0.4313464,0.2400241,0.2917826
142,0.03690948,0.4318347,0.2394982,0.2917576
143,0.03698118,0.4323211,0.2387499,0.2919478
144,0.03706646,0.4328103,0.2377527,0.2923705
145,0.03392563,0.4711135,0.2270038,0.2679571
146,0.03223823,0.4863746,0.2258536,0.2555336
147,0.03135712,0.4923238,0.2266227,0.2496963
148,0.03089502,0.4943737,0.2275913,0.24714
149,0.0306543,0.4948366,0.2283037,0.2462054
150,0.0305302,0.4947129,0.2287172,0.2460396
151,0.03046653,0.4944166,0.2289086,0.2462083
152,0.03043335,0.4941018,0.228968,0.2464967
153,0.03041476,0.4938136,0.228968,0.2468036
154,0.0304024,0.4935559,0.2289586,0.2470831
155,0.03039188,0.4933197,0.228972,0.2473164
156,0.0303809,0.4930947,0.2290272,0.2474971
157,0.03591325,0.4244441,0.2478697,0.2917729
158,0.0406526,0.3798555,0.2510134,0.3284785
159,0.04437871,0.3521961,0.2476687,0.3557565
160,0.04711461,0.3361144,0.2424283,0.3743427
161,0.0489948,0.3275612,0.2376478,0.3857963
162,0.05020374,0.3236247,0.2342333,0.3919383
163,0.05092917,0.322316,0.2322779,0.3944769
164,0.05133396,0.3223678,0.2314841,0.3948141
165,0.0515448,0.3230414,0.2314225,0.3939913
166,0.05165258,0.3239493,0.2316742,0.3927239
167,0.05171857,0.3249122,0.2318972,0.391472
168,0.05178118,0.3258604,0.231853,0.3905054
169,0.04780003,0.3701906,0.222041,0.3599684
170,0.04542416,0.3920171,0.2198949,0.3426638
171,0.04434928,0.4023005,0.2170714,0.3362788
172,0.04383363,0.4077517,0.2142759,0.3341389
173,0.04357368,0.4107883,0.2120822,0.3335557
174,0.0434528,0.4125622,0.2103499,0.3336351
175,0.04340393,0.4136642,0.2090256,0.3339062
176,0.04339028,0.4144007,0.2080569,0.3341521
177,0.04339276,0.41493,0.207381,0.3342963
178,0.04340214,0.4153341,0.2069343,0.3343294
179,0.04341395,0.4156577,0.2066617,0.3342667
180,0.04342597,0.4159269,0.2065204,0.3341268
181,0.04220776,0.4297152,0.2033052,0.3247718
182,0.04142166,0.4365282,0.2032194,0.3188306
183,0.04093865,0.4397061,0.2041139,0.3152414
184,0.04064674,0.4410425,0.2052236,0.3130871
185,0.0404721,0.4414963,0.2062549,0.3117767
186,0.04036735,0.4415626,0.2071297,0.3109402
187,0.04030269,0.4414857,0.2078602,0.3103514
188,0.04025964,0.4413771,0.2084888,0.3098744
189,0.04022697,0.4412822,0.2090618,0.3094291
190,0.04019806,0.4412135,0.209618,0.3089705
191,0.040169,0.44117,0.2101873,0.3084736
192,0.04013759,0.4411464,0.2107908,0.3079252
193,0.03938427,0.4492302,0.20938,0.3020055
194,0.03888845,0.4530814,0.2099059,0.2981242
195,0.03856783,0.454784,0.2110559,0.2955923
196,0.03836002,0.4554161,0.2123172,0.2939066
197,0.03822276,0.4555539,0.2134893,0.2927341
198,0.03812899,0.4554915,0.214511,0.2918684
199,0.03806204,0.4553716,0.2153777,0.2911885
200,0.03801207,0.4552572,0.2161031,0.2906276
201,0.03797363,0.4551719,0.216702,0.2901525
202,0.037944,0.455121,0.2171839,0.2897511
203,0.03792201,0.4551025,0.217554,0.2894214
204,0.0379072,0.4551122,0.2178153,0.2891653
205,0.04102196,0.4205553,0.2261107,0.312312
206,0.04337997,0.400734,0.2266718,0.3292142
207,0.04503699,0.3900585,0.2245035,0.3404011
208,0.04614291,0.3848941,0.2216782,0.3472849
209,0.04685022,0.3828492,0.2190982,0.3512025
210,0.04729102,0.3824321,0.2170217,0.3532552
211,0.04756681,0.3827732,0.2154064,0.3542535
212,0.04774882,0.3834043,0.2141051,0.3547418
213,0.04788288,0.3840981,0.212967,0.355052
214,0.04799434,0.384764,0.2118974,0.3553441
215,0.04809593,0.3853748,0.2108496,0.3556796
216,0.04819249,0.3859303,0.2098161,0.3560611
217,0.0444019,0.4265579,0.2007575,0.3282827
218,0.04215796,0.4448633,0.2005583,0.3124205
219,0.04089731,0.452602,0.2025163,0.3039844
220,0.04019001,0.4554935,0.2047272,0.2995893
221,0.03979816,0.4562407,0.2065609,0.2974003
222,0.03958561,0.4561232,0.2078972,0.2963939
223,0.03947352,0.4557269,0.2088017,0.2959979
224,0.03941623,0.4552997,0.2093888,0.2958953
225,0.03938761,0.4549302,0.2097674,0.2959149
226,0.03937285,0.4546363,0.2100241,0.2959667
227,0.03936382,0.4544089,0.2102212,0.2960061
228,0.03935617,0.4542307,0.2104005,0.2960126
229,0.03995072,0.4470218,0.2128022,0.3002254
230,0.04033847,0.4432622,0.2136258,0.3027736
231,0.0405843,0.4413555,0.2138122,0.304248
232,0.04072959,0.4404526,0.2138425,0.3049753
233,0.04080802,0.4400587,0.2139138,0.3052195
234,0.04084403,0.4399018,0.2140857,0.3051685
235,0.04085436,0.4398416,0.2143553,0.3049488
236,0.04085008,0.4398125,0.2146947,0.3046428
237,0.04083842,0.4397883,0.2150693,0.304304
238,0.04082405,0.4397625,0.2154455,0.3039678
239,0.04081006,0.4397377,0.2157944,0.3036579
240,0.04079836,0.4397193,0.2160923,0.30339
241,0.03941545,0.4533568,0.2144177,0.29281
242,0.03852858,0.4592964,0.2160836,0.2860913
243,0.03802151,0.4614986,0.2180271,0.2824528
244,0.03773433,0.4620655,0.2196585,0.2805417
245,0.03757743,0.4619823,0.2208086,0.2796317
246,0.03749629,0.461702,0.2215129,0.2792889
247,0.03745779,0.4614145,0.2218748,0.2792529
248,0.03744205,0.4611842,0.2220039,0.2793698
249,0.03743748,0.4610203,0.2219916,0.2795506
250,0.03743787,0.4609105,0.2219018,0.2797499
251,0.03743986,0.4608384,0.2217773,0.2799444
252,0.03744184,0.4607895,0.221645,0.2801237
253,0.03701458,0.4670106,0.2183571,0.2776179
254,0.0367603,0.470175,0.2166327,0.2764321
255,0.03658446,0.471807,0.2159385,0.2756701
256,0.03647089,0.4725722,0.2156798,0.275277
257,0.0363985,0.4728763,0.2156095,0.2751157
258,0.03635172,0.4729447,0.2156204,0.2750832
259,0.03632017,0.4728971,0.2156696,0.2751132
260,0.03629727,0.4727947,0.2157421,0.2751658
261,0.03627901,0.4726675,0.2158346,0.2752189
262,0.03626298,0.4725296,0.2159468,0.2752607
263,0.03624786,0.4723869,0.2160788,0.2752864
264,0.03623297,0.4722424,0.2162297,0.2752949
265,0.03910712,0.4384776,0.2261481,0.2962672
266,0.04118543,0.41945,0.2287629,0.3106017
267,0.04261626,0.4092575,0.2282915,0.3198346
268,0.04353463,0.4042746,0.2270314,0.3251594
269,0.0440877,0.4021545,0.2259317,0.327826
270,0.04440152,0.4014816,0.2252552,0.3288618
271,0.04457221,0.4014653,0.224939,0.3290234
272,0.04466757,0.4017049,0.2247987,0.3288288
273,0.04473222,0.4020225,0.2246373,0.3286081
274,0.04479261,0.4023567,0.2243058,0.3285448
275,0.04486254,0.4026978,0.2237179,0.3287218
276,0.04494657,0.4030535,0.2228525,0.3291474
277,0.04595355,0.3946252,0.2228185,0.3366028
278,0.04673137,0.3903038,0.2205839,0.3423809
279,0.04727785,0.3884175,0.2179712,0.3463336
280,0.04765482,0.3878821,0.2154896,0.3489734
281,0.04791246,0.3880387,0.2133472,0.3507016
282,0.04808892,0.388505,0.2115899,0.3518161
283,0.04821148,0.3890723,0.2101898,0.3525264
284,0.04829874,0.3896357,0.2090931,0.3529725
285,0.04836289,0.3901496,0.2082431,0.3532445
286,0.04841182,0.3905995,0.2075888,0.3533999
287,0.04845046,0.3909866,0.2070882,0.3534748
288,0.04848189,0.3913181,0.2067086,0.3534915
289,0.04485465,0.429117,0.1986345,0.3273938
290,0.04268105,0.4461997,0.1987989,0.3123203
291,0.04143657,0.4533905,0.2010282,0.3041448
292,0.04072195,0.4560088,0.2034925,0.2997768
293,0.04031306,0.4565971,0.2055723,0.2975176
294,0.04008044,0.4563657,0.2071431,0.2964107
295,0.03994823,0.4558711,0.2082675,0.2959131
296,0.03987186,0.4553498,0.2090606,0.2957177
297,0.03982534,0.4548864,0.2096342,0.295654
298,0.03979394,0.4544977,0.2100768,0.2956316
299,0.03976938,0.454174,0.2104526,0.2956041
300,0.03974718,0.4538988,0.2108045,0.2955494
301,0.03660068,0.4870047,0.2037549,0.2726398
302,0.03481308,0.499851,0.2052123,0.2601238
303,0.03380862,0.5041699,0.2084697,0.2535517
304,0.03323407,0.5049211,0.2116938,0.2501509
305,0.03290128,0.5042995,0.2143263,0.2484731
306,0.03270474,0.5032614,0.2163126,0.2477213
307,0.03258416,0.5021946,0.2177711,0.2474502
308,0.03250508,0.5012304,0.2188515,0.2474131
309,0.03244809,0.5003916,0.2196842,0.2474762
310,0.03240225,0.4996614,0.2203686,0.2475678
311,0.03236177,0.4990135,0.220971,0.2476537
312,0.03232377,0.498424,0.221532,0.2477202
313,0.0364983,0.4493337,0.2348036,0.2793643
314,0.03979826,0.4202212,0.2363479,0.3036326
315,0.04217902,0.4040702,0.2335768,0.3201741
316,0.04377762,0.3959703,0.2298252,0.3304269
317,0.04477637,0.3925112,0.2266485,0.336064
318,0.04535578,0.3914846,0.2245249,0.3386346
319,0.04566669,0.3915779,0.2233787,0.3393767
320,0.04582205,0.39209,0.2229019,0.3391861
321,0.04590039,0.3926977,0.2227328,0.3386692
322,0.04595122,0.3932886,0.2225678,0.3381924
323,0.04600332,0.3938467,0.2221952,0.3379548
324,0.04607049,0.3943906,0.2215045,0.3380344
325,0.04578429,0.3991159,0.2192587,0.335841
326,0.04564286,0.4019319,0.2174969,0.3349284
327,0.04559156,0.4037228,0.2159338,0.334752
328,0.04559826,0.4049387,0.2144356,0.3350274
329,0.04563681,0.4058345,0.2130073,0.3355214
330,0.0456894,0.4065443,0.2116891,0.3360772
331,0.04574519,0.4071345,0.2105176,0.3366027
332,0.04579815,0.4076372,0.2095145,0.3370502
333,0.04584537,0.4080687,0.2086853,0.3374006
334,0.04588637,0.4084375,0.2080182,0.3376579
335,0.04592144,0.4087507,0.2074954,0.3378325
336,0.04595118,0.4090157,0.2070966,0.3379364
337,0.04626461,0.406183,0.2075203,0.3400321
338,0.04648243,0.4047329,0.2074276,0.341357
339,0.0466281,0.4040569,0.2071915,0.3421234
340,0.0467228,0.4038053,0.206966,0.342506
341,0.04678265,0.4037716,0.2068131,0.3426326
342,0.04681903,0.4038394,0.2067511,0.3425904
343,0.0468397,0.4039459,0.2067783,0.3424361
344,0.04684974,0.4040591,0.2068852,0.342206
345,0.04685253,0.4041644,0.2070599,0.3419232
346,0.04685006,0.4042565,0.2072929,0.3416006
347,0.04684375,0.404334,0.2075747,0.3412475
348,0.04683467,0.4043975,0.2078961,0.3408717
349,0.04027124,0.4690305,0.1978007,0.2928976
350,0.03683443,0.4914953,0.2032102,0.26846
351,0.03507757,0.4982239,0.2100126,0.2566859
352,0.03413469,0.4991726,0.2158081,0.2508846
353,0.03362129,0.4981386,0.220095,0.2481452
354,0.03333981,0.4966285,0.2230387,0.2469931
355,0.03318276,0.4951945,0.2249836,0.2466392
356,0.03309072,0.4939899,0.2262622,0.2466571
357,0.03303104,0.4930128,0.2271354,0.2468208
358,0.03298608,0.4922125,0.227787,0.2470144
359,0.03294669,0.4915338,0.2283365,0.247183
360,0.03290838,0.4909314,0.2288563,0.2473039
361,0.03649798,0.4502573,0.2387431,0.2745017
362,0.03929219,0.4270768,0.2383484,0.2952828
363,0.04123826,0.414866,0.2349075,0.3089882
364,0.04250168,0.4091861,0.23108,0.3172323
365,0.0432633,0.4070745,0.2280457,0.3216165
366,0.04368545,0.4067036,0.2261073,0.3235036
367,0.0438957,0.4070447,0.2251346,0.323925
368,0.04398507,0.4075835,0.2248355,0.3235959
369,0.04401453,0.4081064,0.2248959,0.3229832
370,0.04402345,0.4085564,0.225036,0.3223841
371,0.04403568,0.4089465,0.2250439,0.3219739
372,0.04406404,0.4093121,0.2247832,0.3218407
373,0.04458143,0.4046211,0.2254834,0.3253141
374,0.04496875,0.4023533,0.2247896,0.3278884
375,0.04525993,0.4014495,0.2234531,0.3298374
376,0.04548455,0.4013106,0.2218253,0.3313796
377,0.04566337,0.4015799,0.2201026,0.3326541
378,0.04580951,0.4020502,0.2184043,0.333736
379,0.04593088,0.402602,0.2168068,0.3346603
380,0.04603238,0.4031675,0.2153571,0.3354431
381,0.04611732,0.4037085,0.2140802,0.336094
382,0.04618802,0.4042057,0.2129864,0.3366199
383,0.04624661,0.4046498,0.2120722,0.3370315
384,0.04629502,0.4050385,0.2113247,0.3373418
385,0.04643115,0.40454,0.2107133,0.3383155
386,0.04653315,0.4044066,0.2100598,0.3390004
387,0.04660359,0.4044699,0.2095172,0.3394093
388,0.04665191,0.4046187,0.2091035,0.3396259
389,0.04668473,0.4047938,0.2088141,0.3397073
390,0.04670645,0.4049661,0.2086367,0.3396908
391,0.04671983,0.4051232,0.208558,0.3395989
392,0.04672655,0.4052611,0.2085681,0.3394443
393,0.04672752,0.4053794,0.2086596,0.3392335
394,0.04672356,0.4054789,0.2088247,0.3389728
395,0.0467152,0.4055611,0.2090569,0.3386667
396,0.04670287,0.405628,0.2093504,0.3383186
397,0.04775369,0.3962279,0.2099278,0.3460907
398,0.04852374,0.3912599,0.2085325,0.3516839
399,0.04900916,0.3889968,0.2070738,0.3549202
400,0.04930168,0.3881885,0.2058846,0.3566252
401,0.04946728,0.3881044,0.2050693,0.3573591
402,0.04955293,0.3883353,0.2046057,0.357506
403,0.04959092,0.3886677,0.2044194,0.3573219
404,0.04960252,0.3890013,0.2044242,0.356972
405,0.04960137,0.389298,0.2045402,0.3565604
406,0.04959577,0.3895515,0.2047037,0.356149
407,0.04959061,0.3897689,0.2048665,0.3557739
408,0.04958866,0.3899615,0.2049951,0.3554547
409,0.04477697,0.4377849,0.19633,0.3211082
410,0.04201684,0.457897,0.1979892,0.302097
411,0.04050843,0.4656555,0.2015145,0.2923215
412,0.03967173,0.4681129,0.2048677,0.2873477
413,0.03920911,0.4683803,0.2074627,0.284948
414,0.03895562,0.467855,0.2092783,0.2839111
415,0.03881734,0.4671393,0.2104785,0.2835649
416,0.0387405,0.4664658,0.2112558,0.2835378
417,0.03869461,0.4659018,0.211774,0.2836296
418,0.03866274,0.4654467,0.212154,0.2837364
419,0.03863573,0.4650781,0.2124778,0.2838083
420,0.03860888,0.4647706,0.2127968,0.2838237
421,0.0388169,0.4617479,0.21402,0.2854152
422,0.0389352,0.4601347,0.214662,0.2862681
423,0.03899593,0.4592512,0.2150771,0.2866758
424,0.03901557,0.4587555,0.2154638,0.2867651
425,0.0390085,0.4584527,0.2158882,0.2866507
426,0.03898532,0.4582398,0.2163573,0.2864175
427,0.03895353,0.4580671,0.216853,0.2861264
428,0.03891848,0.4579131,0.2173468,0.2858215
429,0.0388841,0.4577712,0.217808,0.2855367
430,0.03885337,0.4576412,0.2182064,0.2852991
431,0.0388285,0.4575261,0.2185161,0.2851292
432,0.03881096,0.4574293,0.2187178,0.2850419
433,0.04166179,0.4252152,0.2279731,0.3051499
434,0.04371354,0.4069639,0.2305253,0.3187971
435,0.04513976,0.3970653,0.2300514,0.3277435
436,0.04606671,0.3921497,0.2287365,0.333047
437,0.04664407,0.3900093,0.2274024,0.3359443
438,0.04699929,0.3893063,0.2262497,0.3374447
439,0.04722828,0.3892894,0.225203,0.3382792
440,0.04739677,0.3895719,0.2241021,0.3389291
441,0.04754489,0.3899762,0.2228089,0.3396699
442,0.04769132,0.3904351,0.2212723,0.3406012
443,0.04784075,0.3909266,0.2195229,0.3417098
444,0.04798945,0.3914424,0.2176538,0.3429144
445,0.04810433,0.3905739,0.2180052,0.3433166
446,0.04814836,0.3901384,0.218597,0.3431163
447,0.04819515,0.3898277,0.218924,0.3430532
448,0.04824014,0.3896191,0.2190882,0.3430526
449,0.04828343,0.3894843,0.2191363,0.343096
450,0.04832513,0.3894031,0.2191011,0.3431707
451,0.04836515,0.3893611,0.2190083,0.3432654
452,0.04840318,0.3893483,0.2188792,0.3433693
453,0.04843884,0.3893567,0.2187319,0.3434726
454,0.04847207,0.3893798,0.2185778,0.3435704
455,0.04850282,0.3894131,0.2184255,0.3436587
456,0.04853106,0.3894529,0.2182814,0.3437347
457,0.04826688,0.395202,0.2136683,0.3428627
458,0.04823048,0.3987448,0.2090845,0.3439402
459,0.04818168,0.4012407,0.2060485,0.3445291
460,0.04812906,0.4029965,0.2040943,0.3447802
461,0.04807957,0.4042031,0.2028896,0.3448277
462,0.04803624,0.405009,0.2021981,0.3447567
463,0.04799895,0.4055312,0.2018596,0.3446102
464,0.04796601,0.4058582,0.2017698,0.3444059
465,0.04793521,0.4060545,0.2018627,0.3441477
466,0.04790449,0.4061644,0.2020972,0.3438339
467,0.04787213,0.4062179,0.2024484,0.3434615
468,0.04783642,0.4062332,0.2029071,0.3430233
469,0.04269935,0.4562595,0.194804,0.3062371
470,0.03982197,0.47576,0.198169,0.286249
471,0.03826613,0.4824496,0.2032558,0.2760285
472,0.0373982,0.483943,0.2079197,0.2707391
473,0.03690718,0.4834475,0.2115853,0.2680601
474,0.03662569,0.4823396,0.2142676,0.2667671
475,0.03645981,0.4811778,0.2161728,0.2661896
476,0.0363563,0.480154,0.2175309,0.2659587
477,0.03628527,0.4793047,0.2185339,0.2658761
478,0.03623019,0.4786071,0.2193241,0.2658386
479,0.03618251,0.4780244,0.2199938,0.2657992
480,0.03613813,0.4775231,0.2205975,0.2657412
481,0.03973396,0.4389895,0.2288248,0.2924518
482,0.04252366,0.4167972,0.22789,0.3127891
483,0.04446459,0.4050044,0.2243382,0.3261928
484,0.04573528,0.3994609,0.2204312,0.3343727
485,0.04651304,0.3974087,0.2172151,0.3388632
486,0.04695566,0.3971182,0.2149672,0.340959
487,0.04718747,0.3975867,0.2135841,0.3416418
488,0.04729809,0.398289,0.2128153,0.3415976
489,0.04734817,0.398986,0.2123872,0.3412787
490,0.04737554,0.3995965,0.2120723,0.3409556
491,0.04740249,0.4001124,0.2117056,0.3407795
492,0.04744038,0.4005542,0.2111884,0.340817
493,0.04453495,0.4309771,0.2042889,0.320199
494,0.04279281,0.4449942,0.2038273,0.3083858
495,0.04180961,0.4510946,0.2048853,0.3022106
496,0.04126849,0.453467,0.2060483,0.2992162
497,0.04098253,0.4541517,0.206892,0.2979736
498,0.04084053,0.4541326,0.2073777,0.2976491
499,0.04077669,0.4538674,0.2075907,0.2977652
500,0.04075273,0.4535547,0.2076358,0.2980568
501,0.04074701,0.4532686,0.2075999,0.2983844
502,0.04074806,0.4530269,0.207541,0.2986841
503,0.04074989,0.4528256,0.2074959,0.2989286
504,0.04074965,0.4526547,0.2074856,0.29911
505,0.04355136,0.4232131,0.21373,0.3195055
506,0.04563816,0.4064678,0.2136436,0.3342505
507,0.04707827,0.3975326,0.2114826,0.3439065
508,0.04801826,0.3932608,0.208953,0.349768
509,0.04859728,0.3916003,0.2068117,0.3529907
510,0.04893184,0.3912799,0.2052876,0.3545007
511,0.0491105,0.3915612,0.2043509,0.3549774
512,0.04919611,0.3920486,0.2038672,0.3548881
513,0.049231,0.3925528,0.2036773,0.3545389
514,0.04924199,0.3930005,0.2036409,0.3541167
515,0.04924566,0.3933753,0.203646,0.3537329
516,0.04925163,0.3936867,0.2036131,0.3534485
517,0.04516112,0.4346316,0.1959963,0.324211
518,0.04275759,0.4524725,0.1971368,0.3076331
519,0.04142451,0.4596027,0.1999775,0.2989952
520,0.04068563,0.4619773,0.2027031,0.2946339
521,0.04028353,0.4623305,0.2047777,0.2926082
522,0.0400712,0.4619251,0.2061744,0.2918293
523,0.03996347,0.4613201,0.2070338,0.2916827
524,0.03991121,0.4607387,0.2075236,0.2918264
525,0.03988654,0.4602505,0.2077867,0.2920763
526,0.03987407,0.4598595,0.2079279,0.2923385
527,0.03986564,0.4595474,0.2080181,0.2925688
528,0.03985714,0.4592918,0.2081012,0.2927498
529,0.04182717,0.4383643,0.2125799,0.3072286
530,0.04323912,0.4270559,0.2123698,0.3173351
531,0.0441747,0.4213867,0.2107323,0.3237063
532,0.04476143,0.4189007,0.2089073,0.3274305
533,0.04510767,0.4180861,0.2074165,0.3293898
534,0.04529703,0.4180633,0.2063987,0.330241
535,0.04538926,0.4183553,0.205816,0.3304394
536,0.04542462,0.4187261,0.2055662,0.3302832
537,0.04542913,0.4190738,0.205537,0.32996
538,0.04541916,0.4193662,0.2056297,0.329585
539,0.04540471,0.4196022,0.2057664,0.3292267
540,0.04539179,0.419793,0.2058897,0.3289255
541,0.04739156,0.3993919,0.2102646,0.3429519
542,0.04885876,0.3878672,0.2103992,0.3528748
543,0.04986742,0.3817398,0.2090617,0.3593311
544,0.05053346,0.3788149,0.2073524,0.3632992
545,0.05096103,0.3776827,0.2057368,0.3656195
546,0.05123345,0.3774801,0.2043483,0.3669381
547,0.05141141,0.3777094,0.2031729,0.3677063
548,0.05153549,0.3781034,0.2021501,0.368211
549,0.05163072,0.378532,0.2012222,0.3686151
550,0.05171111,0.3789392,0.2003527,0.368997
551,0.05178364,0.3793063,0.1995259,0.3693841
552,0.05185115,0.3796312,0.198742,0.3697757
553,0.05150464,0.3838365,0.1974216,0.3672373
554,0.05127517,0.3861863,0.1969522,0.3655863
555,0.05114343,0.3874382,0.1967428,0.3646755
556,0.05107596,0.3880792,0.1966156,0.3642293
557,0.05104843,0.3883958,0.196501,0.3640547
558,0.05104398,0.3885511,0.1963821,0.3640229
559,0.05105155,0.3886331,0.1962631,0.3640523
560,0.0510642,0.3886867,0.1961548,0.3640944
561,0.0510778,0.3887326,0.1960675,0.3641222
562,0.05109004,0.3887791,0.1960088,0.364122
563,0.05109975,0.3888289,0.1959833,0.364088
564,0.05110642,0.3888818,0.1959927,0.3640191
565,0.04864137,0.4131567,0.1915892,0.3466128
566,0.04706023,0.425001,0.1921509,0.3357878
567,0.04610933,0.4303058,0.1940073,0.3295776
568,0.04554489,0.4323634,0.1959821,0.3261097
569,0.04521382,0.4328935,0.1976592,0.3242335
570,0.04502107,0.4327712,0.1989559,0.3232518
571,0.04490822,0.4324227,0.1999199,0.3227491
572,0.04483985,0.4320409,0.2006369,0.3224823
573,0.04479487,0.4317016,0.2011895,0.322314
574,0.04476132,0.4314245,0.2016425,0.3221717
575,0.0447325,0.431206,0.2020422,0.3220193
576,0.04470495,0.4310351,0.2024183,0.3218416
577,0.04439958,0.433752,0.2021656,0.3196828
578,0.04419108,0.4351022,0.2024407,0.318266
579,0.04404757,0.43573,0.2029091,0.3173133
580,0.043948,0.4359784,0.2034073,0.3166664
581,0.04387683,0.4360422,0.2038717,0.3162093
582,0.0438238,0.4360256,0.204282,0.3158686
583,0.04378255,0.4359809,0.2046351,0.3156015
584,0.04374937,0.4359322,0.204933,0.3153855
585,0.04372225,0.435889,0.2051784,0.3152103
586,0.04370013,0.4358544,0.2053734,0.315072
587,0.04368252,0.435828,0.205519,0.3149705
588,0.04366922,0.4358085,0.2056157,0.3149066
589,0.04385889,0.4339152,0.2058792,0.3163467
590,0.04398914,0.4329922,0.205677,0.3173417
591,0.04407085,0.4326,0.2053674,0.3179618
592,0.0441225,0.4324739,0.2050417,0.3183619
593,0.04415578,0.4324709,0.2047391,0.3186342
594,0.04417844,0.4325151,0.2044698,0.3188368
595,0.04419521,0.4325688,0.2042321,0.3190038
596,0.04420891,0.4326153,0.2040216,0.3191542
597,0.04422102,0.4326482,0.2038347,0.3192961
598,0.04423215,0.4326662,0.20367,0.3194317
599,0.0442425,0.4326702,0.2035271,0.3195602
600,0.04425203,0.432662,0.2034064,0.3196796
601,0.04276381,0.4476929,0.2004587,0.3090845
602,0.04182584,0.4545698,0.2009771,0.3026273
603,0.0412692,0.4573745,0.202329,0.2990274
604,0.04094465,0.4582288,0.2037154,0.2971112
605,0.04075933,0.4582133,0.2048596,0.2961678
606,0.04065545,0.4578615,0.2057181,0.295765
607,0.04059758,0.4574217,0.2063359,0.2956448
608,0.04056446,0.4569979,0.2067803,0.2956573
609,0.04054361,0.4566242,0.2071137,0.2957184
610,0.04052797,0.4563041,0.2073844,0.2957835
611,0.04051377,0.4560296,0.2076261,0.2958306
612,0.04049905,0.4557901,0.2078603,0.2958505
613,0.04213479,0.43836,0.2117872,0.307718
614,0.04328733,0.4290496,0.2118342,0.3158289
615,0.04403879,0.4244284,0.2106978,0.320835
616,0.04450208,0.422415,0.2093995,0.3236833
617,0.0447704,0.4217502,0.2083559,0.3251235
618,0.04491429,0.4217138,0.2076663,0.3257056
619,0.04498341,0.4219226,0.2072879,0.325806
620,0.04501081,0.4221916,0.2071296,0.3256681
621,0.04501739,0.4224441,0.2070973,0.3254412
622,0.04501595,0.4226572,0.2071133,0.3252136
623,0.04501385,0.4228323,0.2071211,0.3250328
624,0.04501498,0.4229788,0.2070849,0.3249213
625,0.04487628,0.4246611,0.206575,0.3238876
626,0.04479116,0.4255839,0.2063332,0.3232918
627,0.04474476,0.4260941,0.2061598,0.3230014
628,0.0447256,0.426379,0.205972,0.3229235
629,0.04472398,0.426547,0.2057509,0.3229782
630,0.04473281,0.4266566,0.2055037,0.323107
631,0.04474712,0.4267366,0.205247,0.3232693
632,0.04476359,0.4268004,0.2049988,0.3234372
633,0.04477997,0.4268534,0.2047741,0.3235926
634,0.04479501,0.4268969,0.2045826,0.3237254
635,0.04480797,0.4269316,0.2044303,0.3238301
636,0.04481841,0.4269576,0.2043203,0.3239038
637,0.04702066,0.4047137,0.2087084,0.3395572
638,0.04864245,0.3920967,0.2085482,0.3507127
639,0.04975175,0.3853687,0.2069508,0.3579288
640,0.05047321,0.3821427,0.2051159,0.3622682
641,0.05091897,0.3808785,0.2035629,0.3646397
642,0.05118014,0.3806276,0.2024387,0.3657535
643,0.05132473,0.3808397,0.2017136,0.3661219
644,0.05140023,0.3812192,0.2012897,0.3660908
645,0.05143815,0.381623,0.2010574,0.3658814
646,0.05145829,0.381993,0.2009215,0.3656273
647,0.05147248,0.3823145,0.20081,0.365403
648,0.05148727,0.3825924,0.2006747,0.3652456
649,0.04827568,0.4145101,0.194609,0.3426052
650,0.04628127,0.429638,0.195057,0.3290237
651,0.04512748,0.4362519,0.1970195,0.321601
652,0.04447094,0.4387881,0.199028,0.3177129
653,0.04410716,0.4394568,0.2006112,0.3158248
654,0.04391298,0.439345,0.2017107,0.3150313
655,0.04381442,0.4389669,0.2024149,0.3148038
656,0.04376752,0.4385486,0.2028439,0.3148399
657,0.04374662,0.4381755,0.2031053,0.3149726
658,0.04373715,0.4378687,0.2032801,0.3151141
659,0.04373114,0.4376232,0.2034237,0.3152218
660,0.04372443,0.4374263,0.2035712,0.3152781
661,0.04435688,0.4308676,0.2048943,0.3198813
662,0.04478751,0.4274619,0.2048227,0.3229279
663,0.04505365,0.4258308,0.2044206,0.3246949
664,0.04520694,0.4251504,0.2040336,0.325609
665,0.04528558,0.4249454,0.2037952,0.3259738
666,0.04531678,0.424954,0.2037294,0.3259998
667,0.04531914,0.4250414,0.2038116,0.3258279
668,0.04530501,0.4251442,0.2040008,0.32555
669,0.04528247,0.425237,0.2042541,0.3252264
670,0.04525687,0.4253136,0.2045324,0.3248972
671,0.04523175,0.4253759,0.2048027,0.3245896
672,0.04520951,0.4254288,0.2050385,0.3243231
673,0.04412355,0.4359472,0.2034696,0.3164598
674,0.04341844,0.4409236,0.2041792,0.3114788
675,0.04299915,0.4430342,0.2052787,0.308688
676,0.04275711,0.4437622,0.2062658,0.3072149
677,0.04262506,0.4438677,0.2069672,0.30654
678,0.04255954,0.4437312,0.2073754,0.3063338
679,0.04253302,0.4435307,0.2075455,0.3063908
680,0.04252838,0.4433396,0.2075465,0.3065855
681,0.04253517,0.4431809,0.207441,0.3068428
682,0.04254705,0.4430554,0.20728,0.3071176
683,0.04256036,0.4429556,0.2070996,0.3073845
684,0.04257303,0.4428727,0.2069246,0.3076297
685,0.04329066,0.4355074,0.2083448,0.3128571
686,0.04378433,0.4316903,0.2081573,0.316368
687,0.04410236,0.4298467,0.2075076,0.3185433
688,0.04429879,0.4290642,0.2068176,0.3198195
689,0.04441489,0.4288129,0.2062522,0.32052
690,0.04448017,0.4288009,0.2058493,0.3208697
691,0.04451455,0.4288775,0.2055921,0.3210159
692,0.04453089,0.4289715,0.2054462,0.3210514
693,0.04453723,0.4290539,0.2053773,0.3210316
694,0.0445384,0.4291166,0.205356,0.320989
695,0.04453727,0.4291607,0.2053603,0.3209419
696,0.04453545,0.4291902,0.2053746,0.3208997
697,0.03887697,0.4867097,0.1936501,0.2807631
698,0.03591767,0.5072889,0.196192,0.2606013
699,0.03436118,0.513779,0.2011472,0.2507126
700,0.03351448,0.514791,0.2058056,0.2458889
701,0.03304927,0.5138201,0.2094296,0.2437011
702,0.03279236,0.5123118,0.2120092,0.2428867
703,0.03264838,0.5108247,0.2137628,0.2427641
704,0.032564,0.5095342,0.214939,0.2429628
705,0.03250952,0.5084595,0.215747,0.243284
706,0.03246869,0.5075651,0.2163414,0.2436248
707,0.03243281,0.5068047,0.2168283,0.2439342
708,0.03239735,0.5061381,0.2172757,0.2441889
709,0.03493895,0.4763737,0.2252491,0.2634383
710,0.03677389,0.4605248,0.2256955,0.2770058
711,0.0379867,0.4527963,0.2236672,0.2855498
712,0.03873027,0.4495671,0.2212853,0.2904173
713,0.03914653,0.44861,0.2194473,0.2927962
714,0.03934986,0.4486542,0.2183831,0.2936127
715,0.03942423,0.4490376,0.2180067,0.2935314
716,0.03942789,0.4494552,0.2181098,0.2930071
717,0.03940013,0.4497957,0.2184584,0.2923459
718,0.03936682,0.4500437,0.218839,0.2917503
719,0.03934416,0.4502259,0.2190811,0.2913488
720,0.03934081,0.4503799,0.2190711,0.2912081
721,0.03975638,0.4462667,0.219751,0.2942259
722,0.0400617,0.444352,0.2191036,0.2964827
723,0.04028508,0.4436257,0.2179016,0.2981876
724,0.04045433,0.4435246,0.2164699,0.2995511
725,0.04058775,0.4437271,0.2149872,0.3006979
726,0.04069652,0.444051,0.2135609,0.3016916
727,0.04078719,0.4443937,0.2122595,0.3025596
728,0.04086364,0.4446996,0.2111243,0.3033125
729,0.04092827,0.4449426,0.2101748,0.3039544
730,0.04098261,0.4451163,0.2094122,0.3044889
731,0.04102772,0.4452262,0.2088245,0.3049215
732,0.04106447,0.4452839,0.2083922,0.3052594
733,0.0410437,0.445925,0.2078513,0.30518
734,0.04103358,0.446269,0.2075273,0.3051702
735,0.0410275,0.4464428,0.2073681,0.3051615
736,0.04102354,0.4465156,0.2073164,0.3051444
737,0.04101969,0.4465317,0.2073429,0.3051057
738,0.0410145,0.4465173,0.2074315,0.3050367
739,0.04100708,0.4464876,0.207573,0.3049324
740,0.04099688,0.4464515,0.2077614,0.3047902
741,0.04098367,0.4464142,0.2079921,0.30461
742,0.04096753,0.4463783,0.2082596,0.3043946
743,0.0409487,0.4463454,0.2085586,0.3041473
744,0.04092753,0.4463165,0.2088829,0.3038731
745,0.04257888,0.4285419,0.2131123,0.3157669
746,0.04374593,0.4189948,0.2134268,0.3238324
747,0.0445092,0.4142446,0.2125097,0.3287365
748,0.04498028,0.412195,0.2113916,0.3314332
749,0.04525343,0.4115633,0.2104871,0.3326962
750,0.04540149,0.4116066,0.209886,0.333106
751,0.04547677,0.4119236,0.2095307,0.3330688
752,0.04551464,0.4123178,0.2093146,0.3328529
753,0.04553759,0.4127066,0.2091321,0.3326236
754,0.04555882,0.4130657,0.2089025,0.332473
755,0.04558514,0.4133967,0.2085755,0.3324426
756,0.04561906,0.4137096,0.2081314,0.3325399
757,0.04066928,0.4651715,0.1972181,0.296941
758,0.03796633,0.4853655,0.1983949,0.2782733
759,0.03651792,0.4926613,0.2018844,0.2689363
760,0.03572835,0.4946113,0.205298,0.2643623
761,0.0353003,0.4944343,0.2079604,0.2623049
762,0.03507242,0.4935278,0.2098352,0.2615646
763,0.03495391,0.4924765,0.2110872,0.2614824
764,0.03489301,0.4915001,0.2119109,0.2616959
765,0.03486038,0.4906596,0.2124702,0.2620098
766,0.03483967,0.4899517,0.2128857,0.2623229
767,0.03482203,0.4893523,0.2132401,0.2625857
768,0.0348028,0.4888343,0.2135867,0.2627763
769,0.03622519,0.4724335,0.217712,0.2736292
770,0.03719536,0.4640891,0.2178699,0.2808456
771,0.03780384,0.4601768,0.2168752,0.2851441
772,0.03815764,0.458593,0.2158112,0.2874382
773,0.03834099,0.4581287,0.2151101,0.2884202
774,0.03841517,0.4581323,0.2148719,0.2885806
775,0.03842228,0.4582802,0.2150478,0.2882497
776,0.03839042,0.4584292,0.2155344,0.287646
777,0.03833843,0.4585292,0.2162152,0.2869172
778,0.03827959,0.4585735,0.2169758,0.2861711
779,0.03822361,0.4585752,0.2177103,0.2854909
780,0.03817777,0.4585551,0.2183242,0.2849429
781,0.03602646,0.481498,0.2134446,0.269031
782,0.03476952,0.4909153,0.2142139,0.2601013
783,0.03406864,0.4943944,0.2160158,0.2555212
784,0.03368832,0.4953375,0.2175709,0.2534033
785,0.03349285,0.4952887,0.2185465,0.252672
786,0.03340195,0.4949201,0.2189842,0.2526937
787,0.0333685,0.4944949,0.2190375,0.2530991
788,0.03336503,0.4940949,0.2188649,0.2536751
789,0.0333757,0.4937308,0.2185926,0.2543009
790,0.03339127,0.4933929,0.218308,0.2549079
791,0.03340651,0.4930702,0.2180627,0.2554605
792,0.03341862,0.4927562,0.2178827,0.2559425
793,0.03338065,0.4931216,0.2174433,0.2560545
794,0.03335465,0.4931376,0.2172923,0.2562155
795,0.03333373,0.492985,0.2173087,0.2563725
796,0.03331524,0.4927489,0.2174226,0.2565132
797,0.03329683,0.4924769,0.2176024,0.2566239
798,0.033277,0.4921938,0.2178337,0.2566955
799,0.03325486,0.4919118,0.2181094,0.256724
800,0.03323005,0.4916361,0.2184255,0.2567084
801,0.03320253,0.4913688,0.2187782,0.2566504
802,0.03317256,0.4911109,0.2191624,0.2565542
803,0.03314054,0.4908627,0.219571,0.2564257
804,0.0331071,0.4906248,0.2199954,0.2562728
805,0.03505724,0.4675997,0.2261849,0.2711581
806,0.03643109,0.4556994,0.2265506,0.2813189
807,0.03732038,0.450107,0.2250708,0.2875018
808,0.03786099,0.4479139,0.2233045,0.2909206
809,0.03816987,0.4473961,0.2218561,0.292578
810,0.03833688,0.4476041,0.2208364,0.2932226
811,0.03842524,0.4480614,0.2201438,0.2933696
812,0.03847622,0.4485592,0.219618,0.2933466
813,0.03851465,0.449026,0.2191149,0.2933444
814,0.03855341,0.449453,0.2185415,0.2934521
815,0.03859787,0.4498509,0.2178546,0.2936966
816,0.03864887,0.4502317,0.2170536,0.2940659
817,0.03852705,0.4523059,0.2160509,0.2931161
818,0.03846695,0.4534526,0.2153733,0.2927072
819,0.03845486,0.454104,0.2147138,0.2927274
820,0.03846856,0.454508,0.2140627,0.2929607
821,0.03849557,0.4547782,0.2134362,0.29329
822,0.03852815,0.4549672,0.2128622,0.2936425
823,0.0385616,0.4550993,0.212364,0.2939751
824,0.0385932,0.4551875,0.2119553,0.2942639
825,0.03862135,0.4552407,0.2116408,0.2944971
826,0.03864518,0.4552669,0.2114181,0.2946699
827,0.03866431,0.4552734,0.2112808,0.2947816
828,0.03867854,0.4552666,0.2112209,0.2948339
829,0.03615019,0.4829737,0.2050378,0.2758384
830,0.03468044,0.4941719,0.2059916,0.2651561
831,0.03384474,0.4981514,0.2085835,0.2594204
832,0.03336655,0.4990169,0.2112209,0.2563957
833,0.03309207,0.4986474,0.2133971,0.2548634
834,0.03293259,0.4978851,0.2150485,0.2541338
835,0.03283644,0.4970817,0.2162685,0.2538133
836,0.03277351,0.4963632,0.2171845,0.2536788
837,0.03272653,0.4957568,0.2179101,0.2536064
838,0.03268594,0.4952512,0.2185319,0.253531
839,0.03264651,0.4948243,0.2191094,0.2534198
840,0.03260566,0.494455,0.2196804,0.253259
841,0.03381366,0.4795858,0.2240536,0.262547
842,0.03461599,0.4722026,0.224699,0.2684824
843,0.03510582,0.4688418,0.2241997,0.2718528
844,0.03537947,0.4675403,0.2235846,0.2734956
845,0.03551402,0.4671974,0.2232229,0.2740657
846,0.03556596,0.4672392,0.2231596,0.2740352
847,0.03557453,0.4673954,0.223301,0.2737291
848,0.03556592,0.4675588,0.2235114,0.2733638
849,0.03555674,0.4677044,0.2236615,0.2730772
850,0.03555644,0.4678423,0.2236549,0.2729463
851,0.0355691,0.4679916,0.2234382,0.2730011
852,0.03559504,0.4681672,0.2230005,0.2732373
853,0.03537855,0.4712506,0.221652,0.2717188
854,0.03526098,0.4728102,0.2208858,0.2710429
855,0.03521128,0.4736179,0.2202282,0.2709426
856,0.03520314,0.4740537,0.2195604,0.2711827
857,0.03521862,0.4743009,0.2188794,0.2716011
858,0.0352461,0.4744401,0.2182226,0.2720913
859,0.03527829,0.4745043,0.2176312,0.2725861
860,0.0353107,0.4745097,0.2171345,0.2730452
861,0.03534048,0.4744683,0.2167465,0.2734447
862,0.03536579,0.4743927,0.2164699,0.2737716
863,0.03538562,0.4742943,0.216299,0.2740211
864,0.0353995,0.4741829,0.2162243,0.2741933
865,0.03546499,0.4735597,0.2161984,0.2747769
866,0.03550532,0.473233,0.2161333,0.2751284
867,0.03552409,0.4730572,0.2161473,0.2752714
868,0.03552848,0.4729483,0.2162477,0.2752756
869,0.03552258,0.4728672,0.2164319,0.2751783
870,0.03550907,0.4727964,0.2166903,0.2750041
871,0.0354898,0.4727288,0.2170114,0.2747699
872,0.03546611,0.4726627,0.2173827,0.2744884
