EwEVersion,"6.5.13829.0 (compiled 2016-05-17)"
Date,"2016-09-06 16:27:29"
ModelName,Baltic_Proper-SEALS
EcosimScenario,Proper1_SealVuln100_19742100_seal0_cofF03
TimeSeries,new_data_weights_19742100_BAU_WAR1_codF03_seal100
StartYear,1974

Data,"Prey of other mesozooplankton"

TimeStep,"Cyanobacteria","Phytoplankton","microzooplankton","Detritus-water column",
1,0.04280683,0.5585232,0.1841945,0.2144754
2,0.03914407,0.5794344,0.184423,0.1969986
3,0.03727721,0.5860372,0.1880639,0.1886217
4,0.03628786,0.5871349,0.1919937,0.1845836
5,0.03575879,0.58624,0.1952522,0.1827489
6,0.03547649,0.5848045,0.1976785,0.1820404
7,0.03532583,0.5833926,0.1993923,0.1818893
8,0.03524353,0.5821813,0.200583,0.1819923
9,0.03519486,0.5811884,0.2014271,0.1821897
10,0.03516104,0.5803755,0.2020631,0.1824004
11,0.03513219,0.5796929,0.2025897,0.1825852
12,0.03510328,0.5790967,0.2030727,0.1827272
13,0.03574783,0.5726325,0.2052842,0.1863354
14,0.03615526,0.5694741,0.2057343,0.1886363
15,0.03638261,0.5679889,0.2057087,0.1899198
16,0.03649445,0.5672991,0.205645,0.1905615
17,0.03653415,0.5669435,0.2057164,0.190806
18,0.03653048,0.5666971,0.2059588,0.1908136
19,0.03650215,0.5664629,0.2063472,0.1906879
20,0.03646115,0.5662091,0.2068337,0.1904961
21,0.03641541,0.5659351,0.2073657,0.1902837
22,0.03637033,0.5656533,0.207893,0.1900833
23,0.03632978,0.5653792,0.2083713,0.1899198
24,0.03629651,0.5651276,0.2087641,0.1898117
25,0.03250096,0.597572,0.199865,0.170062
26,0.03050136,0.6078881,0.2016787,0.1599318
27,0.02949767,0.6102252,0.2049862,0.1552909
28,0.02897472,0.609782,0.2080242,0.1532192
29,0.02870892,0.6085501,0.2102448,0.1524962
30,0.02858026,0.6072788,0.2116719,0.1524689
31,0.0285226,0.6061998,0.2124982,0.1527794
32,0.02849969,0.6053397,0.2129267,0.1532339
33,0.02849206,0.6046565,0.2131204,0.1537311
34,0.02848924,0.6040949,0.2131981,0.1542178
35,0.02848608,0.6036071,0.2132374,0.1546695
36,0.02848028,0.6031583,0.2132848,0.1550767
37,0.02923621,0.5950387,0.2161837,0.1595414
38,0.0297146,0.5913022,0.216561,0.1624222
39,0.02999321,0.5896895,0.2161731,0.1641441
40,0.03014404,0.5890422,0.2156775,0.1651363
41,0.03021618,0.5887728,0.2153271,0.165684
42,0.03024171,0.5886083,0.215179,0.165971
43,0.03024082,0.5884383,0.2152093,0.1661117
44,0.03022575,0.5882294,0.2153701,0.1661748
45,0.03020383,0.5879816,0.2156138,0.1662009
46,0.03017984,0.5877076,0.2158946,0.1662178
47,0.03015666,0.5874233,0.2161769,0.1662431
48,0.03013609,0.5871419,0.216434,0.1662879
49,0.03093774,0.5786451,0.2196153,0.1708018
50,0.03145641,0.5747375,0.2200999,0.1737062
51,0.03176897,0.5731229,0.2196795,0.1754287
52,0.0319519,0.5726011,0.2190138,0.1764332
53,0.03205729,0.5725505,0.2183661,0.1770261
54,0.03211918,0.5726722,0.2178055,0.1774031
55,0.03215848,0.5728361,0.2173244,0.177681
56,0.03218728,0.5729944,0.2168936,0.1779247
57,0.03221211,0.5731344,0.2164866,0.1781669
58,0.03223561,0.5732563,0.2160911,0.1784169
59,0.03225869,0.5733628,0.2157038,0.1786747
60,0.03228131,0.5734558,0.2153274,0.1789355
61,0.03261459,0.5697934,0.216823,0.1807691
62,0.03281827,0.5680166,0.2173197,0.1818454
63,0.03295492,0.5671909,0.2172727,0.1825815
64,0.03304333,0.5668569,0.2170303,0.1830695
65,0.03310096,0.5667597,0.2167349,0.1834045
66,0.03313967,0.5667672,0.2164434,0.1836498
67,0.03316699,0.5668148,0.2161742,0.183844
68,0.03318742,0.5668722,0.2159314,0.1840089
69,0.03320351,0.5669261,0.2157151,0.1841553
70,0.03321689,0.5669717,0.2155213,0.1842901
71,0.03322836,0.5670079,0.2153479,0.1844158
72,0.03323831,0.5670351,0.2151937,0.1845329
73,0.03104035,0.5878412,0.2086895,0.1724289
74,0.02980685,0.5952966,0.2090715,0.1658251
75,0.02913947,0.5973992,0.21096,0.1625013
76,0.02877578,0.5974122,0.2129169,0.1608952
77,0.02857861,0.5967223,0.2144943,0.1602048
78,0.02847176,0.595895,0.2156432,0.15999
79,0.02841237,0.5951313,0.21645,0.1600063
80,0.02837647,0.5944776,0.217026,0.16012
81,0.02835091,0.5939225,0.2174672,0.1602595
82,0.02832871,0.5934382,0.2178448,0.1603883
83,0.02830628,0.5929984,0.2182059,0.1604894
84,0.028282,0.5925828,0.2185792,0.160556
85,0.02833143,0.5923537,0.2181364,0.1611785
86,0.02836933,0.5923212,0.2175792,0.1617302
87,0.02837021,0.5923094,0.2173348,0.1619856
88,0.02835414,0.5922378,0.2173126,0.1620955
89,0.02832799,0.5920923,0.2174689,0.1621107
90,0.02829501,0.5918803,0.2177684,0.1620562
91,0.02825693,0.5916155,0.2181809,0.1619467
92,0.0282149,0.5913118,0.2186805,0.1617928
93,0.02816995,0.5909822,0.2192435,0.1616044
94,0.02812321,0.5906379,0.2198465,0.1613923
95,0.02807615,0.5902896,0.2204644,0.1611698
96,0.02803053,0.5899476,0.2210693,0.1609527
97,0.02749604,0.5950012,0.2194952,0.1580077
98,0.02717387,0.5968937,0.2195934,0.156339
99,0.02698083,0.5974081,0.2201729,0.1554383
100,0.0268704,0.5973628,0.2207354,0.1550316
101,0.02681211,0.5971403,0.2211093,0.1549383
102,0.02678706,0.596904,0.2212617,0.1550471
103,0.02678338,0.5967114,0.2212179,0.1552873
104,0.02679342,0.5965712,0.2210231,0.1556123
105,0.02681205,0.5964726,0.2207258,0.1559895
106,0.02683549,0.5963989,0.2203725,0.1563931
107,0.02686084,0.5963345,0.220002,0.1568026
108,0.02688593,0.5962672,0.2196452,0.1572017
109,0.02786474,0.5862501,0.2227373,0.1631479
110,0.02851846,0.5818405,0.2225263,0.1671148
111,0.02891897,0.5801946,0.2213977,0.1694887
112,0.02915725,0.5798129,0.2201632,0.1708668
113,0.02929423,0.5799267,0.2191451,0.1716338
114,0.02937025,0.5801747,0.2184149,0.1720401
115,0.02941075,0.5804067,0.2179417,0.1722408
116,0.02943115,0.5805755,0.217665,0.1723282
117,0.02944043,0.580679,0.2175251,0.1723555
118,0.02944366,0.5807294,0.2174755,0.1723515
119,0.02944371,0.5807421,0.2174819,0.1723324
120,0.02944221,0.5807304,0.2175202,0.1723071
121,0.02909405,0.5840046,0.2166713,0.1702301
122,0.02887459,0.5852284,0.2169689,0.1689282
123,0.02875074,0.5855431,0.2174709,0.1682353
124,0.02868043,0.5854896,0.2179575,0.1678724
125,0.02864116,0.5853142,0.218347,0.1676977
126,0.02861954,0.5851222,0.2186307,0.1676276
127,0.02860763,0.5849522,0.2188266,0.1676135
128,0.02860087,0.5848132,0.2189583,0.1676276
129,0.02859674,0.5847019,0.2190464,0.167655
130,0.02859388,0.5846123,0.2191059,0.1676879
131,0.02859158,0.5845386,0.2191477,0.1677222
132,0.02858944,0.5844761,0.2191787,0.1677557
133,0.03122991,0.5541934,0.231939,0.1826377
134,0.03306174,0.5379481,0.2366405,0.1923497
135,0.03428454,0.5299152,0.2373912,0.198409
136,0.035037,0.5264158,0.2368297,0.2017176
137,0.0354712,0.5252131,0.2360654,0.2032503
138,0.03570895,0.5250673,0.2354631,0.2037607
139,0.03583683,0.5253561,0.2350398,0.2037673
140,0.0359114,0.5258028,0.234689,0.2035967
141,0.03596691,0.5263042,0.2342909,0.203438
142,0.03602333,0.5268336,0.2337482,0.2033949
143,0.03609094,0.5273923,0.2330026,0.2035142
144,0.03617411,0.5279884,0.232029,0.2038085
145,0.03258261,0.5655791,0.2180173,0.183821
146,0.03074454,0.5797992,0.2153892,0.1740672
147,0.02981455,0.5851305,0.2154743,0.1695806
148,0.02934049,0.5868734,0.2161397,0.1676463
149,0.02910132,0.5872095,0.2167376,0.1669517
150,0.02898305,0.5870535,0.2171268,0.1668366
151,0.02892597,0.5867699,0.2173336,0.1669704
152,0.02889888,0.5864862,0.2174233,0.1671916
153,0.02888562,0.586233,0.2174563,0.1674252
154,0.02887783,0.5860073,0.2174772,0.1676377
155,0.02887128,0.5857968,0.2175158,0.167816
156,0.02886381,0.5855896,0.2175906,0.1679559
157,0.03511449,0.5187548,0.2423567,0.2037739
158,0.0406074,0.4742915,0.2507344,0.2343667
159,0.04499039,0.446313,0.2510824,0.2576142
160,0.04822013,0.4300014,0.2481168,0.2736617
161,0.05042367,0.4213925,0.2445784,0.2836054
162,0.05181393,0.4175053,0.2417458,0.2889349
163,0.05261977,0.4162692,0.2399884,0.2911226
164,0.05304258,0.416372,0.2391889,0.2913966
165,0.05323823,0.4170681,0.2390256,0.2906681
166,0.05331711,0.4179859,0.23914,0.2895569
167,0.05335228,0.4189695,0.2392225,0.2884558
168,0.05338861,0.4199699,0.2390503,0.2875912
169,0.04829752,0.4675542,0.2243519,0.2597963
170,0.04541961,0.4899722,0.2198729,0.2447353
171,0.04415079,0.500625,0.2160999,0.2391241
172,0.04355187,0.5064132,0.2128985,0.2371365
173,0.04325381,0.5097159,0.2105253,0.2365051
174,0.0431158,0.5117031,0.2087185,0.2364626
175,0.04305885,0.5129691,0.2073638,0.2366082
176,0.04304044,0.5138243,0.2063794,0.2367557
177,0.04303901,0.5144342,0.2056904,0.2368364
178,0.04304441,0.5148885,0.2052287,0.2368384
179,0.0430519,0.5152391,0.2049383,0.2367707
180,0.04305924,0.515518,0.2047764,0.2366465
181,0.04159889,0.5293954,0.2003724,0.2286334
182,0.04068775,0.5359923,0.1996188,0.2237012
183,0.04014154,0.5389307,0.2001396,0.2207881
184,0.03981824,0.5400659,0.2010406,0.2190753
185,0.03962822,0.5403633,0.2019543,0.2180542
186,0.03951577,0.5403093,0.2027602,0.2174148
187,0.03944671,0.5401363,0.2034456,0.2169714
188,0.03940037,0.5399458,0.204039,0.2166148
189,0.03936441,0.539775,0.204579,0.2162816
190,0.03933174,0.5396308,0.2051004,0.215937
191,0.03929827,0.5395085,0.2056311,0.2155621
192,0.03926174,0.5394,0.2061911,0.2151471
193,0.03838548,0.5472969,0.2040701,0.2102476
194,0.03782584,0.5508765,0.2041703,0.2071273
195,0.0374721,0.5523293,0.2050597,0.2051389
196,0.03724705,0.5527534,0.2061571,0.2038424
197,0.03710047,0.5527223,0.2072209,0.2029563
198,0.03700113,0.5525225,0.2081657,0.2023106
199,0.03693028,0.5522891,0.2089735,0.2018072
200,0.03687708,0.5520797,0.2096505,0.2013927
201,0.03683569,0.5519149,0.2102082,0.2010412
202,0.03680332,0.5517986,0.2106549,0.2007432
203,0.03677879,0.5517283,0.2109955,0.2004974
204,0.03676173,0.5516996,0.2112334,0.2003053
205,0.04037965,0.5174628,0.2225704,0.2195871
206,0.043116,0.4978694,0.2252925,0.2337221
207,0.04502542,0.4874477,0.2244457,0.2430811
208,0.0462818,0.4825656,0.2223454,0.2488072
209,0.0470682,0.4807881,0.2201176,0.2520261
210,0.04754405,0.4805979,0.2181828,0.2536753
211,0.04783094,0.4811233,0.2166026,0.2544433
212,0.04801307,0.4819076,0.21529,0.2547894
213,0.04814377,0.4827385,0.2141273,0.2549903
214,0.04825182,0.4835352,0.2130341,0.2551789
215,0.04835117,0.4842751,0.2119686,0.2554052
216,0.0484468,0.4849585,0.2109233,0.2556714
217,0.04383881,0.5264355,0.1982116,0.231514
218,0.04125236,0.5441338,0.1962501,0.2183638
219,0.03984936,0.5512557,0.197327,0.2115679
220,0.03908483,0.5537099,0.1990974,0.2081079
221,0.03867321,0.5541805,0.2007221,0.2064242
222,0.03845702,0.5538989,0.20197,0.2056741
223,0.0383476,0.55341,0.202846,0.2053964
224,0.03829483,0.5529328,0.2034316,0.2053407
225,0.03827067,0.5525365,0.2038188,0.2053738
226,0.03825961,0.5522271,0.2040858,0.2054275
227,0.03825336,0.5519874,0.2042908,0.2054684
228,0.03824765,0.5517958,0.2044743,0.2054822
229,0.03893921,0.5446295,0.2074142,0.2090171
230,0.03938116,0.5409284,0.208556,0.2111344
231,0.03965592,0.5390741,0.2089212,0.2123488
232,0.03981475,0.5381994,0.2090393,0.2129466
233,0.03989799,0.5378066,0.2091434,0.2131521
234,0.03993415,0.5376276,0.2093165,0.2131217
235,0.03994239,0.537529,0.2095703,0.2129583
236,0.03993507,0.5374513,0.2098857,0.2127279
237,0.03992013,0.5373741,0.2102333,0.2124725
238,0.0399026,0.5372956,0.2105826,0.2122192
239,0.0398857,0.5372219,0.2109066,0.2119858
240,0.03987148,0.5371617,0.2111829,0.2117838
241,0.03827935,0.5503618,0.2082374,0.2031215
242,0.03729473,0.5557348,0.2091637,0.1978068
243,0.03674734,0.5575412,0.2107206,0.1949909
244,0.03644555,0.5578552,0.2121563,0.1935429
245,0.03628563,0.5576259,0.2132178,0.1928706
246,0.03620631,0.5572725,0.2138921,0.1926289
247,0.03617128,0.5569586,0.2142544,0.1926156
248,0.03615926,0.5567297,0.2143979,0.1927131
249,0.03615809,0.5565816,0.2144053,0.1928552
250,0.0361614,0.5564944,0.2143359,0.1930084
251,0.0361659,0.556447,0.2142309,0.1931563
252,0.03617003,0.5564219,0.2141162,0.1932918
253,0.035679,0.5626995,0.2104782,0.1911434
254,0.03539535,0.565896,0.2085888,0.1901199
255,0.03520482,0.5675183,0.2077953,0.1894816
256,0.03508529,0.5682728,0.2074857,0.1891562
257,0.03501153,0.5685716,0.2073937,0.1890232
258,0.03496564,0.5686395,0.207399,0.188996
259,0.034936,0.5685934,0.2074503,0.1890204
260,0.03491534,0.5684925,0.2075282,0.1890639
261,0.03489934,0.5683652,0.2076265,0.1891089
262,0.03488548,0.5682247,0.2077437,0.1891461
263,0.03487238,0.5680768,0.2078793,0.1891716
264,0.03485934,0.567924,0.2080323,0.1891845
265,0.03815434,0.5347436,0.2206385,0.2064637
266,0.04053209,0.515995,0.2251339,0.2183389
267,0.04215537,0.5060394,0.2258226,0.2259827
268,0.04318202,0.50125,0.2251925,0.2303755
269,0.0437867,0.4992612,0.2243893,0.2325628
270,0.04411872,0.4986556,0.2238205,0.2334052
271,0.04429054,0.4986604,0.2235176,0.2335316
272,0.0443802,0.4989006,0.2233525,0.2333667
273,0.04443814,0.4992244,0.2231605,0.233177
274,0.04449365,0.4995891,0.2228087,0.2331086
275,0.04456157,0.4999952,0.2222171,0.2332261
276,0.04464649,0.5004533,0.2213647,0.2335356
277,0.04583968,0.4920592,0.2222664,0.2398348
278,0.04674292,0.4880004,0.2206384,0.2446183
279,0.04736538,0.4864207,0.2183747,0.2478391
280,0.04778556,0.4861829,0.2160809,0.2499506
281,0.04806583,0.486601,0.2140301,0.251303
282,0.04825262,0.4872844,0.2123102,0.2521527
283,0.04837857,0.4880258,0.2109183,0.2526773
284,0.04846548,0.4887259,0.2098149,0.2529936
285,0.04852739,0.4893456,0.2089513,0.2531757
286,0.04857316,0.4898765,0.2082806,0.2532698
287,0.04860825,0.4903249,0.2077626,0.2533043
288,0.04863598,0.4907021,0.2073655,0.2532964
289,0.04424679,0.529127,0.1959426,0.2306836
290,0.04174938,0.5455748,0.1944595,0.2182163
291,0.04036885,0.5521346,0.1958482,0.2116484
292,0.03959924,0.5542957,0.1978822,0.2082228
293,0.03917144,0.5545834,0.1997507,0.2064944
294,0.03893563,0.5541633,0.2012265,0.2056746
295,0.0388065,0.5535528,0.2023151,0.2053256
296,0.03873511,0.5529597,0.2031003,0.2052049
297,0.0386936,0.5524494,0.2036769,0.2051802
298,0.03866649,0.5520259,0.2041249,0.2051827
299,0.03864538,0.551672,0.2045045,0.2051781
300,0.0386258,0.5513663,0.2048571,0.2051508
301,0.03506302,0.583181,0.1951948,0.1865612
302,0.03313507,0.5946972,0.1953209,0.1768469
303,0.03208869,0.598152,0.1978643,0.171895
304,0.0315087,0.5983847,0.2007036,0.169403
305,0.0311836,0.5974644,0.203137,0.1682151
306,0.03099864,0.5962598,0.2050283,0.1677132
307,0.03088989,0.5951027,0.2064477,0.1675597
308,0.03082166,0.5940899,0.2075173,0.1675712
309,0.03077427,0.5932238,0.2083518,0.1676502
310,0.03073687,0.5924754,0.2090423,0.1677454
311,0.03070391,0.5918119,0.2096509,0.1678333
312,0.03067269,0.5912062,0.2102163,0.1679049
313,0.03534894,0.5439796,0.2274094,0.1932621
314,0.03908292,0.5158351,0.2320998,0.2129822
315,0.04178047,0.5003151,0.2313697,0.2265348
316,0.04357782,0.4927038,0.2287763,0.2349421
317,0.04468212,0.4896061,0.2261714,0.2395404
318,0.04530511,0.4888091,0.2242741,0.2416117
319,0.04562428,0.4890178,0.2231712,0.2421868
320,0.04577115,0.4895679,0.2226542,0.2420066
321,0.04583568,0.4901801,0.2224188,0.2415655
322,0.04587344,0.4907784,0.2221911,0.2411571
323,0.04591593,0.4913732,0.2217731,0.2409378
324,0.04597778,0.4919963,0.2210588,0.2409673
325,0.04560986,0.4969942,0.2184234,0.2389725
326,0.04542531,0.5000201,0.2164602,0.2380943
327,0.04535178,0.5019993,0.214798,0.237851
328,0.04534829,0.5033984,0.21326,0.2379934
329,0.04538288,0.5044704,0.2118221,0.2383246
330,0.04543433,0.5053433,0.2105073,0.238715
331,0.04548993,0.5060782,0.2093429,0.2390889
332,0.0455427,0.5067042,0.2083458,0.2394073
333,0.0455893,0.5072368,0.2075196,0.2396543
334,0.04562922,0.5076857,0.2068525,0.2398326
335,0.04566279,0.5080607,0.2063267,0.2399498
336,0.04569072,0.5083715,0.2059227,0.240015
337,0.04606223,0.5055077,0.2066125,0.2418176
338,0.04631326,0.5040749,0.2066727,0.242939
339,0.04647637,0.5034276,0.2065173,0.2435787
340,0.04657876,0.5032004,0.2063279,0.2438929
341,0.04664049,0.5031809,0.2061847,0.2439939
342,0.04667543,0.5032509,0.2061169,0.2439568
343,0.04669273,0.5033479,0.2061295,0.2438298
344,0.04669836,0.5034419,0.2062167,0.2436431
345,0.04669615,0.5035193,0.2063688,0.2434157
346,0.04668834,0.5035762,0.2065773,0.2431581
347,0.04667646,0.5036125,0.2068334,0.2428777
348,0.04666168,0.5036297,0.2071282,0.2425804
349,0.03896314,0.5672442,0.1913757,0.202417
350,0.03520881,0.587255,0.1942419,0.1832943
351,0.03336853,0.592437,0.1997804,0.1744141
352,0.03241317,0.5924971,0.2049242,0.1701655
353,0.03190977,0.5909756,0.2088909,0.1682237
354,0.03164406,0.589211,0.2116945,0.1674504
355,0.03150271,0.5876533,0.2135926,0.1672513
356,0.03142447,0.5863944,0.2148691,0.1673121
357,0.03137647,0.5853962,0.2157579,0.1674695
358,0.03134136,0.5845879,0.2164293,0.1676415
359,0.03131042,0.5839025,0.2169963,0.1677906
360,0.03127951,0.5832897,0.2175286,0.1679023
361,0.03529324,0.5442437,0.2308625,0.1896006
362,0.03843123,0.5221483,0.2331257,0.2062947
363,0.04061145,0.5107002,0.2313371,0.2173513
364,0.04201188,0.5055881,0.228417,0.2239831
365,0.04284012,0.5038657,0.2258151,0.227479
366,0.04328523,0.503722,0.2240358,0.228957
367,0.04349506,0.504162,0.2230798,0.2292632
368,0.04357374,0.5047148,0.222733,0.2289784
369,0.04358972,0.5052093,0.2227253,0.2284757
370,0.04358632,0.5056244,0.2228015,0.2279879
371,0.04358915,0.5059996,0.2227619,0.2276493
372,0.04361163,0.506387,0.2224754,0.227526
373,0.04421847,0.5016585,0.2236476,0.2304754
374,0.04466033,0.4994922,0.2232479,0.2325997
375,0.04498449,0.4987579,0.2220932,0.2341644
376,0.04522911,0.498821,0.2205795,0.2353704
377,0.04542033,0.4993031,0.2189311,0.2363455
378,0.04557437,0.499983,0.2172833,0.2371593
379,0.04570086,0.5007322,0.215721,0.2378459
380,0.0458056,0.5014765,0.2142961,0.2384218
381,0.04589243,0.5021749,0.2130362,0.2388965
382,0.04596398,0.5028062,0.2119533,0.2392765
383,0.04602259,0.5033619,0.2110449,0.2395706
384,0.04607037,0.5038412,0.2102992,0.2397892
385,0.04622437,0.503423,0.2097749,0.2405778
386,0.04633648,0.5033718,0.209172,0.2411198
387,0.04641129,0.5035012,0.2086527,0.2414349
388,0.04646056,0.5036988,0.2082458,0.2415949
389,0.04649229,0.5039065,0.2079534,0.2416479
390,0.0465117,0.504097,0.2077667,0.2416246
391,0.046522,0.5042596,0.2076749,0.2415435
392,0.04652504,0.5043918,0.2076686,0.2414146
393,0.04652185,0.5044938,0.2077412,0.2412431
394,0.0465133,0.5045677,0.207885,0.2410339
395,0.04649998,0.5046158,0.2080938,0.2407903
396,0.04648234,0.5046407,0.2083619,0.2405151
397,0.04774539,0.4951987,0.2098913,0.2471647
398,0.04865346,0.4903823,0.20909,0.2518743
399,0.04921373,0.4882756,0.2079381,0.2545726
400,0.04954176,0.4875984,0.2068871,0.2559727
401,0.04971968,0.4876058,0.2061157,0.256559
402,0.04980498,0.4878882,0.2056465,0.2566604
403,0.04983636,0.4882392,0.2054312,0.2564932
404,0.04983885,0.4885682,0.2053982,0.2561948
405,0.04982809,0.4888467,0.2054751,0.2558501
406,0.0498134,0.4890761,0.205602,0.2555085
407,0.04980015,0.4892697,0.2057322,0.2551979
408,0.04979122,0.4894429,0.2058325,0.2549334
409,0.04399817,0.5377129,0.1929152,0.2253737
410,0.04086602,0.5566943,0.1925663,0.2098734
411,0.03921841,0.5635328,0.1950971,0.2021516
412,0.03833281,0.5653926,0.1979534,0.1983213
413,0.03785827,0.5653045,0.2003151,0.1965221
414,0.03760754,0.5645806,0.2020361,0.1957758
415,0.03747693,0.5637605,0.2032104,0.1955522
416,0.03740855,0.563035,0.2039926,0.1955639
417,0.03737026,0.562445,0.204526,0.1956588
418,0.03734469,0.5619741,0.2049215,0.1957597
419,0.03732267,0.5615901,0.2052566,0.1958306
420,0.03729966,0.5612628,0.2055808,0.1958566
421,0.03754454,0.5582654,0.2070046,0.1971855
422,0.03768253,0.5566633,0.2077556,0.1978985
423,0.03775363,0.5557759,0.2082253,0.1982451
424,0.03777811,0.5552564,0.20863,0.1983355
425,0.03777284,0.554913,0.2090495,0.1982647
426,0.03774991,0.5546482,0.2095011,0.1981009
427,0.03771766,0.5544176,0.2099729,0.1978918
428,0.03768195,0.5542051,0.2104412,0.1976717
429,0.03764699,0.5540087,0.2108784,0.1974659
430,0.03761595,0.5538325,0.2112568,0.1972948
431,0.03759115,0.5536826,0.2115526,0.1971736
432,0.03757415,0.5535651,0.2117478,0.1971131
433,0.04088024,0.521548,0.2236965,0.2138753
434,0.04325264,0.5033413,0.2280948,0.2253114
435,0.04488726,0.4935552,0.2287646,0.232793
436,0.04593438,0.4887789,0.2280794,0.2372074
437,0.04657336,0.4867725,0.2270576,0.2395965
438,0.04695638,0.4861885,0.2260432,0.2408119
439,0.04719661,0.4862854,0.225052,0.241466
440,0.04737043,0.4866943,0.2239776,0.2419577
441,0.04752371,0.4872532,0.2227097,0.2425133
442,0.0476773,0.4879003,0.2212073,0.2432151
443,0.04783596,0.4886093,0.2195009,0.244054
444,0.04799497,0.4893592,0.2176789,0.244967
445,0.04812585,0.4884357,0.2181027,0.2453358
446,0.04817237,0.4879163,0.218706,0.2452053
447,0.04822207,0.4875567,0.2190463,0.2451748
448,0.0482696,0.4873212,0.219222,0.2451872
449,0.04831515,0.487175,0.2192802,0.2452296
450,0.04835889,0.4870938,0.2192541,0.2452931
451,0.04840075,0.4870597,0.2191695,0.2453701
452,0.04844041,0.4870596,0.2190475,0.2454524
453,0.04847743,0.4870834,0.2189061,0.245533
454,0.04851176,0.4871233,0.2187567,0.2456083
455,0.04854335,0.4871731,0.218608,0.2456756
456,0.04857218,0.4872286,0.2184663,0.2457328
457,0.04822639,0.4935881,0.2134891,0.2446965
458,0.04816221,0.4977254,0.2087885,0.2453239
459,0.04809158,0.5006131,0.2056632,0.2456321
460,0.04802147,0.5026194,0.203638,0.2457211
461,0.04795831,0.5039796,0.2023779,0.2456843
462,0.04790448,0.5048727,0.2016435,0.2455793
463,0.04785907,0.5054367,0.2012714,0.2454329
464,0.04781954,0.5057737,0.2011537,0.2452531
465,0.04778299,0.5059562,0.2012216,0.2450391
466,0.04774679,0.506034,0.2014319,0.2447872
467,0.04770885,0.5060404,0.2017579,0.2444928
468,0.04766713,0.5059943,0.202189,0.2441495
469,0.04159425,0.5555638,0.1897623,0.2130796
470,0.03839541,0.5733957,0.1910699,0.197139
471,0.03673266,0.5788947,0.1951105,0.1892621
472,0.03583467,0.5796381,0.1992271,0.1853001
473,0.03534246,0.5786889,0.2026148,0.1833538
474,0.0350698,0.5773116,0.2051653,0.1824532
475,0.03491515,0.5759903,0.2070144,0.1820801
476,0.03482237,0.5748693,0.2083529,0.1819554
477,0.03476061,0.5739563,0.2093514,0.1819317
478,0.0347133,0.5732108,0.2101414,0.1819346
479,0.03467208,0.5725867,0.2108102,0.1819311
480,0.03463316,0.5720458,0.2114107,0.1819103
481,0.0387199,0.5347323,0.2229849,0.2035629
482,0.04190221,0.5133824,0.2245596,0.2201557
483,0.04410938,0.502211,0.2225461,0.2311336
484,0.04553809,0.4971732,0.2194808,0.2378079
485,0.04639546,0.4955052,0.216666,0.2414333
486,0.04686836,0.4954748,0.2145675,0.2430893
487,0.04710341,0.496098,0.2132036,0.2435951
488,0.04720496,0.4968809,0.2123963,0.2435179
489,0.04724243,0.4976187,0.2119128,0.2432261
490,0.04725819,0.4982583,0.211547,0.2429365
491,0.04727661,0.4988124,0.2111434,0.2427675
492,0.04730969,0.4993135,0.2106067,0.2427702
493,0.04382245,0.5301025,0.2010206,0.2250545
494,0.04182504,0.5436633,0.1992178,0.215294
495,0.04073313,0.5493501,0.19961,0.2103068
496,0.04014927,0.551461,0.2004602,0.2079295
497,0.03985066,0.5520111,0.2011781,0.2069601
498,0.03970919,0.5519407,0.2016331,0.2067171
499,0.03965096,0.5516717,0.2018597,0.2068177
500,0.03963389,0.5513781,0.2019353,0.2070527
501,0.03963469,0.5511189,0.2019328,0.2073136
502,0.03964134,0.5509033,0.2019041,0.2075513
503,0.03964776,0.5507229,0.2018839,0.2077455
504,0.03965117,0.5505657,0.2018925,0.2078906
505,0.04292821,0.5214471,0.2106718,0.2249528
506,0.0453607,0.5049958,0.2123447,0.2372989
507,0.04702541,0.4963578,0.2112452,0.2453717
508,0.04809611,0.4923729,0.2092918,0.2502393
509,0.04874128,0.4909509,0.2074245,0.2528833
510,0.04910202,0.4908009,0.2060015,0.2540954
511,0.04928457,0.4911862,0.2050753,0.254454
512,0.04936318,0.4917249,0.2045595,0.2543524
513,0.049387,0.4922458,0.2043227,0.2540445
514,0.0493865,0.4926921,0.2042385,0.2536828
515,0.04938011,0.4930616,0.204202,0.2533562
516,0.04937822,0.4933732,0.2041364,0.2531121
517,0.04444878,0.5347199,0.1929047,0.2279265
518,0.04170565,0.5516757,0.1922868,0.2143319
519,0.04023855,0.5580555,0.1942523,0.2074537
520,0.03945031,0.5599381,0.1965486,0.2040629
521,0.03903517,0.5600041,0.1984318,0.2025289
522,0.03882487,0.5594473,0.1997617,0.2019661
523,0.03872459,0.5587737,0.2006157,0.201886
524,0.03868094,0.5581704,0.2011267,0.202022
525,0.03866428,0.5576834,0.2014194,0.2022329
526,0.03865866,0.557303,0.20159,0.2024484
527,0.03865587,0.5570025,0.2017056,0.2026361
528,0.03865197,0.5567551,0.2018088,0.2027842
529,0.04093433,0.5362588,0.2080422,0.2147647
530,0.04255414,0.5253633,0.2090055,0.2230771
531,0.04361386,0.520046,0.2080569,0.2282833
532,0.04426681,0.5178397,0.2065989,0.2312946
533,0.04464293,0.5172232,0.2052795,0.2328544
534,0.0448414,0.5173224,0.2043225,0.2335137
535,0.04493197,0.5176754,0.2037425,0.2336502
536,0.04496086,0.5180638,0.2034674,0.233508
537,0.04495735,0.518402,0.2034025,0.2332381
538,0.04493946,0.5186711,0.203458,0.2329315
539,0.04491799,0.5188802,0.2035606,0.2326411
540,0.04489927,0.5190474,0.2036557,0.2323976
541,0.0473035,0.4983122,0.2098739,0.2445105
542,0.04904782,0.4867101,0.2112134,0.2530287
543,0.05023064,0.4806503,0.2105845,0.2585345
544,0.05099733,0.4778653,0.2092559,0.2618815
545,0.05147798,0.4768923,0.2078238,0.2638059
546,0.05177551,0.4768424,0.2065104,0.2648717
547,0.05196387,0.4772102,0.2053562,0.2654697
548,0.05209169,0.4777302,0.2043318,0.2658464
549,0.05218839,0.4782757,0.2033956,0.2661403
550,0.05227003,0.4787937,0.2025182,0.2664181
551,0.05234434,0.4792666,0.2016864,0.2667027
552,0.05241421,0.479692,0.2009001,0.2669936
553,0.0519706,0.4841362,0.1992076,0.2646855
554,0.05168382,0.48658,0.1985219,0.2632142
555,0.05152126,0.4878756,0.1981962,0.2624069
556,0.05143838,0.488541,0.1980107,0.2620098
557,0.05140398,0.4888762,0.1978696,0.2618502
558,0.05139703,0.489048,0.1977403,0.2618147
559,0.05140401,0.4891453,0.1976181,0.2618327
560,0.05141667,0.489212,0.1975088,0.2618625
561,0.05143019,0.489268,0.1974202,0.2618816
562,0.05144191,0.4893208,0.1973588,0.2618784
563,0.05145054,0.4893726,0.1973287,0.2618482
564,0.05145553,0.489423,0.1973316,0.2617899
565,0.04843518,0.5142567,0.1907771,0.2465311
566,0.04657995,0.5258294,0.1901899,0.2374007
567,0.04549912,0.5307639,0.1914399,0.2322971
568,0.0448755,0.5325109,0.1931017,0.2295119
569,0.04451997,0.5328128,0.1946259,0.2280413
570,0.04431928,0.5325313,0.1958545,0.227295
571,0.04420573,0.5320728,0.1967926,0.2269288
572,0.04413925,0.5316132,0.1975021,0.2267455
573,0.04409658,0.5312149,0.1980532,0.2266354
574,0.04406478,0.5308887,0.1985047,0.2265417
575,0.04403689,0.5306256,0.1989004,0.226437
576,0.04400943,0.5304112,0.1992691,0.2263103
577,0.0436531,0.5330744,0.1987667,0.2245058
578,0.04341643,0.5343437,0.198892,0.2233478
579,0.0432572,0.5348892,0.1992681,0.2225854
580,0.04314895,0.5350643,0.199709,0.2220777
581,0.04307287,0.5350657,0.2001362,0.2217253
582,0.04301688,0.5349963,0.2005206,0.2214661
583,0.04297365,0.5349073,0.2008543,0.2212647
584,0.04293898,0.5348215,0.201137,0.2211025
585,0.04291071,0.534748,0.2013701,0.2209711
586,0.04288771,0.5346894,0.2015554,0.2208676
587,0.04286949,0.5346452,0.2016938,0.2207915
588,0.04285587,0.5346142,0.201786,0.2207438
589,0.04307941,0.5327542,0.2022203,0.221946
590,0.04322922,0.5318901,0.2021239,0.2227568
591,0.04332123,0.5315521,0.2018742,0.2232524
592,0.04337822,0.5314734,0.2015829,0.2235654
593,0.04341431,0.5315107,0.201301,0.223774
594,0.04343857,0.5315894,0.2010455,0.2239265
595,0.04345653,0.5316735,0.2008185,0.2240514
596,0.04347134,0.531747,0.2006177,0.2241639
597,0.04348464,0.5318043,0.2004404,0.2242707
598,0.04349704,0.5318443,0.2002851,0.2243735
599,0.04350874,0.531868,0.2001516,0.2244717
600,0.04351966,0.5318767,0.2000401,0.2245635
601,0.04177731,0.5467066,0.1958344,0.2156817
602,0.04071919,0.5531783,0.1956595,0.210443
603,0.04010974,0.5556557,0.1966445,0.2075901
604,0.03976489,0.556282,0.1978456,0.2061074
605,0.0395747,0.5561197,0.1989055,0.2054
606,0.0394728,0.5556781,0.1997338,0.2051152
607,0.03941952,0.5551851,0.2003484,0.2050469
608,0.03939154,0.5547298,0.2008013,0.2050774
609,0.03937553,0.5543359,0.2011467,0.2051419
610,0.03936412,0.5540003,0.2014289,0.2052067
611,0.03935346,0.5537111,0.2016797,0.2052558
612,0.03934167,0.5534556,0.2019201,0.2052827
613,0.04124108,0.5363275,0.207295,0.2151364
614,0.04256268,0.5273338,0.208288,0.2218156
615,0.04341193,0.5229836,0.2076986,0.2259058
616,0.04392566,0.5211794,0.2066873,0.2282076
617,0.04421571,0.520656,0.2057745,0.2293538
618,0.0443655,0.5207013,0.205129,0.2298043
619,0.04443276,0.5209471,0.2047504,0.2298698
620,0.04445512,0.5212242,0.2045724,0.2297482
621,0.04445601,0.5214701,0.2045148,0.2295592
622,0.04444939,0.5216721,0.2045067,0.2293718
623,0.04444313,0.521839,0.204495,0.2292228
624,0.04444125,0.5219846,0.2044455,0.2291286
625,0.04427302,0.5236906,0.203798,0.2282384
626,0.04417157,0.524621,0.203479,0.2277284
627,0.04411666,0.5251409,0.2032658,0.2274766
628,0.04409369,0.5254436,0.203062,0.2274008
629,0.04409095,0.525637,0.2028387,0.2274334
630,0.04410006,0.5257769,0.2025968,0.2275262
631,0.04411533,0.5258892,0.2023491,0.2276464
632,0.04413295,0.5259845,0.2021108,0.2277719
633,0.04415046,0.5260659,0.2018954,0.2278882
634,0.04416648,0.5261336,0.201712,0.2279879
635,0.04418017,0.5261873,0.2015661,0.2280664
636,0.0441911,0.5262269,0.2014604,0.2281216
637,0.04682577,0.5037953,0.2078434,0.2415355
638,0.0487487,0.4911914,0.2090037,0.2510563
639,0.0500482,0.4845812,0.2081839,0.2571868
640,0.05087869,0.4815157,0.2067638,0.2608418
641,0.05137949,0.480404,0.2054039,0.2628126
642,0.05166288,0.4802722,0.2043482,0.2637167
643,0.05181156,0.4805652,0.203627,0.2639963
644,0.05188236,0.4809937,0.2031778,0.2639462
645,0.0519122,0.481425,0.2029104,0.2637524
646,0.05192387,0.4818114,0.2027394,0.2635253
647,0.05193063,0.4821468,0.2025973,0.2633253
648,0.05193955,0.4824415,0.2024375,0.2631814
649,0.04800014,0.5151802,0.1934983,0.2433213
650,0.04566918,0.5299448,0.1924772,0.2319088
651,0.04436542,0.5361062,0.1936925,0.2258358
652,0.0436451,0.5382994,0.195332,0.2227234
653,0.04325807,0.5387462,0.1967493,0.2212464
654,0.04305923,0.5385041,0.1977891,0.2206475
655,0.04296383,0.5380563,0.1984853,0.2204946
656,0.04292269,0.5376042,0.1989284,0.2205447
657,0.0429077,0.5372159,0.1992104,0.220666
658,0.04290335,0.5369014,0.1994047,0.2207906
659,0.04290133,0.5366489,0.1995637,0.220886
660,0.04289748,0.5364419,0.1997211,0.2209396
661,0.0436445,0.5299348,0.2016037,0.2248171
662,0.04414301,0.5266382,0.2018753,0.2273435
663,0.0444453,0.5251011,0.2016603,0.2287933
664,0.04461549,0.5244852,0.2013642,0.229535
665,0.04469996,0.5243127,0.2011599,0.2298275
666,0.044731,0.5243261,0.2010959,0.229847
667,0.0447302,0.5243971,0.2011629,0.2297097
668,0.04471161,0.5244696,0.2013288,0.22949
669,0.04468427,0.5245243,0.2015557,0.2292357
670,0.04465401,0.5245602,0.2018078,0.2289781
671,0.04462468,0.5245833,0.2020539,0.228738
672,0.0445988,0.5246024,0.2022687,0.22853
673,0.04331912,0.5349991,0.1997601,0.2219217
674,0.04251554,0.539693,0.1999333,0.2178582
675,0.04205041,0.5415738,0.2007494,0.2156264
676,0.04178907,0.5421441,0.2015958,0.214471
677,0.04165109,0.5421568,0.2022381,0.213954
678,0.04158606,0.541977,0.202632,0.2138049
679,0.04156284,0.5417672,0.2028114,0.2138586
680,0.04156251,0.5415885,0.2028328,0.2140161
681,0.04157374,0.5414546,0.2027522,0.2142195
682,0.04158983,0.5413593,0.2026166,0.2144344
683,0.04160695,0.5412908,0.2024603,0.2146419
684,0.04162303,0.5412377,0.2023071,0.2148321
685,0.0424631,0.5339774,0.204362,0.2191974
686,0.04302995,0.5303156,0.2045709,0.2220837
687,0.04338865,0.528613,0.2041495,0.2238488
688,0.04360592,0.5279417,0.2035828,0.2248695
689,0.04373153,0.5277692,0.2030789,0.2254205
690,0.04380025,0.5278078,0.2027027,0.2256892
691,0.04383508,0.5279139,0.2024539,0.2257971
692,0.0438506,0.5280226,0.2023077,0.2258191
693,0.04385571,0.5281104,0.2022346,0.2257994
694,0.04385566,0.5281731,0.202208,0.2257632
695,0.04385348,0.5282146,0.2022074,0.2257246
696,0.04385085,0.5282409,0.2022176,0.2256906
697,0.03732933,0.5841679,0.1859411,0.1925616
698,0.03413045,0.6025584,0.1864297,0.1768815
699,0.03251397,0.6076988,0.1903339,0.1694534
700,0.03166393,0.6079574,0.1944418,0.165937
701,0.03121312,0.6065916,0.1977942,0.1644011
702,0.03097471,0.6048934,0.2002577,0.1638741
703,0.03084852,0.6033297,0.2019784,0.1638435
704,0.03077983,0.6020213,0.2031625,0.1640364
705,0.03073881,0.6009562,0.2039957,0.1643092
706,0.03070953,0.6000812,0.2046199,0.1645893
707,0.03068367,0.5993401,0.2051345,0.1648418
708,0.03065707,0.5986874,0.2056043,0.1650513
709,0.03347203,0.5704662,0.2157919,0.1802699
710,0.03549649,0.5556597,0.2178556,0.1909883
711,0.03682262,0.5486506,0.2168131,0.1977138
712,0.03762357,0.5459009,0.2149621,0.2015134
713,0.03806189,0.5452254,0.2133671,0.2033455
714,0.03826787,0.5453971,0.2123783,0.2039567
715,0.03833576,0.5457999,0.2119877,0.2038766
716,0.03832984,0.5461725,0.2120356,0.2034621
717,0.03829265,0.5464406,0.2123178,0.2029489
718,0.03825165,0.5466188,0.2126399,0.2024898
719,0.03822368,0.5467548,0.2128419,0.2021796
720,0.03821751,0.5469001,0.2128159,0.2020666
721,0.03869227,0.5429024,0.2138692,0.2045362
722,0.03903209,0.5411648,0.2134725,0.2063307
723,0.03927531,0.5406324,0.2124398,0.2076524
724,0.03945628,0.540728,0.2111294,0.2086864
725,0.03959711,0.541121,0.2097399,0.2095419
726,0.03971108,0.5416232,0.2083897,0.210276
727,0.03980587,0.5421271,0.2071526,0.2109144
728,0.03988587,0.5425738,0.2060726,0.2114678
729,0.03995373,0.5429352,0.2051703,0.2119407
730,0.04001105,0.5432051,0.2044477,0.2123361
731,0.04005885,0.5433903,0.2038932,0.2126577
732,0.04009795,0.5435042,0.2034874,0.2129105
733,0.04007051,0.5441895,0.2029229,0.2128171
734,0.04005716,0.5445621,0.202589,0.2127918
735,0.04004943,0.5447498,0.2024246,0.2127762
736,0.04004466,0.5448264,0.2023696,0.2127594
737,0.04004031,0.544838,0.2023924,0.2127293
738,0.04003462,0.5448117,0.2024757,0.2126779
739,0.0400265,0.5447636,0.2026094,0.2126005
740,0.04001531,0.5447029,0.2027871,0.2124948
741,0.04000077,0.5446349,0.2030038,0.2123605
742,0.03998297,0.5445632,0.2032545,0.2121994
743,0.03996215,0.5444899,0.2035339,0.2120141
744,0.03993872,0.5444168,0.2038362,0.2118082
745,0.04187058,0.5267664,0.2095672,0.2217958
746,0.0432176,0.5174181,0.2108491,0.2285153
747,0.04408439,0.5128636,0.2104815,0.2325707
748,0.04460765,0.5109752,0.2096404,0.2347768
749,0.04490163,0.5104548,0.2088508,0.2357927
750,0.0450533,0.5105623,0.2082763,0.2361081
751,0.04512398,0.51091,0.2079052,0.2360607
752,0.04515437,0.5113177,0.2076578,0.2358702
753,0.04516985,0.5117172,0.2074433,0.2356697
754,0.04518496,0.5120949,0.2071882,0.2355319
755,0.04520696,0.5124589,0.2068451,0.235489
756,0.04523833,0.5128211,0.2063944,0.2355462
757,0.03942914,0.5637335,0.1912043,0.2056331
758,0.0364418,0.5823446,0.1904284,0.1907852
759,0.03490108,0.5885607,0.192946,0.1835922
760,0.03408801,0.5898787,0.1958725,0.1801608
761,0.03366215,0.589362,0.1983098,0.178666
762,0.03344533,0.5882899,0.2001004,0.1781643
763,0.03333994,0.5871707,0.2013404,0.178149
764,0.03329153,0.5861773,0.2021849,0.1783464
765,0.03326991,0.5853423,0.2027765,0.1786114
766,0.03325861,0.5846463,0.2032247,0.1788702
767,0.03324891,0.5840564,0.2036067,0.1790879
768,0.03323638,0.5835408,0.2039734,0.1792494
769,0.03483431,0.5678677,0.2093529,0.1879451
770,0.03591046,0.5600716,0.2103437,0.1936742
771,0.03657584,0.5565356,0.2098303,0.1970583
772,0.03695573,0.5551849,0.2090134,0.1988459
773,0.03714757,0.554836,0.2084145,0.199602
774,0.03722106,0.5548645,0.2081928,0.1997216
775,0.03722321,0.5549729,0.2083367,0.1994672
776,0.03718479,0.5550405,0.2087657,0.199009
777,0.03712605,0.5550362,0.2093778,0.1984599
778,0.03706101,0.5549693,0.2100687,0.1979009
779,0.03699984,0.5548668,0.21074,0.1973933
780,0.03695005,0.5547611,0.2113033,0.1969855
781,0.03452436,0.5767777,0.2045451,0.1841528
782,0.03316391,0.5853069,0.2043219,0.1772072
783,0.03242803,0.5882328,0.2056133,0.1737259
784,0.03204037,0.5888835,0.2069279,0.1721482
785,0.0318485,0.5887154,0.2078169,0.1716192
786,0.03176505,0.5883324,0.2082526,0.1716501
787,0.03173994,0.587951,0.2083472,0.1719618
788,0.03174463,0.5876234,0.2082356,0.1723966
789,0.03176293,0.5873411,0.2080299,0.1728662
790,0.03178554,0.5870832,0.20781,0.1733214
791,0.03180728,0.5868325,0.2076237,0.1737366
792,0.03182536,0.5865794,0.207495,0.1741002
793,0.0317874,0.5869812,0.2070648,0.1741665
794,0.03176391,0.5870239,0.2069293,0.174283
795,0.0317465,0.5868887,0.2069613,0.1744035
796,0.0317319,0.586663,0.2070893,0.1745159
797,0.03171738,0.5863947,0.2072803,0.1746076
798,0.03170123,0.5861086,0.2075186,0.1746716
799,0.03168252,0.5858166,0.2077968,0.174704
800,0.03166082,0.5855243,0.2081108,0.1747041
801,0.03163612,0.585234,0.2084568,0.174673
802,0.03160867,0.5849474,0.2088302,0.1746137
803,0.03157893,0.5846659,0.2092246,0.1745305
804,0.03154754,0.5843914,0.2096321,0.174429
805,0.03372749,0.5623291,0.2176056,0.1863378
806,0.03524857,0.5511347,0.219197,0.1944197
807,0.0362199,0.5460431,0.2184341,0.199303
808,0.03679904,0.544188,0.217041,0.2019719
809,0.037121,0.5438777,0.2157597,0.2032416
810,0.03728822,0.5442005,0.2147956,0.2037157
811,0.03737153,0.5447181,0.214107,0.2038033
812,0.03741635,0.5452538,0.2135684,0.2037615
813,0.03744945,0.545759,0.2130548,0.2037367
814,0.03748436,0.5462376,0.2124816,0.2037965
815,0.03752651,0.5467055,0.2118076,0.2039603
816,0.03757647,0.5471737,0.211031,0.2042188
817,0.03742929,0.5492727,0.2098949,0.2034031
818,0.03735625,0.5504494,0.2091546,0.2030397
819,0.03733883,0.5511561,0.2084823,0.2030227
820,0.03735088,0.5516281,0.2078432,0.2031778
821,0.03737807,0.5519702,0.2072403,0.2034114
822,0.03741165,0.5522283,0.2066937,0.2036664
823,0.03744639,0.5524219,0.2062223,0.2039094
824,0.03747927,0.5525615,0.2058375,0.2041218
825,0.03750854,0.5526546,0.2055428,0.2042941
826,0.03753325,0.5527093,0.205335,0.2044224
827,0.03755293,0.5527335,0.2052076,0.204506
828,0.03756737,0.5527343,0.2051529,0.2045455
829,0.03469533,0.5794206,0.196786,0.1890981
830,0.03309884,0.5895439,0.1965973,0.1807598
831,0.03222027,0.5928015,0.198572,0.1764063
832,0.03173238,0.5932212,0.2008761,0.1741703
833,0.03146101,0.5925873,0.2028791,0.1730726
834,0.03130887,0.5916713,0.2044456,0.1725742
835,0.0312207,0.5907779,0.2056268,0.1723745
836,0.03116504,0.5900033,0.2065255,0.1723063
837,0.03112426,0.5893559,0.2072413,0.1722786
838,0.03108875,0.5888135,0.2078533,0.1722445
839,0.03105346,0.5883479,0.2084175,0.1721812
840,0.03101597,0.5879347,0.2089698,0.1720795
841,0.03236119,0.5737314,0.2144293,0.179478
842,0.03324173,0.5668201,0.2157784,0.1841597
843,0.03377059,0.5637621,0.2156724,0.186795
844,0.03405987,0.5626272,0.2152453,0.1880676
845,0.03419759,0.5623492,0.2149484,0.1885048
846,0.03424697,0.5623891,0.2148836,0.1884803
847,0.03425105,0.5625085,0.2149936,0.1882468
848,0.03423798,0.5626266,0.215166,0.1879694
849,0.03422524,0.5627378,0.2152861,0.1877509
850,0.0342226,0.5628648,0.2152647,0.187648
851,0.03423406,0.5630326,0.2150517,0.1876817
852,0.0342598,0.5632566,0.2146353,0.1878483
853,0.03401199,0.5663097,0.2130904,0.186588
854,0.03387998,0.5678656,0.2122348,0.1860196
855,0.03382473,0.5687097,0.211556,0.1859096
856,0.0338156,0.5692109,0.2109063,0.1860671
857,0.03383235,0.5695393,0.2102638,0.1863645
858,0.03386216,0.569764,0.2096541,0.1867197
859,0.03389718,0.5699098,0.2091111,0.1870819
860,0.03393255,0.5699873,0.2086599,0.1874203
861,0.03396523,0.5700058,0.208312,0.187717
862,0.03399323,0.5699766,0.2080686,0.1879617
863,0.03401542,0.5699108,0.2079235,0.1881503
864,0.03403128,0.5698191,0.207867,0.1882825
865,0.03410481,0.5692468,0.2079066,0.1887418
866,0.03414958,0.5689537,0.2078805,0.1890163
867,0.03417042,0.5687887,0.2079108,0.18913
868,0.03417557,0.5686733,0.2080131,0.189138
869,0.03416966,0.5685717,0.2081888,0.1890699
870,0.03415561,0.568469,0.208431,0.1889444
871,0.03413543,0.5683605,0.2087297,0.1887743
