EwEVersion,"6.5.13829.0 (compiled 2016-05-17)"
Date,"2016-09-06 16:27:29"
ModelName,Baltic_Proper-SEALS
EcosimScenario,Proper1_SealVuln100_19742100_seal0_cofF03
TimeSeries,new_data_weights_19742100_BAU_WAR1_codF03_seal100
StartYear,1974

Data,"Prey of Pseudocalanus sp."

TimeStep,"Cyanobacteria","Phytoplankton","microzooplankton","Detritus-water column",
1,0.04366294,0.4557547,0.2818175,0.2187648
2,0.04009329,0.4747883,0.2833427,0.2017757
3,0.03816162,0.4799528,0.2887887,0.1930968
4,0.03708253,0.4799942,0.2942973,0.1886259
5,0.03647449,0.4783787,0.2987402,0.1864066
6,0.03613125,0.4764783,0.3019903,0.1854002
7,0.03593611,0.4747769,0.3042554,0.1850316
8,0.03582186,0.4733877,0.3058117,0.1849787
9,0.03574984,0.4722825,0.3069051,0.1850626
10,0.03569806,0.4713918,0.3077239,0.1851862
11,0.0356543,0.4706463,0.3084007,0.1852987
12,0.03561193,0.4699903,0.3090229,0.185375
13,0.03617777,0.4636159,0.3116299,0.1885765
14,0.03655842,0.4606593,0.3120425,0.1907397
15,0.03677773,0.4593259,0.311914,0.1919824
16,0.03688683,0.4587188,0.311784,0.1926104
17,0.03692296,0.4583818,0.3118586,0.1928367
18,0.0369129,0.4581037,0.3121724,0.1928111
19,0.03687529,0.4578027,0.3126848,0.1926372
20,0.03682293,0.4574618,0.313329,0.1923863
21,0.03676483,0.4570924,0.3140332,0.1921095
22,0.03670745,0.4567172,0.3147301,0.1918453
23,0.03665565,0.4563605,0.3153605,0.1916234
24,0.03661297,0.4560439,0.3158765,0.1914666
25,0.0331501,0.4876059,0.3057854,0.1734587
26,0.0311473,0.4966093,0.3089246,0.1633187
27,0.0300859,0.4979154,0.3136111,0.1583877
28,0.02950414,0.4967392,0.3177379,0.1560188
29,0.02919316,0.4950518,0.3206866,0.1550684
30,0.02903376,0.493532,0.322546,0.1548883
31,0.02895669,0.4923404,0.3235983,0.1551045
32,0.02892209,0.4914492,0.3241238,0.155505
33,0.02890749,0.4907782,0.3243417,0.1559726
34,0.02890019,0.4902472,0.3244103,0.1564424
35,0.02889356,0.4897931,0.3244314,0.1568819
36,0.02888434,0.4893726,0.3244662,0.1572768
37,0.02955887,0.4812846,0.3278544,0.1613022
38,0.03001414,0.4778103,0.3281161,0.1640595
39,0.03029162,0.4764452,0.3274859,0.1657773
40,0.03044759,0.4759791,0.3267741,0.1667992
41,0.03052419,0.4758197,0.3262832,0.1673729
42,0.03055126,0.4757066,0.3260723,0.1676698
43,0.03054884,0.4755455,0.326102,0.1678037
44,0.03052985,0.475318,0.3263055,0.1678467
45,0.03050243,0.4750356,0.326618,0.167844
46,0.03047219,0.4747208,0.326979,0.167828
47,0.0304427,0.4743961,0.3273412,0.16782
48,0.03041626,0.4740805,0.3276694,0.1678339
49,0.03112203,0.4656736,0.3313853,0.1718192
50,0.03161123,0.4620529,0.3317747,0.1745611
51,0.0319217,0.4607027,0.3311035,0.1762721
52,0.03211289,0.4603889,0.330176,0.1773222
53,0.03222897,0.4604934,0.3293034,0.1779742
54,0.03230109,0.4607324,0.3285587,0.1784078
55,0.0323495,0.4609911,0.327923,0.1787364
56,0.03238653,0.461233,0.3273543,0.1790261
57,0.03241906,0.4614533,0.3268162,0.1793116
58,0.03244996,0.4616547,0.3262921,0.1796033
59,0.03248022,0.4618403,0.3257777,0.1799018
60,0.03250976,0.4620113,0.325277,0.1802018
61,0.03279651,0.4583774,0.3270487,0.1817774
62,0.03298131,0.4566708,0.3275991,0.1827488
63,0.03311392,0.4559421,0.3274815,0.1834624
64,0.03320458,0.4556985,0.327134,0.1839629
65,0.03326678,0.4556791,0.3267309,0.1843232
66,0.0333106,0.4557526,0.3263397,0.184597
67,0.0333429,0.4558569,0.3259811,0.1848191
68,0.0333679,0.455964,0.3256585,0.1850096
69,0.03338807,0.4560619,0.3253711,0.1851789
70,0.03340508,0.4561471,0.3251136,0.1853342
71,0.03341978,0.4562194,0.3248827,0.1854781
72,0.03343256,0.4562791,0.3246769,0.1856114
73,0.03145631,0.476575,0.3172291,0.1747396
74,0.03024613,0.4832559,0.318229,0.168269
75,0.0295532,0.4847052,0.320933,0.1648086
76,0.02915549,0.4842364,0.3235898,0.1630183
77,0.02892856,0.4832236,0.3256813,0.1621666
78,0.02879884,0.4821925,0.3271807,0.1618279
79,0.02872261,0.4813037,0.3282202,0.1617535
80,0.02867417,0.4805715,0.3289544,0.1617998
81,0.02863875,0.479962,0.3295127,0.1618865
82,0.02860807,0.4794323,0.3299897,0.16197
83,0.02857767,0.4789471,0.330447,0.1620281
84,0.02854539,0.4784811,0.3309222,0.1620513
85,0.02860034,0.4783809,0.3303103,0.1627084
86,0.02864647,0.4784861,0.3295572,0.1633102
87,0.02865083,0.4785344,0.3292269,0.1635879
88,0.0286345,0.4784752,0.329192,0.1636983
89,0.028605,0.4783058,0.3293932,0.163696
90,0.02856615,0.4780417,0.3297829,0.1636092
91,0.02852024,0.4777029,0.3303211,0.1634558
92,0.0284689,0.477308,0.3309737,0.1632493
93,0.02841358,0.4768748,0.3317095,0.163002
94,0.02835585,0.4764191,0.3324978,0.1627274
95,0.0282976,0.4759564,0.3333049,0.1624411
96,0.02824106,0.4755029,0.3340946,0.1621616
97,0.02775283,0.4804462,0.3323175,0.1594833
98,0.02743677,0.4821348,0.3325769,0.1578515
99,0.02723672,0.4824592,0.3333916,0.1569125
100,0.02711729,0.4822813,0.3341454,0.1564561
101,0.02705215,0.4819892,0.3346333,0.1563255
102,0.02702351,0.4817384,0.3348223,0.1564157
103,0.02701935,0.4815748,0.3347504,0.1566554
104,0.02703137,0.4814954,0.334479,0.1569942
105,0.02705368,0.4814784,0.3340726,0.1573953
106,0.02708176,0.4814977,0.3335923,0.1578284
107,0.02711206,0.4815294,0.3330894,0.1582691
108,0.0271419,0.4815552,0.3326046,0.1586984
109,0.02802959,0.4717747,0.3360826,0.1641131
110,0.02866479,0.4678608,0.3355022,0.1679723
111,0.02907423,0.4666476,0.3338795,0.1703987
112,0.02932973,0.4665943,0.3321984,0.1718776
113,0.02948329,0.4669358,0.3308393,0.1727416
114,0.02957215,0.4673304,0.3298746,0.1732228
115,0.02962137,0.4676506,0.3292538,0.1734743
116,0.02964705,0.4678677,0.3288927,0.1735924
117,0.02965911,0.4679938,0.3287113,0.1736357
118,0.0296634,0.4680509,0.3286479,0.1736378
119,0.02966344,0.4680609,0.3286573,0.1736185
120,0.02966128,0.4680413,0.3287082,0.1735892
121,0.02934244,0.4711924,0.3277817,0.1716834
122,0.02912392,0.4722255,0.3282636,0.170387
123,0.02899351,0.4723898,0.3289608,0.1696558
124,0.02891519,0.4722258,0.3296125,0.1692466
125,0.02886892,0.4719749,0.330125,0.1690312
126,0.02884188,0.4717343,0.3304939,0.1689299
127,0.02882604,0.4715347,0.330746,0.1688932
128,0.02881651,0.4713781,0.3309138,0.1688915
129,0.02881043,0.4712569,0.3310248,0.1689079
130,0.02880617,0.4711621,0.3310989,0.1689329
131,0.02880281,0.4710857,0.3311502,0.1689613
132,0.02879984,0.4710222,0.3311877,0.1689904
133,0.03107048,0.4410916,0.3461326,0.1817054
134,0.03271073,0.4257894,0.3511922,0.1903076
135,0.03385416,0.4186106,0.3516169,0.1959184
136,0.03458286,0.4156741,0.35064,0.199103
137,0.03501634,0.4147824,0.3495574,0.2006439
138,0.03526049,0.4147786,0.3487591,0.2012018
139,0.0353962,0.4151172,0.3482248,0.2012618
140,0.03547912,0.4155788,0.3477961,0.201146
141,0.03554447,0.4160982,0.3473088,0.2010486
142,0.03561351,0.416672,0.3466335,0.201081
143,0.03569745,0.4173139,0.3456933,0.2012953
144,0.03580118,0.4180361,0.3444553,0.2017074
145,0.03271698,0.4543293,0.3283747,0.1845791
146,0.03100077,0.467705,0.3257764,0.1755178
147,0.03009409,0.4724934,0.3262419,0.1711706
148,0.02961607,0.4739084,0.3272547,0.1692209
149,0.02936777,0.4740688,0.3280831,0.1684803
150,0.02924176,0.4738351,0.3285974,0.1683259
151,0.02917946,0.4735296,0.3288573,0.1684336
152,0.02914914,0.473252,0.3289593,0.1686395
153,0.02913379,0.4730157,0.3289869,0.1688636
154,0.0291243,0.4728071,0.3290001,0.1690685
155,0.0291159,0.472608,0.3290382,0.1692379
156,0.02910605,0.4724034,0.3291252,0.1693654
157,0.03451302,0.4078953,0.3573082,0.2002835
158,0.03940519,0.3681998,0.3649669,0.2274281
159,0.04341533,0.3445506,0.3634385,0.2485955
160,0.04645224,0.331389,0.3585302,0.2636285
161,0.04857721,0.3247693,0.3534334,0.2732201
162,0.0499473,0.3219716,0.3495553,0.2785259
163,0.050755,0.3212138,0.3472255,0.2808057
164,0.05118358,0.3214235,0.346209,0.281184
165,0.05138333,0.3220295,0.3460464,0.2805408
166,0.05146574,0.3227776,0.3462543,0.2795024
167,0.05150741,0.3235856,0.3464257,0.2784813
168,0.05155673,0.3244479,0.346272,0.2777234
169,0.04741256,0.3671897,0.3303617,0.255036
170,0.0448836,0.387352,0.3259172,0.2418472
171,0.04380365,0.397351,0.3216012,0.237244
172,0.043328,0.4030481,0.3177063,0.2359176
173,0.0431107,0.4064235,0.3147432,0.2357226
174,0.04302894,0.4085378,0.312447,0.2359862
175,0.04301205,0.4099293,0.3107076,0.236351
176,0.04302216,0.4108849,0.3094378,0.2366552
177,0.0430408,0.4115645,0.3085484,0.2368463
178,0.04306005,0.4120606,0.3079549,0.2369245
179,0.04307682,0.4124299,0.3075854,0.2369078
180,0.04309006,0.4127096,0.3073845,0.2368159
181,0.04183706,0.4259411,0.3022794,0.2299425
182,0.04099063,0.4319858,0.3016572,0.2253664
183,0.04045369,0.4344973,0.302544,0.2225051
184,0.04011884,0.4353145,0.3038374,0.2207292
185,0.0399114,0.4353798,0.3050963,0.2196124
186,0.03978157,0.435155,0.3061861,0.2188773
187,0.03969697,0.4348505,0.3071045,0.218348
188,0.03963698,0.4345508,0.3078965,0.2179157
189,0.03958869,0.4342804,0.3086169,0.2175139
190,0.03954432,0.434038,0.3093135,0.2171041
191,0.03949916,0.4338132,0.3100235,0.2166641
192,0.03945049,0.4335945,0.3107736,0.2161814
193,0.03867259,0.4411125,0.3083947,0.2118202
194,0.03813435,0.4442956,0.3087534,0.2088166
195,0.03777186,0.4453981,0.3100501,0.2067799
196,0.03752746,0.4455318,0.3115637,0.205377
197,0.03735952,0.4452653,0.3130017,0.2043734
198,0.03724027,0.4448748,0.3142667,0.2036182
199,0.03715211,0.4444853,0.3153432,0.2030194
200,0.0370844,0.4441468,0.3162438,0.202525
201,0.03703117,0.4438751,0.3169856,0.2021081
202,0.03698945,0.4436715,0.3175805,0.2017585
203,0.03695796,0.4435329,0.3180351,0.2014741
204,0.03693619,0.4434542,0.3183537,0.2012559
205,0.04006742,0.4107693,0.3312741,0.2178892
206,0.04255964,0.393156,0.3335781,0.2307062
207,0.04437167,0.3842962,0.3317804,0.2395517
208,0.04561312,0.3804749,0.3286995,0.2452125
209,0.04642287,0.379357,0.3256495,0.2485707
210,0.04693521,0.3795548,0.3230833,0.2504267
211,0.04726019,0.3803058,0.3210269,0.2514071
212,0.04747829,0.3812321,0.3193382,0.2519515
213,0.04764275,0.3821719,0.3178485,0.2523368
214,0.04778305,0.3830702,0.3164469,0.2526999
215,0.04791375,0.3839152,0.3150764,0.2530946
216,0.0480399,0.3847083,0.3137277,0.2535241
217,0.04411147,0.4237679,0.2991666,0.232954
218,0.0416986,0.4400159,0.2975595,0.2207259
219,0.04031653,0.4461746,0.2994606,0.2140482
220,0.03952727,0.4479823,0.3020268,0.2104637
221,0.0390826,0.4480375,0.3042704,0.2086094
222,0.03883742,0.4475022,0.3059518,0.2077085
223,0.03870597,0.4468656,0.3071125,0.207316
224,0.03863757,0.4463053,0.3078785,0.2071785
225,0.03860256,0.4458628,0.3083797,0.2071549
226,0.0385838,0.4455252,0.3087228,0.2071682
227,0.03857166,0.4452643,0.308986,0.2071781
228,0.03856084,0.4450514,0.309223,0.2071648
229,0.03914348,0.4379893,0.3127536,0.2101137
230,0.03953565,0.4344403,0.3140613,0.2119628
231,0.03978937,0.4327106,0.3144365,0.2130634
232,0.03993937,0.4319071,0.3145404,0.2136131
233,0.04001762,0.4315354,0.3146558,0.2137913
234,0.04004898,0.4313389,0.3148776,0.2137345
235,0.04005135,0.4311963,0.3152131,0.2135392
236,0.04003706,0.4310592,0.3156326,0.2132712
237,0.04001449,0.4309154,0.3160953,0.2129747
238,0.03998928,0.4307703,0.3165602,0.2126803
239,0.03996528,0.430635,0.3169911,0.2124087
240,0.039945,0.4305219,0.3173586,0.2121744
241,0.03850862,0.4429264,0.3142269,0.2043381
242,0.03754119,0.4475258,0.315819,0.199114
243,0.03697465,0.4487921,0.3180361,0.1961971
244,0.03664685,0.4487491,0.3199922,0.1946119
245,0.0364649,0.4483048,0.3214069,0.1938235
246,0.03637029,0.4478371,0.3222913,0.1935014
247,0.0363262,0.4474752,0.322758,0.1934405
248,0.03630983,0.4472384,0.3229361,0.1935156
249,0.03630744,0.4471045,0.3229364,0.1936518
250,0.03631141,0.4470422,0.3228375,0.193809
251,0.03631749,0.4470234,0.3226933,0.1939659
252,0.03632355,0.4470268,0.3225375,0.1941122
253,0.0359414,0.4534702,0.3180392,0.1925491
254,0.03571264,0.4567751,0.3156881,0.1918242
255,0.03554628,0.4584182,0.3147161,0.1913194
256,0.03543652,0.4591694,0.3143443,0.1910498
257,0.03536581,0.45946,0.3142384,0.1909358
258,0.03531984,0.4595198,0.3142499,0.1909106
259,0.03528865,0.4594663,0.3143166,0.1909284
260,0.03526567,0.4593575,0.3144159,0.190961
261,0.03524686,0.45922,0.3145411,0.190992
262,0.03522978,0.4590663,0.3146911,0.1910128
263,0.03521309,0.4589016,0.3148655,0.1910198
264,0.03519611,0.4587286,0.3150631,0.1910122
265,0.03802617,0.4263578,0.3298459,0.2057701
266,0.04015591,0.4089649,0.3345667,0.2163125
267,0.04166771,0.4001484,0.3348154,0.2233685
268,0.04265537,0.3961096,0.3336692,0.2275659
269,0.04325286,0.3945394,0.3324803,0.2297274
270,0.04358786,0.3941244,0.3316911,0.2305967
271,0.0437642,0.3941875,0.331292,0.2307563
272,0.04385845,0.3944283,0.33109,0.2306231
273,0.04392269,0.394747,0.330858,0.2304723
274,0.04398837,0.3951325,0.3304178,0.2304614
275,0.04407195,0.3956012,0.3296632,0.2306636
276,0.04417856,0.3961665,0.3285669,0.231088
277,0.04526385,0.3887025,0.3292115,0.2368221
278,0.04615586,0.385497,0.326801,0.241546
279,0.0468082,0.3845592,0.3237089,0.2449238
280,0.04727481,0.3847891,0.320657,0.2472791
281,0.04760431,0.385543,0.3179626,0.2488901
282,0.04783652,0.3864659,0.3157191,0.2499783
283,0.04800155,0.3873781,0.313912,0.2507082
284,0.04812082,0.3882003,0.3124844,0.2511945
285,0.04820889,0.3889071,0.3113699,0.251514
286,0.04827553,0.3894999,0.3105066,0.2517179
287,0.04832716,0.3899916,0.3098418,0.2518395
288,0.0483679,0.390398,0.3093338,0.2519003
289,0.04459705,0.4266526,0.2962407,0.2325097
290,0.04225155,0.4417097,0.2951977,0.220841
291,0.04087997,0.4473002,0.2974918,0.2143281
292,0.04007688,0.4487852,0.3004036,0.2107344
293,0.03960877,0.4486201,0.3029713,0.2087999
294,0.03933763,0.447908,0.3049562,0.2077982
295,0.03918079,0.4471134,0.3063997,0.207306
296,0.03908853,0.4464041,0.3074302,0.2070772
297,0.03903126,0.4458164,0.3081815,0.2069708
298,0.03899179,0.4453361,0.3087633,0.2069089
299,0.03896025,0.4449336,0.3092562,0.2068499
300,0.0389312,0.4445806,0.3097153,0.2067729
301,0.03574353,0.4755996,0.2984748,0.1901821
302,0.03385547,0.4861015,0.2993512,0.1806918
303,0.03276691,0.4886355,0.3030695,0.1755281
304,0.03212961,0.4881412,0.306988,0.1727412
305,0.03175275,0.4866952,0.3102668,0.1712852
306,0.03152632,0.4851279,0.3127777,0.1705681
307,0.03138567,0.4837233,0.3146418,0.1702491
308,0.0312929,0.4825386,0.3160352,0.1701333
309,0.03122607,0.4815464,0.3171161,0.1701115
310,0.03117247,0.4806975,0.3180073,0.1701227
311,0.03112524,0.4799465,0.3187918,0.1701364
312,0.03108088,0.479259,0.3195207,0.1701394
313,0.03517626,0.4330579,0.3394478,0.192318
314,0.03858582,0.4074194,0.3437215,0.2102733
315,0.04113782,0.3940955,0.3417163,0.2230503
316,0.042898,0.388014,0.3378111,0.2312769
317,0.04401465,0.3858339,0.3341893,0.2359621
318,0.04466307,0.3855055,0.3316437,0.2381877
319,0.04500403,0.3858958,0.3302059,0.2388943
320,0.04516532,0.3864704,0.3295608,0.2388034
321,0.04523971,0.3870453,0.3292903,0.2384246
322,0.04528743,0.3876072,0.3290291,0.2380764
323,0.04534405,0.3882025,0.3285165,0.2379369
324,0.04542674,0.3888798,0.3276141,0.2380794
325,0.04516664,0.3937317,0.3244513,0.2366503
326,0.04505469,0.3967524,0.3220412,0.2361517
327,0.04503655,0.3988081,0.3199577,0.2361978
328,0.04508004,0.4003365,0.3179978,0.2365856
329,0.04515633,0.4015617,0.316147,0.2371349
330,0.04524498,0.4025898,0.314445,0.2377202
331,0.04533327,0.4034683,0.312933,0.2382655
332,0.04541407,0.4042186,0.3116361,0.2387311
333,0.04548412,0.4048532,0.3105613,0.2391014
334,0.04554318,0.4053828,0.3096937,0.2393804
335,0.04559207,0.405819,0.3090107,0.2395782
336,0.04563198,0.4061745,0.3084871,0.2397064
337,0.0459609,0.4035165,0.309237,0.2412857
338,0.04619678,0.4022458,0.3092294,0.2423281
339,0.04635708,0.4017085,0.3089809,0.2429535
340,0.0464615,0.4015469,0.3087127,0.2432789
341,0.04652621,0.4015585,0.3085193,0.2433961
342,0.04656328,0.4016334,0.3084325,0.2433707
343,0.04658116,0.4017162,0.3084555,0.2432472
344,0.04658562,0.4017812,0.3085783,0.2430549
345,0.04658061,0.4018187,0.3087873,0.2428134
346,0.04656848,0.4018269,0.3090706,0.242534
347,0.04655104,0.4018074,0.3094165,0.2422251
348,0.04652962,0.4017635,0.309813,0.2418939
349,0.03966767,0.4620009,0.2922543,0.2060771
350,0.03593946,0.4795533,0.2974092,0.187098
351,0.03400084,0.4829307,0.3053493,0.1777192
352,0.03294146,0.4817232,0.3123964,0.172939
353,0.03235463,0.4793716,0.3177047,0.170569
354,0.03202825,0.4770916,0.3213969,0.1694833
355,0.03184454,0.4752239,0.3238654,0.1690661
356,0.0317369,0.4737796,0.325508,0.1689756
357,0.03166782,0.4726656,0.326642,0.1690245
358,0.03161652,0.4717761,0.3274941,0.1691133
359,0.03157191,0.4710233,0.3282129,0.1691919
360,0.03152838,0.4703445,0.328889,0.1692382
361,0.03506243,0.4325477,0.3440292,0.1883607
362,0.03797052,0.4127112,0.3454966,0.2038217
363,0.04006937,0.4031067,0.3423738,0.2144501
364,0.041469,0.399244,0.3381981,0.2210889
365,0.04232651,0.3982599,0.3346618,0.2247518
366,0.04280269,0.3984852,0.3323075,0.2264046
367,0.04303426,0.3990566,0.3310747,0.2268344
368,0.04312424,0.3996066,0.3306529,0.2266163
369,0.04314443,0.4000388,0.330675,0.2261417
370,0.04314298,0.4003851,0.3308029,0.2256689
371,0.04314984,0.40072,0.3307752,0.225355
372,0.04318153,0.4011144,0.330422,0.2252821
373,0.04371608,0.3967671,0.3316599,0.2278569
374,0.04414272,0.3949625,0.3309908,0.229904
375,0.04448206,0.3945499,0.329419,0.231549
376,0.044758,0.3949002,0.327423,0.2329188
377,0.04498822,0.3956424,0.3252725,0.2340969
378,0.04518376,0.3965582,0.3231314,0.2351266
379,0.04535101,0.3975193,0.3211046,0.2360252
380,0.04549384,0.3984508,0.3192564,0.2367991
381,0.04561495,0.3993108,0.3176222,0.237452
382,0.0457164,0.4000784,0.3162174,0.2379877
383,0.04580044,0.4007459,0.3150394,0.2384143
384,0.0458694,0.4013147,0.3140728,0.2387432
385,0.04603091,0.4010529,0.3133454,0.2395709
386,0.04615593,0.4011283,0.3125355,0.2401803
387,0.0462436,0.4013456,0.3118483,0.2405626
388,0.04630389,0.4016003,0.3113155,0.2407803
389,0.0463442,0.4018411,0.3109365,0.2408782
390,0.04636962,0.4020457,0.3106981,0.2408865
391,0.04638351,0.4022069,0.3105851,0.2408245
392,0.04638791,0.4023242,0.3105849,0.2407031
393,0.046384,0.4023992,0.3106885,0.2405283
394,0.04637283,0.4024352,0.3108859,0.240306
395,0.04635518,0.4024356,0.3111687,0.2400405
396,0.04633162,0.4024037,0.3115295,0.2397353
397,0.04746506,0.393833,0.3129885,0.2457135
398,0.04834076,0.3897845,0.3116193,0.2502555
399,0.04890494,0.3881696,0.3099502,0.2529753
400,0.04925,0.3877815,0.3085032,0.2544653
401,0.0494459,0.3879367,0.3074712,0.2551463
402,0.04954509,0.3882739,0.30686,0.255321
403,0.04958507,0.3886219,0.3065931,0.2551999
404,0.0495916,0.3889156,0.3065689,0.2549239
405,0.04958175,0.389144,0.3066889,0.2545853
406,0.04956628,0.3893199,0.306873,0.2542409
407,0.04955179,0.3894638,0.3070593,0.2539253
408,0.04954213,0.3895956,0.3072042,0.2536581
409,0.04449135,0.4349923,0.2926165,0.2278999
410,0.04149069,0.452163,0.2932648,0.2130815
411,0.03982203,0.4577651,0.2971499,0.205263
412,0.03888109,0.4587837,0.3011773,0.2011579
413,0.03835315,0.4581553,0.3044005,0.199091
414,0.03806038,0.4571032,0.3067033,0.1981332
415,0.03789938,0.4560923,0.3082517,0.1977565
416,0.03780973,0.4552586,0.3092705,0.1976612
417,0.03775636,0.4546048,0.3099586,0.1976802
418,0.03771939,0.4540902,0.3104665,0.1977239
419,0.03768785,0.453668,0.3108975,0.1977467
420,0.03765596,0.4532994,0.311317,0.1977276
421,0.03785306,0.4502825,0.3130586,0.1988059
422,0.03796555,0.4486755,0.3139741,0.1993849
423,0.03802139,0.4477741,0.3145533,0.1996512
424,0.03803432,0.4472177,0.3150674,0.1996806
425,0.03801835,0.4468158,0.3156124,0.1995533
426,0.03798461,0.4464773,0.3162055,0.1993325
427,0.03794141,0.4461651,0.3168277,0.1990658
428,0.03789493,0.4458701,0.3174461,0.198789
429,0.03784996,0.4455965,0.318023,0.1985306
430,0.03781022,0.4453542,0.3185218,0.1983137
431,0.03777853,0.4451541,0.3189108,0.1981565
432,0.03775686,0.4450055,0.3191661,0.1980715
433,0.04057435,0.4141165,0.3330341,0.212275
434,0.04268159,0.3973567,0.337625,0.2223367
435,0.04419466,0.3887519,0.3378523,0.2292012
436,0.04519836,0.3847578,0.3366373,0.2334066
437,0.04583206,0.3832197,0.3351654,0.2357828
438,0.04622673,0.3829071,0.3337961,0.23707
439,0.0464868,0.3831776,0.3325011,0.2378345
440,0.04668647,0.3837337,0.3311156,0.2384642
441,0.04687199,0.384457,0.3294834,0.2391876
442,0.04706435,0.3853022,0.3275451,0.2400883
443,0.04726739,0.3862414,0.3253379,0.2411532
444,0.04747428,0.3872402,0.3229761,0.2423095
445,0.04758507,0.3863579,0.323478,0.2425791
446,0.04761199,0.3857923,0.3242428,0.2423529
447,0.0476497,0.3854159,0.3246696,0.2422648
448,0.04769032,0.3851783,0.3248867,0.2422447
449,0.04773257,0.3850406,0.3249542,0.2422726
450,0.04777563,0.3849752,0.3249145,0.2423346
451,0.04781866,0.3849616,0.3248005,0.2424191
452,0.04786072,0.3849848,0.3246393,0.2425151
453,0.04790087,0.3850324,0.3244539,0.2426128
454,0.0479387,0.3850952,0.324259,0.2427071
455,0.04797392,0.3851667,0.3240655,0.2427938
456,0.04800631,0.3852419,0.3238818,0.24287
457,0.04784236,0.3917261,0.3176836,0.2427479
458,0.04792979,0.3962588,0.3116715,0.24414
459,0.04796166,0.3994085,0.3076614,0.2449685
460,0.04795935,0.4015754,0.305062,0.2454033
461,0.04793946,0.4030252,0.3034475,0.2455878
462,0.04791181,0.4039599,0.3025115,0.2456169
463,0.04788069,0.4045321,0.3020434,0.2455437
464,0.04784719,0.4048529,0.301905,0.2453949
465,0.04781073,0.405,0.3020078,0.2451814
466,0.04777024,0.4050261,0.3022963,0.2449073
467,0.04772455,0.4049656,0.3027365,0.2445733
468,0.0476721,0.4048377,0.3033151,0.244175
469,0.04228053,0.4517843,0.28934,0.2165953
470,0.0391448,0.4676697,0.2921988,0.2009867
471,0.03741448,0.4717122,0.2980982,0.1927751
472,0.03642897,0.471401,0.3037968,0.1883733
473,0.03585993,0.4697295,0.3083722,0.1860384
474,0.03552737,0.4678754,0.3117634,0.1848339
475,0.03532817,0.466243,0.3141948,0.184234
476,0.03520246,0.4649153,0.3159408,0.1839415
477,0.03511583,0.4638572,0.3172362,0.1837909
478,0.03504876,0.4630002,0.3182582,0.1836928
479,0.03499092,0.4622817,0.3191233,0.1836041
480,0.03493725,0.4616548,0.3199004,0.1835075
481,0.03854467,0.42585,0.3329637,0.2026417
482,0.04150364,0.4067993,0.3336355,0.2180616
483,0.04363675,0.397464,0.3302423,0.228657
484,0.04507357,0.3936814,0.3258629,0.2353821
485,0.04597105,0.3927781,0.3220261,0.2392248
486,0.04648767,0.3931603,0.3192372,0.2411149
487,0.04675823,0.3939699,0.3174618,0.24181
488,0.0468851,0.3948113,0.3164357,0.2418678
489,0.04694047,0.3955505,0.3158376,0.2416715
490,0.04697064,0.3961813,0.3153898,0.2414583
491,0.04700356,0.3967452,0.3148859,0.2413654
492,0.04705368,0.3972893,0.3142005,0.2414565
493,0.04406525,0.4264317,0.3032016,0.2263015
494,0.04221015,0.4389353,0.3015781,0.2172764
495,0.04114727,0.4439484,0.3024593,0.2124451
496,0.04055736,0.445653,0.3037466,0.210043
497,0.0402456,0.4459854,0.3047578,0.2090112
498,0.04009293,0.4458197,0.3053726,0.2087148
499,0.04002739,0.4455273,0.3056642,0.2087812
500,0.04000626,0.4452468,0.3057489,0.2089981
501,0.04000503,0.4450148,0.3057294,0.2092507
502,0.04001057,0.4448277,0.3056772,0.2094845
503,0.040016,0.4446705,0.3056385,0.209675
504,0.040018,0.4445275,0.3056405,0.209814
505,0.04288333,0.4167215,0.3156775,0.2247177
506,0.04512725,0.4019174,0.3168778,0.2360776
507,0.04672863,0.3945802,0.3148681,0.2438232
508,0.0478011,0.3914824,0.3120121,0.2487044
509,0.04847361,0.3906038,0.3094281,0.2514946
510,0.04886549,0.3907493,0.3075138,0.2528714
511,0.04907352,0.3912663,0.3062957,0.2533644
512,0.04916971,0.3918382,0.3056366,0.2533555
513,0.04920434,0.3923402,0.3053505,0.253105
514,0.04921028,0.3927474,0.3052647,0.2527777
515,0.04920843,0.393078,0.3052382,0.2524754
516,0.04921122,0.3933636,0.305169,0.2522561
517,0.04492006,0.4323116,0.2924251,0.2303432
518,0.04230604,0.4476941,0.2925824,0.2174174
519,0.04082997,0.4530062,0.2956611,0.2105028
520,0.03999883,0.4541788,0.2989222,0.2069002
521,0.03954069,0.4538051,0.3015024,0.2051518
522,0.03929676,0.4529977,0.3032846,0.2044209
523,0.039173,0.4521952,0.3044081,0.2042238
524,0.03911395,0.4515352,0.3050674,0.2042836
525,0.03908747,0.4510301,0.305436,0.2044465
526,0.03907541,0.4506488,0.3056449,0.2046308
527,0.03906795,0.4503521,0.3057837,0.2047963
528,0.03906,0.4501061,0.3059089,0.2049249
529,0.041067,0.4303975,0.3130748,0.2154608
530,0.0425784,0.4205303,0.313687,0.2232044
531,0.04361301,0.4160288,0.3120793,0.2282789
532,0.0442787,0.414383,0.3099816,0.2313567
533,0.04467889,0.4141118,0.3081674,0.2330419
534,0.0448999,0.414398,0.3068838,0.2338184
535,0.04500685,0.4148305,0.306123,0.2340396
536,0.0450455,0.4152312,0.3057757,0.2339475
537,0.0450465,0.4155441,0.3057087,0.2337007
538,0.04502976,0.4157706,0.3058001,0.2333995
539,0.04500781,0.4159343,0.3059515,0.2331064
540,0.04498842,0.4160625,0.3060901,0.232859
541,0.04705529,0.3965581,0.3131591,0.2432275
542,0.04864577,0.3861764,0.3142231,0.2509547
543,0.04977459,0.3810292,0.3130089,0.2561873
544,0.0505397,0.3788617,0.3110671,0.2595315
545,0.0510424,0.3782858,0.309098,0.2615738
546,0.05137037,0.3784889,0.3073416,0.2627991
547,0.05159055,0.3790255,0.3058214,0.2635626
548,0.05174911,0.3796707,0.3044821,0.264098
549,0.05187491,0.3803224,0.3032609,0.2645418
550,0.05198409,0.3809396,0.3021155,0.2649607
551,0.05208445,0.3815096,0.3010275,0.2653785
552,0.05217879,0.38203,0.2999966,0.2657945
553,0.0518267,0.3862366,0.2979841,0.2639527
554,0.05158349,0.3885084,0.2972049,0.2627033
555,0.05144291,0.3897069,0.2968423,0.2620079
556,0.05137174,0.3903265,0.2966313,0.2616704
557,0.05134442,0.3906479,0.2964607,0.2615469
558,0.05134256,0.3908239,0.2962963,0.2615373
559,0.05135368,0.3909331,0.296137,0.2615763
560,0.05136982,0.391013,0.2959932,0.2616239
561,0.05138617,0.3910795,0.2958769,0.2616575
562,0.05140001,0.3911378,0.2957971,0.261665
563,0.05140993,0.3911891,0.2957594,0.2616415
564,0.05141537,0.3912328,0.2957663,0.2615855
565,0.04879936,0.4144986,0.2883173,0.2483847
566,0.04705383,0.4249431,0.2881872,0.2398158
567,0.04597881,0.4290878,0.2901873,0.2347462
568,0.04532656,0.4302907,0.2925639,0.2318189
569,0.0449356,0.4302297,0.2946644,0.2301702
570,0.04470277,0.4297115,0.296324,0.2292618
571,0.04456304,0.4290988,0.2975749,0.2287631
572,0.044476,0.4285353,0.2985134,0.2284755
573,0.04441711,0.4280609,0.2992392,0.2282828
574,0.04437207,0.4276728,0.2998336,0.2281215
575,0.04433281,0.4273531,0.3003555,0.2279586
576,0.04429503,0.4270827,0.3008433,0.227779
577,0.04397109,0.4295659,0.3003219,0.2261412
578,0.0437411,0.4306718,0.3005691,0.225018
579,0.04357721,0.4310771,0.3011135,0.2242321
580,0.04346004,0.4311377,0.3017233,0.2236789
581,0.0433741,0.4310461,0.3023038,0.2232759
582,0.04330874,0.4309009,0.3028216,0.2229687
583,0.04325716,0.4307491,0.3032693,0.2227245
584,0.04321538,0.4306113,0.3036476,0.2225257
585,0.04318123,0.4304953,0.3039593,0.2223642
586,0.04315354,0.4304028,0.304207,0.2222366
587,0.04313181,0.4303336,0.304392,0.2221427
588,0.04311585,0.4302859,0.3045152,0.222083
589,0.04331507,0.428535,0.3049898,0.2231602
590,0.04346025,0.4277862,0.3048062,0.2239473
591,0.04355527,0.427539,0.3044473,0.2244585
592,0.04361825,0.4275315,0.3040476,0.2248026
593,0.04366105,0.4276253,0.3036678,0.2250458
594,0.04369177,0.4277505,0.303326,0.2252318
595,0.04371556,0.4278741,0.3030233,0.225387
596,0.04373552,0.4279829,0.3027554,0.2255262
597,0.0437533,0.4280721,0.3025182,0.2256564
598,0.04376956,0.4281412,0.30231,0.2257793
599,0.04378448,0.428191,0.3021302,0.2258943
600,0.04379801,0.4282229,0.3019793,0.2259998
601,0.04226009,0.4424195,0.2971462,0.2181741
602,0.04124741,0.4482833,0.2972965,0.2131729
603,0.04063017,0.4502922,0.298794,0.2102836
604,0.04026145,0.4505829,0.3004744,0.2086812
605,0.04004608,0.4501951,0.3019122,0.2078466
606,0.03992268,0.449609,0.3030153,0.207453
607,0.03985243,0.4490258,0.303823,0.2072988
608,0.03981136,0.4485135,0.3044121,0.2072631
609,0.03978506,0.4480812,0.3048582,0.2072755
610,0.03976517,0.4477157,0.3052217,0.2072974
611,0.03974705,0.4473992,0.3055452,0.2073086
612,0.03972826,0.4471154,0.3058564,0.2072999
613,0.04139083,0.43062,0.3120716,0.2159176
614,0.04261905,0.4224258,0.3128458,0.2221093
615,0.0434444,0.4186998,0.311781,0.2260748
616,0.04396488,0.4173159,0.3103077,0.2284114
617,0.04427078,0.4170436,0.3090461,0.2296394
618,0.04443552,0.4172185,0.3081791,0.230167
619,0.0445135,0.4175151,0.3076838,0.2302876
620,0.04454236,0.4177977,0.3074608,0.2301991
621,0.04454673,0.4180274,0.3073982,0.2300277
622,0.04454209,0.4182081,0.3073997,0.2298501
623,0.04453756,0.4183583,0.3073944,0.2297098
624,0.04453808,0.4184976,0.3073365,0.2296279
625,0.04439907,0.4201453,0.3065674,0.2288882
626,0.04431269,0.4210377,0.3061936,0.228456
627,0.04426695,0.421544,0.3059374,0.2282516
628,0.04425113,0.4218557,0.3056805,0.2282127
629,0.04425505,0.4220747,0.3053904,0.2282798
630,0.04427081,0.4222501,0.3050719,0.2284072
631,0.04429264,0.4224024,0.3047436,0.2285614
632,0.04431648,0.4225375,0.3044269,0.2287191
633,0.04433958,0.4226555,0.3041404,0.2288645
634,0.04436036,0.4227546,0.3038962,0.2289888
635,0.04437785,0.4228333,0.303702,0.2290869
636,0.04439153,0.4228909,0.3035613,0.2291563
637,0.04667814,0.4017656,0.3107822,0.2407741
638,0.04844525,0.3905071,0.3115541,0.2494936
639,0.04969162,0.384903,0.3100509,0.2553545
640,0.05052106,0.3825049,0.3079657,0.2590083
641,0.05104153,0.3817953,0.3060793,0.2610838
642,0.05134864,0.3818807,0.3046579,0.2621127
643,0.05151789,0.382273,0.3037092,0.2624999
644,0.0516042,0.3827319,0.3031328,0.2625311
645,0.05164518,0.383159,0.3028,0.2623958
646,0.05166516,0.3835286,0.3025939,0.2622123
647,0.05167898,0.3838483,0.3024234,0.2620493
648,0.051695,0.3841361,0.3022266,0.2619424
649,0.04830382,0.4147517,0.2920838,0.2448607
650,0.04611885,0.4281303,0.2915587,0.2341922
651,0.04483053,0.4333813,0.2935847,0.2282035
652,0.04408568,0.4349868,0.2959557,0.2249718
653,0.04366742,0.4350756,0.2979169,0.2233401
654,0.04344179,0.4346307,0.2993196,0.2226079
655,0.04332642,0.4340777,0.3002405,0.2223554
656,0.0432713,0.4335765,0.3008162,0.222336
657,0.04324667,0.4331678,0.3011762,0.2224093
658,0.0432353,0.4328445,0.3014214,0.2224989
659,0.0432276,0.4325843,0.3016222,0.2225659
660,0.0432185,0.432365,0.3018236,0.2225929
661,0.04387198,0.4261574,0.3039817,0.2259889
662,0.04433764,0.4231683,0.3041482,0.2283459
663,0.04463231,0.4218484,0.3037633,0.229756
664,0.04480434,0.4213642,0.3033248,0.2305066
665,0.04489221,0.4212542,0.3030376,0.230816
666,0.04492495,0.4212796,0.3029518,0.2308436
667,0.04492327,0.4213286,0.3030469,0.2307012
668,0.04490152,0.4213578,0.3032759,0.2304647
669,0.04486944,0.4213583,0.3035865,0.2301857
670,0.0448337,0.4213369,0.30393,0.2298995
671,0.04479892,0.4213055,0.3042644,0.2296312
672,0.04476829,0.421277,0.3045562,0.2293985
673,0.04362975,0.4310684,0.3017888,0.2235131
674,0.04285719,0.435224,0.3023099,0.2196089
675,0.04238696,0.4367266,0.3035342,0.2173522
676,0.04211041,0.4370503,0.304719,0.2161202
677,0.0419579,0.4369203,0.3055918,0.2155301
678,0.04188256,0.4366729,0.3061152,0.2153293
679,0.04185363,0.4364461,0.3063455,0.2153548
680,0.04185132,0.4362817,0.3063636,0.2155033
681,0.04186321,0.4361797,0.306246,0.2157111
682,0.04188147,0.4361245,0.3060561,0.215938
683,0.04190143,0.4360976,0.3058399,0.2161611
684,0.04192041,0.4360837,0.3056288,0.2163671
685,0.04265995,0.4291623,0.3079641,0.2202136
686,0.04319311,0.4258612,0.3080199,0.2229258
687,0.0435475,0.4244387,0.3073453,0.2246684
688,0.04377212,0.4239631,0.3065382,0.2257266
689,0.04390779,0.4239171,0.3058461,0.226329
690,0.04398543,0.4240316,0.3053396,0.2266434
691,0.04402685,0.4241787,0.3050095,0.226785
692,0.04404664,0.4243066,0.3048182,0.2268286
693,0.04405416,0.4244002,0.3047246,0.2268211
694,0.04405526,0.4244615,0.3046924,0.2267907
695,0.04405345,0.4244986,0.3046941,0.2267539
696,0.04405081,0.4245198,0.3047096,0.2267198
697,0.03824189,0.478759,0.2857301,0.1972691
698,0.03508824,0.4955743,0.2874922,0.1818453
699,0.03339468,0.4993277,0.2932342,0.1740434
700,0.03245487,0.4985149,0.2989482,0.170082
701,0.03192901,0.4964032,0.303496,0.1681718
702,0.03163428,0.4942191,0.306783,0.1673636
703,0.03146771,0.4923516,0.3090487,0.1671321
704,0.0313703,0.4908563,0.3105901,0.1671833
705,0.03130841,0.4896738,0.3116639,0.167354
706,0.03126307,0.4887183,0.3124624,0.1675561
707,0.03122386,0.4879133,0.3131189,0.1677439
708,0.03118519,0.4872008,0.3137195,0.1678946
709,0.03368075,0.4592188,0.3257064,0.181394
710,0.0355749,0.4455097,0.3275053,0.1914102
711,0.03687142,0.4395021,0.3256506,0.1979758
712,0.0376876,0.4374641,0.322992,0.2018564
713,0.03815199,0.4372128,0.3208083,0.2038269
714,0.03837879,0.4375824,0.3194909,0.2045479
715,0.03845752,0.4380268,0.3189916,0.2045242
716,0.03845353,0.438348,0.3190797,0.2041187
717,0.03841286,0.4385248,0.3194765,0.2035859
718,0.0383669,0.4386125,0.3199208,0.2030998
719,0.038336,0.4386892,0.3202011,0.2027737
720,0.03833142,0.4388242,0.3201754,0.2026689
721,0.03875605,0.435038,0.3213326,0.2048734
722,0.03909059,0.4335808,0.3206887,0.2066399
723,0.03935034,0.4333322,0.3192684,0.2080491
724,0.03955837,0.4337017,0.3175135,0.2092264
725,0.03973037,0.4343537,0.3156687,0.2102471
726,0.03987576,0.4350954,0.3138809,0.211148
727,0.03999982,0.435815,0.312243,0.2119422
728,0.04010559,0.4364501,0.3108117,0.2126328
729,0.04019498,0.4369708,0.3096138,0.2132205
730,0.04026946,0.4373708,0.3086523,0.2137075
731,0.04033034,0.4376583,0.3079125,0.2140989
732,0.04037887,0.4378496,0.3073695,0.2144021
733,0.04036828,0.4385868,0.3066463,0.2143986
734,0.04036465,0.4389939,0.3062162,0.2144252
735,0.04036174,0.4391982,0.3060046,0.2144354
736,0.04035867,0.4392789,0.3059347,0.2144278
737,0.04035391,0.4392841,0.3059664,0.2143955
738,0.04034627,0.4392423,0.3060779,0.2143335
739,0.04033498,0.4391697,0.3062563,0.214239
740,0.0403196,0.439076,0.3064938,0.2141107
741,0.04029999,0.4389673,0.3067836,0.2139491
742,0.04027638,0.4388477,0.3071193,0.2137567
743,0.04024916,0.4387203,0.3074936,0.2135368
744,0.04021885,0.4385883,0.3078989,0.2132939
745,0.04189445,0.4216534,0.31453,0.2219222
746,0.04313387,0.4131325,0.315661,0.2280726
747,0.04396708,0.4091991,0.3148821,0.2319518
748,0.04449085,0.4077099,0.3136372,0.2341621
749,0.04479705,0.4074127,0.3125466,0.2352436
750,0.04496221,0.4076241,0.3117829,0.2356308
751,0.04504421,0.4080056,0.3113066,0.2356435
752,0.04508379,0.4084148,0.3109999,0.2355015
753,0.04510768,0.4088103,0.3107367,0.2353453
754,0.04513191,0.4091951,0.3104175,0.2352555
755,0.04516492,0.4095859,0.3099792,0.23527
756,0.04520971,0.4099974,0.3093958,0.2353971
757,0.04011692,0.4588537,0.2918094,0.2092201
758,0.03723317,0.4759928,0.2918457,0.1949283
759,0.03565843,0.481066,0.2956993,0.1875762
760,0.03478508,0.481553,0.2998169,0.1838449
761,0.03430425,0.4804831,0.3031388,0.182074
762,0.03404478,0.4790672,0.3055304,0.1813576
763,0.03390837,0.4777454,0.3071598,0.1811863
764,0.03383777,0.4766361,0.3082535,0.1812726
765,0.0337999,0.4757333,0.3090101,0.1814566
766,0.03377595,0.4749925,0.309579,0.1816526
767,0.0337555,0.4743643,0.3100635,0.1818166
768,0.03373297,0.4738077,0.3105317,0.1819276
769,0.03514701,0.4583723,0.3168484,0.1896323
770,0.03615787,0.4511442,0.3176894,0.1950086
771,0.03681112,0.4480926,0.3167703,0.198326
772,0.03719864,0.4470674,0.315581,0.200153
773,0.03740039,0.4468897,0.3147495,0.2009604
774,0.03747879,0.4469652,0.3144515,0.2011046
775,0.03747904,0.4470298,0.3146529,0.2008382
776,0.03743279,0.4469939,0.315237,0.2003363
777,0.03736211,0.4468524,0.3160637,0.1997219
778,0.0372832,0.4466372,0.3169922,0.1990874
779,0.03720832,0.4463947,0.3178913,0.1985056
780,0.03714694,0.4461738,0.318644,0.1980352
781,0.03498203,0.467539,0.310885,0.186594
782,0.03366554,0.4753281,0.3111186,0.1798877
783,0.0329165,0.4776749,0.3130658,0.1763428
784,0.03250562,0.4779477,0.3148988,0.1746479
785,0.03229529,0.4775794,0.3160984,0.1740268
786,0.03220105,0.4771262,0.3166665,0.1740062
787,0.03217156,0.4767573,0.3167709,0.1743003
788,0.032176,0.4764868,0.3165979,0.1747392
789,0.03219607,0.4762804,0.3163001,0.1752235
790,0.0322209,0.4760994,0.3159844,0.1756953
791,0.03224433,0.4759169,0.3157149,0.1761239
792,0.03226312,0.4757183,0.3155236,0.1764949
793,0.03223429,0.4761868,0.3149638,0.176615
794,0.03221297,0.4762582,0.314782,0.1767469
795,0.0321939,0.4761276,0.314817,0.1768614
796,0.03217553,0.4758919,0.3149769,0.1769557
797,0.03215594,0.4756024,0.3152197,0.177022
798,0.03213383,0.4752854,0.3155257,0.1770552
799,0.03210843,0.4749536,0.3158854,0.1770526
800,0.03207944,0.4746129,0.3162936,0.177014
801,0.0320469,0.4742666,0.3167454,0.1769411
802,0.03201119,0.4739172,0.3172343,0.1768373
803,0.03197286,0.4735675,0.3177519,0.1767077
804,0.03193271,0.4732212,0.3182875,0.1765587
805,0.03385149,0.4515172,0.3276084,0.1870229
806,0.03527073,0.441185,0.3290023,0.194542
807,0.03621959,0.4368308,0.3276483,0.1993013
808,0.03681071,0.4354885,0.3256648,0.202036
809,0.03715428,0.4354922,0.3239298,0.2034238
810,0.03734207,0.4359893,0.3226588,0.2040099
811,0.0374423,0.4365998,0.3217687,0.2041893
812,0.03750134,0.437194,0.3210803,0.2042243
813,0.03754798,0.4377561,0.3204231,0.2042728
814,0.0375974,0.4383079,0.3196836,0.2044111
815,0.03765595,0.4388729,0.3188073,0.2046639
816,0.03772432,0.4394614,0.317792,0.2050224
817,0.03761386,0.4415851,0.316395,0.2044061
818,0.03756332,0.4428005,0.315471,0.2041652
819,0.03756383,0.443582,0.314608,0.2042461
820,0.03759161,0.4441468,0.3137743,0.2044874
821,0.03763298,0.4445878,0.3129806,0.2047987
822,0.03767912,0.4449412,0.3122572,0.2051225
823,0.03772454,0.4452203,0.3116312,0.205424
824,0.03776604,0.4454315,0.3111188,0.2056836
825,0.03780186,0.4455811,0.3107253,0.2058917
826,0.03783114,0.4456769,0.3104471,0.2060449
827,0.03785359,0.4457271,0.3102759,0.2061433
828,0.03786919,0.4457401,0.3102018,0.2061889
829,0.03531299,0.4717886,0.3004339,0.1924645
830,0.03376089,0.4810691,0.3007946,0.1843754
831,0.0328535,0.4835615,0.3037118,0.1798732
832,0.03232082,0.4833774,0.3069017,0.1774001
833,0.03200763,0.4823066,0.3096061,0.1760796
834,0.03182155,0.481088,0.3116902,0.1754001
835,0.03170715,0.4799864,0.3132462,0.1750603
836,0.03163122,0.479063,0.3144221,0.1748837
837,0.0315742,0.4783007,0.3153559,0.1747691
838,0.03152492,0.4776596,0.3161543,0.1746611
839,0.03147716,0.4771004,0.3168919,0.1745305
840,0.03142773,0.4765921,0.3176162,0.174364
841,0.03260677,0.4624683,0.3240849,0.1808401
842,0.03342472,0.4559523,0.3254494,0.1851735
843,0.03393743,0.4532378,0.3251069,0.1877179
844,0.03422768,0.4523194,0.3244587,0.1889942
845,0.03436928,0.452138,0.3240415,0.1894512
846,0.03442031,0.4521886,0.3239568,0.1894343
847,0.03442333,0.4522705,0.3241125,0.1891937
848,0.03440803,0.4523368,0.3243521,0.188903
849,0.03439393,0.4524091,0.3245207,0.1886763
850,0.03439251,0.4525275,0.3245003,0.1885796
851,0.03440887,0.4527262,0.3242248,0.1886401
852,0.03444351,0.4530216,0.3236793,0.1888556
853,0.03424199,0.4561113,0.321797,0.1878498
854,0.03413447,0.457705,0.3207436,0.1874169
855,0.03409627,0.4586202,0.3198816,0.187402
856,0.03410168,0.4592211,0.3190359,0.1876413
857,0.03413188,0.4596654,0.3181882,0.1880145
858,0.03417403,0.4600091,0.3173775,0.1884394
859,0.03421974,0.4602665,0.3166516,0.1888622
860,0.03426379,0.4604411,0.3160452,0.1892498
861,0.03430295,0.4605387,0.3155748,0.1895835
862,0.03433524,0.4605689,0.315243,0.1898528
863,0.03435971,0.4605435,0.3150421,0.1900547
864,0.03437608,0.460474,0.3149597,0.1901902
865,0.03444569,0.4599491,0.314977,0.1906282
866,0.03448931,0.459691,0.3149228,0.1908967
867,0.03450868,0.4595354,0.3149535,0.1910023
868,0.0345113,0.4594078,0.3150848,0.1909961
869,0.03450155,0.4592756,0.3153165,0.1909064
870,0.03448245,0.4591269,0.3156382,0.1907524
871,0.03445612,0.4589601,0.316036,0.1905478
872,0.03442423,0.4587773,0.316495,0.1903034
873,0.03438816,0.4585829,0.3170002,0.1900288
