EwEVersion,"6.5.13829.0 (compiled 2016-05-17)"
Date,"2016-09-06 16:27:29"
ModelName,Baltic_Proper-SEALS
EcosimScenario,Proper1_SealVuln100_19742100_seal0_cofF03
TimeSeries,new_data_weights_19742100_BAU_WAR1_codF03_seal100
StartYear,1974

Data,"Prey of Temora sp"

TimeStep,"Cyanobacteria","Phytoplankton","microzooplankton","Detritus-water column",
1,0.04225926,0.6065168,0.1818384,0.1693856
2,0.03843141,0.6257737,0.1810654,0.1547296
3,0.0365148,0.6314564,0.1842176,0.1478112
4,0.03551377,0.6320713,0.1878981,0.1445169
5,0.03498649,0.6309366,0.1910353,0.1430416
6,0.03471035,0.6293929,0.1934095,0.1424873
7,0.0345667,0.6279414,0.1951074,0.1423845
8,0.03449095,0.6267245,0.1962997,0.1424849
9,0.03444799,0.6257406,0.1971526,0.1426588
10,0.03441905,0.6249409,0.1977991,0.142841
11,0.03439435,0.6242702,0.198335,0.1430005
12,0.03436901,0.6236819,0.198825,0.143124
13,0.03504702,0.6175472,0.2012598,0.146146
14,0.03547346,0.6146087,0.2018546,0.1480632
15,0.03571072,0.6132495,0.2019098,0.14913
16,0.03582744,0.6126234,0.2018864,0.1496628
17,0.03586937,0.6122902,0.2019732,0.1498673
18,0.03586669,0.6120398,0.2022164,0.1498771
19,0.03583881,0.6117857,0.2025973,0.1497781
20,0.03579811,0.6115039,0.2030724,0.1496255
21,0.03575267,0.611199,0.2035918,0.1494565
22,0.035708,0.6108875,0.2041071,0.1492974
23,0.03566799,0.6105883,0.2045756,0.1491682
24,0.03563545,0.6103187,0.204962,0.1490838
25,0.03168522,0.6408312,0.1948487,0.132635
26,0.02964744,0.6499566,0.1960325,0.1243634
27,0.0286395,0.6517194,0.1990226,0.1206185
28,0.02812166,0.6510121,0.2018997,0.1189665
29,0.02786311,0.6496834,0.2040507,0.1184028
30,0.02774152,0.6484029,0.20546,0.1183956
31,0.02769012,0.6473576,0.2062961,0.1186562
32,0.02767263,0.64655,0.2067476,0.1190296
33,0.02766973,0.6459256,0.2069693,0.1194354
34,0.02767111,0.6454218,0.2070757,0.1198313
35,0.02767179,0.6449878,0.2071419,0.1201985
36,0.02766954,0.6445873,0.2072133,0.1205297
37,0.02845109,0.6369652,0.2103782,0.1242056
38,0.02894338,0.6335509,0.2109403,0.1265653
39,0.02922915,0.6321344,0.2106663,0.1279702
40,0.02938368,0.6316024,0.2102372,0.1287767
41,0.02945791,0.6313975,0.2099236,0.1292209
42,0.02948493,0.6312666,0.2097943,0.1294542
43,0.02948535,0.631112,0.209833,0.1295696
44,0.02947164,0.6309086,0.2099968,0.129623
45,0.02945112,0.6306612,0.2102404,0.1296472
46,0.0294286,0.6303865,0.2105206,0.1296643
47,0.02940696,0.6301019,0.2108028,0.1296883
48,0.02938797,0.6298229,0.2110611,0.1297279
49,0.03022137,0.6217711,0.2145301,0.1334775
50,0.03075722,0.6181589,0.2152077,0.1358762
51,0.0310782,0.6167275,0.2149029,0.1372914
52,0.0312649,0.6163185,0.2143048,0.1381118
53,0.03137182,0.6163386,0.2136969,0.1385926
54,0.03143433,0.6165078,0.2131615,0.1388964
55,0.031474,0.616708,0.2126987,0.1391193
56,0.0315032,0.6168981,0.212284,0.1393146
57,0.03152857,0.6170697,0.2118928,0.139509
58,0.03155274,0.6172239,0.2115135,0.1397099
59,0.0315766,0.6173632,0.2111429,0.1399174
60,0.03160006,0.6174893,0.2107833,0.1401275
61,0.03194922,0.6139862,0.2123996,0.141665
62,0.03216113,0.6123073,0.2129683,0.1425634
63,0.03230232,0.6115549,0.2129701,0.1431727
64,0.03239314,0.6112732,0.2127598,0.1435738
65,0.03245208,0.6112143,0.2124862,0.1438474
66,0.03249157,0.6112514,0.2122105,0.1440465
67,0.03251944,0.6113232,0.2119536,0.1442037
68,0.03254034,0.6114014,0.2117212,0.1443369
69,0.03255688,0.6114739,0.2115141,0.1444552
70,0.03257072,0.6115366,0.2113287,0.144564
71,0.03258265,0.6115885,0.2111632,0.1446657
72,0.03259307,0.6116302,0.2110162,0.1447605
73,0.03030401,0.6312862,0.203739,0.1346709
74,0.02904118,0.6380054,0.203701,0.1292524
75,0.02836677,0.6397136,0.2053659,0.1265537
76,0.02800392,0.6395267,0.2072059,0.1252636
77,0.02781017,0.6387452,0.2087269,0.1247177
78,0.02770728,0.6378844,0.209853,0.1245553
79,0.02765162,0.6371161,0.2106545,0.1245777
80,0.02761905,0.6364709,0.2112332,0.1246769
81,0.02759641,0.6359282,0.2116798,0.1247956
82,0.02757679,0.6354556,0.2120627,0.1249049
83,0.02755669,0.6350244,0.2124275,0.1249915
84,0.02753452,0.6346132,0.2128022,0.1250501
85,0.02758659,0.6344589,0.2124016,0.1255529
86,0.02762656,0.6344943,0.2118825,0.1259966
87,0.02762882,0.6345138,0.2116553,0.126202
88,0.02761395,0.6344552,0.2116396,0.1262912
89,0.02758897,0.6343102,0.2117955,0.1263052
90,0.02755712,0.6340895,0.2120894,0.1262641
91,0.02752015,0.6338086,0.212492,0.1261793
92,0.02747921,0.633483,0.2129785,0.1260593
93,0.0274353,0.6331269,0.2135258,0.1259119
94,0.02738957,0.6327533,0.2141115,0.1257457
95,0.02734348,0.6323742,0.2147112,0.1255712
96,0.0272988,0.632002,0.2152984,0.1254009
97,0.02674976,0.6367371,0.2135377,0.1229753
98,0.0264229,0.6384377,0.2135247,0.1216147
99,0.02622928,0.6388439,0.21404,0.1208868
100,0.02611996,0.6387478,0.2145708,0.1205615
101,0.0260634,0.6385122,0.214935,0.1204894
102,0.0260402,0.6382878,0.2150927,0.1205793
103,0.02603832,0.6381235,0.2150642,0.120774
104,0.02605009,0.6380225,0.2148913,0.1210361
105,0.02607037,0.63797,0.2146201,0.1213395
106,0.02609539,0.6379458,0.2142948,0.121664
107,0.02612229,0.6379318,0.2139529,0.121993
108,0.02614889,0.6379135,0.2136239,0.1223138
109,0.02715873,0.628536,0.2170939,0.1272114
110,0.02782937,0.6245598,0.2171495,0.1304615
111,0.02823782,0.6231818,0.2161831,0.1323973
112,0.02847921,0.6229627,0.2150434,0.1335147
113,0.02861698,0.6231715,0.2140788,0.1341327
114,0.02869282,0.6234723,0.2133772,0.1344576
115,0.02873287,0.623732,0.2129184,0.1346167
116,0.02875281,0.6239138,0.2126483,0.1346851
117,0.02876174,0.6240219,0.2125106,0.1347058
118,0.02876473,0.6240726,0.2124608,0.1347019
119,0.02876464,0.6240831,0.212466,0.1346863
120,0.02876306,0.6240683,0.2125027,0.134666
121,0.02840233,0.6271316,0.2115199,0.1329462
122,0.02817756,0.628211,0.2117312,0.1318802
123,0.02805204,0.6284446,0.2121859,0.1313175
124,0.02798159,0.628346,0.2126468,0.1310256
125,0.02794281,0.6281471,0.2130232,0.130887
126,0.02792186,0.6279441,0.213301,0.130833
127,0.02791063,0.6277705,0.2134951,0.1308238
128,0.02790448,0.6276315,0.2136271,0.1308369
129,0.02790091,0.6275221,0.2137164,0.1308605
130,0.02789855,0.6274356,0.2137778,0.1308881
131,0.02789669,0.6273651,0.2138215,0.1309167
132,0.02789495,0.627306,0.2138545,0.1309445
133,0.03065085,0.5983096,0.2276385,0.143401
134,0.03256273,0.5828114,0.2330687,0.1515572
135,0.03383421,0.5752503,0.2342731,0.1566423
136,0.03461134,0.5720226,0.2339525,0.1594136
137,0.03505506,0.5709565,0.2332959,0.1606926
138,0.03529407,0.5708637,0.2327275,0.1611147
139,0.03541952,0.5711622,0.2323028,0.1611155
140,0.03549045,0.5716033,0.231938,0.1609682
141,0.03554243,0.5721021,0.2315259,0.1608296
142,0.03559602,0.5726427,0.2309755,0.1607858
143,0.03566169,0.5732319,0.2302314,0.160875
144,0.03574386,0.5738794,0.2292692,0.1611076
145,0.03195019,0.6100616,0.2137857,0.1442025
146,0.03004842,0.6233384,0.2105123,0.1361007
147,0.0290988,0.628192,0.2103015,0.1324077
148,0.02862046,0.6297182,0.2108355,0.1308258
149,0.02838237,0.6299728,0.2113832,0.1302617
150,0.02826682,0.6298009,0.2117612,0.130171
151,0.02821267,0.6295306,0.2119743,0.1302824
152,0.02818824,0.6292707,0.2120768,0.1304642
153,0.02817729,0.6290432,0.2121239,0.1306556
154,0.02817148,0.6288409,0.2121577,0.1308298
155,0.02816665,0.6286499,0.2122072,0.1309763
156,0.0281607,0.6284575,0.2122902,0.1310916
157,0.03472828,0.5643542,0.2396912,0.1612262
158,0.04058484,0.5214308,0.2505951,0.1873892
159,0.04530258,0.4943512,0.2528247,0.2075215
160,0.04879257,0.4786167,0.2510623,0.2215284
161,0.05116981,0.470391,0.2481976,0.2302417
162,0.05265838,0.4667407,0.2456858,0.2349152
163,0.05350786,0.4656243,0.2440389,0.2368289
164,0.05394025,0.4657604,0.2432369,0.2370625
165,0.05412737,0.466437,0.2430176,0.2364181
166,0.05419027,0.4673143,0.2430564,0.2354391
167,0.05420845,0.4682623,0.2430614,0.2344678
168,0.05423032,0.4692502,0.2428192,0.2337003
169,0.04855016,0.517,0.2255255,0.2089243
170,0.04541732,0.5389423,0.2198618,0.1957784
171,0.04405222,0.549458,0.2156175,0.1908722
172,0.04341233,0.5552698,0.2122164,0.1891014
173,0.04309561,0.5586369,0.2097554,0.1885121
174,0.04294925,0.5606992,0.2079122,0.1884393
175,0.04288836,0.5620319,0.2065427,0.1885371
176,0.04286762,0.5629374,0.2055508,0.1886441
177,0.04286429,0.5635803,0.2048554,0.1887
178,0.04286774,0.5640528,0.2043864,0.1886931
179,0.04287312,0.5644095,0.2040873,0.1886301
180,0.04287818,0.5646853,0.2039153,0.1885211
181,0.04130099,0.5781647,0.1989375,0.1815969
182,0.04033046,0.5844141,0.1978659,0.1773894
183,0.03975451,0.5871081,0.19821,0.1749275
184,0.03941651,0.5880791,0.1990123,0.1734921
185,0.03921933,0.5882667,0.1998706,0.1726435
186,0.03910331,0.5881366,0.2006438,0.1721164
187,0.03903221,0.5879068,0.2013078,0.1717532
188,0.03898434,0.5876691,0.2018845,0.171462
189,0.03894685,0.5874543,0.2024089,0.1711899
190,0.03891243,0.5872657,0.2029139,0.1709079
191,0.0388769,0.5870962,0.2034263,0.1706006
192,0.038838,0.5869362,0.2039658,0.1702601
193,0.03790483,0.5944884,0.2015148,0.166092
194,0.03731602,0.597797,0.2014186,0.1634685
195,0.03694726,0.5990525,0.2021876,0.1618126
196,0.03671444,0.5993344,0.2032092,0.1607421
197,0.03656368,0.5991978,0.2042227,0.1600159
198,0.03646186,0.5989167,0.2051318,0.1594896
199,0.03638925,0.5986179,0.2059121,0.1590806
200,0.03633462,0.5983545,0.2065666,0.1587442
201,0.03629192,0.5981443,0.2071051,0.1584587
202,0.03625831,0.5979899,0.2075354,0.1582164
203,0.03623264,0.5978889,0.2078623,0.1580161
204,0.03621457,0.5978369,0.2080894,0.1578592
205,0.04006597,0.5647875,0.2208415,0.1743051
206,0.04298521,0.5459951,0.2246091,0.1864105
207,0.04501963,0.5361236,0.2244169,0.1944399
208,0.04635155,0.5316222,0.2226805,0.1993458
209,0.04717795,0.5301002,0.2206309,0.202091
210,0.04767157,0.5300758,0.2187681,0.2034846
211,0.0479641,0.5307089,0.2172056,0.2041213
212,0.04814629,0.5315692,0.2158874,0.204397
213,0.04827527,0.532463,0.2147123,0.2045495
214,0.04838158,0.5333192,0.2136071,0.2046921
215,0.04847981,0.5341199,0.2125325,0.2048678
216,0.04857496,0.5348656,0.2114813,0.2050782
217,0.04356259,0.5754305,0.1969627,0.1840442
218,0.04081399,0.5921867,0.1941646,0.1728346
219,0.03934526,0.5987105,0.1948309,0.1671133
220,0.03855472,0.60082,0.1963971,0.1642282
221,0.03813425,0.601103,0.1979248,0.1628379
222,0.03791652,0.6007254,0.1991314,0.1622267
223,0.03780838,0.6001912,0.1999937,0.1620066
224,0.03775772,0.5996953,0.2005784,0.1619685
225,0.03773562,0.599293,0.2009693,0.1620021
226,0.03772626,0.5989819,0.2012408,0.162051
227,0.03772131,0.5987409,0.2014494,0.1620885
228,0.03771649,0.598546,0.2016347,0.1621028
229,0.03845241,0.591603,0.2048213,0.1651233
230,0.03891934,0.5880436,0.2061103,0.1669268
231,0.03920747,0.5862758,0.2065587,0.167958
232,0.03937257,0.5854444,0.2067177,0.1684653
233,0.03945802,0.5850636,0.2068371,0.1686413
234,0.03949425,0.5848758,0.2070107,0.1686192
235,0.0395015,0.5847553,0.2072571,0.1684861
236,0.03949276,0.5846486,0.2075611,0.1682975
237,0.0394763,0.5845396,0.2078959,0.1680882
238,0.03945729,0.5844294,0.2082326,0.1678807
239,0.03943906,0.5843266,0.2085448,0.1676895
240,0.03942364,0.5842413,0.208811,0.1675241
241,0.03773551,0.596797,0.2052789,0.1601886
242,0.03670697,0.6016741,0.2058674,0.1557515
243,0.03614175,0.6031883,0.2072479,0.153422
244,0.03583362,0.6033375,0.2085942,0.1522346
245,0.03567247,0.6030235,0.2096149,0.1516892
246,0.03559405,0.6026337,0.2102751,0.1514972
247,0.03556061,0.6023112,0.2106372,0.151491
248,0.03555027,0.6020886,0.2107871,0.151574
249,0.03555063,0.601954,0.2108032,0.1516921
250,0.03555527,0.601883,0.2107432,0.1518185
251,0.03556089,0.6018521,0.2106471,0.15194
252,0.03556598,0.6018425,0.2105404,0.1520511
253,0.03504671,0.6080003,0.2067482,0.1502048
254,0.03475018,0.6111393,0.2047868,0.1493236
255,0.0345533,0.612717,0.2039497,0.14878
256,0.03443123,0.6134471,0.2036178,0.148504
257,0.03435694,0.6137356,0.2035162,0.1483913
258,0.0343115,0.6138014,0.2035189,0.1483682
259,0.03428273,0.6137574,0.2035712,0.1483887
260,0.03426309,0.6136599,0.2036514,0.1484256
261,0.03424811,0.6135356,0.2037522,0.1484641
262,0.03423524,0.6133968,0.2038715,0.1484964
263,0.03422305,0.613249,0.2040086,0.1485193
264,0.03421085,0.6130948,0.2041622,0.148532
265,0.03769515,0.5811387,0.2179831,0.1631831
266,0.04021313,0.5631279,0.2233623,0.1732966
267,0.04192865,0.5536495,0.2246081,0.1798138
268,0.04300783,0.549151,0.2242841,0.183557
269,0.04363775,0.547319,0.2236259,0.1854173
270,0.04397867,0.5467799,0.22311,0.1861314
271,0.04415103,0.5467986,0.2228135,0.1862368
272,0.0442379,0.547031,0.2226363,0.1860947
273,0.04429255,0.5473477,0.2224294,0.1859304
274,0.04434565,0.5477201,0.2220677,0.1858666
275,0.04441259,0.548156,0.2214742,0.1859571
276,0.04449794,0.548667,0.2206282,0.1862069
277,0.04578295,0.5405954,0.2219913,0.1916304
278,0.0467487,0.5368667,0.2206657,0.1957188
279,0.04740926,0.5355587,0.2185771,0.198455
280,0.04785121,0.5355359,0.2163777,0.2002352
281,0.04814288,0.5361192,0.2143733,0.2013647
282,0.0483349,0.5369268,0.2126722,0.2020662
283,0.04846254,0.5377603,0.2112845,0.2024927
284,0.04854928,0.5385281,0.2101777,0.2027448
285,0.04861004,0.5391971,0.2093073,0.2028855
286,0.04865423,0.5397636,0.2086282,0.202954
287,0.04868753,0.5402371,0.2081015,0.2029739
288,0.04871338,0.5406314,0.2076955,0.2029596
289,0.04394898,0.5781223,0.1946238,0.1833048
290,0.04129865,0.5936531,0.19236,0.1726883
291,0.03985536,0.5996227,0.193357,0.167165
292,0.03906079,0.6014345,0.1951915,0.1643132
293,0.03862453,0.6015245,0.1969619,0.1628891
294,0.0383874,0.6009965,0.1983932,0.1622229
295,0.03825976,0.6003292,0.1994648,0.1619462
296,0.0381907,0.5997068,0.2002458,0.1618567
297,0.0381515,0.5991806,0.2008234,0.1618445
298,0.03812639,0.5987466,0.2012736,0.1618533
299,0.03810686,0.5983832,0.2016548,0.1618552
300,0.0380885,0.5980663,0.2020075,0.1618377
301,0.03434164,0.628301,0.1911789,0.1461784
302,0.03235529,0.6387723,0.1907244,0.1381481
303,0.03129273,0.6416461,0.1929563,0.1341048
304,0.0307115,0.6415694,0.1956256,0.1320935
305,0.03039031,0.6404918,0.1979693,0.1311486
306,0.03021064,0.639213,0.1998164,0.1307599
307,0.03010715,0.6380253,0.2012164,0.1306511
308,0.03004368,0.6370038,0.2022793,0.1306732
309,0.03000048,0.6361387,0.2031131,0.1307478
310,0.02996677,0.6353943,0.2038048,0.1308341
311,0.02993708,0.6347347,0.2044149,0.1309134
312,0.02990883,0.6341313,0.2049811,0.1309788
313,0.03480098,0.5891019,0.2238842,0.152213
314,0.03873481,0.5623646,0.2300324,0.1688681
315,0.041584,0.5477586,0.2302817,0.1803757
316,0.0434786,0.5407402,0.2282554,0.1875257
317,0.04463513,0.5380005,0.2259336,0.1914308
318,0.04527982,0.5373899,0.2241489,0.1931814
319,0.0456031,0.5376698,0.2230676,0.1936595
320,0.04574573,0.5382257,0.2225307,0.1934978
321,0.04580339,0.5388182,0.2222621,0.1931163
322,0.04583464,0.5393997,0.2220032,0.1927625
323,0.04587236,0.5399976,0.2215627,0.1925673
324,0.04593157,0.5406519,0.2208365,0.1925801
325,0.04552314,0.5456542,0.2180082,0.1908145
326,0.04531731,0.5487145,0.2159456,0.1900226
327,0.04523282,0.5507509,0.2142347,0.1897817
328,0.04522432,0.5522245,0.212677,0.1898742
329,0.04525696,0.5533779,0.2112344,0.1901307
330,0.04530786,0.5543304,0.2099214,0.1904404
331,0.04536336,0.5551372,0.2087605,0.1907389
332,0.04541603,0.5558245,0.2077663,0.1909931
333,0.04546233,0.5564065,0.2069417,0.1911895
334,0.04550172,0.5568938,0.2062745,0.19133
335,0.04553457,0.5572973,0.2057473,0.1914208
336,0.04556159,0.5576283,0.2053408,0.1914693
337,0.04596169,0.5548449,0.2061616,0.1930319
338,0.04622914,0.5534753,0.2062973,0.1939982
339,0.04640086,0.5528708,0.2061818,0.1945464
340,0.04650707,0.5526686,0.2060104,0.194814
341,0.04656973,0.5526593,0.2058719,0.194899
342,0.04660394,0.5527283,0.2058013,0.1948666
343,0.04661959,0.5528155,0.2058066,0.1947583
344,0.04662304,0.5528927,0.2058841,0.1946001
345,0.04661836,0.5529485,0.206025,0.1944082
346,0.04660789,0.5529794,0.2062214,0.1941913
347,0.04659326,0.5529863,0.2064647,0.1939558
348,0.04657565,0.5529714,0.2067464,0.1937066
349,0.03834045,0.6139966,0.1883173,0.1593456
350,0.03444865,0.6320336,0.1900482,0.1434695
351,0.03257497,0.6361826,0.1950293,0.136213
352,0.03161592,0.6357162,0.1998838,0.132784
353,0.03111774,0.6339377,0.203706,0.1312386
354,0.03085928,0.6320583,0.2064444,0.130638
355,0.03072491,0.6304585,0.2083191,0.1304975
356,0.03065273,0.6291927,0.2095922,0.1305625
357,0.03060982,0.6282021,0.2104861,0.130702
358,0.03057901,0.6274051,0.2111649,0.130851
359,0.03055175,0.6267298,0.2117385,0.13098
360,0.03052408,0.626123,0.2122751,0.1310778
361,0.03472021,0.588948,0.2271142,0.1492177
362,0.03801474,0.5681387,0.2305993,0.1632472
363,0.04030514,0.5575331,0.2295922,0.1725695
364,0.04177118,0.5529606,0.2271083,0.1781599
365,0.04263161,0.5515548,0.2247161,0.1810975
366,0.04308785,0.5515675,0.2230142,0.1823304
367,0.04329746,0.5520587,0.2220664,0.1825774
368,0.04337094,0.5526025,0.2216963,0.1823302
369,0.04338037,0.5530613,0.2216556,0.1819027
370,0.04337098,0.553439,0.2217008,0.1814892
371,0.04336926,0.5537918,0.2216382,0.1812008
372,0.0433889,0.5541808,0.2213392,0.1810911
373,0.0440392,0.5495871,0.2227409,0.1836328
374,0.0445077,0.5475636,0.2224849,0.1854438
375,0.04484801,0.5469694,0.2214195,0.1867632
376,0.04510246,0.5471666,0.2199619,0.1877691
377,0.04529977,0.5477757,0.2183501,0.1885745
378,0.04545771,0.5485735,0.216727,0.1892417
379,0.04558671,0.5494297,0.2151822,0.1898015
380,0.04569304,0.5502687,0.2137695,0.1902688
381,0.04578081,0.5510488,0.2125181,0.1906523
382,0.04585277,0.5517487,0.2114404,0.1909581
383,0.04591138,0.5523602,0.210535,0.1911934
384,0.04595886,0.5528839,0.2097902,0.1913671
385,0.04612168,0.552535,0.2093088,0.1920346
386,0.04623877,0.5525413,0.2087309,0.192489
387,0.04631573,0.5527109,0.2082231,0.1927502
388,0.04636546,0.5529346,0.2078196,0.1928803
389,0.04639666,0.553157,0.2075257,0.1929207
390,0.04641493,0.553353,0.2073345,0.1928975
391,0.0464237,0.5535137,0.2072361,0.1928265
392,0.04642493,0.5536371,0.2072218,0.1927161
393,0.04641968,0.5537247,0.207285,0.1925706
394,0.04640888,0.5537786,0.2074183,0.1923942
395,0.04639311,0.5538018,0.2076156,0.1921896
396,0.04637284,0.5537972,0.2078711,0.1919588
397,0.04774123,0.5446712,0.209873,0.1977146
398,0.04871858,0.5401425,0.2093699,0.2017691
399,0.04931665,0.5382264,0.208373,0.204084
400,0.04966267,0.5376673,0.2073921,0.2052779
401,0.04984684,0.5377382,0.2066429,0.2057721
402,0.04993196,0.5380454,0.2061708,0.2058518
403,0.04995999,0.5383955,0.2059409,0.2057036
404,0.04995784,0.5387083,0.2058886,0.2054453
405,0.04994223,0.5389631,0.2059457,0.205149
406,0.04992294,0.5391667,0.206054,0.2048563
407,0.04990558,0.5393361,0.2061677,0.2045906
408,0.04989311,0.5394892,0.2062537,0.2043641
409,0.04361883,0.5863847,0.191252,0.1787445
410,0.04031393,0.6040908,0.1899648,0.1656304
411,0.03860372,0.6101704,0.1920393,0.1591866
412,0.03769667,0.6116108,0.1946684,0.1560241
413,0.03721716,0.6113046,0.196923,0.1545553
414,0.03696788,0.6104757,0.1985997,0.1539567
415,0.03684085,0.6096112,0.1997614,0.1537865
416,0.03677633,0.6088716,0.2005451,0.153807
417,0.03674151,0.6082802,0.2010849,0.1538934
418,0.0367188,0.607811,0.2014871,0.1539831
419,0.03669904,0.6074271,0.201827,0.1540468
420,0.03667779,0.6070958,0.2021534,0.154073
421,0.03693912,0.6041896,0.2036667,0.1552047
422,0.03708594,0.6026353,0.2044665,0.1558123
423,0.0371617,0.6017682,0.2049606,0.1561095
424,0.03718835,0.6012471,0.2053731,0.1561914
425,0.0371839,0.6008872,0.2057902,0.1561387
426,0.0371611,0.6005967,0.2062334,0.1560088
427,0.03712867,0.600336,0.2066941,0.1558413
428,0.03709269,0.6000925,0.2071504,0.1556644
429,0.03705749,0.5998671,0.2075763,0.1554991
430,0.03702633,0.5996664,0.2079454,0.1553618
431,0.03700158,0.5994987,0.2082347,0.1552649
432,0.03698483,0.5993713,0.2084267,0.1552172
433,0.04050035,0.5683716,0.2216178,0.1695103
434,0.04302581,0.5507718,0.2268986,0.1793038
435,0.04476206,0.5413964,0.2281265,0.185715
436,0.04586848,0.5368856,0.2277522,0.1894937
437,0.04653808,0.5350443,0.2268857,0.191532
438,0.04693495,0.5345634,0.22594,0.1925616
439,0.04718078,0.5347347,0.2249765,0.193108
440,0.04735727,0.535215,0.2239154,0.1935124
441,0.04751313,0.5358592,0.2226601,0.1939675
442,0.04767029,0.5366115,0.2211748,0.1945435
443,0.04783356,0.5374432,0.2194899,0.1952334
444,0.04799772,0.538326,0.2176914,0.1959849
445,0.04813661,0.5373994,0.2181515,0.1963126
446,0.04818439,0.5368418,0.2187606,0.1962132
447,0.04823554,0.5364622,0.2191075,0.1961947
448,0.04828434,0.536217,0.219289,0.1962097
449,0.04833102,0.5360686,0.2193522,0.1962481
450,0.04837578,0.5359904,0.2193307,0.1963031
451,0.04841857,0.5359629,0.2192502,0.1963684
452,0.04845904,0.5359717,0.2191318,0.1964375
453,0.04849673,0.5360053,0.2189933,0.1965047
454,0.04853162,0.536055,0.2188463,0.1965671
455,0.04856363,0.5361144,0.2186994,0.1966226
456,0.04859277,0.5361786,0.2185589,0.1966696
457,0.04820616,0.5427192,0.2133996,0.1956751
458,0.04812814,0.5471107,0.2086408,0.1961202
459,0.04804667,0.5501601,0.2054711,0.1963221
460,0.04796785,0.5522641,0.2034107,0.1963574
461,0.0478979,0.5536792,0.202123,0.1962999
462,0.04783888,0.5545993,0.2013673,0.1961944
463,0.04778944,0.5551714,0.2009785,0.1960606
464,0.04774665,0.555503,0.2008471,0.1959034
465,0.04770723,0.5556695,0.2009026,0.1957205
466,0.04766833,0.5557228,0.2011009,0.1955079
467,0.04762762,0.5556968,0.2014144,0.1952613
468,0.04758292,0.5556106,0.2018318,0.1949746
469,0.04106287,0.6033131,0.1873381,0.168286
470,0.03771978,0.6196365,0.1877078,0.154936
471,0.0360111,0.6242756,0.1912779,0.1484354
472,0.03510092,0.6245465,0.1951478,0.1452048
473,0.03460881,0.6233441,0.1984089,0.1436382
474,0.03434038,0.6218347,0.2008982,0.1429268
475,0.03419089,0.6204464,0.2027202,0.1426425
476,0.03410294,0.6192917,0.2040484,0.1425569
477,0.03404535,0.6183606,0.2050436,0.1425505
478,0.0340015,0.6176028,0.2058324,0.1425632
479,0.03396318,0.6169676,0.2065001,0.1425691
480,0.03392672,0.6164151,0.2070984,0.1425598
481,0.03823203,0.5807943,0.2201753,0.1607984
482,0.04159825,0.5606241,0.2229306,0.1748469
483,0.04393388,0.5502343,0.2216606,0.1841712
484,0.04544013,0.5457141,0.2190087,0.1898371
485,0.04633689,0.5443677,0.2163925,0.1929028
486,0.04682483,0.544516,0.2143683,0.1942909
487,0.04706148,0.545222,0.2130138,0.1947026
488,0.04715853,0.5460314,0.2121874,0.1946227
489,0.04718972,0.54677,0.2116764,0.1943638
490,0.04719973,0.5474061,0.2112854,0.1941088
491,0.04721393,0.5479661,0.2108635,0.1939565
492,0.04724462,0.5484895,0.210317,0.193949
493,0.04347467,0.5784851,0.1994253,0.1786148
494,0.04135739,0.5913429,0.1969903,0.1703094
495,0.04021541,0.5966046,0.197073,0.166107
496,0.03961212,0.5984914,0.1977783,0.1641181
497,0.03930786,0.5989414,0.1984378,0.1633129
498,0.0391667,0.5988404,0.1988785,0.1631144
499,0.03911108,0.5985764,0.1991113,0.1632014
500,0.03909719,0.5983028,0.1992008,0.1633991
501,0.03910099,0.5980677,0.1992137,0.1636176
502,0.03911021,0.5978744,0.199199,0.1638164
503,0.03911874,0.5977122,0.1991902,0.1639789
504,0.03912383,0.597568,0.1992075,0.1641007
505,0.04262328,0.5695174,0.2091754,0.178684
506,0.04522322,0.5538118,0.2117012,0.1892637
507,0.04699901,0.5456872,0.2111266,0.1961872
508,0.04813512,0.5420495,0.2094616,0.2003538
509,0.0488136,0.5408473,0.2077323,0.2026068
510,0.04918756,0.5408216,0.2063604,0.2036305
511,0.04937206,0.541264,0.2054393,0.2039246
512,0.04944714,0.5418174,0.2049074,0.203828
513,0.04946537,0.5423296,0.2046469,0.2035581
514,0.04945907,0.5427577,0.2045386,0.2032445
515,0.04944761,0.5431091,0.2044812,0.202962
516,0.04944176,0.5434089,0.2043991,0.2027503
517,0.04410097,0.5835893,0.1913953,0.1809144
518,0.04119885,0.5994691,0.1899502,0.1693819
519,0.03967066,0.6051977,0.1915108,0.1636207
520,0.03886036,0.6067212,0.1936094,0.1608091
521,0.03843957,0.6066054,0.1954041,0.159551
522,0.03823033,0.6059683,0.1967027,0.1590987
523,0.03813352,0.6052693,0.1975536,0.1590436
524,0.03809381,0.6046679,0.1980738,0.1591644
525,0.03808081,0.6041945,0.1983798,0.1593449
526,0.03807832,0.6038305,0.1985638,0.1595274
527,0.03807811,0.6035451,0.1986908,0.159686
528,0.0380763,0.6033093,0.1988032,0.1598112
529,0.04050206,0.5836554,0.2058453,0.1699974
530,0.04221972,0.5733581,0.207363,0.1770593
531,0.04333874,0.5684421,0.2067445,0.1814746
532,0.04402358,0.5664937,0.2054637,0.1840189
533,0.04441413,0.5660296,0.2042275,0.1853288
534,0.04461699,0.5662069,0.2033001,0.1858761
535,0.04470676,0.5665888,0.2027213,0.1859833
536,0.04473251,0.5669758,0.202434,0.1858576
537,0.04472511,0.5672966,0.2023517,0.1856266
538,0.04470339,0.5675411,0.2023892,0.1853663
539,0.04467852,0.5677254,0.2024754,0.1851207
540,0.044657,0.5678714,0.2025568,0.1849148
541,0.04725957,0.5476345,0.2096791,0.1954268
542,0.04914289,0.5364189,0.2116228,0.2028154
543,0.05041425,0.530648,0.2113542,0.2075836
544,0.05123248,0.5280756,0.2102207,0.2104712
545,0.0517404,0.5272558,0.2088833,0.2121206
546,0.05205087,0.5273162,0.2076087,0.2130243
547,0.05224457,0.5277669,0.2064655,0.2135231
548,0.05237431,0.5283543,0.2054404,0.213831
549,0.05247175,0.5289599,0.2045,0.2140683
550,0.05255404,0.5295348,0.2036186,0.2142926
551,0.05262927,0.530063,0.2027842,0.2145235
552,0.05270034,0.5305418,0.2019968,0.214761
553,0.05220675,0.5349697,0.2001128,0.2127106
554,0.05189059,0.5373794,0.1993161,0.2114138
555,0.05171227,0.5386528,0.1989311,0.2107038
556,0.05162152,0.5393086,0.1987158,0.2103542
557,0.05158361,0.539643,0.1985611,0.2102122
558,0.05157537,0.5398195,0.1984265,0.2101786
559,0.05158207,0.5399235,0.1983027,0.2101917
560,0.05159474,0.539997,0.1981928,0.2102156
561,0.05160821,0.5400577,0.1981036,0.2102305
562,0.05161966,0.5401129,0.1980408,0.2102266
563,0.05162774,0.5401639,0.1980083,0.2102
564,0.05163189,0.5402105,0.1980079,0.2101497
565,0.04833274,0.5644859,0.1903736,0.1968078
566,0.04634347,0.5754759,0.1892243,0.1889563
567,0.04520003,0.5800025,0.1901814,0.1846161
568,0.04454813,0.5814888,0.1916929,0.1822701
569,0.04418096,0.5816312,0.193144,0.1810439
570,0.0439765,0.581254,0.1943398,0.1804296
571,0.04386265,0.5807378,0.1952653,0.1801341
572,0.04379709,0.5802415,0.1959711,0.1799903
573,0.04375552,0.5798169,0.1965214,0.1799061
574,0.04372457,0.579469,0.1969722,0.1798342
575,0.04369714,0.579185,0.1973659,0.179752
576,0.04366971,0.5789486,0.1977309,0.1796507
577,0.0432892,0.5814936,0.1971098,0.1781074
578,0.0430392,0.5826712,0.1971639,0.1771258
579,0.04287255,0.5831462,0.1974963,0.1764849
580,0.04276021,0.5832683,0.1979098,0.1760616
581,0.04268185,0.583229,0.1983193,0.1757699
582,0.04262446,0.5831275,0.1986914,0.1755566
583,0.0425803,0.5830123,0.1990159,0.1753915
584,0.04254495,0.582905,0.1992912,0.1752588
585,0.04251614,0.582814,0.1995185,0.1751514
586,0.04249272,0.5827415,0.1996991,0.1750667
587,0.04247421,0.5826871,0.1998341,0.1750046
588,0.04246044,0.5826496,0.1999242,0.1749657
589,0.04269997,0.580868,0.2004392,0.1759929
590,0.04285901,0.5800686,0.200393,0.1766794
591,0.04295591,0.5797765,0.2001718,0.1770958
592,0.04301541,0.5797311,0.199897,0.1773565
593,0.04305282,0.5797937,0.1996249,0.1775286
594,0.04307785,0.5798926,0.199376,0.1776536
595,0.04309637,0.5799938,0.1991542,0.1777556
596,0.0431117,0.5800828,0.1989581,0.1778475
597,0.04312555,0.5801542,0.1987852,0.177935
598,0.04313857,0.5802074,0.1986345,0.1780195
599,0.04315091,0.5802431,0.1985056,0.1781005
600,0.04316249,0.5802628,0.1983984,0.1781764
601,0.04130093,0.5945198,0.1936013,0.1705779
602,0.04018754,0.6005512,0.1931049,0.1661563
603,0.03955409,0.6027539,0.1939204,0.1637715
604,0.03920014,0.6032198,0.1950358,0.1625442
605,0.03900784,0.6029694,0.1960565,0.1619663
606,0.03890691,0.6024829,0.1968704,0.1617397
607,0.03885575,0.6019696,0.1974831,0.1616915
608,0.03883015,0.6015065,0.1979396,0.1617238
609,0.03881637,0.6011104,0.1982903,0.161783
610,0.0388069,0.600774,0.1985776,0.1618415
611,0.03879787,0.6004833,0.1988324,0.1618864
612,0.03878743,0.6002246,0.1990755,0.1619126
613,0.04080828,0.5837691,0.2051196,0.170303
614,0.04220937,0.5752521,0.206559,0.1759795
615,0.04310514,0.5712165,0.2062308,0.1794475
616,0.04364301,0.5696084,0.2053573,0.1813913
617,0.04394348,0.5691956,0.2045076,0.1823534
618,0.0440961,0.5692934,0.2038834,0.1827271
619,0.04416244,0.5695556,0.2035048,0.1827771
620,0.04418239,0.5698292,0.2033174,0.182671
621,0.04418053,0.5700626,0.2032475,0.1825093
622,0.04417143,0.5702508,0.2032278,0.18235
623,0.04416316,0.5704069,0.2032069,0.182223
624,0.04415982,0.5705472,0.2031509,0.1821421
625,0.04397743,0.5722136,0.2024374,0.1813716
626,0.04386816,0.5731192,0.2020813,0.1809313
627,0.04380916,0.5736288,0.2018491,0.1807129
628,0.04378439,0.5739335,0.2016376,0.1806445
629,0.04378111,0.5741376,0.2014133,0.1806681
630,0.04379036,0.574293,0.2011741,0.1807427
631,0.04380607,0.5744229,0.2009306,0.1808405
632,0.04382425,0.5745358,0.200697,0.1809429
633,0.04384229,0.5746334,0.2004862,0.1810381
634,0.04385877,0.5747149,0.2003067,0.1811196
635,0.04387282,0.5747794,0.2001639,0.1811839
636,0.04388397,0.5748267,0.2000603,0.1812289
637,0.04672893,0.5530288,0.2074135,0.1928288
638,0.04880199,0.5409012,0.2092322,0.2010646
639,0.05019775,0.5346321,0.2088059,0.2063643
640,0.05108388,0.5318035,0.2075977,0.209515
641,0.05161289,0.530845,0.206337,0.2112051
642,0.05190768,0.5308027,0.2053165,0.2119731
643,0.05205847,0.5311407,0.2045973,0.2122035
644,0.05212682,0.5315861,0.2041352,0.2121519
645,0.05215251,0.532019,0.2038497,0.2119787
646,0.05215983,0.5324011,0.2036608,0.2117783
647,0.05216277,0.5327324,0.203503,0.2116019
648,0.05216867,0.5330268,0.2033306,0.211474
649,0.04786355,0.5650857,0.1929477,0.1941031
650,0.04536916,0.5791098,0.1912128,0.1843082
651,0.04399396,0.5847793,0.1920708,0.179156
652,0.04324356,0.5866819,0.193535,0.1765395
653,0.04284566,0.586971,0.1948736,0.1753097
654,0.04264469,0.5866517,0.195885,0.1748186
655,0.0425508,0.5861722,0.1965772,0.1746999
656,0.04251237,0.5857116,0.1970268,0.1747492
657,0.0425002,0.5853251,0.1973184,0.1748563
658,0.04249825,0.5850152,0.197522,0.1749647
659,0.04249811,0.5847658,0.1976881,0.175048
660,0.04249563,0.5845583,0.1978502,0.1750959
661,0.04329682,0.5782845,0.1999977,0.178421
662,0.04382766,0.5751637,0.2004331,0.1805755
663,0.04414723,0.5737376,0.200308,0.1818071
664,0.04432554,0.5731842,0.2000556,0.1824346
665,0.0444128,0.5730389,0.1998676,0.1826808
666,0.04444375,0.5730549,0.1998046,0.1826968
667,0.04444142,0.5731129,0.1998643,0.1825814
668,0.0444207,0.573163,0.2000189,0.1823975
669,0.04439105,0.5731906,0.2002331,0.1821852
670,0.04435856,0.5731984,0.2004726,0.1819705
671,0.04432721,0.5731952,0.200707,0.1817705
672,0.04429959,0.5731912,0.2009117,0.1815975
673,0.04292781,0.583183,0.1979556,0.1759336
674,0.04207802,0.5875531,0.1978758,0.1724931
675,0.04159156,0.5892307,0.1985589,0.1706189
676,0.0413213,0.5896832,0.1993393,0.1696563
677,0.04118061,0.589636,0.1999537,0.1692298
678,0.04111583,0.5894335,0.2003408,0.1691099
679,0.04109416,0.5892238,0.2005244,0.1691576
680,0.04109583,0.5890582,0.2005554,0.1692905
681,0.04110914,0.588944,0.2004864,0.1694604
682,0.04112718,0.5888709,0.2003626,0.1696392
683,0.04114608,0.5888247,0.2002177,0.1698115
684,0.04116375,0.5887921,0.2000748,0.1699693
685,0.04206107,0.5818141,0.2024271,0.1736977
686,0.04266241,0.5783646,0.2028235,0.1761494
687,0.04304039,0.5768071,0.2025108,0.1776417
688,0.04326756,0.5762296,0.2020031,0.1784997
689,0.04339768,0.5761141,0.2015285,0.1789596
690,0.04346802,0.5761849,0.2011652,0.1791819
691,0.04350308,0.5763069,0.2009205,0.1792696
692,0.04351819,0.5764219,0.2007741,0.1792858
693,0.0435227,0.5765105,0.200699,0.1792678
694,0.04352208,0.5765712,0.20067,0.1792368
695,0.0435194,0.5766097,0.2006669,0.179204
696,0.04351639,0.576633,0.2006752,0.1791753
697,0.0366008,0.630044,0.1823123,0.1510429
698,0.0333019,0.646724,0.181904,0.13807
699,0.0316629,0.650971,0.1853517,0.1320143
700,0.03081322,0.650786,0.1892178,0.129183
701,0.03036949,0.6492162,0.1924481,0.1279661
702,0.03013941,0.6474394,0.1948574,0.1275639
703,0.03002102,0.6458599,0.1965603,0.1275588
704,0.0299591,0.6445656,0.1977454,0.12773
705,0.02992387,0.6435262,0.1985875,0.1279625
706,0.02989954,0.642679,0.1992229,0.1281985
707,0.02987798,0.6419631,0.1997481,0.1284108
708,0.0298552,0.6413309,0.2002266,0.1285874
709,0.03278381,0.6146105,0.211355,0.1412507
710,0.0348905,0.6007909,0.2141364,0.1501822
711,0.03626692,0.5944079,0.2135412,0.1557841
712,0.03709359,0.5920324,0.2119341,0.1589399
713,0.03754181,0.591553,0.2104517,0.1604536
714,0.03774888,0.5918005,0.2094981,0.1609525
715,0.03781375,0.5922047,0.2091011,0.1608804
716,0.03780343,0.5925388,0.2091236,0.1605343
717,0.03776193,0.5927539,0.2093752,0.1601089
718,0.03771742,0.5928831,0.2096701,0.1597294
719,0.03768703,0.5929864,0.2098537,0.1594729
720,0.03767956,0.5931222,0.2098203,0.1593778
721,0.03818128,0.5893061,0.2110447,0.161468
722,0.03853687,0.5877287,0.2107641,0.1629703
723,0.03878918,0.5873348,0.2098103,0.1640657
724,0.0389755,0.5875531,0.2085567,0.1649148
725,0.0391197,0.5880567,0.2072112,0.1656124
726,0.03923605,0.5886586,0.2058969,0.1662085
727,0.0393327,0.5892512,0.2046902,0.1667258
728,0.03941432,0.5897751,0.2036363,0.1671742
729,0.03948367,0.5902022,0.2027564,0.1675577
730,0.03954234,0.590526,0.2020528,0.167879
731,0.03959138,0.590754,0.2015138,0.1681409
732,0.03963155,0.5909007,0.2011205,0.1683472
733,0.03960101,0.5915948,0.2005453,0.1682588
734,0.03958617,0.591975,0.200207,0.1682318
735,0.03957768,0.5921662,0.2000402,0.1682159
736,0.03957253,0.5922431,0.1999836,0.1682008
737,0.03956795,0.5922515,0.2000048,0.1681758
738,0.03956202,0.5922186,0.2000856,0.1681338
739,0.03955358,0.59216,0.2002156,0.1680709
740,0.03954193,0.592085,0.2003881,0.1679848
741,0.03952678,0.5919995,0.2005984,0.1678753
742,0.03950821,0.5919068,0.2008411,0.1677438
743,0.03948649,0.5918097,0.2011113,0.1675924
744,0.03946202,0.5917106,0.2014033,0.1674241
745,0.0415252,0.5746633,0.2078385,0.175973
746,0.04295818,0.5657434,0.2095835,0.1817149
747,0.043875,0.5614704,0.2094818,0.1851728
748,0.04442363,0.5597541,0.2087756,0.1870466
749,0.04472778,0.5593262,0.2080422,0.1879038
750,0.04488119,0.5594732,0.2074807,0.1881649
751,0.04494962,0.5598295,0.2071019,0.1881189
752,0.04497636,0.5602322,0.2068391,0.1879523
753,0.04498819,0.5606252,0.2066091,0.1877775
754,0.04500031,0.5610026,0.2063416,0.1876556
755,0.04502021,0.5613761,0.2059907,0.187613
756,0.04505034,0.5617591,0.2055367,0.1876538
757,0.03883699,0.6107942,0.1883328,0.1620359
758,0.03572454,0.6279711,0.1866804,0.1496241
759,0.03414519,0.6333949,0.1887671,0.1436928
760,0.03332305,0.6343057,0.191477,0.1408943
761,0.03289881,0.6335969,0.1938128,0.1396916
762,0.03268711,0.6324486,0.1955641,0.1393002
763,0.03258757,0.6313125,0.1967969,0.139303
764,0.03254468,0.6303299,0.1976492,0.1394763
765,0.03252789,0.629516,0.1982539,0.1397022
766,0.0325207,0.6288422,0.1987158,0.1399213
767,0.03251447,0.6282707,0.1991092,0.1401056
768,0.03250488,0.6277674,0.1994842,0.1402434
769,0.03417817,0.6128884,0.2054095,0.147524
770,0.03530074,0.6056184,0.2067723,0.1523087
771,0.03599126,0.602405,0.2064767,0.1551271
772,0.03638272,0.6012343,0.2057726,0.1566102
773,0.0365783,0.6009665,0.2052206,0.1572345
774,0.03665142,0.60101,0.2050066,0.157332
775,0.03665131,0.6010908,0.2051358,0.1571221
776,0.03660993,0.6011059,0.2055382,0.1567459
777,0.03654816,0.6010365,0.2061187,0.1562967
778,0.03648037,0.6009019,0.2067775,0.1558403
779,0.03641688,0.6007369,0.2074197,0.1554266
780,0.03636533,0.6005805,0.2079595,0.1550946
781,0.03381932,0.621499,0.200368,0.1443137
782,0.03241546,0.6293074,0.1997107,0.1385664
783,0.03166557,0.6318425,0.2007789,0.135713
784,0.03127542,0.6323065,0.2019875,0.1344306
785,0.03108543,0.632071,0.2028377,0.1340058
786,0.03100531,0.6316872,0.2032717,0.1340358
787,0.03098384,0.6313397,0.2033841,0.1342923
788,0.03099205,0.6310616,0.2032989,0.1346476
789,0.03101362,0.6308337,0.2031222,0.1350305
790,0.03103924,0.6306286,0.2029307,0.1354015
791,0.03106374,0.6304259,0.2027702,0.1357402
792,0.03108437,0.6302145,0.2026639,0.1360373
793,0.03104648,0.6306295,0.2022384,0.1360855
794,0.03102412,0.630687,0.2021098,0.1361791
795,0.03100825,0.6305649,0.2021485,0.1362783
796,0.03099534,0.6303501,0.2022824,0.136372
797,0.03098253,0.6300897,0.2024779,0.1364498
798,0.03096802,0.6298078,0.202719,0.1365053
799,0.03095081,0.629516,0.2029978,0.1365354
800,0.03093049,0.6292199,0.2033103,0.1365394
801,0.03090706,0.628922,0.2036529,0.1365181
802,0.03088075,0.6286242,0.204021,0.136474
803,0.03085203,0.6283287,0.2044087,0.1364105
804,0.03082158,0.6280381,0.2048082,0.1363321
805,0.03309974,0.607049,0.2135554,0.1462957
806,0.03468564,0.5965662,0.2156963,0.1530518
807,0.03569365,0.5919203,0.2152603,0.1571258
808,0.03629009,0.5903277,0.2140392,0.1593428
809,0.0366179,0.590157,0.2128355,0.1603896
810,0.03678511,0.5905437,0.2118975,0.1607736
811,0.03686605,0.5910855,0.211211,0.1608374
812,0.036908,0.5916306,0.2106668,0.1607945
813,0.03693864,0.5921464,0.2101488,0.1607662
814,0.03697177,0.5926447,0.2095759,0.1608076
815,0.03701283,0.5931441,0.2089083,0.1609347
816,0.03706228,0.593655,0.2081433,0.1611395
817,0.03690353,0.595713,0.2069467,0.1604367
818,0.03682461,0.5968772,0.2061781,0.1601201
819,0.03680475,0.5976,0.2055003,0.160095
820,0.03681604,0.5981022,0.2048671,0.1602148
821,0.03684329,0.5984804,0.2042753,0.1604009
822,0.03687731,0.5987751,0.2037415,0.160606
823,0.03691261,0.5990024,0.2032828,0.1608023
824,0.03694607,0.5991705,0.2029092,0.1609742
825,0.03697584,0.5992864,0.2026237,0.1611142
826,0.03700094,0.5993576,0.2024229,0.1612186
827,0.03702086,0.5993923,0.2023002,0.1612867
828,0.03703538,0.5993977,0.2022477,0.1613192
829,0.03401095,0.6247903,0.1929043,0.1482944
830,0.03236093,0.6340408,0.1922144,0.1413839
831,0.03146514,0.6367992,0.1939181,0.1378176
832,0.03097389,0.6369458,0.1960746,0.1360057
833,0.03070432,0.6361682,0.1979996,0.1351279
834,0.0305556,0.6351798,0.1995268,0.1347378
835,0.03047102,0.6342514,0.2006893,0.1345883
836,0.0304186,0.633459,0.2015789,0.1345434
837,0.03038054,0.6328006,0.2022893,0.1345296
838,0.03034729,0.6322474,0.2028961,0.1345092
839,0.03031384,0.6317684,0.2034536,0.1344642
840,0.03027787,0.6313377,0.2039969,0.1343876
841,0.03168076,0.617835,0.2099207,0.1405635
842,0.03259472,0.6113665,0.2115786,0.1444603
843,0.03314035,0.608565,0.2116474,0.1466472
844,0.03343631,0.6075595,0.2113046,0.1476996
845,0.0335753,0.6073279,0.2110371,0.1480597
846,0.03362349,0.6073658,0.2109716,0.1480392
847,0.03362557,0.6074598,0.2110674,0.1478472
848,0.03361051,0.6075471,0.2112228,0.1476196
849,0.0335962,0.6076344,0.2113292,0.1474401
850,0.0335925,0.6077517,0.2113014,0.1473544
851,0.03360343,0.6079269,0.2110902,0.1473795
852,0.03362905,0.6081753,0.2106837,0.1475119
853,0.03336755,0.6111375,0.2090528,0.1464421
854,0.03322925,0.6126547,0.2081585,0.1459575
855,0.03317161,0.6135014,0.2074711,0.1458559
856,0.03316205,0.6140308,0.2068302,0.1459768
857,0.03317934,0.6144012,0.2062055,0.1462139
858,0.03321016,0.6146728,0.2056173,0.1464996
859,0.03324639,0.6148651,0.2050964,0.1467921
860,0.03328304,0.6149848,0.2046659,0.1470663
861,0.03331697,0.6150395,0.2043362,0.1473074
862,0.03334613,0.6150391,0.2041078,0.1475069
863,0.03336934,0.6149949,0.2039743,0.1476613
864,0.03338608,0.6149175,0.2039261,0.1477703
865,0.03346311,0.6143897,0.2039948,0.1481524
866,0.03350981,0.6141241,0.203986,0.1483802
867,0.03353155,0.6139697,0.2040236,0.1484752
868,0.03353703,0.613853,0.2041266,0.1484834
869,0.03353111,0.6137413,0.2042983,0.1484293
870,0.03351685,0.6136216,0.204533,0.1483286
871,0.03349628,0.6134904,0.2048215,0.1481918
872,0.03347089,0.6133491,0.2051535,0.1480266
