EwEVersion,"6.5.13829.0 (compiled 2016-05-17)"
Date,"2016-09-06 16:27:29"
ModelName,Baltic_Proper-SEALS
EcosimScenario,Proper1_SealVuln100_19742100_seal0_cofF03
TimeSeries,new_data_weights_19742100_BAU_WAR1_codF03_seal100
StartYear,1974

Data,"Prey of Cod larvae"

TimeStep,"Temora sp","Acartia sp","Pseudocalanus sp.",
1,0.1079207,0.1002678,0.7918116
2,0.1141322,0.1024312,0.7834366
3,0.1163488,0.1016292,0.7820219
4,0.1165551,0.1003183,0.7831266
5,0.1157019,0.09866481,0.7856333
6,0.1143674,0.09697755,0.788655
7,0.1128841,0.095458,0.7916579
8,0.111417,0.0941787,0.7944043
9,0.1100314,0.09313832,0.7968302
10,0.1087406,0.09230439,0.798955
11,0.107536,0.09163692,0.800827
12,0.1064044,0.0910985,0.802497
13,0.1098771,0.0912352,0.7988877
14,0.1071031,0.09022529,0.8026716
15,0.1057372,0.08990476,0.8043579
16,0.1047977,0.08955631,0.805646
17,0.1041138,0.08918742,0.8066989
18,0.1036688,0.08885361,0.8074775
19,0.1034872,0.08863283,0.80788
20,0.1036145,0.08872848,0.807657
21,0.1040879,0.08939312,0.8065189
22,0.1049105,0.09087368,0.8042158
23,0.1060425,0.09334082,0.8006167
24,0.1074083,0.09678234,0.7958094
25,0.07486404,0.09317458,0.8319613
26,0.0879067,0.1007995,0.8112938
27,0.09150032,0.105066,0.8034337
28,0.0942132,0.1099895,0.7957973
29,0.09619441,0.112416,0.7913896
30,0.09759032,0.1124854,0.7899243
31,0.09850066,0.1112972,0.7902022
32,0.09907395,0.1099096,0.7910165
33,0.09934275,0.108476,0.7921813
34,0.09939008,0.1072373,0.7933726
35,0.09927995,0.1062484,0.7944716
36,0.099058,0.1054935,0.7954485
37,0.09820621,0.1053699,0.7964239
38,0.09620636,0.1043912,0.7994024
39,0.09508105,0.104027,0.8008919
40,0.09432163,0.1039108,0.8017676
41,0.09376384,0.1039994,0.8022369
42,0.09333958,0.104265,0.8023954
43,0.09302046,0.1046856,0.802294
44,0.09268634,0.1048901,0.8024236
45,0.09245194,0.1053709,0.8021771
46,0.09233659,0.1061114,0.8015519
47,0.09235528,0.1071033,0.8005415
48,0.09251557,0.1083108,0.7991737
49,0.09293158,0.1115809,0.7954875
50,0.09167202,0.1122875,0.7960405
51,0.09141758,0.1130761,0.7955064
52,0.09165569,0.1139048,0.7944396
53,0.09223892,0.1148837,0.7928774
54,0.09307381,0.1158912,0.7910351
55,0.09408236,0.1167399,0.7891777
56,0.09527978,0.1175388,0.7871814
57,0.09651154,0.1178815,0.785607
58,0.09770509,0.1178495,0.7844453
59,0.09880087,0.1175239,0.7836753
60,0.09975963,0.1169907,0.7832496
61,0.08794244,0.1163223,0.7957352
62,0.08722457,0.1161772,0.7965983
63,0.08693177,0.1152145,0.7978537
64,0.08702951,0.1146242,0.7983463
65,0.08732836,0.1142124,0.7984592
66,0.08772469,0.1138463,0.798429
67,0.08815973,0.1134704,0.7983699
68,0.0885104,0.1128327,0.7986569
69,0.08880329,0.1121741,0.7990226
70,0.08903538,0.111467,0.7994977
71,0.08920179,0.1107201,0.8000782
72,0.08930013,0.1099476,0.8007523
73,0.07894264,0.1086852,0.8123721
74,0.07880362,0.1098645,0.8113319
75,0.07956827,0.1086039,0.8118277
76,0.08031571,0.1072842,0.8124002
77,0.08070356,0.1059632,0.8133332
78,0.08069181,0.104675,0.8146332
79,0.08033496,0.1034813,0.8161837
80,0.07971007,0.102424,0.8178658
81,0.07886851,0.1015165,0.8196151
82,0.07785496,0.10077,0.821375
83,0.07670552,0.1001872,0.8231073
84,0.07545085,0.09976795,0.8247812
85,0.0909972,0.1000639,0.8089389
86,0.09178801,0.09877566,0.8094363
87,0.09125134,0.099397,0.8093517
88,0.0903608,0.09952717,0.8101121
89,0.08926186,0.09943098,0.8113071
90,0.08804943,0.09930941,0.8126411
91,0.08679496,0.09924018,0.8139648
92,0.08552166,0.09916237,0.815316
93,0.0843099,0.09918506,0.8165051
94,0.08322544,0.0993917,0.8173829
95,0.08232472,0.09990826,0.817767
96,0.08165596,0.1009179,0.8174261
97,0.0862852,0.1031377,0.8105771
98,0.0872412,0.1053339,0.8074248
99,0.08841679,0.1097203,0.8018629
100,0.08967528,0.1144403,0.7958844
101,0.09107753,0.1185156,0.7904069
102,0.09263118,0.121317,0.7860519
103,0.09427577,0.1226383,0.7830859
104,0.09595917,0.1228352,0.7812057
105,0.09750739,0.1220168,0.7804757
106,0.09879867,0.1205602,0.7806411
107,0.09975765,0.1187737,0.7814687
108,0.1003617,0.1168732,0.7827652
109,0.1099946,0.1152959,0.7747095
110,0.1066909,0.1127019,0.7806073
111,0.1050978,0.1111153,0.7837868
112,0.1040487,0.1096569,0.7862944
113,0.1032732,0.1084979,0.7882289
114,0.1026585,0.1076117,0.7897299
115,0.1021433,0.1069234,0.7909333
116,0.1018552,0.1067322,0.7914127
117,0.1016678,0.1066369,0.7916953
118,0.1015391,0.1066257,0.7918352
119,0.1014529,0.1066909,0.7918562
120,0.101404,0.1068271,0.791769
121,0.09442583,0.1063122,0.799262
122,0.09557891,0.1072362,0.7971849
123,0.09583578,0.1074288,0.7967355
124,0.09599178,0.1078424,0.7961658
125,0.09611446,0.1082901,0.7955953
126,0.09622353,0.1087039,0.7950726
127,0.09632904,0.1090809,0.79459
128,0.0963909,0.1093733,0.7942358
129,0.09644635,0.1096409,0.7939127
130,0.09650365,0.1098857,0.7936106
131,0.09656537,0.1101134,0.7933213
132,0.09663244,0.1103307,0.7930368
133,0.05247231,0.1093687,0.8381589
134,0.04422389,0.1111245,0.8446515
135,0.03556016,0.1092778,0.855162
136,0.02875414,0.1091498,0.862096
137,0.02345354,0.1107838,0.8657627
138,0.01948619,0.1139668,0.866547
139,0.01676238,0.118223,0.8650146
140,0.01519349,0.1224085,0.862398
141,0.01476639,0.1260159,0.8592177
142,0.01552287,0.1282753,0.8562018
143,0.01756366,0.1289868,0.8534496
144,0.02098331,0.1283303,0.8506864
145,0.03374868,0.12702,0.8392313
146,0.04913976,0.1252016,0.8256586
147,0.06325436,0.1208308,0.8159148
148,0.07318549,0.1161107,0.8107038
149,0.07882935,0.1117074,0.8094632
150,0.08146589,0.1078872,0.8106468
151,0.08236007,0.1046775,0.8129625
152,0.08233301,0.1019875,0.8156796
153,0.08181318,0.09968982,0.8184969
154,0.081014,0.09768789,0.8212981
155,0.08003213,0.09590849,0.8240593
156,0.07890754,0.09430604,0.8267865
157,0.06497585,0.09220359,0.8428206
158,0.05234006,0.08592808,0.8617318
159,0.04170196,0.08403487,0.8742632
160,0.03240049,0.0837419,0.8838576
161,0.02416125,0.0841275,0.8917112
162,0.01704634,0.08501325,0.8979404
163,0.01127132,0.08664455,0.9020841
164,0.006989677,0.08945737,0.9035529
165,0.004137993,0.0939575,0.9019045
166,0.002422771,0.1001667,0.8974106
167,0.001465716,0.1072578,0.8912764
168,0.0009541968,0.1137871,0.8852587
169,0.00528077,0.1315348,0.8631845
170,0.02865684,0.1292255,0.8421176
171,0.06587479,0.1224898,0.8116354
172,0.09072661,0.1163576,0.7929158
173,0.1033868,0.1104739,0.7861392
174,0.1077784,0.1047726,0.787449
175,0.1078556,0.09965937,0.7924851
176,0.1059401,0.0953621,0.7986978
177,0.1033535,0.09192514,0.8047214
178,0.1007364,0.08921684,0.8100469
179,0.09833441,0.08707246,0.8145931
180,0.09619998,0.08534954,0.8184505
181,0.1006972,0.08421916,0.8150837
182,0.1016384,0.08357069,0.8147909
183,0.1013475,0.08257136,0.816081
184,0.1004181,0.08153494,0.818047
185,0.09920374,0.08060599,0.8201903
186,0.09790375,0.07985412,0.8222421
187,0.09662333,0.07931149,0.8240652
188,0.09543369,0.07905383,0.8255125
189,0.09435492,0.07904998,0.8265951
190,0.09337281,0.07929921,0.827328
191,0.09247315,0.0798127,0.8277141
192,0.09164707,0.08061685,0.827736
193,0.09639941,0.08175516,0.8218455
194,0.09691462,0.08337372,0.8197117
195,0.09719744,0.08522235,0.8175802
196,0.09737527,0.08706155,0.8155632
197,0.09756025,0.08891027,0.8135295
198,0.09782107,0.09079739,0.8113815
199,0.09819543,0.09274318,0.8090614
200,0.09865621,0.09465357,0.8066902
201,0.09925028,0.09668857,0.8040612
202,0.09998303,0.0988096,0.8012074
203,0.1008428,0.1009482,0.798209
204,0.1018039,0.1030067,0.7951894
205,0.09732741,0.1073829,0.7952897
206,0.09231179,0.1073788,0.8003094
207,0.08990865,0.1074914,0.8025999
208,0.08900356,0.1083435,0.802653
209,0.08909726,0.1099586,0.8009442
210,0.08990429,0.1120466,0.798049
211,0.09123474,0.1141884,0.7945769
212,0.09312757,0.1163994,0.7904731
213,0.09524082,0.1177588,0.7870004
214,0.09738264,0.1182928,0.7843246
215,0.09936289,0.1181071,0.78253
216,0.1010347,0.1173968,0.7815685
217,0.1121079,0.1160583,0.7718338
218,0.1177535,0.1160403,0.7662062
219,0.1199521,0.1140438,0.7660041
220,0.1201402,0.1115766,0.7682832
221,0.1192886,0.109101,0.7716104
222,0.1180133,0.1068777,0.7751091
223,0.1166492,0.1049842,0.7783666
224,0.1153453,0.103396,0.7812587
225,0.1141296,0.1020185,0.7838519
226,0.1129885,0.1007798,0.7862318
227,0.1118943,0.09962612,0.7884796
228,0.1108206,0.09852083,0.7906585
229,0.09800708,0.0971289,0.8048639
230,0.09540062,0.09608924,0.8085101
231,0.09333161,0.09488565,0.8117827
232,0.09167855,0.09392448,0.814397
233,0.0902831,0.09319596,0.8165209
234,0.08907343,0.09268638,0.8182402
235,0.08802801,0.09240816,0.8195639
236,0.08714995,0.09239525,0.8204548
237,0.08645763,0.09271449,0.8208278
238,0.08597027,0.09337728,0.8206524
239,0.085702,0.09435518,0.8199428
240,0.08565709,0.0955761,0.8187668
241,0.07013548,0.09466035,0.8352042
242,0.07003225,0.09838386,0.8315839
243,0.07031818,0.09929015,0.8303916
244,0.07111543,0.1003837,0.8285009
245,0.07208394,0.101275,0.8266411
246,0.07305337,0.1018058,0.8251408
247,0.07394122,0.1020338,0.824025
248,0.07467469,0.1019237,0.8234015
249,0.07526919,0.1017404,0.8229904
250,0.07574093,0.1015052,0.8227538
251,0.07610779,0.1012466,0.8226455
252,0.0763876,0.1009824,0.82263
253,0.1054584,0.1014083,0.7931333
254,0.1074236,0.09994658,0.7926298
255,0.1078255,0.1002377,0.7919369
256,0.1078816,0.0998067,0.7923117
257,0.1076798,0.09910022,0.79322
258,0.1073336,0.09836943,0.794297
259,0.1069203,0.09770023,0.7953795
260,0.10648,0.09713501,0.7963849
261,0.1060409,0.09664132,0.7973179
262,0.1056162,0.09622418,0.7981597
263,0.1052149,0.0958828,0.7989023
264,0.1048448,0.0956164,0.7995389
265,0.06982789,0.0948661,0.835306
266,0.06252318,0.09449415,0.8429826
267,0.05580769,0.09320959,0.8509827
268,0.05063263,0.09311988,0.8562474
269,0.04660337,0.09412809,0.8592685
270,0.04355582,0.09613209,0.860312
271,0.04149121,0.09901179,0.8594971
272,0.04051349,0.1026453,0.8568411
273,0.0406873,0.1061955,0.8531172
274,0.04202636,0.1091016,0.848872
275,0.04444062,0.1109764,0.844583
276,0.04770011,0.1117474,0.8405524
277,0.06097607,0.1126193,0.8264046
278,0.06840026,0.1100398,0.82156
279,0.07255658,0.1088188,0.8186247
280,0.07517722,0.107483,0.8173398
281,0.07690351,0.1060895,0.8170069
282,0.07803647,0.1047022,0.8172613
283,0.07874613,0.1033476,0.8179064
284,0.07912385,0.1019771,0.818899
285,0.0792478,0.1006336,0.8201187
286,0.07917738,0.09932461,0.821498
287,0.07895742,0.09805631,0.8229863
288,0.07862129,0.09683258,0.8245461
289,0.08946232,0.09694947,0.8135883
290,0.09505978,0.09676622,0.808174
291,0.0976653,0.0950607,0.807274
292,0.09830883,0.09305524,0.808636
293,0.09789065,0.09109517,0.8110142
294,0.09695575,0.08930861,0.8137357
295,0.0957959,0.08773619,0.8164679
296,0.0945426,0.08637856,0.8190789
297,0.09328232,0.0852357,0.8214819
298,0.09204267,0.08428362,0.8236737
299,0.09083424,0.0835079,0.8256579
300,0.08966255,0.08290148,0.827436
301,0.09481229,0.08358919,0.8215986
302,0.09793396,0.08471175,0.8173543
303,0.0988672,0.08440867,0.8167241
304,0.09860829,0.08390763,0.8174841
305,0.09778711,0.0833578,0.8188551
306,0.0967366,0.08284445,0.820419
307,0.09562596,0.08242727,0.8219467
308,0.09453457,0.08200953,0.8234559
309,0.09345406,0.08173876,0.8248072
310,0.09242944,0.0816249,0.8259456
311,0.09148473,0.08165403,0.8268612
312,0.09063164,0.08180345,0.8275649
313,0.08332296,0.08400914,0.8326679
314,0.07376876,0.08133188,0.8448994
315,0.06799873,0.07982944,0.8521718
316,0.06401356,0.07876056,0.8572258
317,0.06110997,0.07812397,0.8607661
318,0.05900213,0.07826275,0.8627352
319,0.05760026,0.07984205,0.8625576
320,0.05700398,0.08420502,0.858791
321,0.05725463,0.09103269,0.8517126
322,0.05846121,0.09936649,0.8421723
323,0.0606994,0.1072534,0.8320473
324,0.06392009,0.1129186,0.8231614
325,0.07330379,0.1170623,0.8096339
326,0.0795036,0.1168352,0.8036613
327,0.08455285,0.1163318,0.7991153
328,0.08858669,0.1151234,0.7962899
329,0.09160146,0.1136348,0.7947637
330,0.09367625,0.1120816,0.7942421
331,0.09496293,0.1105647,0.7944723
332,0.09556539,0.1089789,0.7954558
333,0.09571071,0.1075213,0.7967681
334,0.09554832,0.1061637,0.798288
335,0.09518349,0.1048972,0.7999193
336,0.0946839,0.1037034,0.8016127
337,0.09203597,0.1020893,0.8058747
338,0.09062733,0.1010669,0.8083058
339,0.08953176,0.1000794,0.8103889
340,0.08857558,0.09910488,0.8123195
341,0.0876624,0.09811573,0.8142219
342,0.08673893,0.09710174,0.8161593
343,0.08577946,0.09606747,0.818153
344,0.08483943,0.09516274,0.8199978
345,0.08387829,0.09426589,0.8218558
346,0.08289141,0.09340645,0.8237021
347,0.08188826,0.09260812,0.8255036
348,0.08088606,0.09189683,0.8272172
349,0.06083358,0.08993221,0.8492342
350,0.05813358,0.09461085,0.8472555
351,0.058143,0.09303208,0.848825
352,0.05916316,0.09200073,0.8488361
353,0.06011393,0.0911797,0.8487064
354,0.06064126,0.09033757,0.8490212
355,0.06070325,0.08950852,0.8497882
356,0.06036423,0.08882561,0.8508102
357,0.05970908,0.08823205,0.8520588
358,0.05880616,0.08775352,0.8534403
359,0.05770968,0.08738945,0.8549009
360,0.05646197,0.08713175,0.8564063
361,0.07105994,0.09096611,0.837974
362,0.06763437,0.08599836,0.8463672
363,0.06304979,0.08537833,0.8515719
364,0.05927971,0.08479623,0.855924
365,0.05608975,0.08422558,0.8596846
366,0.05339742,0.08407209,0.8625305
367,0.05122486,0.08483145,0.8639437
368,0.04963065,0.08687352,0.8634958
369,0.04874889,0.09084179,0.8604093
370,0.04871828,0.09655298,0.8547288
371,0.04966272,0.1030554,0.8472819
372,0.05164433,0.1089419,0.8394137
373,0.05160796,0.1141157,0.8342764
374,0.05392067,0.1157151,0.8303642
375,0.05720409,0.1161462,0.8266498
376,0.06096303,0.1160132,0.8230239
377,0.06478767,0.1155258,0.8196865
378,0.0683522,0.1147821,0.8168657
379,0.0714393,0.113853,0.8147077
380,0.07397039,0.1128524,0.8131772
381,0.07591141,0.1117682,0.8123204
382,0.07730445,0.1106617,0.8120338
383,0.07823426,0.1095781,0.8121877
384,0.07879799,0.1085453,0.8126568
385,0.08107774,0.1072313,0.811691
386,0.08165547,0.1062694,0.8120751
387,0.08169959,0.1054332,0.8128672
388,0.08147584,0.1046275,0.8138967
389,0.08108581,0.1038384,0.8150758
390,0.08057061,0.103064,0.8163654
391,0.07994789,0.1023053,0.8177468
392,0.07916745,0.1014294,0.8194031
393,0.07826651,0.1005599,0.8211735
394,0.07726419,0.09969408,0.8230417
395,0.07617524,0.09884217,0.8249826
396,0.07501522,0.09801993,0.8269649
397,0.09455842,0.09794857,0.807493
398,0.09546883,0.09535747,0.8091738
399,0.09478548,0.09530337,0.8099112
400,0.09404743,0.09514479,0.8108078
401,0.09335268,0.09490535,0.8117419
402,0.09274098,0.09474457,0.8125144
403,0.09224117,0.09474833,0.8130105
404,0.09189462,0.09506667,0.8130387
405,0.09170644,0.09557202,0.8127216
406,0.09168141,0.09625041,0.8120682
407,0.09181618,0.09705564,0.8111282
408,0.09209957,0.09792759,0.8099728
409,0.09486824,0.09812474,0.807007
410,0.1007409,0.1010265,0.7982326
411,0.1038729,0.1014555,0.7946717
412,0.10542,0.1013761,0.7932039
413,0.1059049,0.1006049,0.7934902
414,0.1057082,0.09947856,0.7948132
415,0.105107,0.09831078,0.7965823
416,0.1043229,0.09730645,0.7983707
417,0.1034595,0.0965113,0.8000292
418,0.1025778,0.09591268,0.8015095
419,0.10171,0.09548513,0.8028049
420,0.1008717,0.09520108,0.8039272
421,0.09511314,0.09433061,0.8105563
422,0.09418663,0.09465916,0.8111542
423,0.09318465,0.09458598,0.8122293
424,0.09237117,0.09470478,0.812924
425,0.09175087,0.09502608,0.8132231
426,0.09131637,0.09555338,0.8131303
427,0.09106964,0.09631634,0.812614
428,0.09101341,0.09736803,0.8116185
429,0.09117255,0.09880906,0.8100184
430,0.0915537,0.1006337,0.8078126
431,0.09215526,0.1027546,0.8050901
432,0.09296571,0.105002,0.8020323
433,0.05787167,0.1074434,0.8346849
434,0.05196981,0.1098778,0.8381524
435,0.04599021,0.1087524,0.8452573
436,0.04173661,0.1096144,0.848649
437,0.03898515,0.1120898,0.8489251
438,0.037722,0.1154396,0.8468384
439,0.03802537,0.1187748,0.8431998
440,0.04002661,0.1215886,0.8383847
441,0.04360904,0.1229648,0.8334261
442,0.04842183,0.1231062,0.828472
443,0.05388968,0.1223348,0.8237755
444,0.05933746,0.1209823,0.8196802
445,0.04106174,0.1169444,0.8419939
446,0.03284587,0.1176595,0.8494947
447,0.02804078,0.1167909,0.8551684
448,0.02510681,0.1158094,0.8590838
449,0.02326461,0.1148336,0.8619018
450,0.02209925,0.1138498,0.8640509
451,0.02137094,0.1128452,0.8657838
452,0.02091499,0.1117208,0.8673642
453,0.02063615,0.1105568,0.8688071
454,0.02046904,0.1093533,0.8701776
455,0.0203666,0.1081204,0.871513
456,0.0202945,0.1068696,0.8728358
457,0.05897326,0.1066214,0.8344054
458,0.08220837,0.1022156,0.815576
459,0.09226044,0.1002405,0.8074991
460,0.09544533,0.09887324,0.8056814
461,0.09599174,0.0975653,0.8064429
462,0.09543963,0.09626967,0.8082907
463,0.09438726,0.09502037,0.8105924
464,0.09307945,0.09382704,0.8130935
465,0.09163833,0.09273412,0.8156275
466,0.09012426,0.09176091,0.8181148
467,0.08857465,0.09092744,0.8204979
468,0.08704306,0.0902788,0.8226781
469,0.08125819,0.09043537,0.8283065
470,0.08258997,0.09294982,0.8244603
471,0.08360882,0.09211762,0.8242736
472,0.08396812,0.09159656,0.8244353
473,0.08377718,0.09122325,0.8249995
474,0.08322106,0.09085342,0.8259255
475,0.08244136,0.090514,0.8270446
476,0.08152359,0.09030135,0.8281751
477,0.08053514,0.09027972,0.8291851
478,0.0795408,0.0904736,0.8299856
479,0.07858169,0.0908676,0.8305507
480,0.07768848,0.09143735,0.8308741
481,0.1070773,0.09281334,0.8001093
482,0.09632289,0.09097076,0.8127064
483,0.09168717,0.09194228,0.8163705
484,0.0895298,0.09220972,0.8182605
485,0.08861679,0.09258191,0.8188013
486,0.08853854,0.0936171,0.8178443
487,0.08910443,0.09567837,0.8152172
488,0.09034836,0.09937597,0.8102757
489,0.09206104,0.1041436,0.8037953
490,0.09418271,0.1093682,0.7964491
491,0.09664149,0.1141009,0.7892575
492,0.09933887,0.1175344,0.7831268
493,0.1086431,0.1183007,0.7730563
494,0.1152326,0.1194722,0.7652953
495,0.1192601,0.1188809,0.7618591
496,0.1213009,0.1168381,0.7618609
497,0.1218206,0.1141121,0.7640672
498,0.1213294,0.1113289,0.7673417
499,0.1202769,0.1087972,0.7709259
500,0.1189158,0.1064738,0.7746105
501,0.1175356,0.104555,0.7779093
502,0.1162335,0.102955,0.7808115
503,0.1150448,0.1016133,0.7833419
504,0.1139695,0.1004736,0.7855569
505,0.111243,0.09950902,0.7892479
506,0.1059299,0.09708993,0.7969802
507,0.1032005,0.09648938,0.8003101
508,0.1017118,0.09646636,0.8018218
509,0.1009307,0.09672825,0.802341
510,0.100608,0.09720849,0.8021836
511,0.1006259,0.0979171,0.801457
512,0.1010511,0.09911204,0.7998368
513,0.101749,0.1005319,0.7977192
514,0.1026833,0.1021482,0.7951684
515,0.1038139,0.1038457,0.7923404
516,0.1050938,0.1054638,0.7894424
517,0.1077491,0.1054483,0.7868025
518,0.1139181,0.1082706,0.7778113
519,0.1170388,0.1084498,0.7745114
520,0.1185137,0.1076191,0.7738672
521,0.1188137,0.1059816,0.7752047
522,0.11836,0.1040518,0.7775881
523,0.1174874,0.1021783,0.7803342
524,0.1164306,0.1005051,0.7830644
525,0.1153331,0.0990856,0.7855813
526,0.114276,0.09791838,0.7878056
527,0.1132963,0.09698197,0.7897217
528,0.1124066,0.09625038,0.791343
529,0.1120132,0.09609351,0.7918933
530,0.1082168,0.09438548,0.7973977
531,0.1063678,0.09422709,0.799405
532,0.1054353,0.09457499,0.7999898
533,0.1050339,0.09522644,0.7997396
534,0.1049785,0.09611463,0.7989069
535,0.105178,0.09720901,0.797613
536,0.1055875,0.09850078,0.7959117
537,0.1061847,0.09997138,0.7938439
538,0.1069511,0.1015758,0.7914732
539,0.1078642,0.1032415,0.7888944
540,0.108893,0.1048734,0.7862335
541,0.1049474,0.1074492,0.7876033
542,0.1032396,0.1077285,0.7890319
543,0.1027729,0.1085397,0.7886875
544,0.103123,0.1096872,0.7871898
545,0.1040336,0.1109456,0.7850207
546,0.1053085,0.1120677,0.7826238
547,0.106779,0.1128516,0.7803695
548,0.1082924,0.1131627,0.7785449
549,0.1097052,0.1129728,0.7773221
550,0.1109066,0.1123344,0.776759
551,0.1118193,0.1113361,0.7768446
552,0.112405,0.1100789,0.777516
553,0.1110288,0.1079994,0.7809718
554,0.1109526,0.1068072,0.7822402
555,0.1106294,0.105222,0.7841487
556,0.1100953,0.1036374,0.7862672
557,0.1094106,0.1021338,0.7884557
558,0.10864,0.1007497,0.7906103
559,0.1078346,0.0995049,0.7926606
560,0.1070284,0.09840577,0.7945658
561,0.1062413,0.09744175,0.7963169
562,0.1054855,0.0966076,0.7979069
563,0.1047676,0.09589718,0.7993352
564,0.1040912,0.09530535,0.8006034
565,0.1081564,0.09575275,0.7960908
566,0.1105513,0.09612159,0.7933271
567,0.1113885,0.09551954,0.793092
568,0.1113085,0.09471277,0.7939787
569,0.1107465,0.09390379,0.7953498
570,0.1099659,0.09319642,0.7968377
571,0.1091189,0.09265149,0.7982296
572,0.1082858,0.09231284,0.7994013
573,0.1075428,0.09220006,0.8002572
574,0.1069056,0.09229593,0.8007985
575,0.1063823,0.09258757,0.8010301
576,0.1059772,0.09305982,0.800963
577,0.1085423,0.09580527,0.7956524
578,0.1090181,0.09599628,0.7949857
579,0.1094215,0.09683018,0.7937483
580,0.1097641,0.09777078,0.7924652
581,0.1101084,0.09876094,0.7911307
582,0.1104915,0.0997871,0.7897214
583,0.1109315,0.1008334,0.7882352
584,0.111438,0.1018283,0.7867337
585,0.1119945,0.1028222,0.7851832
586,0.1126017,0.1037852,0.7836131
587,0.1132505,0.1046841,0.7820654
588,0.1139259,0.1054873,0.7805868
589,0.117488,0.1064044,0.7761075
590,0.1178323,0.1067039,0.7754638
591,0.1184443,0.1071609,0.7743948
592,0.1190221,0.1074142,0.7735637
593,0.1195354,0.1075154,0.7729492
594,0.1199672,0.1074885,0.7725443
595,0.1203062,0.1073474,0.7723464
596,0.1205489,0.1071362,0.7723149
597,0.1206841,0.1068333,0.7724827
598,0.1207195,0.1064716,0.7728088
599,0.1206648,0.1060741,0.773261
600,0.1205321,0.1056598,0.7738082
601,0.1189958,0.1048432,0.776161
602,0.1203883,0.1052089,0.7744028
603,0.1206415,0.1045711,0.7747874
604,0.1203642,0.1037976,0.7758381
605,0.1197921,0.1029862,0.7772217
606,0.1190698,0.102209,0.7787212
607,0.1182919,0.1015193,0.7801888
608,0.1175128,0.100994,0.7814932
609,0.116769,0.1005851,0.7826459
610,0.1160752,0.1002999,0.7836249
611,0.1154378,0.1001351,0.7844271
612,0.1148594,0.1000847,0.785056
613,0.1130885,0.100236,0.7866755
614,0.1100196,0.0995368,0.7904436
615,0.1084813,0.09980769,0.791711
616,0.1077028,0.10046,0.7918372
617,0.107413,0.1014181,0.7911689
618,0.107477,0.1026354,0.7898877
619,0.1078161,0.1040585,0.7881254
620,0.1083734,0.1055642,0.7860624
621,0.1091143,0.1071589,0.7837268
622,0.1100005,0.1087373,0.7812622
623,0.1109905,0.1101976,0.7788119
624,0.1120384,0.1114528,0.7765087
625,0.1150851,0.1124827,0.7724322
626,0.1162069,0.1131525,0.7706406
627,0.1172471,0.1135934,0.7691594
628,0.1180674,0.113674,0.7682585
629,0.1186563,0.1134863,0.7678574
630,0.1190199,0.113107,0.7678731
631,0.1191724,0.1125973,0.7682304
632,0.1191228,0.1119413,0.768936
633,0.1189225,0.1112636,0.7698139
634,0.1185987,0.1105713,0.77083
635,0.1181813,0.1098851,0.7719336
636,0.1176978,0.1092248,0.7730774
637,0.1154292,0.1093895,0.7751813
638,0.1118084,0.1076999,0.7804917
639,0.1098128,0.1073538,0.7828334
640,0.1086608,0.1074536,0.7838857
641,0.1080501,0.107829,0.784121
642,0.1078201,0.108401,0.783779
643,0.1078761,0.1091149,0.7830089
644,0.1081729,0.1099919,0.7818353
645,0.1086725,0.1109065,0.780421
646,0.1093359,0.1117997,0.7788644
647,0.1101256,0.1126085,0.7772658
648,0.1110021,0.1132783,0.7757196
649,0.1167128,0.1128667,0.7704205
650,0.1211978,0.114238,0.7645641
651,0.1234829,0.1138826,0.7626345
652,0.1244347,0.1128679,0.7626974
653,0.1244469,0.111416,0.7641371
654,0.1238359,0.1098079,0.7663562
655,0.1228529,0.1082394,0.7689077
656,0.1216791,0.1067967,0.7715242
657,0.1204373,0.1055231,0.7740396
658,0.1192052,0.1044249,0.77637
659,0.1180265,0.1034951,0.7784784
660,0.1169236,0.1027229,0.7803535
661,0.1182719,0.102851,0.7788771
662,0.1164836,0.1017991,0.7817172
663,0.1154365,0.1015357,0.7830278
664,0.1147006,0.1014676,0.7838318
665,0.1141773,0.1015605,0.7842622
666,0.1138339,0.1018201,0.784346
667,0.113661,0.102251,0.7840881
668,0.1136594,0.1028818,0.7834588
669,0.1138327,0.1037069,0.7824604
670,0.1141816,0.1047172,0.7811012
671,0.1147004,0.1058797,0.77942
672,0.115375,0.1071387,0.7774863
673,0.110084,0.1071297,0.7827863
674,0.1130192,0.1093122,0.7776686
675,0.1144183,0.1102467,0.7753351
676,0.1155155,0.1110153,0.7734692
677,0.1163727,0.1113763,0.772251
678,0.1170132,0.1113505,0.7716363
679,0.1174541,0.1110399,0.771506
680,0.117722,0.1105885,0.7716894
681,0.1178171,0.109993,0.7721899
682,0.117767,0.1093331,0.7728999
683,0.1175975,0.1086523,0.7737501
684,0.1173362,0.1079815,0.7746823
685,0.1155005,0.1074895,0.7770099
686,0.1141519,0.1065819,0.7792662
687,0.1133321,0.106097,0.7805709
688,0.1128152,0.1058304,0.7813544
689,0.1124973,0.1057164,0.7817863
690,0.1123154,0.105707,0.7819777
691,0.1122296,0.1057671,0.7820033
692,0.1122068,0.1058279,0.7819653
693,0.1122308,0.1059256,0.7818435
694,0.1122922,0.1060422,0.7816657
695,0.1123831,0.1061667,0.7814502
696,0.1124968,0.1062904,0.7812128
697,0.1222833,0.1063131,0.7714036
698,0.1284975,0.1081369,0.7633656
699,0.130471,0.107533,0.761996
700,0.1304386,0.1061779,0.7633835
701,0.1292451,0.104289,0.7664659
702,0.1275045,0.1023125,0.770183
703,0.1255999,0.1005188,0.7738813
704,0.1237342,0.09899613,0.7772697
705,0.1219986,0.09777279,0.7802286
706,0.1204106,0.0968113,0.7827781
707,0.1189604,0.09606685,0.7849728
708,0.1176296,0.09549439,0.786876
709,0.1127051,0.09550051,0.7917944
710,0.1065001,0.09359156,0.7999083
711,0.1030966,0.09240457,0.8044988
712,0.1009682,0.09114584,0.8078859
713,0.09970538,0.08961254,0.8106821
714,0.09926058,0.08786647,0.8128729
715,0.0997242,0.08634856,0.8139272
716,0.101158,0.08613657,0.8127055
717,0.1034255,0.08860491,0.8079696
718,0.1062294,0.09491206,0.7988585
719,0.1092166,0.1047691,0.7860143
720,0.1122165,0.1158376,0.771946
721,0.1149527,0.1256092,0.7594381
722,0.1174258,0.1302206,0.7523537
723,0.1203306,0.1309215,0.7487479
724,0.123228,0.1295947,0.7471772
725,0.1257292,0.1275197,0.7467511
726,0.1275803,0.1252553,0.7471644
727,0.1286568,0.1229657,0.7483775
728,0.1289466,0.1206741,0.7503793
729,0.1285424,0.11841,0.7530476
730,0.1276098,0.1162252,0.7561651
731,0.1263424,0.1141747,0.7594828
732,0.1249171,0.1123041,0.7627788
733,0.1262072,0.1115568,0.7622361
734,0.1251953,0.109929,0.7648758
735,0.1241418,0.1086686,0.7671896
736,0.1230587,0.1075396,0.7694017
737,0.121988,0.1065288,0.7714832
738,0.1209514,0.1056374,0.7734112
739,0.1199595,0.1048653,0.7751752
740,0.1190159,0.1041962,0.7767879
741,0.1181461,0.1036677,0.7781863
742,0.117352,0.1032749,0.779373
743,0.1166433,0.1030278,0.7803289
744,0.1160331,0.1029418,0.7810251
745,0.1125153,0.1039092,0.7835755
746,0.109554,0.1032684,0.7871776
747,0.108004,0.1034961,0.7884999
748,0.1072548,0.1042458,0.7884994
749,0.1071241,0.1055473,0.7873286
750,0.1075172,0.1073851,0.7850977
751,0.1083651,0.1096549,0.78198
752,0.1096045,0.1121645,0.778231
753,0.1111518,0.1145852,0.774263
754,0.1129277,0.1166381,0.7704343
755,0.114838,0.1181196,0.7670423
756,0.1167773,0.1189557,0.764267
757,0.1267338,0.1184164,0.7548497
758,0.1342362,0.1196216,0.7461422
759,0.1378623,0.1184527,0.743685
760,0.1390272,0.1161875,0.7447854
761,0.1383981,0.1133229,0.748279
762,0.1365965,0.1103709,0.7530327
763,0.1341515,0.1076177,0.7582309
764,0.1314754,0.1052037,0.7633209
765,0.1288345,0.1031571,0.7680084
766,0.1263691,0.1014634,0.7721674
767,0.1241223,0.1000754,0.7758023
768,0.1220824,0.09893471,0.7789829
769,0.1192206,0.09721866,0.7835608
770,0.1148558,0.09573158,0.7894126
771,0.1122216,0.09492576,0.7928526
772,0.1102824,0.09412862,0.7955889
773,0.1087304,0.09318003,0.7980896
774,0.1075007,0.09200465,0.8004947
775,0.1066527,0.0905936,0.8027536
776,0.1063125,0.0891144,0.8045731
777,0.1066673,0.08803792,0.8052948
778,0.1078003,0.08809123,0.8041085
779,0.1096741,0.09023292,0.800093
780,0.1120856,0.0952313,0.7926831
781,0.1137454,0.09957469,0.7866799
782,0.1213762,0.1086754,0.7699484
783,0.1265438,0.1187415,0.7547148
784,0.130051,0.1247376,0.7452114
785,0.1323363,0.1258584,0.7418052
786,0.1337086,0.1242198,0.7420716
787,0.1342671,0.1216909,0.7440419
788,0.1341187,0.1191944,0.7466869
789,0.1333547,0.1168255,0.7498199
790,0.1321589,0.1146752,0.7531659
791,0.1307211,0.1127685,0.7565104
792,0.129206,0.1111158,0.7596782
793,0.1309939,0.1091085,0.7598976
794,0.1290361,0.1080464,0.7629176
795,0.1276372,0.1071519,0.7652109
796,0.1264241,0.1063267,0.7672492
797,0.1253405,0.1055996,0.7690598
798,0.1243615,0.104968,0.7706706
799,0.1234751,0.1044202,0.7721047
800,0.1226697,0.1039062,0.7734241
801,0.12196,0.1034844,0.7745556
802,0.1213618,0.1031598,0.7754784
803,0.1209032,0.1029566,0.7761403
804,0.1206211,0.1029242,0.7764548
805,0.1207374,0.1056574,0.7736052
806,0.1162376,0.1055478,0.7782146
807,0.113991,0.1047158,0.7812932
808,0.1133415,0.1041231,0.7825353
809,0.1140575,0.1047118,0.7812307
810,0.1158788,0.1072103,0.7769109
811,0.1184484,0.1118301,0.7697216
812,0.1214251,0.1181012,0.7604737
813,0.1244229,0.1242169,0.7513602
814,0.1273242,0.128701,0.7439749
815,0.1300397,0.1308871,0.7390732
816,0.132464,0.1310818,0.7364542
817,0.1282765,0.1304969,0.7412267
818,0.1315155,0.1289575,0.739527
819,0.1331972,0.1270921,0.7397106
820,0.1341794,0.1252985,0.7405221
821,0.1345421,0.1234881,0.7419697
822,0.1343505,0.1216689,0.7439805
823,0.1336981,0.119871,0.7464309
824,0.1326934,0.1181043,0.7492024
825,0.1314553,0.1164173,0.7521275
826,0.1300882,0.1148327,0.7550791
827,0.1286727,0.1133676,0.7579597
828,0.1272624,0.1120303,0.7607072
829,0.1309418,0.1110163,0.7580419
830,0.1329917,0.110842,0.7561663
831,0.1327649,0.109574,0.7576611
832,0.1316529,0.1081748,0.7601723
833,0.1301356,0.1067595,0.7631049
834,0.128454,0.1054093,0.7661366
835,0.1267315,0.1041745,0.769094
836,0.125029,0.1030275,0.7719435
837,0.1233977,0.1020387,0.7745636
838,0.1218375,0.1011739,0.7769886
839,0.1203613,0.1004116,0.7792271
840,0.1189951,0.09972982,0.7812751
841,0.1130774,0.09845991,0.7884626
842,0.1104317,0.09770998,0.7918583
843,0.1082439,0.0956586,0.7960975
844,0.1070077,0.09301281,0.7999795
845,0.1068752,0.09027167,0.8028532
846,0.1079064,0.088251,0.8038426
847,0.1099833,0.08818869,0.801828
848,0.1127636,0.09151181,0.7957246
849,0.1157574,0.09888515,0.7853575
850,0.1185674,0.1092538,0.7721788
851,0.1210951,0.1198707,0.7590343
852,0.1234884,0.1277763,0.7487352
853,0.1262027,0.131342,0.7424553
854,0.1290972,0.1317258,0.739177
855,0.1314404,0.1302642,0.7382954
856,0.1330838,0.1279806,0.7389356
857,0.1339748,0.1255279,0.7404972
858,0.1341228,0.1231463,0.7427309
859,0.133598,0.1208842,0.7455178
860,0.1325558,0.1188094,0.7486347
861,0.131149,0.1168609,0.7519901
862,0.1295632,0.1150935,0.7553433
863,0.1279421,0.1135278,0.7585302
864,0.1263759,0.1121631,0.761461
865,0.1280432,0.1107109,0.7612458
866,0.1260573,0.1096598,0.7642829
867,0.1246816,0.1088398,0.7664787
868,0.123485,0.1080452,0.7684699
869,0.1223905,0.1072965,0.7703129
870,0.1213882,0.1066056,0.7720062
871,0.1204854,0.105983,0.7735316
872,0.1196919,0.1054043,0.7749038
873,0.1190394,0.1049447,0.7760159
874,0.1185631,0.1046531,0.7767839
875,0.1183023,0.1046055,0.7770922
876,0.1182923,0.1048981,0.7768096
877,0.1098827,0.104336,0.7857813
878,0.1162485,0.1060083,0.7777432
879,0.1187602,0.1084994,0.7727404
880,0.1204747,0.1117623,0.767763
881,0.1216509,0.1146517,0.7636974
882,0.122487,0.11675,0.760763
883,0.1231143,0.1180558,0.75883
884,0.1236219,0.1188271,0.757551
885,0.1240469,0.1191839,0.7567692
886,0.1243831,0.1192618,0.756355
887,0.1246323,0.1191688,0.7561989
888,0.1247982,0.118979,0.7562228
889,0.1291921,0.1197508,0.7510572
890,0.1269455,0.1190933,0.7539611
891,0.1262587,0.1187364,0.7550048
892,0.1259861,0.1184644,0.7555494
893,0.1259244,0.1183704,0.7557051
894,0.125986,0.1184403,0.7555737
895,0.1261262,0.1186309,0.7552429
896,0.1262983,0.118832,0.7548697
897,0.1265166,0.119123,0.7543604
898,0.1267695,0.1194703,0.7537602
899,0.1270516,0.1198511,0.7530974
900,0.127357,0.1202456,0.7523974
901,0.1261267,0.1204057,0.7534676
902,0.1273424,0.1208938,0.7517638
903,0.1279359,0.1212588,0.7508053
904,0.1283542,0.1215695,0.7500764
905,0.1286613,0.1217671,0.7495716
906,0.1288867,0.1218546,0.7492586
907,0.1290486,0.1218535,0.7490979
908,0.1291675,0.1218172,0.7490152
909,0.1292151,0.1216727,0.7491121
910,0.1291984,0.1214496,0.749352
911,0.129122,0.1211667,0.7497113
912,0.1289916,0.1208401,0.7501683
913,0.1290944,0.1223994,0.7485061
914,0.1245179,0.1211376,0.7543445
915,0.1222158,0.1201001,0.7576842
916,0.1210063,0.1194231,0.7595706
917,0.1205217,0.1192656,0.7602127
918,0.1205719,0.1196471,0.7597811
919,0.1210309,0.1205043,0.7584648
920,0.1218103,0.1217578,0.7564319
921,0.1228214,0.1231593,0.7540193
922,0.1239792,0.1244847,0.7515361
923,0.1252082,0.1255409,0.7492509
924,0.1264383,0.1262083,0.7473534
925,0.1258718,0.1266409,0.7474872
926,0.1267462,0.1264383,0.7468154
927,0.1274339,0.125908,0.7466581
928,0.1280223,0.1252732,0.7467045
929,0.1284608,0.1245477,0.7469915
930,0.1287109,0.1237408,0.7475483
931,0.128754,0.1228675,0.7483785
932,0.1285956,0.1219718,0.7494327
933,0.1282539,0.1210288,0.7507173
934,0.1277514,0.120062,0.7521867
935,0.1271218,0.1190988,0.7537794
936,0.1264022,0.118164,0.7554338
937,0.1282181,0.1167429,0.755039
938,0.1283433,0.1162543,0.7554024
939,0.127929,0.1155224,0.7565486
940,0.127234,0.1147084,0.7580576
941,0.1263865,0.1138762,0.7597374
942,0.1254745,0.1130843,0.7614411
943,0.1245585,0.1123768,0.7630647
944,0.1236666,0.111712,0.7646214
945,0.1228362,0.1111858,0.765978
946,0.1220856,0.110795,0.7671194
947,0.1214318,0.1105461,0.7680221
948,0.1208894,0.110444,0.7686666
949,0.1214025,0.1106052,0.7679923
950,0.1216821,0.1108722,0.7674456
951,0.1218694,0.1113663,0.7667643
952,0.1220455,0.1119555,0.765999
953,0.1222445,0.1125779,0.7651777
954,0.1224896,0.1132137,0.7642967
955,0.1227921,0.1138538,0.7633541
956,0.1231715,0.114591,0.7622374
957,0.1235916,0.1152666,0.7611418
958,0.1240466,0.1158819,0.7600715
959,0.1245188,0.1164178,0.7590634
960,0.1249894,0.116856,0.7581546
961,0.1271866,0.1168584,0.755955
962,0.128636,0.1173133,0.7540507
963,0.1295542,0.1176019,0.7528439
964,0.1300364,0.1175325,0.7524312
965,0.1301766,0.1171537,0.7526697
966,0.13006,0.1165814,0.7533587
967,0.129755,0.1159141,0.7543309
968,0.1293014,0.1151495,0.7555492
969,0.1287713,0.1144449,0.7567838
970,0.1281975,0.1138038,0.7579987
971,0.1276128,0.1132379,0.7591493
972,0.1270431,0.1127554,0.7602015
973,0.1278198,0.1108955,0.7612846
974,0.1312789,0.1116799,0.7570413
975,0.1322978,0.1119273,0.7557749
976,0.1323427,0.1118356,0.7558216
977,0.1317337,0.1112788,0.7569875
978,0.1307532,0.1104346,0.7588122
979,0.1295987,0.1094817,0.7609196
980,0.1284011,0.1086308,0.7629682
981,0.1272144,0.1078187,0.7649669
982,0.12608,0.1070822,0.7668379
983,0.1250223,0.1064265,0.7685513
984,0.1240632,0.1058473,0.7700894
985,0.1270376,0.108638,0.7643245
986,0.119061,0.1074521,0.773487
987,0.1142948,0.1046795,0.7810256
988,0.1116119,0.1010076,0.7873805
989,0.1107529,0.09709037,0.7921568
990,0.111675,0.09393084,0.7943941
991,0.1141991,0.09309854,0.7927024
992,0.1178188,0.09641594,0.7857652
993,0.1217448,0.1045939,0.7736613
994,0.125347,0.1160472,0.7586059
995,0.1284666,0.1271569,0.7443766
996,0.131323,0.1345579,0.7341191
997,0.1307467,0.1322792,0.7369742
998,0.1420764,0.133395,0.7245285
999,0.147706,0.1328126,0.7194813
1000,0.1498332,0.1301672,0.7199996
1001,0.1494478,0.1266249,0.7239273
1002,0.1473416,0.1229489,0.7297095
1003,0.1442232,0.1194301,0.7363467
1004,0.1407529,0.1162069,0.7430402
1005,0.1374138,0.1134231,0.7491632
1006,0.134379,0.1110301,0.7545909
1007,0.1316232,0.1089142,0.7594625
1008,0.1290398,0.1069405,0.7640197
1009,0.1261388,0.1054633,0.7683979
1010,0.1202305,0.1024445,0.777325
1011,0.1161684,0.09941761,0.7844141
1012,0.112475,0.09525565,0.7922694
1013,0.1088465,0.08905846,0.8020951
1014,0.1054198,0.07931472,0.8152655
1015,0.1027519,0.06325046,0.8339976
1016,0.1019759,0.03616126,0.8618628
1017,0.1041055,1.053515E-21,0.8958945
1018,0.08959974,0.1908283,0.7195719
1019,0.07758153,0.2174286,0.7049899
1020,0.07716358,0.2663212,0.6565152
1021,0.1121074,0.06105866,0.826834
1022,0.09151236,0.2659915,0.6424961
1023,0.125949,0.1019292,0.7721217
1024,0.1107294,0.2444486,0.6448219
1025,0.119043,0.2385909,0.6423661
1026,0.126622,0.2098123,0.6635658
1027,0.1349047,0.1753545,0.6897409
1028,0.1409425,0.1516071,0.7074504
1029,0.1443949,0.1397586,0.7158465
1030,0.1461507,0.1338885,0.7199608
1031,0.1467771,0.130257,0.7229659
1032,0.1464294,0.127392,0.7261786
1033,0.1448457,0.1245386,0.7306157
1034,0.1407211,0.1213128,0.737966
1035,0.1368575,0.1185395,0.7446029
1036,0.1331279,0.1159818,0.7508903
1037,0.1296964,0.1137033,0.7566003
1038,0.1266593,0.1116908,0.7616498
1039,0.1240306,0.1099125,0.7660569
1040,0.1217754,0.1083095,0.7699152
1041,0.1198512,0.1068232,0.7733256
1042,0.1182381,0.1053852,0.7763767
1043,0.1169617,0.1040713,0.778967
1044,0.1160598,0.102947,0.7809932
1045,0.1195311,0.09976354,0.7807053
1046,0.1239755,0.09994294,0.7760815
1047,0.1275183,0.1038019,0.7686799
1048,0.1300247,0.1086891,0.7612863
1049,0.1312506,0.1126299,0.7561194
1050,0.1315985,0.1151391,0.7532624
1051,0.1314651,0.116423,0.752112
1052,0.1310482,0.1167064,0.7522454
1053,0.1305136,0.1165198,0.7529665
1054,0.1299029,0.1160672,0.7540299
1055,0.1292519,0.1154939,0.7552542
1056,0.1285858,0.1148825,0.7565317
1057,0.1253003,0.1179253,0.7567743
1058,0.1198295,0.116987,0.7631835
1059,0.1155096,0.1140012,0.7704892
1060,0.11292,0.1106589,0.7764211
1061,0.1118169,0.1075497,0.7806334
1062,0.1120136,0.1052237,0.7827626
1063,0.1133232,0.1044248,0.782252
1064,0.115484,0.106088,0.778428
1065,0.1180924,0.1106636,0.771244
1066,0.1207775,0.1176587,0.7615638
1067,0.1233388,0.1254705,0.7511907
1068,0.1257754,0.132055,0.7421697
1069,0.1260094,0.1337574,0.7402331
1070,0.1328436,0.1353502,0.7318062
1071,0.1371499,0.1357446,0.7271054
1072,0.1398163,0.1345189,0.7256649
1073,0.1412313,0.1324703,0.7262985
1074,0.1416638,0.1302772,0.7280589
1075,0.1412828,0.1281602,0.7305569
1076,0.1402426,0.1261547,0.7336028
1077,0.1386921,0.1241918,0.7371162
1078,0.1368132,0.1222864,0.7409003
1079,0.1347733,0.1204596,0.7447671
1080,0.1326986,0.1187254,0.748576
1081,0.1301254,0.1160771,0.7537975
1082,0.1260219,0.1142775,0.7597007
1083,0.1231946,0.1125256,0.7642798
1084,0.1209612,0.110719,0.7683198
1085,0.1191466,0.1088914,0.7719621
1086,0.1177238,0.1070899,0.7751862
1087,0.1167298,0.1053944,0.7778758
1088,0.1162262,0.1039564,0.7798175
1089,0.1162704,0.1030566,0.7806729
1090,0.1168861,0.1030824,0.7800314
1091,0.1180282,0.1044522,0.7775195
1092,0.1195796,0.1074601,0.7729603
1093,0.1235644,0.1109045,0.765531
1094,0.1272977,0.1162246,0.7564777
1095,0.1308858,0.123151,0.7459632
1096,0.1335039,0.1284341,0.7380621
1097,0.1352977,0.1309961,0.7337062
1098,0.1365044,0.1313377,0.7321579
1099,0.1372399,0.1304092,0.732351
1100,0.1375075,0.1288257,0.7336668
1101,0.1374075,0.1271365,0.735456
1102,0.1369639,0.1254588,0.7375773
1103,0.1362423,0.1238432,0.7399145
1104,0.1353162,0.1223118,0.742372
1105,0.1373506,0.1205069,0.7421424
1106,0.1356281,0.119266,0.7451059
1107,0.1344026,0.1181687,0.7474287
1108,0.1332399,0.1170883,0.7496717
1109,0.132127,0.1160819,0.7517911
1110,0.131088,0.1151795,0.7537324
1111,0.1301474,0.1143955,0.7554572
1112,0.1293641,0.1139065,0.7567294
1113,0.1286959,0.1135132,0.757791
1114,0.1281782,0.1132666,0.7585552
1115,0.1278274,0.1131914,0.7589812
1116,0.1276593,0.1133128,0.7590278
1117,0.1192056,0.1131858,0.7676085
1118,0.1208714,0.1138973,0.7652313
1119,0.1207625,0.1137866,0.765451
1120,0.1209503,0.1141516,0.7648981
1121,0.1215862,0.1152459,0.7631679
1122,0.1225872,0.1170756,0.7603372
