EwEVersion,"6.5.13829.0 (compiled 2016-05-17)"
Date,"2016-09-06 16:27:28"
ModelName,Baltic_Proper-SEALS
EcosimScenario,Proper1_SealVuln100_19742100_seal0_cofF03
TimeSeries,new_data_weights_19742100_BAU_WAR1_codF03_seal100
StartYear,1974

Data,"Prey of other mesozooplankton"

Year,"Cyanobacteria","Phytoplankton","microzooplankton","Detritus-water column",
1974,0.03649267,0.5806752,0.1958945,0.1869377
1975,0.03635168,0.5671502,0.2066352,0.1898629
1976,0.02914449,0.6056961,0.2095613,0.1555981
1977,0.03005741,0.5891146,0.2158167,0.1650113
1978,0.03196875,0.5736141,0.2177006,0.1767166
1979,0.0330761,0.567251,0.2162923,0.1833806
1980,0.02882246,0.5944265,0.214779,0.1619721
1981,0.02824331,0.5914983,0.2185905,0.161668
1982,0.02692428,0.5966222,0.2204462,0.1560074
1983,0.02914465,0.5810052,0.2191662,0.170684
1984,0.02868672,0.5848997,0.2183591,0.1680544
1985,0.03506641,0.5298692,0.2347607,0.2003037
1986,0.02949083,0.584044,0.2169735,0.1694917
1987,0.04917738,0.4345745,0.2428525,0.2733957
1988,0.04384027,0.5060714,0.2105703,0.239518
1989,0.03979114,0.5386211,0.202906,0.2186817
1990,0.03716825,0.5516676,0.2080467,0.2031175
1991,0.04653772,0.4871058,0.2179083,0.2484481
1992,0.03923577,0.5498753,0.2013771,0.2095118
1993,0.03975671,0.5385249,0.2095627,0.2121557
1994,0.0365204,0.5563353,0.2127607,0.1943835
1995,0.03505912,0.5676062,0.2079501,0.1893846
1996,0.04322832,0.5043973,0.2234515,0.2289228
1997,0.04793673,0.4886291,0.2130662,0.250368
1998,0.03968702,0.5503253,0.2006407,0.2093468
1999,0.03154808,0.5938374,0.2040396,0.1705749
2000,0.0437313,0.4978468,0.2252807,0.2331412
2001,0.04551309,0.5046969,0.2107985,0.2389916
2002,0.04657169,0.5036475,0.2064738,0.243307
2003,0.0326452,0.5859036,0.2088401,0.172611
2004,0.04199323,0.5101971,0.2258475,0.2219622
2005,0.04546191,0.5010341,0.2168444,0.2366596
2006,0.04645843,0.5040806,0.2082493,0.2412117
2007,0.04946559,0.4891993,0.2065867,0.2547485
2008,0.03850866,0.5606071,0.2006976,0.2001866
2009,0.03767578,0.5549362,0.209668,0.1977201
2010,0.0461736,0.4921906,0.2243219,0.237314
2011,0.04836749,0.4873522,0.2188804,0.2453998
2012,0.04791241,0.5032195,0.2037188,0.2451493
2013,0.03595716,0.5738459,0.2033359,0.1868609
2014,0.04557739,0.5021217,0.2159679,0.236333
2015,0.04032913,0.5487408,0.2012107,0.2097195
2016,0.04811944,0.4959341,0.2069595,0.248987
2017,0.03964497,0.5557941,0.1985377,0.2060233
2018,0.04420503,0.5203994,0.205216,0.2301795
2019,0.05117545,0.4806868,0.2061208,0.262017
2020,0.05150116,0.4883999,0.1978427,0.2622562
2021,0.04489848,0.5296276,0.1954176,0.2300563
2022,0.04308349,0.5346549,0.2004741,0.2217875
2023,0.0433999,0.5317986,0.2010418,0.2237597
2024,0.03980537,0.5540865,0.199329,0.2067791
2025,0.04386668,0.5231932,0.2056798,0.2272603
2026,0.04414854,0.5255665,0.2025111,0.2277739
2027,0.05091199,0.484262,0.2049197,0.2599064
2028,0.04379113,0.5349708,0.197071,0.2241671
2029,0.04452357,0.5251612,0.2015781,0.2287371
2030,0.04186918,0.5409368,0.2018908,0.2153032
2031,0.0435934,0.5287583,0.2030063,0.2246419
2032,0.03185358,0.6015236,0.1983078,0.168315
2033,0.03744963,0.5491655,0.2138173,0.1995676
2034,0.03963146,0.542159,0.208272,0.2099376
2035,0.04001859,0.544629,0.2028499,0.2125024
2036,0.0445678,0.5133634,0.2084249,0.2336439
2037,0.03430106,0.5844253,0.1988307,0.182443
2038,0.03676583,0.5565839,0.2094783,0.1971719
2039,0.03220299,0.5866383,0.2070849,0.1740739
2040,0.03168024,0.5858867,0.2079079,0.1745252
2041,0.03676907,0.5473017,0.2149069,0.2010222
2042,0.03744606,0.5518766,0.2068839,0.2037933
2043,0.03176541,0.5895399,0.2037325,0.1749621
2044,0.03394239,0.5640588,0.2151129,0.1868859
2045,0.0339218,0.5692507,0.209804,0.1870235
2046,0.03410926,0.5684261,0.2088645,0.1886002
2047,0.03076583,0.587514,0.2108241,0.1708961
2048,0.03176901,0.5774812,0.2128197,0.1779301
2049,0.03138087,0.5805702,0.2116821,0.1763669
2050,0.03623492,0.5466085,0.2152875,0.2018691
2051,0.03774983,0.5444828,0.2099718,0.2077956
2052,0.03607973,0.5590302,0.2069029,0.1979872
2053,0.03486226,0.564987,0.2090818,0.1910689
2054,0.03313483,0.5760842,0.2082609,0.1825202
2055,0.0279504,0.6073422,0.2076585,0.1570489
2056,0.03362123,0.5584154,0.2190415,0.1889218
2057,0.02665126,0.6138688,0.2071567,0.1523233
2058,0.02905739,0.5840981,0.2185912,0.1682534
2059,0.03102415,0.5706905,0.2202391,0.1780463
2060,0.03385337,0.5601636,0.2120254,0.1939577
2061,0.02777441,0.6022521,0.2102354,0.1597382
2062,0.03291793,0.5577099,0.2207469,0.1886253
2063,0.03027934,0.585373,0.2110069,0.1733407
2064,0.0319474,0.5703254,0.2149214,0.1828058
2065,0.02968145,0.5875508,0.2129195,0.1698483
2066,0.02918592,0.5895752,0.2126434,0.1685956
2067,0.03035128,0.5782924,0.2164203,0.174936
2068,0.03136177,0.5739478,0.2143826,0.1803078
2069,0.0309185,0.5791838,0.2121748,0.1777229
2070,0.03119467,0.5763779,0.2134738,0.1789536
2071,0.03184818,0.5729426,0.2130853,0.1821239
2072,0.03137506,0.5770487,0.2125221,0.1790542
2073,0.0314672,0.5758064,0.2133955,0.1793309
2074,0.03014767,0.5846221,0.2130806,0.1721496
2075,0.02703067,0.6040501,0.2123715,0.1565477
2076,0.02641688,0.6012093,0.2172729,0.1551009
2077,0.02767931,0.5904715,0.218262,0.1635872
2078,0.02544282,0.6074347,0.2149992,0.1521233
2079,0.03192394,0.5511441,0.2289597,0.1879722
2080,0.03195242,0.568036,0.213478,0.1865336
2081,0.02780594,0.5984641,0.210217,0.163513
2082,0.02658886,0.5997681,0.215977,0.1576661
2083,0.02888197,0.5824137,0.2170662,0.1716381
2084,0.0263477,0.6030815,0.2130663,0.1575044
2085,0.02788379,0.5866252,0.218376,0.167115
2086,0.02788827,0.5890325,0.2162889,0.1667904
2087,0.02451546,0.6126814,0.2143285,0.1484746
2088,0.02713004,0.5817226,0.2274912,0.1636562
2089,0.02495961,0.6067556,0.2160686,0.1522161
2090,0.02263899,0.6158126,0.2212951,0.1402534
2091,0.02193568,0.6075162,0.2332571,0.1372911
2092,0.02399137,0.5995748,0.2230281,0.1534058
2093,0.0256285,0.5784257,0.2356728,0.1602731
2094,0.02387309,0.6080434,0.2162179,0.1518656
2095,0.0292337,0.551145,0.2394568,0.1801645
2096,0.02974137,0.572841,0.2149973,0.1824203
2097,0.02568451,0.6034804,0.2129958,0.1578393
2098,0.0304897,0.5576029,0.2282346,0.1836727
