EwEVersion,"6.5.13829.0 (compiled 2016-05-17)"
Date,"2016-09-06 16:27:29"
ModelName,Baltic_Proper-SEALS
EcosimScenario,Proper1_SealVuln100_19742100_seal0_cofF03
TimeSeries,new_data_weights_19742100_BAU_WAR1_codF03_seal100
StartYear,1974

Data,"Prey of microzooplankton"

TimeStep,"Cyanobacteria","Phytoplankton","Detritus-water column",
1,0.0008785255,0.5158164,0.483305
2,0.0008198718,0.5461308,0.4530492
3,0.0007911188,0.559675,0.4395338
4,0.0007766322,0.5654634,0.4337601
5,0.0007692976,0.567544,0.4316868
6,0.0007655741,0.5678974,0.431337
7,0.0007636457,0.5675094,0.431727
8,0.0007625802,0.5668615,0.4323759
9,0.0007619071,0.5661771,0.433061
10,0.0007613972,0.5655503,0.4336883
11,0.0007609448,0.5650129,0.4342261
12,0.0007605043,0.5645697,0.4346699
13,0.0007726948,0.5569893,0.442238
14,0.0007796324,0.5525924,0.446628
15,0.0007832795,0.5502692,0.4489475
16,0.0007850192,0.5491337,0.4500813
17,0.0007856891,0.5486611,0.4505533
18,0.0007857836,0.5485436,0.4506706
19,0.000785586,0.5486045,0.45061
20,0.0007852534,0.5487427,0.450472
21,0.0007848715,0.5488992,0.4503158
22,0.0007844871,0.5490368,0.4501787
23,0.0007841254,0.54913,0.4500859
24,0.0007838001,0.5491609,0.4500553
25,0.0007128019,0.5897602,0.4095269
26,0.0006786227,0.6086188,0.3907026
27,0.0006622651,0.6165195,0.3828183
28,0.0006541656,0.6195205,0.3798253
29,0.0006501476,0.6201602,0.3791896
30,0.0006481193,0.6197114,0.3796404
31,0.000647025,0.6188141,0.3805389
32,0.0006463414,0.6177795,0.3815741
33,0.0006458191,0.6167487,0.3826056
34,0.0006453432,0.6157827,0.3835718
35,0.0006448679,0.6149006,0.3844545
36,0.0006443789,0.6141027,0.3852529
37,0.0006596079,0.6041189,0.3952215
38,0.0006681603,0.598319,0.4010129
39,0.0006726587,0.5951244,0.404203
40,0.0006748311,0.593407,0.4059182
41,0.0006757188,0.5924978,0.4068265
42,0.0006759249,0.5920126,0.4073115
43,0.0006757871,0.5917385,0.4075857
44,0.0006754882,0.5915614,0.4077632
45,0.0006751236,0.591422,0.4079029
46,0.0006747453,0.591285,0.4080402
47,0.0006743786,0.5911317,0.408194
48,0.0006740356,0.5909511,0.4083749
49,0.0006902048,0.5809171,0.4183927
50,0.0006995351,0.5751518,0.4241487
51,0.0007046559,0.5720504,0.427245
52,0.0007073484,0.5704288,0.4288639
53,0.0007086945,0.5695849,0.4297064
54,0.0007093267,0.5691155,0.4301751
55,0.0007096,0.5688021,0.4304883
56,0.0007097046,0.5685337,0.4307567
57,0.0007097368,0.5682601,0.4310302
58,0.0007097392,0.5679686,0.4313217
59,0.0007097299,0.5676601,0.4316301
60,0.0007097147,0.5673423,0.431948
61,0.0007164613,0.5632625,0.436021
62,0.0007203277,0.5610325,0.4382472
63,0.0007226323,0.5596789,0.4395985
64,0.0007239576,0.5588757,0.4404004
65,0.0007247046,0.5583827,0.4408926
66,0.0007251186,0.5580565,0.4412184
67,0.0007253435,0.5578166,0.4414581
68,0.0007254618,0.5576205,0.4416541
69,0.0007255198,0.5574479,0.4418266
70,0.000725545,0.5572874,0.4419871
71,0.0007255507,0.5571351,0.4421394
72,0.0007255446,0.5569903,0.4422842
73,0.0006834583,0.5824491,0.4168674
74,0.0006619956,0.5949562,0.4043818
75,0.0006510922,0.600673,0.3986759
76,0.0006455063,0.6030594,0.3962951
77,0.0006426264,0.6038129,0.3955446
78,0.0006411021,0.6038029,0.395556
79,0.0006402352,0.6034724,0.3958874
80,0.0006396709,0.6030402,0.3963201
81,0.0006392344,0.6026087,0.3967521
82,0.0006388442,0.6022215,0.3971396
83,0.0006384642,0.6018935,0.397468
84,0.0006380806,0.6016265,0.3977354
85,0.0006383589,0.6006067,0.3987549
86,0.0006383623,0.5997743,0.3995873
87,0.0006379871,0.5993913,0.3999707
88,0.000637499,0.5992,0.4001625
89,0.0006369814,0.5991188,0.4002442
90,0.0006364624,0.5991138,0.4002497
91,0.0006359488,0.599169,0.4001951
92,0.0006354408,0.5992742,0.4000904
93,0.000634937,0.5994204,0.3999447
94,0.0006344387,0.5995958,0.3997697
95,0.0006339511,0.5997854,0.3995806
96,0.0006334829,0.5999701,0.3993964
97,0.0006227616,0.6064318,0.3929455
98,0.0006168393,0.6097195,0.3896638
99,0.0006135149,0.6112986,0.3880879
100,0.0006116547,0.6119035,0.3874849
101,0.0006106101,0.6119584,0.3874309
102,0.0006100218,0.6116985,0.3876915
103,0.0006096922,0.6112547,0.3881356
104,0.0006095131,0.6107025,0.3886879
105,0.000609424,0.6100881,0.3893025
106,0.0006093886,0.6094444,0.3899462
107,0.0006093818,0.6087967,0.3905939
108,0.0006093866,0.6081648,0.3912258
109,0.0006286779,0.5952079,0.4041634
110,0.0006399935,0.5875786,0.4117814
111,0.0006462695,0.5834679,0.4158858
112,0.0006496438,0.5813385,0.4180119
113,0.0006513968,0.5802957,0.419053
114,0.0006522773,0.5798237,0.419524
115,0.0006527056,0.579637,0.4197103
116,0.0006529087,0.5795842,0.4197629
117,0.0006530037,0.579589,0.419758
118,0.0006530486,0.5796158,0.4197312
119,0.000653072,0.5796481,0.4196989
120,0.0006530865,0.579679,0.419668
121,0.0006465263,0.5839973,0.4153562
122,0.000642908,0.5863689,0.4129882
123,0.0006410362,0.5874959,0.4118631
124,0.0006400722,0.5879971,0.4113629
125,0.000639583,0.5881769,0.4111835
126,0.0006393338,0.5881987,0.4111618
127,0.0006391992,0.5881489,0.4112118
128,0.0006391154,0.588071,0.4112898
129,0.0006390518,0.5879853,0.4113756
130,0.000638994,0.5879009,0.4114601
131,0.0006389362,0.587821,0.4115402
132,0.0006388758,0.5877467,0.4116144
133,0.0006936348,0.5539035,0.4454028
134,0.0007288627,0.5336701,0.4656011
135,0.0007507709,0.5221894,0.4770598
136,0.0007637936,0.5164051,0.4828311
137,0.000771332,0.5139413,0.4852873
138,0.0007756632,0.5132437,0.4859806
139,0.0007782071,0.5133716,0.4858502
140,0.0007798017,0.513792,0.4854282
141,0.000780919,0.514224,0.4849951
142,0.0007818191,0.5145273,0.4846909
143,0.0007826358,0.5146451,0.4845723
144,0.0007834333,0.5145659,0.4846506
145,0.0007134796,0.5573162,0.4419704
146,0.0006796735,0.5767962,0.4225241
147,0.0006628307,0.5853825,0.4139547
148,0.0006542469,0.588886,0.4104598
149,0.000649803,0.5900308,0.4093193
150,0.0006474481,0.5901346,0.409218
151,0.000646146,0.589825,0.4095289
152,0.0006453753,0.5893884,0.4099663
153,0.000644874,0.5889467,0.4104084
154,0.0006445107,0.5885469,0.4108086
155,0.0006442193,0.5882028,0.4111529
156,0.000643966,0.5879158,0.4114402
157,0.0007674717,0.5102121,0.4890205
158,0.0008618384,0.4529794,0.5461587
159,0.0009292632,0.4148309,0.5842398
160,0.0009752012,0.3913346,0.6076903
161,0.001005398,0.3780966,0.620898
162,0.001024707,0.3715591,0.6274162
163,0.001036843,0.3691057,0.6298574
164,0.001044451,0.3689415,0.6300141
165,0.001049305,0.3699113,0.6290394
166,0.001052532,0.3713154,0.627632
167,0.001054822,0.3727529,0.6261922
168,0.001056582,0.3740118,0.6249317
169,0.0009734679,0.4240737,0.5749528
170,0.0009275723,0.450286,0.5487865
171,0.0009042085,0.4613762,0.5377195
172,0.0008911829,0.4663131,0.5327957
173,0.0008836554,0.4685968,0.5305195
174,0.0008793158,0.4696119,0.5295088
175,0.0008768507,0.4700748,0.5290483
176,0.0008755011,0.470335,0.5287895
177,0.000874826,0.4705457,0.5285795
178,0.0008745682,0.4707634,0.5283619
179,0.0008745721,0.471004,0.5281214
180,0.0008747407,0.4712694,0.5278558
181,0.0008495058,0.4864937,0.5126568
182,0.0008350877,0.495039,0.5041259
183,0.0008270712,0.4996828,0.4994902
184,0.0008227375,0.5021558,0.4970213
185,0.0008204883,0.5034615,0.495718
186,0.0008193944,0.5041706,0.49501
187,0.0008189224,0.5046008,0.4945803
188,0.0008187724,0.5049236,0.4942576
189,0.0008187791,0.505229,0.4939521
190,0.000818855,0.5055606,0.4936206
191,0.0008189544,0.5059379,0.4932432
192,0.0008190551,0.5063689,0.4928121
193,0.0008038519,0.5157564,0.4834398
194,0.0007951642,0.5211168,0.478088
195,0.0007902748,0.5241803,0.4750294
196,0.0007875799,0.5259527,0.4732597
197,0.0007861233,0.5270245,0.4721894
198,0.0007853495,0.5277284,0.4714863
199,0.0007849427,0.5282437,0.4709713
200,0.0007847291,0.5286614,0.4705539
201,0.0007846173,0.529022,0.4701933
202,0.0007845624,0.5293388,0.4698767
203,0.0007845444,0.5296121,0.4696034
204,0.0007845556,0.5298378,0.4693777
205,0.0008512291,0.4908803,0.5082684
206,0.0008961976,0.4656861,0.5334177
207,0.0009251073,0.4506869,0.548388
208,0.000942972,0.4424432,0.5566139
209,0.0009536665,0.4383642,0.5606822
210,0.000959943,0.4366603,0.5623798
211,0.000963629,0.4361841,0.5628522
212,0.0009658686,0.4362495,0.5627847
213,0.0009673382,0.4364785,0.5625542
214,0.0009684067,0.4367016,0.56233
215,0.0009692678,0.4368592,0.5621716
216,0.0009700164,0.4369494,0.5620806
217,0.0008918723,0.4819497,0.5171584
218,0.0008505007,0.5048288,0.4943208
219,0.0008288736,0.5159796,0.4831914
220,0.000817567,0.5212066,0.4779758
221,0.0008117431,0.5234464,0.4757419
222,0.0008088225,0.5242285,0.4749627
223,0.0008074143,0.5243458,0.4748468
224,0.000806773,0.5241988,0.4749945
225,0.0008065053,0.5239801,0.4752134
226,0.0008064091,0.5237755,0.4754181
227,0.0008063846,0.5236176,0.475576
228,0.000806385,0.5235143,0.4756792
229,0.0008198186,0.5159936,0.4831866
230,0.0008279664,0.5117719,0.4874001
231,0.0008328645,0.5094802,0.4896869
232,0.0008357364,0.5083713,0.4907929
233,0.0008373962,0.5079473,0.4912154
234,0.0008383552,0.5078993,0.4912623
235,0.0008389219,0.5080448,0.4911163
236,0.0008392759,0.5082788,0.490882
237,0.0008395182,0.5085427,0.4906178
238,0.0008397034,0.508804,0.4903563
239,0.0008398598,0.5090445,0.4901156
240,0.0008400005,0.5092545,0.4899056
241,0.0008125991,0.5257419,0.4734456
242,0.0007975002,0.5347655,0.464437
243,0.0007896522,0.5391374,0.460073
244,0.0007856179,0.541129,0.4580854
245,0.0007835945,0.5418913,0.4573251
246,0.0007826001,0.5420455,0.4571719
247,0.0007821071,0.5419233,0.4572946
248,0.0007818404,0.5416958,0.4575223
249,0.0007816642,0.5414472,0.4577711
250,0.000781518,0.5412115,0.458007
251,0.0007813769,0.5410004,0.4582182
252,0.0007812337,0.5408152,0.4584036
253,0.0007698615,0.5463727,0.4528574
254,0.0007632275,0.549107,0.4501297
255,0.0007590745,0.5506487,0.4485922
256,0.0007565281,0.5514033,0.4478401
257,0.000754958,0.5517081,0.447537
258,0.000753968,0.5517735,0.4474725
259,0.0007533192,0.551722,0.4475246
260,0.0007528702,0.5516215,0.4476256
261,0.0007525383,0.5515076,0.4477398
262,0.000752276,0.551398,0.4478497
263,0.0007520564,0.5513005,0.4479474
264,0.000751864,0.5512173,0.4480309
265,0.0008157635,0.5144917,0.4846925
266,0.000858114,0.4915911,0.5075507
267,0.0008851183,0.4781291,0.5209857
268,0.0009016037,0.4709554,0.528143
269,0.0009113509,0.4676099,0.5314788
270,0.0009170097,0.4664061,0.5326768
271,0.0009203081,0.4662723,0.5328074
272,0.0009223093,0.4665668,0.5325109
273,0.0009236322,0.4669297,0.5321466
274,0.000924614,0.4671839,0.5318914
275,0.0009254243,0.4672603,0.5318142
276,0.0009261361,0.4671578,0.5319161
277,0.0009447123,0.4563393,0.5427159
278,0.0009565561,0.449394,0.5496495
279,0.000963709,0.4453583,0.5536779
280,0.0009678951,0.4431429,0.5558891
281,0.0009702783,0.4420236,0.5570061
282,0.0009716124,0.441537,0.5574914
283,0.0009723649,0.4413992,0.5576283
284,0.0009728149,0.441444,0.5575832
285,0.0009731212,0.4415789,0.557448
286,0.0009733702,0.4417544,0.5572722
287,0.0009736052,0.4419461,0.5570802
288,0.0009738457,0.4421433,0.5568829
289,0.000899617,0.4841149,0.5149855
290,0.0008598766,0.5056534,0.4934869
291,0.0008388259,0.5162773,0.4828839
292,0.0008276436,0.5213273,0.477845
293,0.0008217465,0.5235375,0.4756408
294,0.0008186745,0.5243416,0.4748397
295,0.0008170918,0.524491,0.474692
296,0.0008162764,0.5243708,0.4748129
297,0.0008158438,0.524171,0.4750132
298,0.0008155957,0.5239769,0.4752074
299,0.0008154332,0.5238228,0.4753618
300,0.0008153087,0.5237178,0.4754669
301,0.0007498086,0.5611991,0.4380511
302,0.0007170184,0.5790964,0.4201865
303,0.0007002751,0.587409,0.4118907
304,0.000691598,0.5910391,0.4082693
305,0.0006870587,0.5923688,0.4069442
306,0.0006846352,0.5926041,0.4067112
307,0.000683275,0.5923572,0.4069596
308,0.0006824359,0.5919302,0.4073873
309,0.0006818448,0.5914647,0.4078534
310,0.0006813673,0.5910231,0.4082955
311,0.000680942,0.5906262,0.4086928
312,0.0006805431,0.5902761,0.4090434
313,0.0007729144,0.5352421,0.4639851
314,0.0008380219,0.4977277,0.5014343
315,0.0008808968,0.4746875,0.5244317
316,0.0009076464,0.4617954,0.5372969
317,0.0009235946,0.4554147,0.5436617
318,0.0009327668,0.4528743,0.5461929
319,0.0009379311,0.452389,0.5466731
320,0.0009408511,0.4528503,0.5462089
321,0.000942581,0.4536107,0.5454468
322,0.0009437047,0.4543315,0.5447249
323,0.0009445259,0.4548566,0.5441989
324,0.0009451889,0.4551399,0.543915
325,0.0009375189,0.4597113,0.5393512
326,0.000932967,0.4621345,0.5369325
327,0.000930267,0.463371,0.5356987
328,0.0009286982,0.4639146,0.5351566
329,0.0009277983,0.4640981,0.5349741
330,0.0009272919,0.4641212,0.5349515
331,0.000927023,0.4640936,0.5349794
332,0.000926905,0.4640701,0.5350029
333,0.000926889,0.4640749,0.5349982
334,0.00092695,0.4641098,0.5349633
335,0.0009270714,0.4641718,0.5349011
336,0.0009272396,0.4642563,0.5348164
337,0.0009334639,0.4609914,0.5380751
338,0.0009374319,0.4591368,0.5399258
339,0.0009399483,0.4581645,0.5408955
340,0.0009415549,0.457732,0.5413264
341,0.000942607,0.4576192,0.5414382
342,0.0009433299,0.457691,0.5413657
343,0.000943862,0.4578678,0.5411883
344,0.0009442866,0.4581039,0.5409518
345,0.0009446521,0.4583734,0.5406819
346,0.0009449859,0.458664,0.540391
347,0.0009453036,0.4589681,0.5400866
348,0.0009456147,0.4592803,0.5397741
349,0.0008152933,0.5341245,0.4650602
350,0.0007557583,0.5672451,0.4319991
351,0.000727876,0.5815338,0.4177383
352,0.0007142775,0.5875492,0.4117364
353,0.0007075843,0.5897074,0.4095851
354,0.0007042628,0.5901003,0.4091955
355,0.0007025567,0.589749,0.4095485
356,0.0007015951,0.5891432,0.4101552
357,0.0007009566,0.5885041,0.4107949
358,0.0007004466,0.5879216,0.4113779
359,0.0006999818,0.5874227,0.4118773
360,0.0006995309,0.5870076,0.4122929
361,0.0007783373,0.5401101,0.4591116
362,0.0008320922,0.5087373,0.4904306
363,0.0008661504,0.4901437,0.5089901
364,0.000886573,0.4801221,0.5189913
365,0.0008982288,0.4754049,0.5236969
366,0.0009045977,0.4737172,0.5253782
367,0.000907965,0.4736001,0.5254919
368,0.0009097274,0.474182,0.5249082
369,0.0009106873,0.4749732,0.5241161
370,0.0009112805,0.4757101,0.5233786
371,0.0009117263,0.4762651,0.5228231
372,0.000912122,0.4765908,0.5224971
373,0.0009226588,0.4710403,0.528037
374,0.0009292375,0.4676771,0.5313936
375,0.0009332816,0.4656421,0.5334246
376,0.0009357259,0.4643953,0.5346689
377,0.000937182,0.4636075,0.5354553
378,0.0009380357,0.4630912,0.5359709
379,0.000938529,0.4627446,0.5363168
380,0.0009388131,0.4625128,0.5365484
381,0.0009389835,0.4623643,0.5366967
382,0.0009390982,0.4622816,0.5367793
383,0.000939195,0.4622508,0.53681
384,0.0009392956,0.4622606,0.5368001
385,0.0009411324,0.4612382,0.5378207
386,0.0009423152,0.4606537,0.538404
387,0.0009430599,0.4603929,0.538664
388,0.0009435526,0.4603256,0.5387308
389,0.0009439057,0.4603733,0.5386828
390,0.000944184,0.4604909,0.5385649
391,0.0009444234,0.4606543,0.5384013
392,0.0009446425,0.4608518,0.5382036
393,0.0009448508,0.4610783,0.5379767
394,0.0009450545,0.46133,0.5377249
395,0.0009452562,0.4616047,0.5374501
396,0.0009454573,0.4619009,0.5371537
397,0.0009651309,0.4504503,0.5485846
398,0.0009775334,0.4433689,0.5556536
399,0.0009847928,0.4396794,0.5593358
400,0.0009889113,0.4379865,0.5610246
401,0.000991179,0.4374266,0.5615822
402,0.0009924062,0.4374713,0.5615363
403,0.0009930815,0.4378081,0.5611989
404,0.0009934863,0.4382599,0.5607467
405,0.0009937737,0.4387312,0.560275
406,0.0009940201,0.4391754,0.5598306
407,0.0009942596,0.439572,0.5594338
408,0.0009945034,0.4399144,0.5590911
409,0.000898158,0.493948,0.5051539
410,0.0008489663,0.5204241,0.4787269
411,0.0008240122,0.5328138,0.4663621
412,0.0008111618,0.5383931,0.4607957
413,0.0008045589,0.54062,0.4585755
414,0.0008011844,0.5412478,0.457951
415,0.000799451,0.5411716,0.4580289
416,0.0007985276,0.5408379,0.4583636
417,0.000797986,0.5404577,0.4587443
418,0.0007976124,0.540122,0.4590804
419,0.0007973042,0.5398628,0.45934
420,0.0007970151,0.5396852,0.4595178
421,0.0008020544,0.5366738,0.4625241
422,0.0008048935,0.5350612,0.4641338
423,0.0008064433,0.5342289,0.4649647
424,0.0008071976,0.5338827,0.4653102
425,0.000807486,0.5338175,0.465375
426,0.0008075124,0.5339043,0.4652882
427,0.0008073988,0.5340634,0.4651291
428,0.0008072179,0.534245,0.4649478
429,0.0008070128,0.5344158,0.4647771
430,0.0008068103,0.5345524,0.4646408
431,0.0008066256,0.534638,0.4645554
432,0.0008064677,0.5346617,0.4645319
433,0.0008699024,0.4994177,0.4997123
434,0.0009118721,0.4775252,0.5215629
435,0.0009387587,0.464493,0.5345684
436,0.0009552477,0.4574074,0.5416374
437,0.0009650703,0.4538998,0.5451351
438,0.0009708432,0.4523471,0.546682
439,0.0009742708,0.4517235,0.5473022
440,0.0009763963,0.4514271,0.5475965
441,0.0009778162,0.4511429,0.5478793
442,0.0009788348,0.450756,0.5482652
443,0.000979595,0.4502631,0.5487573
444,0.0009801585,0.4497186,0.5493012
445,0.0009828501,0.4488785,0.5501387
446,0.0009845573,0.4487462,0.5502692
447,0.0009859655,0.4485941,0.5504199
448,0.000987123,0.4484617,0.5505512
449,0.0009880923,0.4483444,0.5506675
450,0.0009889187,0.4482388,0.5507722
451,0.0009896342,0.4481437,0.5508667
452,0.0009902613,0.4480605,0.5509493
453,0.0009908162,0.4479912,0.551018
454,0.0009913133,0.4479353,0.5510733
455,0.0009917631,0.4478928,0.5511155
456,0.0009921736,0.4478632,0.5511446
457,0.0009816604,0.45212,0.5468983
458,0.0009752917,0.4535555,0.5454692
459,0.0009706435,0.4546795,0.5443498
460,0.0009672762,0.4555824,0.5434504
461,0.0009648943,0.4562904,0.5427447
462,0.0009632569,0.456836,0.5422007
463,0.0009621647,0.4572613,0.5417765
464,0.0009614591,0.4576086,0.5414299
465,0.00096102,0.4579148,0.5411242
466,0.0009607597,0.4582082,0.540831
467,0.000960616,0.4585099,0.5405295
468,0.000960546,0.4588359,0.5402036
469,0.0008587092,0.5161304,0.483011
470,0.0008085446,0.5433651,0.4558264
471,0.0007837475,0.5558224,0.4433939
472,0.0007712101,0.5613565,0.4378722
473,0.000764846,0.5635532,0.4356819
474,0.000761601,0.5641793,0.4350591
475,0.0007599026,0.5641202,0.4351199
476,0.0007589443,0.5638106,0.4354304
477,0.0007583214,0.5634523,0.4357894
478,0.0007578393,0.5631293,0.4361129
479,0.000757411,0.5628665,0.436376
480,0.0007570015,0.5626625,0.4365805
481,0.0008335305,0.5180078,0.4811587
482,0.0008855595,0.4882412,0.5108733
483,0.0009185229,0.4706065,0.528475
484,0.0009383562,0.461013,0.5380487
485,0.0009496853,0.4564203,0.54263
486,0.0009558253,0.4547082,0.544336
487,0.0009589797,0.4545033,0.5445377
488,0.0009605221,0.4549718,0.5440676
489,0.000961261,0.4556363,0.5434024
490,0.0009616404,0.4562498,0.5427886
491,0.00096189,0.4566977,0.5423404
492,0.0009621152,0.4569438,0.542094
493,0.0009015216,0.4907405,0.5083579
494,0.0008687136,0.5081392,0.4909921
495,0.0008512106,0.5165959,0.4825529
496,0.000841941,0.5203929,0.4787652
497,0.0008371184,0.5218092,0.4773538
498,0.0008346724,0.5220715,0.4770938
499,0.000833468,0.5218294,0.4773372
500,0.000832889,0.5214138,0.4777533
501,0.0008326087,0.5209827,0.4781846
502,0.0008324615,0.5205995,0.478568
503,0.0008323655,0.5202847,0.4788829
504,0.0008322821,0.5200394,0.4791284
505,0.0008904813,0.4867487,0.5123608
506,0.0009290354,0.4654283,0.5336426
507,0.00095338,0.4528359,0.5462108
508,0.0009680956,0.4459796,0.5530522
509,0.0009766202,0.4426692,0.5563542
510,0.0009813568,0.4414134,0.5576053
511,0.0009838867,0.4412582,0.5577579
512,0.0009851971,0.4416261,0.5573887
513,0.0009858757,0.4421851,0.556829
514,0.0009862524,0.4427597,0.5562541
515,0.0009865038,0.443262,0.5557515
516,0.0009867181,0.4436553,0.5553579
517,0.000904659,0.4897382,0.509357
518,0.0008616735,0.5129136,0.4862246
519,0.0008395073,0.5239286,0.4752319
520,0.0008280438,0.528878,0.470294
521,0.0008221932,0.5307884,0.4683895
522,0.0008192657,0.5312348,0.4679459
523,0.0008178264,0.5310345,0.4681477
524,0.000817116,0.5305986,0.4685843
525,0.0008167427,0.5301219,0.4690614
526,0.0008165115,0.5296872,0.4694963
527,0.0008163305,0.5293223,0.4698614
528,0.0008161597,0.52903,0.4701538
529,0.0008571964,0.5053352,0.4938077
530,0.0008832732,0.4907106,0.508406
531,0.0008990474,0.4824056,0.5166953
532,0.0009081637,0.4780726,0.5210192
533,0.0009131843,0.4760979,0.5229889
534,0.0009158005,0.4754399,0.5236443
535,0.0009170704,0.4754636,0.5236194
536,0.0009176245,0.4758019,0.5232804
537,0.0009178229,0.4762527,0.5228295
538,0.0009178621,0.4767099,0.5223722
539,0.0009178451,0.4771212,0.5219609
540,0.0009178234,0.4774627,0.5216194
541,0.0009591409,0.4546773,0.5443636
542,0.0009862118,0.4403859,0.5586279
543,0.001003277,0.43201,0.5669867
544,0.001013671,0.4274327,0.5715535
545,0.00101982,0.4251428,0.5738373
546,0.001023381,0.4241314,0.5748453
547,0.001025434,0.4237683,0.5752063
548,0.001026642,0.4236876,0.5752858
549,0.001027395,0.4236961,0.5752765
550,0.001027912,0.4237055,0.5752667
551,0.00102831,0.4236857,0.575286
552,0.001028648,0.423636,0.5753354
553,0.001021022,0.4280135,0.5709655
554,0.001016423,0.4306128,0.5683708
555,0.001013835,0.4320185,0.5669677
556,0.001012477,0.4327247,0.5662628
557,0.00101185,0.4330426,0.5659455
558,0.001011637,0.4331622,0.5658261
559,0.001011648,0.4331942,0.5657941
560,0.001011771,0.4331996,0.5657886
561,0.001011945,0.4332097,0.5657783
562,0.001012135,0.4332392,0.5657486
563,0.001012325,0.4332934,0.5656943
564,0.001012505,0.4333732,0.5656143
565,0.0009637098,0.460445,0.5385913
566,0.0009358007,0.475381,0.5236832
567,0.0009203623,0.4831364,0.5159432
568,0.0009119503,0.4869707,0.5121173
569,0.000907459,0.4887192,0.5103734
570,0.0009051175,0.4894068,0.509688
571,0.0009039236,0.4895948,0.5095012
572,0.0009033194,0.4895811,0.5095156
573,0.0009030015,0.4895154,0.5095816
574,0.0009028125,0.4894654,0.5096318
575,0.0009026731,0.4894571,0.5096402
576,0.0009025466,0.489496,0.5096014
577,0.0008966855,0.4927486,0.5063547
578,0.0008931128,0.4946358,0.5044711
579,0.0008909246,0.4957457,0.5033634
580,0.0008895739,0.4963984,0.502712
581,0.000888715,0.4967962,0.5023151
582,0.0008881394,0.4970563,0.5020556
583,0.0008877263,0.4972421,0.5018701
584,0.0008874082,0.4973855,0.5017272
585,0.0008871495,0.4974996,0.5016132
586,0.0008869311,0.4975894,0.5015236
587,0.0008867441,0.4976549,0.5014583
588,0.0008865843,0.4976945,0.5014189
589,0.0008903152,0.4954656,0.5036442
590,0.0008924837,0.4941483,0.5049592
591,0.0008936583,0.493434,0.5056724
592,0.0008942641,0.4930468,0.5060589
593,0.0008945541,0.4928314,0.506274
594,0.0008946795,0.4926981,0.5064072
595,0.0008947266,0.4925983,0.506507
596,0.0008947428,0.4925075,0.5065977
597,0.0008947528,0.4924154,0.5066898
598,0.0008947668,0.4923197,0.5067855
599,0.0008947893,0.4922217,0.5068835
600,0.000894821,0.4921236,0.5069816
601,0.0008644995,0.509086,0.4900495
602,0.0008476033,0.5181686,0.4809837
603,0.0008384492,0.5226911,0.4764704
604,0.0008335923,0.5247608,0.4744056
605,0.0008310889,0.525546,0.4736229
606,0.0008298421,0.5256944,0.4734758
607,0.0008292404,0.5255566,0.4736142
608,0.0008289512,0.5253152,0.4738558
609,0.0008288002,0.5250601,0.4741111
610,0.0008286995,0.5248306,0.4743407
611,0.0008286083,0.5246409,0.4745305
612,0.0008285094,0.5244933,0.4746782
613,0.0008628207,0.5049323,0.4942048
614,0.0008843653,0.4930613,0.5060543
615,0.000897272,0.4864247,0.512678
616,0.0009046726,0.4830288,0.5160666
617,0.0009087265,0.4815263,0.517565
618,0.0009108382,0.4810576,0.5180317
619,0.000911876,0.4811037,0.5179844
620,0.0009123509,0.4813681,0.5177196
621,0.0009125507,0.4816909,0.5173966
622,0.00091263,0.4819912,0.5170961
623,0.0009126676,0.4822332,0.5168542
624,0.0009126998,0.4824052,0.5166821
625,0.00090964,0.4841921,0.5148982
626,0.0009078208,0.4851941,0.513898
627,0.0009067726,0.485718,0.5133752
628,0.0009062025,0.4859453,0.5131485
629,0.0009059175,0.4860016,0.5130926
630,0.0009057975,0.4859661,0.513128
631,0.0009057714,0.4858876,0.5132066
632,0.0009057968,0.4857953,0.5132988
633,0.0009058503,0.4857064,0.5133877
634,0.0009059185,0.4856294,0.5134647
635,0.0009059942,0.4855689,0.5135251
636,0.0009060723,0.4855273,0.5135667
637,0.0009510045,0.4604308,0.5386183
638,0.0009804972,0.4445766,0.5544428
639,0.0009990596,0.4352933,0.5637076
640,0.001010309,0.4302704,0.5687193
641,0.001016884,0.4278593,0.5711238
642,0.001020602,0.4269507,0.5720286
643,0.00102265,0.4268399,0.5721374
644,0.001023767,0.4271038,0.5718725
645,0.001024393,0.4275022,0.5714734
646,0.001024776,0.427909,0.5710662
647,0.001025048,0.4282649,0.5707101
648,0.001025275,0.428548,0.5704268
649,0.0009610063,0.4641469,0.534892
650,0.0009252869,0.4831661,0.5159087
651,0.0009060468,0.4926851,0.5064089
652,0.0008957956,0.4971758,0.5019284
653,0.0008904557,0.4990476,0.5000619
654,0.0008877672,0.4996137,0.4994985
655,0.0008864774,0.4995798,0.4995337
656,0.0008859003,0.4993133,0.4998009
657,0.0008856673,0.4989956,0.5001187
658,0.0008855861,0.4987085,0.500406
659,0.0008855605,0.4984831,0.5006315
660,0.0008855442,0.4983261,0.5007884
661,0.0008984855,0.4909265,0.508175
662,0.0009063308,0.4865749,0.5125186
663,0.0009108484,0.4842568,0.5148323
664,0.0009133274,0.483155,0.5159316
665,0.0009145991,0.4827547,0.5163307
666,0.0009151822,0.4827396,0.5163453
667,0.0009153882,0.4829224,0.5161622
668,0.0009153989,0.4831957,0.515889
669,0.0009153169,0.4834982,0.5155864
670,0.0009151978,0.483796,0.5152888
671,0.0009150718,0.4840689,0.515016
672,0.0009149539,0.484305,0.51478
673,0.0008934489,0.4965416,0.5025649
674,0.0008811596,0.5033455,0.4957733
675,0.0008744351,0.5067894,0.4923362
676,0.000870838,0.5083957,0.4907334
677,0.0008689826,0.5090052,0.4901259
678,0.0008680703,0.5090969,0.4900351
679,0.0008676502,0.5089378,0.4901946
680,0.0008674754,0.5086716,0.4904608
681,0.0008674148,0.5083727,0.4907598
682,0.0008674007,0.5080785,0.4910542
683,0.000867401,0.5078053,0.4913273
684,0.0008674013,0.5075595,0.491573
685,0.0008820873,0.499155,0.4999629
686,0.0008910364,0.4941645,0.5049445
687,0.0008962823,0.4913818,0.5077218
688,0.0008992458,0.4899271,0.5091736
689,0.0009008543,0.4892338,0.5098653
690,0.0009016881,0.4889542,0.5101442
691,0.000902096,0.4888847,0.5102132
692,0.0009022794,0.4889119,0.5101859
693,0.0009023512,0.4889752,0.5101225
694,0.0009023715,0.4890447,0.5100529
695,0.0009023708,0.489107,0.5099906
696,0.000902364,0.4891571,0.5099406
697,0.0007864077,0.5537935,0.4454201
698,0.0007328714,0.582234,0.4170331
699,0.000707057,0.5946826,0.4046103
700,0.0006942378,0.5998313,0.3994744
701,0.0006878307,0.6015244,0.3977878
702,0.0006846065,0.601624,0.3976915
703,0.0006829322,0.6010497,0.3982674
704,0.0006819816,0.6002481,0.3990699
705,0.0006813446,0.5994254,0.3998933
706,0.000680826,0.5986674,0.4006518
707,0.000680338,0.598003,0.4013167
708,0.0006798448,0.5974365,0.4018837
709,0.0007356799,0.5642211,0.4350432
710,0.0007714834,0.5434538,0.4557748
711,0.0007929915,0.5316946,0.4675124
712,0.000805138,0.5256985,0.4734963
713,0.0008115448,0.5231314,0.4760571
714,0.0008146332,0.5224602,0.4767252
715,0.000815915,0.5227414,0.4764426
716,0.0008162886,0.5234185,0.4757652
717,0.0008162673,0.5241703,0.4750135
718,0.0008161314,0.5248159,0.474368
719,0.0008160213,0.5252599,0.4739241
720,0.000815992,0.5254654,0.4737186
721,0.0008245137,0.5206047,0.4785708
722,0.0008296481,0.5176238,0.4815466
723,0.0008326691,0.5157835,0.4833838
724,0.0008344182,0.5145872,0.4845783
725,0.0008354217,0.5137469,0.4854177
726,0.0008360043,0.5131053,0.4860587
727,0.0008363643,0.5125806,0.4865831
728,0.0008366226,0.5121318,0.4870316
729,0.0008368478,0.5117403,0.4874229
730,0.0008370732,0.511399,0.4877639
731,0.0008373081,0.5111061,0.4880566
732,0.0008375488,0.5108618,0.4883007
733,0.0008366164,0.5112863,0.487877
734,0.0008360937,0.5114872,0.4876766
735,0.0008358152,0.5115917,0.4875726
736,0.0008356876,0.5116464,0.4875179
737,0.0008356452,0.5116871,0.4874772
738,0.0008356458,0.5117355,0.4874289
739,0.0008356625,0.5118043,0.48736
740,0.0008356792,0.5119005,0.4872637
741,0.0008356865,0.5120273,0.487137
742,0.0008356802,0.5121838,0.4869805
743,0.0008356585,0.5123683,0.4867961
744,0.0008356213,0.5125773,0.486587
745,0.0008704986,0.4928216,0.506308
746,0.0008925934,0.4808916,0.5182158
747,0.0009059824,0.4742959,0.524798
748,0.0009137731,0.4710223,0.528064
749,0.0009181321,0.4696917,0.5293902
750,0.0009204878,0.4694104,0.5296692
751,0.0009217336,0.4696291,0.529449
752,0.0009224024,0.4700283,0.5290492
753,0.0009227945,0.4704342,0.528643
754,0.0009230676,0.4707634,0.5283135
755,0.0009232966,0.4709855,0.5280912
756,0.000923511,0.4711009,0.5279756
757,0.0008216808,0.528655,0.4705234
758,0.0007722329,0.5553172,0.4439106
759,0.0007476896,0.5673961,0.4318562
760,0.0007352846,0.5725707,0.4266939
761,0.0007290522,0.574396,0.4248749
762,0.0007259846,0.5746399,0.4246341
763,0.0007245169,0.5741967,0.4250788
764,0.0007238281,0.5735129,0.4257633
765,0.0007234917,0.5728018,0.4264748
766,0.0007232916,0.5721568,0.4271198
767,0.0007231222,0.5716125,0.4276643
768,0.0007229362,0.5711761,0.428101
769,0.0007535774,0.5528157,0.4464307
770,0.0007721921,0.5419517,0.4572762
771,0.0007829121,0.5360734,0.4631437
772,0.0007887497,0.5332214,0.4659899
773,0.0007917035,0.5321196,0.4670887
774,0.0007930247,0.5319826,0.4672243
775,0.0007934602,0.532348,0.4668585
776,0.0007934414,0.5329504,0.4662562
777,0.0007932126,0.5336356,0.4655713
778,0.0007929152,0.5343071,0.4649
779,0.0007926307,0.5348996,0.4643077
780,0.0007924058,0.5353665,0.4638411
781,0.0007471269,0.561681,0.4375719
782,0.0007236394,0.5747152,0.4245612
783,0.0007114839,0.5807729,0.4185156
784,0.000705212,0.5832625,0.4160322
785,0.0007020062,0.5839422,0.4153558
786,0.0007003817,0.5837414,0.4155581
787,0.0006995652,0.5831441,0.4161563
788,0.0006991603,0.5823956,0.4169053
789,0.0006989647,0.5816177,0.4176833
790,0.000698872,0.5808715,0.4184296
791,0.0006988223,0.5801856,0.4191156
792,0.0006987812,0.5795718,0.4197294
793,0.0006975599,0.5796465,0.4196559
794,0.0006968198,0.5795018,0.4198014
795,0.0006963289,0.5792777,0.420026
796,0.0006959755,0.5790275,0.4202765
797,0.0006956875,0.5787882,0.4205161
798,0.0006954231,0.5785803,0.4207243
799,0.000695159,0.5784138,0.420891
800,0.0006948834,0.5782922,0.4210128
801,0.0006945929,0.5782149,0.4210904
802,0.0006942866,0.5781785,0.4211272
803,0.0006939661,0.5781776,0.4211285
804,0.000693635,0.578205,0.4211013
805,0.0007364334,0.5525257,0.4467379
806,0.0007632271,0.5370103,0.4622266
807,0.0007790629,0.528524,0.4706969
808,0.000787958,0.5243582,0.4748538
809,0.0007927174,0.5226517,0.4765556
810,0.0007951547,0.5222176,0.4769872
811,0.0007963708,0.5223467,0.4768569
812,0.0007969938,0.5226426,0.4765604
813,0.0007973582,0.5229036,0.4762991
814,0.000797624,0.5230488,0.4761536
815,0.0007978571,0.5230617,0.4761404
816,0.0007980794,0.5229593,0.4762427
817,0.0007948735,0.5249126,0.4742925
818,0.0007931038,0.5258921,0.4733148
819,0.0007922305,0.526233,0.4729747
820,0.000791843,0.5262563,0.4729519
821,0.0007917302,0.5261245,0.4730838
822,0.0007917765,0.5259289,0.4732794
823,0.000791918,0.5257191,0.473489
824,0.0007921169,0.5255226,0.4736853
825,0.0007923481,0.5253542,0.4738534
826,0.0007925925,0.5252223,0.4739851
827,0.000792836,0.5251313,0.4740759
828,0.0007930672,0.5250833,0.4741237
829,0.0007402209,0.5562842,0.4429756
830,0.0007131833,0.5716328,0.427654
831,0.0006992596,0.5789366,0.4203641
832,0.0006920824,0.5822162,0.4170917
833,0.0006884058,0.5834945,0.4158172
834,0.0006865201,0.58382,0.4154934
835,0.000685522,0.5837349,0.4155796
836,0.0006849379,0.5835128,0.4158023
837,0.000684526,0.5832855,0.41603
838,0.0006841692,0.5831102,0.4162056
839,0.0006838131,0.5830075,0.4163087
840,0.0006834359,0.5829806,0.416336
841,0.0007103455,0.5667171,0.4325725
842,0.0007264223,0.5573953,0.4418783
843,0.0007355319,0.5525495,0.446715
844,0.0007403981,0.550371,0.4488886
845,0.0007428164,0.5496733,0.4495839
846,0.0007439026,0.5497224,0.4495337
847,0.0007443188,0.5500812,0.4491745
848,0.0007444418,0.5504977,0.4487579
849,0.0007444724,0.550834,0.4484215
850,0.0007445053,0.5510253,0.4482302
851,0.0007445723,0.5510545,0.448201
852,0.0007446723,0.5509335,0.4483219
853,0.0007393057,0.5539346,0.445326
854,0.0007363165,0.5553663,0.4438973
855,0.000734703,0.5558796,0.4433857
856,0.0007338697,0.5558884,0.4433777
857,0.0007334778,0.555637,0.4436296
858,0.000733343,0.5552646,0.4440021
859,0.0007333648,0.5548496,0.444417
860,0.0007334846,0.5544371,0.4448294
861,0.0007336607,0.5540546,0.4452118
862,0.00073386,0.5537201,0.445546
863,0.0007340574,0.553444,0.445822
864,0.0007342349,0.5532307,0.4460351
865,0.0007354286,0.55238,0.4468845
866,0.0007361242,0.5518934,0.4473706
867,0.0007364926,0.5516729,0.4475906
868,0.0007366723,0.5516121,0.4476511
869,0.0007367361,0.551657,0.4476062
870,0.0007367259,0.5517765,0.4474867
871,0.0007366652,0.5519519,0.4473115
872,0.0007365682,0.5521705,0.447093
873,0.0007364447,0.5524227,0.4468409
874,0.000736302,0.552699,0.4465646
875,0.0007361468,0.5529901,0.4462737
876,0.0007359855,0.5532852,0.4459789
877,0.0007070171,0.5708737,0.4284192
878,0.0006915666,0.5799881,0.4193203
879,0.0006834602,0.5843944,0.4149222
880,0.0006792,0.5863974,0.4129234
881,0.0006769727,0.5871595,0.4121636
882,0.000675802,0.5872994,0.4120247
883,0.0006751685,0.5871425,0.4121823
884,0.0006748014,0.5868545,0.4124707
885,0.0006745638,0.586516,0.4128094
886,0.0006743887,0.5861645,0.4131612
887,0.0006742436,0.585817,0.4135088
888,0.000674113,0.5854812,0.4138448
889,0.0006858628,0.5779364,0.4213777
890,0.0006925885,0.5735925,0.4257149
891,0.0006962466,0.571261,0.4280428
892,0.0006981489,0.5700549,0.4292469
893,0.0006990758,0.5694602,0.4298408
894,0.0006994804,0.5691826,0.4301178
895,0.000699616,0.5690608,0.4302396
896,0.0006996197,0.5690097,0.4302907
897,0.000699562,0.5689874,0.430313
898,0.0006994787,0.5689732,0.4303273
899,0.000699387,0.5689582,0.4303424
900,0.0006992944,0.5689384,0.4303623
901,0.00069444,0.5718195,0.427486
902,0.0006916963,0.5733545,0.4259538
903,0.0006901784,0.5740899,0.4252199
904,0.0006893385,0.5743955,0.4249153
905,0.0006888684,0.574474,0.4248372
906,0.0006885951,0.5744382,0.4248733
907,0.0006884236,0.5743487,0.4249628
908,0.0006883038,0.5742369,0.4250747
909,0.0006882108,0.5741179,0.4251939
910,0.0006881317,0.5739997,0.4253122
911,0.0006880594,0.5738863,0.4254257
912,0.0006879916,0.5737795,0.4255325
913,0.0007274352,0.5496559,0.4496167
914,0.000752061,0.5351063,0.4641417
915,0.0007666778,0.527097,0.4721363
916,0.0007749982,0.5230857,0.4761393
917,0.0007795657,0.5213654,0.4778551
918,0.0007820064,0.5208662,0.4783518
919,0.000783301,0.5209575,0.4782592
920,0.0007840117,0.5212875,0.4779285
921,0.0007844453,0.5216722,0.4775434
922,0.0007847599,0.522024,0.4771913
923,0.000785031,0.5223083,0.4769067
924,0.0007852905,0.5225188,0.4766959
925,0.000790354,0.5198227,0.479387
926,0.0007934578,0.5183122,0.4808943
927,0.0007953658,0.517507,0.4816976
928,0.0007965581,0.5171098,0.4820938
929,0.0007973371,0.5169365,0.4822662
930,0.0007978862,0.5168817,0.4823204
931,0.0007983119,0.5168882,0.4823135
932,0.0007986746,0.5169271,0.4822742
933,0.0007990069,0.5169854,0.4822156
934,0.000799324,0.5170586,0.4821422
935,0.0007996323,0.5171461,0.4820543
936,0.0007999332,0.5172493,0.4819508
937,0.0007840143,0.5269384,0.4722776
938,0.0007751505,0.5322396,0.4669853
939,0.0007703554,0.5350213,0.4642083
940,0.0007678557,0.5364245,0.4628077
941,0.0007666211,0.5371021,0.4621313
942,0.0007660622,0.5374209,0.461813
943,0.0007658468,0.537581,0.4616531
944,0.000765794,0.5376869,0.4615473
945,0.0007658071,0.5377903,0.4614439
946,0.0007658382,0.5379128,0.4613214
947,0.0007658651,0.5380611,0.461173
948,0.0007658791,0.5382342,0.4609999
949,0.0007584724,0.5428051,0.4564364
950,0.0007542465,0.5453895,0.4538562
951,0.0007518788,0.5468135,0.4524347
952,0.0007505697,0.5475891,0.4516604
953,0.0007498511,0.5480115,0.4512386
954,0.0007494537,0.548246,0.4510045
955,0.0007492282,0.5483816,0.4508691
956,0.0007490931,0.5484636,0.4507873
957,0.0007490069,0.5485132,0.4507379
958,0.0007489479,0.5485408,0.4507104
959,0.0007489053,0.5485507,0.4507004
960,0.0007488747,0.5485447,0.4507064
961,0.0007345182,0.556992,0.4422734
962,0.0007265554,0.5614522,0.4378213
963,0.0007222085,0.5636551,0.4356227
964,0.0007198768,0.5646315,0.4346487
965,0.0007186485,0.5649639,0.4343174
966,0.0007180107,0.5649762,0.4343058
967,0.0007176802,0.5648441,0.4344381
968,0.0007175035,0.5646603,0.4346222
969,0.0007173993,0.5644713,0.4348113
970,0.0007173264,0.5642984,0.4349843
971,0.0007172637,0.5641503,0.4351324
972,0.0007172009,0.5640296,0.4352531
973,0.0006683256,0.5930805,0.4062511
974,0.0006439009,0.6069283,0.3924278
975,0.0006314759,0.6132755,0.3860931
976,0.000625103,0.6159316,0.3834433
977,0.000621822,0.616771,0.3826072
978,0.0006201018,0.616753,0.3826269
979,0.0006191461,0.616367,0.3830138
980,0.0006185466,0.6158566,0.3835248
981,0.0006180991,0.6153365,0.3840453
982,0.0006177046,0.6148568,0.3845255
983,0.0006173192,0.6144346,0.3849481
984,0.0006169252,0.6140723,0.3853107
985,0.0006694631,0.5812671,0.4180634
986,0.0007029639,0.5609002,0.4383968
987,0.0007229158,0.5495533,0.4497238
988,0.00073412,0.5438864,0.4553794
989,0.0007400654,0.5415164,0.4577435
990,0.0007430486,0.540897,0.45836
991,0.0007444767,0.5410919,0.4581636
992,0.0007451602,0.5415664,0.4576885
993,0.0007455341,0.5420356,0.4572188
994,0.0007458076,0.5423692,0.4568849
995,0.0007460623,0.5425279,0.456726
996,0.0007463138,0.5425228,0.4567309
997,0.0006632967,0.5925885,0.4067481
998,0.0006249248,0.6145927,0.3847823
999,0.0006062564,0.6241639,0.3752298
1000,0.0005969572,0.62797,0.3714331
1001,0.0005923464,0.6290148,0.3703929
1002,0.0005901276,0.6287616,0.3706483
1003,0.0005891136,0.6279509,0.37146
1004,0.0005886657,0.6269638,0.3724476
1005,0.0005884441,0.6259876,0.3734239
1006,0.0005882793,0.6251033,0.3743084
1007,0.0005880949,0.6243374,0.3750746
1008,0.0005878617,0.6236933,0.3757187
1009,0.0006179215,0.6041069,0.3952752
1010,0.0006358252,0.5926369,0.4067272
1011,0.00064587,0.5865274,0.4128267
1012,0.0006511657,0.5836142,0.4157346
1013,0.0006537217,0.5825243,0.416822
1014,0.0006547559,0.5824378,0.4169074
1015,0.0006549747,0.5828853,0.4164597
1016,0.000654778,0.5836039,0.4157413
1017,0.0006543918,0.5844657,0.4148799
1018,0.000653573,0.5868438,0.4125026
1019,0.0006541148,0.5863486,0.4129972
1020,0.0006538377,0.5867067,0.4126395
1021,0.0006667455,0.5806704,0.4186629
1022,0.0006783933,0.5722001,0.4271215
1023,0.0006812653,0.5722353,0.4270835
1024,0.0006866195,0.5676167,0.4316967
1025,0.0006879875,0.5666517,0.4326603
1026,0.0006888133,0.5657948,0.4335164
1027,0.0006891937,0.5651293,0.4341815
1028,0.000689315,0.5645734,0.4347372
1029,0.0006892784,0.5641041,0.4352066
1030,0.0006891471,0.5637224,0.4355885
1031,0.0006889823,0.5634222,0.4358888
1032,0.0006888473,0.5631831,0.436128
1033,0.0007063845,0.5520017,0.4472919
1034,0.0007169693,0.5454942,0.4537888
1035,0.000723258,0.5419428,0.4573339
1036,0.0007269953,0.5401376,0.4591354
1037,0.0007292475,0.5393431,0.4599277
1038,0.0007306427,0.5391274,0.4601419
1039,0.0007315409,0.5392443,0.4600241
1040,0.000732145,0.5395557,0.4597121
1041,0.0007325675,0.5399855,0.4592819
1042,0.0007328714,0.5404903,0.4587768
1043,0.0007330931,0.5410436,0.4582233
1044,0.0007332567,0.5416252,0.4576415
1045,0.0006721457,0.5797312,0.4195967
1046,0.0006421887,0.5977967,0.4015611
1047,0.0006271214,0.606267,0.3931059
1048,0.0006194607,0.610052,0.3893286
1049,0.0006155648,0.6115205,0.3878639
1050,0.0006135745,0.6118735,0.3875129
1051,0.000612532,0.6117197,0.3876678
1052,0.0006119481,0.6113614,0.3880266
1053,0.0006115768,0.6109442,0.3884443
1054,0.0006112989,0.6105321,0.3888566
1055,0.0006110576,0.6101516,0.3892373
1056,0.0006108267,0.6098109,0.3895783
