EwEVersion,"6.5.13829.0 (compiled 2016-05-17)"
Date,"2016-09-06 18:35:05"
ModelName,Baltic_Proper-SEALS
EcosimScenario,Proper1_SealVuln100_19742100_seal1_cofF1
TimeSeries,new_data_weights_19742100_BAU_WAR1_codF1_seal1
StartYear,1974

Data,"Prey of other mesozooplankton"

TimeStep,"Cyanobacteria","Phytoplankton","microzooplankton","Detritus-water column",
1,0.04280683,0.5585232,0.1841945,0.2144755
2,0.03914407,0.5794343,0.1844229,0.1969986
3,0.03727721,0.5860372,0.188064,0.1886217
4,0.03628786,0.5871348,0.1919937,0.1845836
5,0.0357588,0.5862401,0.1952522,0.182749
6,0.03547648,0.5848046,0.1976785,0.1820404
7,0.03532583,0.5833926,0.1993922,0.1818893
8,0.03524352,0.5821813,0.2005829,0.1819923
9,0.03519486,0.5811884,0.201427,0.1821897
10,0.03516104,0.5803755,0.2020631,0.1824004
11,0.03513219,0.5796928,0.2025897,0.1825852
12,0.03510328,0.5790968,0.2030727,0.1827272
13,0.03574783,0.5726325,0.2052842,0.1863354
14,0.03615527,0.5694742,0.2057343,0.1886363
15,0.03638261,0.5679889,0.2057087,0.1899198
16,0.03649445,0.5672991,0.205645,0.1905615
17,0.03653415,0.5669435,0.2057164,0.190806
18,0.03653048,0.5666971,0.2059588,0.1908136
19,0.03650215,0.5664629,0.2063472,0.1906879
20,0.03646115,0.5662091,0.2068337,0.1904961
21,0.03641541,0.5659351,0.2073657,0.1902837
22,0.03637033,0.5656533,0.207893,0.1900833
23,0.03632978,0.5653791,0.2083713,0.1899198
24,0.03629651,0.5651277,0.2087641,0.1898117
25,0.03250096,0.597572,0.199865,0.170062
26,0.03050136,0.6078881,0.2016787,0.1599317
27,0.02949767,0.6102252,0.2049862,0.1552909
28,0.02897472,0.609782,0.2080242,0.1532192
29,0.02870892,0.6085501,0.2102448,0.1524962
30,0.02858025,0.6072789,0.2116719,0.1524689
31,0.0285226,0.6061999,0.2124982,0.1527794
32,0.02849969,0.6053397,0.2129267,0.1532339
33,0.02849206,0.6046565,0.2131204,0.1537311
34,0.02848924,0.6040948,0.2131981,0.1542178
35,0.02848608,0.6036071,0.2132374,0.1546695
36,0.02848028,0.6031583,0.2132848,0.1550767
37,0.02923621,0.5950387,0.2161837,0.1595414
38,0.0297146,0.5913022,0.216561,0.1624222
39,0.02999321,0.5896895,0.2161731,0.1641442
40,0.03014404,0.5890422,0.2156775,0.1651363
41,0.03021618,0.5887728,0.2153271,0.165684
42,0.03024171,0.5886083,0.215179,0.165971
43,0.03024082,0.5884383,0.2152093,0.1661117
44,0.03022576,0.5882294,0.2153701,0.1661748
45,0.03020383,0.5879815,0.2156137,0.1662009
46,0.03017984,0.5877076,0.2158946,0.1662178
47,0.03015666,0.5874233,0.216177,0.1662431
48,0.03013609,0.5871419,0.2164341,0.166288
49,0.03093775,0.5786451,0.2196153,0.1708018
50,0.03145641,0.5747375,0.2200999,0.1737062
51,0.03176897,0.5731229,0.2196795,0.1754287
52,0.0319519,0.572601,0.2190138,0.1764332
53,0.03205729,0.5725505,0.2183661,0.1770261
54,0.03211918,0.5726722,0.2178055,0.1774031
55,0.03215848,0.5728361,0.2173244,0.177681
56,0.03218728,0.5729944,0.2168936,0.1779247
57,0.03221211,0.5731344,0.2164865,0.1781669
58,0.03223561,0.5732563,0.2160911,0.178417
59,0.03225869,0.5733628,0.2157038,0.1786747
60,0.03228131,0.5734557,0.2153275,0.1789355
61,0.03261459,0.5697933,0.216823,0.1807691
62,0.03281827,0.5680166,0.2173198,0.1818454
63,0.03295492,0.5671909,0.2172727,0.1825815
64,0.03304334,0.5668569,0.2170303,0.1830695
65,0.03310096,0.5667596,0.2167349,0.1834045
66,0.03313966,0.5667672,0.2164434,0.1836498
67,0.03316699,0.5668148,0.2161742,0.183844
68,0.03318742,0.5668722,0.2159314,0.1840089
69,0.03320351,0.5669261,0.2157151,0.1841553
70,0.03321689,0.5669717,0.2155213,0.1842901
71,0.03322836,0.567008,0.215348,0.1844158
72,0.03323831,0.5670351,0.2151936,0.1845329
73,0.03104035,0.5878413,0.2086895,0.1724289
74,0.02980685,0.5952966,0.2090715,0.1658251
75,0.02913947,0.5973992,0.21096,0.1625013
76,0.02877578,0.5974122,0.2129169,0.1608952
77,0.02857861,0.5967223,0.2144943,0.1602048
78,0.02847176,0.595895,0.2156432,0.15999
79,0.02841237,0.5951313,0.21645,0.1600063
80,0.02837647,0.5944776,0.217026,0.16012
81,0.02835091,0.5939225,0.2174672,0.1602595
82,0.02832871,0.5934382,0.2178448,0.1603883
83,0.02830628,0.5929984,0.2182059,0.1604894
84,0.02828201,0.5925828,0.2185792,0.160556
85,0.02833143,0.5923537,0.2181364,0.1611785
86,0.02836933,0.5923212,0.2175792,0.1617302
87,0.02837021,0.5923093,0.2173348,0.1619857
88,0.02835414,0.5922378,0.2173126,0.1620955
89,0.02832799,0.5920923,0.2174689,0.1621107
90,0.02829501,0.5918803,0.2177684,0.1620562
91,0.02825693,0.5916155,0.2181809,0.1619467
92,0.0282149,0.5913118,0.2186805,0.1617928
93,0.02816995,0.5909822,0.2192435,0.1616044
94,0.02812321,0.590638,0.2198465,0.1613923
95,0.02807615,0.5902896,0.2204644,0.1611698
96,0.02803053,0.5899476,0.2210693,0.1609527
97,0.02749604,0.5950012,0.2194952,0.1580077
98,0.02717387,0.5968937,0.2195934,0.156339
99,0.02698083,0.5974081,0.2201729,0.1554383
100,0.02687039,0.5973627,0.2207354,0.1550316
101,0.02681211,0.5971404,0.2211093,0.1549383
102,0.02678706,0.596904,0.2212617,0.1550471
103,0.02678338,0.5967114,0.2212179,0.1552873
104,0.02679342,0.5965712,0.2210231,0.1556123
105,0.02681205,0.5964726,0.2207258,0.1559895
106,0.02683549,0.5963989,0.2203725,0.1563931
107,0.02686084,0.5963345,0.220002,0.1568026
108,0.02688593,0.5962672,0.2196452,0.1572017
109,0.02786473,0.5862501,0.2227373,0.1631478
110,0.02851846,0.5818405,0.2225263,0.1671147
111,0.02891897,0.5801946,0.2213977,0.1694887
112,0.02915725,0.5798129,0.2201632,0.1708668
113,0.02929423,0.5799268,0.2191451,0.1716339
114,0.02937024,0.5801747,0.2184149,0.1720401
115,0.02941075,0.5804066,0.2179417,0.1722408
116,0.02943115,0.5805756,0.217665,0.1723282
117,0.02944043,0.5806789,0.2175251,0.1723555
118,0.02944366,0.5807293,0.2174755,0.1723515
119,0.02944371,0.5807421,0.2174819,0.1723324
120,0.02944221,0.5807304,0.2175202,0.1723071
121,0.02909405,0.5840046,0.2166713,0.1702301
122,0.02887459,0.5852284,0.2169688,0.1689282
123,0.02875075,0.5855432,0.2174709,0.1682353
124,0.02868043,0.5854896,0.2179575,0.1678724
125,0.02864116,0.5853142,0.218347,0.1676977
126,0.02861954,0.5851222,0.2186307,0.1676276
127,0.02860763,0.5849522,0.2188266,0.1676135
128,0.02860087,0.5848132,0.2189583,0.1676276
129,0.02859674,0.5847019,0.2190464,0.167655
130,0.02859388,0.5846123,0.2191059,0.1676879
131,0.02859158,0.5845386,0.2191477,0.1677222
132,0.02858944,0.5844761,0.2191787,0.1677558
133,0.03122991,0.5541934,0.231939,0.1826377
134,0.03306174,0.537948,0.2366405,0.1923497
135,0.03428454,0.5299153,0.2373912,0.198409
136,0.035037,0.5264158,0.2368297,0.2017176
137,0.0354712,0.5252131,0.2360654,0.2032503
138,0.03570895,0.5250673,0.2354631,0.2037607
139,0.03583683,0.5253561,0.2350398,0.2037673
140,0.0359114,0.5258028,0.234689,0.2035967
141,0.03596691,0.5263042,0.2342909,0.203438
142,0.03602333,0.5268335,0.2337482,0.2033949
143,0.03609093,0.5273923,0.2330025,0.2035142
144,0.03617411,0.5279884,0.232029,0.2038085
145,0.03258261,0.5655791,0.2180173,0.183821
146,0.03074454,0.5797992,0.2153892,0.1740672
147,0.02981455,0.5851305,0.2154743,0.1695806
148,0.02934049,0.5868734,0.2161397,0.1676463
149,0.02910132,0.5872095,0.2167376,0.1669517
150,0.02898305,0.5870535,0.2171268,0.1668366
151,0.02892597,0.5867699,0.2173336,0.1669704
152,0.02889888,0.5864862,0.2174233,0.1671916
153,0.02888562,0.586233,0.2174563,0.1674252
154,0.02887783,0.5860073,0.2174772,0.1676377
155,0.02887128,0.5857968,0.2175158,0.167816
156,0.02886381,0.5855897,0.2175906,0.1679559
157,0.03511449,0.5187548,0.2423567,0.2037739
158,0.0406074,0.4742915,0.2507344,0.2343667
159,0.04499038,0.446313,0.2510824,0.2576142
160,0.04822013,0.4300014,0.2481168,0.2736617
161,0.05042367,0.4213925,0.2445784,0.2836054
162,0.05181393,0.4175053,0.2417458,0.2889349
163,0.05261977,0.4162692,0.2399884,0.2911226
164,0.05304258,0.416372,0.2391889,0.2913966
165,0.05323824,0.4170681,0.2390256,0.2906681
166,0.05331711,0.4179859,0.23914,0.2895569
167,0.05335228,0.4189695,0.2392225,0.2884558
168,0.05338861,0.4199699,0.2390503,0.2875912
169,0.04829752,0.4675542,0.2243519,0.2597963
170,0.04541961,0.4899722,0.2198729,0.2447353
171,0.04415079,0.500625,0.2160999,0.2391241
172,0.04355187,0.5064132,0.2128985,0.2371365
173,0.04325381,0.5097159,0.2105253,0.2365051
174,0.0431158,0.5117031,0.2087185,0.2364626
175,0.04305885,0.5129691,0.2073638,0.2366082
176,0.04304044,0.5138243,0.2063794,0.2367557
177,0.04303901,0.5144342,0.2056904,0.2368364
178,0.04304441,0.5148885,0.2052287,0.2368384
179,0.0430519,0.5152391,0.2049383,0.2367707
180,0.04305924,0.515518,0.2047764,0.2366465
181,0.04159889,0.5293954,0.2003724,0.2286334
182,0.04068775,0.5359923,0.1996188,0.2237011
183,0.04014154,0.5389307,0.2001396,0.2207881
184,0.03981824,0.5400659,0.2010406,0.2190753
185,0.03962822,0.5403633,0.2019543,0.2180542
186,0.03951577,0.5403093,0.2027602,0.2174148
187,0.03944671,0.5401363,0.2034456,0.2169714
188,0.03940037,0.5399458,0.204039,0.2166148
189,0.03936441,0.539775,0.204579,0.2162816
190,0.03933174,0.5396308,0.2051004,0.215937
191,0.03929827,0.5395085,0.2056311,0.2155621
192,0.03926174,0.5394,0.2061911,0.2151471
193,0.03838548,0.5472969,0.2040701,0.2102476
194,0.03782584,0.5508765,0.2041703,0.2071273
195,0.03747211,0.5523293,0.2050597,0.2051389
196,0.03724705,0.5527534,0.2061571,0.2038424
197,0.03710047,0.5527223,0.2072209,0.2029563
198,0.03700113,0.5525225,0.2081657,0.2023106
199,0.03693027,0.552289,0.2089735,0.2018072
200,0.03687708,0.5520797,0.2096505,0.2013927
201,0.03683569,0.5519149,0.2102083,0.2010412
202,0.03680332,0.5517986,0.2106549,0.2007432
203,0.03677879,0.5517283,0.2109955,0.2004974
204,0.03676174,0.5516996,0.2112334,0.2003053
205,0.04037965,0.5174628,0.2225704,0.2195871
206,0.043116,0.4978694,0.2252925,0.2337221
207,0.04502542,0.4874477,0.2244457,0.2430811
208,0.0462818,0.4825656,0.2223454,0.2488073
209,0.0470682,0.480788,0.2201176,0.2520261
210,0.04754405,0.4805979,0.2181828,0.2536752
211,0.04783094,0.4811232,0.2166025,0.2544433
212,0.04801307,0.4819076,0.21529,0.2547894
213,0.04814377,0.4827385,0.2141273,0.2549903
214,0.04825182,0.4835352,0.2130341,0.2551789
215,0.04835117,0.4842751,0.2119686,0.2554052
216,0.0484468,0.4849585,0.2109233,0.2556714
217,0.04383881,0.5264355,0.1982116,0.231514
218,0.04125236,0.5441338,0.1962501,0.2183638
219,0.03984936,0.5512557,0.197327,0.2115679
220,0.03908483,0.5537099,0.1990974,0.2081079
221,0.03867321,0.5541805,0.2007221,0.2064242
222,0.03845702,0.5538989,0.20197,0.2056741
223,0.0383476,0.55341,0.202846,0.2053964
224,0.03829483,0.5529328,0.2034316,0.2053407
225,0.03827067,0.5525365,0.2038188,0.2053738
226,0.03825961,0.5522271,0.2040858,0.2054275
227,0.03825337,0.5519874,0.2042908,0.2054684
228,0.03824765,0.5517958,0.2044743,0.2054822
229,0.0389392,0.5446294,0.2074142,0.2090171
230,0.03938116,0.5409284,0.208556,0.2111344
231,0.03965592,0.5390741,0.2089212,0.2123488
232,0.03981475,0.5381994,0.2090393,0.2129466
233,0.03989799,0.5378066,0.2091434,0.2131521
234,0.03993416,0.5376277,0.2093165,0.2131217
235,0.03994239,0.537529,0.2095703,0.2129583
236,0.03993507,0.5374513,0.2098857,0.2127279
237,0.03992013,0.5373741,0.2102333,0.2124725
238,0.0399026,0.5372956,0.2105826,0.2122192
239,0.0398857,0.5372219,0.2109066,0.2119858
240,0.03987147,0.5371618,0.2111829,0.2117838
241,0.03827935,0.5503618,0.2082374,0.2031215
242,0.03729473,0.5557348,0.2091637,0.1978068
243,0.03674734,0.5575411,0.2107205,0.1949909
244,0.03644556,0.5578552,0.2121563,0.193543
245,0.03628564,0.5576259,0.2132178,0.1928706
246,0.03620632,0.5572725,0.2138922,0.192629
247,0.03617129,0.5569586,0.2142545,0.1926156
248,0.03615926,0.5567297,0.214398,0.1927132
249,0.03615809,0.5565815,0.2144052,0.1928552
250,0.0361614,0.5564944,0.2143359,0.1930084
251,0.0361659,0.556447,0.2142309,0.1931563
252,0.03617003,0.5564219,0.2141162,0.1932918
253,0.035679,0.5626995,0.2104782,0.1911434
254,0.03539535,0.565896,0.2085888,0.1901199
255,0.03520482,0.5675182,0.2077953,0.1894816
256,0.03508528,0.5682728,0.2074857,0.1891562
257,0.03501153,0.5685716,0.2073937,0.1890232
258,0.03496564,0.5686395,0.207399,0.188996
259,0.03493599,0.5685933,0.2074503,0.1890204
260,0.03491534,0.5684925,0.2075282,0.1890639
261,0.03489934,0.5683653,0.2076265,0.1891089
262,0.03488548,0.5682247,0.2077437,0.1891461
263,0.03487238,0.5680768,0.2078793,0.1891716
264,0.03485934,0.5679239,0.2080323,0.1891845
265,0.03815434,0.5347435,0.2206384,0.2064636
266,0.04053209,0.515995,0.2251339,0.2183389
267,0.04215537,0.5060394,0.2258226,0.2259827
268,0.04318202,0.50125,0.2251925,0.2303755
269,0.04378671,0.4992613,0.2243893,0.2325628
270,0.04411872,0.4986556,0.2238205,0.2334052
271,0.04429054,0.4986604,0.2235176,0.2335316
272,0.0443802,0.4989007,0.2233525,0.2333667
273,0.04443814,0.4992244,0.2231605,0.233177
274,0.04449365,0.4995891,0.2228087,0.2331086
275,0.04456157,0.4999952,0.2222171,0.2332261
276,0.04464649,0.5004533,0.2213647,0.2335356
277,0.04583968,0.4920592,0.2222663,0.2398348
278,0.04674293,0.4880003,0.2206384,0.2446183
279,0.04736538,0.4864208,0.2183747,0.2478392
280,0.04778557,0.4861829,0.2160808,0.2499507
281,0.04806583,0.4866011,0.2140301,0.251303
282,0.04825262,0.4872844,0.2123102,0.2521527
283,0.04837856,0.4880258,0.2109183,0.2526773
284,0.04846548,0.488726,0.2098149,0.2529936
285,0.04852739,0.4893456,0.2089513,0.2531757
286,0.04857316,0.4898765,0.2082806,0.2532698
287,0.04860825,0.4903249,0.2077626,0.2533043
288,0.04863598,0.4907021,0.2073655,0.2532964
289,0.04424679,0.529127,0.1959426,0.2306836
290,0.04174938,0.5455748,0.1944595,0.2182163
291,0.04036885,0.5521346,0.1958482,0.2116484
292,0.03959924,0.5542957,0.1978822,0.2082228
293,0.03917144,0.5545834,0.1997507,0.2064944
294,0.03893563,0.5541633,0.2012265,0.2056746
295,0.0388065,0.5535528,0.2023151,0.2053256
296,0.03873511,0.5529597,0.2031003,0.2052049
297,0.0386936,0.5524494,0.2036769,0.2051802
298,0.03866649,0.5520259,0.2041249,0.2051827
299,0.03864538,0.551672,0.2045045,0.2051781
300,0.0386258,0.5513663,0.2048571,0.2051508
301,0.03506302,0.5831809,0.1951948,0.1865612
302,0.03313507,0.5946972,0.1953209,0.1768469
303,0.0320887,0.598152,0.1978643,0.171895
304,0.0315087,0.5983847,0.2007036,0.169403
305,0.0311836,0.5974644,0.203137,0.1682151
306,0.03099864,0.5962599,0.2050283,0.1677132
307,0.03088989,0.5951027,0.2064477,0.1675598
308,0.03082166,0.5940899,0.2075173,0.1675712
309,0.03077427,0.5932238,0.2083518,0.1676501
310,0.03073687,0.5924754,0.2090423,0.1677454
311,0.0307039,0.5918118,0.2096509,0.1678333
312,0.03067269,0.5912061,0.2102163,0.1679049
313,0.03534894,0.5439796,0.2274094,0.1932621
314,0.03908292,0.515835,0.2320998,0.2129822
315,0.04178047,0.5003151,0.2313697,0.2265348
316,0.04357782,0.4927038,0.2287763,0.2349421
317,0.04468211,0.4896061,0.2261714,0.2395404
318,0.04530511,0.4888091,0.2242741,0.2416116
319,0.04562428,0.4890178,0.2231712,0.2421868
320,0.04577115,0.4895679,0.2226543,0.2420066
321,0.04583568,0.49018,0.2224188,0.2415655
322,0.04587344,0.4907784,0.2221911,0.2411571
323,0.04591593,0.4913732,0.2217731,0.2409378
324,0.04597779,0.4919962,0.2210588,0.2409673
325,0.04560986,0.4969942,0.2184234,0.2389725
326,0.04542531,0.5000201,0.2164602,0.2380943
327,0.04535178,0.5019993,0.214798,0.237851
328,0.04534829,0.5033984,0.21326,0.2379934
329,0.04538288,0.5044704,0.2118221,0.2383246
330,0.04543433,0.5053434,0.2105073,0.238715
331,0.04548993,0.5060782,0.2093429,0.2390889
332,0.04554269,0.5067043,0.2083458,0.2394072
333,0.0455893,0.5072368,0.2075196,0.2396543
334,0.04562922,0.5076857,0.2068525,0.2398326
335,0.0456628,0.5080607,0.2063267,0.2399498
336,0.04569072,0.5083715,0.2059227,0.240015
337,0.04606223,0.5055077,0.2066125,0.2418176
338,0.04631326,0.5040749,0.2066727,0.242939
339,0.04647637,0.5034276,0.2065173,0.2435787
340,0.04657876,0.5032004,0.2063279,0.2438929
341,0.04664049,0.5031809,0.2061847,0.2439939
342,0.04667543,0.5032509,0.2061169,0.2439568
343,0.04669273,0.5033479,0.2061295,0.2438298
344,0.04669836,0.5034419,0.2062167,0.2436431
345,0.04669615,0.5035193,0.2063688,0.2434157
346,0.04668834,0.5035762,0.2065773,0.2431581
347,0.04667646,0.5036125,0.2068334,0.2428777
348,0.04666168,0.5036297,0.2071282,0.2425804
349,0.03896314,0.5672442,0.1913757,0.202417
350,0.03520881,0.587255,0.1942419,0.1832943
351,0.03336853,0.592437,0.1997804,0.1744141
352,0.03241317,0.5924971,0.2049242,0.1701655
353,0.03190977,0.5909756,0.2088909,0.1682237
354,0.03164406,0.589211,0.2116945,0.1674504
355,0.03150271,0.5876533,0.2135926,0.1672513
356,0.03142448,0.5863944,0.2148691,0.1673121
357,0.03137647,0.5853962,0.2157579,0.1674695
358,0.03134136,0.5845879,0.2164293,0.1676415
359,0.03131042,0.5839025,0.2169964,0.1677906
360,0.03127951,0.5832896,0.2175286,0.1679022
361,0.03529324,0.5442436,0.2308626,0.1896005
362,0.03843123,0.5221483,0.2331257,0.2062947
363,0.04061145,0.5107002,0.2313371,0.2173513
364,0.04201188,0.5055881,0.228417,0.2239831
365,0.04284012,0.5038657,0.2258151,0.227479
366,0.04328523,0.5037219,0.2240358,0.228957
367,0.04349506,0.504162,0.2230798,0.2292632
368,0.04357374,0.5047148,0.222733,0.2289784
369,0.04358972,0.5052094,0.2227252,0.2284757
370,0.04358632,0.5056244,0.2228015,0.2279879
371,0.04358915,0.5059996,0.2227619,0.2276493
372,0.04361164,0.506387,0.2224754,0.227526
373,0.04421847,0.5016584,0.2236476,0.2304754
374,0.04466033,0.4994922,0.2232479,0.2325997
375,0.04498449,0.4987579,0.2220932,0.2341644
376,0.04522911,0.498821,0.2205795,0.2353704
377,0.04542033,0.4993032,0.2189311,0.2363454
378,0.04557437,0.499983,0.2172833,0.2371593
379,0.04570086,0.5007322,0.215721,0.2378459
380,0.0458056,0.5014765,0.2142961,0.2384218
381,0.04589243,0.5021749,0.2130362,0.2388965
382,0.04596398,0.5028062,0.2119533,0.2392765
383,0.04602259,0.5033619,0.2110449,0.2395706
384,0.04607037,0.5038412,0.2102992,0.2397892
385,0.04622437,0.503423,0.2097749,0.2405778
386,0.04633648,0.5033718,0.209172,0.2411198
387,0.04641129,0.5035012,0.2086527,0.2414349
388,0.04646056,0.5036988,0.2082458,0.2415949
389,0.04649229,0.5039065,0.2079534,0.2416479
390,0.0465117,0.504097,0.2077667,0.2416246
391,0.046522,0.5042596,0.2076749,0.2415435
392,0.04652504,0.5043918,0.2076686,0.2414146
393,0.04652185,0.5044938,0.2077412,0.2412431
394,0.0465133,0.5045677,0.207885,0.2410339
395,0.04649998,0.5046158,0.2080938,0.2407903
396,0.04648234,0.5046407,0.2083619,0.2405151
397,0.04774538,0.4951987,0.2098913,0.2471647
398,0.04865346,0.4903823,0.20909,0.2518743
399,0.04921373,0.4882755,0.2079381,0.2545726
400,0.04954176,0.4875985,0.2068871,0.2559727
401,0.04971968,0.4876058,0.2061156,0.2565589
402,0.04980499,0.4878882,0.2056465,0.2566604
403,0.04983637,0.4882392,0.2054312,0.2564932
404,0.04983884,0.4885682,0.2053981,0.2561948
405,0.04982809,0.4888467,0.2054751,0.2558501
406,0.0498134,0.4890761,0.205602,0.2555085
407,0.04980016,0.4892697,0.2057322,0.255198
408,0.04979121,0.4894429,0.2058325,0.2549334
409,0.04399817,0.5377129,0.1929152,0.2253737
410,0.04086602,0.5566943,0.1925664,0.2098734
411,0.03921841,0.5635328,0.1950971,0.2021516
412,0.03833281,0.5653925,0.1979535,0.1983212
413,0.03785826,0.5653045,0.2003151,0.196522
414,0.03760753,0.5645806,0.202036,0.1957758
415,0.03747693,0.5637604,0.2032104,0.1955522
416,0.03740854,0.563035,0.2039926,0.1955639
417,0.03737026,0.562445,0.2045259,0.1956587
418,0.03734469,0.561974,0.2049215,0.1957597
419,0.03732267,0.5615901,0.2052566,0.1958306
420,0.03729966,0.5612628,0.2055809,0.1958566
421,0.03754454,0.5582654,0.2070046,0.1971855
422,0.03768253,0.5566633,0.2077556,0.1978985
423,0.03775363,0.5557759,0.2082253,0.1982451
424,0.03777811,0.5552564,0.20863,0.1983355
425,0.03777284,0.554913,0.2090495,0.1982647
426,0.03774991,0.5546482,0.2095011,0.1981008
427,0.03771766,0.5544176,0.2099729,0.1978918
428,0.03768195,0.5542051,0.2104412,0.1976717
429,0.03764699,0.5540087,0.2108784,0.1974659
430,0.03761595,0.5538324,0.2112568,0.1972948
431,0.03759116,0.5536826,0.2115526,0.1971736
432,0.03757415,0.5535651,0.2117478,0.1971131
433,0.04088024,0.521548,0.2236965,0.2138753
434,0.04325265,0.5033413,0.2280948,0.2253114
435,0.04488726,0.4935552,0.2287646,0.232793
436,0.04593437,0.4887789,0.2280794,0.2372073
437,0.04657336,0.4867725,0.2270577,0.2395965
438,0.04695638,0.4861886,0.2260431,0.2408119
439,0.04719661,0.4862854,0.225052,0.241466
440,0.04737043,0.4866942,0.2239776,0.2419577
441,0.04752371,0.4872532,0.2227097,0.2425133
442,0.04767729,0.4879003,0.2212073,0.2432151
443,0.04783595,0.4886093,0.2195008,0.2440539
444,0.04799497,0.4893592,0.2176789,0.244967
445,0.04812585,0.4884357,0.2181027,0.2453358
446,0.04817237,0.4879163,0.218706,0.2452053
447,0.04822207,0.4875567,0.2190463,0.2451748
448,0.0482696,0.4873212,0.219222,0.2451872
449,0.04831515,0.4871751,0.2192802,0.2452296
450,0.04835889,0.4870938,0.2192541,0.2452932
451,0.04840075,0.4870597,0.2191695,0.2453701
452,0.04844041,0.4870596,0.2190475,0.2454524
453,0.04847742,0.4870834,0.2189061,0.245533
454,0.04851175,0.4871233,0.2187567,0.2456083
455,0.04854335,0.4871731,0.218608,0.2456756
456,0.04857218,0.4872286,0.2184663,0.2457328
457,0.04822639,0.4935881,0.2134891,0.2446965
458,0.04816221,0.4977254,0.2087885,0.2453239
459,0.04809159,0.5006131,0.2056632,0.2456321
460,0.04802147,0.5026194,0.203638,0.2457211
461,0.04795831,0.5039796,0.2023779,0.2456843
462,0.04790449,0.5048727,0.2016435,0.2455793
463,0.04785907,0.5054367,0.2012714,0.2454329
464,0.04781954,0.5057736,0.2011537,0.2452531
465,0.04778299,0.5059563,0.2012217,0.2450392
466,0.04774679,0.5060341,0.201432,0.2447872
467,0.04770885,0.5060404,0.2017579,0.2444928
468,0.04766712,0.5059943,0.202189,0.2441495
469,0.04159425,0.5555638,0.1897623,0.2130796
470,0.03839541,0.5733957,0.1910699,0.197139
471,0.03673266,0.5788948,0.1951105,0.1892621
472,0.03583467,0.5796381,0.1992271,0.1853001
473,0.03534246,0.5786889,0.2026148,0.1833538
474,0.0350698,0.5773116,0.2051653,0.1824532
475,0.03491516,0.5759903,0.2070144,0.1820801
476,0.03482237,0.5748694,0.2083529,0.1819554
477,0.03476062,0.5739563,0.2093514,0.1819317
478,0.03471329,0.5732108,0.2101414,0.1819346
479,0.03467208,0.5725867,0.2108102,0.1819311
480,0.03463316,0.5720458,0.2114107,0.1819103
481,0.04072082,0.5158584,0.2295421,0.2138787
482,0.04589164,0.4797873,0.2338076,0.2405135
483,0.04982889,0.4579885,0.2323092,0.2598734
484,0.05260615,0.4459707,0.2286981,0.2727251
485,0.05441221,0.4401788,0.2250565,0.2803525
486,0.0554868,0.4380165,0.22228,0.2842167
487,0.0560635,0.4377378,0.2205371,0.2856617
488,0.05633835,0.4382804,0.2196076,0.2857736
489,0.05646048,0.4390778,0.2191059,0.2853558
490,0.05653146,0.4398859,0.2186439,0.2849387
491,0.0566135,0.4406398,0.2179137,0.284833
492,0.05673995,0.4413528,0.2167151,0.2851922
493,0.05793328,0.4335408,0.2175263,0.2909997
494,0.05888085,0.4292268,0.2162667,0.2956256
495,0.05961386,0.4271102,0.2140434,0.2992326
496,0.06017214,0.4263569,0.2114708,0.3020002
497,0.06059195,0.4264027,0.2089166,0.3040887
498,0.06090394,0.4268745,0.206589,0.3056325
499,0.06113345,0.427533,0.2045893,0.3067442
500,0.06130053,0.4282329,0.2029504,0.3075161
501,0.06142097,0.4288927,0.2016623,0.308024
502,0.06150782,0.4294713,0.2006844,0.3083365
503,0.06157074,0.4299561,0.1999668,0.3085064
504,0.06161672,0.4303504,0.1994594,0.3085735
505,0.05841056,0.4559133,0.1932295,0.2924466
506,0.05628281,0.469438,0.1923327,0.2819465
507,0.0549977,0.4760073,0.1931875,0.2758076
508,0.05423969,0.4789282,0.1945031,0.272329
509,0.05380284,0.4800205,0.1957601,0.2704166
510,0.05355705,0.4802564,0.1967941,0.2693925
511,0.05342163,0.4801368,0.1975939,0.2688476
512,0.05334746,0.4799061,0.1982046,0.2685418
513,0.05330531,0.4796726,0.1986831,0.2683389
514,0.05327802,0.4794764,0.1990823,0.2681634
515,0.05325606,0.4793244,0.1994423,0.2679772
516,0.05323442,0.4792107,0.1997913,0.2677635
517,0.05704594,0.4480893,0.2083107,0.286554
518,0.05997817,0.4285406,0.2109557,0.3005255
519,0.06207522,0.4167109,0.2112011,0.3100128
520,0.06348934,0.4099436,0.2106173,0.3159497
521,0.06438315,0.4063443,0.2099954,0.3192772
522,0.06490722,0.404615,0.2096472,0.3208306
523,0.06518745,0.4039127,0.2096143,0.3212856
524,0.06532115,0.4037257,0.2098034,0.3211498
525,0.06537869,0.4037688,0.2100719,0.3207805
526,0.06540781,0.4039007,0.2102789,0.3204126
527,0.06543817,0.4040636,0.2103133,0.3201849
528,0.06548572,0.4042434,0.2101076,0.3201632
529,0.06752355,0.3895738,0.2129187,0.329984
530,0.06915513,0.3801871,0.2129192,0.3377385
531,0.07036788,0.3744663,0.2118104,0.3433554
532,0.07124611,0.3711725,0.2102698,0.3473116
533,0.07186881,0.3694355,0.2086617,0.350034
534,0.07230455,0.368657,0.2071584,0.3518801
535,0.0726082,0.3684385,0.2058265,0.3531269
536,0.07282086,0.3685253,0.2046797,0.3539742
537,0.07297176,0.3687612,0.2037085,0.3545585
538,0.07308108,0.369055,0.2028935,0.3549703
539,0.07316221,0.3693567,0.2022144,0.3552667
540,0.07322381,0.3696412,0.2016524,0.3554826
541,0.06687247,0.4169136,0.1916917,0.3245223
542,0.06256983,0.4427566,0.1907151,0.3039584
543,0.06006311,0.4551033,0.1923656,0.292468
544,0.05863129,0.4606353,0.1944398,0.2862937
545,0.0578277,0.4628452,0.1962038,0.2831233
546,0.05738607,0.4635125,0.197505,0.2815965
547,0.05714883,0.4635254,0.1983977,0.280928
548,0.05702348,0.4633093,0.1989931,0.2806742
549,0.05695644,0.4630522,0.1993998,0.2805915
550,0.05691731,0.4628246,0.1997054,0.2805526
551,0.05688939,0.4626425,0.199973,0.280495
552,0.05686388,0.4624998,0.2002446,0.2803918
553,0.05878286,0.4479669,0.203248,0.2900023
554,0.06021748,0.4393608,0.2033846,0.2970371
555,0.06117684,0.4346004,0.2027203,0.3015024
556,0.06178054,0.4321798,0.2019391,0.3041004
557,0.0621319,0.4311002,0.2013553,0.3054126
558,0.06231358,0.4307293,0.2010681,0.3058891
559,0.0623873,0.43069,0.2010659,0.3058568
560,0.06239663,0.4307744,0.2012883,0.3055407
561,0.06237104,0.4308791,0.2016605,0.3050894
562,0.06232981,0.430962,0.2021102,0.3045981
563,0.06228526,0.4310134,0.2025744,0.3041269
564,0.06224516,0.4310392,0.2030025,0.3037131
565,0.059581,0.4514553,0.1982893,0.2906743
566,0.05780441,0.4624712,0.1974997,0.2822248
567,0.05671978,0.4680231,0.1979681,0.277289
568,0.05608324,0.47065,0.1986855,0.2745812
569,0.05572704,0.4717846,0.1992616,0.2732269
570,0.05554041,0.472206,0.1995977,0.2726559
571,0.05545231,0.4723204,0.1997171,0.2725101
572,0.05541853,0.4723262,0.1996825,0.2725727
573,0.05541235,0.4723112,0.1995585,0.2727179
574,0.05541826,0.4723068,0.1993978,0.2728771
575,0.05542766,0.4723186,0.1992379,0.2730158
576,0.05543614,0.4723417,0.1991029,0.2731193
577,0.05667872,0.4629667,0.2010364,0.2793181
578,0.05758438,0.4576434,0.20102,0.2837523
579,0.0581807,0.4548444,0.2004306,0.2865442
580,0.05855395,0.4535229,0.1997383,0.2881848
581,0.05877363,0.453014,0.1991573,0.2890551
582,0.05889278,0.4529136,0.1987557,0.2894379
583,0.05894939,0.4529907,0.1985292,0.2895307
584,0.05896921,0.4531233,0.1984435,0.289464
585,0.05896895,0.453254,0.1984573,0.2893197
586,0.05895901,0.453361,0.1985327,0.2891473
587,0.0589456,0.4534408,0.1986385,0.2889751
588,0.05893231,0.4534976,0.1987519,0.2888182
589,0.05801895,0.4602411,0.1975223,0.2842177
590,0.05738945,0.463914,0.1975827,0.2811139
591,0.05699622,0.465766,0.1979883,0.2792495
592,0.05675987,0.4666259,0.1984283,0.278186
593,0.05662448,0.4669747,0.1987786,0.2776222
594,0.05655165,0.4670814,0.199011,0.277356
595,0.05651599,0.4670882,0.199139,0.2772568
596,0.05650128,0.4670648,0.1991907,0.2772433
597,0.05649745,0.4670411,0.1991946,0.2772669
598,0.0564987,0.4670267,0.1991739,0.2773008
599,0.05650171,0.4670218,0.1991454,0.277331
600,0.05650472,0.4670235,0.1991207,0.2773511
601,0.05417478,0.4852675,0.194548,0.2660098
602,0.05266405,0.4944811,0.1940002,0.2588546
603,0.0517563,0.498765,0.1947274,0.2547513
604,0.05122383,0.5005189,0.1957598,0.2524974
605,0.05091934,0.5010411,0.1967115,0.2513281
606,0.05074947,0.5010124,0.1974709,0.2507671
607,0.05065626,0.5007747,0.1980423,0.2505267
608,0.05060463,0.5004869,0.1984698,0.2504387
609,0.05057396,0.500214,0.1988032,0.2504089
610,0.05055243,0.4999757,0.199085,0.2503868
611,0.05053366,0.4997716,0.1993466,0.2503481
612,0.05051437,0.4995945,0.1996084,0.2502828
613,0.05332705,0.4764824,0.2061514,0.2640392
614,0.05540395,0.4628142,0.2078887,0.2738931
615,0.05682065,0.4551253,0.2077632,0.2802908
616,0.05772888,0.4511207,0.2070452,0.2841052
617,0.05827179,0.4492544,0.2063473,0.2861266
618,0.05856961,0.4485386,0.2058948,0.2869971
619,0.05871461,0.4483826,0.2057069,0.2871959
620,0.05877273,0.4484606,0.2057103,0.2870564
621,0.05878843,0.448611,0.205803,0.2867975
622,0.05879008,0.4487671,0.2058889,0.2865539
623,0.05879436,0.448911,0.2058939,0.2864006
624,0.05880992,0.4490471,0.2057717,0.2863714
625,0.05810016,0.4549766,0.2040139,0.2829094
626,0.05763004,0.4583313,0.2033237,0.280715
627,0.05735583,0.4601622,0.2029376,0.2795444
628,0.05721428,0.4611421,0.2025931,0.2790504
629,0.05715714,0.4616702,0.2022008,0.2789718
630,0.05714978,0.4619717,0.2017558,0.2791227
631,0.05716873,0.4621662,0.2012859,0.2793792
632,0.05719905,0.4623117,0.2008251,0.2796642
633,0.05723172,0.4624335,0.2004014,0.2799333
634,0.05726169,0.4625399,0.2000353,0.2801631
635,0.05728649,0.4626321,0.1997376,0.2803439
636,0.05730513,0.4627087,0.1995124,0.2804738
637,0.0558921,0.4740455,0.1963757,0.2736866
638,0.05493968,0.4800859,0.1957456,0.2692288
639,0.05434335,0.4830792,0.1960268,0.2665506
640,0.05398004,0.4844124,0.1966019,0.2650057
641,0.0537632,0.4848866,0.1972037,0.2641465
642,0.05363484,0.484947,0.1977393,0.263679
643,0.05355752,0.4848292,0.1981946,0.2634186
644,0.05350794,0.484651,0.1985865,0.2632547
645,0.05347211,0.484465,0.1989392,0.2631238
646,0.05344199,0.4842918,0.1992739,0.2629923
647,0.05341326,0.4841358,0.1996062,0.2628447
648,0.05338385,0.4839956,0.1999449,0.2626755
649,0.05421304,0.4768199,0.2023536,0.2666135
650,0.05477702,0.4727288,0.2033403,0.2691539
651,0.05513506,0.4704786,0.2037374,0.2706489
652,0.05534518,0.4693065,0.2039362,0.2714122
653,0.05545682,0.4687313,0.2041042,0.2717077
654,0.05550762,0.4684676,0.2042918,0.271733
655,0.05552438,0.4683562,0.2044931,0.2716263
656,0.05552528,0.4683157,0.2046799,0.2714791
657,0.05552205,0.4683083,0.2048205,0.2713492
658,0.05552179,0.4683197,0.2048885,0.27127
659,0.05552829,0.4683467,0.2048673,0.2712576
660,0.05554302,0.4683903,0.2047509,0.2713158
661,0.05460243,0.4761981,0.2023817,0.2668178
662,0.05398323,0.4803948,0.2016488,0.2639732
663,0.05360998,0.4825446,0.2014694,0.262376
664,0.05339976,0.4835812,0.2014329,0.2615862
665,0.05329204,0.4840446,0.2013777,0.2612857
666,0.05324514,0.484233,0.2012632,0.2612587
667,0.05323177,0.4843017,0.2010998,0.2613668
668,0.05323477,0.4843256,0.2009144,0.2615254
669,0.05324382,0.4843365,0.2007345,0.2616852
670,0.0532532,0.4843446,0.200581,0.2618213
671,0.05325993,0.4843505,0.2004674,0.2619222
672,0.0532627,0.4843516,0.2004012,0.2619845
673,0.0563303,0.4599654,0.2067612,0.276943
674,0.05864798,0.4451985,0.2081933,0.2879602
675,0.06026328,0.4366723,0.2077554,0.295309
676,0.06132717,0.43209,0.2067194,0.2998635
677,0.06198572,0.4298698,0.2057137,0.3024308
678,0.06236516,0.4289703,0.2049803,0.3036843
679,0.06256487,0.4287448,0.2045519,0.3041384
680,0.06265765,0.4288191,0.2043639,0.3041593
681,0.06269366,0.4289954,0.2043185,0.3039924
682,0.06270517,0.4291832,0.2043227,0.303789
683,0.06271181,0.4293501,0.2043018,0.3036363
684,0.06272424,0.4294929,0.2042062,0.3035766
685,0.06008965,0.4496757,0.1994517,0.290783
686,0.05832754,0.4605304,0.1986841,0.282458
687,0.05727534,0.4659314,0.1990421,0.2777512
688,0.05667396,0.4684476,0.1995945,0.275284
689,0.05634985,0.469505,0.1999975,0.2741476
690,0.05618934,0.4698722,0.2001832,0.2737553
691,0.05612036,0.469945,0.2001919,0.2737427
692,0.05609871,0.4699145,0.2000934,0.2738934
693,0.05609832,0.469863,0.1999528,0.2740859
694,0.0561048,0.4698184,0.1998181,0.2742587
695,0.05611067,0.4697847,0.1997202,0.2743844
696,0.05611244,0.4697571,0.1996763,0.2744542
697,0.05652043,0.4667633,0.2001815,0.2765347
698,0.05680991,0.4651279,0.2000726,0.2779896
699,0.05698583,0.4643178,0.1998722,0.2788242
700,0.05708352,0.463959,0.1997162,0.2792413
701,0.05712898,0.4638282,0.1996577,0.2793852
702,0.05714104,0.4637977,0.1997032,0.279358
703,0.05713278,0.4638003,0.1998374,0.2792296
704,0.05711306,0.4638038,0.2000366,0.2790466
705,0.05708774,0.4637963,0.2002759,0.2788401
706,0.05706063,0.4637764,0.200533,0.27863
707,0.05703424,0.463747,0.2007889,0.2784299
708,0.05701026,0.4637128,0.2010277,0.2782493
709,0.05639964,0.467795,0.2006952,0.2751101
710,0.05595974,0.4698776,0.2013233,0.2728393
711,0.05569062,0.4707714,0.2020457,0.2714922
712,0.05553192,0.4710607,0.2026805,0.2707269
713,0.0554451,0.471068,0.2031521,0.2703348
714,0.05540389,0.4709678,0.2034514,0.2701769
715,0.05539076,0.4708479,0.2035996,0.2701617
716,0.05539429,0.4707476,0.203628,0.2702301
717,0.05540716,0.4706796,0.2035685,0.2703448
718,0.05542475,0.4706439,0.2034497,0.2704817
719,0.05544414,0.4706349,0.2032949,0.2706261
720,0.05546357,0.4706453,0.2031228,0.2707683
721,0.05422873,0.4811049,0.1996725,0.2649939
722,0.05341784,0.4867186,0.1984958,0.2613679
723,0.05290897,0.4896012,0.1982767,0.2592133
724,0.05260222,0.4909711,0.1984047,0.2580219
725,0.05242329,0.4915442,0.1986167,0.2574159
726,0.05232157,0.4917208,0.1988157,0.2571419
727,0.05226419,0.4917148,0.198981,0.25704
728,0.05223067,0.491634,0.1991214,0.2570139
729,0.05220867,0.4915285,0.1992539,0.2570089
730,0.05219103,0.4914187,0.1993951,0.2569952
731,0.05217384,0.4913106,0.1995568,0.2569588
732,0.05215516,0.4912042,0.1997459,0.2568946
733,0.05344929,0.4805321,0.2028274,0.2631913
734,0.05435514,0.4744782,0.2037238,0.2674429
735,0.05494156,0.4712065,0.2038077,0.2700441
736,0.05529755,0.4695562,0.2036597,0.2714866
737,0.05549739,0.468794,0.2035386,0.2721699
738,0.05559779,0.4684823,0.2035274,0.2723925
739,0.05563921,0.4683761,0.2036223,0.2723624
740,0.05564907,0.4683497,0.2037839,0.2722173
741,0.05564519,0.4683459,0.2039646,0.2720444
742,0.05563857,0.4683445,0.2041209,0.2718961
743,0.05563558,0.4683431,0.2042204,0.2718009
744,0.05563943,0.4683464,0.2042427,0.2717715
745,0.05601412,0.4651921,0.2053122,0.2734815
746,0.05628138,0.4634047,0.2056488,0.2746652
747,0.05647478,0.4624327,0.2055711,0.2755214
748,0.05661289,0.4619607,0.2052911,0.2761354
749,0.05671338,0.4617802,0.204914,0.2765924
750,0.05678931,0.4617627,0.2044946,0.2769534
751,0.05684939,0.4618315,0.2040624,0.2772568
752,0.0568989,0.4619426,0.2036354,0.2775232
753,0.0569408,0.4620711,0.2032264,0.2777617
754,0.05697691,0.4622028,0.2028432,0.2779772
755,0.05700812,0.4623301,0.2024914,0.2781704
756,0.05703493,0.4624488,0.2021751,0.2783412
757,0.05815276,0.4538893,0.204205,0.2837529
758,0.0589587,0.4489145,0.2045881,0.2875387
759,0.0595023,0.4461676,0.2043409,0.2899892
760,0.05985295,0.4447597,0.2039044,0.291483
761,0.06006996,0.4441141,0.2034803,0.2923356
762,0.06019919,0.4438753,0.2031403,0.2927852
763,0.06027365,0.4438358,0.2028923,0.2929983
764,0.06031572,0.4438822,0.2027179,0.2930841
765,0.06033989,0.443957,0.2025922,0.2931108
766,0.06035503,0.4440351,0.2024921,0.2931177
767,0.0603663,0.4441078,0.2024003,0.2931256
768,0.06037646,0.444174,0.2023051,0.2931444
769,0.05889594,0.4561239,0.1988683,0.286112
770,0.05788924,0.462767,0.1978589,0.2814849
771,0.05725271,0.466266,0.1977874,0.2786938
772,0.05686638,0.4679959,0.1980212,0.2771164
773,0.05664105,0.4687781,0.1982867,0.2762942
774,0.05651497,0.4690816,0.1984887,0.2759146
775,0.05644738,0.4691623,0.1986137,0.2757766
776,0.05641238,0.4691516,0.1986798,0.2757563
777,0.05639413,0.4691119,0.1987128,0.2757812
778,0.05638342,0.4690689,0.1987352,0.2758124
779,0.05637513,0.4690308,0.1987636,0.2758305
780,0.05636663,0.4689977,0.1988084,0.2758273
781,0.05400557,0.4872586,0.1943585,0.2643774
782,0.05247853,0.4964241,0.193912,0.2571853
783,0.05155862,0.5006585,0.1947268,0.2530561
784,0.05101499,0.5023749,0.195836,0.2507741
785,0.05069942,0.5028719,0.1968568,0.2495719
786,0.05051858,0.5028274,0.1976781,0.2489759
787,0.05041479,0.5025795,0.1983046,0.2487011
788,0.05035326,0.5022849,0.1987806,0.2485813
789,0.05031355,0.5020066,0.1991559,0.2485239
790,0.05028404,0.5017636,0.1994722,0.2484801
791,0.05025855,0.5015548,0.1997599,0.2484267
792,0.05023397,0.501373,0.2000381,0.248355
793,0.05160337,0.4900704,0.203218,0.2551082
794,0.05256547,0.4837829,0.2039281,0.2597235
795,0.05318374,0.4804913,0.2037829,0.262542
796,0.05355823,0.4789147,0.2034025,0.2641245
797,0.0537696,0.4782579,0.2030638,0.2649085
798,0.05387866,0.4780534,0.2028516,0.2652163
799,0.0539283,0.4780443,0.2027579,0.2652695
800,0.05394711,0.4781015,0.2027386,0.2652127
801,0.05395317,0.478169,0.2027435,0.2651343
802,0.05395714,0.4782284,0.2027306,0.2650839
803,0.05396479,0.4782783,0.2026709,0.265086
804,0.05397861,0.4783241,0.2025491,0.2651482
805,0.05518651,0.4689632,0.2048032,0.2710471
806,0.05606119,0.4636579,0.2050562,0.2752247
807,0.0566544,0.4608322,0.2045447,0.2779687
808,0.05704473,0.4594679,0.2037773,0.2797101
809,0.05729638,0.4589188,0.2029949,0.2807899
810,0.05745771,0.4587936,0.2022912,0.2814575
811,0.05756254,0.4588675,0.2016883,0.2818816
812,0.0576331,0.4590197,0.2011787,0.2821685
813,0.05768312,0.4591901,0.2007472,0.2823797
814,0.05772078,0.4593517,0.2003784,0.2825492
815,0.05775069,0.4594948,0.2000609,0.2826937
816,0.05777527,0.4596177,0.1997871,0.2828199
817,0.05611904,0.4726789,0.1964359,0.2747661
818,0.05501249,0.479581,0.1958747,0.2695318
819,0.05433405,0.482966,0.1962241,0.2664759
820,0.0539308,0.4844723,0.1968156,0.2647813
821,0.05369853,0.4850251,0.1973746,0.2639018
822,0.05356873,0.4851282,0.1978176,0.2634854
823,0.05349771,0.4850436,0.1981447,0.2633139
824,0.05345858,0.4848987,0.1983854,0.2632574
825,0.05343526,0.4847486,0.1985743,0.2632418
826,0.05341853,0.4846127,0.1987412,0.2632276
827,0.05340339,0.4844936,0.1989075,0.2631955
828,0.05338733,0.4843875,0.1990873,0.263138
829,0.05521744,0.4696022,0.2031179,0.2720624
830,0.05654082,0.4609979,0.2041384,0.2783229
831,0.05742271,0.4562424,0.2040465,0.2822884
832,0.05797698,0.4538004,0.2036242,0.2845984
833,0.0583026,0.4526699,0.203237,0.2857906
834,0.05847806,0.452229,0.2030132,0.2862797
835,0.05856118,0.4521155,0.2029598,0.2863636
836,0.05859203,0.4521335,0.2030313,0.2862431
837,0.05859698,0.4521884,0.2031675,0.2860471
838,0.05859267,0.4522415,0.2033121,0.2858537
839,0.0585889,0.4522833,0.2034213,0.2857065
840,0.05859088,0.4523171,0.2034657,0.2856263
841,0.05841487,0.4537414,0.203139,0.2847047
842,0.05830285,0.454563,0.2029884,0.2841457
843,0.05824514,0.4550261,0.2028385,0.2838902
844,0.05822493,0.4552943,0.2026401,0.2838407
845,0.05822915,0.4554641,0.2023839,0.2839229
846,0.05824794,0.4555899,0.2020812,0.284081
847,0.05827426,0.455699,0.2017511,0.2842756
848,0.05830327,0.4558038,0.2014133,0.2844796
849,0.05833186,0.4559076,0.201085,0.2846756
850,0.05835805,0.4560099,0.2007797,0.2848524
851,0.05838075,0.4561082,0.2005069,0.2850041
852,0.05839944,0.4562,0.2002726,0.285128
853,0.05518954,0.4816291,0.193485,0.2696964
854,0.05313747,0.4944328,0.1923076,0.2601221
855,0.05191777,0.5004017,0.1929781,0.2547024
856,0.05120618,0.5029004,0.1941386,0.2517549
857,0.05079865,0.5037153,0.1952524,0.2502336
858,0.05056902,0.5037718,0.1961557,0.2495035
859,0.05044033,0.5035309,0.1968419,0.2491868
860,0.05036646,0.5032074,0.1973608,0.2490653
861,0.05032041,0.5028906,0.1977718,0.2490172
862,0.05028684,0.5026083,0.1981266,0.2489782
863,0.05025738,0.502362,0.1984636,0.2489171
864,0.05022771,0.5021433,0.1988083,0.2488207
865,0.05499138,0.4626742,0.2103504,0.271984
866,0.05870654,0.437566,0.2142767,0.2894508
867,0.06140542,0.4221344,0.214918,0.3015421
868,0.06324147,0.4131507,0.21439,0.3092178
869,0.06440299,0.4082538,0.2137763,0.3135669
870,0.06507762,0.405791,0.2135103,0.3156211
871,0.06543028,0.4046698,0.2136443,0.3162557
