EwEVersion,"6.5.13829.0 (compiled 2016-05-17)"
Date,"2016-09-06 18:35:05"
ModelName,Baltic_Proper-SEALS
EcosimScenario,Proper1_SealVuln100_19742100_seal1_cofF1
TimeSeries,new_data_weights_19742100_BAU_WAR1_codF1_seal1
StartYear,1974

Data,"Prey of microzooplankton"

TimeStep,"Cyanobacteria","Phytoplankton","Detritus-water column",
1,0.0008785256,0.5158164,0.4833051
2,0.0008198718,0.5461308,0.4530493
3,0.0007911188,0.559675,0.4395338
4,0.0007766322,0.5654634,0.4337601
5,0.0007692975,0.5675439,0.4316868
6,0.0007655739,0.5678974,0.431337
7,0.0007636457,0.5675094,0.431727
8,0.0007625801,0.5668615,0.4323759
9,0.0007619071,0.5661771,0.433061
10,0.0007613972,0.5655503,0.4336883
11,0.0007609448,0.5650129,0.4342261
12,0.0007605043,0.5645697,0.4346699
13,0.0007726948,0.5569893,0.442238
14,0.0007796324,0.5525924,0.446628
15,0.0007832795,0.5502692,0.4489475
16,0.0007850192,0.5491337,0.4500813
17,0.0007856891,0.5486611,0.4505533
18,0.0007857836,0.5485436,0.4506706
19,0.000785586,0.5486045,0.45061
20,0.0007852534,0.5487427,0.450472
21,0.0007848715,0.5488992,0.4503158
22,0.0007844871,0.5490367,0.4501787
23,0.0007841254,0.54913,0.4500859
24,0.0007838001,0.549161,0.4500553
25,0.0007128019,0.5897602,0.4095269
26,0.0006786226,0.6086188,0.3907025
27,0.0006622651,0.6165195,0.3828183
28,0.0006541656,0.6195205,0.3798253
29,0.0006501476,0.6201602,0.3791896
30,0.0006481193,0.6197114,0.3796404
31,0.000647025,0.6188141,0.3805389
32,0.0006463414,0.6177795,0.3815741
33,0.0006458191,0.6167487,0.3826056
34,0.0006453432,0.6157827,0.3835718
35,0.0006448679,0.6149006,0.3844545
36,0.0006443789,0.6141027,0.3852529
37,0.0006596079,0.6041189,0.3952215
38,0.0006681603,0.598319,0.4010129
39,0.0006726587,0.5951244,0.404203
40,0.0006748312,0.593407,0.4059182
41,0.0006757188,0.5924978,0.4068265
42,0.0006759249,0.5920126,0.4073115
43,0.0006757872,0.5917385,0.4075857
44,0.0006754882,0.5915614,0.4077632
45,0.0006751236,0.591422,0.4079029
46,0.0006747453,0.591285,0.4080403
47,0.0006743785,0.5911316,0.4081939
48,0.0006740356,0.590951,0.4083749
49,0.0006902047,0.5809171,0.4183927
50,0.0006995352,0.5751517,0.4241487
51,0.0007046558,0.5720504,0.427245
52,0.0007073485,0.5704287,0.4288639
53,0.0007086945,0.5695848,0.4297064
54,0.0007093266,0.5691155,0.4301751
55,0.0007096,0.5688021,0.4304884
56,0.0007097046,0.5685337,0.4307567
57,0.0007097368,0.5682601,0.4310302
58,0.0007097392,0.5679685,0.4313217
59,0.0007097298,0.5676602,0.4316302
60,0.0007097147,0.5673422,0.4319481
61,0.0007164613,0.5632625,0.436021
62,0.0007203276,0.5610325,0.4382472
63,0.0007226323,0.5596789,0.4395985
64,0.0007239576,0.5588757,0.4404005
65,0.0007247046,0.5583827,0.4408926
66,0.0007251185,0.5580565,0.4412184
67,0.0007253435,0.5578166,0.4414581
68,0.0007254618,0.5576205,0.4416541
69,0.0007255198,0.5574478,0.4418266
70,0.0007255449,0.5572874,0.4419871
71,0.0007255507,0.5571351,0.4421394
72,0.0007255446,0.5569903,0.4422842
73,0.0006834582,0.5824492,0.4168673
74,0.0006619956,0.5949562,0.4043818
75,0.0006510922,0.600673,0.3986759
76,0.0006455063,0.6030594,0.3962951
77,0.0006426264,0.6038129,0.3955446
78,0.0006411021,0.6038029,0.395556
79,0.0006402352,0.6034724,0.3958874
80,0.0006396709,0.6030402,0.3963201
81,0.0006392344,0.6026087,0.3967521
82,0.0006388442,0.6022215,0.3971396
83,0.0006384642,0.6018935,0.397468
84,0.0006380806,0.6016265,0.3977354
85,0.0006383589,0.6006067,0.3987549
86,0.0006383623,0.5997743,0.3995873
87,0.0006379871,0.5993913,0.3999707
88,0.000637499,0.5992,0.4001625
89,0.0006369814,0.5991188,0.4002442
90,0.0006364624,0.5991138,0.4002497
91,0.0006359488,0.599169,0.4001951
92,0.0006354408,0.5992742,0.4000904
93,0.000634937,0.5994203,0.3999447
94,0.0006344387,0.5995958,0.3997697
95,0.0006339511,0.5997854,0.3995806
96,0.0006334829,0.5999701,0.3993964
97,0.0006227616,0.6064318,0.3929455
98,0.0006168393,0.6097195,0.3896638
99,0.0006135149,0.6112986,0.3880879
100,0.0006116548,0.6119035,0.3874849
101,0.0006106101,0.6119584,0.3874309
102,0.0006100218,0.6116985,0.3876915
103,0.0006096922,0.6112547,0.3881356
104,0.0006095131,0.6107025,0.3886879
105,0.000609424,0.6100881,0.3893025
106,0.0006093886,0.6094444,0.3899462
107,0.0006093818,0.6087967,0.3905939
108,0.0006093866,0.6081648,0.3912258
109,0.0006286778,0.5952079,0.4041633
110,0.0006399935,0.5875787,0.4117814
111,0.0006462695,0.5834679,0.4158858
112,0.0006496438,0.5813385,0.4180119
113,0.0006513968,0.5802957,0.419053
114,0.0006522773,0.5798237,0.419524
115,0.0006527056,0.579637,0.4197103
116,0.0006529087,0.5795842,0.4197629
117,0.0006530037,0.579589,0.419758
118,0.0006530487,0.5796157,0.4197313
119,0.000653072,0.5796481,0.4196989
120,0.0006530865,0.579679,0.419668
121,0.0006465263,0.5839973,0.4153562
122,0.000642908,0.586369,0.4129882
123,0.0006410361,0.5874959,0.4118631
124,0.0006400722,0.5879971,0.4113629
125,0.000639583,0.5881769,0.4111835
126,0.0006393338,0.5881988,0.4111619
127,0.0006391992,0.5881489,0.4112118
128,0.0006391154,0.588071,0.4112898
129,0.0006390518,0.5879853,0.4113756
130,0.000638994,0.5879009,0.4114601
131,0.0006389362,0.587821,0.4115402
132,0.0006388758,0.5877467,0.4116144
133,0.0006936348,0.5539035,0.4454028
134,0.0007288627,0.5336701,0.4656011
135,0.0007507709,0.5221894,0.4770598
136,0.0007637936,0.5164051,0.4828311
137,0.000771332,0.5139413,0.4852873
138,0.0007756632,0.5132437,0.4859806
139,0.0007782071,0.5133716,0.4858502
140,0.0007798017,0.513792,0.4854282
141,0.000780919,0.514224,0.4849951
142,0.0007818191,0.5145273,0.4846909
143,0.0007826357,0.5146451,0.4845723
144,0.0007834331,0.5145659,0.4846506
145,0.0007134796,0.5573162,0.4419704
146,0.0006796735,0.5767962,0.4225241
147,0.0006628307,0.5853825,0.4139547
148,0.0006542469,0.588886,0.4104598
149,0.000649803,0.5900308,0.4093193
150,0.0006474481,0.5901346,0.409218
151,0.000646146,0.589825,0.4095289
152,0.0006453753,0.5893884,0.4099663
153,0.000644874,0.5889467,0.4104084
154,0.0006445107,0.5885469,0.4108086
155,0.0006442193,0.5882028,0.4111529
156,0.000643966,0.5879158,0.4114402
157,0.0007674717,0.5102121,0.4890205
158,0.0008618384,0.4529794,0.5461587
159,0.0009292632,0.4148309,0.5842398
160,0.0009752012,0.3913346,0.6076903
161,0.001005398,0.3780966,0.620898
162,0.001024707,0.3715591,0.6274162
163,0.001036843,0.3691057,0.6298575
164,0.001044451,0.3689415,0.6300141
165,0.001049305,0.3699113,0.6290394
166,0.001052532,0.3713154,0.627632
167,0.001054822,0.3727529,0.6261922
168,0.001056582,0.3740117,0.6249317
169,0.0009734679,0.4240737,0.5749528
170,0.0009275723,0.450286,0.5487865
171,0.0009042085,0.4613762,0.5377195
172,0.0008911829,0.4663131,0.5327957
173,0.0008836554,0.4685968,0.5305195
174,0.0008793158,0.4696119,0.5295088
175,0.0008768507,0.4700748,0.5290483
176,0.0008755011,0.470335,0.5287895
177,0.000874826,0.4705457,0.5285795
178,0.0008745682,0.4707634,0.5283619
179,0.0008745721,0.471004,0.5281214
180,0.0008747407,0.4712694,0.5278558
181,0.0008495058,0.4864937,0.5126568
182,0.0008350877,0.495039,0.5041259
183,0.0008270712,0.4996828,0.4994902
184,0.0008227375,0.5021558,0.4970213
185,0.0008204884,0.5034615,0.495718
186,0.0008193944,0.5041706,0.49501
187,0.0008189224,0.5046008,0.4945803
188,0.0008187724,0.5049236,0.4942576
189,0.0008187791,0.505229,0.4939521
190,0.000818855,0.5055606,0.4936206
191,0.0008189544,0.5059379,0.4932432
192,0.0008190551,0.5063689,0.4928121
193,0.0008038519,0.5157564,0.4834398
194,0.0007951642,0.5211168,0.478088
195,0.0007902749,0.5241803,0.4750294
196,0.0007875799,0.5259527,0.4732597
197,0.0007861233,0.5270245,0.4721894
198,0.0007853495,0.5277284,0.4714863
199,0.0007849427,0.5282437,0.4709713
200,0.0007847291,0.5286614,0.4705539
201,0.0007846173,0.529022,0.4701934
202,0.0007845624,0.5293388,0.4698767
203,0.0007845444,0.5296121,0.4696034
204,0.0007845556,0.5298377,0.4693777
205,0.0008512292,0.4908803,0.5082685
206,0.0008961977,0.4656861,0.5334178
207,0.0009251073,0.4506869,0.548388
208,0.0009429721,0.4424432,0.5566139
209,0.0009536665,0.4383642,0.5606822
210,0.000959943,0.4366603,0.5623798
211,0.000963629,0.4361841,0.5628522
212,0.0009658686,0.4362495,0.5627847
213,0.0009673382,0.4364785,0.5625542
214,0.0009684067,0.4367016,0.56233
215,0.0009692678,0.4368592,0.5621716
216,0.0009700164,0.4369494,0.5620806
217,0.0008918723,0.4819497,0.5171584
218,0.0008505007,0.5048288,0.4943208
219,0.0008288736,0.5159796,0.4831914
220,0.000817567,0.5212066,0.4779758
221,0.0008117431,0.5234464,0.4757419
222,0.0008088225,0.5242285,0.4749627
223,0.0008074143,0.5243458,0.4748468
224,0.000806773,0.5241988,0.4749945
225,0.0008065053,0.5239801,0.4752134
226,0.0008064091,0.5237755,0.4754181
227,0.0008063846,0.5236176,0.475576
228,0.000806385,0.5235143,0.4756792
229,0.0008198186,0.5159936,0.4831866
230,0.0008279664,0.5117719,0.4874001
231,0.0008328645,0.5094802,0.4896869
232,0.0008357364,0.5083713,0.4907929
233,0.0008373961,0.5079472,0.4912154
234,0.0008383552,0.5078993,0.4912623
235,0.0008389219,0.5080447,0.4911163
236,0.0008392759,0.5082788,0.490882
237,0.0008395182,0.5085427,0.4906178
238,0.0008397033,0.508804,0.4903563
239,0.0008398598,0.5090445,0.4901156
240,0.0008400003,0.5092545,0.4899055
241,0.0008125991,0.5257419,0.4734456
242,0.0007975002,0.5347655,0.464437
243,0.0007896522,0.5391374,0.460073
244,0.0007856179,0.541129,0.4580854
245,0.0007835945,0.5418913,0.4573251
246,0.0007826001,0.5420455,0.4571719
247,0.0007821072,0.5419232,0.4572947
248,0.0007818405,0.5416958,0.4575223
249,0.0007816643,0.5414472,0.4577712
250,0.000781518,0.5412114,0.458007
251,0.0007813769,0.5410004,0.4582182
252,0.0007812337,0.5408152,0.4584036
253,0.0007698615,0.5463727,0.4528574
254,0.0007632275,0.549107,0.4501297
255,0.0007590745,0.5506487,0.4485922
256,0.0007565281,0.5514034,0.44784
257,0.000754958,0.5517081,0.447537
258,0.000753968,0.5517735,0.4474725
259,0.0007533192,0.551722,0.4475246
260,0.0007528702,0.5516215,0.4476256
261,0.0007525383,0.5515076,0.4477398
262,0.000752276,0.551398,0.4478497
263,0.0007520564,0.5513005,0.4479474
264,0.000751864,0.5512173,0.4480309
265,0.0008157635,0.5144917,0.4846925
266,0.000858114,0.4915911,0.5075507
267,0.0008851183,0.4781291,0.5209857
268,0.0009016037,0.4709554,0.528143
269,0.0009113507,0.4676099,0.5314787
270,0.0009170097,0.4664061,0.5326768
271,0.000920308,0.4662723,0.5328074
272,0.0009223093,0.4665668,0.5325109
273,0.0009236322,0.4669297,0.5321466
274,0.000924614,0.4671839,0.5318914
275,0.0009254243,0.4672603,0.5318142
276,0.0009261361,0.4671578,0.5319161
277,0.0009447123,0.4563393,0.542716
278,0.0009565561,0.449394,0.5496495
279,0.0009637091,0.4453584,0.553678
280,0.0009678951,0.443143,0.5558892
281,0.0009702784,0.4420236,0.5570061
282,0.0009716123,0.4415371,0.5574913
283,0.0009723649,0.4413993,0.5576283
284,0.0009728148,0.4414441,0.5575831
285,0.0009731212,0.4415789,0.557448
286,0.0009733702,0.4417544,0.5572722
287,0.0009736052,0.4419461,0.5570802
288,0.0009738457,0.4421433,0.5568829
289,0.000899617,0.4841149,0.5149855
290,0.0008598766,0.5056534,0.4934869
291,0.0008388259,0.5162773,0.4828839
292,0.0008276436,0.5213273,0.477845
293,0.0008217465,0.5235375,0.4756408
294,0.0008186745,0.5243416,0.4748397
295,0.0008170918,0.524491,0.474692
296,0.0008162764,0.5243708,0.4748129
297,0.0008158438,0.524171,0.4750132
298,0.0008155957,0.5239769,0.4752074
299,0.0008154332,0.5238228,0.4753618
300,0.0008153087,0.5237178,0.4754669
301,0.0007498086,0.5611991,0.4380511
302,0.0007170184,0.5790964,0.4201865
303,0.0007002751,0.587409,0.4118907
304,0.000691598,0.5910391,0.4082693
305,0.0006870588,0.5923688,0.4069442
306,0.0006846352,0.5926042,0.4067113
307,0.000683275,0.5923572,0.4069595
308,0.0006824359,0.5919302,0.4073873
309,0.0006818448,0.5914647,0.4078534
310,0.0006813673,0.5910231,0.4082955
311,0.0006809421,0.5906262,0.4086929
312,0.0006805431,0.5902761,0.4090435
313,0.0007729144,0.535242,0.463985
314,0.0008380219,0.4977277,0.5014343
315,0.0008808968,0.4746875,0.5244317
316,0.0009076466,0.4617955,0.537297
317,0.0009235946,0.4554147,0.5436617
318,0.0009327667,0.4528743,0.5461929
319,0.000937931,0.452389,0.546673
320,0.0009408512,0.4528503,0.5462089
321,0.0009425812,0.4536107,0.5454468
322,0.0009437047,0.4543314,0.5447249
323,0.0009445259,0.4548566,0.5441989
324,0.0009451889,0.4551399,0.543915
325,0.0009375189,0.4597113,0.5393512
326,0.0009329671,0.4621345,0.5369326
327,0.000930267,0.463371,0.5356987
328,0.0009286982,0.4639146,0.5351566
329,0.0009277983,0.4640981,0.5349741
330,0.0009272919,0.4641212,0.5349515
331,0.000927023,0.4640936,0.5349794
332,0.000926905,0.4640701,0.5350029
333,0.000926889,0.4640749,0.5349982
334,0.00092695,0.4641098,0.5349633
335,0.0009270714,0.4641718,0.5349011
336,0.0009272396,0.4642563,0.5348164
337,0.0009334639,0.4609914,0.5380751
338,0.0009374319,0.4591367,0.5399258
339,0.0009399483,0.4581645,0.5408955
340,0.0009415549,0.457732,0.5413264
341,0.000942607,0.4576192,0.5414382
342,0.0009433299,0.457691,0.5413657
343,0.000943862,0.4578678,0.5411883
344,0.0009442866,0.4581039,0.5409518
345,0.0009446521,0.4583734,0.5406819
346,0.0009449859,0.458664,0.540391
347,0.0009453036,0.4589681,0.5400866
348,0.0009456147,0.4592803,0.5397741
349,0.0008152933,0.5341245,0.4650602
350,0.0007557583,0.5672451,0.4319991
351,0.000727876,0.5815338,0.4177383
352,0.0007142775,0.5875492,0.4117364
353,0.0007075843,0.5897074,0.4095851
354,0.0007042628,0.5901003,0.4091955
355,0.0007025567,0.589749,0.4095485
356,0.0007015952,0.5891432,0.4101553
357,0.0007009566,0.5885041,0.4107949
358,0.0007004466,0.5879216,0.4113779
359,0.0006999819,0.5874227,0.4118773
360,0.0006995309,0.5870075,0.4122929
361,0.0007783372,0.5401101,0.4591116
362,0.0008320922,0.5087373,0.4904306
363,0.0008661504,0.4901437,0.5089901
364,0.000886573,0.4801221,0.5189913
365,0.0008982288,0.4754049,0.5236969
366,0.0009045977,0.4737172,0.5253782
367,0.000907965,0.4736001,0.5254919
368,0.0009097275,0.474182,0.5249082
369,0.0009106873,0.4749732,0.5241161
370,0.0009112805,0.4757101,0.5233786
371,0.0009117263,0.4762651,0.5228231
372,0.000912122,0.4765908,0.5224971
373,0.0009226588,0.4710404,0.528037
374,0.0009292375,0.4676771,0.5313936
375,0.0009332816,0.4656421,0.5334246
376,0.0009357259,0.4643953,0.5346689
377,0.000937182,0.4636075,0.5354553
378,0.0009380357,0.4630912,0.5359709
379,0.000938529,0.4627446,0.5363168
380,0.0009388131,0.4625128,0.5365484
381,0.0009389835,0.4623643,0.5366967
382,0.0009390982,0.4622816,0.5367793
383,0.000939195,0.4622508,0.53681
384,0.0009392956,0.4622606,0.5368001
385,0.0009411324,0.4612382,0.5378207
386,0.0009423152,0.4606537,0.538404
387,0.0009430599,0.4603929,0.538664
388,0.0009435526,0.4603256,0.5387308
389,0.0009439057,0.4603733,0.5386828
390,0.000944184,0.4604909,0.5385649
391,0.0009444234,0.4606543,0.5384013
392,0.0009446425,0.4608518,0.5382036
393,0.0009448508,0.4610783,0.5379767
394,0.0009450545,0.46133,0.5377249
395,0.0009452562,0.4616047,0.5374501
396,0.0009454573,0.4619009,0.5371537
397,0.0009651309,0.4504503,0.5485846
398,0.0009775335,0.4433689,0.5556536
399,0.0009847928,0.4396794,0.5593358
400,0.0009889113,0.4379865,0.5610246
401,0.000991179,0.4374266,0.5615822
402,0.0009924062,0.4374713,0.5615363
403,0.0009930815,0.4378081,0.5611989
404,0.0009934864,0.4382599,0.5607466
405,0.0009937737,0.4387312,0.560275
406,0.0009940201,0.4391754,0.5598306
407,0.0009942596,0.439572,0.5594338
408,0.0009945034,0.4399144,0.5590911
409,0.000898158,0.493948,0.5051539
410,0.0008489663,0.5204241,0.4787269
411,0.0008240122,0.5328138,0.4663622
412,0.0008111619,0.5383931,0.4607958
413,0.0008045589,0.54062,0.4585755
414,0.0008011844,0.5412478,0.457951
415,0.000799451,0.5411716,0.4580289
416,0.0007985276,0.5408379,0.4583636
417,0.0007979859,0.5404577,0.4587443
418,0.0007976124,0.540122,0.4590804
419,0.0007973042,0.5398628,0.45934
420,0.0007970151,0.5396852,0.4595178
421,0.0008020544,0.5366738,0.4625241
422,0.0008048935,0.5350612,0.4641338
423,0.0008064433,0.5342289,0.4649647
424,0.0008071978,0.5338826,0.4653102
425,0.000807486,0.5338175,0.465375
426,0.0008075124,0.5339043,0.4652882
427,0.0008073988,0.5340634,0.4651291
428,0.0008072179,0.534245,0.4649478
429,0.0008070129,0.5344158,0.4647771
430,0.0008068103,0.5345524,0.4646408
431,0.0008066258,0.534638,0.4645554
432,0.0008064678,0.5346617,0.4645319
433,0.0008699024,0.4994178,0.4997124
434,0.0009118722,0.4775252,0.5215629
435,0.0009387587,0.464493,0.5345684
436,0.0009552477,0.4574074,0.5416374
437,0.0009650703,0.4538998,0.5451351
438,0.0009708432,0.4523471,0.546682
439,0.0009742708,0.4517235,0.5473022
440,0.0009763963,0.4514271,0.5475965
441,0.0009778162,0.4511429,0.5478793
442,0.0009788348,0.450756,0.5482652
443,0.000979595,0.4502631,0.5487573
444,0.0009801585,0.4497186,0.5493012
445,0.0009828501,0.4488785,0.5501387
446,0.0009845573,0.4487462,0.5502692
447,0.0009859655,0.4485941,0.5504199
448,0.000987123,0.4484617,0.5505512
449,0.0009880923,0.4483444,0.5506675
450,0.0009889186,0.4482388,0.5507722
451,0.0009896342,0.4481437,0.5508667
452,0.0009902612,0.4480605,0.5509493
453,0.000990816,0.4479912,0.551018
454,0.0009913131,0.4479353,0.5510733
455,0.0009917631,0.4478928,0.5511155
456,0.0009921737,0.4478632,0.5511447
457,0.0009816603,0.45212,0.5468983
458,0.0009752917,0.4535555,0.5454692
459,0.0009706435,0.4546795,0.5443498
460,0.0009672762,0.4555824,0.5434504
461,0.0009648943,0.4562904,0.5427447
462,0.0009632569,0.456836,0.5422007
463,0.0009621647,0.4572613,0.5417765
464,0.0009614591,0.4576086,0.5414299
465,0.00096102,0.4579148,0.5411242
466,0.0009607597,0.4582082,0.540831
467,0.000960616,0.4585099,0.5405295
468,0.000960546,0.4588359,0.5402036
469,0.0008587092,0.5161304,0.483011
470,0.0008085446,0.5433651,0.4558264
471,0.0007837475,0.5558223,0.4433939
472,0.0007712102,0.5613565,0.4378722
473,0.000764846,0.5635532,0.435682
474,0.000761601,0.5641793,0.4350591
475,0.0007599026,0.5641202,0.4351199
476,0.0007589443,0.5638107,0.4354304
477,0.0007583214,0.5634522,0.4357894
478,0.0007578393,0.5631293,0.4361129
479,0.000757411,0.5628665,0.436376
480,0.0007570015,0.5626625,0.4365805
481,0.0008712529,0.4966732,0.5024555
482,0.0009551861,0.449382,0.5496628
483,0.001012918,0.418948,0.5800391
484,0.001050725,0.4008405,0.5981088
485,0.001074381,0.3911142,0.6078113
486,0.001088548,0.3866882,0.6122233
487,0.001096705,0.3853332,0.6135702
488,0.001101285,0.3855319,0.6133668
489,0.001103886,0.3863079,0.6125882
490,0.001105476,0.3870898,0.6118047
491,0.001106595,0.3875833,0.61131
492,0.001107516,0.3876676,0.6112249
493,0.001124503,0.3786821,0.6201934
494,0.001135955,0.3726374,0.6262265
495,0.001143445,0.3686553,0.6302013
496,0.001148195,0.3661053,0.6327465
497,0.001151114,0.3645322,0.6343167
498,0.001152857,0.3636158,0.6352313
499,0.001153883,0.3631324,0.6357136
500,0.0011545,0.3629295,0.635916
501,0.001154906,0.3629036,0.6359414
502,0.001155227,0.3629808,0.635864
503,0.001155529,0.3631141,0.6357304
504,0.001155846,0.3632756,0.6355686
505,0.001108672,0.3894096,0.6094818
506,0.001079482,0.4051636,0.5937569
507,0.001062573,0.4138474,0.58509
508,0.00105304,0.4184181,0.5805288
509,0.001047839,0.4206896,0.5782626
510,0.00104513,0.4217347,0.5772202
511,0.001043818,0.422168,0.5767882
512,0.001043267,0.4223285,0.5766283
513,0.001043112,0.4223942,0.5765626
514,0.001043152,0.422454,0.5765029
515,0.00104328,0.4225459,0.5764107
516,0.001043441,0.4226825,0.576274
517,0.00110373,0.3901352,0.6087611
518,0.00114589,0.3684292,0.6304249
519,0.001174478,0.354792,0.6440335
520,0.001193358,0.3467422,0.6520644
521,0.00120553,0.3423832,0.6564112
522,0.001213224,0.3403318,0.6584551
523,0.001218038,0.3396227,0.6591592
524,0.001221065,0.3396127,0.6591662
525,0.001223022,0.3398938,0.6588831
526,0.001224355,0.340224,0.6585516
527,0.001225328,0.3404737,0.658301
528,0.001226086,0.3405885,0.6581854
529,0.001254372,0.3256665,0.6730791
530,0.001274484,0.3152971,0.6834285
531,0.001288275,0.3085031,0.6902086
532,0.001297535,0.3041908,0.6945117
533,0.00130362,0.3015516,0.6971447
534,0.001307536,0.3000013,0.6986911
535,0.00131001,0.2991346,0.6995555
536,0.001311548,0.2986815,0.700007
537,0.001312495,0.2984699,0.7002176
538,0.001313078,0.2983935,0.7002934
539,0.001313446,0.2983897,0.7002969
540,0.001313689,0.2984236,0.7002627
541,0.001227907,0.3444901,0.654282
542,0.001172571,0.3733804,0.625447
543,0.001140741,0.3889573,0.609902
544,0.001122726,0.3969301,0.6019471
545,0.001112653,0.4007488,0.5981385
546,0.001107097,0.4023954,0.5964975
547,0.001104076,0.4029745,0.5959213
548,0.001102458,0.4030805,0.5958171
549,0.001101602,0.4030181,0.5958802
550,0.001101156,0.4029334,0.5959653
551,0.001100925,0.4028883,0.5960108
552,0.001100811,0.4029026,0.5959965
553,0.001129147,0.3872203,0.6116506
554,0.001148178,0.3769818,0.62187
555,0.001160341,0.3709379,0.6279018
556,0.001167872,0.3676381,0.6311941
557,0.001172389,0.3660565,0.6327711
558,0.001175024,0.3654946,0.6333303
559,0.00117653,0.3654974,0.6333261
560,0.001177392,0.3657821,0.6330405
561,0.001177907,0.3661811,0.632641
562,0.001178246,0.3665995,0.6322222
563,0.001178506,0.3669864,0.6318351
564,0.001178736,0.3673163,0.631505
565,0.00113941,0.3885075,0.6103531
566,0.001114682,0.4013169,0.5975685
567,0.001099986,0.408444,0.590456
568,0.001091446,0.4121732,0.5867353
569,0.001086586,0.4139564,0.5849571
570,0.001083875,0.4146812,0.584235
571,0.001082387,0.4148702,0.5840474
572,0.001081578,0.4148179,0.5841005
573,0.001081135,0.4146812,0.5842376
574,0.001080886,0.4145376,0.5843815
575,0.001080737,0.4144205,0.5844988
576,0.001080641,0.4143404,0.584579
577,0.001099292,0.4040686,0.594832
578,0.001111506,0.3975088,0.6013797
579,0.001119102,0.3937006,0.6051803
580,0.001123665,0.391645,0.6072314
581,0.001126306,0.3906592,0.6082145
582,0.001127776,0.3902911,0.6085811
583,0.001128563,0.390255,0.6086164
584,0.001128972,0.3903793,0.6084917
585,0.001129182,0.3905664,0.6083044
586,0.001129297,0.3907642,0.6081065
587,0.001129372,0.3909478,0.6079228
588,0.001129435,0.3911068,0.6077638
589,0.001116265,0.3984697,0.600414
590,0.001107908,0.4030155,0.5958766
591,0.001102909,0.4055777,0.5933194
592,0.001100003,0.4069432,0.5919567
593,0.001098366,0.4076135,0.5912881
594,0.001097474,0.4079005,0.5910021
595,0.001097008,0.4079905,0.5909125
596,0.001096777,0.4079902,0.5909131
597,0.001096671,0.4079575,0.5909458
598,0.001096629,0.4079206,0.5909829
599,0.001096621,0.4078918,0.5910116
600,0.001096632,0.4078751,0.5910283
601,0.001060191,0.4273469,0.5715929
602,0.001038195,0.4386588,0.560303
603,0.001025529,0.444727,0.5542475
604,0.001018391,0.4477911,0.5511905
605,0.001014459,0.4491978,0.5497878
606,0.001012346,0.449737,0.5492506
607,0.001011237,0.4498574,0.5491314
608,0.001010664,0.4498024,0.5491869
609,0.001010366,0.449697,0.5492926
610,0.001010201,0.4496011,0.5493886
611,0.001010098,0.4495384,0.5494515
612,0.001010018,0.4495153,0.5494747
613,0.001056263,0.4247015,0.5742422
614,0.0010873,0.4087221,0.5901906
615,0.001107326,0.3991286,0.5997641
616,0.001119798,0.3937785,0.6051016
617,0.001127301,0.3910987,0.607774
618,0.001131669,0.3899952,0.6088731
619,0.001134143,0.389747,0.6091189
620,0.001135523,0.3899033,0.6089612
621,0.001136301,0.3901972,0.6086665
622,0.001136767,0.3904818,0.6083815
623,0.001137077,0.3906852,0.6081777
624,0.001137314,0.3907816,0.6080811
625,0.00112607,0.3968166,0.6020574
626,0.00111892,0.4004445,0.5984366
627,0.001114601,0.4024068,0.5964786
628,0.001112072,0.4033442,0.5955437
629,0.001110636,0.4036879,0.5952015
630,0.001109843,0.4037152,0.595175
631,0.001109416,0.4035956,0.595295
632,0.001109189,0.4034263,0.5954645
633,0.001109068,0.4032583,0.5956326
634,0.001109003,0.4031164,0.5957746
635,0.001108968,0.4030093,0.5958818
636,0.001108948,0.4029377,0.5959533
637,0.001086576,0.4147079,0.5842055
638,0.001072619,0.4217848,0.5771427
639,0.0010643,0.4257442,0.5731916
640,0.001059467,0.4278408,0.5710998
641,0.00105673,0.428876,0.5700673
642,0.001055218,0.4293407,0.5696042
643,0.001054401,0.4295234,0.5694222
644,0.001053966,0.4295861,0.56936
645,0.001053733,0.429614,0.5693323
646,0.001053602,0.4296488,0.5692976
647,0.001053519,0.4297074,0.569239
648,0.001053456,0.4297942,0.5691523
649,0.001067495,0.4225024,0.5764301
650,0.001076578,0.418092,0.5808315
651,0.001082269,0.4155851,0.5833326
652,0.001085728,0.4142955,0.5846188
653,0.001087775,0.4137336,0.5851786
654,0.001088965,0.413574,0.585337
655,0.001089651,0.4136114,0.585299
656,0.001090053,0.4137216,0.5851883
657,0.001090302,0.4138337,0.585076
658,0.001090472,0.4139102,0.5849993
659,0.001090603,0.4139352,0.5849741
660,0.001090713,0.4139058,0.5850036
661,0.001075272,0.4219943,0.5769305
662,0.001065683,0.4267562,0.5721781
663,0.001059967,0.4293355,0.5696045
664,0.001056653,0.4306009,0.5683424
665,0.001054777,0.4311181,0.5678272
666,0.001053734,0.4312391,0.5677072
667,0.001053158,0.4311727,0.5677741
668,0.001052833,0.4310364,0.5679108
669,0.001052636,0.4308923,0.5680551
670,0.001052503,0.430769,0.5681785
671,0.0010524,0.4306776,0.56827
672,0.001052311,0.43062,0.5683277
673,0.001100994,0.4045579,0.594341
674,0.001134157,0.387424,0.6114418
675,0.001155898,0.3769078,0.6219363
676,0.001169687,0.3708546,0.6279758
677,0.001178144,0.3676683,0.6311536
678,0.001183162,0.3662201,0.6325968
679,0.001186053,0.3657506,0.6330634
680,0.001187683,0.3657742,0.6330382
681,0.001188599,0.3659964,0.6328149
682,0.00118913,0.3662529,0.6325579
683,0.001189464,0.3664597,0.6323508
684,0.001189703,0.3665823,0.632228
685,0.001150625,0.3874772,0.6113721
686,0.001126099,0.4001049,0.5987691
687,0.001111683,0.4069564,0.5919319
688,0.001103401,0.4104149,0.5884817
689,0.001098749,0.4119631,0.5869382
690,0.00109619,0.4125002,0.5864037
691,0.001094805,0.4125494,0.5863558
692,0.001094059,0.4124006,0.5865052
693,0.00109365,0.4122042,0.5867022
694,0.001093415,0.4120287,0.5868778
695,0.001093267,0.4119006,0.5870062
696,0.001093165,0.4118248,0.587082
697,0.001099098,0.4084512,0.5904498
698,0.001102873,0.406337,0.5925601
699,0.001105101,0.4051939,0.593701
700,0.001106357,0.4046473,0.5942463
701,0.001107024,0.4044551,0.5944379
702,0.001107351,0.4044626,0.59443
703,0.001107491,0.4045746,0.5943179
704,0.001107538,0.4047342,0.5941583
705,0.001107541,0.4049086,0.5939839
706,0.001107531,0.4050797,0.5938128
707,0.00110752,0.4052374,0.593655
708,0.001107514,0.405376,0.5935165
709,0.001099103,0.4102324,0.5886685
710,0.001093856,0.4133157,0.5855905
711,0.001090898,0.4149776,0.5839314
712,0.001089308,0.4158124,0.5830982
713,0.001088519,0.4161683,0.5827432
714,0.001088178,0.4162586,0.5826532
715,0.001088071,0.4162106,0.5827014
716,0.001088076,0.4160974,0.5828146
717,0.001088125,0.4159593,0.5829526
718,0.001088183,0.4158179,0.5830939
719,0.001088234,0.4156837,0.5832281
720,0.001088271,0.4155616,0.5833501
721,0.001067489,0.4261733,0.5727592
722,0.001054564,0.4323916,0.5665539
723,0.001046737,0.4358762,0.5630771
724,0.0010421,0.4376975,0.5612605
725,0.001039399,0.438564,0.5603967
726,0.001037839,0.438915,0.5600471
727,0.001036938,0.43901,0.5599531
728,0.001036407,0.4389947,0.5599688
729,0.00103608,0.4389469,0.560017
730,0.001035863,0.4389051,0.5600591
731,0.001035704,0.4388859,0.5600784
732,0.001035577,0.4388942,0.5600703
733,0.001056816,0.4275552,0.571388
734,0.001070592,0.4205447,0.5783846
735,0.001079188,0.4165048,0.582416
736,0.001084382,0.4143586,0.584557
737,0.001087428,0.4133542,0.5855584
738,0.00108917,0.4129942,0.5859166
739,0.001090153,0.4129657,0.5859441
740,0.001090712,0.4130809,0.5858284
741,0.001091046,0.4132327,0.5856762
742,0.001091266,0.413364,0.5855447
743,0.001091433,0.4134481,0.5854604
744,0.001091574,0.413476,0.5854325
745,0.00109793,0.4103194,0.5885826
746,0.001102093,0.4083442,0.5905538
747,0.001104788,0.4070854,0.5918098
748,0.001106487,0.4063018,0.5925917
749,0.001107539,0.4058087,0.5930837
750,0.001108179,0.4054851,0.5934068
751,0.001108563,0.4052571,0.5936344
752,0.001108787,0.4050836,0.5938076
753,0.001108911,0.4049437,0.5939474
754,0.001108975,0.4048256,0.5940654
755,0.001109,0.4047245,0.5941665
756,0.001109001,0.4046386,0.5942523
757,0.001126135,0.3955329,0.603341
758,0.001137499,0.3897439,0.6091186
759,0.001144762,0.386271,0.6125842
760,0.001149275,0.3843053,0.6145455
761,0.001152009,0.3832707,0.6155773
762,0.00115363,0.3827801,0.6160662
763,0.001154577,0.3825871,0.6162584
764,0.001155127,0.3825423,0.6163025
765,0.00115545,0.3825605,0.616284
766,0.001155645,0.3825965,0.6162479
767,0.001155769,0.3826286,0.6162155
768,0.001155852,0.3826487,0.6161954
769,0.001132624,0.3947259,0.6041415
770,0.00111778,0.4020996,0.5967826
771,0.001108693,0.406314,0.5925773
772,0.001103257,0.4085789,0.5903178
773,0.001100066,0.4097014,0.5891985
774,0.001098218,0.4101908,0.588711
775,0.001097152,0.4103537,0.588549
776,0.00109653,0.4103664,0.588537
777,0.001096155,0.4103242,0.5885797
778,0.001095915,0.4102748,0.5886292
779,0.001095749,0.4102394,0.5886649
780,0.001095623,0.4102252,0.5886792
781,0.00105874,0.4298559,0.5690854
782,0.0010365,0.4412178,0.5577456
783,0.001023664,0.4473116,0.5516647
784,0.001016379,0.4504,0.5485836
785,0.001012309,0.4518353,0.5471524
786,0.001010062,0.4524062,0.5465838
787,0.001008823,0.4525581,0.546433
788,0.001008126,0.4525324,0.5464594
789,0.001007711,0.4524527,0.5465397
790,0.001007439,0.4523766,0.546616
791,0.001007236,0.4523268,0.546666
792,0.001007068,0.4523086,0.5466844
793,0.001029686,0.4400456,0.5589247
794,0.0010442,0.4324601,0.5664957
795,0.001053093,0.4281401,0.5708068
796,0.001058346,0.4258653,0.5730764
797,0.001061333,0.4248049,0.5741338
798,0.001062967,0.4244164,0.5745206
799,0.001063832,0.4243623,0.5745739
800,0.001064279,0.4244436,0.5744921
801,0.001064516,0.4245502,0.5743853
802,0.001064654,0.4246268,0.5743086
803,0.001064753,0.4246503,0.5742849
804,0.001064838,0.4246164,0.5743188
805,0.001083799,0.4144453,0.5844709
806,0.001096222,0.4079872,0.5909166
807,0.00110405,0.4041201,0.5947759
808,0.001108843,0.401904,0.5969872
809,0.001111701,0.4006907,0.5981976
810,0.001113366,0.4000549,0.5988317
811,0.001114318,0.399732,0.5991536
812,0.001114855,0.3995675,0.5993177
813,0.001115155,0.3994769,0.5994079
814,0.001115325,0.3994174,0.5994673
815,0.001115421,0.3993694,0.5995151
816,0.001115478,0.3993265,0.599558
817,0.001089775,0.4130526,0.5858576
818,0.001073818,0.4212537,0.5776724
819,0.001064396,0.4257553,0.5731803
820,0.001058958,0.4280785,0.5708626
821,0.001055889,0.429173,0.5697711
822,0.00105419,0.4296124,0.5693334
823,0.001053264,0.4297295,0.5692172
824,0.001052758,0.4297091,0.5692381
825,0.001052474,0.429648,0.5692996
826,0.001052304,0.4295926,0.5693551
827,0.001052191,0.4295623,0.5693855
828,0.001052105,0.4295622,0.5693856
829,0.001081427,0.4138699,0.5850487
830,0.001100845,0.4039015,0.5949976
831,0.001113197,0.3980124,0.6008745
832,0.001120807,0.3947776,0.6041015
833,0.001125353,0.3931834,0.6056912
834,0.001127999,0.3925425,0.6063295
835,0.001129511,0.3924123,0.6064582
836,0.001130376,0.3925217,0.6063479
837,0.001130887,0.3927137,0.6061555
838,0.001131216,0.3929028,0.605966
839,0.001131455,0.3930475,0.605821
840,0.001131652,0.3931322,0.6057363
841,0.001129066,0.3946541,0.6042168
842,0.001127435,0.3955563,0.6033164
843,0.001126477,0.396015,0.6028585
844,0.001125942,0.3961976,0.6026764
845,0.001125661,0.3962177,0.6026565
846,0.001125523,0.3961507,0.6027238
847,0.001125459,0.3960443,0.6028302
848,0.00112543,0.3959278,0.6029468
849,0.001125412,0.3958177,0.6030569
850,0.001125395,0.3957228,0.6031518
851,0.001125375,0.3956472,0.6032275
852,0.00112535,0.3955914,0.6032832
853,0.001074957,0.422143,0.576782
854,0.001044696,0.4374306,0.5615247
855,0.001027336,0.445582,0.5533906
856,0.001017522,0.4496927,0.5492898
857,0.001012053,0.4515949,0.5473931
858,0.001009044,0.4523471,0.5466439
859,0.001007395,0.4525438,0.5464488
860,0.001006482,0.4525059,0.5464876
861,0.001005956,0.4523982,0.5465959
862,0.001005627,0.452298,0.5466964
863,0.001005396,0.4522376,0.546757
864,0.001005214,0.4522257,0.5467691
865,0.001083805,0.4103405,0.5885757
866,0.00113925,0.3821102,0.6167506
867,0.001177098,0.3641407,0.6346822
868,0.001202146,0.3534079,0.6453899
869,0.001218243,0.3475127,0.651269
870,0.001228323,0.344664,0.6541077
871,0.001234523,0.3435847,0.6551808
872,0.001238334,0.3434028,0.655359
873,0.001240743,0.3435501,0.6552092
874,0.001242368,0.3436833,0.6550744
875,0.001243567,0.3436225,0.655134
876,0.001244523,0.3433083,0.6554472
877,0.001154842,0.3897569,0.6090883
878,0.001101079,0.4161152,0.5827838
879,0.001070831,0.4296043,0.5693249
880,0.00105378,0.4361415,0.5628048
881,0.001044122,0.439046,0.5599099
882,0.001038595,0.4401402,0.5588212
883,0.001035371,0.4403933,0.5585714
884,0.001033434,0.4402994,0.5586672
885,0.001032218,0.4400968,0.5588711
886,0.001031412,0.4398912,0.5590773
887,0.001030846,0.4397248,0.5592444
888,0.001030423,0.4396098,0.5593598
889,0.001025885,0.4415897,0.5573843
890,0.001022918,0.4427776,0.5561994
891,0.001020961,0.4435289,0.5554501
892,0.00101968,0.4440063,0.554974
893,0.001018835,0.4443282,0.554653
894,0.001018267,0.4445734,0.5544083
895,0.001017873,0.4447907,0.5541914
896,0.001017586,0.4450083,0.5539742
897,0.001017366,0.4452404,0.5537422
898,0.00101719,0.4454924,0.5534904
899,0.001017042,0.445763,0.5532199
900,0.001016917,0.4460464,0.5529367
901,0.001057287,0.4247507,0.574192
902,0.001084203,0.4112734,0.5876423
903,0.001101488,0.4033103,0.5955883
904,0.001112222,0.3989673,0.5999205
905,0.001118697,0.3968432,0.6020381
906,0.001122532,0.3959624,0.6029151
907,0.001124809,0.3956834,0.6031917
908,0.001126214,0.3956116,0.6032621
909,0.001127158,0.395527,0.6033459
910,0.001127863,0.3953304,0.6035417
911,0.001128437,0.3950017,0.6038699
912,0.001128918,0.394568,0.6043031
913,0.001149311,0.3834636,0.6153871
914,0.001163014,0.3760931,0.6227438
915,0.001171859,0.3714627,0.6273654
916,0.001177388,0.3686676,0.630155
917,0.001180725,0.3670561,0.6317632
918,0.001182662,0.3661768,0.6326405
919,0.001183734,0.3657315,0.6330848
920,0.00118429,0.3655317,0.633284
921,0.001184552,0.3654639,0.6333516
922,0.001184654,0.3654633,0.6333521
923,0.001184676,0.3654946,0.6333207
924,0.001184662,0.3655405,0.6332748
925,0.001103998,0.4084308,0.5904651
926,0.001056414,0.4327868,0.5661569
927,0.001030086,0.4453067,0.5536632
928,0.001015606,0.4514437,0.5475407
929,0.001007716,0.4542133,0.544779
930,0.001003465,0.4552731,0.5437235
931,0.001001193,0.4555211,0.5434777
932,0.0009999729,0.4554302,0.5435698
933,0.0009992976,0.4552382,0.5437625
934,0.0009988947,0.4550558,0.5439454
935,0.000998624,0.4549278,0.5440736
936,0.000998416,0.4548666,0.544135
937,0.001029586,0.4377736,0.5611969
938,0.001049855,0.4270319,0.5719182
939,0.001062414,0.4208674,0.5780702
940,0.001069908,0.417622,0.5813081
941,0.001074206,0.4161505,0.5827753
942,0.001076574,0.4156928,0.5832306
943,0.00107783,0.4157671,0.583155
944,0.00107848,0.4160813,0.5828402
945,0.001078825,0.4164647,0.5824565
946,0.001079033,0.4168209,0.5821002
947,0.001079196,0.4170986,0.5818222
948,0.001079356,0.4172741,0.5816465
949,0.00109561,0.4088628,0.5900416
950,0.001106333,0.4035278,0.5953659
951,0.001113194,0.4002694,0.5986174
952,0.001117483,0.3983334,0.6005492
953,0.001120119,0.3971905,0.6016895
954,0.00112172,0.3964976,0.6023806
955,0.001122685,0.3960477,0.6028296
956,0.001123261,0.395725,0.6031517
957,0.001123599,0.3954706,0.6034059
958,0.001123787,0.3952563,0.6036199
959,0.00112388,0.3950714,0.6038046
960,0.001123908,0.3949127,0.6039633
961,0.001110031,0.4021957,0.5966942
962,0.001101167,0.4066316,0.5922672
963,0.001095756,0.4091201,0.5897841
964,0.001092521,0.4104289,0.5884786
965,0.001090618,0.4110574,0.5878521
966,0.00108951,0.4113165,0.587594
967,0.001088863,0.411391,0.5875202
968,0.001088478,0.4113852,0.5875264
969,0.001088239,0.4113546,0.5875572
970,0.001088082,0.4113265,0.5875854
971,0.001087969,0.4113124,0.5875996
972,0.001087882,0.4113156,0.5875964
973,0.001124945,0.391724,0.607151
974,0.001150176,0.3789725,0.6198772
975,0.001166785,0.3711254,0.6277078
976,0.001177408,0.3665795,0.6322432
977,0.001184024,0.3641439,0.634672
978,0.001188053,0.3629827,0.6358292
979,0.001190469,0.3625379,0.6362716
980,0.001191915,0.3624559,0.6363522
981,0.001192794,0.3625253,0.6362819
982,0.001193352,0.3626291,0.6361775
983,0.00119373,0.3627093,0.6360971
984,0.001194006,0.3627425,0.6360635
985,0.001178712,0.3706845,0.6281368
986,0.001168609,0.3756445,0.6231868
987,0.001162207,0.378558,0.6202799
988,0.001158247,0.3801547,0.618687
989,0.001155842,0.3809544,0.6178898
990,0.001154395,0.3813006,0.6175449
991,0.001153525,0.3814089,0.6174376
992,0.001152995,0.3814067,0.6174403
993,0.00115266,0.3813656,0.6174818
994,0.001152437,0.3813224,0.6175252
995,0.00115228,0.381294,0.6175538
996,0.001152163,0.3812863,0.6175615
997,0.001160162,0.3770451,0.6217948
998,0.00116551,0.3743453,0.6244892
999,0.001168941,0.3727471,0.626084
1000,0.001171082,0.3718728,0.6269561
1001,0.001172387,0.3714517,0.627376
1002,0.001173169,0.3712999,0.6275269
1003,0.001173634,0.3712989,0.6275275
1004,0.001173913,0.3713755,0.6274506
1005,0.001174088,0.3714864,0.6273395
1006,0.001174208,0.3716065,0.6272193
1007,0.001174299,0.371722,0.6271038
1008,0.001174376,0.3718257,0.6269999
1009,0.00119216,0.3623309,0.636477
1010,0.001204264,0.3560527,0.6427431
1011,0.001212109,0.3522522,0.6465356
1012,0.001217052,0.3500773,0.6487057
1013,0.001220078,0.3489228,0.6498572
1014,0.001221883,0.3483723,0.6504058
1015,0.001222938,0.348153,0.6506241
1016,0.001223547,0.3480955,0.6506809
1017,0.001223902,0.3481015,0.6506746
1018,0.001224115,0.3481179,0.650658
1019,0.00122425,0.3481206,0.6506552
1020,0.001224343,0.3481019,0.6506738
1021,0.001231689,0.344445,0.6543233
1022,0.00123682,0.3420047,0.6567584
1023,0.001240298,0.340407,0.6583527
1024,0.0012426,0.3393979,0.6593594
1025,0.001244094,0.3387779,0.659978
1026,0.001245045,0.3384036,0.6603514
1027,0.001245641,0.3381778,0.6605766
1028,0.001246008,0.3380382,0.6607158
1029,0.00124623,0.3379468,0.6608069
1030,0.001246361,0.337882,0.6608716
1031,0.001246434,0.3378322,0.6609214
1032,0.00124647,0.3377916,0.6609619
1033,0.001184654,0.3700041,0.6288112
1034,0.001145282,0.3897092,0.6091455
1035,0.001121909,0.4006421,0.598236
1036,0.001108275,0.4063885,0.5925033
1037,0.001100433,0.4091999,0.5896997
1038,0.001095977,0.4104258,0.5884782
1039,0.001093466,0.4108464,0.5880602
1040,0.001092051,0.4108952,0.5880127
1041,0.001091243,0.4108026,0.5881062
1042,0.001090765,0.4106828,0.5882264
1043,0.001090463,0.410587,0.5883226
1044,0.001090256,0.4105336,0.5883762
1045,0.001090334,0.4104871,0.5884225
1046,0.00109039,0.4104984,0.5884112
1047,0.001090438,0.4105349,0.5883746
1048,0.001090465,0.4106046,0.5883051
1049,0.001090475,0.4107049,0.5882046
1050,0.00109047,0.4108306,0.5880789
1051,0.001090457,0.4109749,0.5879347
1052,0.001090441,0.4111305,0.587779
1053,0.001090426,0.4112905,0.5876191
1054,0.001090415,0.4114473,0.5874622
1055,0.001090413,0.4115938,0.5873158
1056,0.00109042,0.4117233,0.5871862
1057,0.001110502,0.4011399,0.5977495
1058,0.001123806,0.3944092,0.604467
1059,0.001132267,0.3904187,0.608449
1060,0.001137495,0.3881869,0.6106755
1061,0.001140643,0.3870231,0.6118363
1062,0.001142501,0.3864632,0.6123943
1063,0.001143589,0.3862133,0.6126431
1064,0.001144233,0.3860987,0.6127571
1065,0.001144626,0.3860238,0.6128315
1066,0.00114488,0.3859439,0.6129112
1067,0.001145054,0.3858431,0.6130119
1068,0.00114518,0.3857213,0.6131335
1069,0.001134452,0.3914048,0.6074607
1070,0.001127537,0.3948664,0.604006
