EwEVersion,"6.5.13829.0 (compiled 2016-05-17)"
Date,"2016-09-06 18:35:05"
ModelName,Baltic_Proper-SEALS
EcosimScenario,Proper1_SealVuln100_19742100_seal1_cofF1
TimeSeries,new_data_weights_19742100_BAU_WAR1_codF1_seal1
StartYear,1974

Data,"Prey of Cod larvae"

TimeStep,"Temora sp","Acartia sp","Pseudocalanus sp.",
1,0.1079206,0.1002676,0.7918118
2,0.1141323,0.1024312,0.7834365
3,0.1163488,0.1016292,0.7820219
4,0.1165551,0.1003183,0.7831266
5,0.1157019,0.09866481,0.7856333
6,0.1143675,0.09697758,0.7886549
7,0.1128841,0.095458,0.7916579
8,0.111417,0.09417872,0.7944043
9,0.1100314,0.09313831,0.7968302
10,0.1087406,0.09230437,0.7989549
11,0.107536,0.09163693,0.800827
12,0.1064044,0.09109852,0.8024971
13,0.1098771,0.09123518,0.7988877
14,0.1071031,0.09022536,0.8026715
15,0.1057372,0.08990478,0.804358
16,0.1047977,0.08955632,0.805646
17,0.1041137,0.08918735,0.8066989
18,0.1036687,0.08885358,0.8074777
19,0.1034871,0.08863287,0.80788
20,0.1036145,0.0887285,0.807657
21,0.1040879,0.08939309,0.8065191
22,0.1049105,0.09087361,0.8042159
23,0.1060425,0.09334081,0.8006167
24,0.1074082,0.09678238,0.7958094
25,0.074864,0.09317447,0.8319615
26,0.08790672,0.1007995,0.8112938
27,0.09150033,0.105066,0.8034337
28,0.09421317,0.1099896,0.7957972
29,0.09619444,0.112416,0.7913895
30,0.09759029,0.1124855,0.7899243
31,0.09850062,0.1112971,0.7902022
32,0.09907398,0.1099095,0.7910165
33,0.09934276,0.1084761,0.7921812
34,0.09939007,0.1072373,0.7933726
35,0.09927991,0.1062484,0.7944717
36,0.09905795,0.1054935,0.7954485
37,0.09820616,0.1053699,0.7964239
38,0.09620634,0.1043912,0.7994024
39,0.09508108,0.104027,0.800892
40,0.09432162,0.1039108,0.8017676
41,0.09376384,0.1039994,0.8022368
42,0.09333955,0.1042651,0.8023953
43,0.09302046,0.1046856,0.802294
44,0.09268634,0.1048901,0.8024236
45,0.09245195,0.1053709,0.8021772
46,0.09233656,0.1061114,0.801552
47,0.0923553,0.1071033,0.8005414
48,0.0925156,0.1083108,0.7991737
49,0.0929316,0.1115809,0.7954875
50,0.09167202,0.1122875,0.7960405
51,0.09141761,0.113076,0.7955064
52,0.09165571,0.1139048,0.7944396
53,0.09223893,0.1148837,0.7928774
54,0.0930738,0.1158911,0.791035
55,0.09408236,0.1167399,0.7891777
56,0.0952798,0.1175388,0.7871813
57,0.09651152,0.1178815,0.785607
58,0.09770507,0.1178495,0.7844454
59,0.09880087,0.1175239,0.7836753
60,0.09975964,0.1169907,0.7832496
61,0.0879424,0.1163223,0.7957352
62,0.0872246,0.1161772,0.7965983
63,0.08693174,0.1152145,0.7978537
64,0.0870295,0.1146242,0.7983463
65,0.08732837,0.1142124,0.7984592
66,0.08772466,0.1138463,0.798429
67,0.08815974,0.1134703,0.7983699
68,0.08851042,0.1128327,0.7986568
69,0.08880329,0.1121741,0.7990227
70,0.08903536,0.1114669,0.7994977
71,0.08920178,0.1107201,0.800078
72,0.08930009,0.1099476,0.8007523
73,0.07894268,0.1086852,0.8123721
74,0.07880362,0.1098645,0.8113319
75,0.07956826,0.1086039,0.8118278
76,0.08031571,0.1072842,0.8124002
77,0.08070356,0.1059632,0.8133332
78,0.08069181,0.104675,0.8146332
79,0.08033496,0.1034813,0.8161837
80,0.07971007,0.102424,0.8178658
81,0.07886852,0.1015165,0.819615
82,0.07785496,0.10077,0.8213751
83,0.07670554,0.1001872,0.8231073
84,0.07545085,0.09976794,0.8247812
85,0.0909972,0.1000639,0.8089389
86,0.09178799,0.09877569,0.8094362
87,0.09125133,0.09939699,0.8093517
88,0.09036077,0.09952717,0.8101121
89,0.08926184,0.09943099,0.8113071
90,0.08804943,0.0993094,0.8126412
91,0.08679499,0.09924016,0.8139648
92,0.08552162,0.09916243,0.8153159
93,0.08430991,0.09918508,0.816505
94,0.08322543,0.09939166,0.8173829
95,0.08232473,0.09990828,0.817767
96,0.08165595,0.1009179,0.8174262
97,0.08628522,0.1031376,0.8105772
98,0.08724121,0.1053339,0.8074248
99,0.08841681,0.1097203,0.8018628
100,0.0896752,0.1144404,0.7958844
101,0.09107756,0.1185156,0.7904068
102,0.09263119,0.121317,0.7860518
103,0.09427577,0.1226384,0.7830858
104,0.09595914,0.1228351,0.7812057
105,0.09750739,0.1220168,0.7804758
106,0.09879867,0.1205602,0.7806411
107,0.09975763,0.1187737,0.7814686
108,0.1003616,0.1168732,0.7827652
109,0.1099947,0.115296,0.7747094
110,0.1066909,0.1127019,0.7806072
111,0.1050978,0.1111153,0.7837868
112,0.1040487,0.1096569,0.7862944
113,0.1032732,0.1084979,0.7882289
114,0.1026585,0.1076117,0.7897299
115,0.1021434,0.1069234,0.7909333
116,0.1018552,0.1067322,0.7914127
117,0.1016678,0.1066369,0.7916954
118,0.1015391,0.1066257,0.7918352
119,0.1014529,0.1066909,0.7918562
120,0.101404,0.1068271,0.791769
121,0.09442579,0.1063122,0.799262
122,0.09557891,0.1072362,0.7971848
123,0.0958358,0.1074288,0.7967354
124,0.09599181,0.1078424,0.7961658
125,0.09611452,0.1082901,0.7955953
126,0.09622352,0.1087039,0.7950726
127,0.09632904,0.109081,0.79459
128,0.09639088,0.1093734,0.7942357
129,0.09644631,0.1096409,0.7939128
130,0.09650366,0.1098857,0.7936106
131,0.09656535,0.1101134,0.7933212
132,0.09663241,0.1103308,0.7930368
133,0.05247233,0.1093688,0.8381589
134,0.04422392,0.1111245,0.8446515
135,0.03556015,0.1092778,0.855162
136,0.02875414,0.1091499,0.862096
137,0.02345354,0.1107838,0.8657627
138,0.0194862,0.1139668,0.866547
139,0.01676237,0.118223,0.8650146
140,0.0151935,0.1224085,0.862398
141,0.01476639,0.1260159,0.8592176
142,0.01552287,0.1282753,0.8562018
143,0.01756366,0.1289868,0.8534496
144,0.02098331,0.1283303,0.8506864
145,0.03374868,0.1270201,0.8392313
146,0.04913974,0.1252016,0.8256587
147,0.06325436,0.1208308,0.8159148
148,0.07318548,0.1161107,0.8107038
149,0.07882935,0.1117074,0.8094632
150,0.08146588,0.1078872,0.8106469
151,0.08236007,0.1046775,0.8129625
152,0.08233301,0.1019875,0.8156796
153,0.08181318,0.09968982,0.8184969
154,0.08101401,0.09768789,0.8212981
155,0.08003213,0.09590849,0.8240594
156,0.07890755,0.09430602,0.8267863
157,0.06497585,0.09220359,0.8428206
158,0.05234007,0.08592807,0.8617318
159,0.04170196,0.08403487,0.8742631
160,0.03240049,0.08374189,0.8838576
161,0.02416125,0.0841275,0.8917112
162,0.01704634,0.08501326,0.8979404
163,0.01127132,0.08664456,0.9020841
164,0.006989677,0.08945742,0.9035528
165,0.004137991,0.09395751,0.9019045
166,0.00242277,0.1001667,0.8974105
167,0.001465715,0.1072578,0.8912765
168,0.0009541964,0.1137871,0.8852587
169,0.005280766,0.1315348,0.8631845
170,0.02865683,0.1292255,0.8421177
171,0.06587479,0.1224898,0.8116354
172,0.09072661,0.1163576,0.7929158
173,0.1033868,0.1104739,0.7861392
174,0.1077785,0.1047726,0.7874489
175,0.1078556,0.09965936,0.7924851
176,0.1059401,0.0953621,0.7986978
177,0.1033534,0.09192516,0.8047214
178,0.1007364,0.08921684,0.8100468
179,0.09833441,0.08707246,0.8145931
180,0.09619998,0.08534954,0.8184505
181,0.1006972,0.08421917,0.8150837
182,0.1016384,0.08357067,0.8147908
183,0.1013475,0.08257137,0.8160812
184,0.1004181,0.08153496,0.818047
185,0.09920374,0.08060599,0.8201903
186,0.09790375,0.07985411,0.8222421
187,0.09662333,0.0793115,0.8240652
188,0.09543369,0.07905385,0.8255125
189,0.09435491,0.07904999,0.8265951
190,0.09337279,0.07929921,0.827328
191,0.09247315,0.0798127,0.8277141
192,0.09164709,0.08061685,0.827736
193,0.09639942,0.08175516,0.8218454
194,0.09691464,0.08337367,0.8197117
195,0.09719743,0.08522235,0.8175802
196,0.09737527,0.08706154,0.8155632
197,0.09756021,0.08891027,0.8135295
198,0.09782106,0.09079741,0.8113815
199,0.0981954,0.09274317,0.8090614
200,0.09865621,0.09465358,0.8066902
201,0.09925029,0.09668858,0.8040611
202,0.09998304,0.09880959,0.8012074
203,0.1008428,0.1009482,0.798209
204,0.1018039,0.1030067,0.7951894
205,0.0973274,0.1073829,0.7952898
206,0.09231182,0.1073788,0.8003094
207,0.08990862,0.1074914,0.8026
208,0.08900356,0.1083435,0.802653
209,0.08909726,0.1099585,0.8009442
210,0.08990432,0.1120466,0.798049
211,0.09123474,0.1141884,0.7945769
212,0.09312757,0.1163995,0.790473
213,0.09524085,0.1177588,0.7870004
214,0.09738264,0.1182928,0.7843246
215,0.09936293,0.1181071,0.78253
216,0.1010346,0.1173968,0.7815686
217,0.1121079,0.1160583,0.7718338
218,0.1177535,0.1160403,0.7662062
219,0.1199521,0.1140438,0.7660041
220,0.1201402,0.1115766,0.7682832
221,0.1192886,0.109101,0.7716104
222,0.1180133,0.1068776,0.7751091
223,0.1166492,0.1049842,0.7783666
224,0.1153453,0.103396,0.7812586
225,0.1141296,0.1020185,0.7838519
226,0.1129885,0.1007798,0.7862318
227,0.1118943,0.09962609,0.7884796
228,0.1108206,0.09852081,0.7906585
229,0.09800709,0.09712892,0.8048639
230,0.09540065,0.09608926,0.8085101
231,0.0933316,0.09488568,0.8117828
232,0.09167857,0.09392448,0.8143969
233,0.09028311,0.09319595,0.816521
234,0.08907343,0.09268638,0.8182402
235,0.088028,0.09240814,0.8195638
236,0.08714996,0.09239524,0.8204548
237,0.08645761,0.09271447,0.820828
238,0.08597025,0.09337727,0.8206525
239,0.08570199,0.09435523,0.8199428
240,0.08565713,0.09557611,0.8187668
241,0.0701355,0.09466027,0.8352042
242,0.07003227,0.09838381,0.8315839
243,0.07031819,0.09929015,0.8303916
244,0.07111542,0.1003837,0.8285009
245,0.07208394,0.101275,0.826641
246,0.07305337,0.1018058,0.8251408
247,0.07394121,0.1020337,0.824025
248,0.07467467,0.1019237,0.8234016
249,0.07526919,0.1017404,0.8229904
250,0.07574093,0.1015052,0.8227538
251,0.07610778,0.1012466,0.8226457
252,0.0763876,0.1009824,0.82263
253,0.1054584,0.1014083,0.7931333
254,0.1074236,0.09994658,0.7926298
255,0.1078255,0.1002377,0.7919369
256,0.1078816,0.0998067,0.7923117
257,0.1076798,0.09910019,0.79322
258,0.1073336,0.09836942,0.7942969
259,0.1069203,0.09770022,0.7953795
260,0.1064801,0.09713497,0.7963849
261,0.1060409,0.09664129,0.7973179
262,0.1056162,0.09622419,0.7981597
263,0.1052149,0.09588277,0.7989023
264,0.1048448,0.0956164,0.7995389
265,0.06982788,0.0948661,0.835306
266,0.06252317,0.09449417,0.8429826
267,0.0558077,0.09320959,0.8509827
268,0.05063264,0.09311987,0.8562475
269,0.04660339,0.09412809,0.8592685
270,0.04355582,0.09613215,0.860312
271,0.04149119,0.0990118,0.859497
272,0.04051349,0.1026454,0.8568411
273,0.0406873,0.1061955,0.8531172
274,0.04202636,0.1091016,0.848872
275,0.04444061,0.1109764,0.844583
276,0.04770011,0.1117475,0.8405524
277,0.06097607,0.1126194,0.8264046
278,0.06840029,0.1100398,0.82156
279,0.07255659,0.1088188,0.8186246
280,0.07517722,0.107483,0.8173398
281,0.07690354,0.1060895,0.8170069
282,0.07803648,0.1047022,0.8172613
283,0.07874612,0.1033475,0.8179063
284,0.07912385,0.1019771,0.818899
285,0.07924778,0.1006336,0.8201187
286,0.07917738,0.09932462,0.821498
287,0.07895742,0.09805631,0.8229863
288,0.0786213,0.09683258,0.8245461
289,0.08946231,0.09694946,0.8135882
290,0.09505979,0.0967662,0.8081741
291,0.0976653,0.0950607,0.807274
292,0.09830883,0.09305522,0.808636
293,0.09789064,0.09109519,0.8110141
294,0.09695575,0.0893086,0.8137356
295,0.0957959,0.08773617,0.8164679
296,0.0945426,0.08637856,0.8190789
297,0.09328232,0.0852357,0.8214819
298,0.09204267,0.08428362,0.8236737
299,0.09083422,0.08350791,0.8256579
300,0.08966257,0.08290144,0.827436
301,0.09481229,0.0835892,0.8215985
302,0.09793396,0.08471173,0.8173543
303,0.0988672,0.08440867,0.8167241
304,0.0986083,0.08390763,0.817484
305,0.09778709,0.08335783,0.8188551
306,0.0967366,0.08284444,0.8204189
307,0.09562597,0.08242728,0.8219468
308,0.09453457,0.0820095,0.8234559
309,0.09345408,0.08173878,0.8248071
310,0.09242945,0.08162487,0.8259456
311,0.09148471,0.08165404,0.8268613
312,0.09063164,0.08180339,0.827565
313,0.08332299,0.08400916,0.8326678
314,0.07376876,0.08133192,0.8448993
315,0.06799873,0.07982941,0.8521718
316,0.06401356,0.07876056,0.857226
317,0.06110999,0.07812396,0.8607661
318,0.0590021,0.07826275,0.8627352
319,0.05760026,0.07984209,0.8625576
320,0.05700396,0.08420505,0.858791
321,0.05725464,0.09103265,0.8517128
322,0.05846121,0.09936642,0.8421724
323,0.0606994,0.1072534,0.8320472
324,0.06392009,0.1129186,0.8231613
325,0.07330377,0.1170623,0.809634
326,0.07950361,0.1168352,0.8036612
327,0.08455286,0.1163318,0.7991153
328,0.08858669,0.1151234,0.7962899
329,0.09160147,0.1136348,0.7947637
330,0.09367623,0.1120816,0.7942421
331,0.09496292,0.1105647,0.7944724
332,0.09556538,0.1089789,0.7954557
333,0.09571071,0.1075213,0.796768
334,0.09554832,0.1061636,0.798288
335,0.09518351,0.1048972,0.7999194
336,0.09468391,0.1037033,0.8016127
337,0.09203598,0.1020893,0.8058746
338,0.09062731,0.1010669,0.8083057
339,0.08953176,0.1000794,0.8103889
340,0.08857558,0.09910489,0.8123195
341,0.08766239,0.09811571,0.8142219
342,0.08673894,0.09710174,0.8161593
343,0.08577949,0.09606747,0.818153
344,0.08483943,0.09516275,0.8199978
345,0.08387829,0.09426588,0.8218558
346,0.08289142,0.09340645,0.8237021
347,0.08188827,0.09260808,0.8255036
348,0.08088604,0.09189684,0.8272171
349,0.0608336,0.08993222,0.8492342
350,0.05813358,0.09461085,0.8472555
351,0.05814299,0.09303208,0.848825
352,0.05916316,0.09200073,0.8488361
353,0.0601139,0.09117968,0.8487064
354,0.06064126,0.09033756,0.8490211
355,0.06070326,0.08950852,0.8497882
356,0.06036425,0.08882562,0.8508101
357,0.05970908,0.08823204,0.8520588
358,0.05880615,0.08775353,0.8534403
359,0.05770965,0.08738943,0.8549009
360,0.05646197,0.0871317,0.8564063
361,0.07105995,0.09096611,0.8379739
362,0.0676344,0.08599833,0.8463673
363,0.06304981,0.0853783,0.8515719
364,0.05927971,0.08479619,0.8559241
365,0.05608977,0.08422563,0.8596846
366,0.05339744,0.0840721,0.8625305
367,0.05122486,0.08483143,0.8639437
368,0.04963065,0.08687352,0.8634958
369,0.04874889,0.09084189,0.8604093
370,0.04871828,0.09655295,0.8547288
371,0.04966272,0.1030554,0.8472819
372,0.05164434,0.1089419,0.8394138
373,0.05160795,0.1141157,0.8342764
374,0.05392067,0.1157151,0.8303642
375,0.05720408,0.1161462,0.8266498
376,0.06096302,0.1160131,0.8230238
377,0.06478767,0.1155258,0.8196865
378,0.06835221,0.1147821,0.8168657
379,0.0714393,0.113853,0.8147077
380,0.07397039,0.1128524,0.8131772
381,0.0759114,0.1117682,0.8123204
382,0.07730445,0.1106618,0.8120338
383,0.07823426,0.1095781,0.8121877
384,0.078798,0.1085453,0.8126568
385,0.08107772,0.1072313,0.811691
386,0.08165547,0.1062694,0.8120751
387,0.08169959,0.1054332,0.8128672
388,0.08147583,0.1046275,0.8138966
389,0.08108582,0.1038384,0.8150758
390,0.08057059,0.103064,0.8163654
391,0.07994789,0.1023053,0.8177468
392,0.07916745,0.1014294,0.8194031
393,0.0782665,0.1005599,0.8211735
394,0.07726419,0.09969409,0.8230417
395,0.07617527,0.09884214,0.8249826
396,0.07501522,0.09801994,0.8269649
397,0.09455838,0.09794862,0.807493
398,0.09546883,0.09535746,0.8091738
399,0.09478545,0.09530335,0.8099113
400,0.09404743,0.09514478,0.8108078
401,0.09335269,0.09490535,0.8117419
402,0.09274098,0.09474455,0.8125145
403,0.09224119,0.0947483,0.8130105
404,0.09189463,0.09506668,0.8130388
405,0.09170643,0.09557203,0.8127215
406,0.0916814,0.09625041,0.8120682
407,0.09181616,0.09705563,0.8111283
408,0.09209957,0.0979276,0.8099728
409,0.09486827,0.09812477,0.807007
410,0.1007409,0.1010265,0.7982326
411,0.1038729,0.1014555,0.7946716
412,0.10542,0.1013761,0.7932039
413,0.105905,0.1006049,0.7934902
414,0.1057082,0.09947859,0.7948132
415,0.1051069,0.09831079,0.7965823
416,0.1043229,0.09730648,0.7983707
417,0.1034595,0.0965113,0.8000292
418,0.1025778,0.09591268,0.8015095
419,0.10171,0.09548514,0.8028048
420,0.1008717,0.0952011,0.8039272
421,0.09511313,0.09433062,0.8105562
422,0.09418662,0.09465913,0.8111543
423,0.09318469,0.09458596,0.8122294
424,0.09237119,0.09470475,0.812924
425,0.09175085,0.09502604,0.8132231
426,0.09131637,0.09555337,0.8131302
427,0.09106963,0.09631632,0.812614
428,0.09101339,0.09736802,0.8116186
429,0.09117256,0.098809,0.8100185
430,0.09155373,0.1006336,0.8078127
431,0.09215526,0.1027546,0.8050901
432,0.09296568,0.105002,0.8020323
433,0.05787167,0.1074434,0.8346849
434,0.0519698,0.1098778,0.8381525
435,0.04599022,0.1087525,0.8452573
436,0.0417366,0.1096143,0.848649
437,0.03898513,0.1120898,0.8489251
438,0.03772198,0.1154397,0.8468384
439,0.03802534,0.1187747,0.8432
440,0.0400266,0.1215886,0.8383847
441,0.04360902,0.1229648,0.8334261
442,0.04842182,0.1231062,0.828472
443,0.05388968,0.1223348,0.8237755
444,0.05933746,0.1209823,0.8196802
445,0.04106174,0.1169444,0.8419939
446,0.03284587,0.1176595,0.8494946
447,0.02804078,0.1167908,0.8551683
448,0.02510682,0.1158094,0.8590838
449,0.02326462,0.1148335,0.8619019
450,0.02209927,0.1138498,0.864051
451,0.02137095,0.1128452,0.8657838
452,0.02091501,0.1117208,0.8673643
453,0.02063616,0.1105568,0.8688071
454,0.02046905,0.1093533,0.8701776
455,0.02036661,0.1081204,0.871513
456,0.02029451,0.1068696,0.8728359
457,0.05897326,0.1066213,0.8344054
458,0.08220839,0.1022156,0.8155761
459,0.09226045,0.1002405,0.807499
460,0.09544533,0.09887324,0.8056815
461,0.09599173,0.09756531,0.8064429
462,0.09543961,0.09626964,0.8082908
463,0.09438726,0.09502035,0.8105924
464,0.09307945,0.09382705,0.8130935
465,0.09163831,0.09273415,0.8156275
466,0.09012424,0.0917609,0.8181148
467,0.08857464,0.09092744,0.8204978
468,0.08704308,0.09027879,0.8226781
469,0.08125816,0.0904354,0.8283065
470,0.08258996,0.09294982,0.8244602
471,0.08360881,0.0921176,0.8242736
472,0.08396812,0.09159659,0.8244354
473,0.08377719,0.09122327,0.8249996
474,0.08322103,0.09085347,0.8259255
475,0.08244137,0.09051405,0.8270446
476,0.0815236,0.09030136,0.8281751
477,0.08053514,0.09027975,0.8291851
478,0.07954079,0.09047359,0.8299856
479,0.07858165,0.09086762,0.8305507
480,0.07768847,0.09143739,0.8308741
481,0.1023385,0.09387809,0.8037834
482,0.0883994,0.09110269,0.8204979
483,0.08125488,0.09090543,0.8278397
484,0.07715622,0.0901735,0.8326703
485,0.07471649,0.08951817,0.8357653
486,0.07346417,0.08963054,0.8369053
487,0.07319245,0.09152132,0.8352861
488,0.07392768,0.09693497,0.8291373
489,0.07552732,0.1056879,0.8187848
490,0.07809478,0.1160623,0.805843
491,0.08176709,0.1246931,0.7935398
492,0.0868117,0.1295525,0.7836358
493,0.08752047,0.1299408,0.7825387
494,0.09128902,0.1276807,0.7810302
495,0.09507872,0.1251727,0.7797486
496,0.09828048,0.12268,0.7790394
497,0.1005877,0.1202014,0.7792109
498,0.1019329,0.1177592,0.780308
499,0.1024132,0.1154055,0.7821813
500,0.1021477,0.1130537,0.7847986
501,0.1014195,0.1109428,0.7876377
502,0.100432,0.1090568,0.7905113
503,0.09933166,0.1073886,0.7932796
504,0.09821238,0.1059182,0.7958694
505,0.09695823,0.10412,0.7989218
506,0.09762394,0.1039304,0.7984456
507,0.09782999,0.1024848,0.7996851
508,0.09745248,0.1008073,0.8017402
509,0.09667591,0.09919042,0.8041337
510,0.09568918,0.09772293,0.8065879
511,0.0946195,0.09642866,0.8089518
512,0.09357524,0.09536982,0.8110549
513,0.09256408,0.09446913,0.8129668
514,0.09159639,0.09372381,0.8146799
515,0.0906763,0.09312694,0.8161967
516,0.08980655,0.09267797,0.8175155
517,0.08376031,0.0909389,0.8253009
518,0.0787718,0.08986615,0.8313621
519,0.07516338,0.08994421,0.8348925
520,0.07250801,0.09064035,0.8368516
521,0.07058581,0.0918552,0.837559
522,0.06928521,0.09355827,0.8371565
523,0.06855833,0.09570837,0.8357333
524,0.06839424,0.09822639,0.8333794
525,0.06879172,0.1009261,0.8302822
526,0.0697376,0.1035505,0.8267119
527,0.07118253,0.1058123,0.8230051
528,0.07302575,0.1074846,0.8194896
529,0.07760727,0.1085809,0.8138119
530,0.07901954,0.1080864,0.8128941
531,0.08003633,0.1080236,0.8119401
532,0.0809529,0.1076994,0.8113477
533,0.08179821,0.107203,0.8109988
534,0.08254648,0.1065736,0.8108798
535,0.08316398,0.1058346,0.8110014
536,0.08361676,0.1049669,0.8114164
537,0.08390352,0.1040544,0.8120421
538,0.0840355,0.1031222,0.8128422
539,0.08403297,0.1021988,0.8137683
540,0.08392074,0.1013075,0.8147718
541,0.07693785,0.09899782,0.8240643
542,0.07717159,0.1007605,0.8220679
543,0.0784549,0.09946285,0.8220822
544,0.07943783,0.09759191,0.8229703
545,0.07981064,0.09573702,0.8244523
546,0.07967274,0.09406602,0.8262612
547,0.07920096,0.0926366,0.8281624
548,0.07854051,0.09147321,0.8299863
549,0.07778342,0.09054223,0.8316743
550,0.07698075,0.08982009,0.8331991
551,0.07615803,0.0892817,0.8345602
552,0.07532666,0.0889064,0.835767
553,0.08390724,0.08890392,0.8271888
554,0.08375513,0.08752581,0.828719
555,0.08284121,0.08775673,0.8294021
556,0.08197104,0.0882709,0.829758
557,0.08125126,0.08891841,0.8298304
558,0.08068836,0.08970013,0.8296115
559,0.0802737,0.09062358,0.8291028
560,0.08000354,0.09169934,0.8282972
561,0.07987962,0.09291751,0.8272029
562,0.07990765,0.09426823,0.8258241
563,0.08009295,0.09571704,0.82419
564,0.08043566,0.09720752,0.8223568
565,0.08438346,0.0997791,0.8158375
566,0.08764009,0.1013485,0.8110114
567,0.09002393,0.1022293,0.8077467
568,0.09171487,0.1025927,0.8056924
569,0.09285482,0.1024696,0.8046756
570,0.09356188,0.1020132,0.8044249
571,0.09393825,0.1013858,0.804676
572,0.09407222,0.1007091,0.8052187
573,0.09403751,0.1000594,0.805903
574,0.09389115,0.09947526,0.8066335
575,0.09367551,0.09897584,0.8073487
576,0.09342045,0.09856778,0.8080118
577,0.09798431,0.09935889,0.8026568
578,0.09718073,0.09811702,0.8047022
579,0.09658471,0.09805107,0.8053643
580,0.09618919,0.09820318,0.8056077
581,0.09595525,0.09847574,0.805569
582,0.09584536,0.09883892,0.8053157
583,0.09582847,0.09926567,0.8049058
584,0.09588203,0.0997339,0.8043841
585,0.09599186,0.1002345,0.8037736
586,0.09614759,0.1007515,0.8031009
587,0.0963413,0.1012706,0.8023881
588,0.09656639,0.1017798,0.8016537
589,0.09390523,0.103526,0.8025687
590,0.09473401,0.1039866,0.8012794
591,0.09542004,0.1041589,0.800421
592,0.09597719,0.1043286,0.7996942
593,0.09640369,0.1044312,0.7991651
594,0.0967117,0.1044549,0.7988334
595,0.09691851,0.1044172,0.7986643
596,0.09702735,0.1042656,0.798707
597,0.09706332,0.1041129,0.7988238
598,0.09704258,0.1039554,0.7990021
599,0.09697807,0.1038002,0.7992217
600,0.09688035,0.1036541,0.7994655
601,0.09777385,0.1035838,0.7986423
602,0.09960394,0.1041673,0.7962287
603,0.1005502,0.1037854,0.7956644
604,0.1008825,0.1032328,0.7958847
605,0.1008129,0.1026128,0.7965742
606,0.1004972,0.1019942,0.7975085
607,0.1000417,0.1014321,0.7985262
608,0.09952766,0.1010262,0.799446
609,0.09898943,0.1007084,0.8003021
610,0.09845077,0.1004956,0.8010536
611,0.09792588,0.1003869,0.8016873
612,0.09742384,0.1003773,0.8021989
613,0.09328592,0.1007754,0.8059387
614,0.08964869,0.0999105,0.8104408
615,0.08729915,0.1001731,0.8125278
616,0.08574139,0.100885,0.8133737
617,0.0847495,0.1019321,0.8133185
618,0.0842051,0.1032712,0.8125237
619,0.08404539,0.104863,0.8110916
620,0.08424033,0.1066643,0.8090954
621,0.08477054,0.1085709,0.8066586
622,0.08561067,0.1104384,0.8039508
623,0.0867198,0.1121054,0.8011748
624,0.08803548,0.1134352,0.7985294
625,0.09002063,0.1137335,0.7962459
626,0.09205095,0.1145811,0.7933679
627,0.09377343,0.1145978,0.7916287
628,0.09514374,0.1141681,0.7906881
629,0.09614305,0.1134313,0.7904257
630,0.09678861,0.1125182,0.7906932
631,0.09712312,0.111533,0.7913439
632,0.09720848,0.110566,0.7922255
633,0.09709459,0.1096183,0.7932872
634,0.09683243,0.1087236,0.794444
635,0.09646625,0.1078984,0.7956353
636,0.0960307,0.1071488,0.7968205
637,0.09805755,0.1055963,0.7963461
638,0.09889651,0.105595,0.7955085
639,0.09908286,0.1049671,0.79595
640,0.09886426,0.1042289,0.7969068
641,0.09841355,0.1035069,0.7980796
642,0.09784214,0.1028529,0.7993048
643,0.09721815,0.1022936,0.8004883
644,0.09658072,0.1018393,0.8015801
645,0.09595548,0.1015,0.8025446
646,0.09535766,0.1012763,0.8033661
647,0.09479839,0.1011685,0.8040331
648,0.09428717,0.1011766,0.8045363
649,0.08950064,0.1006123,0.809887
650,0.08791662,0.1009949,0.8110884
651,0.08680949,0.1013209,0.8118697
652,0.08608878,0.1019095,0.8120017
653,0.0856771,0.1027386,0.8115843
654,0.08552492,0.1037578,0.8107172
655,0.08560164,0.1049047,0.8094937
656,0.08588666,0.1061245,0.8079888
657,0.08635727,0.1073278,0.8063149
658,0.08698442,0.1084296,0.804586
659,0.08773072,0.1093523,0.802917
660,0.08855163,0.1100411,0.8014072
661,0.09179363,0.1093436,0.7988628
662,0.09350985,0.1100844,0.7964057
663,0.09471154,0.1100484,0.79524
664,0.09550696,0.1095747,0.7949184
665,0.095974,0.1088413,0.7951847
666,0.09618185,0.1079874,0.7958308
667,0.09619295,0.1071113,0.7966958
668,0.09604776,0.1062188,0.7977335
669,0.0957979,0.1054117,0.7987904
670,0.09547815,0.1046956,0.7998262
671,0.09511415,0.1040755,0.8008103
672,0.09472424,0.1035509,0.8017249
673,0.09320753,0.1048575,0.801935
674,0.08987803,0.1028634,0.8072586
675,0.08770149,0.1026934,0.8096051
676,0.08626767,0.1030756,0.8106567
677,0.08536737,0.103779,0.8108535
678,0.08488023,0.1047125,0.8104073
679,0.08473135,0.1058096,0.809459
680,0.08488557,0.1070738,0.8080407
681,0.08529651,0.1083319,0.8063716
682,0.08592869,0.1095114,0.8045599
683,0.08673911,0.1105213,0.8027396
684,0.08767571,0.1112854,0.8010388
685,0.08564617,0.1110681,0.8032857
686,0.08792454,0.1123661,0.7997094
687,0.08996803,0.111821,0.798211
688,0.09149438,0.1108988,0.7976068
689,0.09244966,0.1096829,0.7978674
690,0.09289823,0.1083197,0.7987821
691,0.09294785,0.1069535,0.8000987
692,0.09269875,0.1056312,0.8016701
693,0.09225912,0.1044634,0.8032775
694,0.09170393,0.10345,0.8048461
695,0.09108517,0.102589,0.8063259
696,0.09043781,0.1018724,0.8076898
697,0.09348635,0.1020424,0.8044713
698,0.09317852,0.1010354,0.8057861
699,0.09266292,0.1007446,0.8065924
700,0.09212782,0.1005849,0.8072873
701,0.09162878,0.1005214,0.8078498
702,0.09118602,0.1005606,0.8082534
703,0.09080967,0.1007019,0.8084885
704,0.09051326,0.1009849,0.8085018
705,0.09029733,0.1013504,0.8083523
706,0.09016517,0.1017984,0.8080364
707,0.0901189,0.1023153,0.8075658
708,0.09015831,0.1028807,0.8069611
709,0.08293329,0.1018994,0.8151672
710,0.08238011,0.1036327,0.8139873
711,0.08222184,0.1040344,0.8137438
712,0.08234081,0.1044901,0.8131691
713,0.08260115,0.1049119,0.8124869
714,0.08292944,0.1052221,0.8118484
715,0.08328338,0.1054027,0.8113139
716,0.08363412,0.1054552,0.8109107
717,0.08396012,0.1054035,0.8106364
718,0.08424779,0.1052681,0.8104842
719,0.08448839,0.1050691,0.8104424
720,0.08467727,0.1048253,0.8104974
721,0.09359829,0.1042167,0.8021851
722,0.09580308,0.1040437,0.8001533
723,0.09680147,0.1037995,0.799399
724,0.09715713,0.1032305,0.7996123
725,0.09713229,0.1025335,0.8003342
726,0.09688509,0.1018373,0.8012776
727,0.09651311,0.1012079,0.8022791
728,0.09608165,0.1007006,0.8032178
729,0.09562025,0.1002835,0.8040962
730,0.09515037,0.09996748,0.8048821
731,0.09468544,0.09975111,0.8055634
732,0.0942346,0.09962969,0.8061357
733,0.09131942,0.09875431,0.8099263
734,0.08939241,0.09874707,0.8118606
735,0.08811621,0.09897434,0.8129094
736,0.08726954,0.09941182,0.8133187
737,0.08673261,0.1000488,0.8132185
738,0.08643858,0.1008615,0.8126998
739,0.08634802,0.1018157,0.8118362
740,0.08643804,0.1028797,0.8106823
741,0.08669507,0.1040082,0.8092967
742,0.08710005,0.1051257,0.8077743
743,0.08762947,0.106157,0.8062136
744,0.08825365,0.1070354,0.8047109
745,0.08423652,0.1083429,0.8074206
746,0.08423646,0.1086777,0.8070858
747,0.08455288,0.1087573,0.8066898
748,0.08506833,0.108879,0.8060527
749,0.08566513,0.1089222,0.8054127
750,0.08626808,0.1088388,0.8048931
751,0.08682822,0.1086278,0.804544
752,0.08730036,0.1082422,0.8044575
753,0.08768228,0.1078025,0.8045152
754,0.08797245,0.1073145,0.8047131
755,0.08817558,0.1068013,0.8050231
756,0.08830062,0.1062844,0.805415
757,0.08588108,0.1051268,0.8089921
758,0.0845007,0.1046188,0.8108805
759,0.08359458,0.1043207,0.8120847
760,0.08302011,0.1041914,0.8127885
761,0.08268096,0.1041757,0.8131433
762,0.08251017,0.1042264,0.8132634
763,0.08246019,0.104307,0.8132328
764,0.08249898,0.1044068,0.8130942
765,0.08260167,0.1044888,0.8129095
766,0.08274911,0.1045418,0.8127091
767,0.08292652,0.104559,0.8125145
768,0.08312142,0.1045362,0.8123423
769,0.08890099,0.1034302,0.8076687
770,0.09102277,0.1039007,0.8050765
771,0.09219848,0.1037419,0.8040596
772,0.09279811,0.1032556,0.8039463
773,0.09303334,0.1026235,0.8043432
774,0.09303965,0.1019567,0.8050036
775,0.09290525,0.1013201,0.8057746
776,0.09267938,0.1007031,0.8066176
777,0.09240409,0.1001745,0.8074214
778,0.09210453,0.09973062,0.8081648
779,0.09179698,0.09936994,0.8088331
780,0.09149247,0.09909035,0.8094172
781,0.09211436,0.1001415,0.8077441
782,0.09388835,0.1003728,0.8057388
783,0.09484486,0.09994211,0.805213
784,0.09521727,0.09944507,0.8053377
785,0.09521879,0.09893981,0.8058414
786,0.09500061,0.09846719,0.8065323
787,0.0946631,0.09806801,0.8072689
788,0.09426998,0.09778961,0.8079404
789,0.09386087,0.0976269,0.8085122
790,0.09346004,0.09758493,0.808955
791,0.09308317,0.09766047,0.8092563
792,0.092741,0.09784632,0.8094126
793,0.09307807,0.09821287,0.808709
794,0.09142055,0.09799804,0.8105814
795,0.09045815,0.09855594,0.8109859
796,0.08991528,0.09932966,0.8107551
797,0.08969109,0.1002877,0.8100211
798,0.08972012,0.1013902,0.8088897
799,0.08995701,0.1025715,0.8074716
800,0.09036637,0.1037607,0.805873
801,0.09091222,0.1048791,0.8042087
802,0.09156039,0.1058565,0.802583
803,0.09227312,0.106634,0.8010929
804,0.0930103,0.1071749,0.7998148
805,0.09302922,0.1069473,0.8000235
806,0.09238087,0.1068624,0.8007568
807,0.0921816,0.1068614,0.800957
808,0.09223733,0.1068164,0.8009462
809,0.09244009,0.106731,0.800829
810,0.09271215,0.1065828,0.8007051
811,0.09299736,0.1063542,0.8006485
812,0.09324437,0.1059602,0.8007954
813,0.09343603,0.1055132,0.8010508
814,0.09356464,0.1050173,0.8014181
815,0.0936296,0.1044914,0.8018789
816,0.09363518,0.1039554,0.8024094
817,0.09307978,0.103475,0.8034453
818,0.09420984,0.1035323,0.8022578
819,0.0948502,0.1028266,0.8023232
820,0.09508121,0.1020212,0.8028976
821,0.09502381,0.1012177,0.8037585
822,0.09478175,0.100466,0.8047523
823,0.09443009,0.09980043,0.8057694
824,0.09402314,0.09928603,0.8066908
825,0.09358999,0.09886842,0.8075417
826,0.09314737,0.09855442,0.8082982
827,0.09270609,0.09834136,0.8089525
828,0.09227365,0.09822478,0.8095015
829,0.09036908,0.09819194,0.811439
830,0.08810197,0.09760635,0.8142917
831,0.08657944,0.09785561,0.8155649
832,0.08555494,0.09840876,0.8160363
833,0.08489017,0.09916865,0.8159412
834,0.08450118,0.1000861,0.8154128
835,0.08433619,0.1011155,0.8145483
836,0.08436121,0.1021944,0.8134444
837,0.08455662,0.1032967,0.8121467
838,0.08490172,0.1043586,0.8107396
839,0.0853727,0.1053166,0.8093107
840,0.08594035,0.1061151,0.8079446
841,0.08607189,0.1071968,0.8067313
842,0.08688872,0.1074795,0.8056318
843,0.08767457,0.1075752,0.8047502
844,0.08838542,0.1075017,0.804113
845,0.08899017,0.1072598,0.80375
846,0.08947695,0.1068836,0.8036395
847,0.08984389,0.1064153,0.8037408
848,0.09009922,0.1059065,0.8039942
849,0.09025177,0.1053652,0.804383
850,0.09031454,0.1048207,0.8048648
851,0.09030209,0.104293,0.8054049
852,0.09022867,0.1037961,0.8059753
853,0.09555033,0.1027907,0.8016589
854,0.09850433,0.1033702,0.7981254
855,0.09992184,0.1026678,0.7974104
856,0.1003453,0.1016554,0.7979993
857,0.1001833,0.1005747,0.799242
858,0.09970099,0.09955164,0.8007474
859,0.09905848,0.09865549,0.802286
860,0.09834651,0.0979156,0.8037378
861,0.09762017,0.09734429,0.8050356
862,0.09690371,0.09692994,0.8061664
863,0.09620965,0.09666152,0.8071288
864,0.09554563,0.0965296,0.8079248
865,0.08156982,0.09642057,0.8220096
866,0.07472517,0.09516282,0.830112
867,0.069694,0.09508289,0.8352231
868,0.06585919,0.09588161,0.8382592
869,0.06290521,0.09741406,0.8396807
870,0.06071216,0.09970172,0.8395861
871,0.05928296,0.1028159,0.8379011
872,0.05870666,0.1068154,0.8344778
873,0.05909238,0.1111848,0.8297228
874,0.06051302,0.1151941,0.8242928
875,0.06292719,0.1180576,0.8190152
876,0.06611422,0.1193407,0.8145451
877,0.08004633,0.1187026,0.8012511
878,0.08980753,0.118149,0.7920434
879,0.09614535,0.1150398,0.7888148
880,0.09934296,0.1110983,0.7895587
881,0.1003202,0.1071338,0.7925459
882,0.1000003,0.1036228,0.7963769
883,0.09905881,0.1007261,0.800215
884,0.0978924,0.09838556,0.8037221
885,0.09670193,0.09654608,0.8067521
886,0.09556603,0.09509849,0.8093354
887,0.09450083,0.0939541,0.811545
888,0.09349668,0.09304783,0.8134555
889,0.09764187,0.09253423,0.8098239
890,0.09763312,0.09184118,0.8105257
891,0.09714665,0.09144935,0.811404
892,0.09648161,0.09115606,0.8123623
893,0.0957474,0.0909614,0.8132912
894,0.09499785,0.09088572,0.8141165
895,0.09426538,0.09094409,0.8147905
896,0.09357108,0.09115548,0.8152735
897,0.09293408,0.09153418,0.8155317
898,0.09237397,0.09210015,0.8155258
899,0.09191241,0.09287495,0.8152126
900,0.09157277,0.09387892,0.8145483
901,0.08528634,0.09538818,0.8193255
902,0.08235832,0.09622035,0.8214213
903,0.08049855,0.09750841,0.821993
904,0.07947929,0.099422,0.8210987
905,0.07916293,0.1019768,0.8188603
906,0.07946762,0.1050471,0.8154853
907,0.08033712,0.1083157,0.8113471
908,0.08171805,0.1113672,0.8069147
909,0.08350753,0.113606,0.8028864
910,0.08554635,0.1147302,0.7997234
911,0.08762619,0.1147168,0.797657
912,0.08953144,0.1137733,0.7966952
913,0.09081703,0.1127412,0.7964418
914,0.09095167,0.110279,0.7987693
915,0.0909832,0.1083847,0.8006321
916,0.09094553,0.1067207,0.8023337
917,0.0908534,0.1052634,0.8038832
918,0.09071346,0.1039844,0.8053021
919,0.09053141,0.1028567,0.806612
920,0.09031034,0.1018429,0.8078468
921,0.09005602,0.1009415,0.8090023
922,0.0897749,0.1001397,0.8100854
923,0.08947361,0.09942897,0.8110974
924,0.08915826,0.09880219,0.8120395
925,0.09000632,0.0985899,0.8114038
926,0.09318293,0.09972559,0.8070915
927,0.09510774,0.09858459,0.8063077
928,0.0958077,0.09707887,0.8071135
929,0.09569757,0.09558534,0.8087171
930,0.09513812,0.09422892,0.8106329
931,0.09435985,0.09306893,0.8125712
932,0.09349272,0.09212741,0.8143798
933,0.09260031,0.09139318,0.8160065
934,0.09171303,0.09085535,0.8174316
935,0.0908437,0.09050036,0.818656
936,0.08999816,0.09031573,0.8196861
937,0.09308319,0.09036218,0.8165546
938,0.09066568,0.08945637,0.819878
939,0.08908623,0.08987866,0.8210351
940,0.08801204,0.09058721,0.8214008
941,0.08728772,0.09151376,0.8211985
942,0.08684268,0.09267575,0.8204816
943,0.08664279,0.0940847,0.8192725
944,0.08667699,0.09582806,0.8174949
945,0.08695929,0.0978369,0.8152038
946,0.08748021,0.1000349,0.8124849
947,0.08822475,0.1022846,0.8094907
948,0.08916415,0.104403,0.8064328
949,0.08703501,0.1063315,0.8066335
950,0.08705559,0.1075086,0.8054358
951,0.08753043,0.108279,0.8041907
952,0.08831847,0.1088212,0.8028604
953,0.08927259,0.1090795,0.801648
954,0.09026963,0.1090211,0.8007092
955,0.09121224,0.1086591,0.8001286
956,0.09202556,0.1080099,0.7999645
957,0.09268446,0.1072017,0.8001138
958,0.09317835,0.1062848,0.8005369
959,0.09351524,0.1053189,0.8011659
960,0.09371471,0.1043519,0.8019334
961,0.09371481,0.1037501,0.8025351
962,0.09441927,0.1030774,0.8025033
963,0.09480333,0.1021261,0.8030706
964,0.09491324,0.1011685,0.8039182
965,0.09483282,0.1002687,0.8048984
966,0.09463236,0.0994546,0.8059131
967,0.09436323,0.09873957,0.8068972
968,0.09405628,0.09810457,0.8078392
969,0.09372963,0.09756462,0.8087057
970,0.09339684,0.09711201,0.8094912
971,0.09306632,0.09674034,0.8101934
972,0.09274405,0.09644476,0.8108112
973,0.08594693,0.09595791,0.8180951
974,0.08259967,0.09523708,0.8221632
975,0.08038581,0.0952754,0.8243387
976,0.07893719,0.09574157,0.8253213
977,0.07803269,0.0964652,0.825502
978,0.07753319,0.09733793,0.8251289
979,0.07735027,0.09827838,0.8243713
980,0.07742396,0.09922048,0.8233556
981,0.07769948,0.1000799,0.8222206
982,0.0781333,0.1008103,0.8210565
983,0.07868279,0.1013697,0.8199474
984,0.07930438,0.1017317,0.8189639
985,0.08509637,0.1017,0.8132037
986,0.08751578,0.1017801,0.8107041
987,0.08898682,0.1015098,0.8095034
988,0.0898608,0.1008829,0.8092564
989,0.09031862,0.1000635,0.8096179
990,0.09048373,0.09917625,0.81034
991,0.090446,0.09830079,0.8112532
992,0.09027209,0.09748032,0.8122476
993,0.0900078,0.09673607,0.8132561
994,0.08968706,0.09608219,0.8142307
995,0.08933355,0.09552374,0.8151428
996,0.08896361,0.09506078,0.8159755
997,0.08743389,0.0945687,0.8179974
998,0.08644907,0.09418096,0.81937
999,0.08571248,0.09403481,0.8202527
1000,0.08515926,0.09404921,0.8207915
1001,0.08474008,0.09418058,0.8210793
1002,0.08442131,0.09439994,0.8211787
1003,0.0841809,0.09468641,0.8211327
1004,0.08400477,0.09506088,0.8209344
1005,0.08389374,0.09548279,0.8206235
1006,0.08384127,0.09593591,0.8202228
1007,0.08384252,0.09640601,0.8197515
1008,0.08389328,0.09687836,0.8192284
1009,0.08785278,0.0976827,0.8144645
1010,0.08779278,0.09738673,0.8148205
1011,0.0876508,0.09791181,0.8144374
1012,0.0876183,0.09848106,0.8139006
1013,0.08771849,0.09904161,0.8132399
1014,0.08793257,0.09956934,0.8124982
1015,0.0882296,0.1000323,0.8117381
1016,0.08857368,0.1003608,0.8110656
1017,0.08894247,0.1005939,0.8104637
1018,0.08931295,0.1007105,0.8099765
1019,0.08966573,0.1007093,0.809625
1020,0.08998571,0.1005988,0.8094155
1021,0.08598,0.1004654,0.8135545
1022,0.08499937,0.1002174,0.8147832
1023,0.08456943,0.09989091,0.8155397
1024,0.08442611,0.09963458,0.8159392
1025,0.08443373,0.09940499,0.8161613
1026,0.08451673,0.09916794,0.8163154
1027,0.08463047,0.09890781,0.8164617
1028,0.08474662,0.09861337,0.81664
1029,0.08484478,0.09829009,0.8168651
1030,0.08491603,0.09794616,0.8171378
1031,0.08495694,0.09759021,0.8174528
1032,0.08496752,0.09723086,0.8178016
1033,0.09269217,0.09743908,0.8098687
1034,0.09689221,0.09790954,0.8051983
1035,0.09910689,0.09711237,0.8037808
1036,0.09993321,0.09589194,0.8041748
1037,0.09991897,0.09457798,0.8055031
1038,0.09945104,0.09334528,0.8072037
1039,0.0987737,0.0922833,0.808943
1040,0.09803003,0.09142114,0.8105488
1041,0.09729341,0.09076459,0.811942
1042,0.09660115,0.09030376,0.8130952
1043,0.09596867,0.09002281,0.8140085
1044,0.09540023,0.08990555,0.8146942
1045,0.09324608,0.09006072,0.8166932
1046,0.09254274,0.09024984,0.8172074
1047,0.09202453,0.0905119,0.8174636
1048,0.09161907,0.09090918,0.8174717
1049,0.09129582,0.09142564,0.8172785
1050,0.09104326,0.09204332,0.8169134
1051,0.09085837,0.09274829,0.8163934
1052,0.09074121,0.09353679,0.815722
1053,0.09070025,0.09440866,0.814891
1054,0.09073901,0.09534512,0.8139158
1055,0.09085929,0.09632289,0.8128178
1056,0.09105982,0.09731246,0.8116277
1057,0.09067369,0.09849256,0.8108338
1058,0.08981214,0.0988953,0.8112925
1059,0.08948492,0.09978373,0.8107314
1060,0.08952231,0.1007454,0.8097324
1061,0.08982789,0.1016943,0.8084778
1062,0.09032302,0.1025503,0.8071266
1063,0.09093847,0.1032405,0.8058211
1064,0.09161974,0.1037761,0.8046042
1065,0.09231308,0.1040547,0.8036322
1066,0.09297107,0.1040913,0.8029376
1067,0.09355807,0.1039129,0.8025292
1068,0.09405039,0.1035581,0.8023915
1069,0.09381076,0.1041167,0.8020725
1070,0.09467863,0.1035026,0.8018188
1071,0.09529681,0.1027142,0.801989
1072,0.09564912,0.1018824,0.8024684
1073,0.09578268,0.1010489,0.8031684
1074,0.09575178,0.10025,0.8039983
1075,0.09560648,0.09951291,0.8048806
1076,0.09538537,0.09884103,0.8057736
1077,0.09511643,0.09825046,0.8066331
1078,0.09482104,0.09774011,0.8074389
1079,0.09451378,0.09730675,0.8081794
1080,0.09420474,0.0969462,0.8088491
1081,0.08867418,0.09543181,0.815894
1082,0.08553352,0.0949102,0.8195562
1083,0.08345352,0.09498689,0.8215596
1084,0.08211309,0.09542103,0.8224659
1085,0.0812977,0.09606098,0.8226413
1086,0.08086479,0.09680407,0.8223311
1087,0.08071779,0.09757683,0.8217053
1088,0.08078886,0.09831507,0.8208961
1089,0.08101913,0.09897332,0.8200076
1090,0.08136556,0.09952503,0.8191093
1091,0.08179095,0.09994915,0.8182599
1092,0.08226153,0.1002341,0.8175044
1093,0.09069984,0.1003446,0.8089556
1094,0.09503562,0.1010786,0.8038858
1095,0.09751187,0.1005926,0.8018955
1096,0.09869413,0.09956528,0.8017406
1097,0.09903927,0.09831809,0.8026426
1098,0.09887921,0.09705923,0.8040616
1099,0.09844009,0.09591001,0.8056499
1100,0.0978669,0.09492079,0.8072123
1101,0.09725093,0.09411541,0.8086337
