EwEVersion,"6.5.13829.0 (compiled 2016-05-17)"
Date,"2016-09-06 18:35:05"
ModelName,Baltic_Proper-SEALS
EcosimScenario,Proper1_SealVuln100_19742100_seal1_cofF1
TimeSeries,new_data_weights_19742100_BAU_WAR1_codF1_seal1
StartYear,1974

Data,"Prey of Pseudocalanus sp."

TimeStep,"Cyanobacteria","Phytoplankton","microzooplankton","Detritus-water column",
1,0.04366293,0.4557546,0.2818175,0.2187648
2,0.0400933,0.4747883,0.2833427,0.2017757
3,0.03816162,0.4799529,0.2887888,0.1930968
4,0.03708254,0.4799942,0.2942973,0.1886259
5,0.03647449,0.4783787,0.2987402,0.1864066
6,0.03613124,0.4764783,0.3019903,0.1854002
7,0.0359361,0.474777,0.3042554,0.1850316
8,0.03582186,0.4733877,0.3058116,0.1849787
9,0.03574984,0.4722825,0.306905,0.1850627
10,0.03569806,0.4713918,0.3077239,0.1851862
11,0.0356543,0.4706464,0.3084007,0.1852987
12,0.03561193,0.4699903,0.3090229,0.185375
13,0.03617778,0.4636158,0.3116299,0.1885765
14,0.03655842,0.4606593,0.3120425,0.1907397
15,0.03677773,0.4593259,0.3119141,0.1919824
16,0.03688683,0.4587188,0.311784,0.1926104
17,0.03692296,0.4583818,0.3118586,0.1928367
18,0.0369129,0.4581037,0.3121724,0.1928111
19,0.03687528,0.4578027,0.3126848,0.1926372
20,0.03682293,0.4574618,0.313329,0.1923863
21,0.03676483,0.4570924,0.3140332,0.1921095
22,0.03670746,0.4567172,0.3147301,0.1918453
23,0.03665565,0.4563604,0.3153605,0.1916234
24,0.03661297,0.4560439,0.3158765,0.1914666
25,0.0331501,0.4876059,0.3057854,0.1734587
26,0.0311473,0.4966094,0.3089246,0.1633187
27,0.0300859,0.4979153,0.3136111,0.1583877
28,0.02950414,0.4967392,0.3177379,0.1560188
29,0.02919316,0.4950518,0.3206866,0.1550684
30,0.02903376,0.4935321,0.322546,0.1548883
31,0.02895668,0.4923404,0.3235983,0.1551045
32,0.02892209,0.4914492,0.3241238,0.155505
33,0.02890749,0.4907782,0.3243417,0.1559726
34,0.02890019,0.4902472,0.3244103,0.1564424
35,0.02889356,0.489793,0.3244314,0.1568819
36,0.02888434,0.4893726,0.3244662,0.1572768
37,0.02955887,0.4812846,0.3278544,0.1613022
38,0.03001414,0.4778103,0.3281161,0.1640595
39,0.03029162,0.4764453,0.3274859,0.1657773
40,0.03044759,0.4759791,0.3267741,0.1667992
41,0.03052419,0.4758197,0.3262832,0.1673729
42,0.03055126,0.4757065,0.3260723,0.1676698
43,0.03054884,0.4755455,0.326102,0.1678037
44,0.03052986,0.475318,0.3263055,0.1678467
45,0.03050243,0.4750355,0.326618,0.167844
46,0.03047219,0.4747207,0.326979,0.167828
47,0.0304427,0.4743961,0.3273412,0.16782
48,0.03041627,0.4740805,0.3276694,0.1678339
49,0.03112202,0.4656734,0.3313853,0.1718192
50,0.03161122,0.4620529,0.3317747,0.1745611
51,0.0319217,0.4607027,0.3311035,0.1762721
52,0.03211289,0.4603889,0.330176,0.1773222
53,0.03222897,0.4604934,0.3293034,0.1779742
54,0.03230109,0.4607324,0.3285587,0.1784078
55,0.0323495,0.4609911,0.327923,0.1787364
56,0.03238653,0.461233,0.3273543,0.1790261
57,0.03241906,0.4614532,0.3268161,0.1793116
58,0.03244996,0.4616547,0.3262921,0.1796034
59,0.03248022,0.4618403,0.3257777,0.1799018
60,0.03250977,0.4620113,0.325277,0.1802018
61,0.03279651,0.4583774,0.3270486,0.1817774
62,0.0329813,0.4566708,0.3275991,0.1827488
63,0.03311393,0.4559421,0.3274815,0.1834624
64,0.03320458,0.4556984,0.3271341,0.1839629
65,0.03326678,0.4556791,0.3267309,0.1843233
66,0.03331061,0.4557526,0.3263398,0.1845971
67,0.0333429,0.4558569,0.3259811,0.1848191
68,0.03336789,0.455964,0.3256585,0.1850096
69,0.03338807,0.4560619,0.3253711,0.185179
70,0.03340508,0.4561472,0.3251136,0.1853342
71,0.03341977,0.4562194,0.3248827,0.1854781
72,0.03343256,0.4562791,0.3246769,0.1856114
73,0.03145631,0.476575,0.3172291,0.1747396
74,0.03024613,0.4832559,0.318229,0.168269
75,0.0295532,0.4847052,0.320933,0.1648086
76,0.02915549,0.4842364,0.3235898,0.1630183
77,0.02892856,0.4832236,0.3256813,0.1621666
78,0.02879884,0.4821925,0.3271807,0.1618279
79,0.02872261,0.4813037,0.3282202,0.1617535
80,0.02867417,0.4805715,0.3289544,0.1617998
81,0.02863875,0.479962,0.3295127,0.1618865
82,0.02860807,0.4794324,0.3299897,0.16197
83,0.02857767,0.4789471,0.330447,0.1620281
84,0.02854539,0.4784811,0.3309222,0.1620512
85,0.02860034,0.4783809,0.3303103,0.1627084
86,0.02864648,0.4784861,0.3295572,0.1633102
87,0.02865083,0.4785344,0.3292269,0.1635879
88,0.0286345,0.4784752,0.329192,0.1636983
89,0.028605,0.4783058,0.3293932,0.163696
90,0.02856615,0.4780417,0.3297829,0.1636092
91,0.02852024,0.4777029,0.3303211,0.1634558
92,0.02846891,0.4773081,0.3309737,0.1632493
93,0.02841358,0.4768747,0.3317096,0.1630021
94,0.02835585,0.4764191,0.3324978,0.1627274
95,0.0282976,0.4759564,0.333305,0.1624411
96,0.02824105,0.4755028,0.3340945,0.1621615
97,0.02775283,0.4804463,0.3323175,0.1594833
98,0.02743677,0.4821348,0.3325769,0.1578515
99,0.02723672,0.4824592,0.3333916,0.1569125
100,0.02711729,0.4822812,0.3341454,0.1564561
101,0.02705215,0.4819891,0.3346333,0.1563255
102,0.02702351,0.4817384,0.3348223,0.1564157
103,0.02701935,0.4815749,0.3347504,0.1566554
104,0.02703137,0.4814954,0.334479,0.1569942
105,0.02705368,0.4814784,0.3340726,0.1573953
106,0.02708176,0.4814977,0.3335923,0.1578284
107,0.02711206,0.4815294,0.3330894,0.1582691
108,0.0271419,0.4815552,0.3326046,0.1586984
109,0.02802958,0.4717748,0.3360826,0.164113
110,0.02866479,0.4678608,0.3355022,0.1679722
111,0.02907423,0.4666476,0.3338796,0.1703987
112,0.02932973,0.4665942,0.3321984,0.1718776
113,0.02948329,0.4669358,0.3308393,0.1727416
114,0.02957215,0.4673304,0.3298746,0.1732228
115,0.02962137,0.4676506,0.3292538,0.1734743
116,0.02964705,0.4678677,0.3288927,0.1735924
117,0.02965911,0.4679938,0.3287114,0.1736358
118,0.0296634,0.4680509,0.3286479,0.1736378
119,0.02966344,0.4680609,0.3286573,0.1736185
120,0.02966129,0.4680413,0.3287082,0.1735892
121,0.02934244,0.4711924,0.3277817,0.1716834
122,0.02912392,0.4722255,0.3282636,0.1703869
123,0.02899351,0.4723899,0.3289608,0.1696558
124,0.02891519,0.4722258,0.3296125,0.1692465
125,0.02886892,0.4719749,0.330125,0.1690312
126,0.02884188,0.4717343,0.3304938,0.1689299
127,0.02882604,0.4715347,0.330746,0.1688932
128,0.02881651,0.4713781,0.3309138,0.1688915
129,0.02881043,0.4712569,0.3310248,0.1689079
130,0.02880617,0.4711621,0.3310989,0.1689329
131,0.02880281,0.4710858,0.3311502,0.1689613
132,0.02879984,0.4710221,0.3311877,0.1689904
133,0.03107048,0.4410916,0.3461326,0.1817054
134,0.03271073,0.4257895,0.3511922,0.1903076
135,0.03385416,0.4186106,0.3516169,0.1959184
136,0.03458286,0.4156741,0.35064,0.199103
137,0.03501634,0.4147824,0.3495574,0.2006439
138,0.03526049,0.4147786,0.3487591,0.2012018
139,0.0353962,0.4151172,0.3482248,0.2012618
140,0.03547912,0.4155788,0.3477961,0.201146
141,0.03554447,0.4160982,0.3473088,0.2010486
142,0.03561351,0.4166721,0.3466335,0.201081
143,0.03569745,0.4173139,0.3456933,0.2012953
144,0.03580117,0.4180361,0.3444554,0.2017074
145,0.03271698,0.4543293,0.3283747,0.1845791
146,0.03100077,0.467705,0.3257764,0.1755178
147,0.03009409,0.4724934,0.3262419,0.1711706
148,0.02961607,0.4739084,0.3272547,0.1692209
149,0.02936777,0.4740688,0.3280831,0.1684803
150,0.02924176,0.473835,0.3285974,0.1683259
151,0.02917946,0.4735296,0.3288573,0.1684336
152,0.02914914,0.473252,0.3289593,0.1686395
153,0.02913379,0.4730157,0.3289869,0.1688636
154,0.0291243,0.4728071,0.3290001,0.1690685
155,0.0291159,0.472608,0.3290382,0.1692379
156,0.02910605,0.4724034,0.3291252,0.1693654
157,0.03451302,0.4078953,0.3573082,0.2002835
158,0.03940519,0.3681998,0.3649669,0.2274281
159,0.04341533,0.3445506,0.3634385,0.2485955
160,0.04645224,0.331389,0.3585302,0.2636285
161,0.04857721,0.3247693,0.3534334,0.2732201
162,0.0499473,0.3219716,0.3495553,0.2785259
163,0.05075501,0.3212138,0.3472255,0.2808057
164,0.05118358,0.3214235,0.346209,0.281184
165,0.05138333,0.3220295,0.3460464,0.2805408
166,0.05146574,0.3227775,0.3462543,0.2795024
167,0.05150741,0.3235856,0.3464257,0.2784813
168,0.05155673,0.3244479,0.346272,0.2777234
169,0.04741256,0.3671897,0.3303617,0.255036
170,0.0448836,0.387352,0.3259172,0.2418472
171,0.04380365,0.397351,0.3216012,0.237244
172,0.043328,0.4030481,0.3177063,0.2359176
173,0.0431107,0.4064235,0.3147432,0.2357226
174,0.04302894,0.4085378,0.312447,0.2359862
175,0.04301205,0.4099293,0.3107076,0.236351
176,0.04302216,0.4108849,0.3094378,0.2366552
177,0.0430408,0.4115645,0.3085485,0.2368463
178,0.04306005,0.4120606,0.3079549,0.2369245
179,0.04307682,0.4124299,0.3075854,0.2369078
180,0.04309006,0.4127096,0.3073845,0.2368159
181,0.04183706,0.4259411,0.3022794,0.2299425
182,0.04099062,0.4319857,0.3016572,0.2253664
183,0.04045369,0.4344973,0.302544,0.2225051
184,0.04011884,0.4353145,0.3038374,0.2207292
185,0.03991141,0.4353798,0.3050963,0.2196124
186,0.03978157,0.435155,0.3061861,0.2188773
187,0.03969697,0.4348505,0.3071045,0.218348
188,0.03963698,0.4345508,0.3078965,0.2179157
189,0.03958869,0.4342804,0.3086169,0.2175139
190,0.03954432,0.434038,0.3093135,0.2171041
191,0.03949916,0.4338132,0.3100235,0.2166641
192,0.03945049,0.4335945,0.3107736,0.2161814
193,0.03867259,0.4411125,0.3083947,0.2118202
194,0.03813435,0.4442956,0.3087534,0.2088166
195,0.03777187,0.4453981,0.3100501,0.2067799
196,0.03752746,0.4455318,0.3115637,0.205377
197,0.03735952,0.4452654,0.3130017,0.2043734
198,0.03724027,0.4448748,0.3142667,0.2036182
199,0.0371521,0.4444852,0.3153432,0.2030194
200,0.0370844,0.4441468,0.3162438,0.202525
201,0.03703117,0.4438751,0.3169856,0.2021081
202,0.03698945,0.4436715,0.3175805,0.2017585
203,0.03695796,0.4435328,0.3180351,0.2014741
204,0.03693619,0.4434542,0.3183537,0.2012559
205,0.04006742,0.4107693,0.3312741,0.2178892
206,0.04255964,0.393156,0.3335781,0.2307062
207,0.04437167,0.3842962,0.3317804,0.2395517
208,0.04561313,0.3804749,0.3286995,0.2452125
209,0.04642287,0.379357,0.3256496,0.2485707
210,0.04693521,0.3795548,0.3230833,0.2504267
211,0.04726019,0.3803058,0.3210269,0.2514071
212,0.04747829,0.3812321,0.3193382,0.2519515
213,0.04764275,0.3821719,0.3178485,0.2523368
214,0.04778305,0.3830702,0.3164469,0.2526999
215,0.04791375,0.3839152,0.3150764,0.2530946
216,0.0480399,0.3847083,0.3137277,0.2535241
217,0.04411148,0.4237679,0.2991667,0.232954
218,0.0416986,0.4400159,0.2975595,0.2207259
219,0.04031653,0.4461746,0.2994606,0.2140482
220,0.03952727,0.4479823,0.3020268,0.2104637
221,0.03908259,0.4480376,0.3042704,0.2086094
222,0.03883742,0.4475022,0.3059518,0.2077085
223,0.03870597,0.4468655,0.3071126,0.2073159
224,0.03863757,0.4463053,0.3078786,0.2071785
225,0.03860256,0.4458628,0.3083797,0.2071549
226,0.0385838,0.4455253,0.3087228,0.2071682
227,0.03857166,0.4452643,0.308986,0.207178
228,0.03856084,0.4450514,0.309223,0.2071648
229,0.03914348,0.4379893,0.3127536,0.2101137
230,0.03953565,0.4344403,0.3140613,0.2119627
231,0.03978937,0.4327106,0.3144366,0.2130634
232,0.03993937,0.4319071,0.3145404,0.2136131
233,0.04001762,0.4315354,0.3146558,0.2137913
234,0.04004898,0.4313389,0.3148776,0.2137345
235,0.04005135,0.4311963,0.3152131,0.2135392
236,0.04003706,0.4310592,0.3156326,0.2132712
237,0.04001449,0.4309154,0.3160953,0.2129747
238,0.03998928,0.4307703,0.3165602,0.2126802
239,0.03996528,0.430635,0.3169911,0.2124087
240,0.039945,0.4305219,0.3173586,0.2121744
241,0.03850862,0.4429264,0.3142269,0.2043381
242,0.03754119,0.4475258,0.315819,0.199114
243,0.03697465,0.4487921,0.3180361,0.1961971
244,0.03664685,0.448749,0.3199922,0.1946119
245,0.0364649,0.4483047,0.3214069,0.1938235
246,0.03637029,0.4478371,0.3222913,0.1935014
247,0.0363262,0.4474752,0.3227581,0.1934406
248,0.03630983,0.4472384,0.3229361,0.1935156
249,0.03630745,0.4471045,0.3229363,0.1936518
250,0.03631141,0.4470422,0.3228375,0.193809
251,0.03631749,0.4470234,0.3226933,0.1939659
252,0.03632355,0.4470268,0.3225375,0.1941122
253,0.0359414,0.4534702,0.3180392,0.1925491
254,0.03571264,0.4567751,0.3156881,0.1918242
255,0.03554628,0.4584182,0.3147161,0.1913194
256,0.03543652,0.4591694,0.3143443,0.1910498
257,0.03536581,0.45946,0.3142384,0.1909359
258,0.03531984,0.4595198,0.3142499,0.1909105
259,0.03528865,0.4594663,0.3143166,0.1909284
260,0.03526567,0.4593575,0.3144159,0.190961
261,0.03524686,0.45922,0.3145411,0.190992
262,0.03522978,0.4590663,0.3146911,0.1910128
263,0.03521309,0.4589016,0.3148655,0.1910198
264,0.03519612,0.4587286,0.3150631,0.1910122
265,0.03802617,0.4263578,0.3298459,0.2057701
266,0.04015591,0.4089649,0.3345667,0.2163125
267,0.04166771,0.4001484,0.3348154,0.2233685
268,0.04265537,0.3961096,0.3336691,0.2275659
269,0.04325286,0.3945394,0.3324803,0.2297274
270,0.04358786,0.3941244,0.3316911,0.2305967
271,0.0437642,0.3941875,0.331292,0.2307563
272,0.04385845,0.3944283,0.33109,0.2306232
273,0.04392269,0.394747,0.330858,0.2304723
274,0.04398837,0.3951325,0.3304178,0.2304614
275,0.04407195,0.3956012,0.3296632,0.2306636
276,0.04417855,0.3961665,0.3285669,0.231088
277,0.04526386,0.3887025,0.3292115,0.2368221
278,0.04615586,0.3854971,0.3268011,0.241546
279,0.0468082,0.3845591,0.3237089,0.2449238
280,0.04727481,0.3847891,0.320657,0.2472791
281,0.04760431,0.3855431,0.3179626,0.24889
282,0.04783653,0.386466,0.3157191,0.2499784
283,0.04800155,0.3873782,0.313912,0.2507082
284,0.04812082,0.3882004,0.3124843,0.2511945
285,0.04820888,0.3889072,0.3113699,0.251514
286,0.04827553,0.3894999,0.3105066,0.2517179
287,0.04832716,0.3899916,0.3098418,0.2518395
288,0.0483679,0.390398,0.3093338,0.2519003
289,0.04459705,0.4266526,0.2962407,0.2325097
290,0.04225155,0.4417097,0.2951977,0.220841
291,0.04087997,0.4473002,0.2974918,0.2143281
292,0.04007688,0.4487852,0.3004036,0.2107344
293,0.03960877,0.4486201,0.3029713,0.2087999
294,0.03933763,0.447908,0.3049562,0.2077982
295,0.03918079,0.4471134,0.3063997,0.207306
296,0.03908853,0.4464041,0.3074302,0.2070772
297,0.03903126,0.4458164,0.3081815,0.2069708
298,0.03899179,0.4453361,0.3087633,0.2069089
299,0.03896025,0.4449336,0.3092562,0.2068499
300,0.0389312,0.4445806,0.3097153,0.2067729
301,0.03574353,0.4755996,0.2984748,0.1901821
302,0.03385547,0.4861015,0.2993512,0.1806918
303,0.03276691,0.4886355,0.3030695,0.1755281
304,0.03212961,0.4881411,0.306988,0.1727413
305,0.03175275,0.4866952,0.3102668,0.1712853
306,0.03152632,0.4851279,0.3127777,0.1705681
307,0.03138568,0.4837234,0.3146418,0.1702491
308,0.0312929,0.4825386,0.3160352,0.1701333
309,0.03122607,0.4815464,0.3171161,0.1701115
310,0.03117247,0.4806975,0.3180072,0.1701227
311,0.03112524,0.4799465,0.3187918,0.1701364
312,0.03108088,0.479259,0.3195207,0.1701394
313,0.03517626,0.433058,0.3394478,0.192318
314,0.03858582,0.4074194,0.3437216,0.2102733
315,0.04113782,0.3940955,0.3417163,0.2230503
316,0.042898,0.388014,0.3378111,0.2312769
317,0.04401465,0.3858339,0.3341894,0.2359621
318,0.04466307,0.3855055,0.3316438,0.2381877
319,0.04500402,0.3858957,0.3302059,0.2388943
320,0.04516532,0.3864704,0.3295608,0.2388034
321,0.04523972,0.3870453,0.3292903,0.2384247
322,0.04528743,0.3876071,0.3290291,0.2380764
323,0.04534405,0.3882025,0.3285165,0.2379369
324,0.04542675,0.3888798,0.3276141,0.2380793
325,0.04516664,0.3937317,0.3244513,0.2366503
326,0.04505469,0.3967523,0.3220412,0.2361517
327,0.04503655,0.3988081,0.3199577,0.2361978
328,0.04508005,0.4003366,0.3179978,0.2365856
329,0.04515633,0.4015617,0.316147,0.2371349
330,0.04524497,0.4025898,0.314445,0.2377201
331,0.04533326,0.4034683,0.312933,0.2382655
332,0.04541407,0.4042186,0.3116361,0.2387311
333,0.04548412,0.4048532,0.3105613,0.2391014
334,0.04554318,0.4053828,0.3096937,0.2393804
335,0.04559207,0.405819,0.3090107,0.2395782
336,0.04563198,0.4061745,0.3084871,0.2397064
337,0.0459609,0.4035165,0.309237,0.2412857
338,0.04619678,0.4022458,0.3092294,0.2423281
339,0.04635708,0.4017085,0.3089809,0.2429535
340,0.0464615,0.4015469,0.3087127,0.2432789
341,0.04652621,0.4015585,0.3085193,0.2433961
342,0.04656328,0.4016334,0.3084325,0.2433707
343,0.04658116,0.4017162,0.3084555,0.2432472
344,0.04658562,0.4017812,0.3085783,0.2430549
345,0.04658061,0.4018187,0.3087873,0.2428134
346,0.04656848,0.4018269,0.3090706,0.242534
347,0.04655103,0.4018074,0.3094165,0.2422251
348,0.04652962,0.4017635,0.309813,0.2418939
349,0.03966767,0.4620009,0.2922543,0.2060771
350,0.03593946,0.4795533,0.2974092,0.187098
351,0.03400085,0.4829307,0.3053493,0.1777192
352,0.03294146,0.4817232,0.3123963,0.172939
353,0.03235464,0.4793717,0.3177047,0.170569
354,0.03202825,0.4770916,0.3213969,0.1694833
355,0.03184454,0.4752238,0.3238654,0.1690661
356,0.0317369,0.4737795,0.325508,0.1689756
357,0.03166782,0.4726656,0.326642,0.1690245
358,0.03161652,0.4717762,0.3274941,0.1691133
359,0.03157191,0.4710232,0.3282129,0.1691919
360,0.03152838,0.4703444,0.328889,0.1692382
361,0.03506243,0.4325477,0.3440292,0.1883607
362,0.03797052,0.4127111,0.3454966,0.2038217
363,0.04006937,0.4031067,0.3423738,0.2144501
364,0.041469,0.399244,0.3381981,0.2210889
365,0.04232651,0.3982599,0.3346618,0.2247518
366,0.0428027,0.3984852,0.3323075,0.2264046
367,0.04303426,0.3990566,0.3310747,0.2268344
368,0.04312424,0.3996066,0.3306529,0.2266163
369,0.04314444,0.4000388,0.3306751,0.2261417
370,0.04314298,0.4003852,0.3308029,0.2256689
371,0.04314983,0.40072,0.3307752,0.225355
372,0.04318153,0.4011144,0.330422,0.2252821
373,0.04371608,0.3967671,0.33166,0.2278568
374,0.04414272,0.3949625,0.3309908,0.229904
375,0.04448206,0.3945499,0.329419,0.231549
376,0.044758,0.3949002,0.327423,0.2329188
377,0.04498822,0.3956424,0.3252725,0.2340969
378,0.04518376,0.3965582,0.3231314,0.2351266
379,0.04535101,0.3975193,0.3211046,0.2360252
380,0.04549384,0.3984508,0.3192564,0.2367991
381,0.04561495,0.3993108,0.3176222,0.237452
382,0.0457164,0.4000784,0.3162174,0.2379877
383,0.04580044,0.4007459,0.3150394,0.2384143
384,0.04586939,0.4013147,0.3140728,0.2387432
385,0.04603091,0.4010529,0.3133454,0.2395709
386,0.04615593,0.4011283,0.3125355,0.2401803
387,0.0462436,0.4013456,0.3118483,0.2405626
388,0.0463039,0.4016003,0.3113155,0.2407803
389,0.0463442,0.4018411,0.3109365,0.2408782
390,0.04636962,0.4020457,0.3106981,0.2408865
391,0.04638351,0.4022069,0.3105851,0.2408245
392,0.04638791,0.4023242,0.3105849,0.2407031
393,0.046384,0.4023992,0.3106885,0.2405283
394,0.04637284,0.4024353,0.3108859,0.240306
395,0.04635518,0.4024356,0.3111687,0.2400405
396,0.04633162,0.4024037,0.3115295,0.2397352
397,0.04746506,0.393833,0.3129885,0.2457135
398,0.04834075,0.3897844,0.3116193,0.2502555
399,0.04890494,0.3881696,0.3099502,0.2529753
400,0.04925,0.3877815,0.3085032,0.2544653
401,0.0494459,0.3879367,0.3074712,0.2551463
402,0.04954509,0.3882739,0.30686,0.255321
403,0.04958507,0.3886219,0.3065931,0.2551999
404,0.0495916,0.3889157,0.3065689,0.2549239
405,0.04958175,0.389144,0.3066889,0.2545853
406,0.04956628,0.3893199,0.306873,0.2542409
407,0.04955179,0.3894638,0.3070592,0.2539252
408,0.04954213,0.3895956,0.3072042,0.2536581
409,0.04449135,0.4349923,0.2926165,0.2279
410,0.04149069,0.452163,0.2932648,0.2130815
411,0.03982203,0.4577651,0.2971499,0.205263
412,0.0388811,0.4587837,0.3011773,0.2011579
413,0.03835315,0.4581554,0.3044005,0.199091
414,0.03806038,0.4571032,0.3067033,0.1981332
415,0.03789939,0.4560924,0.3082517,0.1977565
416,0.03780973,0.4552587,0.3092705,0.1976612
417,0.03775636,0.4546048,0.3099586,0.1976802
418,0.03771939,0.4540902,0.3104665,0.1977239
419,0.03768785,0.453668,0.3108975,0.1977467
420,0.03765596,0.4532994,0.311317,0.1977276
421,0.03785306,0.4502824,0.3130586,0.1988059
422,0.03796555,0.4486755,0.3139741,0.1993849
423,0.0380214,0.4477741,0.3145533,0.1996512
424,0.03803432,0.4472177,0.3150674,0.1996806
425,0.03801835,0.4468158,0.3156124,0.1995534
426,0.03798461,0.4464773,0.3162055,0.1993325
427,0.0379414,0.4461651,0.3168277,0.1990657
428,0.03789493,0.4458701,0.3174461,0.198789
429,0.03784996,0.4455965,0.318023,0.1985305
430,0.03781023,0.4453542,0.3185218,0.1983137
431,0.03777854,0.4451541,0.3189108,0.1981565
432,0.03775686,0.4450055,0.3191661,0.1980715
433,0.04057436,0.4141165,0.3330341,0.212275
434,0.0426816,0.3973567,0.337625,0.2223367
435,0.04419466,0.3887519,0.3378523,0.2292012
436,0.04519836,0.3847577,0.3366373,0.2334066
437,0.04583206,0.3832197,0.3351654,0.2357828
438,0.04622674,0.3829071,0.3337961,0.23707
439,0.0464868,0.3831776,0.332501,0.2378345
440,0.04668647,0.3837337,0.3311155,0.2384642
441,0.04687199,0.384457,0.3294834,0.2391876
442,0.04706435,0.3853022,0.3275451,0.2400883
443,0.04726739,0.3862414,0.3253379,0.2411532
444,0.04747428,0.3872402,0.3229761,0.2423095
445,0.04758507,0.3863579,0.3234779,0.2425791
446,0.04761199,0.3857923,0.3242428,0.2423529
447,0.0476497,0.3854159,0.3246696,0.2422648
448,0.04769032,0.3851783,0.3248867,0.2422447
449,0.04773257,0.3850406,0.3249542,0.2422726
450,0.04777563,0.3849752,0.3249145,0.2423346
451,0.04781866,0.3849616,0.3248005,0.2424192
452,0.04786072,0.3849848,0.3246393,0.2425151
453,0.04790087,0.3850324,0.3244539,0.2426128
454,0.0479387,0.3850953,0.324259,0.2427071
455,0.04797392,0.3851668,0.3240655,0.2427938
456,0.0480063,0.3852419,0.3238818,0.24287
457,0.04784236,0.3917261,0.3176836,0.2427479
458,0.04792979,0.3962588,0.3116715,0.24414
459,0.04796166,0.3994085,0.3076614,0.2449685
460,0.04795935,0.4015754,0.305062,0.2454033
461,0.04793946,0.4030252,0.3034475,0.2455878
462,0.0479118,0.4039599,0.3025115,0.2456169
463,0.04788069,0.4045321,0.3020434,0.2455437
464,0.04784719,0.4048529,0.301905,0.2453949
465,0.04781073,0.405,0.3020078,0.2451814
466,0.04777024,0.4050261,0.3022963,0.2449073
467,0.04772455,0.4049656,0.3027365,0.2445733
468,0.0476721,0.4048377,0.3033151,0.244175
469,0.04228053,0.4517843,0.28934,0.2165953
470,0.0391448,0.4676697,0.2921988,0.2009867
471,0.03741449,0.4717122,0.2980982,0.1927751
472,0.03642897,0.4714009,0.3037968,0.1883733
473,0.03585993,0.4697295,0.3083722,0.1860384
474,0.03552737,0.4678753,0.3117634,0.1848338
475,0.03532817,0.466243,0.3141949,0.184234
476,0.03520246,0.4649154,0.3159408,0.1839414
477,0.03511583,0.4638571,0.3172362,0.1837909
478,0.03504876,0.4630002,0.3182582,0.1836928
479,0.03499092,0.4622817,0.3191233,0.1836041
480,0.03493725,0.4616548,0.3199004,0.1835075
481,0.0402539,0.4079546,0.3403651,0.2114263
482,0.04495009,0.3759549,0.343516,0.235579
483,0.04863457,0.357609,0.3401117,0.2536447
484,0.05131531,0.3480221,0.3346296,0.2660331
485,0.05311138,0.3437243,0.3295142,0.2736502
486,0.05421085,0.3423553,0.3257529,0.277681
487,0.05481796,0.3424103,0.3234563,0.2793154
488,0.05511762,0.3430271,0.3222738,0.2795815
489,0.05525928,0.3437891,0.3216667,0.2792849
490,0.05535002,0.3445543,0.3211118,0.2789839
491,0.05545836,0.3453192,0.3202011,0.2790213
492,0.05562266,0.3461295,0.3186715,0.2795764
493,0.05668313,0.3393483,0.3192484,0.2847202
494,0.05759712,0.335895,0.3173275,0.2891804
495,0.05835344,0.3344638,0.3142768,0.292906
496,0.05896547,0.3342455,0.310845,0.295944
497,0.05945178,0.3347033,0.3074781,0.2983667
498,0.05983178,0.3354878,0.3044283,0.3002521
499,0.06012408,0.3363793,0.3018171,0.3016796
500,0.06034535,0.3372482,0.2996821,0.3027244
501,0.06051013,0.3380259,0.2980077,0.3034562
502,0.0606318,0.3386838,0.2967393,0.3039451
503,0.06072112,0.3392184,0.2958111,0.3042493
504,0.06078639,0.339641,0.2951574,0.3044152
505,0.05809498,0.3627601,0.2882783,0.2908666
506,0.05615484,0.3746966,0.2878432,0.2813055
507,0.05492124,0.3802763,0.2893784,0.2754241
508,0.05416029,0.3825817,0.2913276,0.2719303
509,0.05370209,0.3832974,0.2930903,0.2699102
510,0.0534317,0.3833059,0.2945003,0.268762
511,0.05327407,0.3830485,0.2955723,0.2681051
512,0.05318148,0.3827303,0.2963819,0.2677064
513,0.0531243,0.3824351,0.2970128,0.2674278
514,0.05308448,0.3821877,0.2975386,0.2671892
515,0.05305147,0.3819865,0.2980143,0.2669478
516,0.0530195,0.3818209,0.2984771,0.2666825
517,0.05622852,0.3533349,0.3079887,0.2824479
518,0.0588154,0.3361861,0.310299,0.2946995
519,0.0607236,0.32611,0.3099037,0.3032627
520,0.06204251,0.3204813,0.3087265,0.3087497
521,0.06289081,0.3175405,0.3076919,0.3118767
522,0.0633921,0.3161361,0.3071302,0.3133415
523,0.06365808,0.3155492,0.3070448,0.3137479
524,0.06378042,0.3153625,0.3072822,0.3135749
525,0.06382879,0.3153574,0.3076378,0.3131759
526,0.06385241,0.3154367,0.3079177,0.3127932
527,0.06388301,0.3155687,0.3079727,0.3125756
528,0.06393809,0.3157519,0.3077132,0.3125968
529,0.06564961,0.3030097,0.3105145,0.3208262
530,0.06711338,0.29517,0.3099495,0.3277672
531,0.06825126,0.2905622,0.3081591,0.3330275
532,0.06911056,0.2880375,0.3059507,0.3369013
533,0.0697455,0.2868167,0.3037454,0.3396924
534,0.07020897,0.2863778,0.3017316,0.3416817
535,0.07054643,0.2863811,0.2999728,0.3430996
536,0.0707937,0.2866131,0.2984729,0.3441204
537,0.07097716,0.2869452,0.2972105,0.3448671
538,0.07111573,0.2873042,0.2961559,0.3454242
539,0.07122239,0.2876509,0.2952794,0.3458472
540,0.07130583,0.2879672,0.2945556,0.3461713
541,0.06604929,0.3294252,0.2839981,0.3205274
542,0.06214684,0.3518108,0.2841388,0.3019036
543,0.05975464,0.3622128,0.2870665,0.2909659
544,0.05833419,0.366641,0.2901818,0.284843
545,0.0575095,0.3682388,0.2926863,0.2815654
546,0.05704096,0.3685801,0.2944759,0.2799031
547,0.05678012,0.3684278,0.2956766,0.2791155
548,0.05663638,0.3681314,0.2964634,0.2787688
549,0.05655548,0.3678341,0.2969941,0.2786163
550,0.05650549,0.3675809,0.2973908,0.2785228
551,0.05646825,0.3673741,0.2977391,0.2784186
552,0.05643373,0.3672009,0.2980947,0.2782708
553,0.05808407,0.3541133,0.3012478,0.2865549
554,0.05939661,0.3466972,0.3009182,0.292988
555,0.06030602,0.3427313,0.299752,0.2972107
556,0.0608955,0.340791,0.2985695,0.299744
557,0.06124641,0.3399651,0.2977285,0.30106
558,0.0614297,0.3396958,0.2973242,0.3015503
559,0.06150196,0.3396626,0.2973189,0.3015165
560,0.06150546,0.3396975,0.2976201,0.3011769
561,0.06147023,0.3397248,0.298122,0.3006831
562,0.06141697,0.3397204,0.2987254,0.3001373
563,0.06135968,0.3396868,0.2993461,0.2996075
564,0.06130756,0.3396372,0.299917,0.2991383
565,0.05905813,0.3579947,0.2948237,0.2881234
566,0.05744504,0.3676769,0.2944078,0.2804703
567,0.05641629,0.3724152,0.2953633,0.2758053
568,0.0557924,0.3745675,0.2964828,0.2731573
569,0.05543468,0.3754475,0.2973243,0.2717935
570,0.05524442,0.3757516,0.297801,0.2712029
571,0.05515477,0.3758289,0.2979683,0.271048
572,0.05512219,0.3758405,0.2979221,0.2711152
573,0.05511927,0.3758506,0.2977546,0.2712755
574,0.05512951,0.3758768,0.2975384,0.2714553
575,0.05514338,0.375917,0.2973242,0.2716155
576,0.05515578,0.3759623,0.2971439,0.271738
577,0.05623307,0.3674612,0.2991837,0.277122
578,0.05707179,0.3628557,0.2988459,0.2812265
579,0.05764765,0.3605417,0.2978916,0.283919
580,0.05802219,0.3595234,0.2968866,0.2855677
581,0.05825078,0.3591872,0.2960784,0.2864836
582,0.05837933,0.3591719,0.2955343,0.2869144
583,0.05844289,0.3592789,0.2952352,0.287043
584,0.05846656,0.3594088,0.295128,0.2869966
585,0.05846742,0.3595193,0.2951542,0.2868591
586,0.05845662,0.3595984,0.2952615,0.2866835
587,0.0584412,0.3596484,0.2954081,0.2865023
588,0.05842537,0.3596773,0.2955634,0.2863338
589,0.05763206,0.3657377,0.2943077,0.2823225
590,0.05704668,0.3689145,0.2946039,0.2794349
591,0.05666523,0.370449,0.2952578,0.2776279
592,0.05642756,0.3711152,0.2958999,0.2765573
593,0.05628708,0.3713537,0.2963913,0.2759679
594,0.05620937,0.3714035,0.2967098,0.2756773
595,0.05617043,0.3713858,0.2968822,0.2755616
596,0.0561541,0.3713559,0.2969501,0.2755398
597,0.05614993,0.3713346,0.296954,0.2755614
598,0.05615158,0.3713259,0.2969253,0.2755971
599,0.05615531,0.371327,0.2968868,0.2756308
600,0.05615902,0.3713329,0.2968537,0.2756543
601,0.05416282,0.3881284,0.2917576,0.2659511
602,0.05276408,0.3963363,0.2915532,0.2593464
603,0.05188025,0.3999676,0.2927907,0.2553614
604,0.05133799,0.4013076,0.2942941,0.2530602
605,0.05101384,0.4015768,0.2956149,0.2517945
606,0.05082403,0.4013988,0.2966416,0.2511356
607,0.05071374,0.4010745,0.2974006,0.2508111
608,0.0506483,0.4007352,0.2979617,0.2506548
609,0.0506064,0.400428,0.2983961,0.2505696
610,0.05057532,0.4001617,0.2987628,0.2505002
611,0.05054786,0.3999297,0.299104,0.2504185
612,0.05052015,0.3997215,0.2994469,0.2503115
613,0.05291541,0.3782435,0.3068401,0.262001
614,0.05478046,0.3660848,0.3083239,0.2708109
615,0.05609941,0.3594786,0.3076891,0.276733
616,0.05697124,0.3561602,0.3064919,0.2803767
617,0.05750565,0.3546782,0.3054515,0.2823647
618,0.05780429,0.3541421,0.3048066,0.283247
619,0.05795099,0.3540409,0.3045474,0.2834607
620,0.05800914,0.3541074,0.3045565,0.2833269
621,0.05802371,0.3542204,0.3046889,0.2830669
622,0.05802467,0.3543395,0.3048126,0.2828232
623,0.0580304,0.3544624,0.304828,0.2826792
624,0.05805082,0.3546008,0.3046735,0.2826749
625,0.05746734,0.3600169,0.3026877,0.279828
626,0.05705969,0.3630363,0.3019671,0.2779368
627,0.05681966,0.3646884,0.3015608,0.2769311
628,0.0567001,0.3655984,0.3011588,0.2765427
629,0.05666042,0.3661266,0.3006655,0.2765475
630,0.05666901,0.3664684,0.3000879,0.2767747
631,0.05670321,0.3667222,0.2994704,0.2771042
632,0.05674789,0.3669322,0.2988616,0.2774583
633,0.0567936,0.3671149,0.2983011,0.2777904
634,0.05683488,0.3672738,0.2978164,0.2780749
635,0.05686893,0.367408,0.2974226,0.2783005
636,0.05689467,0.3675155,0.297125,0.2784648
637,0.05570388,0.3779594,0.2935717,0.272765
638,0.05483792,0.3833574,0.2930746,0.2687301
639,0.0542675,0.385924,0.2936299,0.2661786
640,0.05390357,0.386981,0.2944851,0.2646303
641,0.05367599,0.3872802,0.2953258,0.263718
642,0.05353417,0.3872294,0.2960523,0.2631841
643,0.05344361,0.3870385,0.2966596,0.2628584
644,0.05338179,0.3868067,0.2971775,0.262634
645,0.05333467,0.386576,0.2976418,0.2624475
646,0.0532939,0.3863598,0.2980826,0.2622636
647,0.05325478,0.3861595,0.298521,0.2620648
648,0.05321498,0.3859717,0.2989687,0.2618446
649,0.05389973,0.3792515,0.3017763,0.2650726
650,0.05438952,0.3755078,0.3028528,0.2672499
651,0.0547098,0.3734798,0.303249,0.2685614
652,0.05490011,0.372426,0.3034443,0.2692296
653,0.055,0.3718961,0.3036344,0.2694695
654,0.05504237,0.3716328,0.3038693,0.2694555
655,0.05505228,0.3714992,0.3041316,0.2693168
656,0.05504763,0.3714298,0.3043788,0.2691438
657,0.05504052,0.3713974,0.3045662,0.2689959
658,0.05503853,0.3713948,0.3046578,0.2689089
659,0.05504585,0.3714221,0.3046311,0.2689009
660,0.05506411,0.3714813,0.3044781,0.2689764
661,0.05427939,0.3787047,0.3017766,0.2652392
662,0.05372826,0.3825006,0.3010446,0.2627265
663,0.05338439,0.3844112,0.3009324,0.261272
664,0.053187,0.3853236,0.3009455,0.2605439
665,0.05308606,0.3857391,0.3008991,0.2602758
666,0.05304436,0.3859257,0.3007564,0.2602736
667,0.05303609,0.3860171,0.3005408,0.260406
668,0.05304423,0.3860736,0.3002929,0.2605893
669,0.05305811,0.3861178,0.3000516,0.2607725
670,0.0530716,0.3861544,0.2998455,0.2609285
671,0.05308138,0.3861814,0.299693,0.2610441
672,0.05308591,0.3861951,0.2996041,0.2611149
673,0.05569606,0.3638292,0.3066499,0.2738248
674,0.05777802,0.3508757,0.3076576,0.2836887
675,0.05928255,0.3436527,0.3065616,0.2905031
676,0.06030549,0.3399133,0.3049133,0.294868
677,0.06095659,0.3381863,0.3034475,0.2974097
678,0.061341,0.3375407,0.3024211,0.2986972
679,0.06154767,0.3374193,0.3018394,0.2991936
680,0.06164555,0.3375139,0.3015942,0.2992463
681,0.06168449,0.337672,0.3015445,0.2990991
682,0.06169797,0.3378315,0.3015611,0.2989094
683,0.06170715,0.3379775,0.3015434,0.2987719
684,0.06172403,0.3381153,0.301425,0.2987358
685,0.05950703,0.3562526,0.2962767,0.2879636
686,0.05790851,0.3657775,0.2958851,0.2804289
687,0.05691479,0.3703987,0.2966837,0.2760028
688,0.0563299,0.372483,0.2975743,0.2736128
689,0.05600833,0.3733276,0.298178,0.2724861
690,0.05584772,0.3736123,0.2984491,0.2720909
691,0.05577971,0.373674,0.2984651,0.2720811
692,0.05576058,0.3736658,0.298331,0.2722426
693,0.05576351,0.3736471,0.2981393,0.2724501
694,0.05577319,0.3736333,0.2979557,0.2726378
695,0.05578138,0.3736223,0.2978222,0.2727742
696,0.05578405,0.3736064,0.2977616,0.272848
697,0.05614214,0.3709114,0.2982625,0.2746838
698,0.0564144,0.3695117,0.2980196,0.2760543
699,0.05658562,0.3688456,0.2977028,0.276866
700,0.05668298,0.3685628,0.2974723,0.2772819
701,0.05672829,0.36846,0.297386,0.2774257
702,0.05673864,0.3684253,0.2974453,0.2773908
703,0.05672669,0.3684029,0.2976255,0.2772449
704,0.05670154,0.3683695,0.2978929,0.277036
705,0.05666959,0.3683193,0.2982134,0.2767977
706,0.05663522,0.368255,0.298557,0.2765527
707,0.05660151,0.3681828,0.2988983,0.2763174
708,0.05657062,0.3681096,0.2992162,0.2761036
709,0.05601934,0.3717126,0.299013,0.2732551
710,0.05558806,0.3734054,0.2999793,0.2710272
711,0.0553107,0.374048,0.3010011,0.2696402
712,0.05513888,0.3741814,0.301869,0.2688107
713,0.05503987,0.3741001,0.3025009,0.2683591
714,0.05498969,0.3739575,0.3028956,0.2681572
715,0.05497131,0.373826,0.3030868,0.2681159
716,0.05497294,0.3737336,0.3031187,0.2681747
717,0.0549866,0.3736856,0.3030351,0.2682928
718,0.0550069,0.3736767,0.3028738,0.2684426
719,0.05503029,0.3736975,0.3026662,0.268606
720,0.05505439,0.3737386,0.3024364,0.2687707
721,0.05403338,0.3834974,0.2984299,0.2640393
722,0.05331631,0.3886348,0.2971779,0.2608711
723,0.05284459,0.3912044,0.2970531,0.2588979
724,0.05254924,0.3923813,0.2973074,0.257762
725,0.05237094,0.3928427,0.2976275,0.2571588
726,0.05226597,0.3929587,0.2979067,0.2568687
727,0.05220428,0.392921,0.2981293,0.2567454
728,0.0521663,0.3928226,0.298314,0.2566972
729,0.05213978,0.3927039,0.2984865,0.2566698
730,0.05211734,0.3925799,0.2986704,0.2566324
731,0.05209485,0.3924534,0.298882,0.2565698
732,0.05207017,0.3923231,0.2991307,0.256476
733,0.05316711,0.3823962,0.302635,0.2618018
734,0.0539791,0.3769566,0.3034716,0.2655926
735,0.05452376,0.3740987,0.3033869,0.2679906
736,0.0548631,0.3726937,0.3030895,0.2693536
737,0.05505636,0.3720548,0.3028817,0.270007
738,0.05515285,0.3717865,0.302848,0.2702126
739,0.05519018,0.371677,0.3029685,0.2701643
740,0.05519525,0.3716242,0.3031831,0.2699974
741,0.05518641,0.3715876,0.3034244,0.2698015
742,0.05517555,0.3715576,0.3036334,0.2696334
743,0.05516985,0.3715382,0.3037663,0.2695257
744,0.0551731,0.3715369,0.3037963,0.2694937
745,0.05548052,0.3686086,0.3050346,0.2708763
746,0.05571622,0.3670011,0.3053755,0.2719071
747,0.05589908,0.3661749,0.3052133,0.2727127
748,0.0560383,0.3658177,0.3048113,0.2733328
749,0.05614625,0.36573,0.3042973,0.2738265
750,0.05623289,0.3657908,0.3037364,0.2742399
751,0.05630519,0.3659285,0.3031635,0.2746027
752,0.05636739,0.366102,0.3025998,0.2749308
753,0.05642177,0.3662874,0.3020609,0.2752299
754,0.05646975,0.366471,0.3015565,0.2755029
755,0.05651196,0.366645,0.3010935,0.2757494
756,0.05654873,0.3668054,0.3006774,0.2759684
757,0.05750157,0.3590454,0.3028775,0.2805755
758,0.05823016,0.3546939,0.3030902,0.2839857
759,0.05874234,0.3523754,0.3025966,0.2862856
760,0.05908481,0.3512414,0.3019315,0.2877423
761,0.05930391,0.3507604,0.3013282,0.2886076
762,0.05943866,0.3506141,0.300861,0.2890863
763,0.059519,0.3506231,0.300528,0.2893299
764,0.05956621,0.3506931,0.3002984,0.2894422
765,0.05959467,0.3507792,0.3001353,0.2894908
766,0.0596135,0.3508637,0.3000064,0.2895164
767,0.05962818,0.350942,0.2998883,0.2895415
768,0.05964181,0.3510155,0.2997652,0.2895775
769,0.05841637,0.3619279,0.2958735,0.2837823
770,0.05752247,0.3678681,0.294908,0.2797015
771,0.05693159,0.3709206,0.2950171,0.2771307
772,0.05656031,0.3723816,0.2954332,0.2756249
773,0.05633752,0.3730128,0.2958361,0.2748136
774,0.05620985,0.3732394,0.2961257,0.2744251
775,0.05614004,0.3732863,0.2962985,0.2742752
776,0.05610326,0.3732647,0.2963867,0.2742453
777,0.05608375,0.373224,0.2964288,0.2742634
778,0.056072,0.3731826,0.2964563,0.2742891
779,0.05606254,0.3731441,0.2964922,0.2743011
780,0.05605247,0.373107,0.2965505,0.2742901
781,0.05402028,0.3899131,0.2916172,0.2644494
782,0.05260102,0.3980663,0.291547,0.2577856
783,0.05170174,0.4016386,0.2929011,0.2537586
784,0.05114576,0.4029302,0.2945071,0.251417
785,0.05080845,0.4031627,0.2959201,0.2501087
786,0.05060594,0.4029576,0.2970299,0.2494065
787,0.05048363,0.4026126,0.2978631,0.2490406
788,0.05040703,0.402257,0.2984892,0.2488467
789,0.050355,0.4019363,0.2989799,0.2487287
790,0.05031506,0.4016586,0.299393,0.2486334
791,0.05028021,0.4014168,0.2997691,0.2485338
792,0.05024679,0.4012009,0.3001338,0.2484185
793,0.05141853,0.390652,0.3037351,0.2541944
794,0.05229315,0.3850213,0.3043075,0.258378
795,0.05287741,0.382179,0.3039137,0.2610299
796,0.05324311,0.3808776,0.3033088,0.2625705
797,0.05345526,0.3803697,0.3028151,0.2633599
798,0.05356716,0.3802317,0.3025183,0.2636829
799,0.05361891,0.3802414,0.302392,0.2637477
800,0.05363874,0.3802949,0.3023696,0.2636967
801,0.05364535,0.3803528,0.3023802,0.2636217
802,0.05365027,0.3804069,0.3023664,0.2635764
803,0.05366001,0.3804617,0.3022895,0.2635889
804,0.05367749,0.3805246,0.3021289,0.2636691
805,0.05471547,0.3719683,0.3045827,0.2687336
806,0.05551732,0.3673277,0.3046003,0.2725547
807,0.05608758,0.3649774,0.3037474,0.2751877
808,0.0564802,0.3639368,0.302641,0.276942
809,0.05674517,0.3636031,0.3015631,0.2780886
810,0.05692337,0.3636217,0.300615,0.27884
811,0.0570451,0.3637942,0.2998129,0.2793478
812,0.05713117,0.3640177,0.29914,0.2797111
813,0.05719492,0.364243,0.2985722,0.2799898
814,0.05724457,0.3644495,0.2980879,0.2802181
815,0.05728488,0.3646308,0.2976709,0.2804134
816,0.05731843,0.3647868,0.2973111,0.2805836
817,0.05591316,0.3767558,0.2935729,0.2737581
818,0.05490151,0.3828909,0.2932194,0.2689881
819,0.05425165,0.3857869,0.2938897,0.2660718
820,0.0538493,0.3869922,0.2947773,0.2643811
821,0.05360835,0.3873684,0.2955647,0.2634585
822,0.05346804,0.3873731,0.2961687,0.2629902
823,0.05338754,0.3872358,0.2966049,0.2627717
824,0.05334053,0.3870624,0.296921,0.2626761
825,0.05331064,0.3868945,0.2971669,0.2626279
826,0.05328807,0.3867434,0.2973838,0.2625848
827,0.05326729,0.3866071,0.2976009,0.2625247
828,0.05324537,0.3864795,0.2978368,0.2624383
829,0.05479886,0.3728338,0.3023673,0.27
830,0.05598823,0.365194,0.303215,0.2756028
831,0.05681058,0.361103,0.3028071,0.2792792
832,0.05734322,0.3590718,0.3020975,0.2814874
833,0.05766342,0.3581658,0.3015134,0.2826574
834,0.05783832,0.3578254,0.3011884,0.2831479
835,0.05792076,0.3577369,0.3011104,0.2832319
836,0.05794943,0.3577399,0.3012069,0.2831038
837,0.05795105,0.3577631,0.3013919,0.282894
838,0.05794325,0.3577833,0.3015881,0.2826854
839,0.05793687,0.3577999,0.3017363,0.2825269
840,0.05793794,0.3578212,0.3017975,0.2824433
841,0.05778952,0.3591071,0.3014465,0.2816569
842,0.05769237,0.3598427,0.3012944,0.2811705
843,0.05764482,0.3602691,0.3011219,0.2809642
844,0.05763354,0.3605359,0.3008728,0.2809578
845,0.05764697,0.3607283,0.3005407,0.2810842
846,0.05767564,0.3608909,0.3001436,0.2812898
847,0.05771238,0.3610442,0.2997088,0.2815346
848,0.05775197,0.3611951,0.2992632,0.2817897
849,0.05779088,0.3613436,0.2988301,0.2820354
850,0.05782674,0.3614866,0.2984276,0.282259
851,0.05785817,0.3616205,0.2980683,0.2824531
852,0.05788448,0.3617418,0.2977599,0.2826138
853,0.05516654,0.3851428,0.2901067,0.269584
854,0.05328307,0.3966301,0.2892519,0.2608349
855,0.05210489,0.4017642,0.2905105,0.2556204
856,0.05138659,0.4037377,0.2922339,0.2526419
857,0.05095748,0.4042322,0.2937943,0.251016
858,0.05070472,0.404099,0.2950231,0.2501731
859,0.05055584,0.4037473,0.2959392,0.2497576
860,0.05046542,0.403357,0.2966228,0.2495547
861,0.0504057,0.4029944,0.2971606,0.2494393
862,0.05036029,0.4026739,0.297624,0.2493419
863,0.0503198,0.4023888,0.2980652,0.2492263
864,0.05027922,0.4021266,0.2985183,0.2490759
865,0.05430493,0.3655191,0.3115871,0.268589
866,0.05757659,0.3433152,0.3152287,0.2838796
867,0.06002297,0.3301045,0.3151192,0.2947533
868,0.06172519,0.322596,0.3138747,0.3018041
869,0.06281763,0.3185634,0.3127709,0.3058481
870,0.06345339,0.3165306,0.3122722,0.3077437
871,0.06377914,0.3155664,0.3123794,0.308275
872,0.06392098,0.315128,0.3128574,0.3080936
873,0.06397864,0.314935,0.3133839,0.3077025
