EwEVersion,"6.5.13829.0 (compiled 2016-05-17)"
Date,"2016-09-06 18:44:29"
ModelName,Baltic_Proper-SEALS
EcosimScenario,Proper1_SealVuln100_19742100_seal0_cofF1
TimeSeries,new_data_weights_19742100_BAU_WAR1_codF1_seal0
StartYear,1974

Data,"Prey of Cod larvae"

TimeStep,"Temora sp","Acartia sp","Pseudocalanus sp.",
1,0.1079207,0.1002678,0.7918116
2,0.1141322,0.1024312,0.7834366
3,0.1163488,0.1016292,0.7820219
4,0.1165551,0.1003183,0.7831266
5,0.1157019,0.09866481,0.7856333
6,0.1143674,0.09697755,0.788655
7,0.1128841,0.095458,0.7916579
8,0.111417,0.0941787,0.7944043
9,0.1100314,0.09313832,0.7968302
10,0.1087406,0.09230439,0.798955
11,0.107536,0.09163692,0.800827
12,0.1064044,0.0910985,0.802497
13,0.1098771,0.0912352,0.7988877
14,0.1071031,0.09022529,0.8026716
15,0.1057372,0.08990476,0.8043579
16,0.1047977,0.08955631,0.805646
17,0.1041138,0.08918742,0.8066989
18,0.1036688,0.08885361,0.8074775
19,0.1034872,0.08863283,0.80788
20,0.1036145,0.08872848,0.807657
21,0.1040879,0.08939312,0.8065189
22,0.1049105,0.09087368,0.8042158
23,0.1060425,0.09334082,0.8006167
24,0.1074083,0.09678234,0.7958094
25,0.07486404,0.09317458,0.8319613
26,0.0879067,0.1007995,0.8112938
27,0.09150032,0.105066,0.8034337
28,0.0942132,0.1099895,0.7957973
29,0.09619441,0.112416,0.7913896
30,0.09759032,0.1124854,0.7899243
31,0.09850066,0.1112972,0.7902022
32,0.09907395,0.1099096,0.7910165
33,0.09934275,0.108476,0.7921813
34,0.09939008,0.1072373,0.7933726
35,0.09927995,0.1062484,0.7944716
36,0.099058,0.1054935,0.7954485
37,0.09820621,0.1053699,0.7964239
38,0.09620636,0.1043912,0.7994024
39,0.09508105,0.104027,0.8008919
40,0.09432163,0.1039108,0.8017676
41,0.09376384,0.1039994,0.8022369
42,0.09333958,0.104265,0.8023954
43,0.09302046,0.1046856,0.802294
44,0.09268634,0.1048901,0.8024236
45,0.09245194,0.1053709,0.8021771
46,0.09233659,0.1061114,0.8015519
47,0.09235528,0.1071033,0.8005415
48,0.09251557,0.1083108,0.7991737
49,0.09293158,0.1115809,0.7954875
50,0.09167202,0.1122875,0.7960405
51,0.09141758,0.1130761,0.7955064
52,0.09165569,0.1139048,0.7944396
53,0.09223892,0.1148837,0.7928774
54,0.09307381,0.1158912,0.7910351
55,0.09408236,0.1167399,0.7891777
56,0.09527978,0.1175388,0.7871814
57,0.09651154,0.1178815,0.785607
58,0.09770509,0.1178495,0.7844453
59,0.09880087,0.1175239,0.7836753
60,0.09975963,0.1169907,0.7832496
61,0.08794244,0.1163223,0.7957352
62,0.08722457,0.1161772,0.7965983
63,0.08693177,0.1152145,0.7978537
64,0.08702951,0.1146242,0.7983463
65,0.08732836,0.1142124,0.7984592
66,0.08772469,0.1138463,0.798429
67,0.08815973,0.1134704,0.7983699
68,0.0885104,0.1128327,0.7986569
69,0.08880329,0.1121741,0.7990226
70,0.08903538,0.111467,0.7994977
71,0.08920179,0.1107201,0.8000782
72,0.08930013,0.1099476,0.8007523
73,0.07894264,0.1086852,0.8123721
74,0.07880362,0.1098645,0.8113319
75,0.07956827,0.1086039,0.8118277
76,0.08031571,0.1072842,0.8124002
77,0.08070356,0.1059632,0.8133332
78,0.08069181,0.104675,0.8146332
79,0.08033496,0.1034813,0.8161837
80,0.07971007,0.102424,0.8178658
81,0.07886851,0.1015165,0.8196151
82,0.07785496,0.10077,0.821375
83,0.07670552,0.1001872,0.8231073
84,0.07545085,0.09976795,0.8247812
85,0.0909972,0.1000639,0.8089389
86,0.09178801,0.09877566,0.8094363
87,0.09125134,0.099397,0.8093517
88,0.0903608,0.09952717,0.8101121
89,0.08926186,0.09943098,0.8113071
90,0.08804943,0.09930941,0.8126411
91,0.08679496,0.09924018,0.8139648
92,0.08552166,0.09916237,0.815316
93,0.0843099,0.09918506,0.8165051
94,0.08322544,0.0993917,0.8173829
95,0.08232472,0.09990826,0.817767
96,0.08165596,0.1009179,0.8174261
97,0.0862852,0.1031377,0.8105771
98,0.0872412,0.1053339,0.8074248
99,0.08841679,0.1097203,0.8018629
100,0.08967528,0.1144403,0.7958844
101,0.09107753,0.1185156,0.7904069
102,0.09263118,0.121317,0.7860519
103,0.09427577,0.1226383,0.7830859
104,0.09595917,0.1228352,0.7812057
105,0.09750739,0.1220168,0.7804757
106,0.09879867,0.1205602,0.7806411
107,0.09975765,0.1187737,0.7814687
108,0.1003617,0.1168732,0.7827652
109,0.1099946,0.1152959,0.7747095
110,0.1066909,0.1127019,0.7806073
111,0.1050978,0.1111153,0.7837868
112,0.1040487,0.1096569,0.7862944
113,0.1032732,0.1084979,0.7882289
114,0.1026585,0.1076117,0.7897299
115,0.1021433,0.1069234,0.7909333
116,0.1018552,0.1067322,0.7914127
117,0.1016678,0.1066369,0.7916953
118,0.1015391,0.1066257,0.7918352
119,0.1014529,0.1066909,0.7918562
120,0.101404,0.1068271,0.791769
121,0.09442583,0.1063122,0.799262
122,0.09557891,0.1072362,0.7971849
123,0.09583578,0.1074288,0.7967355
124,0.09599178,0.1078424,0.7961658
125,0.09611446,0.1082901,0.7955953
126,0.09622353,0.1087039,0.7950726
127,0.09632904,0.1090809,0.79459
128,0.0963909,0.1093733,0.7942358
129,0.09644635,0.1096409,0.7939127
130,0.09650365,0.1098857,0.7936106
131,0.09656537,0.1101134,0.7933213
132,0.09663244,0.1103307,0.7930368
133,0.05247231,0.1093687,0.8381589
134,0.04422389,0.1111245,0.8446515
135,0.03556016,0.1092778,0.855162
136,0.02875414,0.1091498,0.862096
137,0.02345354,0.1107838,0.8657627
138,0.01948619,0.1139668,0.866547
139,0.01676238,0.118223,0.8650146
140,0.01519349,0.1224085,0.862398
141,0.01476639,0.1260159,0.8592177
142,0.01552287,0.1282753,0.8562018
143,0.01756366,0.1289868,0.8534496
144,0.02098331,0.1283303,0.8506864
145,0.03374868,0.12702,0.8392313
146,0.04913976,0.1252016,0.8256586
147,0.06325436,0.1208308,0.8159148
148,0.07318549,0.1161107,0.8107038
149,0.07882935,0.1117074,0.8094632
150,0.08146589,0.1078872,0.8106468
151,0.08236007,0.1046775,0.8129625
152,0.08233301,0.1019875,0.8156796
153,0.08181318,0.09968982,0.8184969
154,0.081014,0.09768789,0.8212981
155,0.08003213,0.09590849,0.8240593
156,0.07890754,0.09430604,0.8267865
157,0.06497585,0.09220359,0.8428206
158,0.05234006,0.08592808,0.8617318
159,0.04170196,0.08403487,0.8742632
160,0.03240049,0.0837419,0.8838576
161,0.02416125,0.0841275,0.8917112
162,0.01704634,0.08501325,0.8979404
163,0.01127132,0.08664455,0.9020841
164,0.006989677,0.08945737,0.9035529
165,0.004137993,0.0939575,0.9019045
166,0.002422771,0.1001667,0.8974106
167,0.001465716,0.1072578,0.8912764
168,0.0009541968,0.1137871,0.8852587
169,0.00528077,0.1315348,0.8631845
170,0.02865684,0.1292255,0.8421176
171,0.06587479,0.1224898,0.8116354
172,0.09072661,0.1163576,0.7929158
173,0.1033868,0.1104739,0.7861392
174,0.1077784,0.1047726,0.787449
175,0.1078556,0.09965937,0.7924851
176,0.1059401,0.0953621,0.7986978
177,0.1033535,0.09192514,0.8047214
178,0.1007364,0.08921684,0.8100469
179,0.09833441,0.08707246,0.8145931
180,0.09619998,0.08534954,0.8184505
181,0.1006972,0.08421916,0.8150837
182,0.1016384,0.08357069,0.8147909
183,0.1013475,0.08257136,0.816081
184,0.1004181,0.08153494,0.818047
185,0.09920374,0.08060599,0.8201903
186,0.09790375,0.07985412,0.8222421
187,0.09662333,0.07931149,0.8240652
188,0.09543369,0.07905383,0.8255125
189,0.09435492,0.07904998,0.8265951
190,0.09337281,0.07929921,0.827328
191,0.09247315,0.0798127,0.8277141
192,0.09164707,0.08061685,0.827736
193,0.09639941,0.08175516,0.8218455
194,0.09691462,0.08337372,0.8197117
195,0.09719744,0.08522235,0.8175802
196,0.09737527,0.08706155,0.8155632
197,0.09756025,0.08891027,0.8135295
198,0.09782107,0.09079739,0.8113815
199,0.09819543,0.09274318,0.8090614
200,0.09865621,0.09465357,0.8066902
201,0.09925028,0.09668857,0.8040612
202,0.09998303,0.0988096,0.8012074
203,0.1008428,0.1009482,0.798209
204,0.1018039,0.1030067,0.7951894
205,0.09732741,0.1073829,0.7952897
206,0.09231179,0.1073788,0.8003094
207,0.08990865,0.1074914,0.8025999
208,0.08900356,0.1083435,0.802653
209,0.08909726,0.1099586,0.8009442
210,0.08990429,0.1120466,0.798049
211,0.09123474,0.1141884,0.7945769
212,0.09312757,0.1163994,0.7904731
213,0.09524082,0.1177588,0.7870004
214,0.09738264,0.1182928,0.7843246
215,0.09936289,0.1181071,0.78253
216,0.1010347,0.1173968,0.7815685
217,0.1121079,0.1160583,0.7718338
218,0.1177535,0.1160403,0.7662062
219,0.1199521,0.1140438,0.7660041
220,0.1201402,0.1115766,0.7682832
221,0.1192886,0.109101,0.7716104
222,0.1180133,0.1068777,0.7751091
223,0.1166492,0.1049842,0.7783666
224,0.1153453,0.103396,0.7812587
225,0.1141296,0.1020185,0.7838519
226,0.1129885,0.1007798,0.7862318
227,0.1118943,0.09962612,0.7884796
228,0.1108206,0.09852083,0.7906585
229,0.09800708,0.0971289,0.8048639
230,0.09540062,0.09608924,0.8085101
231,0.09333161,0.09488565,0.8117827
232,0.09167855,0.09392448,0.814397
233,0.0902831,0.09319596,0.8165209
234,0.08907343,0.09268638,0.8182402
235,0.08802801,0.09240816,0.8195639
236,0.08714995,0.09239525,0.8204548
237,0.08645763,0.09271449,0.8208278
238,0.08597027,0.09337728,0.8206524
239,0.085702,0.09435518,0.8199428
240,0.08565709,0.0955761,0.8187668
241,0.07013548,0.09466035,0.8352042
242,0.07003225,0.09838386,0.8315839
243,0.07031818,0.09929015,0.8303916
244,0.07111543,0.1003837,0.8285009
245,0.07208394,0.101275,0.8266411
246,0.07305337,0.1018058,0.8251408
247,0.07394122,0.1020338,0.824025
248,0.07467469,0.1019237,0.8234015
249,0.07526919,0.1017404,0.8229904
250,0.07574093,0.1015052,0.8227538
251,0.07610779,0.1012466,0.8226455
252,0.0763876,0.1009824,0.82263
253,0.1054584,0.1014083,0.7931333
254,0.1074236,0.09994658,0.7926298
255,0.1078255,0.1002377,0.7919369
256,0.1078816,0.0998067,0.7923117
257,0.1076798,0.09910022,0.79322
258,0.1073336,0.09836943,0.794297
259,0.1069203,0.09770023,0.7953795
260,0.10648,0.09713501,0.7963849
261,0.1060409,0.09664132,0.7973179
262,0.1056162,0.09622418,0.7981597
263,0.1052149,0.0958828,0.7989023
264,0.1048448,0.0956164,0.7995389
265,0.06982789,0.0948661,0.835306
266,0.06252318,0.09449415,0.8429826
267,0.05580769,0.09320959,0.8509827
268,0.05063263,0.09311988,0.8562474
269,0.04660337,0.09412809,0.8592685
270,0.04355582,0.09613209,0.860312
271,0.04149121,0.09901179,0.8594971
272,0.04051349,0.1026453,0.8568411
273,0.0406873,0.1061955,0.8531172
274,0.04202636,0.1091016,0.848872
275,0.04444062,0.1109764,0.844583
276,0.04770011,0.1117474,0.8405524
277,0.06097607,0.1126193,0.8264046
278,0.06840026,0.1100398,0.82156
279,0.07255658,0.1088188,0.8186247
280,0.07517722,0.107483,0.8173398
281,0.07690351,0.1060895,0.8170069
282,0.07803647,0.1047022,0.8172613
283,0.07874613,0.1033476,0.8179064
284,0.07912385,0.1019771,0.818899
285,0.0792478,0.1006336,0.8201187
286,0.07917738,0.09932461,0.821498
287,0.07895742,0.09805631,0.8229863
288,0.07862129,0.09683258,0.8245461
289,0.08946232,0.09694947,0.8135883
290,0.09505978,0.09676622,0.808174
291,0.0976653,0.0950607,0.807274
292,0.09830883,0.09305524,0.808636
293,0.09789065,0.09109517,0.8110142
294,0.09695575,0.08930861,0.8137357
295,0.0957959,0.08773619,0.8164679
296,0.0945426,0.08637856,0.8190789
297,0.09328232,0.0852357,0.8214819
298,0.09204267,0.08428362,0.8236737
299,0.09083424,0.0835079,0.8256579
300,0.08966255,0.08290148,0.827436
301,0.09481229,0.08358919,0.8215986
302,0.09793396,0.08471175,0.8173543
303,0.0988672,0.08440867,0.8167241
304,0.09860829,0.08390763,0.8174841
305,0.09778711,0.0833578,0.8188551
306,0.0967366,0.08284445,0.820419
307,0.09562596,0.08242727,0.8219467
308,0.09453457,0.08200953,0.8234559
309,0.09345406,0.08173876,0.8248072
310,0.09242944,0.0816249,0.8259456
311,0.09148473,0.08165403,0.8268612
312,0.09063164,0.08180345,0.8275649
313,0.08332296,0.08400914,0.8326679
314,0.07376876,0.08133188,0.8448994
315,0.06799873,0.07982944,0.8521718
316,0.06401356,0.07876056,0.8572258
317,0.06110997,0.07812397,0.8607661
318,0.05900213,0.07826275,0.8627352
319,0.05760026,0.07984205,0.8625576
320,0.05700398,0.08420502,0.858791
321,0.05725463,0.09103269,0.8517126
322,0.05846121,0.09936649,0.8421723
323,0.0606994,0.1072534,0.8320473
324,0.06392009,0.1129186,0.8231614
325,0.07330379,0.1170623,0.8096339
326,0.0795036,0.1168352,0.8036613
327,0.08455285,0.1163318,0.7991153
328,0.08858669,0.1151234,0.7962899
329,0.09160146,0.1136348,0.7947637
330,0.09367625,0.1120816,0.7942421
331,0.09496293,0.1105647,0.7944723
332,0.09556539,0.1089789,0.7954558
333,0.09571071,0.1075213,0.7967681
334,0.09554832,0.1061637,0.798288
335,0.09518349,0.1048972,0.7999193
336,0.0946839,0.1037034,0.8016127
337,0.09203597,0.1020893,0.8058747
338,0.09062733,0.1010669,0.8083058
339,0.08953176,0.1000794,0.8103889
340,0.08857558,0.09910488,0.8123195
341,0.0876624,0.09811573,0.8142219
342,0.08673893,0.09710174,0.8161593
343,0.08577946,0.09606747,0.818153
344,0.08483943,0.09516274,0.8199978
345,0.08387829,0.09426589,0.8218558
346,0.08289141,0.09340645,0.8237021
347,0.08188826,0.09260812,0.8255036
348,0.08088606,0.09189683,0.8272172
349,0.06083358,0.08993221,0.8492342
350,0.05813358,0.09461085,0.8472555
351,0.058143,0.09303208,0.848825
352,0.05916316,0.09200073,0.8488361
353,0.06011393,0.0911797,0.8487064
354,0.06064126,0.09033757,0.8490212
355,0.06070325,0.08950852,0.8497882
356,0.06036423,0.08882561,0.8508102
357,0.05970908,0.08823205,0.8520588
358,0.05880616,0.08775352,0.8534403
359,0.05770968,0.08738945,0.8549009
360,0.05646197,0.08713175,0.8564063
361,0.07105994,0.09096611,0.837974
362,0.06763437,0.08599836,0.8463672
363,0.06304979,0.08537833,0.8515719
364,0.05927971,0.08479623,0.855924
365,0.05608975,0.08422558,0.8596846
366,0.05339742,0.08407209,0.8625305
367,0.05122486,0.08483145,0.8639437
368,0.04963065,0.08687352,0.8634958
369,0.04874889,0.09084179,0.8604093
370,0.04871828,0.09655298,0.8547288
371,0.04966272,0.1030554,0.8472819
372,0.05164433,0.1089419,0.8394137
373,0.05160796,0.1141157,0.8342764
374,0.05392067,0.1157151,0.8303642
375,0.05720409,0.1161462,0.8266498
376,0.06096303,0.1160132,0.8230239
377,0.06478767,0.1155258,0.8196865
378,0.0683522,0.1147821,0.8168657
379,0.0714393,0.113853,0.8147077
380,0.07397039,0.1128524,0.8131772
381,0.07591141,0.1117682,0.8123204
382,0.07730445,0.1106617,0.8120338
383,0.07823426,0.1095781,0.8121877
384,0.07879799,0.1085453,0.8126568
385,0.08107774,0.1072313,0.811691
386,0.08165547,0.1062694,0.8120751
387,0.08169959,0.1054332,0.8128672
388,0.08147584,0.1046275,0.8138967
389,0.08108581,0.1038384,0.8150758
390,0.08057061,0.103064,0.8163654
391,0.07994789,0.1023053,0.8177468
392,0.07916745,0.1014294,0.8194031
393,0.07826651,0.1005599,0.8211735
394,0.07726419,0.09969408,0.8230417
395,0.07617524,0.09884217,0.8249826
396,0.07501522,0.09801993,0.8269649
397,0.09455842,0.09794857,0.807493
398,0.09546883,0.09535747,0.8091738
399,0.09478548,0.09530337,0.8099112
400,0.09404743,0.09514479,0.8108078
401,0.09335268,0.09490535,0.8117419
402,0.09274098,0.09474457,0.8125144
403,0.09224117,0.09474833,0.8130105
404,0.09189462,0.09506667,0.8130387
405,0.09170644,0.09557202,0.8127216
406,0.09168141,0.09625041,0.8120682
407,0.09181618,0.09705564,0.8111282
408,0.09209957,0.09792759,0.8099728
409,0.09486824,0.09812474,0.807007
410,0.1007409,0.1010265,0.7982326
411,0.1038729,0.1014555,0.7946717
412,0.10542,0.1013761,0.7932039
413,0.1059049,0.1006049,0.7934902
414,0.1057082,0.09947856,0.7948132
415,0.105107,0.09831078,0.7965823
416,0.1043229,0.09730645,0.7983707
417,0.1034595,0.0965113,0.8000292
418,0.1025778,0.09591268,0.8015095
419,0.10171,0.09548513,0.8028049
420,0.1008717,0.09520108,0.8039272
421,0.09511314,0.09433061,0.8105563
422,0.09418663,0.09465916,0.8111542
423,0.09318465,0.09458598,0.8122293
424,0.09237117,0.09470478,0.812924
425,0.09175087,0.09502608,0.8132231
426,0.09131637,0.09555338,0.8131303
427,0.09106964,0.09631634,0.812614
428,0.09101341,0.09736803,0.8116185
429,0.09117255,0.09880906,0.8100184
430,0.0915537,0.1006337,0.8078126
431,0.09215526,0.1027546,0.8050901
432,0.09296571,0.105002,0.8020323
433,0.05787167,0.1074434,0.8346849
434,0.05196981,0.1098778,0.8381524
435,0.04599021,0.1087524,0.8452573
436,0.04173661,0.1096144,0.848649
437,0.03898515,0.1120898,0.8489251
438,0.037722,0.1154396,0.8468384
439,0.03802537,0.1187748,0.8431998
440,0.04002661,0.1215886,0.8383847
441,0.04360904,0.1229648,0.8334261
442,0.04842183,0.1231062,0.828472
443,0.05388968,0.1223348,0.8237755
444,0.05933746,0.1209823,0.8196802
445,0.04106174,0.1169444,0.8419939
446,0.03284587,0.1176595,0.8494947
447,0.02804078,0.1167909,0.8551684
448,0.02510681,0.1158094,0.8590838
449,0.02326461,0.1148336,0.8619018
450,0.02209925,0.1138498,0.8640509
451,0.02137094,0.1128452,0.8657838
452,0.02091499,0.1117208,0.8673642
453,0.02063615,0.1105568,0.8688071
454,0.02046904,0.1093533,0.8701776
455,0.0203666,0.1081204,0.871513
456,0.0202945,0.1068696,0.8728358
457,0.05897326,0.1066214,0.8344054
458,0.08220837,0.1022156,0.815576
459,0.09226044,0.1002405,0.8074991
460,0.09544533,0.09887324,0.8056814
461,0.09599174,0.0975653,0.8064429
462,0.09543963,0.09626967,0.8082907
463,0.09438726,0.09502037,0.8105924
464,0.09307945,0.09382704,0.8130935
465,0.09163833,0.09273412,0.8156275
466,0.09012426,0.09176091,0.8181148
467,0.08857465,0.09092744,0.8204979
468,0.08704306,0.0902788,0.8226781
469,0.08125819,0.09043537,0.8283065
470,0.08258997,0.09294982,0.8244603
471,0.08360882,0.09211762,0.8242736
472,0.08396812,0.09159656,0.8244353
473,0.08377718,0.09122325,0.8249995
474,0.08322106,0.09085342,0.8259255
475,0.08244136,0.090514,0.8270446
476,0.08152359,0.09030135,0.8281751
477,0.08053514,0.09027972,0.8291851
478,0.0795408,0.0904736,0.8299856
479,0.07858169,0.0908676,0.8305507
480,0.07768848,0.09143735,0.8308741
481,0.1081631,0.09281572,0.7990212
482,0.09714658,0.09096313,0.8118902
483,0.09240079,0.09188015,0.815719
484,0.09014425,0.09196579,0.8178899
485,0.08909729,0.09198361,0.8189191
486,0.08884244,0.09245309,0.8187045
487,0.08919663,0.09375811,0.8170453
488,0.09020943,0.09667337,0.8131172
489,0.09166793,0.1009096,0.8074225
490,0.09351213,0.1061578,0.80033
491,0.09567898,0.1115842,0.7927368
492,0.09810798,0.1161752,0.7857168
493,0.106131,0.1177819,0.7760872
494,0.1128777,0.1198415,0.7672808
495,0.1172051,0.1201475,0.7626475
496,0.1196669,0.1186408,0.7616923
497,0.1206107,0.1161346,0.7632547
498,0.1204724,0.1134306,0.7660969
499,0.1196704,0.1109279,0.7694017
500,0.1184921,0.1087223,0.7727857
501,0.1172061,0.1068699,0.775924
502,0.1159355,0.1053233,0.7787413
503,0.1147347,0.1040305,0.7812347
504,0.1136142,0.1029325,0.7834532
505,0.1079593,0.1022673,0.7897733
506,0.1025261,0.09994189,0.7975321
507,0.09946305,0.09920093,0.8013361
508,0.09755187,0.09895359,0.8034946
509,0.09630306,0.09892986,0.8047671
510,0.09549385,0.0990928,0.8054134
511,0.09503324,0.09951308,0.8054537
512,0.09502356,0.1005565,0.8044199
513,0.09533908,0.1020477,0.8026133
514,0.09597212,0.1040477,0.7999802
515,0.09690828,0.1064649,0.7966269
516,0.09812376,0.1090588,0.7928175
517,0.1017879,0.1089599,0.7892522
518,0.1085557,0.1126782,0.7787661
519,0.1124668,0.1141183,0.7734149
520,0.114751,0.1140663,0.7711827
521,0.1157237,0.1126218,0.7716545
522,0.1157508,0.1105871,0.7736621
523,0.1151703,0.1085089,0.7763207
524,0.1142338,0.1065712,0.779195
525,0.1131287,0.1048919,0.7819794
526,0.1119613,0.1034584,0.7845803
527,0.1107861,0.1022384,0.7869754
528,0.1096263,0.1011957,0.789178
529,0.103196,0.1011456,0.7956583
530,0.09901663,0.09920673,0.8017766
531,0.09632253,0.0982848,0.8053926
532,0.09438874,0.09772121,0.8078901
533,0.09292846,0.09738562,0.8096859
534,0.09182163,0.09729449,0.8108839
535,0.09103408,0.09753923,0.8114268
536,0.09059793,0.09848419,0.8109179
537,0.09051417,0.1001124,0.8093734
538,0.09079617,0.1025665,0.8066373
539,0.09144437,0.1058091,0.8027465
540,0.09245013,0.1095764,0.7979735
541,0.1016745,0.1160908,0.7822348
542,0.09865543,0.1181805,0.7831641
543,0.09852389,0.1202381,0.7812381
544,0.09941655,0.1215143,0.7790692
545,0.1009256,0.1226042,0.7764702
546,0.1027991,0.1234527,0.7737482
547,0.1048266,0.1238772,0.7712963
548,0.1067911,0.1237137,0.7694951
549,0.1085289,0.1230794,0.7683917
550,0.1099132,0.1220675,0.7680192
551,0.1108773,0.1208,0.7683227
552,0.1114113,0.1193829,0.7692057
553,0.1068769,0.1172036,0.7759196
554,0.1064985,0.1161656,0.7773359
555,0.1059806,0.1145832,0.7794362
556,0.105341,0.1131102,0.7815489
557,0.1046027,0.111773,0.7836244
558,0.1038048,0.1105692,0.7856259
559,0.1029793,0.1094966,0.7875242
560,0.1021391,0.1085203,0.7893406
561,0.1013008,0.1076607,0.7910386
562,0.1004693,0.1068999,0.7926309
563,0.09964806,0.1062312,0.7941207
564,0.09884095,0.1056533,0.7955057
565,0.1040947,0.1057059,0.7901993
566,0.1065738,0.1058916,0.7875345
567,0.1074546,0.1053606,0.7871848
568,0.107482,0.1047201,0.7877979
569,0.1070414,0.1040221,0.7889364
570,0.106349,0.1033311,0.79032
571,0.1055326,0.1027107,0.7917567
572,0.1046704,0.1022098,0.7931197
573,0.1038164,0.1018551,0.7943285
574,0.1030021,0.1016575,0.7953404
575,0.1022522,0.1016249,0.796123
576,0.1015881,0.1017613,0.7966505
577,0.1052826,0.1048436,0.7898738
578,0.1052409,0.1044089,0.7903502
579,0.1054879,0.1051925,0.7893196
580,0.1057315,0.1061465,0.7881219
581,0.1060142,0.1072004,0.7867855
582,0.1063707,0.1083406,0.7852888
583,0.106819,0.1095489,0.783632
584,0.1073585,0.1107595,0.781882
585,0.1080071,0.1120365,0.7799565
586,0.1087542,0.1133031,0.7779427
587,0.1095836,0.1144823,0.7759342
588,0.1104693,0.1155041,0.7740265
589,0.1161371,0.1166077,0.7672552
590,0.1161313,0.1169,0.7669687
591,0.1168306,0.1173716,0.7657978
592,0.117519,0.1174881,0.764993
593,0.1181249,0.1174279,0.7644472
594,0.1186157,0.1172537,0.7641306
595,0.1189751,0.1169917,0.7640331
596,0.1191944,0.1166463,0.7641594
597,0.1192864,0.1162726,0.764441
598,0.1192614,0.1158805,0.7648581
599,0.1191347,0.1154842,0.7653812
600,0.1189236,0.1150963,0.7659802
601,0.1191199,0.113922,0.766958
602,0.1207704,0.1142479,0.7649817
603,0.1210978,0.1137952,0.765107
604,0.1208565,0.1131909,0.7659526
605,0.1202745,0.1124609,0.7672647
606,0.1194956,0.1116805,0.7688237
607,0.1186181,0.1109184,0.7704635
608,0.1176975,0.1101848,0.7721176
609,0.1167831,0.1095426,0.7736742
610,0.1158994,0.1089916,0.775109
611,0.1150643,0.1085339,0.7764018
612,0.1142922,0.1081725,0.7775354
613,0.1055031,0.1087221,0.7857748
614,0.1029815,0.1080749,0.7889435
615,0.1009342,0.1071916,0.7918742
616,0.0995712,0.1066919,0.7937369
617,0.09877826,0.1067289,0.7944928
618,0.09847975,0.1074668,0.7940534
619,0.09862437,0.1090423,0.7923333
620,0.09920872,0.1116686,0.7891227
621,0.1001544,0.1149167,0.7849289
622,0.1014378,0.1183728,0.7801894
623,0.1030176,0.1214904,0.775492
624,0.1048301,0.123828,0.771342
625,0.1034759,0.1251086,0.7714155
626,0.1059824,0.1257754,0.7682422
627,0.1080088,0.1255226,0.7664686
628,0.1097536,0.1249656,0.7652808
629,0.1111372,0.1241512,0.7647116
630,0.1121141,0.1231846,0.7647014
631,0.1126809,0.1221507,0.7651684
632,0.1129108,0.1212169,0.7658722
633,0.1128067,0.120221,0.7669722
634,0.1124353,0.1192413,0.7683233
635,0.1118628,0.1183049,0.7698324
636,0.111151,0.1174304,0.7714186
637,0.1119547,0.1176581,0.7703872
638,0.1078239,0.1157852,0.7763909
639,0.1053509,0.1154054,0.7792436
640,0.1036552,0.1153123,0.7810325
641,0.1024516,0.1154295,0.7821189
642,0.1016162,0.1157638,0.7826201
643,0.1010925,0.1163313,0.7825763
644,0.1008179,0.1170026,0.7821795
645,0.1008196,0.1179397,0.7812408
646,0.1010885,0.1190583,0.7798532
647,0.1016164,0.1202709,0.7781126
648,0.1023845,0.1214679,0.7761475
649,0.1002343,0.1208571,0.7789087
650,0.105079,0.1232022,0.7717189
651,0.1083806,0.1233184,0.768301
652,0.1107215,0.1230061,0.7662724
653,0.1121488,0.1219832,0.765868
654,0.1127725,0.1205382,0.7666892
655,0.1127452,0.1189557,0.7682992
656,0.1122329,0.1174123,0.7703547
657,0.1113706,0.115938,0.7726914
658,0.1102758,0.1145691,0.7751551
659,0.1090379,0.1133166,0.7776455
660,0.1077195,0.1121785,0.780102
661,0.1177003,0.1119368,0.7703629
662,0.1149167,0.1101823,0.7749011
663,0.1133531,0.1097373,0.7769095
664,0.1120738,0.1091483,0.778778
665,0.110931,0.1085368,0.7805322
666,0.1099158,0.1080065,0.7820777
667,0.1090492,0.1076196,0.7833312
668,0.1083637,0.1074413,0.7841949
669,0.1079084,0.1075984,0.7844932
670,0.1077137,0.1081799,0.7841064
671,0.1078,0.1092597,0.7829404
672,0.1081704,0.1108558,0.7809738
673,0.09939869,0.1108608,0.7897406
674,0.1035688,0.1141685,0.7822627
675,0.1053617,0.1165054,0.7781329
676,0.1069639,0.1190043,0.7740319
677,0.1084342,0.1207262,0.7708396
678,0.1097671,0.1215027,0.7687302
679,0.1109193,0.12152,0.7675607
680,0.1118909,0.1211959,0.7669132
681,0.1125923,0.1205072,0.7669005
682,0.1130141,0.1196499,0.767336
683,0.1131624,0.1187253,0.7681122
684,0.1130652,0.1177942,0.7691407
685,0.1090881,0.1172653,0.7736466
686,0.1076957,0.1162119,0.7760925
687,0.1065721,0.1153583,0.7780696
688,0.1056768,0.1147964,0.7795268
689,0.1049483,0.1144627,0.780589
690,0.1043504,0.114306,0.7813436
691,0.1038644,0.1142946,0.781841
692,0.1034503,0.1142987,0.7822509
693,0.1031427,0.1144661,0.7823912
694,0.1029388,0.1147558,0.7823054
695,0.1028412,0.115151,0.7820079
696,0.1028495,0.1156311,0.7815194
697,0.1194648,0.1137789,0.7667563
698,0.1256422,0.1156189,0.7587389
699,0.128595,0.11698,0.754425
700,0.1295933,0.1169152,0.7534916
701,0.129102,0.1154614,0.7554366
702,0.1277323,0.1134217,0.7588461
703,0.1259319,0.1113104,0.7627577
704,0.1239643,0.1093341,0.7667016
705,0.1219504,0.1075112,0.7705384
706,0.1199341,0.1057912,0.7742748
707,0.1179129,0.1040741,0.778013
708,0.11587,0.102224,0.7819061
709,0.112029,0.1017916,0.7861793
710,0.1039947,0.09816888,0.7978364
711,0.09855895,0.09157684,0.8098643
712,0.09462548,0.07988042,0.8254942
713,0.09252566,0.05901573,0.8484586
714,0.09346787,0.02183328,0.8846989
715,0.09557001,1.374447E-21,0.90443
716,0.08009581,0.2049815,0.7149226
717,0.07074658,0.2474457,0.6818078
718,0.07262397,0.276837,0.650539
719,0.1077392,0.0362376,0.8560232
720,0.09262329,0.2522903,0.6550863
721,0.09090987,0.2476055,0.6614847
722,0.09836127,0.2248997,0.676739
723,0.1075199,0.1910177,0.7014624
724,0.1168613,0.1623489,0.7207898
725,0.1238214,0.1464785,0.7297001
726,0.1283929,0.1390432,0.7325639
727,0.1310629,0.135013,0.7339241
728,0.1321063,0.1320242,0.7358695
729,0.1318048,0.1294181,0.738777
730,0.1304089,0.126903,0.7426881
731,0.1282429,0.1244526,0.7473044
732,0.125661,0.12213,0.7522089
733,0.1271938,0.1208341,0.7519721
734,0.1249326,0.1188289,0.7562385
735,0.1228506,0.1172901,0.7598593
736,0.120857,0.1158625,0.7632805
737,0.1189679,0.1145302,0.7665019
738,0.1171768,0.1132315,0.7695917
739,0.1155195,0.1120408,0.7724397
740,0.1140141,0.1109738,0.7750121
741,0.1126734,0.1100071,0.7773194
742,0.1115301,0.1091817,0.7792882
743,0.1106225,0.1085707,0.7808069
744,0.1099915,0.1082939,0.7817146
745,0.1005449,0.1106283,0.7888268
746,0.09892089,0.1112944,0.7897847
747,0.0971437,0.1107665,0.7920898
748,0.09623697,0.1110821,0.7926809
749,0.09614859,0.1130998,0.7907516
750,0.09678564,0.1172053,0.7860091
751,0.09809122,0.1228874,0.7790214
752,0.09999724,0.1284356,0.7715671
753,0.1025499,0.1327065,0.7647436
754,0.1056339,0.1348259,0.7595401
755,0.1090167,0.1349822,0.7560012
756,0.1123932,0.133935,0.7536718
757,0.1307566,0.1300766,0.7391668
758,0.1389046,0.1297933,0.7313021
759,0.1431487,0.1282219,0.7286295
760,0.1447349,0.1258256,0.7294395
761,0.1443391,0.1230635,0.7325975
762,0.1424784,0.1202138,0.7373078
763,0.1396056,0.1173982,0.7429962
764,0.1362104,0.1148175,0.7489721
765,0.132623,0.1123883,0.7549887
766,0.1290959,0.1101447,0.7607594
767,0.1257189,0.1080242,0.766257
768,0.1224704,0.1058991,0.7716305
769,0.1102055,0.1031706,0.786624
770,0.1057211,0.09996324,0.7943156
771,0.1012625,0.09492785,0.8038096
772,0.097167,0.08697795,0.8158551
773,0.0937342,0.07351723,0.8327486
774,0.09175543,0.04944043,0.8588042
775,0.09262327,0.006378987,0.9009978
776,0.08920813,0.04077825,0.8700136
777,0.0905272,1.431783E-21,0.9094728
778,0.07381094,0.2427883,0.6834008
779,0.06967907,0.2390776,0.6912434
780,0.09910398,0.04244405,0.8584519
781,0.09909316,0.2558418,0.6450651
782,0.1053484,0.2502861,0.6443655
783,0.1109631,0.2414983,0.6475385
784,0.1215621,0.2103131,0.6681248
785,0.1318876,0.1710797,0.6970328
786,0.1385484,0.1457682,0.7156833
787,0.141669,0.1341182,0.7242127
788,0.1425724,0.1286196,0.7288079
789,0.1417574,0.1249337,0.7333089
790,0.1395375,0.121745,0.7387175
791,0.1362554,0.118671,0.7450736
792,0.1323922,0.1156969,0.7519109
793,0.1296255,0.1123184,0.7580561
794,0.1255214,0.1096753,0.7648032
795,0.1218401,0.1070007,0.7711592
796,0.1183971,0.1040312,0.7775717
797,0.115103,0.100494,0.784403
798,0.1118767,0.09580632,0.7923169
799,0.108735,0.08896318,0.8023018
800,0.1059336,0.07840988,0.8156565
801,0.1040517,0.06137468,0.8345736
802,0.1040898,0.03295776,0.8629525
803,0.1062248,1.114363E-21,0.8937752
804,0.09027746,0.1941584,0.7155641
805,0.07074391,0.236822,0.6924341
806,0.06865385,0.2912805,0.6400657
807,0.08946948,0.03896291,0.8715675
808,0.06368344,0.3007851,0.6355315
809,0.1098637,0.02138862,0.8687477
810,0.09165923,0.2756687,0.6326721
811,0.1267639,0.04503869,0.8281974
812,0.1079714,0.2139477,0.6780809
813,0.1155382,0.1951611,0.6893007
814,0.1237666,0.1694723,0.7067612
815,0.1303504,0.1517491,0.7179005
816,0.1347392,0.1426359,0.7226249
817,0.1365013,0.1379665,0.7255321
818,0.1384484,0.1351075,0.726444
819,0.139191,0.1328598,0.7279492
820,0.1389767,0.1308713,0.730152
821,0.1379198,0.1289391,0.7331411
822,0.1361291,0.1269713,0.7368996
823,0.1337764,0.1249966,0.741227
824,0.1310569,0.1230434,0.7458997
825,0.1281499,0.1210956,0.7507544
826,0.1251901,0.1191015,0.7557083
827,0.1223185,0.1171406,0.760541
828,0.1195622,0.1150845,0.7653533
829,0.1242232,0.1121074,0.7636694
830,0.1249099,0.1106538,0.7644363
831,0.1245914,0.1097657,0.7656429
832,0.1239713,0.1092005,0.7668283
833,0.1230168,0.1084203,0.7685629
834,0.121834,0.1072743,0.7708917
835,0.1205718,0.1057677,0.7736605
836,0.1193665,0.103944,0.7766894
837,0.1183193,0.1018156,0.779865
838,0.1175506,0.09945634,0.782993
839,0.1171764,0.09703941,0.7857842
840,0.1172662,0.0947967,0.787937
841,0.1077369,0.09394963,0.7983134
842,0.1094207,0.09391227,0.796667
843,0.1087307,0.09030136,0.8009679
844,0.1090605,0.08579232,0.8051472
845,0.1105546,0.08267249,0.8067729
846,0.1126969,0.08339164,0.8039114
847,0.1148445,0.08958993,0.7955655
848,0.1165802,0.1008537,0.7825661
849,0.1179411,0.1146583,0.7674006
850,0.1192197,0.1271186,0.7536617
851,0.1207478,0.1353854,0.7438668
852,0.1226096,0.1389684,0.7384219
853,0.1270546,0.1388389,0.7341065
854,0.1289977,0.137496,0.7335064
855,0.1307088,0.1358494,0.7334417
856,0.1318013,0.1341182,0.7340805
857,0.1322673,0.1324986,0.7352341
858,0.132165,0.131019,0.7368161
859,0.1315863,0.1296557,0.7387581
860,0.1306187,0.1283308,0.7410505
861,0.1294041,0.1270989,0.743497
862,0.1280463,0.1259479,0.7460058
863,0.1266281,0.1248728,0.7484992
864,0.1252048,0.1238609,0.7509343
865,0.1238127,0.1227276,0.7534598
866,0.1223131,0.1217927,0.7558941
867,0.1209551,0.1208243,0.7582207
868,0.1197213,0.1198321,0.7604466
869,0.1186222,0.1188243,0.7625535
870,0.1176894,0.1178199,0.7644907
871,0.1169607,0.116861,0.7661783
872,0.1165149,0.1161501,0.767335
873,0.1163341,0.1156886,0.7679774
874,0.1164509,0.1156689,0.7678803
875,0.1168578,0.1162848,0.7668574
876,0.1175238,0.11771,0.7647662
877,0.1204323,0.1176927,0.761875
878,0.1239625,0.1203384,0.7556991
879,0.1271139,0.1255841,0.7473022
880,0.1293054,0.1303818,0.7403129
881,0.1306696,0.133294,0.7360364
882,0.1314785,0.1343117,0.7342098
883,0.1318931,0.1340224,0.7340845
884,0.131953,0.1329677,0.7350793
885,0.1317212,0.1316374,0.7366415
886,0.1312142,0.1302212,0.7385646
887,0.130469,0.128803,0.740728
888,0.1295335,0.1274099,0.7430567
889,0.1323383,0.1270962,0.7405655
890,0.1288184,0.1256117,0.7455699
891,0.1267017,0.1240094,0.7492889
892,0.1250689,0.1222669,0.7526641
893,0.1237888,0.120548,0.7556633
894,0.1228383,0.1189365,0.7582253
895,0.1222299,0.1175091,0.760261
896,0.1220297,0.1165112,0.7614591
897,0.1222128,0.1160797,0.7617075
898,0.1227774,0.1164781,0.7607445
899,0.1236669,0.1179278,0.7584052
900,0.1247909,0.1205221,0.754687
901,0.1083066,0.1238916,0.7678018
902,0.1166967,0.1279327,0.7553706
903,0.1193035,0.1317431,0.7489533
904,0.1211121,0.1358053,0.7430826
905,0.1226721,0.1391381,0.7381899
906,0.1241563,0.141277,0.7345667
907,0.125591,0.1422365,0.7321726
908,0.126913,0.1422558,0.7308313
909,0.1280835,0.1417372,0.7301793
910,0.1290242,0.1409274,0.7300484
911,0.1296952,0.1399943,0.7303105
912,0.1300775,0.1390214,0.7309011
913,0.1386011,0.1398163,0.7215826
914,0.1315937,0.1383976,0.7300087
915,0.1280917,0.136867,0.7350413
916,0.1258239,0.1353156,0.7388605
917,0.1242554,0.1340611,0.7416835
918,0.1231966,0.1332162,0.7435872
919,0.1225702,0.1328426,0.7445872
920,0.1222856,0.1328446,0.7448698
921,0.1223502,0.1333764,0.7442733
922,0.1227086,0.1343772,0.7429141
923,0.1233133,0.1357275,0.7409591
924,0.124118,0.1372435,0.7386385
925,0.117319,0.1392805,0.7434005
926,0.1198051,0.1405205,0.7396743
927,0.1208649,0.1409387,0.7381964
928,0.1219553,0.1414004,0.7366443
929,0.1231255,0.1417249,0.7351496
930,0.1243318,0.1418383,0.7338299
931,0.1255121,0.1417407,0.7327472
932,0.1266232,0.1415182,0.7318587
933,0.1275646,0.1410697,0.7313657
934,0.1282961,0.1404654,0.7312385
935,0.1287875,0.1397507,0.7314618
936,0.1290241,0.1389539,0.732022
937,0.1317396,0.1374376,0.7308228
938,0.1325298,0.1367406,0.7307297
939,0.1326808,0.1359143,0.7314048
940,0.132324,0.1348979,0.7327781
941,0.1315428,0.133705,0.7347522
942,0.1304188,0.1323846,0.7371966
943,0.1290308,0.1309828,0.7399863
944,0.1274114,0.1294094,0.7431791
945,0.1256824,0.127831,0.7464866
946,0.1239083,0.1262415,0.7498503
947,0.1221659,0.1246675,0.7531666
948,0.1205285,0.1231469,0.7563246
949,0.1208408,0.1214887,0.7576706
950,0.1199564,0.1203131,0.7597305
951,0.1194578,0.1199013,0.7606409
952,0.1191336,0.1199639,0.7609026
953,0.1189707,0.1204514,0.7605778
954,0.1189756,0.1213591,0.7596653
955,0.1191485,0.1226707,0.7581808
956,0.1195786,0.1246966,0.7557247
957,0.120131,0.1268924,0.7529767
958,0.120819,0.1290768,0.7501042
959,0.1216194,0.1310292,0.7473515
960,0.1225001,0.1325682,0.7449318
961,0.1307369,0.1324344,0.7368287
962,0.1311676,0.1330622,0.7357702
963,0.1325576,0.1339243,0.7335181
964,0.1335833,0.133937,0.7324797
965,0.1341757,0.1333127,0.7325116
966,0.1343723,0.1323473,0.7332804
967,0.1342172,0.131241,0.7345417
968,0.1337086,0.1299909,0.7363005
969,0.132956,0.1288005,0.7382435
970,0.1319875,0.1276403,0.7403722
971,0.1308545,0.1265018,0.7426437
972,0.1296119,0.1253775,0.7450105
973,0.1268325,0.1218022,0.7513653
974,0.1307711,0.1213454,0.7478835
975,0.132268,0.1219385,0.7457935
976,0.132746,0.1226566,0.7445974
977,0.1323131,0.1227114,0.7449754
978,0.1312426,0.1220703,0.7466872
979,0.1297741,0.1208792,0.7493466
980,0.1281382,0.1194054,0.7524564
981,0.1263945,0.1175555,0.75605
982,0.1246636,0.1153305,0.760006
983,0.1230419,0.1126527,0.7643054
984,0.1216322,0.1093884,0.7689794
985,0.1283825,0.1113353,0.7602822
986,0.1194323,0.1093885,0.7711793
987,0.1110578,0.09710933,0.7918329
988,0.1065761,0.07190335,0.8215205
989,0.1082406,0.02715107,0.8646083
990,0.113245,1.416892E-21,0.886755
991,0.09462428,0.232923,0.6724528
992,0.08475134,0.2828584,0.6323903
993,0.1170771,0.06322884,0.819694
994,0.1014792,0.2562107,0.6423101
995,0.1069908,0.2692485,0.6237608
996,0.1123507,0.2561986,0.6314507
997,0.1229479,0.2146776,0.6623746
998,0.1409868,0.1777488,0.6812644
999,0.1524313,0.1561659,0.6914027
1000,0.1573484,0.1456693,0.6969823
1001,0.1589951,0.1405675,0.7004374
1002,0.1590496,0.1375634,0.7033871
1003,0.1579432,0.13522,0.7068368
1004,0.1555811,0.1328093,0.7116096
1005,0.1517922,0.1299357,0.7182721
1006,0.1466429,0.1264418,0.7269152
1007,0.1405576,0.1223907,0.7370517
1008,0.1340019,0.1177858,0.7482123
1009,0.1281055,0.1131038,0.7587907
1010,0.1167616,0.1047752,0.7784632
1011,0.1053738,0.08999776,0.8046284
1012,0.0917159,0.05755556,0.8507286
1013,0.07496001,1.190115E-21,0.92504
1014,0.05113319,0.217848,0.7310188
1015,0.006115048,0.287319,0.7065659
1016,0.123512,0.07857528,0.7979127
1017,0.01336134,0.1140694,0.8725693
1018,0.1425523,0.08186813,0.7755796
1019,0.1540588,0.06174246,0.7841988
1020,0.162786,0.05479524,0.7824188
1021,0.1560673,0.05976809,0.7841646
1022,0.1528546,0.06854427,0.7786012
1023,0.1178192,0.2733998,0.608781
1024,0.154948,0.0439623,0.8010896
1025,0.1247028,0.2282552,0.647042
1026,0.1315685,0.2085615,0.65987
1027,0.1382164,0.1775032,0.6842805
1028,0.143364,0.1566585,0.6999775
1029,0.1461955,0.1465383,0.7072663
1030,0.1474999,0.141668,0.7108321
1031,0.1478211,0.1387957,0.7133832
1032,0.1473896,0.1366544,0.715956
1033,0.1438135,0.1352332,0.7209533
1034,0.1407602,0.133104,0.7261358
1035,0.1376631,0.1311017,0.7312351
1036,0.1341271,0.1287424,0.7371305
1037,0.1300995,0.125877,0.7440234
1038,0.125621,0.1222305,0.7521485
1039,0.1208569,0.1174167,0.7617264
1040,0.1160769,0.1107135,0.7732096
1041,0.1117878,0.1011211,0.7870911
1042,0.1087744,0.08721394,0.8040116
1043,0.1078652,0.06613421,0.8260006
1044,0.1101694,0.03564749,0.8541831
1045,0.1304656,0.0005264541,0.8690079
1046,0.1126984,0.1779474,0.7093542
1047,0.1138173,0.191437,0.6947458
1048,0.1211216,0.2088051,0.6700733
1049,0.1264069,0.2176827,0.6559104
1050,0.1304935,0.2129952,0.6565114
1051,0.1344715,0.1973782,0.6681503
1052,0.1384565,0.1774058,0.6841377
1053,0.1415307,0.1594756,0.6989937
1054,0.1432285,0.1467595,0.710012
1055,0.14358,0.1387646,0.7176554
1056,0.1428615,0.133724,0.7234145
1057,0.1314287,0.1336147,0.7349566
1058,0.1259823,0.1296051,0.7444127
1059,0.1199184,0.1242123,0.7558692
1060,0.1142664,0.1176202,0.7681134
1061,0.1091673,0.1085606,0.7822722
1062,0.1051099,0.09490167,0.7999884
1063,0.1030239,0.07296552,0.8240106
1064,0.104288,0.03717864,0.8585334
1065,0.1085629,1.361058E-21,0.8914371
1066,0.09010681,0.2167197,0.6931735
1067,0.08053477,0.25641,0.6630552
1068,0.07938436,0.2992264,0.6213893
1069,0.1289589,0.0407569,0.8302842
1070,0.1059914,0.2572191,0.6367894
1071,0.1146627,0.2635939,0.6217434
1072,0.123364,0.2424202,0.6342157
1073,0.1331911,0.2049415,0.6618674
1074,0.1414248,0.1714263,0.6871489
1075,0.1462065,0.153069,0.7007244
1076,0.1483536,0.1449378,0.7067086
1077,0.1490165,0.1410603,0.7099231
1078,0.1486976,0.1386286,0.7126738
1079,0.1475665,0.1366134,0.7158201
1080,0.1456662,0.1346002,0.7197335
1081,0.1431568,0.1324294,0.7244138
1082,0.1374763,0.1292863,0.7332374
1083,0.1320356,0.1257132,0.7422512
1084,0.1262596,0.1210576,0.7526829
1085,0.1202738,0.1148351,0.7648911
1086,0.1143387,0.105909,0.7797523
1087,0.1089788,0.09212119,0.7989001
1088,0.1051257,0.06899671,0.8258777
1089,0.1046581,0.02865253,0.8666893
1090,0.106157,1.312284E-21,0.893843
1091,0.08780798,0.2267905,0.6854016
1092,0.07191097,0.2812698,0.6468192
1093,0.0811394,0.06622663,0.8526339
1094,0.0759441,0.283677,0.6403789
1095,0.1231332,0.04949158,0.8273752
1096,0.1026495,0.2700219,0.6273286
1097,0.1153154,0.2485943,0.6360903
1098,0.1182693,0.2509667,0.6307641
1099,0.1267402,0.2182208,0.655039
1100,0.1351715,0.1808092,0.6840193
1101,0.140946,0.1566078,0.7024462
1102,0.1438279,0.1449448,0.7112272
1103,0.1448142,0.1393877,0.7157981
1104,0.1445436,0.1360986,0.7193577
1105,0.1438802,0.1333932,0.7227266
1106,0.1417776,0.1309651,0.7272573
1107,0.1387118,0.1282966,0.7329916
1108,0.1348327,0.1252362,0.739931
1109,0.1303529,0.1216443,0.7480028
1110,0.1255437,0.1174011,0.7570552
1111,0.1205664,0.1119781,0.7674555
1112,0.1155109,0.1041767,0.7803124
1113,0.1107788,0.09242041,0.7968008
1114,0.1068798,0.07275357,0.8203666
1115,0.1052393,0.03813427,0.8566265
1116,0.1056695,1.163956E-21,0.8943304
1117,0.07663939,0.220499,0.7028616
1118,0.06435736,0.2746092,0.6610335
1119,0.08329429,0.07164383,0.8450618
