EwEVersion,"6.5.13829.0 (compiled 2016-05-17)"
Date,"2016-09-06 18:44:29"
ModelName,Baltic_Proper-SEALS
EcosimScenario,Proper1_SealVuln100_19742100_seal0_cofF1
TimeSeries,new_data_weights_19742100_BAU_WAR1_codF1_seal0
StartYear,1974

Data,"Prey of Pseudocalanus sp."

TimeStep,"Cyanobacteria","Phytoplankton","microzooplankton","Detritus-water column",
1,0.04366294,0.4557547,0.2818175,0.2187648
2,0.04009329,0.4747883,0.2833427,0.2017757
3,0.03816162,0.4799528,0.2887887,0.1930968
4,0.03708253,0.4799942,0.2942973,0.1886259
5,0.03647449,0.4783787,0.2987402,0.1864066
6,0.03613125,0.4764783,0.3019903,0.1854002
7,0.03593611,0.4747769,0.3042554,0.1850316
8,0.03582186,0.4733877,0.3058117,0.1849787
9,0.03574984,0.4722825,0.3069051,0.1850626
10,0.03569806,0.4713918,0.3077239,0.1851862
11,0.0356543,0.4706463,0.3084007,0.1852987
12,0.03561193,0.4699903,0.3090229,0.185375
13,0.03617777,0.4636159,0.3116299,0.1885765
14,0.03655842,0.4606593,0.3120425,0.1907397
15,0.03677773,0.4593259,0.311914,0.1919824
16,0.03688683,0.4587188,0.311784,0.1926104
17,0.03692296,0.4583818,0.3118586,0.1928367
18,0.0369129,0.4581037,0.3121724,0.1928111
19,0.03687529,0.4578027,0.3126848,0.1926372
20,0.03682293,0.4574618,0.313329,0.1923863
21,0.03676483,0.4570924,0.3140332,0.1921095
22,0.03670745,0.4567172,0.3147301,0.1918453
23,0.03665565,0.4563605,0.3153605,0.1916234
24,0.03661297,0.4560439,0.3158765,0.1914666
25,0.0331501,0.4876059,0.3057854,0.1734587
26,0.0311473,0.4966093,0.3089246,0.1633187
27,0.0300859,0.4979154,0.3136111,0.1583877
28,0.02950414,0.4967392,0.3177379,0.1560188
29,0.02919316,0.4950518,0.3206866,0.1550684
30,0.02903376,0.493532,0.322546,0.1548883
31,0.02895669,0.4923404,0.3235983,0.1551045
32,0.02892209,0.4914492,0.3241238,0.155505
33,0.02890749,0.4907782,0.3243417,0.1559726
34,0.02890019,0.4902472,0.3244103,0.1564424
35,0.02889356,0.4897931,0.3244314,0.1568819
36,0.02888434,0.4893726,0.3244662,0.1572768
37,0.02955887,0.4812846,0.3278544,0.1613022
38,0.03001414,0.4778103,0.3281161,0.1640595
39,0.03029162,0.4764452,0.3274859,0.1657773
40,0.03044759,0.4759791,0.3267741,0.1667992
41,0.03052419,0.4758197,0.3262832,0.1673729
42,0.03055126,0.4757066,0.3260723,0.1676698
43,0.03054884,0.4755455,0.326102,0.1678037
44,0.03052985,0.475318,0.3263055,0.1678467
45,0.03050243,0.4750356,0.326618,0.167844
46,0.03047219,0.4747208,0.326979,0.167828
47,0.0304427,0.4743961,0.3273412,0.16782
48,0.03041626,0.4740805,0.3276694,0.1678339
49,0.03112203,0.4656736,0.3313853,0.1718192
50,0.03161123,0.4620529,0.3317747,0.1745611
51,0.0319217,0.4607027,0.3311035,0.1762721
52,0.03211289,0.4603889,0.330176,0.1773222
53,0.03222897,0.4604934,0.3293034,0.1779742
54,0.03230109,0.4607324,0.3285587,0.1784078
55,0.0323495,0.4609911,0.327923,0.1787364
56,0.03238653,0.461233,0.3273543,0.1790261
57,0.03241906,0.4614533,0.3268162,0.1793116
58,0.03244996,0.4616547,0.3262921,0.1796033
59,0.03248022,0.4618403,0.3257777,0.1799018
60,0.03250976,0.4620113,0.325277,0.1802018
61,0.03279651,0.4583774,0.3270487,0.1817774
62,0.03298131,0.4566708,0.3275991,0.1827488
63,0.03311392,0.4559421,0.3274815,0.1834624
64,0.03320458,0.4556985,0.327134,0.1839629
65,0.03326678,0.4556791,0.3267309,0.1843232
66,0.0333106,0.4557526,0.3263397,0.184597
67,0.0333429,0.4558569,0.3259811,0.1848191
68,0.0333679,0.455964,0.3256585,0.1850096
69,0.03338807,0.4560619,0.3253711,0.1851789
70,0.03340508,0.4561471,0.3251136,0.1853342
71,0.03341978,0.4562194,0.3248827,0.1854781
72,0.03343256,0.4562791,0.3246769,0.1856114
73,0.03145631,0.476575,0.3172291,0.1747396
74,0.03024613,0.4832559,0.318229,0.168269
75,0.0295532,0.4847052,0.320933,0.1648086
76,0.02915549,0.4842364,0.3235898,0.1630183
77,0.02892856,0.4832236,0.3256813,0.1621666
78,0.02879884,0.4821925,0.3271807,0.1618279
79,0.02872261,0.4813037,0.3282202,0.1617535
80,0.02867417,0.4805715,0.3289544,0.1617998
81,0.02863875,0.479962,0.3295127,0.1618865
82,0.02860807,0.4794323,0.3299897,0.16197
83,0.02857767,0.4789471,0.330447,0.1620281
84,0.02854539,0.4784811,0.3309222,0.1620513
85,0.02860034,0.4783809,0.3303103,0.1627084
86,0.02864647,0.4784861,0.3295572,0.1633102
87,0.02865083,0.4785344,0.3292269,0.1635879
88,0.0286345,0.4784752,0.329192,0.1636983
89,0.028605,0.4783058,0.3293932,0.163696
90,0.02856615,0.4780417,0.3297829,0.1636092
91,0.02852024,0.4777029,0.3303211,0.1634558
92,0.0284689,0.477308,0.3309737,0.1632493
93,0.02841358,0.4768748,0.3317095,0.163002
94,0.02835585,0.4764191,0.3324978,0.1627274
95,0.0282976,0.4759564,0.3333049,0.1624411
96,0.02824106,0.4755029,0.3340946,0.1621616
97,0.02775283,0.4804462,0.3323175,0.1594833
98,0.02743677,0.4821348,0.3325769,0.1578515
99,0.02723672,0.4824592,0.3333916,0.1569125
100,0.02711729,0.4822813,0.3341454,0.1564561
101,0.02705215,0.4819892,0.3346333,0.1563255
102,0.02702351,0.4817384,0.3348223,0.1564157
103,0.02701935,0.4815748,0.3347504,0.1566554
104,0.02703137,0.4814954,0.334479,0.1569942
105,0.02705368,0.4814784,0.3340726,0.1573953
106,0.02708176,0.4814977,0.3335923,0.1578284
107,0.02711206,0.4815294,0.3330894,0.1582691
108,0.0271419,0.4815552,0.3326046,0.1586984
109,0.02802959,0.4717747,0.3360826,0.1641131
110,0.02866479,0.4678608,0.3355022,0.1679723
111,0.02907423,0.4666476,0.3338795,0.1703987
112,0.02932973,0.4665943,0.3321984,0.1718776
113,0.02948329,0.4669358,0.3308393,0.1727416
114,0.02957215,0.4673304,0.3298746,0.1732228
115,0.02962137,0.4676506,0.3292538,0.1734743
116,0.02964705,0.4678677,0.3288927,0.1735924
117,0.02965911,0.4679938,0.3287113,0.1736357
118,0.0296634,0.4680509,0.3286479,0.1736378
119,0.02966344,0.4680609,0.3286573,0.1736185
120,0.02966128,0.4680413,0.3287082,0.1735892
121,0.02934244,0.4711924,0.3277817,0.1716834
122,0.02912392,0.4722255,0.3282636,0.170387
123,0.02899351,0.4723898,0.3289608,0.1696558
124,0.02891519,0.4722258,0.3296125,0.1692466
125,0.02886892,0.4719749,0.330125,0.1690312
126,0.02884188,0.4717343,0.3304939,0.1689299
127,0.02882604,0.4715347,0.330746,0.1688932
128,0.02881651,0.4713781,0.3309138,0.1688915
129,0.02881043,0.4712569,0.3310248,0.1689079
130,0.02880617,0.4711621,0.3310989,0.1689329
131,0.02880281,0.4710857,0.3311502,0.1689613
132,0.02879984,0.4710222,0.3311877,0.1689904
133,0.03107048,0.4410916,0.3461326,0.1817054
134,0.03271073,0.4257894,0.3511922,0.1903076
135,0.03385416,0.4186106,0.3516169,0.1959184
136,0.03458286,0.4156741,0.35064,0.199103
137,0.03501634,0.4147824,0.3495574,0.2006439
138,0.03526049,0.4147786,0.3487591,0.2012018
139,0.0353962,0.4151172,0.3482248,0.2012618
140,0.03547912,0.4155788,0.3477961,0.201146
141,0.03554447,0.4160982,0.3473088,0.2010486
142,0.03561351,0.416672,0.3466335,0.201081
143,0.03569745,0.4173139,0.3456933,0.2012953
144,0.03580118,0.4180361,0.3444553,0.2017074
145,0.03271698,0.4543293,0.3283747,0.1845791
146,0.03100077,0.467705,0.3257764,0.1755178
147,0.03009409,0.4724934,0.3262419,0.1711706
148,0.02961607,0.4739084,0.3272547,0.1692209
149,0.02936777,0.4740688,0.3280831,0.1684803
150,0.02924176,0.4738351,0.3285974,0.1683259
151,0.02917946,0.4735296,0.3288573,0.1684336
152,0.02914914,0.473252,0.3289593,0.1686395
153,0.02913379,0.4730157,0.3289869,0.1688636
154,0.0291243,0.4728071,0.3290001,0.1690685
155,0.0291159,0.472608,0.3290382,0.1692379
156,0.02910605,0.4724034,0.3291252,0.1693654
157,0.03451302,0.4078953,0.3573082,0.2002835
158,0.03940519,0.3681998,0.3649669,0.2274281
159,0.04341533,0.3445506,0.3634385,0.2485955
160,0.04645224,0.331389,0.3585302,0.2636285
161,0.04857721,0.3247693,0.3534334,0.2732201
162,0.0499473,0.3219716,0.3495553,0.2785259
163,0.050755,0.3212138,0.3472255,0.2808057
164,0.05118358,0.3214235,0.346209,0.281184
165,0.05138333,0.3220295,0.3460464,0.2805408
166,0.05146574,0.3227776,0.3462543,0.2795024
167,0.05150741,0.3235856,0.3464257,0.2784813
168,0.05155673,0.3244479,0.346272,0.2777234
169,0.04741256,0.3671897,0.3303617,0.255036
170,0.0448836,0.387352,0.3259172,0.2418472
171,0.04380365,0.397351,0.3216012,0.237244
172,0.043328,0.4030481,0.3177063,0.2359176
173,0.0431107,0.4064235,0.3147432,0.2357226
174,0.04302894,0.4085378,0.312447,0.2359862
175,0.04301205,0.4099293,0.3107076,0.236351
176,0.04302216,0.4108849,0.3094378,0.2366552
177,0.0430408,0.4115645,0.3085484,0.2368463
178,0.04306005,0.4120606,0.3079549,0.2369245
179,0.04307682,0.4124299,0.3075854,0.2369078
180,0.04309006,0.4127096,0.3073845,0.2368159
181,0.04183706,0.4259411,0.3022794,0.2299425
182,0.04099063,0.4319858,0.3016572,0.2253664
183,0.04045369,0.4344973,0.302544,0.2225051
184,0.04011884,0.4353145,0.3038374,0.2207292
185,0.0399114,0.4353798,0.3050963,0.2196124
186,0.03978157,0.435155,0.3061861,0.2188773
187,0.03969697,0.4348505,0.3071045,0.218348
188,0.03963698,0.4345508,0.3078965,0.2179157
189,0.03958869,0.4342804,0.3086169,0.2175139
190,0.03954432,0.434038,0.3093135,0.2171041
191,0.03949916,0.4338132,0.3100235,0.2166641
192,0.03945049,0.4335945,0.3107736,0.2161814
193,0.03867259,0.4411125,0.3083947,0.2118202
194,0.03813435,0.4442956,0.3087534,0.2088166
195,0.03777186,0.4453981,0.3100501,0.2067799
196,0.03752746,0.4455318,0.3115637,0.205377
197,0.03735952,0.4452653,0.3130017,0.2043734
198,0.03724027,0.4448748,0.3142667,0.2036182
199,0.03715211,0.4444853,0.3153432,0.2030194
200,0.0370844,0.4441468,0.3162438,0.202525
201,0.03703117,0.4438751,0.3169856,0.2021081
202,0.03698945,0.4436715,0.3175805,0.2017585
203,0.03695796,0.4435329,0.3180351,0.2014741
204,0.03693619,0.4434542,0.3183537,0.2012559
205,0.04006742,0.4107693,0.3312741,0.2178892
206,0.04255964,0.393156,0.3335781,0.2307062
207,0.04437167,0.3842962,0.3317804,0.2395517
208,0.04561312,0.3804749,0.3286995,0.2452125
209,0.04642287,0.379357,0.3256495,0.2485707
210,0.04693521,0.3795548,0.3230833,0.2504267
211,0.04726019,0.3803058,0.3210269,0.2514071
212,0.04747829,0.3812321,0.3193382,0.2519515
213,0.04764275,0.3821719,0.3178485,0.2523368
214,0.04778305,0.3830702,0.3164469,0.2526999
215,0.04791375,0.3839152,0.3150764,0.2530946
216,0.0480399,0.3847083,0.3137277,0.2535241
217,0.04411147,0.4237679,0.2991666,0.232954
218,0.0416986,0.4400159,0.2975595,0.2207259
219,0.04031653,0.4461746,0.2994606,0.2140482
220,0.03952727,0.4479823,0.3020268,0.2104637
221,0.0390826,0.4480375,0.3042704,0.2086094
222,0.03883742,0.4475022,0.3059518,0.2077085
223,0.03870597,0.4468656,0.3071125,0.207316
224,0.03863757,0.4463053,0.3078785,0.2071785
225,0.03860256,0.4458628,0.3083797,0.2071549
226,0.0385838,0.4455252,0.3087228,0.2071682
227,0.03857166,0.4452643,0.308986,0.2071781
228,0.03856084,0.4450514,0.309223,0.2071648
229,0.03914348,0.4379893,0.3127536,0.2101137
230,0.03953565,0.4344403,0.3140613,0.2119628
231,0.03978937,0.4327106,0.3144365,0.2130634
232,0.03993937,0.4319071,0.3145404,0.2136131
233,0.04001762,0.4315354,0.3146558,0.2137913
234,0.04004898,0.4313389,0.3148776,0.2137345
235,0.04005135,0.4311963,0.3152131,0.2135392
236,0.04003706,0.4310592,0.3156326,0.2132712
237,0.04001449,0.4309154,0.3160953,0.2129747
238,0.03998928,0.4307703,0.3165602,0.2126803
239,0.03996528,0.430635,0.3169911,0.2124087
240,0.039945,0.4305219,0.3173586,0.2121744
241,0.03850862,0.4429264,0.3142269,0.2043381
242,0.03754119,0.4475258,0.315819,0.199114
243,0.03697465,0.4487921,0.3180361,0.1961971
244,0.03664685,0.4487491,0.3199922,0.1946119
245,0.0364649,0.4483048,0.3214069,0.1938235
246,0.03637029,0.4478371,0.3222913,0.1935014
247,0.0363262,0.4474752,0.322758,0.1934405
248,0.03630983,0.4472384,0.3229361,0.1935156
249,0.03630744,0.4471045,0.3229364,0.1936518
250,0.03631141,0.4470422,0.3228375,0.193809
251,0.03631749,0.4470234,0.3226933,0.1939659
252,0.03632355,0.4470268,0.3225375,0.1941122
253,0.0359414,0.4534702,0.3180392,0.1925491
254,0.03571264,0.4567751,0.3156881,0.1918242
255,0.03554628,0.4584182,0.3147161,0.1913194
256,0.03543652,0.4591694,0.3143443,0.1910498
257,0.03536581,0.45946,0.3142384,0.1909358
258,0.03531984,0.4595198,0.3142499,0.1909106
259,0.03528865,0.4594663,0.3143166,0.1909284
260,0.03526567,0.4593575,0.3144159,0.190961
261,0.03524686,0.45922,0.3145411,0.190992
262,0.03522978,0.4590663,0.3146911,0.1910128
263,0.03521309,0.4589016,0.3148655,0.1910198
264,0.03519611,0.4587286,0.3150631,0.1910122
265,0.03802617,0.4263578,0.3298459,0.2057701
266,0.04015591,0.4089649,0.3345667,0.2163125
267,0.04166771,0.4001484,0.3348154,0.2233685
268,0.04265537,0.3961096,0.3336692,0.2275659
269,0.04325286,0.3945394,0.3324803,0.2297274
270,0.04358786,0.3941244,0.3316911,0.2305967
271,0.0437642,0.3941875,0.331292,0.2307563
272,0.04385845,0.3944283,0.33109,0.2306231
273,0.04392269,0.394747,0.330858,0.2304723
274,0.04398837,0.3951325,0.3304178,0.2304614
275,0.04407195,0.3956012,0.3296632,0.2306636
276,0.04417856,0.3961665,0.3285669,0.231088
277,0.04526385,0.3887025,0.3292115,0.2368221
278,0.04615586,0.385497,0.326801,0.241546
279,0.0468082,0.3845592,0.3237089,0.2449238
280,0.04727481,0.3847891,0.320657,0.2472791
281,0.04760431,0.385543,0.3179626,0.2488901
282,0.04783652,0.3864659,0.3157191,0.2499783
283,0.04800155,0.3873781,0.313912,0.2507082
284,0.04812082,0.3882003,0.3124844,0.2511945
285,0.04820889,0.3889071,0.3113699,0.251514
286,0.04827553,0.3894999,0.3105066,0.2517179
287,0.04832716,0.3899916,0.3098418,0.2518395
288,0.0483679,0.390398,0.3093338,0.2519003
289,0.04459705,0.4266526,0.2962407,0.2325097
290,0.04225155,0.4417097,0.2951977,0.220841
291,0.04087997,0.4473002,0.2974918,0.2143281
292,0.04007688,0.4487852,0.3004036,0.2107344
293,0.03960877,0.4486201,0.3029713,0.2087999
294,0.03933763,0.447908,0.3049562,0.2077982
295,0.03918079,0.4471134,0.3063997,0.207306
296,0.03908853,0.4464041,0.3074302,0.2070772
297,0.03903126,0.4458164,0.3081815,0.2069708
298,0.03899179,0.4453361,0.3087633,0.2069089
299,0.03896025,0.4449336,0.3092562,0.2068499
300,0.0389312,0.4445806,0.3097153,0.2067729
301,0.03574353,0.4755996,0.2984748,0.1901821
302,0.03385547,0.4861015,0.2993512,0.1806918
303,0.03276691,0.4886355,0.3030695,0.1755281
304,0.03212961,0.4881412,0.306988,0.1727412
305,0.03175275,0.4866952,0.3102668,0.1712852
306,0.03152632,0.4851279,0.3127777,0.1705681
307,0.03138567,0.4837233,0.3146418,0.1702491
308,0.0312929,0.4825386,0.3160352,0.1701333
309,0.03122607,0.4815464,0.3171161,0.1701115
310,0.03117247,0.4806975,0.3180073,0.1701227
311,0.03112524,0.4799465,0.3187918,0.1701364
312,0.03108088,0.479259,0.3195207,0.1701394
313,0.03517626,0.4330579,0.3394478,0.192318
314,0.03858582,0.4074194,0.3437215,0.2102733
315,0.04113782,0.3940955,0.3417163,0.2230503
316,0.042898,0.388014,0.3378111,0.2312769
317,0.04401465,0.3858339,0.3341893,0.2359621
318,0.04466307,0.3855055,0.3316437,0.2381877
319,0.04500403,0.3858958,0.3302059,0.2388943
320,0.04516532,0.3864704,0.3295608,0.2388034
321,0.04523971,0.3870453,0.3292903,0.2384246
322,0.04528743,0.3876072,0.3290291,0.2380764
323,0.04534405,0.3882025,0.3285165,0.2379369
324,0.04542674,0.3888798,0.3276141,0.2380794
325,0.04516664,0.3937317,0.3244513,0.2366503
326,0.04505469,0.3967524,0.3220412,0.2361517
327,0.04503655,0.3988081,0.3199577,0.2361978
328,0.04508004,0.4003365,0.3179978,0.2365856
329,0.04515633,0.4015617,0.316147,0.2371349
330,0.04524498,0.4025898,0.314445,0.2377202
331,0.04533327,0.4034683,0.312933,0.2382655
332,0.04541407,0.4042186,0.3116361,0.2387311
333,0.04548412,0.4048532,0.3105613,0.2391014
334,0.04554318,0.4053828,0.3096937,0.2393804
335,0.04559207,0.405819,0.3090107,0.2395782
336,0.04563198,0.4061745,0.3084871,0.2397064
337,0.0459609,0.4035165,0.309237,0.2412857
338,0.04619678,0.4022458,0.3092294,0.2423281
339,0.04635708,0.4017085,0.3089809,0.2429535
340,0.0464615,0.4015469,0.3087127,0.2432789
341,0.04652621,0.4015585,0.3085193,0.2433961
342,0.04656328,0.4016334,0.3084325,0.2433707
343,0.04658116,0.4017162,0.3084555,0.2432472
344,0.04658562,0.4017812,0.3085783,0.2430549
345,0.04658061,0.4018187,0.3087873,0.2428134
346,0.04656848,0.4018269,0.3090706,0.242534
347,0.04655104,0.4018074,0.3094165,0.2422251
348,0.04652962,0.4017635,0.309813,0.2418939
349,0.03966767,0.4620009,0.2922543,0.2060771
350,0.03593946,0.4795533,0.2974092,0.187098
351,0.03400084,0.4829307,0.3053493,0.1777192
352,0.03294146,0.4817232,0.3123964,0.172939
353,0.03235463,0.4793716,0.3177047,0.170569
354,0.03202825,0.4770916,0.3213969,0.1694833
355,0.03184454,0.4752239,0.3238654,0.1690661
356,0.0317369,0.4737796,0.325508,0.1689756
357,0.03166782,0.4726656,0.326642,0.1690245
358,0.03161652,0.4717761,0.3274941,0.1691133
359,0.03157191,0.4710233,0.3282129,0.1691919
360,0.03152838,0.4703445,0.328889,0.1692382
361,0.03506243,0.4325477,0.3440292,0.1883607
362,0.03797052,0.4127112,0.3454966,0.2038217
363,0.04006937,0.4031067,0.3423738,0.2144501
364,0.041469,0.399244,0.3381981,0.2210889
365,0.04232651,0.3982599,0.3346618,0.2247518
366,0.04280269,0.3984852,0.3323075,0.2264046
367,0.04303426,0.3990566,0.3310747,0.2268344
368,0.04312424,0.3996066,0.3306529,0.2266163
369,0.04314443,0.4000388,0.330675,0.2261417
370,0.04314298,0.4003851,0.3308029,0.2256689
371,0.04314984,0.40072,0.3307752,0.225355
372,0.04318153,0.4011144,0.330422,0.2252821
373,0.04371608,0.3967671,0.3316599,0.2278569
374,0.04414272,0.3949625,0.3309908,0.229904
375,0.04448206,0.3945499,0.329419,0.231549
376,0.044758,0.3949002,0.327423,0.2329188
377,0.04498822,0.3956424,0.3252725,0.2340969
378,0.04518376,0.3965582,0.3231314,0.2351266
379,0.04535101,0.3975193,0.3211046,0.2360252
380,0.04549384,0.3984508,0.3192564,0.2367991
381,0.04561495,0.3993108,0.3176222,0.237452
382,0.0457164,0.4000784,0.3162174,0.2379877
383,0.04580044,0.4007459,0.3150394,0.2384143
384,0.0458694,0.4013147,0.3140728,0.2387432
385,0.04603091,0.4010529,0.3133454,0.2395709
386,0.04615593,0.4011283,0.3125355,0.2401803
387,0.0462436,0.4013456,0.3118483,0.2405626
388,0.04630389,0.4016003,0.3113155,0.2407803
389,0.0463442,0.4018411,0.3109365,0.2408782
390,0.04636962,0.4020457,0.3106981,0.2408865
391,0.04638351,0.4022069,0.3105851,0.2408245
392,0.04638791,0.4023242,0.3105849,0.2407031
393,0.046384,0.4023992,0.3106885,0.2405283
394,0.04637283,0.4024352,0.3108859,0.240306
395,0.04635518,0.4024356,0.3111687,0.2400405
396,0.04633162,0.4024037,0.3115295,0.2397353
397,0.04746506,0.393833,0.3129885,0.2457135
398,0.04834076,0.3897845,0.3116193,0.2502555
399,0.04890494,0.3881696,0.3099502,0.2529753
400,0.04925,0.3877815,0.3085032,0.2544653
401,0.0494459,0.3879367,0.3074712,0.2551463
402,0.04954509,0.3882739,0.30686,0.255321
403,0.04958507,0.3886219,0.3065931,0.2551999
404,0.0495916,0.3889156,0.3065689,0.2549239
405,0.04958175,0.389144,0.3066889,0.2545853
406,0.04956628,0.3893199,0.306873,0.2542409
407,0.04955179,0.3894638,0.3070593,0.2539253
408,0.04954213,0.3895956,0.3072042,0.2536581
409,0.04449135,0.4349923,0.2926165,0.2278999
410,0.04149069,0.452163,0.2932648,0.2130815
411,0.03982203,0.4577651,0.2971499,0.205263
412,0.03888109,0.4587837,0.3011773,0.2011579
413,0.03835315,0.4581553,0.3044005,0.199091
414,0.03806038,0.4571032,0.3067033,0.1981332
415,0.03789938,0.4560923,0.3082517,0.1977565
416,0.03780973,0.4552586,0.3092705,0.1976612
417,0.03775636,0.4546048,0.3099586,0.1976802
418,0.03771939,0.4540902,0.3104665,0.1977239
419,0.03768785,0.453668,0.3108975,0.1977467
420,0.03765596,0.4532994,0.311317,0.1977276
421,0.03785306,0.4502825,0.3130586,0.1988059
422,0.03796555,0.4486755,0.3139741,0.1993849
423,0.03802139,0.4477741,0.3145533,0.1996512
424,0.03803432,0.4472177,0.3150674,0.1996806
425,0.03801835,0.4468158,0.3156124,0.1995533
426,0.03798461,0.4464773,0.3162055,0.1993325
427,0.03794141,0.4461651,0.3168277,0.1990658
428,0.03789493,0.4458701,0.3174461,0.198789
429,0.03784996,0.4455965,0.318023,0.1985306
430,0.03781022,0.4453542,0.3185218,0.1983137
431,0.03777853,0.4451541,0.3189108,0.1981565
432,0.03775686,0.4450055,0.3191661,0.1980715
433,0.04057435,0.4141165,0.3330341,0.212275
434,0.04268159,0.3973567,0.337625,0.2223367
435,0.04419466,0.3887519,0.3378523,0.2292012
436,0.04519836,0.3847578,0.3366373,0.2334066
437,0.04583206,0.3832197,0.3351654,0.2357828
438,0.04622673,0.3829071,0.3337961,0.23707
439,0.0464868,0.3831776,0.3325011,0.2378345
440,0.04668647,0.3837337,0.3311156,0.2384642
441,0.04687199,0.384457,0.3294834,0.2391876
442,0.04706435,0.3853022,0.3275451,0.2400883
443,0.04726739,0.3862414,0.3253379,0.2411532
444,0.04747428,0.3872402,0.3229761,0.2423095
445,0.04758507,0.3863579,0.323478,0.2425791
446,0.04761199,0.3857923,0.3242428,0.2423529
447,0.0476497,0.3854159,0.3246696,0.2422648
448,0.04769032,0.3851783,0.3248867,0.2422447
449,0.04773257,0.3850406,0.3249542,0.2422726
450,0.04777563,0.3849752,0.3249145,0.2423346
451,0.04781866,0.3849616,0.3248005,0.2424191
452,0.04786072,0.3849848,0.3246393,0.2425151
453,0.04790087,0.3850324,0.3244539,0.2426128
454,0.0479387,0.3850952,0.324259,0.2427071
455,0.04797392,0.3851667,0.3240655,0.2427938
456,0.04800631,0.3852419,0.3238818,0.24287
457,0.04784236,0.3917261,0.3176836,0.2427479
458,0.04792979,0.3962588,0.3116715,0.24414
459,0.04796166,0.3994085,0.3076614,0.2449685
460,0.04795935,0.4015754,0.305062,0.2454033
461,0.04793946,0.4030252,0.3034475,0.2455878
462,0.04791181,0.4039599,0.3025115,0.2456169
463,0.04788069,0.4045321,0.3020434,0.2455437
464,0.04784719,0.4048529,0.301905,0.2453949
465,0.04781073,0.405,0.3020078,0.2451814
466,0.04777024,0.4050261,0.3022963,0.2449073
467,0.04772455,0.4049656,0.3027365,0.2445733
468,0.0476721,0.4048377,0.3033151,0.244175
469,0.04228053,0.4517843,0.28934,0.2165953
470,0.0391448,0.4676697,0.2921988,0.2009867
471,0.03741448,0.4717122,0.2980982,0.1927751
472,0.03642897,0.471401,0.3037968,0.1883733
473,0.03585993,0.4697295,0.3083722,0.1860384
474,0.03552737,0.4678754,0.3117634,0.1848339
475,0.03532817,0.466243,0.3141948,0.184234
476,0.03520246,0.4649153,0.3159408,0.1839415
477,0.03511583,0.4638572,0.3172362,0.1837909
478,0.03504876,0.4630002,0.3182582,0.1836928
479,0.03499092,0.4622817,0.3191233,0.1836041
480,0.03493725,0.4616548,0.3199004,0.1835075
481,0.03854885,0.4258672,0.3329113,0.2026727
482,0.04151266,0.406831,0.333528,0.2181282
483,0.04364958,0.3975087,0.3300911,0.2287506
484,0.0450887,0.3937377,0.3256822,0.2354914
485,0.04598621,0.3928418,0.3218387,0.2393332
486,0.04649974,0.3932236,0.3190762,0.2412004
487,0.04676342,0.3940207,0.3173696,0.2418462
488,0.04687929,0.394834,0.3164609,0.2418259
489,0.04691968,0.395528,0.3160289,0.2415235
490,0.04693163,0.396098,0.315789,0.2411814
491,0.04694437,0.3965889,0.3155217,0.2409451
492,0.04697399,0.397054,0.3150827,0.2408893
493,0.043966,0.4260732,0.3043652,0.2255956
494,0.04210047,0.4384531,0.3029587,0.2164876
495,0.04103501,0.4433867,0.3039539,0.2116244
496,0.04044691,0.4450591,0.3052726,0.2092214
497,0.04013967,0.4453941,0.3062572,0.2082089
498,0.03999285,0.4452514,0.306813,0.2079428
499,0.03993341,0.4449903,0.3070338,0.2080424
500,0.03991799,0.4447421,0.3070497,0.2082903
501,0.03992162,0.4445387,0.306971,0.2085686
502,0.03993077,0.4443745,0.3068755,0.2088193
503,0.03993835,0.4442328,0.3068124,0.2090165
504,0.03994101,0.4440975,0.30681,0.2091516
505,0.04277873,0.4162694,0.3171116,0.2238402
506,0.04499165,0.4014231,0.3186226,0.2349625
507,0.04656398,0.3940222,0.3169236,0.2424903
508,0.04760821,0.3908381,0.3143901,0.2471636
509,0.04825268,0.3898537,0.3121435,0.2497502
510,0.04861642,0.3898785,0.3105807,0.2509243
511,0.04879619,0.3902651,0.3097247,0.251214
512,0.04886428,0.3907018,0.3094309,0.2510031
513,0.04887185,0.3910693,0.3095018,0.2505571
514,0.04885291,0.3913477,0.3097512,0.2500482
515,0.0488297,0.3915614,0.3100215,0.2495874
516,0.0488161,0.3917479,0.3101937,0.2492424
517,0.0445713,0.430409,0.2973782,0.2276415
518,0.04199943,0.4456921,0.2973172,0.2149912
519,0.04055741,0.4510581,0.3000894,0.2082951
520,0.03975464,0.4523589,0.3030126,0.2048739
521,0.03932042,0.4521377,0.3052632,0.2032787
522,0.03909602,0.4514786,0.3067526,0.2026728
523,0.03898745,0.4508052,0.3076358,0.2025716
524,0.03893937,0.4502485,0.3081137,0.2026984
525,0.03891983,0.4498193,0.3083606,0.2029002
526,0.03891107,0.4494869,0.3085045,0.2030975
527,0.03890361,0.449214,0.3086306,0.2032519
528,0.03889264,0.4489685,0.3087916,0.2033474
529,0.0408442,0.4291885,0.3165106,0.2134567
530,0.04229601,0.4191873,0.3177705,0.2207461
531,0.0432779,0.4145027,0.3167957,0.2254237
532,0.04389424,0.412634,0.3153378,0.2281339
533,0.04424686,0.4121119,0.3141738,0.2294674
534,0.0444213,0.4121306,0.3135469,0.2299012
535,0.04448267,0.41229,0.3134394,0.2297879
536,0.04447759,0.4124227,0.3137245,0.2293753
537,0.04443851,0.4124839,0.3142436,0.2288339
538,0.04438733,0.4124869,0.3148476,0.2282781
539,0.04433885,0.4124663,0.315409,0.2277858
540,0.04430286,0.4124599,0.3158286,0.2274086
541,0.04639711,0.3932242,0.3224383,0.2379403
542,0.04803884,0.3831483,0.3228087,0.2460043
543,0.04919742,0.3782965,0.3210729,0.2514332
544,0.04999115,0.3763874,0.3186478,0.2549736
545,0.05052555,0.3760368,0.3162007,0.2572369
546,0.05088948,0.376444,0.3139541,0.2587125
547,0.05114869,0.3771739,0.3119316,0.2597459
548,0.05134665,0.378006,0.3100952,0.260552
549,0.05150906,0.3788364,0.308409,0.2612455
550,0.05164958,0.3796185,0.3068551,0.2618768
551,0.05177445,0.3803326,0.3054343,0.2624587
552,0.05188593,0.380971,0.304156,0.262987
553,0.05151697,0.3852366,0.3022122,0.2610343
554,0.05125551,0.3874865,0.3016012,0.2596567
555,0.05110396,0.388626,0.3013941,0.2588758
556,0.05102374,0.3891769,0.3013379,0.2584614
557,0.05098753,0.3894293,0.3013239,0.2582593
558,0.05097618,0.3895388,0.3013195,0.2581655
559,0.05097688,0.3895845,0.3013249,0.2581137
560,0.05098151,0.3896036,0.3013518,0.2580632
561,0.05098514,0.3896108,0.3014133,0.2579907
562,0.05098501,0.389611,0.3015196,0.2578844
563,0.05097974,0.3896044,0.3016768,0.257739
564,0.05096876,0.3895896,0.3018881,0.2575536
565,0.04837567,0.4126595,0.2944327,0.2445321
566,0.04665227,0.4229863,0.2942406,0.2361208
567,0.04559095,0.4270999,0.2961699,0.2311392
568,0.04494604,0.4283212,0.2984824,0.2282504
569,0.04455771,0.4282997,0.3005373,0.2266053
570,0.04432379,0.4278246,0.3021776,0.225674
571,0.04417997,0.4272485,0.3034395,0.225132
572,0.04408639,0.4267097,0.3044189,0.2247851
573,0.04401902,0.4262468,0.3052139,0.2245204
574,0.0439638,0.4258563,0.3059035,0.2242764
575,0.04391295,0.4255221,0.306543,0.224022
576,0.04386253,0.4252267,0.3071663,0.2237445
577,0.0435382,0.4276875,0.3066745,0.2220997
578,0.04330754,0.4287998,0.3069243,0.2209683
579,0.04313809,0.4292196,0.3075017,0.2201406
580,0.04301468,0.4292947,0.3081495,0.219541
581,0.0429231,0.429217,0.3087643,0.2190956
582,0.04285354,0.4290856,0.3093049,0.2187559
583,0.0427999,0.4289498,0.3097565,0.2184938
584,0.04275861,0.4288324,0.3101144,0.2182945
585,0.04272775,0.4287436,0.3103769,0.2181518
586,0.04270646,0.4286878,0.3105414,0.2180645
587,0.04269423,0.4286662,0.3106071,0.2180323
588,0.04269059,0.4286788,0.3105763,0.2180544
589,0.04290938,0.4270262,0.3108082,0.2192562
590,0.04307642,0.4263909,0.3103451,0.2201876
591,0.04318955,0.4262602,0.3097294,0.2208209
592,0.0432695,0.4263644,0.3090848,0.2212813
593,0.04332791,0.4265622,0.3084768,0.2216331
594,0.04337253,0.4267819,0.307929,0.2219167
595,0.04340821,0.4269891,0.307447,0.2221557
596,0.04343773,0.4271691,0.3070306,0.2223626
597,0.04346257,0.4273165,0.3066779,0.222543
598,0.04348351,0.4274305,0.3063869,0.2226991
599,0.04350084,0.4275123,0.3061557,0.222831
600,0.04351467,0.4275644,0.3059825,0.2229384
601,0.04200343,0.4417318,0.3009312,0.2153336
602,0.0410099,0.447618,0.3008833,0.2104889
603,0.04040331,0.4496712,0.3022388,0.2076866
604,0.04003993,0.4500079,0.3038249,0.2061274
605,0.03982614,0.4496575,0.3052112,0.2053053
606,0.03970134,0.4490958,0.3063022,0.2049007
607,0.03962726,0.4485227,0.3071335,0.2047166
608,0.03958026,0.4480065,0.3077782,0.204635
609,0.03954618,0.4475578,0.3083081,0.2045879
610,0.03951693,0.4471654,0.3087791,0.2045386
611,0.0394881,0.4468133,0.3092296,0.2044689
612,0.03945756,0.4464875,0.3096831,0.2043719
613,0.04105646,0.4299152,0.3165366,0.2124918
614,0.04221558,0.4215906,0.318033,0.2181609
615,0.0429845,0.417695,0.3176099,0.2217106
616,0.04345497,0.4161141,0.3167425,0.2236884
617,0.04371705,0.4156314,0.3160433,0.2246082
618,0.04384511,0.4155985,0.3156755,0.2248808
619,0.04389501,0.4157057,0.3155919,0.2248073
620,0.04390617,0.4158321,0.3156656,0.2245961
621,0.04390505,0.415952,0.3157578,0.2243852
622,0.04390765,0.4160797,0.3157577,0.224255
623,0.04392277,0.4162395,0.3155904,0.2242473
624,0.04395393,0.4164511,0.3152203,0.2243747
625,0.04382325,0.4181541,0.3143236,0.223699
626,0.04375452,0.4191054,0.3137491,0.223391
627,0.04374461,0.4197072,0.3131125,0.2234357
628,0.04377013,0.4201566,0.312388,0.2236853
629,0.04381587,0.4205394,0.3115981,0.2240467
630,0.04387075,0.4208857,0.3107919,0.2244517
631,0.04392709,0.4211987,0.310021,0.2248532
632,0.04398011,0.4214727,0.3093254,0.2252218
633,0.04402709,0.4217012,0.3087304,0.2255414
634,0.04406613,0.4218797,0.3082536,0.2258005
635,0.0440965,0.422007,0.3079013,0.2259953
636,0.04411807,0.4220848,0.3076712,0.2261259
637,0.04641649,0.4010916,0.3147154,0.2377765
638,0.04819102,0.3899452,0.3153502,0.2465136
639,0.04943057,0.3844126,0.3138466,0.2523102
640,0.05024473,0.3820373,0.3118622,0.2558559
641,0.05074436,0.3813042,0.3101565,0.2577949
642,0.05102712,0.381329,0.308975,0.2586689
643,0.05117001,0.3816338,0.3083059,0.2588902
644,0.05122903,0.3819885,0.3080328,0.2587497
645,0.05124256,0.382303,0.3080141,0.2584403
646,0.05123632,0.3825592,0.3081149,0.2580895
647,0.05122658,0.3827716,0.3082267,0.2577752
648,0.05122305,0.3829648,0.3082702,0.257542
649,0.04777705,0.4132665,0.2987639,0.2401925
650,0.04557304,0.4262181,0.2987758,0.2294331
651,0.04430102,0.4312064,0.3009357,0.2235569
652,0.04358054,0.4327291,0.3032069,0.2204833
653,0.04318826,0.4328569,0.3049337,0.2190211
654,0.04298711,0.4325166,0.3060444,0.2184519
655,0.0428932,0.4320916,0.3066694,0.2183456
656,0.04285587,0.431715,0.3069792,0.21845
657,0.04284506,0.4314118,0.3071218,0.2186213
658,0.04284344,0.4311674,0.3072076,0.2187816
659,0.0428415,0.4309571,0.3073098,0.2188916
660,0.04283427,0.4307591,0.3074719,0.2189346
661,0.04353913,0.4247032,0.3090875,0.2226702
662,0.04404714,0.4219132,0.3087232,0.2253164
663,0.04435691,0.4207704,0.3080384,0.2268343
664,0.04453012,0.4204074,0.3074612,0.2276012
665,0.04461014,0.4203584,0.3071653,0.2278661
666,0.04462869,0.4203903,0.3071754,0.2278056
667,0.04460825,0.4204003,0.3074495,0.227542
668,0.04456438,0.4203545,0.3079217,0.2271594
669,0.04450797,0.420253,0.3085222,0.2267168
670,0.044447,0.4201112,0.3091831,0.2262588
671,0.04438747,0.4199501,0.3098425,0.2258199
672,0.04433412,0.4197913,0.3104456,0.2254289
673,0.04317592,0.4293699,0.3080192,0.219435
674,0.04238518,0.4333325,0.3088634,0.2154189
675,0.04191344,0.4347064,0.3102286,0.2131517
676,0.04164193,0.4349778,0.3114309,0.2119493
677,0.04149976,0.4348612,0.3122146,0.2114245
678,0.04143871,0.4346777,0.3125661,0.2113176
679,0.04142658,0.4345496,0.3125673,0.2114565
680,0.04144243,0.4345046,0.3123229,0.2117301
681,0.04147286,0.4345303,0.3119296,0.2120673
682,0.04150885,0.4345999,0.3114722,0.2124191
683,0.04154473,0.4346863,0.3110142,0.2127548
684,0.04157711,0.4347677,0.3105997,0.2130554
685,0.04230702,0.4279248,0.3129456,0.2168226
686,0.042828,0.4246487,0.3130831,0.2194402
687,0.04317288,0.4232095,0.3125082,0.2211094
688,0.04338776,0.4226878,0.3118303,0.2220941
689,0.04351268,0.4225753,0.3112953,0.2226167
690,0.04357827,0.4226101,0.3109691,0.2228425
691,0.04360635,0.4226698,0.3108372,0.2228866
692,0.04361164,0.4227064,0.310857,0.2228249
693,0.04360368,0.4227084,0.3109826,0.2227052
694,0.04358903,0.4226807,0.3111693,0.2225609
695,0.04357191,0.4226341,0.3113806,0.2224134
696,0.0435551,0.4225802,0.311588,0.2222767
697,0.03786711,0.4763916,0.2919982,0.1937432
698,0.03479383,0.4933108,0.2929712,0.1789242
699,0.03314179,0.4973465,0.2980688,0.1714428
700,0.03222894,0.4968297,0.3032521,0.1676893
701,0.03172225,0.4949762,0.307377,0.1659245
702,0.03144136,0.4929963,0.3103439,0.1652184
703,0.03128446,0.4912786,0.3123817,0.1650552
704,0.03119324,0.4898853,0.3137749,0.1651466
705,0.03113437,0.488764,0.314769,0.1653327
706,0.03108899,0.4878362,0.3155477,0.165527
707,0.03104674,0.4870304,0.3162385,0.1656844
708,0.03100195,0.4862916,0.3169242,0.1657823
709,0.03347189,0.4583771,0.329126,0.179025
710,0.03533572,0.4446787,0.331219,0.1887666
711,0.03659049,0.4386114,0.3297994,0.1949988
712,0.03735454,0.4364241,0.3277297,0.1984918
713,0.03775816,0.4359256,0.3262886,0.2000277
714,0.03791678,0.4359395,0.3258745,0.2002693
715,0.03790037,0.4357789,0.3267547,0.199566
716,0.03755559,0.4338338,0.3319418,0.1966687
717,0.03764568,0.4339028,0.3314105,0.197041
718,0.03752267,0.4337122,0.3327488,0.1960162
719,0.03712139,0.4324332,0.3372934,0.1931519
720,0.03760634,0.4330591,0.3329849,0.1963497
721,0.03812573,0.4300192,0.3326426,0.1992124
722,0.03856558,0.4293474,0.3303557,0.2017313
723,0.03891835,0.4298699,0.327385,0.2038267
724,0.03920634,0.4309845,0.3241957,0.2056134
725,0.03945117,0.4323562,0.3209858,0.2072068
726,0.03965614,0.4337763,0.3179697,0.2085978
727,0.03982219,0.4351018,0.3153118,0.2097642
728,0.03995213,0.4362356,0.3131123,0.2107
729,0.04005085,0.4371211,0.311409,0.2114191
730,0.04012418,0.4377405,0.310187,0.2119484
731,0.0401768,0.4381103,0.3093994,0.2123135
732,0.04021198,0.4382696,0.308982,0.2125364
733,0.04019401,0.4389015,0.3084256,0.2124789
734,0.04017694,0.4391779,0.3082446,0.2124006
735,0.04015357,0.4392259,0.3083705,0.2122501
736,0.04012536,0.4391312,0.3086987,0.2120448
737,0.04009177,0.4389492,0.3091723,0.2117867
738,0.04005223,0.4387138,0.3097573,0.2114767
739,0.04000647,0.4384452,0.310432,0.2111163
740,0.03995484,0.4381559,0.3111787,0.2107106
741,0.03989811,0.4378543,0.3119807,0.2102669
742,0.03983741,0.4375469,0.3128213,0.2097944
743,0.03977434,0.4372398,0.3136808,0.2093051
744,0.03971091,0.4369398,0.3145353,0.208814
745,0.04130626,0.4199037,0.3219636,0.2168264
746,0.04246112,0.4112402,0.323954,0.2223446
747,0.04322981,0.4071222,0.3238962,0.2257518
748,0.04370433,0.4054135,0.3232748,0.2276074
749,0.04398072,0.4048877,0.322658,0.2284736
750,0.04413933,0.4048989,0.3221552,0.2288065
751,0.04424006,0.4051482,0.321674,0.2289378
752,0.04432247,0.4055238,0.3210738,0.2290799
753,0.0444087,0.4059992,0.3202482,0.2293439
754,0.04450877,0.4065761,0.319143,0.2297722
755,0.0446234,0.4072547,0.3177695,0.2303524
756,0.04474781,0.4080219,0.3161895,0.2310408
757,0.03984517,0.4570133,0.2968668,0.2062747
758,0.03706545,0.4747594,0.2953756,0.1927996
759,0.03553722,0.4804591,0.2981452,0.1858585
760,0.03468399,0.4814501,0.3015237,0.1823422
761,0.03420925,0.4807391,0.3043779,0.1806737
762,0.0339492,0.4795426,0.3065116,0.1799966
763,0.03380968,0.4783163,0.3080444,0.1798296
764,0.03373517,0.4772034,0.3091632,0.1798982
765,0.03369264,0.4762273,0.310034,0.1800459
766,0.03366238,0.4753692,0.3107844,0.180184
767,0.03363294,0.474598,0.3115043,0.1802647
768,0.03359785,0.4738825,0.3122563,0.1802634
769,0.03495103,0.4581744,0.3194064,0.1874681
770,0.03589121,0.4506043,0.3212253,0.1922792
771,0.0364771,0.44717,0.3212827,0.1950703
772,0.03679297,0.4457161,0.3211384,0.1963525
773,0.0369164,0.4450566,0.3214496,0.1965774
774,0.03690925,0.4445862,0.3224094,0.1960951
775,0.03681535,0.4440095,0.3240312,0.195144
776,0.03657369,0.4426011,0.3276256,0.1931996
777,0.03648557,0.4418457,0.3292253,0.1924434
778,0.03608089,0.4392415,0.3352699,0.1894077
779,0.03595599,0.4383104,0.337278,0.1884556
780,0.03567705,0.4368505,0.3409959,0.1864765
781,0.03419247,0.459043,0.3270711,0.1796933
782,0.03308285,0.4682691,0.3241533,0.1744948
783,0.03252057,0.4722207,0.3229111,0.1723477
784,0.03223478,0.4740197,0.3221036,0.1716419
785,0.03211006,0.4749887,0.3211553,0.1717459
786,0.03207709,0.4756697,0.3199693,0.1722839
787,0.03208963,0.4762367,0.3186738,0.1729998
788,0.0321198,0.4767002,0.3174427,0.1737373
789,0.03215332,0.4770153,0.3164145,0.1744168
790,0.03218346,0.4771386,0.315676,0.1750019
791,0.0322072,0.4770589,0.3152542,0.1754796
792,0.03222213,0.4768015,0.3151336,0.1758428
793,0.0321751,0.4770625,0.3149335,0.1758289
794,0.03213343,0.4768414,0.3152325,0.1757926
795,0.03209089,0.4763851,0.3158178,0.1757062
796,0.03204357,0.4758097,0.3165929,0.1755538
797,0.03198865,0.4751714,0.3175156,0.1753243
798,0.03192457,0.4744952,0.3185681,0.1750122
799,0.03185058,0.4737895,0.3197437,0.1746162
800,0.0317667,0.473056,0.321038,0.1741393
801,0.03167387,0.4722942,0.322442,0.17359
802,0.03157359,0.4715001,0.3239464,0.17298
803,0.03146296,0.4706265,0.3256255,0.1722852
804,0.03112824,0.4678662,0.3311612,0.1698444
805,0.0330452,0.4464077,0.3402912,0.1802558
806,0.03434315,0.4358817,0.3429378,0.1868375
807,0.03482709,0.4298593,0.3470932,0.1882204
808,0.03564085,0.4283276,0.3435476,0.192484
809,0.0355952,0.4268854,0.3464162,0.1911033
810,0.03622746,0.427828,0.3411599,0.1947846
811,0.03611149,0.4280938,0.3423217,0.193473
812,0.03679857,0.4302082,0.3350172,0.197976
813,0.03705308,0.4324,0.3309505,0.1995964
814,0.03727029,0.4344632,0.3272205,0.201046
815,0.03745785,0.4363698,0.3238248,0.2023475
816,0.03761809,0.4380984,0.3207889,0.2034945
817,0.0375916,0.441176,0.3176259,0.2036066
818,0.03758575,0.4431484,0.315462,0.2038038
819,0.03759455,0.4444603,0.3139008,0.2040444
820,0.03760878,0.4453351,0.3127888,0.2042673
821,0.03762349,0.4458946,0.3120392,0.2044428
822,0.03763592,0.4462098,0.3115978,0.2045565
823,0.03764424,0.4463297,0.3114247,0.2046014
824,0.03764699,0.4462955,0.3114842,0.2045733
825,0.03764271,0.4461446,0.3117438,0.204469
826,0.03762999,0.4459093,0.3121755,0.2042853
827,0.03760779,0.4456151,0.3127562,0.204021
828,0.03757568,0.4452803,0.3134657,0.2036783
829,0.03500665,0.4708549,0.304296,0.1898425
830,0.03344218,0.4797818,0.3051405,0.1816356
831,0.03251734,0.4820169,0.308495,0.1769709
832,0.03196601,0.48165,0.3120604,0.1743236
833,0.03163448,0.4804502,0.3150842,0.1728312
834,0.03143089,0.4791377,0.3174439,0.1719875
835,0.03130028,0.4779644,0.3192398,0.1714956
836,0.03121015,0.4769832,0.3206222,0.1711844
837,0.03114181,0.4761739,0.3217249,0.1709594
838,0.03108496,0.4754974,0.322646,0.1707716
839,0.0310345,0.4749183,0.3234469,0.1706003
840,0.03098844,0.4744121,0.3241583,0.1704412
841,0.03213971,0.4603787,0.3307989,0.1766827
842,0.03293979,0.4538901,0.3323074,0.1808627
843,0.03345835,0.4511926,0.3319108,0.1834383
844,0.03376981,0.4502995,0.3310663,0.1848645
845,0.03394708,0.4501787,0.3302936,0.1855806
846,0.0340468,0.4503489,0.329684,0.1859203
847,0.03410831,0.4506214,0.3291596,0.1861107
848,0.0341561,0.4509452,0.3286099,0.1862889
849,0.03420328,0.4513179,0.3279562,0.1865227
850,0.03425536,0.4517449,0.3271649,0.1868348
851,0.03431324,0.4522241,0.3262424,0.1872202
852,0.03437562,0.4527447,0.3252181,0.1876616
853,0.03419606,0.4560072,0.3229543,0.1868424
854,0.03409706,0.4577083,0.3217002,0.1864944
855,0.03405412,0.4586572,0.3208271,0.1864616
856,0.03404655,0.4592268,0.3201107,0.1866159
857,0.0340585,0.4595932,0.3194885,0.1868599
858,0.03407934,0.4598334,0.3189586,0.1871286
859,0.03410225,0.45998,0.3185358,0.187382
860,0.03412299,0.4600485,0.3182328,0.1875957
861,0.03413889,0.4600498,0.3180555,0.1877558
862,0.03414851,0.4599942,0.3180009,0.1878563
863,0.03415108,0.459892,0.3180615,0.1878954
864,0.03414635,0.4597525,0.3182272,0.187874
865,0.03417934,0.4591134,0.3186682,0.1880391
866,0.03419087,0.4587204,0.3190233,0.1880654
867,0.03418458,0.4584363,0.3194023,0.1879769
868,0.03416488,0.4581944,0.3198386,0.1878022
869,0.03413532,0.4579633,0.3203376,0.1875638
870,0.03409879,0.4577304,0.3208905,0.1872803
871,0.03405778,0.4574928,0.3214814,0.1869681
872,0.03401456,0.4572535,0.3220897,0.1866422
