EwEVersion,"6.5.13829.0 (compiled 2016-05-17)"
Date,"2016-09-06 18:44:29"
ModelName,Baltic_Proper-SEALS
EcosimScenario,Proper1_SealVuln100_19742100_seal0_cofF1
TimeSeries,new_data_weights_19742100_BAU_WAR1_codF1_seal0
StartYear,1974

Data,"Prey of Temora sp"

TimeStep,"Cyanobacteria","Phytoplankton","microzooplankton","Detritus-water column",
1,0.04225926,0.6065168,0.1818384,0.1693856
2,0.03843141,0.6257737,0.1810654,0.1547296
3,0.0365148,0.6314564,0.1842176,0.1478112
4,0.03551377,0.6320713,0.1878981,0.1445169
5,0.03498649,0.6309366,0.1910353,0.1430416
6,0.03471035,0.6293929,0.1934095,0.1424873
7,0.0345667,0.6279414,0.1951074,0.1423845
8,0.03449095,0.6267245,0.1962997,0.1424849
9,0.03444799,0.6257406,0.1971526,0.1426588
10,0.03441905,0.6249409,0.1977991,0.142841
11,0.03439435,0.6242702,0.198335,0.1430005
12,0.03436901,0.6236819,0.198825,0.143124
13,0.03504702,0.6175472,0.2012598,0.146146
14,0.03547346,0.6146087,0.2018546,0.1480632
15,0.03571072,0.6132495,0.2019098,0.14913
16,0.03582744,0.6126234,0.2018864,0.1496628
17,0.03586937,0.6122902,0.2019732,0.1498673
18,0.03586669,0.6120398,0.2022164,0.1498771
19,0.03583881,0.6117857,0.2025973,0.1497781
20,0.03579811,0.6115039,0.2030724,0.1496255
21,0.03575267,0.611199,0.2035918,0.1494565
22,0.035708,0.6108875,0.2041071,0.1492974
23,0.03566799,0.6105883,0.2045756,0.1491682
24,0.03563545,0.6103187,0.204962,0.1490838
25,0.03168522,0.6408312,0.1948487,0.132635
26,0.02964744,0.6499566,0.1960325,0.1243634
27,0.0286395,0.6517194,0.1990226,0.1206185
28,0.02812166,0.6510121,0.2018997,0.1189665
29,0.02786311,0.6496834,0.2040507,0.1184028
30,0.02774152,0.6484029,0.20546,0.1183956
31,0.02769012,0.6473576,0.2062961,0.1186562
32,0.02767263,0.64655,0.2067476,0.1190296
33,0.02766973,0.6459256,0.2069693,0.1194354
34,0.02767111,0.6454218,0.2070757,0.1198313
35,0.02767179,0.6449878,0.2071419,0.1201985
36,0.02766954,0.6445873,0.2072133,0.1205297
37,0.02845109,0.6369652,0.2103782,0.1242056
38,0.02894338,0.6335509,0.2109403,0.1265653
39,0.02922915,0.6321344,0.2106663,0.1279702
40,0.02938368,0.6316024,0.2102372,0.1287767
41,0.02945791,0.6313975,0.2099236,0.1292209
42,0.02948493,0.6312666,0.2097943,0.1294542
43,0.02948535,0.631112,0.209833,0.1295696
44,0.02947164,0.6309086,0.2099968,0.129623
45,0.02945112,0.6306612,0.2102404,0.1296472
46,0.0294286,0.6303865,0.2105206,0.1296643
47,0.02940696,0.6301019,0.2108028,0.1296883
48,0.02938797,0.6298229,0.2110611,0.1297279
49,0.03022137,0.6217711,0.2145301,0.1334775
50,0.03075722,0.6181589,0.2152077,0.1358762
51,0.0310782,0.6167275,0.2149029,0.1372914
52,0.0312649,0.6163185,0.2143048,0.1381118
53,0.03137182,0.6163386,0.2136969,0.1385926
54,0.03143433,0.6165078,0.2131615,0.1388964
55,0.031474,0.616708,0.2126987,0.1391193
56,0.0315032,0.6168981,0.212284,0.1393146
57,0.03152857,0.6170697,0.2118928,0.139509
58,0.03155274,0.6172239,0.2115135,0.1397099
59,0.0315766,0.6173632,0.2111429,0.1399174
60,0.03160006,0.6174893,0.2107833,0.1401275
61,0.03194922,0.6139862,0.2123996,0.141665
62,0.03216113,0.6123073,0.2129683,0.1425634
63,0.03230232,0.6115549,0.2129701,0.1431727
64,0.03239314,0.6112732,0.2127598,0.1435738
65,0.03245208,0.6112143,0.2124862,0.1438474
66,0.03249157,0.6112514,0.2122105,0.1440465
67,0.03251944,0.6113232,0.2119536,0.1442037
68,0.03254034,0.6114014,0.2117212,0.1443369
69,0.03255688,0.6114739,0.2115141,0.1444552
70,0.03257072,0.6115366,0.2113287,0.144564
71,0.03258265,0.6115885,0.2111632,0.1446657
72,0.03259307,0.6116302,0.2110162,0.1447605
73,0.03030401,0.6312862,0.203739,0.1346709
74,0.02904118,0.6380054,0.203701,0.1292524
75,0.02836677,0.6397136,0.2053659,0.1265537
76,0.02800392,0.6395267,0.2072059,0.1252636
77,0.02781017,0.6387452,0.2087269,0.1247177
78,0.02770728,0.6378844,0.209853,0.1245553
79,0.02765162,0.6371161,0.2106545,0.1245777
80,0.02761905,0.6364709,0.2112332,0.1246769
81,0.02759641,0.6359282,0.2116798,0.1247956
82,0.02757679,0.6354556,0.2120627,0.1249049
83,0.02755669,0.6350244,0.2124275,0.1249915
84,0.02753452,0.6346132,0.2128022,0.1250501
85,0.02758659,0.6344589,0.2124016,0.1255529
86,0.02762656,0.6344943,0.2118825,0.1259966
87,0.02762882,0.6345138,0.2116553,0.126202
88,0.02761395,0.6344552,0.2116396,0.1262912
89,0.02758897,0.6343102,0.2117955,0.1263052
90,0.02755712,0.6340895,0.2120894,0.1262641
91,0.02752015,0.6338086,0.212492,0.1261793
92,0.02747921,0.633483,0.2129785,0.1260593
93,0.0274353,0.6331269,0.2135258,0.1259119
94,0.02738957,0.6327533,0.2141115,0.1257457
95,0.02734348,0.6323742,0.2147112,0.1255712
96,0.0272988,0.632002,0.2152984,0.1254009
97,0.02674976,0.6367371,0.2135377,0.1229753
98,0.0264229,0.6384377,0.2135247,0.1216147
99,0.02622928,0.6388439,0.21404,0.1208868
100,0.02611996,0.6387478,0.2145708,0.1205615
101,0.0260634,0.6385122,0.214935,0.1204894
102,0.0260402,0.6382878,0.2150927,0.1205793
103,0.02603832,0.6381235,0.2150642,0.120774
104,0.02605009,0.6380225,0.2148913,0.1210361
105,0.02607037,0.63797,0.2146201,0.1213395
106,0.02609539,0.6379458,0.2142948,0.121664
107,0.02612229,0.6379318,0.2139529,0.121993
108,0.02614889,0.6379135,0.2136239,0.1223138
109,0.02715873,0.628536,0.2170939,0.1272114
110,0.02782937,0.6245598,0.2171495,0.1304615
111,0.02823782,0.6231818,0.2161831,0.1323973
112,0.02847921,0.6229627,0.2150434,0.1335147
113,0.02861698,0.6231715,0.2140788,0.1341327
114,0.02869282,0.6234723,0.2133772,0.1344576
115,0.02873287,0.623732,0.2129184,0.1346167
116,0.02875281,0.6239138,0.2126483,0.1346851
117,0.02876174,0.6240219,0.2125106,0.1347058
118,0.02876473,0.6240726,0.2124608,0.1347019
119,0.02876464,0.6240831,0.212466,0.1346863
120,0.02876306,0.6240683,0.2125027,0.134666
121,0.02840233,0.6271316,0.2115199,0.1329462
122,0.02817756,0.628211,0.2117312,0.1318802
123,0.02805204,0.6284446,0.2121859,0.1313175
124,0.02798159,0.628346,0.2126468,0.1310256
125,0.02794281,0.6281471,0.2130232,0.130887
126,0.02792186,0.6279441,0.213301,0.130833
127,0.02791063,0.6277705,0.2134951,0.1308238
128,0.02790448,0.6276315,0.2136271,0.1308369
129,0.02790091,0.6275221,0.2137164,0.1308605
130,0.02789855,0.6274356,0.2137778,0.1308881
131,0.02789669,0.6273651,0.2138215,0.1309167
132,0.02789495,0.627306,0.2138545,0.1309445
133,0.03065085,0.5983096,0.2276385,0.143401
134,0.03256273,0.5828114,0.2330687,0.1515572
135,0.03383421,0.5752503,0.2342731,0.1566423
136,0.03461134,0.5720226,0.2339525,0.1594136
137,0.03505506,0.5709565,0.2332959,0.1606926
138,0.03529407,0.5708637,0.2327275,0.1611147
139,0.03541952,0.5711622,0.2323028,0.1611155
140,0.03549045,0.5716033,0.231938,0.1609682
141,0.03554243,0.5721021,0.2315259,0.1608296
142,0.03559602,0.5726427,0.2309755,0.1607858
143,0.03566169,0.5732319,0.2302314,0.160875
144,0.03574386,0.5738794,0.2292692,0.1611076
145,0.03195019,0.6100616,0.2137857,0.1442025
146,0.03004842,0.6233384,0.2105123,0.1361007
147,0.0290988,0.628192,0.2103015,0.1324077
148,0.02862046,0.6297182,0.2108355,0.1308258
149,0.02838237,0.6299728,0.2113832,0.1302617
150,0.02826682,0.6298009,0.2117612,0.130171
151,0.02821267,0.6295306,0.2119743,0.1302824
152,0.02818824,0.6292707,0.2120768,0.1304642
153,0.02817729,0.6290432,0.2121239,0.1306556
154,0.02817148,0.6288409,0.2121577,0.1308298
155,0.02816665,0.6286499,0.2122072,0.1309763
156,0.0281607,0.6284575,0.2122902,0.1310916
157,0.03472828,0.5643542,0.2396912,0.1612262
158,0.04058484,0.5214308,0.2505951,0.1873892
159,0.04530258,0.4943512,0.2528247,0.2075215
160,0.04879257,0.4786167,0.2510623,0.2215284
161,0.05116981,0.470391,0.2481976,0.2302417
162,0.05265838,0.4667407,0.2456858,0.2349152
163,0.05350786,0.4656243,0.2440389,0.2368289
164,0.05394025,0.4657604,0.2432369,0.2370625
165,0.05412737,0.466437,0.2430176,0.2364181
166,0.05419027,0.4673143,0.2430564,0.2354391
167,0.05420845,0.4682623,0.2430614,0.2344678
168,0.05423032,0.4692502,0.2428192,0.2337003
169,0.04855016,0.517,0.2255255,0.2089243
170,0.04541732,0.5389423,0.2198618,0.1957784
171,0.04405222,0.549458,0.2156175,0.1908722
172,0.04341233,0.5552698,0.2122164,0.1891014
173,0.04309561,0.5586369,0.2097554,0.1885121
174,0.04294925,0.5606992,0.2079122,0.1884393
175,0.04288836,0.5620319,0.2065427,0.1885371
176,0.04286762,0.5629374,0.2055508,0.1886441
177,0.04286429,0.5635803,0.2048554,0.1887
178,0.04286774,0.5640528,0.2043864,0.1886931
179,0.04287312,0.5644095,0.2040873,0.1886301
180,0.04287818,0.5646853,0.2039153,0.1885211
181,0.04130099,0.5781647,0.1989375,0.1815969
182,0.04033046,0.5844141,0.1978659,0.1773894
183,0.03975451,0.5871081,0.19821,0.1749275
184,0.03941651,0.5880791,0.1990123,0.1734921
185,0.03921933,0.5882667,0.1998706,0.1726435
186,0.03910331,0.5881366,0.2006438,0.1721164
187,0.03903221,0.5879068,0.2013078,0.1717532
188,0.03898434,0.5876691,0.2018845,0.171462
189,0.03894685,0.5874543,0.2024089,0.1711899
190,0.03891243,0.5872657,0.2029139,0.1709079
191,0.0388769,0.5870962,0.2034263,0.1706006
192,0.038838,0.5869362,0.2039658,0.1702601
193,0.03790483,0.5944884,0.2015148,0.166092
194,0.03731602,0.597797,0.2014186,0.1634685
195,0.03694726,0.5990525,0.2021876,0.1618126
196,0.03671444,0.5993344,0.2032092,0.1607421
197,0.03656368,0.5991978,0.2042227,0.1600159
198,0.03646186,0.5989167,0.2051318,0.1594896
199,0.03638925,0.5986179,0.2059121,0.1590806
200,0.03633462,0.5983545,0.2065666,0.1587442
201,0.03629192,0.5981443,0.2071051,0.1584587
202,0.03625831,0.5979899,0.2075354,0.1582164
203,0.03623264,0.5978889,0.2078623,0.1580161
204,0.03621457,0.5978369,0.2080894,0.1578592
205,0.04006597,0.5647875,0.2208415,0.1743051
206,0.04298521,0.5459951,0.2246091,0.1864105
207,0.04501963,0.5361236,0.2244169,0.1944399
208,0.04635155,0.5316222,0.2226805,0.1993458
209,0.04717795,0.5301002,0.2206309,0.202091
210,0.04767157,0.5300758,0.2187681,0.2034846
211,0.0479641,0.5307089,0.2172056,0.2041213
212,0.04814629,0.5315692,0.2158874,0.204397
213,0.04827527,0.532463,0.2147123,0.2045495
214,0.04838158,0.5333192,0.2136071,0.2046921
215,0.04847981,0.5341199,0.2125325,0.2048678
216,0.04857496,0.5348656,0.2114813,0.2050782
217,0.04356259,0.5754305,0.1969627,0.1840442
218,0.04081399,0.5921867,0.1941646,0.1728346
219,0.03934526,0.5987105,0.1948309,0.1671133
220,0.03855472,0.60082,0.1963971,0.1642282
221,0.03813425,0.601103,0.1979248,0.1628379
222,0.03791652,0.6007254,0.1991314,0.1622267
223,0.03780838,0.6001912,0.1999937,0.1620066
224,0.03775772,0.5996953,0.2005784,0.1619685
225,0.03773562,0.599293,0.2009693,0.1620021
226,0.03772626,0.5989819,0.2012408,0.162051
227,0.03772131,0.5987409,0.2014494,0.1620885
228,0.03771649,0.598546,0.2016347,0.1621028
229,0.03845241,0.591603,0.2048213,0.1651233
230,0.03891934,0.5880436,0.2061103,0.1669268
231,0.03920747,0.5862758,0.2065587,0.167958
232,0.03937257,0.5854444,0.2067177,0.1684653
233,0.03945802,0.5850636,0.2068371,0.1686413
234,0.03949425,0.5848758,0.2070107,0.1686192
235,0.0395015,0.5847553,0.2072571,0.1684861
236,0.03949276,0.5846486,0.2075611,0.1682975
237,0.0394763,0.5845396,0.2078959,0.1680882
238,0.03945729,0.5844294,0.2082326,0.1678807
239,0.03943906,0.5843266,0.2085448,0.1676895
240,0.03942364,0.5842413,0.208811,0.1675241
241,0.03773551,0.596797,0.2052789,0.1601886
242,0.03670697,0.6016741,0.2058674,0.1557515
243,0.03614175,0.6031883,0.2072479,0.153422
244,0.03583362,0.6033375,0.2085942,0.1522346
245,0.03567247,0.6030235,0.2096149,0.1516892
246,0.03559405,0.6026337,0.2102751,0.1514972
247,0.03556061,0.6023112,0.2106372,0.151491
248,0.03555027,0.6020886,0.2107871,0.151574
249,0.03555063,0.601954,0.2108032,0.1516921
250,0.03555527,0.601883,0.2107432,0.1518185
251,0.03556089,0.6018521,0.2106471,0.15194
252,0.03556598,0.6018425,0.2105404,0.1520511
253,0.03504671,0.6080003,0.2067482,0.1502048
254,0.03475018,0.6111393,0.2047868,0.1493236
255,0.0345533,0.612717,0.2039497,0.14878
256,0.03443123,0.6134471,0.2036178,0.148504
257,0.03435694,0.6137356,0.2035162,0.1483913
258,0.0343115,0.6138014,0.2035189,0.1483682
259,0.03428273,0.6137574,0.2035712,0.1483887
260,0.03426309,0.6136599,0.2036514,0.1484256
261,0.03424811,0.6135356,0.2037522,0.1484641
262,0.03423524,0.6133968,0.2038715,0.1484964
263,0.03422305,0.613249,0.2040086,0.1485193
264,0.03421085,0.6130948,0.2041622,0.148532
265,0.03769515,0.5811387,0.2179831,0.1631831
266,0.04021313,0.5631279,0.2233623,0.1732966
267,0.04192865,0.5536495,0.2246081,0.1798138
268,0.04300783,0.549151,0.2242841,0.183557
269,0.04363775,0.547319,0.2236259,0.1854173
270,0.04397867,0.5467799,0.22311,0.1861314
271,0.04415103,0.5467986,0.2228135,0.1862368
272,0.0442379,0.547031,0.2226363,0.1860947
273,0.04429255,0.5473477,0.2224294,0.1859304
274,0.04434565,0.5477201,0.2220677,0.1858666
275,0.04441259,0.548156,0.2214742,0.1859571
276,0.04449794,0.548667,0.2206282,0.1862069
277,0.04578295,0.5405954,0.2219913,0.1916304
278,0.0467487,0.5368667,0.2206657,0.1957188
279,0.04740926,0.5355587,0.2185771,0.198455
280,0.04785121,0.5355359,0.2163777,0.2002352
281,0.04814288,0.5361192,0.2143733,0.2013647
282,0.0483349,0.5369268,0.2126722,0.2020662
283,0.04846254,0.5377603,0.2112845,0.2024927
284,0.04854928,0.5385281,0.2101777,0.2027448
285,0.04861004,0.5391971,0.2093073,0.2028855
286,0.04865423,0.5397636,0.2086282,0.202954
287,0.04868753,0.5402371,0.2081015,0.2029739
288,0.04871338,0.5406314,0.2076955,0.2029596
289,0.04394898,0.5781223,0.1946238,0.1833048
290,0.04129865,0.5936531,0.19236,0.1726883
291,0.03985536,0.5996227,0.193357,0.167165
292,0.03906079,0.6014345,0.1951915,0.1643132
293,0.03862453,0.6015245,0.1969619,0.1628891
294,0.0383874,0.6009965,0.1983932,0.1622229
295,0.03825976,0.6003292,0.1994648,0.1619462
296,0.0381907,0.5997068,0.2002458,0.1618567
297,0.0381515,0.5991806,0.2008234,0.1618445
298,0.03812639,0.5987466,0.2012736,0.1618533
299,0.03810686,0.5983832,0.2016548,0.1618552
300,0.0380885,0.5980663,0.2020075,0.1618377
301,0.03434164,0.628301,0.1911789,0.1461784
302,0.03235529,0.6387723,0.1907244,0.1381481
303,0.03129273,0.6416461,0.1929563,0.1341048
304,0.0307115,0.6415694,0.1956256,0.1320935
305,0.03039031,0.6404918,0.1979693,0.1311486
306,0.03021064,0.639213,0.1998164,0.1307599
307,0.03010715,0.6380253,0.2012164,0.1306511
308,0.03004368,0.6370038,0.2022793,0.1306732
309,0.03000048,0.6361387,0.2031131,0.1307478
310,0.02996677,0.6353943,0.2038048,0.1308341
311,0.02993708,0.6347347,0.2044149,0.1309134
312,0.02990883,0.6341313,0.2049811,0.1309788
313,0.03480098,0.5891019,0.2238842,0.152213
314,0.03873481,0.5623646,0.2300324,0.1688681
315,0.041584,0.5477586,0.2302817,0.1803757
316,0.0434786,0.5407402,0.2282554,0.1875257
317,0.04463513,0.5380005,0.2259336,0.1914308
318,0.04527982,0.5373899,0.2241489,0.1931814
319,0.0456031,0.5376698,0.2230676,0.1936595
320,0.04574573,0.5382257,0.2225307,0.1934978
321,0.04580339,0.5388182,0.2222621,0.1931163
322,0.04583464,0.5393997,0.2220032,0.1927625
323,0.04587236,0.5399976,0.2215627,0.1925673
324,0.04593157,0.5406519,0.2208365,0.1925801
325,0.04552314,0.5456542,0.2180082,0.1908145
326,0.04531731,0.5487145,0.2159456,0.1900226
327,0.04523282,0.5507509,0.2142347,0.1897817
328,0.04522432,0.5522245,0.212677,0.1898742
329,0.04525696,0.5533779,0.2112344,0.1901307
330,0.04530786,0.5543304,0.2099214,0.1904404
331,0.04536336,0.5551372,0.2087605,0.1907389
332,0.04541603,0.5558245,0.2077663,0.1909931
333,0.04546233,0.5564065,0.2069417,0.1911895
334,0.04550172,0.5568938,0.2062745,0.19133
335,0.04553457,0.5572973,0.2057473,0.1914208
336,0.04556159,0.5576283,0.2053408,0.1914693
337,0.04596169,0.5548449,0.2061616,0.1930319
338,0.04622914,0.5534753,0.2062973,0.1939982
339,0.04640086,0.5528708,0.2061818,0.1945464
340,0.04650707,0.5526686,0.2060104,0.194814
341,0.04656973,0.5526593,0.2058719,0.194899
342,0.04660394,0.5527283,0.2058013,0.1948666
343,0.04661959,0.5528155,0.2058066,0.1947583
344,0.04662304,0.5528927,0.2058841,0.1946001
345,0.04661836,0.5529485,0.206025,0.1944082
346,0.04660789,0.5529794,0.2062214,0.1941913
347,0.04659326,0.5529863,0.2064647,0.1939558
348,0.04657565,0.5529714,0.2067464,0.1937066
349,0.03834045,0.6139966,0.1883173,0.1593456
350,0.03444865,0.6320336,0.1900482,0.1434695
351,0.03257497,0.6361826,0.1950293,0.136213
352,0.03161592,0.6357162,0.1998838,0.132784
353,0.03111774,0.6339377,0.203706,0.1312386
354,0.03085928,0.6320583,0.2064444,0.130638
355,0.03072491,0.6304585,0.2083191,0.1304975
356,0.03065273,0.6291927,0.2095922,0.1305625
357,0.03060982,0.6282021,0.2104861,0.130702
358,0.03057901,0.6274051,0.2111649,0.130851
359,0.03055175,0.6267298,0.2117385,0.13098
360,0.03052408,0.626123,0.2122751,0.1310778
361,0.03472021,0.588948,0.2271142,0.1492177
362,0.03801474,0.5681387,0.2305993,0.1632472
363,0.04030514,0.5575331,0.2295922,0.1725695
364,0.04177118,0.5529606,0.2271083,0.1781599
365,0.04263161,0.5515548,0.2247161,0.1810975
366,0.04308785,0.5515675,0.2230142,0.1823304
367,0.04329746,0.5520587,0.2220664,0.1825774
368,0.04337094,0.5526025,0.2216963,0.1823302
369,0.04338037,0.5530613,0.2216556,0.1819027
370,0.04337098,0.553439,0.2217008,0.1814892
371,0.04336926,0.5537918,0.2216382,0.1812008
372,0.0433889,0.5541808,0.2213392,0.1810911
373,0.0440392,0.5495871,0.2227409,0.1836328
374,0.0445077,0.5475636,0.2224849,0.1854438
375,0.04484801,0.5469694,0.2214195,0.1867632
376,0.04510246,0.5471666,0.2199619,0.1877691
377,0.04529977,0.5477757,0.2183501,0.1885745
378,0.04545771,0.5485735,0.216727,0.1892417
379,0.04558671,0.5494297,0.2151822,0.1898015
380,0.04569304,0.5502687,0.2137695,0.1902688
381,0.04578081,0.5510488,0.2125181,0.1906523
382,0.04585277,0.5517487,0.2114404,0.1909581
383,0.04591138,0.5523602,0.210535,0.1911934
384,0.04595886,0.5528839,0.2097902,0.1913671
385,0.04612168,0.552535,0.2093088,0.1920346
386,0.04623877,0.5525413,0.2087309,0.192489
387,0.04631573,0.5527109,0.2082231,0.1927502
388,0.04636546,0.5529346,0.2078196,0.1928803
389,0.04639666,0.553157,0.2075257,0.1929207
390,0.04641493,0.553353,0.2073345,0.1928975
391,0.0464237,0.5535137,0.2072361,0.1928265
392,0.04642493,0.5536371,0.2072218,0.1927161
393,0.04641968,0.5537247,0.207285,0.1925706
394,0.04640888,0.5537786,0.2074183,0.1923942
395,0.04639311,0.5538018,0.2076156,0.1921896
396,0.04637284,0.5537972,0.2078711,0.1919588
397,0.04774123,0.5446712,0.209873,0.1977146
398,0.04871858,0.5401425,0.2093699,0.2017691
399,0.04931665,0.5382264,0.208373,0.204084
400,0.04966267,0.5376673,0.2073921,0.2052779
401,0.04984684,0.5377382,0.2066429,0.2057721
402,0.04993196,0.5380454,0.2061708,0.2058518
403,0.04995999,0.5383955,0.2059409,0.2057036
404,0.04995784,0.5387083,0.2058886,0.2054453
405,0.04994223,0.5389631,0.2059457,0.205149
406,0.04992294,0.5391667,0.206054,0.2048563
407,0.04990558,0.5393361,0.2061677,0.2045906
408,0.04989311,0.5394892,0.2062537,0.2043641
409,0.04361883,0.5863847,0.191252,0.1787445
410,0.04031393,0.6040908,0.1899648,0.1656304
411,0.03860372,0.6101704,0.1920393,0.1591866
412,0.03769667,0.6116108,0.1946684,0.1560241
413,0.03721716,0.6113046,0.196923,0.1545553
414,0.03696788,0.6104757,0.1985997,0.1539567
415,0.03684085,0.6096112,0.1997614,0.1537865
416,0.03677633,0.6088716,0.2005451,0.153807
417,0.03674151,0.6082802,0.2010849,0.1538934
418,0.0367188,0.607811,0.2014871,0.1539831
419,0.03669904,0.6074271,0.201827,0.1540468
420,0.03667779,0.6070958,0.2021534,0.154073
421,0.03693912,0.6041896,0.2036667,0.1552047
422,0.03708594,0.6026353,0.2044665,0.1558123
423,0.0371617,0.6017682,0.2049606,0.1561095
424,0.03718835,0.6012471,0.2053731,0.1561914
425,0.0371839,0.6008872,0.2057902,0.1561387
426,0.0371611,0.6005967,0.2062334,0.1560088
427,0.03712867,0.600336,0.2066941,0.1558413
428,0.03709269,0.6000925,0.2071504,0.1556644
429,0.03705749,0.5998671,0.2075763,0.1554991
430,0.03702633,0.5996664,0.2079454,0.1553618
431,0.03700158,0.5994987,0.2082347,0.1552649
432,0.03698483,0.5993713,0.2084267,0.1552172
433,0.04050035,0.5683716,0.2216178,0.1695103
434,0.04302581,0.5507718,0.2268986,0.1793038
435,0.04476206,0.5413964,0.2281265,0.185715
436,0.04586848,0.5368856,0.2277522,0.1894937
437,0.04653808,0.5350443,0.2268857,0.191532
438,0.04693495,0.5345634,0.22594,0.1925616
439,0.04718078,0.5347347,0.2249765,0.193108
440,0.04735727,0.535215,0.2239154,0.1935124
441,0.04751313,0.5358592,0.2226601,0.1939675
442,0.04767029,0.5366115,0.2211748,0.1945435
443,0.04783356,0.5374432,0.2194899,0.1952334
444,0.04799772,0.538326,0.2176914,0.1959849
445,0.04813661,0.5373994,0.2181515,0.1963126
446,0.04818439,0.5368418,0.2187606,0.1962132
447,0.04823554,0.5364622,0.2191075,0.1961947
448,0.04828434,0.536217,0.219289,0.1962097
449,0.04833102,0.5360686,0.2193522,0.1962481
450,0.04837578,0.5359904,0.2193307,0.1963031
451,0.04841857,0.5359629,0.2192502,0.1963684
452,0.04845904,0.5359717,0.2191318,0.1964375
453,0.04849673,0.5360053,0.2189933,0.1965047
454,0.04853162,0.536055,0.2188463,0.1965671
455,0.04856363,0.5361144,0.2186994,0.1966226
456,0.04859277,0.5361786,0.2185589,0.1966696
457,0.04820616,0.5427192,0.2133996,0.1956751
458,0.04812814,0.5471107,0.2086408,0.1961202
459,0.04804667,0.5501601,0.2054711,0.1963221
460,0.04796785,0.5522641,0.2034107,0.1963574
461,0.0478979,0.5536792,0.202123,0.1962999
462,0.04783888,0.5545993,0.2013673,0.1961944
463,0.04778944,0.5551714,0.2009785,0.1960606
464,0.04774665,0.555503,0.2008471,0.1959034
465,0.04770723,0.5556695,0.2009026,0.1957205
466,0.04766833,0.5557228,0.2011009,0.1955079
467,0.04762762,0.5556968,0.2014144,0.1952613
468,0.04758292,0.5556106,0.2018318,0.1949746
469,0.04106287,0.6033131,0.1873381,0.168286
470,0.03771978,0.6196365,0.1877078,0.154936
471,0.0360111,0.6242756,0.1912779,0.1484354
472,0.03510092,0.6245465,0.1951478,0.1452048
473,0.03460881,0.6233441,0.1984089,0.1436382
474,0.03434038,0.6218347,0.2008982,0.1429268
475,0.03419089,0.6204464,0.2027202,0.1426425
476,0.03410294,0.6192917,0.2040484,0.1425569
477,0.03404535,0.6183606,0.2050436,0.1425505
478,0.0340015,0.6176028,0.2058324,0.1425632
479,0.03396318,0.6169676,0.2065001,0.1425691
480,0.03392672,0.6164151,0.2070984,0.1425598
481,0.03823549,0.5808076,0.2201367,0.1608202
482,0.04160586,0.5606486,0.2228512,0.1748944
483,0.04394465,0.5502694,0.2215483,0.1842376
484,0.04545266,0.5457594,0.2188741,0.1899138
485,0.04634915,0.5444206,0.2162526,0.1929777
486,0.04683413,0.5445707,0.2142472,0.194348
487,0.04706469,0.545269,0.2129429,0.1947235
488,0.04715227,0.5460581,0.2122024,0.1945872
489,0.04717084,0.5467623,0.2118137,0.1942531
490,0.0471657,0.5473509,0.211576,0.1939074
491,0.04716331,0.5478529,0.2113288,0.193655
492,0.04717734,0.5483125,0.2109645,0.1935457
493,0.04339306,0.5782163,0.200266,0.1781246
494,0.04126947,0.5909732,0.1979858,0.1697716
495,0.04012705,0.5961671,0.1981523,0.1655535
496,0.03952613,0.598025,0.1988821,0.1635668
497,0.03922589,0.5984753,0.1995235,0.1627753
498,0.0390895,0.598392,0.1999219,0.1625967
499,0.03903872,0.5981531,0.2001033,0.162705
500,0.03902928,0.5979059,0.2001425,0.1629224
501,0.03903687,0.5976942,0.2001119,0.163157
502,0.03904886,0.5975201,0.2000652,0.1633658
503,0.03905901,0.5973712,0.2000381,0.1635316
504,0.03906454,0.5972344,0.2000515,0.1636495
505,0.04253928,0.5691666,0.2102244,0.1780698
506,0.04511194,0.5534325,0.212983,0.1884726
507,0.04686301,0.5452598,0.2126392,0.195238
508,0.04797595,0.5415534,0.2112124,0.1992582
509,0.04863215,0.5402643,0.2097321,0.2013714
510,0.04898416,0.540138,0.20862,0.2022578
511,0.04914685,0.5404708,0.2079669,0.2024154
512,0.04920037,0.54091,0.2077061,0.2021836
513,0.04919792,0.5413079,0.2077112,0.201783
514,0.04917276,0.5416263,0.2078529,0.2013482
515,0.04914534,0.5418771,0.208017,0.2009606
516,0.04912762,0.5420907,0.2081154,0.2006663
517,0.04383707,0.5820635,0.1949863,0.1791132
518,0.04097383,0.5978618,0.1933713,0.167793
519,0.03947354,0.6036305,0.1947132,0.1621829
520,0.03868479,0.6052547,0.1965721,0.1594884
521,0.0382814,0.6052616,0.1981312,0.1583257
522,0.03808602,0.6047458,0.1992186,0.1579496
523,0.03799975,0.6041538,0.1998948,0.1579517
524,0.03796744,0.6036392,0.2002821,0.1581112
525,0.03795889,0.6032306,0.2004981,0.1583124
526,0.0379582,0.6029096,0.2006331,0.1584991
527,0.03795741,0.6026464,0.2007494,0.1586468
528,0.03795281,0.6024139,0.2008864,0.1587468
529,0.04032996,0.5827043,0.2083504,0.1686154
530,0.04199689,0.5723063,0.2103488,0.175348
531,0.04307308,0.5672438,0.2101976,0.1794855
532,0.04371943,0.5651123,0.209388,0.1817803
533,0.04407392,0.5644392,0.2086305,0.1828564
534,0.04424198,0.564392,0.2081875,0.1831785
535,0.04429788,0.5645438,0.2080916,0.1830667
536,0.04429118,0.5647046,0.2082731,0.1827312
537,0.04425411,0.5648119,0.2086264,0.1823075
538,0.04420707,0.5648661,0.209046,0.1818809
539,0.04416303,0.5648921,0.2094388,0.181506
540,0.04413011,0.564921,0.2097314,0.1812175
541,0.04675283,0.5448287,0.2166069,0.1918116
542,0.04867765,0.5338344,0.2180675,0.1994204
543,0.04996943,0.5283201,0.2174075,0.204303
544,0.05080739,0.5259828,0.2159004,0.2073094
545,0.05133844,0.5253692,0.214192,0.2091004
546,0.05167638,0.5256142,0.2125391,0.2101703
547,0.05190053,0.5262372,0.2110111,0.2108511
548,0.0520611,0.5269903,0.2096066,0.211342
549,0.05218689,0.5277548,0.2083117,0.2117467
550,0.05229297,0.5284776,0.2071183,0.2121111
551,0.05238624,0.5291368,0.2060289,0.212448
552,0.05246932,0.5297249,0.2050506,0.2127552
553,0.0519576,0.5342308,0.203198,0.2106135
554,0.05162502,0.536635,0.202517,0.2092229
555,0.05143857,0.5378597,0.2022451,0.2084567
556,0.0513419,0.538455,0.2021446,0.2080584
557,0.05129826,0.5387285,0.2021068,0.2078665
558,0.05128367,0.5388467,0.2020913,0.2077782
559,0.05128305,0.538896,0.2020898,0.2077312
560,0.05128728,0.5389178,0.2021061,0.2076888
561,0.0512911,0.5389297,0.2021481,0.2076311
562,0.0512917,0.5389376,0.2022222,0.2075485
563,0.05128774,0.5389425,0.2023329,0.2074369
564,0.05127868,0.5389431,0.2024825,0.2072958
565,0.04800618,0.563073,0.1947892,0.1941315
566,0.04603923,0.5739636,0.1935828,0.1864145
567,0.04490784,0.5784632,0.1944882,0.1821407
568,0.04426105,0.5799659,0.1959556,0.1798174
569,0.04389437,0.5801448,0.1973754,0.1785854
570,0.04368712,0.5798089,0.198558,0.1779459
571,0.04356804,0.5793299,0.1994911,0.1776111
572,0.04349546,0.5788613,0.2002256,0.1774176
573,0.04344551,0.5784534,0.2008249,0.1772762
574,0.04340505,0.5781104,0.2013437,0.1771408
575,0.04336716,0.5778208,0.201822,0.1769901
576,0.04332861,0.5775697,0.2022849,0.1768167
577,0.04294818,0.5801009,0.201679,0.1752719
578,0.04269705,0.5812885,0.2017318,0.1742827
579,0.04252452,0.5817826,0.2020853,0.1736076
580,0.0424057,0.5819234,0.2025246,0.1731463
581,0.04232147,0.5819012,0.2029576,0.1728197
582,0.04225962,0.5818158,0.2033454,0.1725793
583,0.04221292,0.5817171,0.2036722,0.1723978
584,0.04217733,0.5816287,0.2039324,0.1722616
585,0.04215072,0.5815612,0.2041235,0.1721646
586,0.04213214,0.5815189,0.2042435,0.1721055
587,0.04212106,0.5815032,0.2042915,0.1720842
588,0.04211703,0.5815141,0.204269,0.1720998
589,0.04237207,0.5798086,0.2046108,0.1732085
590,0.04254837,0.5791005,0.2043605,0.1739907
591,0.04265887,0.578906,0.2039491,0.174486
592,0.042731,0.578955,0.2034921,0.1748219
593,0.04277996,0.5791055,0.2030504,0.1750642
594,0.04281521,0.5792845,0.2026481,0.1752521
595,0.04284237,0.5794569,0.2022929,0.1754078
596,0.04286454,0.5796068,0.201986,0.1755427
597,0.04288326,0.5797286,0.2017268,0.1756614
598,0.04289932,0.5798211,0.2015138,0.1757657
599,0.04291297,0.5798857,0.2013456,0.1758558
600,0.04292425,0.5799244,0.2012206,0.1759308
601,0.04108829,0.5941482,0.1962498,0.1685137
602,0.03999153,0.6001911,0.1956078,0.1642096
603,0.03936628,0.6024281,0.1963208,0.1618847
604,0.03901567,0.6029323,0.1973685,0.1606835
605,0.03882358,0.6027148,0.198352,0.1601097
606,0.03872055,0.6022516,0.1991569,0.159871
607,0.03866546,0.6017502,0.199786,0.1597983
608,0.03863439,0.6012878,0.2002821,0.1597958
609,0.03861377,0.6008823,0.2006926,0.1598113
610,0.03859629,0.6005281,0.2010569,0.1598187
611,0.03857825,0.6002126,0.2014031,0.1598062
612,0.03855797,0.5999236,0.2017485,0.15977
613,0.04052127,0.5834277,0.2082736,0.1677774
614,0.04186171,0.5748278,0.2102447,0.1730658
615,0.04271015,0.5706649,0.2103885,0.1762364
616,0.04320763,0.5689002,0.2099598,0.1779322
617,0.04347393,0.568315,0.2095238,0.1786873
618,0.04359886,0.5682386,0.2092684,0.1788942
619,0.04364489,0.5683383,0.2091957,0.178821
620,0.04365316,0.5684743,0.209231,0.1786415
621,0.0436496,0.5686063,0.2092804,0.1784637
622,0.04364897,0.5687391,0.2092649,0.178347
623,0.04365892,0.5688912,0.2091298,0.1783202
624,0.04368221,0.5690802,0.2088477,0.17839
625,0.04350594,0.5707988,0.2080318,0.1776634
626,0.04341143,0.5717511,0.2075259,0.1773115
627,0.04338313,0.5723287,0.2070167,0.1772715
628,0.04339294,0.5727369,0.206464,0.1774061
629,0.04342388,0.5730687,0.2058736,0.1776338
630,0.04346459,0.57336,0.2052764,0.177899
631,0.04350774,0.5736194,0.2047076,0.1781653
632,0.043549,0.5738441,0.2041955,0.1784113
633,0.04358602,0.5740302,0.2037583,0.1786255
634,0.04361717,0.5741743,0.2034086,0.1787999
635,0.04364176,0.5742757,0.2031507,0.1789318
636,0.04365966,0.5743364,0.2029829,0.1790211
637,0.0465119,0.5526345,0.2102415,0.1906122
638,0.04858897,0.5406022,0.2119695,0.1988394
639,0.04997646,0.5344046,0.2115417,0.2040773
640,0.05084785,0.5316067,0.2104038,0.2071417
641,0.05135838,0.5306373,0.2092729,0.2087314
642,0.05163262,0.5305492,0.2084276,0.2093907
643,0.05176186,0.5308158,0.2079146,0.2095077
644,0.05180835,0.5311737,0.2076774,0.2093405
645,0.05181228,0.531511,0.2076257,0.209051
646,0.05179902,0.5317959,0.2076659,0.2087392
647,0.05178367,0.5320345,0.2077191,0.2084627
648,0.05177462,0.5322468,0.2077264,0.2082522
649,0.04742853,0.5640962,0.197723,0.1907523
650,0.04492819,0.5777572,0.1963654,0.1809493
651,0.04357423,0.5831818,0.1973325,0.1759115
652,0.04284752,0.5849946,0.198738,0.1734198
653,0.04247166,0.5853027,0.1999161,0.1723096
654,0.04228981,0.5850635,0.20072,0.1719267
655,0.04221183,0.584688,0.2011986,0.1719017
656,0.04218609,0.5843308,0.2014544,0.1720287
657,0.04218357,0.5840329,0.2015868,0.1721968
658,0.04218831,0.5837895,0.2016733,0.1723489
659,0.04219199,0.5835823,0.2017672,0.1724585
660,0.04219057,0.583393,0.2019009,0.1725156
661,0.04303559,0.5772133,0.2036752,0.176076
662,0.0436004,0.5742466,0.203728,0.1784249
663,0.04392892,0.5729771,0.2033775,0.1797165
664,0.04410472,0.5725378,0.203016,0.1803415
665,0.04418277,0.5724556,0.2028151,0.1805466
666,0.04420023,0.5724873,0.2028176,0.1804948
667,0.04418152,0.5725207,0.2030056,0.1802922
668,0.04414236,0.5725139,0.2033372,0.1800066
669,0.04409303,0.5724607,0.2037639,0.1796825
670,0.04404055,0.5723706,0.2042371,0.1793518
671,0.04398995,0.5722601,0.2047118,0.179038
672,0.04394503,0.5721473,0.2051473,0.1787604
673,0.04256076,0.5819719,0.2024204,0.1730468
674,0.04169876,0.5861828,0.2025743,0.1695442
675,0.04121384,0.5877442,0.2033668,0.167675
676,0.04094921,0.5881451,0.2041668,0.1667388
677,0.04081744,0.5881031,0.2047208,0.1663587
678,0.04076399,0.5879502,0.2049845,0.1663014
679,0.04075512,0.5878209,0.2050007,0.1664233
680,0.04077031,0.5877544,0.2048384,0.1666369
681,0.04079731,0.5877467,0.2045657,0.1668903
682,0.04082835,0.5877783,0.204244,0.1671494
683,0.04085891,0.587827,0.20392,0.1673941
684,0.04088639,0.5878743,0.2036265,0.1676128
685,0.04177266,0.5809648,0.2059953,0.1712672
686,0.04236226,0.5775424,0.2064523,0.1736431
687,0.04273222,0.5759735,0.2062123,0.175082
688,0.04295198,0.5753583,0.2057989,0.1758908
689,0.04307429,0.5751872,0.2054394,0.1762991
690,0.04313596,0.5751909,0.2052086,0.1764646
691,0.04316129,0.5752394,0.2051098,0.1764894
692,0.04316571,0.5752782,0.2051189,0.1764371
693,0.04315856,0.5752907,0.2052053,0.1763454
694,0.04314592,0.5752779,0.2053374,0.1762388
695,0.04313147,0.5752477,0.2054887,0.1761321
696,0.04311747,0.5752097,0.2056382,0.1760346
697,0.03632109,0.6282947,0.1867177,0.1486665
698,0.03308814,0.6450502,0.1857393,0.1361223
699,0.03147787,0.6495179,0.188736,0.1302682
700,0.03064492,0.6495653,0.1922317,0.127558
701,0.03021247,0.6482003,0.1951652,0.126422
702,0.02999036,0.6465868,0.1973478,0.1260749
703,0.02987749,0.6451283,0.1988885,0.1261057
704,0.029819,0.6439167,0.1999675,0.1262967
705,0.02978519,0.6429278,0.2007525,0.1265345
706,0.02976019,0.6421045,0.2013737,0.1267616
707,0.02973578,0.64139,0.2019235,0.1269507
708,0.02970784,0.6407393,0.2024632,0.1270896
709,0.03261167,0.6140707,0.2137784,0.1395393
710,0.03469064,0.6002713,0.2167816,0.1482564
711,0.03603034,0.5938583,0.2165004,0.1536109
712,0.03681275,0.5913795,0.2153175,0.1564903
713,0.03721102,0.590712,0.2143736,0.1577034
714,0.03736385,0.5906757,0.2140815,0.157879
715,0.03735552,0.590582,0.2147049,0.1573577
716,0.03708437,0.5890368,0.2185179,0.1553608
717,0.03716862,0.5890557,0.2181405,0.1556352
718,0.03705861,0.5889788,0.219089,0.1548736
719,0.03671383,0.5880675,0.2223935,0.1528251
720,0.03715556,0.5883186,0.219329,0.1551969
721,0.03772831,0.585113,0.2194501,0.1577086
722,0.03816332,0.584195,0.2179399,0.1597017
723,0.0384832,0.5844624,0.2158163,0.1612381
724,0.03872494,0.5853273,0.2134767,0.162471
725,0.03891812,0.5864571,0.2110991,0.1635257
726,0.03907176,0.5876531,0.2088561,0.1644191
727,0.03919097,0.5887818,0.2068758,0.1651513
728,0.0392813,0.5897524,0.2052365,0.1657297
729,0.03934911,0.5905105,0.2039685,0.1661718
730,0.0394005,0.5910374,0.2030616,0.1665005
731,0.03943946,0.5913461,0.2024808,0.1667336
732,0.03946801,0.5914716,0.202177,0.1668834
733,0.03943359,0.5920722,0.201727,0.1667672
734,0.03940989,0.5923407,0.2015731,0.1666764
735,0.03938672,0.5924018,0.2016542,0.1665573
736,0.03936307,0.5923344,0.2018894,0.1664131
737,0.03933685,0.5921904,0.2022338,0.166239
738,0.03930659,0.5920013,0.2026604,0.1660317
739,0.03927146,0.5917861,0.2031524,0.1657901
740,0.03923141,0.591556,0.2036963,0.1655163
741,0.03918693,0.5913182,0.2042798,0.1652151
742,0.03913888,0.5910777,0.2048908,0.1648926
743,0.03908858,0.5908393,0.205515,0.1645572
744,0.03903772,0.5906076,0.2061355,0.1642193
745,0.0410282,0.5734809,0.2131975,0.1722934
746,0.04238645,0.5644611,0.2155896,0.1775629
747,0.04324906,0.5600422,0.2160269,0.1806818
748,0.04375903,0.5581411,0.2157862,0.1823138
749,0.04404302,0.5575092,0.21541,0.1830377
750,0.0441972,0.5574659,0.2150517,0.1832851
751,0.04428797,0.557682,0.2146815,0.1833486
752,0.04435659,0.5580244,0.214214,0.183405
753,0.04442507,0.5584547,0.2135775,0.1835428
754,0.04450297,0.5589691,0.2127343,0.1837937
755,0.04459099,0.5595685,0.2116925,0.1841481
756,0.04468509,0.5602437,0.2104976,0.1845736
757,0.03864076,0.6093987,0.1919289,0.1600317
758,0.03560507,0.6270739,0.1891585,0.1481626
759,0.03405192,0.6330197,0.190456,0.1424724
760,0.03323599,0.6343566,0.1926237,0.1397838
761,0.03280887,0.633957,0.1946119,0.1386222
762,0.03259148,0.6330012,0.1961689,0.1382384
763,0.03248677,0.6319511,0.1973275,0.1382346
764,0.03244025,0.6309682,0.1981973,0.1383943
765,0.03242074,0.6300932,0.1988868,0.1385993
766,0.0324103,0.6293209,0.1994832,0.1387856
767,0.03239897,0.6286299,0.2000503,0.1389208
768,0.03238135,0.627996,0.2006335,0.1389892
769,0.03400392,0.6129182,0.2071674,0.1459104
770,0.03506899,0.6053872,0.2092443,0.1502995
771,0.03570653,0.6018701,0.2096638,0.1527596
772,0.03604233,0.6003561,0.2097244,0.1538772
773,0.03617727,0.5997003,0.2100091,0.1541133
774,0.03618443,0.5993014,0.2107187,0.1537954
775,0.03611244,0.5988567,0.2118964,0.1531345
776,0.03592252,0.5977412,0.2145283,0.1518079
777,0.03585941,0.5971113,0.2157167,0.1513125
778,0.03554497,0.5949863,0.2201933,0.1492755
779,0.03545084,0.5942098,0.221693,0.1486464
780,0.03522413,0.5930439,0.2244446,0.1472873
781,0.03328776,0.6144832,0.212278,0.139951
782,0.03203681,0.6235119,0.2092693,0.135182
783,0.03142156,0.6273607,0.207999,0.1332187
784,0.03111281,0.6290914,0.2072616,0.1325342
785,0.03097275,0.6299768,0.2065202,0.1325303
786,0.03092474,0.6305497,0.2056497,0.1328758
787,0.03092189,0.6309964,0.2047182,0.1333635
788,0.03093794,0.6313449,0.2038415,0.1338757
789,0.03096054,0.6315645,0.2031178,0.1343572
790,0.03098433,0.6316211,0.2026094,0.1347851
791,0.03100673,0.6315064,0.2023358,0.1351511
792,0.03102496,0.6312439,0.2022835,0.1354476
793,0.03097468,0.6314878,0.2021224,0.1354151
794,0.03093979,0.6313018,0.2023485,0.13541
795,0.03090922,0.6309096,0.2027923,0.135389
796,0.03087683,0.6304168,0.2033769,0.1353294
797,0.0308388,0.6298753,0.2040682,0.1352177
798,0.03079311,0.6293076,0.2048517,0.1350476
799,0.03073886,0.6287219,0.2057222,0.1348171
800,0.030676,0.6281189,0.2066769,0.1345282
801,0.03060539,0.6274975,0.2077099,0.1341873
802,0.03052846,0.6268526,0.2088156,0.1338033
803,0.03044352,0.6261442,0.2100499,0.1333623
804,0.03018953,0.6239159,0.2141164,0.131778
805,0.03246341,0.603004,0.2228667,0.1416658
806,0.03394345,0.5923619,0.2259643,0.1477304
807,0.03455564,0.5864498,0.229592,0.1494027
808,0.03537167,0.5845023,0.2273019,0.1528242
809,0.03536921,0.5832409,0.2294779,0.151912
810,0.03594854,0.5837346,0.2256889,0.154628
811,0.03583438,0.5841119,0.2264632,0.1535906
812,0.03643204,0.5856444,0.2211202,0.1568033
813,0.03661683,0.5875501,0.218036,0.1577971
814,0.03676873,0.5893477,0.2152113,0.1586724
815,0.03689601,0.5910088,0.2126452,0.15945
816,0.03700171,0.592515,0.2103551,0.1601281
817,0.03689631,0.5953971,0.207834,0.1598725
818,0.03683917,0.5972258,0.2061306,0.1598045
819,0.03681301,0.5984282,0.2049168,0.1598421
820,0.03680337,0.5992222,0.2040602,0.1599142
821,0.03680247,0.5997258,0.2034865,0.1599851
822,0.03680589,0.6000074,0.2031505,0.1600362
823,0.03681066,0.6001136,0.2030191,0.1600566
824,0.03681432,0.6000836,0.2030632,0.1600389
825,0.03681453,0.5999524,0.2032567,0.1599764
826,0.03680913,0.5997505,0.2035771,0.1598632
827,0.03679645,0.599502,0.2040059,0.1596956
828,0.0367756,0.5992237,0.2045275,0.1594732
829,0.03375208,0.6242231,0.1955937,0.1464311
830,0.03209799,0.6331838,0.1952504,0.1394679
831,0.03119078,0.635735,0.1972732,0.135801
832,0.0306854,0.635737,0.1997057,0.1338719
833,0.03040097,0.6348599,0.2018655,0.1328737
834,0.03023758,0.6338017,0.2035945,0.1323662
835,0.03013919,0.632822,0.2049317,0.1321071
836,0.0300746,0.6319894,0.2059712,0.1319648
837,0.03002687,0.6312979,0.2068043,0.1318709
838,0.02998718,0.6307192,0.2075011,0.1317926
839,0.0299515,0.6302246,0.2081064,0.1317175
840,0.02991845,0.6297932,0.2086436,0.1316448
841,0.03129356,0.616355,0.2147266,0.1376248
842,0.0321908,0.6099081,0.2165009,0.1414002
843,0.03274219,0.6071107,0.2165376,0.1436095
844,0.03305794,0.6061098,0.2160582,0.144774
845,0.03322923,0.6059064,0.2155394,0.145325
846,0.03332035,0.6060172,0.2150997,0.1455627
847,0.03337274,0.6062422,0.2147073,0.1456777
848,0.03341071,0.6065182,0.2142924,0.1457788
849,0.03344668,0.6068349,0.213801,0.1459173
850,0.03348578,0.6071944,0.2132099,0.1461099
851,0.03352892,0.607595,0.2125235,0.1463526
852,0.03357517,0.6080281,0.2117634,0.1466334
853,0.03333006,0.611131,0.2098504,0.1456885
854,0.03319713,0.6127387,0.2088064,0.1452578
855,0.03313426,0.6136185,0.2081073,0.1451399
856,0.03311331,0.6141288,0.2075575,0.1452005
857,0.0331154,0.6144418,0.2070944,0.1453484
858,0.0331288,0.6146357,0.2067082,0.1455274
859,0.03314639,0.6147448,0.206405,0.1457039
860,0.03316384,0.6147862,0.2061918,0.1458581
861,0.03317841,0.6147715,0.2060714,0.1459787
862,0.03318849,0.6147107,0.2060406,0.1460601
863,0.03319313,0.6146138,0.2060931,0.1460999
864,0.03319186,0.614489,0.2062213,0.1460979
865,0.03323749,0.6138852,0.2065912,0.146286
866,0.03325746,0.6135215,0.206876,0.146345
867,0.0332583,0.6132698,0.2071652,0.1463067
868,0.03324565,0.6130662,0.2074888,0.1461993
869,0.03322352,0.6128795,0.207854,0.146043
870,0.03319492,0.6126959,0.2082563,0.1458528
871,0.03316221,0.6125112,0.2086852,0.1456413
872,0.03312746,0.6123265,0.2091264,0.1454197
