EwEVersion,"6.5.13829.0 (compiled 2016-05-17)"
Date,"2016-09-06 18:44:29"
ModelName,Baltic_Proper-SEALS
EcosimScenario,Proper1_SealVuln100_19742100_seal0_cofF1
TimeSeries,new_data_weights_19742100_BAU_WAR1_codF1_seal0
StartYear,1974

Data,"Prey of other mesozooplankton"

TimeStep,"Cyanobacteria","Phytoplankton","microzooplankton","Detritus-water column",
1,0.04280683,0.5585232,0.1841945,0.2144754
2,0.03914407,0.5794344,0.184423,0.1969986
3,0.03727721,0.5860372,0.1880639,0.1886217
4,0.03628786,0.5871349,0.1919937,0.1845836
5,0.03575879,0.58624,0.1952522,0.1827489
6,0.03547649,0.5848045,0.1976785,0.1820404
7,0.03532583,0.5833926,0.1993923,0.1818893
8,0.03524353,0.5821813,0.200583,0.1819923
9,0.03519486,0.5811884,0.2014271,0.1821897
10,0.03516104,0.5803755,0.2020631,0.1824004
11,0.03513219,0.5796929,0.2025897,0.1825852
12,0.03510328,0.5790967,0.2030727,0.1827272
13,0.03574783,0.5726325,0.2052842,0.1863354
14,0.03615526,0.5694741,0.2057343,0.1886363
15,0.03638261,0.5679889,0.2057087,0.1899198
16,0.03649445,0.5672991,0.205645,0.1905615
17,0.03653415,0.5669435,0.2057164,0.190806
18,0.03653048,0.5666971,0.2059588,0.1908136
19,0.03650215,0.5664629,0.2063472,0.1906879
20,0.03646115,0.5662091,0.2068337,0.1904961
21,0.03641541,0.5659351,0.2073657,0.1902837
22,0.03637033,0.5656533,0.207893,0.1900833
23,0.03632978,0.5653792,0.2083713,0.1899198
24,0.03629651,0.5651276,0.2087641,0.1898117
25,0.03250096,0.597572,0.199865,0.170062
26,0.03050136,0.6078881,0.2016787,0.1599318
27,0.02949767,0.6102252,0.2049862,0.1552909
28,0.02897472,0.609782,0.2080242,0.1532192
29,0.02870892,0.6085501,0.2102448,0.1524962
30,0.02858026,0.6072788,0.2116719,0.1524689
31,0.0285226,0.6061998,0.2124982,0.1527794
32,0.02849969,0.6053397,0.2129267,0.1532339
33,0.02849206,0.6046565,0.2131204,0.1537311
34,0.02848924,0.6040949,0.2131981,0.1542178
35,0.02848608,0.6036071,0.2132374,0.1546695
36,0.02848028,0.6031583,0.2132848,0.1550767
37,0.02923621,0.5950387,0.2161837,0.1595414
38,0.0297146,0.5913022,0.216561,0.1624222
39,0.02999321,0.5896895,0.2161731,0.1641441
40,0.03014404,0.5890422,0.2156775,0.1651363
41,0.03021618,0.5887728,0.2153271,0.165684
42,0.03024171,0.5886083,0.215179,0.165971
43,0.03024082,0.5884383,0.2152093,0.1661117
44,0.03022575,0.5882294,0.2153701,0.1661748
45,0.03020383,0.5879816,0.2156138,0.1662009
46,0.03017984,0.5877076,0.2158946,0.1662178
47,0.03015666,0.5874233,0.2161769,0.1662431
48,0.03013609,0.5871419,0.216434,0.1662879
49,0.03093774,0.5786451,0.2196153,0.1708018
50,0.03145641,0.5747375,0.2200999,0.1737062
51,0.03176897,0.5731229,0.2196795,0.1754287
52,0.0319519,0.5726011,0.2190138,0.1764332
53,0.03205729,0.5725505,0.2183661,0.1770261
54,0.03211918,0.5726722,0.2178055,0.1774031
55,0.03215848,0.5728361,0.2173244,0.177681
56,0.03218728,0.5729944,0.2168936,0.1779247
57,0.03221211,0.5731344,0.2164866,0.1781669
58,0.03223561,0.5732563,0.2160911,0.1784169
59,0.03225869,0.5733628,0.2157038,0.1786747
60,0.03228131,0.5734558,0.2153274,0.1789355
61,0.03261459,0.5697934,0.216823,0.1807691
62,0.03281827,0.5680166,0.2173197,0.1818454
63,0.03295492,0.5671909,0.2172727,0.1825815
64,0.03304333,0.5668569,0.2170303,0.1830695
65,0.03310096,0.5667597,0.2167349,0.1834045
66,0.03313967,0.5667672,0.2164434,0.1836498
67,0.03316699,0.5668148,0.2161742,0.183844
68,0.03318742,0.5668722,0.2159314,0.1840089
69,0.03320351,0.5669261,0.2157151,0.1841553
70,0.03321689,0.5669717,0.2155213,0.1842901
71,0.03322836,0.5670079,0.2153479,0.1844158
72,0.03323831,0.5670351,0.2151937,0.1845329
73,0.03104035,0.5878412,0.2086895,0.1724289
74,0.02980685,0.5952966,0.2090715,0.1658251
75,0.02913947,0.5973992,0.21096,0.1625013
76,0.02877578,0.5974122,0.2129169,0.1608952
77,0.02857861,0.5967223,0.2144943,0.1602048
78,0.02847176,0.595895,0.2156432,0.15999
79,0.02841237,0.5951313,0.21645,0.1600063
80,0.02837647,0.5944776,0.217026,0.16012
81,0.02835091,0.5939225,0.2174672,0.1602595
82,0.02832871,0.5934382,0.2178448,0.1603883
83,0.02830628,0.5929984,0.2182059,0.1604894
84,0.028282,0.5925828,0.2185792,0.160556
85,0.02833143,0.5923537,0.2181364,0.1611785
86,0.02836933,0.5923212,0.2175792,0.1617302
87,0.02837021,0.5923094,0.2173348,0.1619856
88,0.02835414,0.5922378,0.2173126,0.1620955
89,0.02832799,0.5920923,0.2174689,0.1621107
90,0.02829501,0.5918803,0.2177684,0.1620562
91,0.02825693,0.5916155,0.2181809,0.1619467
92,0.0282149,0.5913118,0.2186805,0.1617928
93,0.02816995,0.5909822,0.2192435,0.1616044
94,0.02812321,0.5906379,0.2198465,0.1613923
95,0.02807615,0.5902896,0.2204644,0.1611698
96,0.02803053,0.5899476,0.2210693,0.1609527
97,0.02749604,0.5950012,0.2194952,0.1580077
98,0.02717387,0.5968937,0.2195934,0.156339
99,0.02698083,0.5974081,0.2201729,0.1554383
100,0.0268704,0.5973628,0.2207354,0.1550316
101,0.02681211,0.5971403,0.2211093,0.1549383
102,0.02678706,0.596904,0.2212617,0.1550471
103,0.02678338,0.5967114,0.2212179,0.1552873
104,0.02679342,0.5965712,0.2210231,0.1556123
105,0.02681205,0.5964726,0.2207258,0.1559895
106,0.02683549,0.5963989,0.2203725,0.1563931
107,0.02686084,0.5963345,0.220002,0.1568026
108,0.02688593,0.5962672,0.2196452,0.1572017
109,0.02786474,0.5862501,0.2227373,0.1631479
110,0.02851846,0.5818405,0.2225263,0.1671148
111,0.02891897,0.5801946,0.2213977,0.1694887
112,0.02915725,0.5798129,0.2201632,0.1708668
113,0.02929423,0.5799267,0.2191451,0.1716338
114,0.02937025,0.5801747,0.2184149,0.1720401
115,0.02941075,0.5804067,0.2179417,0.1722408
116,0.02943115,0.5805755,0.217665,0.1723282
117,0.02944043,0.580679,0.2175251,0.1723555
118,0.02944366,0.5807294,0.2174755,0.1723515
119,0.02944371,0.5807421,0.2174819,0.1723324
120,0.02944221,0.5807304,0.2175202,0.1723071
121,0.02909405,0.5840046,0.2166713,0.1702301
122,0.02887459,0.5852284,0.2169689,0.1689282
123,0.02875074,0.5855431,0.2174709,0.1682353
124,0.02868043,0.5854896,0.2179575,0.1678724
125,0.02864116,0.5853142,0.218347,0.1676977
126,0.02861954,0.5851222,0.2186307,0.1676276
127,0.02860763,0.5849522,0.2188266,0.1676135
128,0.02860087,0.5848132,0.2189583,0.1676276
129,0.02859674,0.5847019,0.2190464,0.167655
130,0.02859388,0.5846123,0.2191059,0.1676879
131,0.02859158,0.5845386,0.2191477,0.1677222
132,0.02858944,0.5844761,0.2191787,0.1677557
133,0.03122991,0.5541934,0.231939,0.1826377
134,0.03306174,0.5379481,0.2366405,0.1923497
135,0.03428454,0.5299152,0.2373912,0.198409
136,0.035037,0.5264158,0.2368297,0.2017176
137,0.0354712,0.5252131,0.2360654,0.2032503
138,0.03570895,0.5250673,0.2354631,0.2037607
139,0.03583683,0.5253561,0.2350398,0.2037673
140,0.0359114,0.5258028,0.234689,0.2035967
141,0.03596691,0.5263042,0.2342909,0.203438
142,0.03602333,0.5268336,0.2337482,0.2033949
143,0.03609094,0.5273923,0.2330026,0.2035142
144,0.03617411,0.5279884,0.232029,0.2038085
145,0.03258261,0.5655791,0.2180173,0.183821
146,0.03074454,0.5797992,0.2153892,0.1740672
147,0.02981455,0.5851305,0.2154743,0.1695806
148,0.02934049,0.5868734,0.2161397,0.1676463
149,0.02910132,0.5872095,0.2167376,0.1669517
150,0.02898305,0.5870535,0.2171268,0.1668366
151,0.02892597,0.5867699,0.2173336,0.1669704
152,0.02889888,0.5864862,0.2174233,0.1671916
153,0.02888562,0.586233,0.2174563,0.1674252
154,0.02887783,0.5860073,0.2174772,0.1676377
155,0.02887128,0.5857968,0.2175158,0.167816
156,0.02886381,0.5855896,0.2175906,0.1679559
157,0.03511449,0.5187548,0.2423567,0.2037739
158,0.0406074,0.4742915,0.2507344,0.2343667
159,0.04499039,0.446313,0.2510824,0.2576142
160,0.04822013,0.4300014,0.2481168,0.2736617
161,0.05042367,0.4213925,0.2445784,0.2836054
162,0.05181393,0.4175053,0.2417458,0.2889349
163,0.05261977,0.4162692,0.2399884,0.2911226
164,0.05304258,0.416372,0.2391889,0.2913966
165,0.05323823,0.4170681,0.2390256,0.2906681
166,0.05331711,0.4179859,0.23914,0.2895569
167,0.05335228,0.4189695,0.2392225,0.2884558
168,0.05338861,0.4199699,0.2390503,0.2875912
169,0.04829752,0.4675542,0.2243519,0.2597963
170,0.04541961,0.4899722,0.2198729,0.2447353
171,0.04415079,0.500625,0.2160999,0.2391241
172,0.04355187,0.5064132,0.2128985,0.2371365
173,0.04325381,0.5097159,0.2105253,0.2365051
174,0.0431158,0.5117031,0.2087185,0.2364626
175,0.04305885,0.5129691,0.2073638,0.2366082
176,0.04304044,0.5138243,0.2063794,0.2367557
177,0.04303901,0.5144342,0.2056904,0.2368364
178,0.04304441,0.5148885,0.2052287,0.2368384
179,0.0430519,0.5152391,0.2049383,0.2367707
180,0.04305924,0.515518,0.2047764,0.2366465
181,0.04159889,0.5293954,0.2003724,0.2286334
182,0.04068775,0.5359923,0.1996188,0.2237012
183,0.04014154,0.5389307,0.2001396,0.2207881
184,0.03981824,0.5400659,0.2010406,0.2190753
185,0.03962822,0.5403633,0.2019543,0.2180542
186,0.03951577,0.5403093,0.2027602,0.2174148
187,0.03944671,0.5401363,0.2034456,0.2169714
188,0.03940037,0.5399458,0.204039,0.2166148
189,0.03936441,0.539775,0.204579,0.2162816
190,0.03933174,0.5396308,0.2051004,0.215937
191,0.03929827,0.5395085,0.2056311,0.2155621
192,0.03926174,0.5394,0.2061911,0.2151471
193,0.03838548,0.5472969,0.2040701,0.2102476
194,0.03782584,0.5508765,0.2041703,0.2071273
195,0.0374721,0.5523293,0.2050597,0.2051389
196,0.03724705,0.5527534,0.2061571,0.2038424
197,0.03710047,0.5527223,0.2072209,0.2029563
198,0.03700113,0.5525225,0.2081657,0.2023106
199,0.03693028,0.5522891,0.2089735,0.2018072
200,0.03687708,0.5520797,0.2096505,0.2013927
201,0.03683569,0.5519149,0.2102082,0.2010412
202,0.03680332,0.5517986,0.2106549,0.2007432
203,0.03677879,0.5517283,0.2109955,0.2004974
204,0.03676173,0.5516996,0.2112334,0.2003053
205,0.04037965,0.5174628,0.2225704,0.2195871
206,0.043116,0.4978694,0.2252925,0.2337221
207,0.04502542,0.4874477,0.2244457,0.2430811
208,0.0462818,0.4825656,0.2223454,0.2488072
209,0.0470682,0.4807881,0.2201176,0.2520261
210,0.04754405,0.4805979,0.2181828,0.2536753
211,0.04783094,0.4811233,0.2166026,0.2544433
212,0.04801307,0.4819076,0.21529,0.2547894
213,0.04814377,0.4827385,0.2141273,0.2549903
214,0.04825182,0.4835352,0.2130341,0.2551789
215,0.04835117,0.4842751,0.2119686,0.2554052
216,0.0484468,0.4849585,0.2109233,0.2556714
217,0.04383881,0.5264355,0.1982116,0.231514
218,0.04125236,0.5441338,0.1962501,0.2183638
219,0.03984936,0.5512557,0.197327,0.2115679
220,0.03908483,0.5537099,0.1990974,0.2081079
221,0.03867321,0.5541805,0.2007221,0.2064242
222,0.03845702,0.5538989,0.20197,0.2056741
223,0.0383476,0.55341,0.202846,0.2053964
224,0.03829483,0.5529328,0.2034316,0.2053407
225,0.03827067,0.5525365,0.2038188,0.2053738
226,0.03825961,0.5522271,0.2040858,0.2054275
227,0.03825336,0.5519874,0.2042908,0.2054684
228,0.03824765,0.5517958,0.2044743,0.2054822
229,0.03893921,0.5446295,0.2074142,0.2090171
230,0.03938116,0.5409284,0.208556,0.2111344
231,0.03965592,0.5390741,0.2089212,0.2123488
232,0.03981475,0.5381994,0.2090393,0.2129466
233,0.03989799,0.5378066,0.2091434,0.2131521
234,0.03993415,0.5376276,0.2093165,0.2131217
235,0.03994239,0.537529,0.2095703,0.2129583
236,0.03993507,0.5374513,0.2098857,0.2127279
237,0.03992013,0.5373741,0.2102333,0.2124725
238,0.0399026,0.5372956,0.2105826,0.2122192
239,0.0398857,0.5372219,0.2109066,0.2119858
240,0.03987148,0.5371617,0.2111829,0.2117838
241,0.03827935,0.5503618,0.2082374,0.2031215
242,0.03729473,0.5557348,0.2091637,0.1978068
243,0.03674734,0.5575412,0.2107206,0.1949909
244,0.03644555,0.5578552,0.2121563,0.1935429
245,0.03628563,0.5576259,0.2132178,0.1928706
246,0.03620631,0.5572725,0.2138921,0.1926289
247,0.03617128,0.5569586,0.2142544,0.1926156
248,0.03615926,0.5567297,0.2143979,0.1927131
249,0.03615809,0.5565816,0.2144053,0.1928552
250,0.0361614,0.5564944,0.2143359,0.1930084
251,0.0361659,0.556447,0.2142309,0.1931563
252,0.03617003,0.5564219,0.2141162,0.1932918
253,0.035679,0.5626995,0.2104782,0.1911434
254,0.03539535,0.565896,0.2085888,0.1901199
255,0.03520482,0.5675183,0.2077953,0.1894816
256,0.03508529,0.5682728,0.2074857,0.1891562
257,0.03501153,0.5685716,0.2073937,0.1890232
258,0.03496564,0.5686395,0.207399,0.188996
259,0.034936,0.5685934,0.2074503,0.1890204
260,0.03491534,0.5684925,0.2075282,0.1890639
261,0.03489934,0.5683652,0.2076265,0.1891089
262,0.03488548,0.5682247,0.2077437,0.1891461
263,0.03487238,0.5680768,0.2078793,0.1891716
264,0.03485934,0.567924,0.2080323,0.1891845
265,0.03815434,0.5347436,0.2206385,0.2064637
266,0.04053209,0.515995,0.2251339,0.2183389
267,0.04215537,0.5060394,0.2258226,0.2259827
268,0.04318202,0.50125,0.2251925,0.2303755
269,0.0437867,0.4992612,0.2243893,0.2325628
270,0.04411872,0.4986556,0.2238205,0.2334052
271,0.04429054,0.4986604,0.2235176,0.2335316
272,0.0443802,0.4989006,0.2233525,0.2333667
273,0.04443814,0.4992244,0.2231605,0.233177
274,0.04449365,0.4995891,0.2228087,0.2331086
275,0.04456157,0.4999952,0.2222171,0.2332261
276,0.04464649,0.5004533,0.2213647,0.2335356
277,0.04583968,0.4920592,0.2222664,0.2398348
278,0.04674292,0.4880004,0.2206384,0.2446183
279,0.04736538,0.4864207,0.2183747,0.2478391
280,0.04778556,0.4861829,0.2160809,0.2499506
281,0.04806583,0.486601,0.2140301,0.251303
282,0.04825262,0.4872844,0.2123102,0.2521527
283,0.04837857,0.4880258,0.2109183,0.2526773
284,0.04846548,0.4887259,0.2098149,0.2529936
285,0.04852739,0.4893456,0.2089513,0.2531757
286,0.04857316,0.4898765,0.2082806,0.2532698
287,0.04860825,0.4903249,0.2077626,0.2533043
288,0.04863598,0.4907021,0.2073655,0.2532964
289,0.04424679,0.529127,0.1959426,0.2306836
290,0.04174938,0.5455748,0.1944595,0.2182163
291,0.04036885,0.5521346,0.1958482,0.2116484
292,0.03959924,0.5542957,0.1978822,0.2082228
293,0.03917144,0.5545834,0.1997507,0.2064944
294,0.03893563,0.5541633,0.2012265,0.2056746
295,0.0388065,0.5535528,0.2023151,0.2053256
296,0.03873511,0.5529597,0.2031003,0.2052049
297,0.0386936,0.5524494,0.2036769,0.2051802
298,0.03866649,0.5520259,0.2041249,0.2051827
299,0.03864538,0.551672,0.2045045,0.2051781
300,0.0386258,0.5513663,0.2048571,0.2051508
301,0.03506302,0.583181,0.1951948,0.1865612
302,0.03313507,0.5946972,0.1953209,0.1768469
303,0.03208869,0.598152,0.1978643,0.171895
304,0.0315087,0.5983847,0.2007036,0.169403
305,0.0311836,0.5974644,0.203137,0.1682151
306,0.03099864,0.5962598,0.2050283,0.1677132
307,0.03088989,0.5951027,0.2064477,0.1675597
308,0.03082166,0.5940899,0.2075173,0.1675712
309,0.03077427,0.5932238,0.2083518,0.1676502
310,0.03073687,0.5924754,0.2090423,0.1677454
311,0.03070391,0.5918119,0.2096509,0.1678333
312,0.03067269,0.5912062,0.2102163,0.1679049
313,0.03534894,0.5439796,0.2274094,0.1932621
314,0.03908292,0.5158351,0.2320998,0.2129822
315,0.04178047,0.5003151,0.2313697,0.2265348
316,0.04357782,0.4927038,0.2287763,0.2349421
317,0.04468212,0.4896061,0.2261714,0.2395404
318,0.04530511,0.4888091,0.2242741,0.2416117
319,0.04562428,0.4890178,0.2231712,0.2421868
320,0.04577115,0.4895679,0.2226542,0.2420066
321,0.04583568,0.4901801,0.2224188,0.2415655
322,0.04587344,0.4907784,0.2221911,0.2411571
323,0.04591593,0.4913732,0.2217731,0.2409378
324,0.04597778,0.4919963,0.2210588,0.2409673
325,0.04560986,0.4969942,0.2184234,0.2389725
326,0.04542531,0.5000201,0.2164602,0.2380943
327,0.04535178,0.5019993,0.214798,0.237851
328,0.04534829,0.5033984,0.21326,0.2379934
329,0.04538288,0.5044704,0.2118221,0.2383246
330,0.04543433,0.5053433,0.2105073,0.238715
331,0.04548993,0.5060782,0.2093429,0.2390889
332,0.0455427,0.5067042,0.2083458,0.2394073
333,0.0455893,0.5072368,0.2075196,0.2396543
334,0.04562922,0.5076857,0.2068525,0.2398326
335,0.04566279,0.5080607,0.2063267,0.2399498
336,0.04569072,0.5083715,0.2059227,0.240015
337,0.04606223,0.5055077,0.2066125,0.2418176
338,0.04631326,0.5040749,0.2066727,0.242939
339,0.04647637,0.5034276,0.2065173,0.2435787
340,0.04657876,0.5032004,0.2063279,0.2438929
341,0.04664049,0.5031809,0.2061847,0.2439939
342,0.04667543,0.5032509,0.2061169,0.2439568
343,0.04669273,0.5033479,0.2061295,0.2438298
344,0.04669836,0.5034419,0.2062167,0.2436431
345,0.04669615,0.5035193,0.2063688,0.2434157
346,0.04668834,0.5035762,0.2065773,0.2431581
347,0.04667646,0.5036125,0.2068334,0.2428777
348,0.04666168,0.5036297,0.2071282,0.2425804
349,0.03896314,0.5672442,0.1913757,0.202417
350,0.03520881,0.587255,0.1942419,0.1832943
351,0.03336853,0.592437,0.1997804,0.1744141
352,0.03241317,0.5924971,0.2049242,0.1701655
353,0.03190977,0.5909756,0.2088909,0.1682237
354,0.03164406,0.589211,0.2116945,0.1674504
355,0.03150271,0.5876533,0.2135926,0.1672513
356,0.03142447,0.5863944,0.2148691,0.1673121
357,0.03137647,0.5853962,0.2157579,0.1674695
358,0.03134136,0.5845879,0.2164293,0.1676415
359,0.03131042,0.5839025,0.2169963,0.1677906
360,0.03127951,0.5832897,0.2175286,0.1679023
361,0.03529324,0.5442437,0.2308625,0.1896006
362,0.03843123,0.5221483,0.2331257,0.2062947
363,0.04061145,0.5107002,0.2313371,0.2173513
364,0.04201188,0.5055881,0.228417,0.2239831
365,0.04284012,0.5038657,0.2258151,0.227479
366,0.04328523,0.503722,0.2240358,0.228957
367,0.04349506,0.504162,0.2230798,0.2292632
368,0.04357374,0.5047148,0.222733,0.2289784
369,0.04358972,0.5052093,0.2227253,0.2284757
370,0.04358632,0.5056244,0.2228015,0.2279879
371,0.04358915,0.5059996,0.2227619,0.2276493
372,0.04361163,0.506387,0.2224754,0.227526
373,0.04421847,0.5016585,0.2236476,0.2304754
374,0.04466033,0.4994922,0.2232479,0.2325997
375,0.04498449,0.4987579,0.2220932,0.2341644
376,0.04522911,0.498821,0.2205795,0.2353704
377,0.04542033,0.4993031,0.2189311,0.2363455
378,0.04557437,0.499983,0.2172833,0.2371593
379,0.04570086,0.5007322,0.215721,0.2378459
380,0.0458056,0.5014765,0.2142961,0.2384218
381,0.04589243,0.5021749,0.2130362,0.2388965
382,0.04596398,0.5028062,0.2119533,0.2392765
383,0.04602259,0.5033619,0.2110449,0.2395706
384,0.04607037,0.5038412,0.2102992,0.2397892
385,0.04622437,0.503423,0.2097749,0.2405778
386,0.04633648,0.5033718,0.209172,0.2411198
387,0.04641129,0.5035012,0.2086527,0.2414349
388,0.04646056,0.5036988,0.2082458,0.2415949
389,0.04649229,0.5039065,0.2079534,0.2416479
390,0.0465117,0.504097,0.2077667,0.2416246
391,0.046522,0.5042596,0.2076749,0.2415435
392,0.04652504,0.5043918,0.2076686,0.2414146
393,0.04652185,0.5044938,0.2077412,0.2412431
394,0.0465133,0.5045677,0.207885,0.2410339
395,0.04649998,0.5046158,0.2080938,0.2407903
396,0.04648234,0.5046407,0.2083619,0.2405151
397,0.04774539,0.4951987,0.2098913,0.2471647
398,0.04865346,0.4903823,0.20909,0.2518743
399,0.04921373,0.4882756,0.2079381,0.2545726
400,0.04954176,0.4875984,0.2068871,0.2559727
401,0.04971968,0.4876058,0.2061157,0.256559
402,0.04980498,0.4878882,0.2056465,0.2566604
403,0.04983636,0.4882392,0.2054312,0.2564932
404,0.04983885,0.4885682,0.2053982,0.2561948
405,0.04982809,0.4888467,0.2054751,0.2558501
406,0.0498134,0.4890761,0.205602,0.2555085
407,0.04980015,0.4892697,0.2057322,0.2551979
408,0.04979122,0.4894429,0.2058325,0.2549334
409,0.04399817,0.5377129,0.1929152,0.2253737
410,0.04086602,0.5566943,0.1925663,0.2098734
411,0.03921841,0.5635328,0.1950971,0.2021516
412,0.03833281,0.5653926,0.1979534,0.1983213
413,0.03785827,0.5653045,0.2003151,0.1965221
414,0.03760754,0.5645806,0.2020361,0.1957758
415,0.03747693,0.5637605,0.2032104,0.1955522
416,0.03740855,0.563035,0.2039926,0.1955639
417,0.03737026,0.562445,0.204526,0.1956588
418,0.03734469,0.5619741,0.2049215,0.1957597
419,0.03732267,0.5615901,0.2052566,0.1958306
420,0.03729966,0.5612628,0.2055808,0.1958566
421,0.03754454,0.5582654,0.2070046,0.1971855
422,0.03768253,0.5566633,0.2077556,0.1978985
423,0.03775363,0.5557759,0.2082253,0.1982451
424,0.03777811,0.5552564,0.20863,0.1983355
425,0.03777284,0.554913,0.2090495,0.1982647
426,0.03774991,0.5546482,0.2095011,0.1981009
427,0.03771766,0.5544176,0.2099729,0.1978918
428,0.03768195,0.5542051,0.2104412,0.1976717
429,0.03764699,0.5540087,0.2108784,0.1974659
430,0.03761595,0.5538325,0.2112568,0.1972948
431,0.03759115,0.5536826,0.2115526,0.1971736
432,0.03757415,0.5535651,0.2117478,0.1971131
433,0.04088024,0.521548,0.2236965,0.2138753
434,0.04325264,0.5033413,0.2280948,0.2253114
435,0.04488726,0.4935552,0.2287646,0.232793
436,0.04593438,0.4887789,0.2280794,0.2372074
437,0.04657336,0.4867725,0.2270576,0.2395965
438,0.04695638,0.4861885,0.2260432,0.2408119
439,0.04719661,0.4862854,0.225052,0.241466
440,0.04737043,0.4866943,0.2239776,0.2419577
441,0.04752371,0.4872532,0.2227097,0.2425133
442,0.0476773,0.4879003,0.2212073,0.2432151
443,0.04783596,0.4886093,0.2195009,0.244054
444,0.04799497,0.4893592,0.2176789,0.244967
445,0.04812585,0.4884357,0.2181027,0.2453358
446,0.04817237,0.4879163,0.218706,0.2452053
447,0.04822207,0.4875567,0.2190463,0.2451748
448,0.0482696,0.4873212,0.219222,0.2451872
449,0.04831515,0.487175,0.2192802,0.2452296
450,0.04835889,0.4870938,0.2192541,0.2452931
451,0.04840075,0.4870597,0.2191695,0.2453701
452,0.04844041,0.4870596,0.2190475,0.2454524
453,0.04847743,0.4870834,0.2189061,0.245533
454,0.04851176,0.4871233,0.2187567,0.2456083
455,0.04854335,0.4871731,0.218608,0.2456756
456,0.04857218,0.4872286,0.2184663,0.2457328
457,0.04822639,0.4935881,0.2134891,0.2446965
458,0.04816221,0.4977254,0.2087885,0.2453239
459,0.04809158,0.5006131,0.2056632,0.2456321
460,0.04802147,0.5026194,0.203638,0.2457211
461,0.04795831,0.5039796,0.2023779,0.2456843
462,0.04790448,0.5048727,0.2016435,0.2455793
463,0.04785907,0.5054367,0.2012714,0.2454329
464,0.04781954,0.5057737,0.2011537,0.2452531
465,0.04778299,0.5059562,0.2012216,0.2450391
466,0.04774679,0.506034,0.2014319,0.2447872
467,0.04770885,0.5060404,0.2017579,0.2444928
468,0.04766713,0.5059943,0.202189,0.2441495
469,0.04159425,0.5555638,0.1897623,0.2130796
470,0.03839541,0.5733957,0.1910699,0.197139
471,0.03673266,0.5788947,0.1951105,0.1892621
472,0.03583467,0.5796381,0.1992271,0.1853001
473,0.03534246,0.5786889,0.2026148,0.1833538
474,0.0350698,0.5773116,0.2051653,0.1824532
475,0.03491515,0.5759903,0.2070144,0.1820801
476,0.03482237,0.5748693,0.2083529,0.1819554
477,0.03476061,0.5739563,0.2093514,0.1819317
478,0.0347133,0.5732108,0.2101414,0.1819346
479,0.03467208,0.5725867,0.2108102,0.1819311
480,0.03463316,0.5720458,0.2114107,0.1819103
481,0.03872324,0.5347423,0.2229449,0.2035896
482,0.04190948,0.5133998,0.2244775,0.2202133
483,0.0441196,0.5022364,0.2224303,0.2312138
484,0.04554996,0.4972069,0.2193426,0.2379005
485,0.04640709,0.4955464,0.2165229,0.2415237
486,0.04687724,0.4955198,0.2144443,0.2431586
487,0.04710658,0.4961402,0.2131323,0.2436209
488,0.04719923,0.4969107,0.2124137,0.2434762
489,0.04722479,0.4976251,0.212056,0.2430941
490,0.04722626,0.4982306,0.2118476,0.2426954
491,0.04722901,0.4987418,0.2116232,0.242406
492,0.04724633,0.4991949,0.2112729,0.2422858
493,0.04374451,0.5299085,0.2018879,0.2244591
494,0.04174039,0.5433787,0.200245,0.214636
495,0.0406477,0.5490021,0.2007233,0.209627
496,0.040066,0.5510845,0.2015985,0.207251
497,0.03977128,0.5516331,0.2022976,0.2062981
498,0.03963448,0.5515769,0.2027091,0.2060795
499,0.03958103,0.5513294,0.202883,0.2062066
500,0.03956838,0.5510587,0.202907,0.206466
501,0.03957295,0.5508201,0.2028599,0.206747
502,0.03958238,0.5506217,0.2027987,0.2069974
503,0.03959046,0.5504538,0.2027599,0.2071958
504,0.03959438,0.5503043,0.2027649,0.2073364
505,0.04284886,0.5211897,0.2117543,0.2242071
506,0.04525649,0.5047325,0.2136654,0.2363456
507,0.04689864,0.4960675,0.2128008,0.244233
508,0.04794803,0.4920347,0.2110895,0.2489278
509,0.04857251,0.4905471,0.2094749,0.2514055
510,0.04891271,0.4903182,0.2083157,0.2524534
511,0.0490747,0.4906158,0.2076616,0.2526478
512,0.04913295,0.4910625,0.2074215,0.2523832
513,0.0491372,0.4914905,0.2074548,0.2519175
514,0.04911881,0.4918472,0.2076248,0.2514091
515,0.0490973,0.4921339,0.2078137,0.2509551
516,0.04908415,0.4923737,0.2079313,0.2506109
517,0.04419668,0.5334894,0.1965858,0.2257281
518,0.04148841,0.5503365,0.1957998,0.2123753
519,0.04004742,0.5567328,0.1975439,0.2056759
520,0.03927992,0.5586964,0.1995962,0.2024275
521,0.03888183,0.5588681,0.2012388,0.2010113
522,0.03868524,0.5584186,0.202353,0.2005433
523,0.03859548,0.557841,0.2030285,0.2005349
524,0.03855928,0.5573168,0.2034041,0.2007198
525,0.03854717,0.5568902,0.2036053,0.2009574
526,0.03854349,0.5565509,0.2037267,0.2011789
527,0.03854031,0.5562736,0.2038323,0.2013538
528,0.03853383,0.556033,0.2039618,0.2014714
529,0.04077108,0.5355251,0.2106293,0.2130745
530,0.04234372,0.5245752,0.212086,0.2209951
531,0.04336346,0.5191526,0.2116146,0.2258694
532,0.04398018,0.5168024,0.2106368,0.2285806
533,0.04432205,0.5160154,0.2098051,0.2298574
534,0.04448727,0.5159284,0.2093417,0.2302426
535,0.04454535,0.5160888,0.2092541,0.2301117
536,0.04454303,0.5162868,0.2094573,0.2297128
537,0.04451093,0.5164452,0.2098371,0.2292069
538,0.0444686,0.5165526,0.2102827,0.2286961
539,0.0444286,0.5166264,0.2106982,0.2282468
540,0.04439882,0.5166916,0.2110084,0.2279012
541,0.04682667,0.4960811,0.216949,0.2401432
542,0.04861325,0.484662,0.217779,0.2489458
543,0.04981766,0.4788322,0.2167471,0.254603
544,0.05060443,0.476256,0.2150379,0.2581016
545,0.05110773,0.475462,0.2132294,0.2602009
546,0.05143159,0.4755676,0.2115323,0.2614684
547,0.05164884,0.4760775,0.2099878,0.2622858
548,0.05180584,0.4767331,0.2085789,0.2628822
549,0.05192937,0.4774096,0.2072837,0.2633772
550,0.05203361,0.4780514,0.2060911,0.2638239
551,0.05212516,0.4786362,0.2050021,0.2642366
552,0.05220662,0.479157,0.2040239,0.2646124
553,0.05174612,0.4836876,0.2023709,0.2621954
554,0.05144391,0.4861385,0.2018065,0.2606111
555,0.05127359,0.487395,0.2015963,0.2597351
556,0.05118507,0.4880092,0.2015271,0.2592786
557,0.05114526,0.4882925,0.201504,0.2590582
558,0.05113239,0.4884156,0.2014952,0.2589567
559,0.05113261,0.4884683,0.2014969,0.2589022
560,0.05113747,0.4884942,0.2015157,0.2588527
561,0.05114207,0.4885125,0.2015607,0.2587848
562,0.05114375,0.4885301,0.2016389,0.2586873
563,0.05114124,0.4885482,0.201755,0.2585555
564,0.05113403,0.488566,0.2019113,0.2583887
565,0.04813401,0.5132475,0.1953079,0.2433105
566,0.04629735,0.5247102,0.194668,0.2343244
567,0.0452268,0.5296106,0.1958695,0.229293
568,0.04460765,0.5313704,0.1974901,0.2265319
569,0.04425256,0.5317081,0.1989861,0.2250533
570,0.04404936,0.5314695,0.2002044,0.2242767
571,0.04393107,0.5310519,0.2011533,0.2238637
572,0.04385814,0.5306255,0.2018951,0.2236212
573,0.0438077,0.5302506,0.2024991,0.2234426
574,0.04376702,0.5299376,0.2030228,0.2232725
575,0.04372931,0.5296782,0.2035074,0.2230851
576,0.04369135,0.5294591,0.2039784,0.2228713
577,0.04333466,0.5321101,0.2034939,0.2210614
578,0.04309672,0.5333906,0.2036201,0.2198926
579,0.04293183,0.5339592,0.2040209,0.219088
580,0.04281742,0.5341575,0.2044909,0.2185342
581,0.0427358,0.53418,0.2049446,0.2181396
582,0.0426756,0.5341299,0.205347,0.2178476
583,0.04263002,0.5340589,0.2056846,0.2176265
584,0.0425952,0.5339918,0.2059528,0.2174602
585,0.0425691,0.5339397,0.2061496,0.2173418
586,0.0425508,0.5339066,0.206273,0.2172697
587,0.04253979,0.5338943,0.2063223,0.2172436
588,0.04253558,0.5339028,0.206299,0.2172626
589,0.04277448,0.5321046,0.206554,0.2185669
590,0.04294119,0.5313153,0.2062472,0.2194963
591,0.04304656,0.5310612,0.2058026,0.2200897
592,0.04311589,0.5310634,0.205325,0.2204957
593,0.04316325,0.5311763,0.2048696,0.2207908
594,0.04319749,0.5313241,0.2044574,0.221021
595,0.04322387,0.5314696,0.2040942,0.2212122
596,0.04324534,0.5315964,0.2037805,0.2213777
597,0.04326343,0.5316981,0.2035151,0.2215233
598,0.04327886,0.5317735,0.2032966,0.221651
599,0.04329191,0.5318238,0.2031235,0.2217608
600,0.04330262,0.5318511,0.2029943,0.221852
601,0.0415825,0.5466315,0.1986103,0.2131757
602,0.04053923,0.5531009,0.1982867,0.2080731
603,0.03993719,0.5556043,0.1991679,0.2052905
604,0.0395954,0.5562646,0.2003011,0.2038388
605,0.03940539,0.5561337,0.2013245,0.2031363
606,0.03930152,0.5557163,0.202145,0.2028372
607,0.03924452,0.5552382,0.202778,0.2027393
608,0.03921133,0.5547882,0.2032729,0.2027276
609,0.03918879,0.5543912,0.2036812,0.2027389
610,0.0391697,0.5540451,0.2040439,0.2027413
611,0.03915036,0.5537397,0.2043898,0.2027201
612,0.0391291,0.5534634,0.2047368,0.2026707
613,0.04097588,0.5363393,0.2106102,0.2120747
614,0.0422415,0.5273116,0.2121521,0.2182948
615,0.04304676,0.522875,0.2120466,0.2220317
616,0.04352254,0.5209513,0.21149,0.2240362
617,0.04378009,0.5202885,0.2109994,0.2249321
618,0.04390331,0.5201877,0.2107297,0.2251793
619,0.04395088,0.5202934,0.2106624,0.2250934
620,0.04396174,0.5204479,0.21071,0.2248803
621,0.04396065,0.5205983,0.2107717,0.2246693
622,0.04396184,0.5207415,0.2107649,0.2245317
623,0.04397277,0.5208916,0.2106331,0.2245026
624,0.0439962,0.5210645,0.2103489,0.2245904
625,0.0438336,0.5228161,0.2095985,0.2237518
626,0.04374607,0.5237805,0.2091256,0.2233479
627,0.0437203,0.5243425,0.2086256,0.2233115
628,0.04373034,0.5247183,0.2080694,0.2234819
629,0.04376035,0.5250081,0.2074688,0.2237628
630,0.04379962,0.525254,0.2068586,0.2240878
631,0.04384119,0.5254688,0.2062765,0.2244135
632,0.04388095,0.5256531,0.205752,0.224714
633,0.04391663,0.525804,0.2053039,0.2249755
634,0.04394667,0.5259199,0.2049452,0.2251883
635,0.04397039,0.5260002,0.2046805,0.2253489
636,0.04398768,0.5260468,0.2045079,0.2254576
637,0.04663251,0.5036978,0.2107867,0.238883
638,0.04856157,0.4911794,0.21185,0.248409
639,0.04985497,0.4846413,0.2110274,0.2544765
640,0.05067266,0.4816136,0.2096788,0.2580349
641,0.05115666,0.4805029,0.208451,0.2598895
642,0.05142098,0.4803404,0.2075732,0.2606654
643,0.05154943,0.4805794,0.2070613,0.2608098
644,0.05159955,0.480939,0.2068404,0.260621
645,0.05160876,0.4812938,0.2068102,0.2602873
646,0.0516009,0.4816016,0.2068715,0.2599259
647,0.05159026,0.4818613,0.2069433,0.2596052
648,0.05158495,0.4820881,0.2069654,0.2593616
649,0.04759958,0.5146641,0.1984361,0.2393003
650,0.04525794,0.5290888,0.1978066,0.2278467
651,0.04397168,0.535001,0.1991324,0.221895
652,0.04327274,0.537091,0.2007103,0.2189261
653,0.04290639,0.5375397,0.2019624,0.2175917
654,0.04272587,0.5373601,0.2027897,0.2171244
655,0.04264588,0.5370001,0.2032674,0.2170866
656,0.04261712,0.5366373,0.2035127,0.2172329
657,0.0426116,0.5363262,0.2036322,0.21743
658,0.04261379,0.5360702,0.2037073,0.2176088
659,0.04261553,0.5358549,0.2037925,0.217737
660,0.04261274,0.535664,0.2039211,0.2178023
661,0.04340255,0.5292137,0.205412,0.2219718
662,0.04393421,0.5260392,0.2052878,0.2247387
663,0.04424572,0.5246445,0.2048441,0.2262656
664,0.04441399,0.5241387,0.2044396,0.2270076
665,0.04448997,0.5240325,0.2042252,0.2272523
666,0.04450826,0.5240699,0.204231,0.2271909
667,0.04449182,0.5241288,0.2044313,0.2269481
668,0.04445556,0.5241599,0.2047798,0.2266047
669,0.04440928,0.5241513,0.2052253,0.2262141
670,0.04435975,0.5241082,0.2057174,0.2258146
671,0.04431185,0.5240433,0.2062098,0.2254352
672,0.04426923,0.5239711,0.2066608,0.2250989
673,0.04297526,0.5342179,0.2043917,0.2184151
674,0.04215843,0.5387678,0.2048073,0.2142664
675,0.04169384,0.5405359,0.2057354,0.2120349
676,0.04143748,0.5410526,0.2066012,0.2109087
677,0.04130794,0.5410639,0.2071809,0.2104473
678,0.04125386,0.5409234,0.2074478,0.2103749
679,0.04124313,0.5407815,0.2074554,0.2105201
680,0.04125602,0.5406877,0.2072786,0.2107777
681,0.04128067,0.5406456,0.2069893,0.2110845
682,0.04130949,0.5406408,0.2066509,0.2113989
683,0.04133804,0.5406546,0.2063112,0.2116962
684,0.04136373,0.5406705,0.2060038,0.211962
685,0.04219453,0.5334837,0.2080756,0.2162461
686,0.042751,0.5298564,0.2083468,0.2190457
687,0.04310251,0.5281494,0.2079991,0.2207489
688,0.04331289,0.527448,0.2075281,0.2217109
689,0.04343108,0.5272287,0.2071411,0.2221993
690,0.04349145,0.5272102,0.2068997,0.2223986
691,0.04351692,0.5272537,0.2067998,0.2224295
692,0.0435221,0.5272981,0.2068125,0.2223673
693,0.04351596,0.5273224,0.2069046,0.2222571
694,0.04350433,0.5273241,0.2070431,0.2221284
695,0.0434908,0.5273092,0.2072006,0.2219993
696,0.04347761,0.5272855,0.2073557,0.2218812
697,0.03706049,0.5828046,0.1905188,0.1896161
698,0.03392301,0.6012052,0.1904258,0.174446
699,0.03233407,0.6065318,0.1938696,0.1672645
700,0.03150054,0.6070012,0.1975989,0.1638993
701,0.03106112,0.6058252,0.2006472,0.1624664
702,0.03083087,0.6042801,0.2028787,0.1620104
703,0.03071041,0.6028299,0.2044331,0.1620266
704,0.03064532,0.6016002,0.2055088,0.1622457
705,0.03060587,0.6005841,0.2062838,0.1625262
706,0.03057605,0.5997338,0.2068942,0.1627959
707,0.03054745,0.5989975,0.2074352,0.1630199
708,0.0305158,0.5983322,0.2079696,0.1631825
709,0.03330916,0.5701857,0.2183506,0.1781546
710,0.03530876,0.5554245,0.2206442,0.1886226
711,0.03660075,0.5484179,0.2199279,0.1950535
712,0.03735967,0.5456049,0.2185164,0.198519
713,0.03774991,0.5447879,0.2174782,0.199984
714,0.03790314,0.5447283,0.2171715,0.2001972
715,0.03789937,0.5447092,0.2178307,0.1995607
716,0.03763798,0.5434819,0.22178,0.1971001
717,0.03772092,0.5434624,0.2213819,0.1974348
718,0.03761628,0.5434927,0.2223859,0.1965052
719,0.03728255,0.5428883,0.2258386,0.1939905
720,0.03770929,0.5428058,0.2225976,0.1968873
721,0.03825489,0.539345,0.222513,0.1998872
722,0.03867316,0.5381814,0.2208515,0.202294
723,0.0389831,0.5382314,0.2186198,0.2041658
724,0.03921885,0.5389026,0.2161995,0.2056791
725,0.03940808,0.5398548,0.2137567,0.2069804
726,0.03955906,0.5408929,0.2114609,0.2080871
727,0.03967652,0.5418878,0.2094389,0.2089968
728,0.03976571,0.54275,0.2077674,0.2097168
729,0.03983268,0.5434248,0.206475,0.2102674
730,0.03988331,0.5438908,0.2055499,0.210676
731,0.03992153,0.5441582,0.2049557,0.2109645
732,0.03994938,0.5442594,0.2046428,0.2111485
733,0.03991791,0.5448582,0.2042046,0.2110193
734,0.03989583,0.5451313,0.2040585,0.2109144
735,0.0398738,0.5452071,0.2041479,0.2107712
736,0.03985106,0.5451615,0.2043923,0.2105952
737,0.03982574,0.5450457,0.2047472,0.2103814
738,0.0397965,0.5448908,0.2051863,0.2101264
739,0.03976258,0.5447153,0.2056929,0.2098292
740,0.03972394,0.5445297,0.2062535,0.2094929
741,0.03968106,0.5443404,0.2068556,0.209123
742,0.03963476,0.5441514,0.2074867,0.2087271
743,0.03958632,0.5439661,0.2081319,0.2083157
744,0.03953735,0.5437877,0.2087737,0.2079013
745,0.04140337,0.5261136,0.215147,0.2173361
746,0.04268198,0.5167242,0.2170927,0.2235012
747,0.04349885,0.5120698,0.2172746,0.2271567
748,0.04398607,0.5100336,0.2169058,0.2290746
749,0.04426093,0.5093341,0.2164758,0.2299292
750,0.04441294,0.5092609,0.2161014,0.2302248
751,0.04450432,0.5094602,0.2157302,0.2303053
752,0.04457404,0.5097818,0.2152641,0.2303801
753,0.04464307,0.5101772,0.2146255,0.2305543
754,0.04472062,0.510639,0.2137747,0.2308657
755,0.04480754,0.511169,0.2127205,0.231303
756,0.04490007,0.5117627,0.2115103,0.2318269
757,0.03924482,0.5626592,0.1949292,0.2031668
758,0.03633044,0.581681,0.1930122,0.1889763
759,0.03481539,0.5883751,0.1947262,0.1820834
760,0.03400877,0.5900964,0.1971024,0.1787924
761,0.03358045,0.5898781,0.1991887,0.1773527
762,0.03335826,0.5889941,0.2007841,0.1768634
763,0.03324787,0.5879602,0.2019505,0.1768414
764,0.03319586,0.5869681,0.2028138,0.1770222
765,0.03317145,0.5860757,0.203492,0.1772608
766,0.03315682,0.5852874,0.2040779,0.1774779
767,0.03314195,0.584587,0.2046379,0.1776332
768,0.0331214,0.5839528,0.2052188,0.177707
769,0.03467108,0.5681304,0.211232,0.1859664
770,0.03569219,0.5601321,0.2129627,0.191213
771,0.03630652,0.5563486,0.2131868,0.1941581
772,0.03663243,0.5547138,0.213158,0.1954957
773,0.03676514,0.5540412,0.2134217,0.195772
774,0.03677404,0.553697,0.2141522,0.1953767
775,0.03670553,0.5533562,0.2153764,0.1945618
776,0.03652104,0.5524548,0.2181026,0.1929215
777,0.03645934,0.55191,0.2193256,0.192305
778,0.03615126,0.5501226,0.2239491,0.1897771
779,0.03605871,0.5494531,0.2254943,0.1889939
780,0.03583663,0.5485055,0.2283473,0.1873105
781,0.03399744,0.5705307,0.2168036,0.1786683
782,0.03278723,0.5801061,0.2141712,0.1729356
783,0.03218526,0.5841897,0.2130544,0.1705707
784,0.03187973,0.5859984,0.2123705,0.1697514
785,0.03173887,0.5868722,0.2116285,0.1697605
786,0.03168856,0.5873852,0.2107291,0.1701972
787,0.03168299,0.5877523,0.2097571,0.1708076
788,0.03169632,0.5880188,0.2088382,0.1714467
789,0.0317162,0.588163,0.2080753,0.1720456
790,0.03173726,0.5881543,0.2075329,0.1725756
791,0.03175689,0.5879861,0.207231,0.1730261
792,0.03177237,0.5876827,0.2071566,0.1733883
793,0.03172186,0.587928,0.2069981,0.173352
794,0.03168562,0.5877453,0.2072263,0.1733428
795,0.03165333,0.5873619,0.2076743,0.1733104
796,0.0316192,0.5868852,0.2082667,0.1732288
797,0.03157956,0.5863683,0.20897,0.1730821
798,0.03153248,0.5858344,0.2097703,0.1728628
799,0.03147707,0.5852917,0.2106627,0.1725685
800,0.03141326,0.5847409,0.2116441,0.1722018
801,0.03134188,0.5841795,0.2127081,0.1717704
802,0.03126429,0.5836016,0.2138487,0.1712855
803,0.03117877,0.5829694,0.2151228,0.170729
804,0.03092478,0.58101,0.219331,0.1687342
805,0.03310573,0.5590318,0.2272764,0.180586
806,0.03452761,0.5477784,0.2298531,0.187841
807,0.0351162,0.5417846,0.2333164,0.1897828
808,0.03590779,0.5394195,0.2307471,0.1939257
809,0.03590944,0.5383173,0.2329828,0.1927903
810,0.03647413,0.5384264,0.2289885,0.1961109
811,0.03636913,0.538935,0.2298426,0.1948532
812,0.03695082,0.5399852,0.2242689,0.1987951
813,0.0371354,0.5417009,0.2211238,0.2000399
814,0.03728736,0.5433277,0.2182469,0.2011381
815,0.03741479,0.5448352,0.2156351,0.202115
816,0.03752074,0.5462057,0.2133058,0.2029678
817,0.03742623,0.5490439,0.210819,0.2027109
818,0.03737522,0.5508327,0.2091299,0.2026622
819,0.03735245,0.5519976,0.2079195,0.2027304
820,0.03734472,0.5527604,0.2070618,0.2028331
821,0.03734488,0.5532407,0.2064856,0.2029288
822,0.03734884,0.5535077,0.2061473,0.2029962
823,0.03735384,0.5536083,0.2060149,0.203023
824,0.03735763,0.5535815,0.20606,0.2030009
825,0.03735798,0.5534625,0.2062571,0.2029223
826,0.03735288,0.5532819,0.2065843,0.2027809
827,0.03734074,0.5530634,0.2070236,0.2025723
828,0.03732073,0.5528237,0.2075592,0.2022963
829,0.03444581,0.5791393,0.1996139,0.186801
830,0.03284338,0.5889889,0.1997845,0.1783833
831,0.03195265,0.5920578,0.2020918,0.1738976
832,0.03145047,0.5923524,0.204685,0.1715121
833,0.03116438,0.5916381,0.2069346,0.1702628
834,0.03099786,0.5906706,0.2087136,0.169618
835,0.03089622,0.5897428,0.2100791,0.1692817
836,0.03082875,0.5889428,0.211136,0.1690924
837,0.03077857,0.5882746,0.2119815,0.1689653
838,0.03073685,0.5877154,0.2126885,0.1688592
839,0.03069945,0.5872388,0.2133033,0.1687585
840,0.03066492,0.5868241,0.2138493,0.1686617
841,0.03198528,0.5727081,0.2194729,0.1758336
842,0.03285098,0.565833,0.2209409,0.1803751
843,0.0333862,0.5627745,0.2207967,0.1830427
844,0.03369503,0.5616278,0.220222,0.1844551
845,0.03386423,0.5613499,0.2196583,0.1851276
846,0.03395538,0.5614244,0.2191991,0.1854211
847,0.03400847,0.5616282,0.2187974,0.185566
848,0.03404717,0.5618836,0.2183745,0.1856947
849,0.03408362,0.5621738,0.2178725,0.1858701
850,0.03412293,0.562498,0.2172667,0.1861125
851,0.03416603,0.5628551,0.2165618,0.186417
852,0.03421209,0.5632385,0.2157806,0.1867688
853,0.03398028,0.5664122,0.2139442,0.1856634
854,0.03385352,0.5680491,0.212935,0.1851624
855,0.03379317,0.5689282,0.2122458,0.1850328
856,0.03377289,0.5694194,0.2116917,0.1851159
857,0.03377473,0.5697048,0.2112176,0.1853029
858,0.03378746,0.5698688,0.2108179,0.1855259
859,0.03380423,0.5699501,0.2105013,0.1857444
860,0.03382082,0.5699682,0.2102765,0.1859344
861,0.03383459,0.5699363,0.2101469,0.1860822
862,0.03384398,0.569865,0.21011,0.186181
863,0.03384807,0.5697643,0.2101595,0.1862282
864,0.03384639,0.5696422,0.2102878,0.1862236
865,0.03388941,0.5690234,0.2106432,0.186444
866,0.03390811,0.5686584,0.2109233,0.1865101
867,0.0339085,0.5684175,0.2112152,0.1864588
868,0.03389589,0.5682336,0.211547,0.1863235
869,0.0338741,0.5680733,0.2119241,0.1861284
870,0.03384599,0.5679212,0.212341,0.1858919
871,0.03381389,0.5677708,0.2127862,0.1856292
