EwEVersion,"6.5.13829.0 (compiled 2016-05-17)"
Date,"2016-09-06 18:44:29"
ModelName,Baltic_Proper-SEALS
EcosimScenario,Proper1_SealVuln100_19742100_seal0_cofF1
TimeSeries,new_data_weights_19742100_BAU_WAR1_codF1_seal0
StartYear,1974

Data,"Prey of microzooplankton"

TimeStep,"Cyanobacteria","Phytoplankton","Detritus-water column",
1,0.0008785255,0.5158164,0.483305
2,0.0008198718,0.5461308,0.4530492
3,0.0007911188,0.559675,0.4395338
4,0.0007766322,0.5654634,0.4337601
5,0.0007692976,0.567544,0.4316868
6,0.0007655741,0.5678974,0.431337
7,0.0007636457,0.5675094,0.431727
8,0.0007625802,0.5668615,0.4323759
9,0.0007619071,0.5661771,0.433061
10,0.0007613972,0.5655503,0.4336883
11,0.0007609448,0.5650129,0.4342261
12,0.0007605043,0.5645697,0.4346699
13,0.0007726948,0.5569893,0.442238
14,0.0007796324,0.5525924,0.446628
15,0.0007832795,0.5502692,0.4489475
16,0.0007850192,0.5491337,0.4500813
17,0.0007856891,0.5486611,0.4505533
18,0.0007857836,0.5485436,0.4506706
19,0.000785586,0.5486045,0.45061
20,0.0007852534,0.5487427,0.450472
21,0.0007848715,0.5488992,0.4503158
22,0.0007844871,0.5490368,0.4501787
23,0.0007841254,0.54913,0.4500859
24,0.0007838001,0.5491609,0.4500553
25,0.0007128019,0.5897602,0.4095269
26,0.0006786227,0.6086188,0.3907026
27,0.0006622651,0.6165195,0.3828183
28,0.0006541656,0.6195205,0.3798253
29,0.0006501476,0.6201602,0.3791896
30,0.0006481193,0.6197114,0.3796404
31,0.000647025,0.6188141,0.3805389
32,0.0006463414,0.6177795,0.3815741
33,0.0006458191,0.6167487,0.3826056
34,0.0006453432,0.6157827,0.3835718
35,0.0006448679,0.6149006,0.3844545
36,0.0006443789,0.6141027,0.3852529
37,0.0006596079,0.6041189,0.3952215
38,0.0006681603,0.598319,0.4010129
39,0.0006726587,0.5951244,0.404203
40,0.0006748311,0.593407,0.4059182
41,0.0006757188,0.5924978,0.4068265
42,0.0006759249,0.5920126,0.4073115
43,0.0006757871,0.5917385,0.4075857
44,0.0006754882,0.5915614,0.4077632
45,0.0006751236,0.591422,0.4079029
46,0.0006747453,0.591285,0.4080402
47,0.0006743786,0.5911317,0.408194
48,0.0006740356,0.5909511,0.4083749
49,0.0006902048,0.5809171,0.4183927
50,0.0006995351,0.5751518,0.4241487
51,0.0007046559,0.5720504,0.427245
52,0.0007073484,0.5704288,0.4288639
53,0.0007086945,0.5695849,0.4297064
54,0.0007093267,0.5691155,0.4301751
55,0.0007096,0.5688021,0.4304883
56,0.0007097046,0.5685337,0.4307567
57,0.0007097368,0.5682601,0.4310302
58,0.0007097392,0.5679686,0.4313217
59,0.0007097299,0.5676601,0.4316301
60,0.0007097147,0.5673423,0.431948
61,0.0007164613,0.5632625,0.436021
62,0.0007203277,0.5610325,0.4382472
63,0.0007226323,0.5596789,0.4395985
64,0.0007239576,0.5588757,0.4404004
65,0.0007247046,0.5583827,0.4408926
66,0.0007251186,0.5580565,0.4412184
67,0.0007253435,0.5578166,0.4414581
68,0.0007254618,0.5576205,0.4416541
69,0.0007255198,0.5574479,0.4418266
70,0.000725545,0.5572874,0.4419871
71,0.0007255507,0.5571351,0.4421394
72,0.0007255446,0.5569903,0.4422842
73,0.0006834583,0.5824491,0.4168674
74,0.0006619956,0.5949562,0.4043818
75,0.0006510922,0.600673,0.3986759
76,0.0006455063,0.6030594,0.3962951
77,0.0006426264,0.6038129,0.3955446
78,0.0006411021,0.6038029,0.395556
79,0.0006402352,0.6034724,0.3958874
80,0.0006396709,0.6030402,0.3963201
81,0.0006392344,0.6026087,0.3967521
82,0.0006388442,0.6022215,0.3971396
83,0.0006384642,0.6018935,0.397468
84,0.0006380806,0.6016265,0.3977354
85,0.0006383589,0.6006067,0.3987549
86,0.0006383623,0.5997743,0.3995873
87,0.0006379871,0.5993913,0.3999707
88,0.000637499,0.5992,0.4001625
89,0.0006369814,0.5991188,0.4002442
90,0.0006364624,0.5991138,0.4002497
91,0.0006359488,0.599169,0.4001951
92,0.0006354408,0.5992742,0.4000904
93,0.000634937,0.5994204,0.3999447
94,0.0006344387,0.5995958,0.3997697
95,0.0006339511,0.5997854,0.3995806
96,0.0006334829,0.5999701,0.3993964
97,0.0006227616,0.6064318,0.3929455
98,0.0006168393,0.6097195,0.3896638
99,0.0006135149,0.6112986,0.3880879
100,0.0006116547,0.6119035,0.3874849
101,0.0006106101,0.6119584,0.3874309
102,0.0006100218,0.6116985,0.3876915
103,0.0006096922,0.6112547,0.3881356
104,0.0006095131,0.6107025,0.3886879
105,0.000609424,0.6100881,0.3893025
106,0.0006093886,0.6094444,0.3899462
107,0.0006093818,0.6087967,0.3905939
108,0.0006093866,0.6081648,0.3912258
109,0.0006286779,0.5952079,0.4041634
110,0.0006399935,0.5875786,0.4117814
111,0.0006462695,0.5834679,0.4158858
112,0.0006496438,0.5813385,0.4180119
113,0.0006513968,0.5802957,0.419053
114,0.0006522773,0.5798237,0.419524
115,0.0006527056,0.579637,0.4197103
116,0.0006529087,0.5795842,0.4197629
117,0.0006530037,0.579589,0.419758
118,0.0006530486,0.5796158,0.4197312
119,0.000653072,0.5796481,0.4196989
120,0.0006530865,0.579679,0.419668
121,0.0006465263,0.5839973,0.4153562
122,0.000642908,0.5863689,0.4129882
123,0.0006410362,0.5874959,0.4118631
124,0.0006400722,0.5879971,0.4113629
125,0.000639583,0.5881769,0.4111835
126,0.0006393338,0.5881987,0.4111618
127,0.0006391992,0.5881489,0.4112118
128,0.0006391154,0.588071,0.4112898
129,0.0006390518,0.5879853,0.4113756
130,0.000638994,0.5879009,0.4114601
131,0.0006389362,0.587821,0.4115402
132,0.0006388758,0.5877467,0.4116144
133,0.0006936348,0.5539035,0.4454028
134,0.0007288627,0.5336701,0.4656011
135,0.0007507709,0.5221894,0.4770598
136,0.0007637936,0.5164051,0.4828311
137,0.000771332,0.5139413,0.4852873
138,0.0007756632,0.5132437,0.4859806
139,0.0007782071,0.5133716,0.4858502
140,0.0007798017,0.513792,0.4854282
141,0.000780919,0.514224,0.4849951
142,0.0007818191,0.5145273,0.4846909
143,0.0007826358,0.5146451,0.4845723
144,0.0007834333,0.5145659,0.4846506
145,0.0007134796,0.5573162,0.4419704
146,0.0006796735,0.5767962,0.4225241
147,0.0006628307,0.5853825,0.4139547
148,0.0006542469,0.588886,0.4104598
149,0.000649803,0.5900308,0.4093193
150,0.0006474481,0.5901346,0.409218
151,0.000646146,0.589825,0.4095289
152,0.0006453753,0.5893884,0.4099663
153,0.000644874,0.5889467,0.4104084
154,0.0006445107,0.5885469,0.4108086
155,0.0006442193,0.5882028,0.4111529
156,0.000643966,0.5879158,0.4114402
157,0.0007674717,0.5102121,0.4890205
158,0.0008618384,0.4529794,0.5461587
159,0.0009292632,0.4148309,0.5842398
160,0.0009752012,0.3913346,0.6076903
161,0.001005398,0.3780966,0.620898
162,0.001024707,0.3715591,0.6274162
163,0.001036843,0.3691057,0.6298574
164,0.001044451,0.3689415,0.6300141
165,0.001049305,0.3699113,0.6290394
166,0.001052532,0.3713154,0.627632
167,0.001054822,0.3727529,0.6261922
168,0.001056582,0.3740118,0.6249317
169,0.0009734679,0.4240737,0.5749528
170,0.0009275723,0.450286,0.5487865
171,0.0009042085,0.4613762,0.5377195
172,0.0008911829,0.4663131,0.5327957
173,0.0008836554,0.4685968,0.5305195
174,0.0008793158,0.4696119,0.5295088
175,0.0008768507,0.4700748,0.5290483
176,0.0008755011,0.470335,0.5287895
177,0.000874826,0.4705457,0.5285795
178,0.0008745682,0.4707634,0.5283619
179,0.0008745721,0.471004,0.5281214
180,0.0008747407,0.4712694,0.5278558
181,0.0008495058,0.4864937,0.5126568
182,0.0008350877,0.495039,0.5041259
183,0.0008270712,0.4996828,0.4994902
184,0.0008227375,0.5021558,0.4970213
185,0.0008204883,0.5034615,0.495718
186,0.0008193944,0.5041706,0.49501
187,0.0008189224,0.5046008,0.4945803
188,0.0008187724,0.5049236,0.4942576
189,0.0008187791,0.505229,0.4939521
190,0.000818855,0.5055606,0.4936206
191,0.0008189544,0.5059379,0.4932432
192,0.0008190551,0.5063689,0.4928121
193,0.0008038519,0.5157564,0.4834398
194,0.0007951642,0.5211168,0.478088
195,0.0007902748,0.5241803,0.4750294
196,0.0007875799,0.5259527,0.4732597
197,0.0007861233,0.5270245,0.4721894
198,0.0007853495,0.5277284,0.4714863
199,0.0007849427,0.5282437,0.4709713
200,0.0007847291,0.5286614,0.4705539
201,0.0007846173,0.529022,0.4701933
202,0.0007845624,0.5293388,0.4698767
203,0.0007845444,0.5296121,0.4696034
204,0.0007845556,0.5298378,0.4693777
205,0.0008512291,0.4908803,0.5082684
206,0.0008961976,0.4656861,0.5334177
207,0.0009251073,0.4506869,0.548388
208,0.000942972,0.4424432,0.5566139
209,0.0009536665,0.4383642,0.5606822
210,0.000959943,0.4366603,0.5623798
211,0.000963629,0.4361841,0.5628522
212,0.0009658686,0.4362495,0.5627847
213,0.0009673382,0.4364785,0.5625542
214,0.0009684067,0.4367016,0.56233
215,0.0009692678,0.4368592,0.5621716
216,0.0009700164,0.4369494,0.5620806
217,0.0008918723,0.4819497,0.5171584
218,0.0008505007,0.5048288,0.4943208
219,0.0008288736,0.5159796,0.4831914
220,0.000817567,0.5212066,0.4779758
221,0.0008117431,0.5234464,0.4757419
222,0.0008088225,0.5242285,0.4749627
223,0.0008074143,0.5243458,0.4748468
224,0.000806773,0.5241988,0.4749945
225,0.0008065053,0.5239801,0.4752134
226,0.0008064091,0.5237755,0.4754181
227,0.0008063846,0.5236176,0.475576
228,0.000806385,0.5235143,0.4756792
229,0.0008198186,0.5159936,0.4831866
230,0.0008279664,0.5117719,0.4874001
231,0.0008328645,0.5094802,0.4896869
232,0.0008357364,0.5083713,0.4907929
233,0.0008373962,0.5079473,0.4912154
234,0.0008383552,0.5078993,0.4912623
235,0.0008389219,0.5080448,0.4911163
236,0.0008392759,0.5082788,0.490882
237,0.0008395182,0.5085427,0.4906178
238,0.0008397034,0.508804,0.4903563
239,0.0008398598,0.5090445,0.4901156
240,0.0008400005,0.5092545,0.4899056
241,0.0008125991,0.5257419,0.4734456
242,0.0007975002,0.5347655,0.464437
243,0.0007896522,0.5391374,0.460073
244,0.0007856179,0.541129,0.4580854
245,0.0007835945,0.5418913,0.4573251
246,0.0007826001,0.5420455,0.4571719
247,0.0007821071,0.5419233,0.4572946
248,0.0007818404,0.5416958,0.4575223
249,0.0007816642,0.5414472,0.4577711
250,0.000781518,0.5412115,0.458007
251,0.0007813769,0.5410004,0.4582182
252,0.0007812337,0.5408152,0.4584036
253,0.0007698615,0.5463727,0.4528574
254,0.0007632275,0.549107,0.4501297
255,0.0007590745,0.5506487,0.4485922
256,0.0007565281,0.5514033,0.4478401
257,0.000754958,0.5517081,0.447537
258,0.000753968,0.5517735,0.4474725
259,0.0007533192,0.551722,0.4475246
260,0.0007528702,0.5516215,0.4476256
261,0.0007525383,0.5515076,0.4477398
262,0.000752276,0.551398,0.4478497
263,0.0007520564,0.5513005,0.4479474
264,0.000751864,0.5512173,0.4480309
265,0.0008157635,0.5144917,0.4846925
266,0.000858114,0.4915911,0.5075507
267,0.0008851183,0.4781291,0.5209857
268,0.0009016037,0.4709554,0.528143
269,0.0009113509,0.4676099,0.5314788
270,0.0009170097,0.4664061,0.5326768
271,0.0009203081,0.4662723,0.5328074
272,0.0009223093,0.4665668,0.5325109
273,0.0009236322,0.4669297,0.5321466
274,0.000924614,0.4671839,0.5318914
275,0.0009254243,0.4672603,0.5318142
276,0.0009261361,0.4671578,0.5319161
277,0.0009447123,0.4563393,0.5427159
278,0.0009565561,0.449394,0.5496495
279,0.000963709,0.4453583,0.5536779
280,0.0009678951,0.4431429,0.5558891
281,0.0009702783,0.4420236,0.5570061
282,0.0009716124,0.441537,0.5574914
283,0.0009723649,0.4413992,0.5576283
284,0.0009728149,0.441444,0.5575832
285,0.0009731212,0.4415789,0.557448
286,0.0009733702,0.4417544,0.5572722
287,0.0009736052,0.4419461,0.5570802
288,0.0009738457,0.4421433,0.5568829
289,0.000899617,0.4841149,0.5149855
290,0.0008598766,0.5056534,0.4934869
291,0.0008388259,0.5162773,0.4828839
292,0.0008276436,0.5213273,0.477845
293,0.0008217465,0.5235375,0.4756408
294,0.0008186745,0.5243416,0.4748397
295,0.0008170918,0.524491,0.474692
296,0.0008162764,0.5243708,0.4748129
297,0.0008158438,0.524171,0.4750132
298,0.0008155957,0.5239769,0.4752074
299,0.0008154332,0.5238228,0.4753618
300,0.0008153087,0.5237178,0.4754669
301,0.0007498086,0.5611991,0.4380511
302,0.0007170184,0.5790964,0.4201865
303,0.0007002751,0.587409,0.4118907
304,0.000691598,0.5910391,0.4082693
305,0.0006870587,0.5923688,0.4069442
306,0.0006846352,0.5926041,0.4067112
307,0.000683275,0.5923572,0.4069596
308,0.0006824359,0.5919302,0.4073873
309,0.0006818448,0.5914647,0.4078534
310,0.0006813673,0.5910231,0.4082955
311,0.000680942,0.5906262,0.4086928
312,0.0006805431,0.5902761,0.4090434
313,0.0007729144,0.5352421,0.4639851
314,0.0008380219,0.4977277,0.5014343
315,0.0008808968,0.4746875,0.5244317
316,0.0009076464,0.4617954,0.5372969
317,0.0009235946,0.4554147,0.5436617
318,0.0009327668,0.4528743,0.5461929
319,0.0009379311,0.452389,0.5466731
320,0.0009408511,0.4528503,0.5462089
321,0.000942581,0.4536107,0.5454468
322,0.0009437047,0.4543315,0.5447249
323,0.0009445259,0.4548566,0.5441989
324,0.0009451889,0.4551399,0.543915
325,0.0009375189,0.4597113,0.5393512
326,0.000932967,0.4621345,0.5369325
327,0.000930267,0.463371,0.5356987
328,0.0009286982,0.4639146,0.5351566
329,0.0009277983,0.4640981,0.5349741
330,0.0009272919,0.4641212,0.5349515
331,0.000927023,0.4640936,0.5349794
332,0.000926905,0.4640701,0.5350029
333,0.000926889,0.4640749,0.5349982
334,0.00092695,0.4641098,0.5349633
335,0.0009270714,0.4641718,0.5349011
336,0.0009272396,0.4642563,0.5348164
337,0.0009334639,0.4609914,0.5380751
338,0.0009374319,0.4591368,0.5399258
339,0.0009399483,0.4581645,0.5408955
340,0.0009415549,0.457732,0.5413264
341,0.000942607,0.4576192,0.5414382
342,0.0009433299,0.457691,0.5413657
343,0.000943862,0.4578678,0.5411883
344,0.0009442866,0.4581039,0.5409518
345,0.0009446521,0.4583734,0.5406819
346,0.0009449859,0.458664,0.540391
347,0.0009453036,0.4589681,0.5400866
348,0.0009456147,0.4592803,0.5397741
349,0.0008152933,0.5341245,0.4650602
350,0.0007557583,0.5672451,0.4319991
351,0.000727876,0.5815338,0.4177383
352,0.0007142775,0.5875492,0.4117364
353,0.0007075843,0.5897074,0.4095851
354,0.0007042628,0.5901003,0.4091955
355,0.0007025567,0.589749,0.4095485
356,0.0007015951,0.5891432,0.4101552
357,0.0007009566,0.5885041,0.4107949
358,0.0007004466,0.5879216,0.4113779
359,0.0006999818,0.5874227,0.4118773
360,0.0006995309,0.5870076,0.4122929
361,0.0007783373,0.5401101,0.4591116
362,0.0008320922,0.5087373,0.4904306
363,0.0008661504,0.4901437,0.5089901
364,0.000886573,0.4801221,0.5189913
365,0.0008982288,0.4754049,0.5236969
366,0.0009045977,0.4737172,0.5253782
367,0.000907965,0.4736001,0.5254919
368,0.0009097274,0.474182,0.5249082
369,0.0009106873,0.4749732,0.5241161
370,0.0009112805,0.4757101,0.5233786
371,0.0009117263,0.4762651,0.5228231
372,0.000912122,0.4765908,0.5224971
373,0.0009226588,0.4710403,0.528037
374,0.0009292375,0.4676771,0.5313936
375,0.0009332816,0.4656421,0.5334246
376,0.0009357259,0.4643953,0.5346689
377,0.000937182,0.4636075,0.5354553
378,0.0009380357,0.4630912,0.5359709
379,0.000938529,0.4627446,0.5363168
380,0.0009388131,0.4625128,0.5365484
381,0.0009389835,0.4623643,0.5366967
382,0.0009390982,0.4622816,0.5367793
383,0.000939195,0.4622508,0.53681
384,0.0009392956,0.4622606,0.5368001
385,0.0009411324,0.4612382,0.5378207
386,0.0009423152,0.4606537,0.538404
387,0.0009430599,0.4603929,0.538664
388,0.0009435526,0.4603256,0.5387308
389,0.0009439057,0.4603733,0.5386828
390,0.000944184,0.4604909,0.5385649
391,0.0009444234,0.4606543,0.5384013
392,0.0009446425,0.4608518,0.5382036
393,0.0009448508,0.4610783,0.5379767
394,0.0009450545,0.46133,0.5377249
395,0.0009452562,0.4616047,0.5374501
396,0.0009454573,0.4619009,0.5371537
397,0.0009651309,0.4504503,0.5485846
398,0.0009775334,0.4433689,0.5556536
399,0.0009847928,0.4396794,0.5593358
400,0.0009889113,0.4379865,0.5610246
401,0.000991179,0.4374266,0.5615822
402,0.0009924062,0.4374713,0.5615363
403,0.0009930815,0.4378081,0.5611989
404,0.0009934863,0.4382599,0.5607467
405,0.0009937737,0.4387312,0.560275
406,0.0009940201,0.4391754,0.5598306
407,0.0009942596,0.439572,0.5594338
408,0.0009945034,0.4399144,0.5590911
409,0.000898158,0.493948,0.5051539
410,0.0008489663,0.5204241,0.4787269
411,0.0008240122,0.5328138,0.4663621
412,0.0008111618,0.5383931,0.4607957
413,0.0008045589,0.54062,0.4585755
414,0.0008011844,0.5412478,0.457951
415,0.000799451,0.5411716,0.4580289
416,0.0007985276,0.5408379,0.4583636
417,0.000797986,0.5404577,0.4587443
418,0.0007976124,0.540122,0.4590804
419,0.0007973042,0.5398628,0.45934
420,0.0007970151,0.5396852,0.4595178
421,0.0008020544,0.5366738,0.4625241
422,0.0008048935,0.5350612,0.4641338
423,0.0008064433,0.5342289,0.4649647
424,0.0008071976,0.5338827,0.4653102
425,0.000807486,0.5338175,0.465375
426,0.0008075124,0.5339043,0.4652882
427,0.0008073988,0.5340634,0.4651291
428,0.0008072179,0.534245,0.4649478
429,0.0008070128,0.5344158,0.4647771
430,0.0008068103,0.5345524,0.4646408
431,0.0008066256,0.534638,0.4645554
432,0.0008064677,0.5346617,0.4645319
433,0.0008699024,0.4994177,0.4997123
434,0.0009118721,0.4775252,0.5215629
435,0.0009387587,0.464493,0.5345684
436,0.0009552477,0.4574074,0.5416374
437,0.0009650703,0.4538998,0.5451351
438,0.0009708432,0.4523471,0.546682
439,0.0009742708,0.4517235,0.5473022
440,0.0009763963,0.4514271,0.5475965
441,0.0009778162,0.4511429,0.5478793
442,0.0009788348,0.450756,0.5482652
443,0.000979595,0.4502631,0.5487573
444,0.0009801585,0.4497186,0.5493012
445,0.0009828501,0.4488785,0.5501387
446,0.0009845573,0.4487462,0.5502692
447,0.0009859655,0.4485941,0.5504199
448,0.000987123,0.4484617,0.5505512
449,0.0009880923,0.4483444,0.5506675
450,0.0009889187,0.4482388,0.5507722
451,0.0009896342,0.4481437,0.5508667
452,0.0009902613,0.4480605,0.5509493
453,0.0009908162,0.4479912,0.551018
454,0.0009913133,0.4479353,0.5510733
455,0.0009917631,0.4478928,0.5511155
456,0.0009921736,0.4478632,0.5511446
457,0.0009816604,0.45212,0.5468983
458,0.0009752917,0.4535555,0.5454692
459,0.0009706435,0.4546795,0.5443498
460,0.0009672762,0.4555824,0.5434504
461,0.0009648943,0.4562904,0.5427447
462,0.0009632569,0.456836,0.5422007
463,0.0009621647,0.4572613,0.5417765
464,0.0009614591,0.4576086,0.5414299
465,0.00096102,0.4579148,0.5411242
466,0.0009607597,0.4582082,0.540831
467,0.000960616,0.4585099,0.5405295
468,0.000960546,0.4588359,0.5402036
469,0.0008587092,0.5161304,0.483011
470,0.0008085446,0.5433651,0.4558264
471,0.0007837475,0.5558224,0.4433939
472,0.0007712101,0.5613565,0.4378722
473,0.000764846,0.5635532,0.4356819
474,0.000761601,0.5641793,0.4350591
475,0.0007599026,0.5641202,0.4351199
476,0.0007589443,0.5638106,0.4354304
477,0.0007583214,0.5634523,0.4357894
478,0.0007578393,0.5631293,0.4361129
479,0.000757411,0.5628665,0.436376
480,0.0007570015,0.5626625,0.4365805
481,0.0008335419,0.5179797,0.4811867
482,0.0008855801,0.4881843,0.5109301
483,0.0009185452,0.4705326,0.5285488
484,0.0009383745,0.4609332,0.5381284
485,0.0009496941,0.4563482,0.542702
486,0.0009558185,0.4546603,0.5443839
487,0.0009589516,0.4544981,0.5445429
488,0.0009604685,0.4550291,0.5440104
489,0.0009611803,0.4557741,0.5432647
490,0.0009615333,0.4564821,0.5425563
491,0.0009617612,0.4570322,0.5420061
492,0.0009619727,0.4573802,0.5416579
493,0.0009012939,0.4913108,0.5077879
494,0.000868491,0.508773,0.4903585
495,0.0008510327,0.5172457,0.4819033
496,0.0008418105,0.5210377,0.4781206
497,0.0008370295,0.5224371,0.4767258
498,0.0008346188,0.5226772,0.4764881
499,0.0008334448,0.5224123,0.4767542
500,0.0008328925,0.5219766,0.4771904
501,0.0008326361,0.5215299,0.4776375
502,0.0008325094,0.5211384,0.4780292
503,0.0008324297,0.5208235,0.478344
504,0.0008323598,0.5205867,0.478581
505,0.0008905634,0.4874544,0.5116552
506,0.0009291202,0.4662994,0.5327715
507,0.0009534816,0.4538428,0.5452037
508,0.0009682206,0.4471075,0.5519243
509,0.0009767732,0.4439115,0.5551118
510,0.00098154,0.4427686,0.5562499
511,0.0009841016,0.4427273,0.5562887
512,0.0009854455,0.4432095,0.5558051
513,0.0009861608,0.4438796,0.5551342
514,0.0009865797,0.4445566,0.5544568
515,0.0009868804,0.4451463,0.5538668
516,0.0009871522,0.4456052,0.5534077
517,0.0009049987,0.4915828,0.5075122
518,0.0008620889,0.5145956,0.4845423
519,0.000839987,0.5254815,0.4736785
520,0.0008285652,0.530328,0.4688435
521,0.0008227395,0.5321541,0.4670232
522,0.0008198252,0.5325354,0.4666449
523,0.0008183914,0.5322891,0.4668926
524,0.0008176813,0.5318264,0.4673559
525,0.0008173053,0.5313419,0.4678409
526,0.0008170707,0.5309162,0.4682667
527,0.0008168867,0.5305761,0.468607
528,0.0008167135,0.5303232,0.46886
529,0.0008577068,0.5069662,0.4921761
530,0.0008837535,0.4926772,0.506439
531,0.0008995506,0.4846289,0.5144715
532,0.0009087143,0.4805157,0.5185756
533,0.0009137935,0.4787441,0.5203422
534,0.0009164716,0.4782832,0.5208003
535,0.000917802,0.4785019,0.5205804
536,0.0009184145,0.4790299,0.5200517
537,0.0009186707,0.479656,0.5194253
538,0.0009187696,0.4802642,0.518817
539,0.0009188172,0.4807902,0.5182909
540,0.0009188674,0.4811997,0.5178815
541,0.0009607795,0.4580318,0.5410074
542,0.0009882218,0.4433547,0.5556571
543,0.001005347,0.4348392,0.5641555
544,0.001015711,0.4301645,0.5688198
545,0.001021808,0.4277708,0.5712074
546,0.001025326,0.4266353,0.5723394
547,0.001027344,0.4261335,0.5728391
548,0.001028521,0.4259144,0.5730571
549,0.001029238,0.4258008,0.5731699
550,0.001029712,0.4257149,0.5732554
551,0.001030062,0.4256315,0.5733384
552,0.001030352,0.4255499,0.5734197
553,0.001022514,0.4300997,0.5688778
554,0.001017829,0.4328261,0.5661561
555,0.001015259,0.4342869,0.5646978
556,0.001013959,0.4350286,0.5639575
557,0.001013402,0.4353803,0.5636064
558,0.001013259,0.4355386,0.5634481
559,0.001013336,0.4356167,0.56337
560,0.001013518,0.4356766,0.5633098
561,0.001013743,0.4357502,0.5632361
562,0.001013975,0.4358515,0.5631346
563,0.0010142,0.4359857,0.5630001
564,0.001014409,0.4361532,0.5628324
565,0.0009653876,0.463222,0.5358126
566,0.0009374383,0.4780999,0.5209626
567,0.0009219784,0.485841,0.5132371
568,0.0009135392,0.4896974,0.509389
569,0.0009090131,0.4914933,0.5075976
570,0.0009066311,0.4922456,0.5068477
571,0.0009053939,0.4925102,0.5065844
572,0.0009047464,0.4925806,0.5065147
573,0.0009043876,0.4926039,0.5064917
574,0.0009041597,0.4926467,0.5064492
575,0.0009039838,0.4927341,0.5063619
576,0.0009038228,0.4928704,0.5062258
577,0.0008979261,0.4961571,0.502945
578,0.0008943105,0.4980834,0.5010224
579,0.0008920535,0.4992661,0.4998418
580,0.0008906387,0.4999918,0.4991175
581,0.0008897256,0.5004543,0.4986559
582,0.0008891086,0.5007657,0.4983452
583,0.0008886683,0.5009863,0.498125
584,0.000888337,0.501146,0.4979656
585,0.0008880776,0.5012578,0.4978541
586,0.0008878704,0.5013254,0.4977867
587,0.0008877041,0.5013497,0.4977626
588,0.0008875706,0.5013319,0.4977805
589,0.0008913928,0.4989923,0.5001163
590,0.0008936246,0.4975605,0.5015458
591,0.0008948151,0.4967661,0.5023392
592,0.0008954231,0.4963065,0.5027981
593,0.0008957089,0.4960254,0.5030788
594,0.0008958251,0.4958346,0.5032696
595,0.0008958599,0.495687,0.5034171
596,0.0008958613,0.4955598,0.5035443
597,0.0008958541,0.4954434,0.5036608
598,0.0008958504,0.4953349,0.5037692
599,0.0008958547,0.4952348,0.5038693
600,0.0008958676,0.4951449,0.5039592
601,0.0008654603,0.511969,0.4871656
602,0.000848518,0.5209577,0.4781938
603,0.0008393156,0.5254435,0.4737172
604,0.0008344128,0.5275095,0.4716562
605,0.0008318676,0.5283118,0.4708564
606,0.0008305818,0.5284924,0.470677
607,0.000829944,0.5283986,0.4707715
608,0.0008296207,0.5282114,0.470959
609,0.0008294357,0.5280193,0.4711513
610,0.0008293007,0.527861,0.4713097
611,0.0008291739,0.5277498,0.4714211
612,0.0008290375,0.5276862,0.4714847
613,0.00086334,0.5085173,0.4906195
614,0.0008848232,0.4970466,0.5020686
615,0.0008977143,0.490691,0.5084112
616,0.0009051072,0.4875234,0.5115715
617,0.0009091625,0.4862074,0.5128834
618,0.0009112912,0.4858839,0.5132048
619,0.0009123661,0.4860294,0.5130582
620,0.0009129029,0.4863395,0.5127475
621,0.0009131915,0.4866459,0.5124409
622,0.0009133806,0.4868673,0.5122194
623,0.0009135401,0.4869716,0.5121149
624,0.0009136957,0.4869567,0.5121297
625,0.0009105725,0.4887298,0.5103597
626,0.0009087739,0.4896419,0.5094493
627,0.0009078374,0.4899509,0.5091413
628,0.0009073744,0.4899394,0.5091532
629,0.0009071706,0.4897639,0.5093289
630,0.0009071047,0.4895185,0.5095745
631,0.0009071116,0.4892579,0.509835
632,0.0009071585,0.4890112,0.5100815
633,0.0009072296,0.4887925,0.5103002
634,0.0009073138,0.4886115,0.5104811
635,0.000907405,0.4884715,0.5106211
636,0.0009074988,0.4883732,0.5107192
637,0.0009528041,0.4631241,0.5359231
638,0.0009824918,0.4471867,0.5518308
639,0.001001099,0.4379269,0.561072
640,0.001012329,0.4329715,0.5660161
641,0.001018861,0.4306469,0.5683342
642,0.001022534,0.4298322,0.5691453
643,0.001024543,0.4298176,0.5691579
644,0.001025631,0.4301776,0.5687968
645,0.001026236,0.430672,0.5683017
646,0.001026607,0.4311689,0.5678045
647,0.001026876,0.4316035,0.5673696
648,0.001027109,0.431949,0.5670239
649,0.0009619446,0.4680405,0.5309976
650,0.0009260539,0.4871722,0.5119017
651,0.0009069488,0.4965659,0.5025272
652,0.000896836,0.5009092,0.4981939
653,0.0008915844,0.5026475,0.4964609
654,0.0008889335,0.5031023,0.4960087
655,0.0008876464,0.502979,0.4961332
656,0.0008870531,0.5026422,0.4964706
657,0.0008867974,0.5022711,0.4968422
658,0.0008866934,0.5019465,0.4971667
659,0.0008866483,0.5016991,0.4974143
660,0.0008866166,0.5015353,0.497578
661,0.0008998981,0.4937665,0.5053335
662,0.0009078814,0.4891668,0.5099254
663,0.0009123351,0.4868115,0.5122761
664,0.0009146945,0.4857524,0.5133328
665,0.0009158411,0.4854325,0.5136517
666,0.000916313,0.4855176,0.5135661
667,0.0009164276,0.4858124,0.5132712
668,0.0009163668,0.4862052,0.5128784
669,0.000916231,0.4866318,0.5124521
670,0.0009160756,0.4870524,0.5120315
671,0.0009159305,0.4874414,0.5116427
672,0.000915811,0.4877797,0.5113046
673,0.0008941115,0.5001545,0.4989514
674,0.0008817326,0.5070685,0.4920497
675,0.0008750526,0.5105042,0.4886208
676,0.0008715132,0.512074,0.4870544
677,0.0008697087,0.5126268,0.4865034
678,0.0008688321,0.5126483,0.4864828
679,0.0008684315,0.5124108,0.4867207
680,0.0008682629,0.5120624,0.4870693
681,0.0008682002,0.5116798,0.4874519
682,0.0008681794,0.5113062,0.4878257
683,0.0008681718,0.5109617,0.4881702
684,0.0008681657,0.5106556,0.4884761
685,0.0008828639,0.5023094,0.4968077
686,0.0008918069,0.4973881,0.5017202
687,0.0008970708,0.4946449,0.5044581
688,0.000900058,0.4932255,0.5058744
689,0.0009016921,0.4925714,0.5065269
690,0.0009025498,0.4923383,0.5067592
691,0.0009029775,0.4923239,0.5067731
692,0.0009031753,0.4924147,0.5066821
693,0.0009032543,0.49255,0.5065467
694,0.0009032767,0.4926954,0.5064014
695,0.0009032746,0.4928335,0.5062632
696,0.0009032639,0.4929552,0.5061414
697,0.000787129,0.5570193,0.4421935
698,0.000733592,0.5850534,0.414213
699,0.0007076543,0.5973472,0.4019451
700,0.0006947213,0.6024135,0.3968918
701,0.0006882282,0.6040533,0.3952585
702,0.0006849452,0.6041166,0.3951985
703,0.0006832344,0.6035196,0.3957971
704,0.0006822618,0.6027088,0.3966089
705,0.0006816107,0.6018913,0.3974271
706,0.0006810781,0.6011553,0.3981635
707,0.0006805711,0.6005319,0.3987875
708,0.0006800495,0.6000268,0.3992932
709,0.0007360646,0.5669973,0.4322665
710,0.0007719421,0.5464366,0.4527915
711,0.000793387,0.5349575,0.4642491
712,0.0008053913,0.5292913,0.4699032
713,0.000811626,0.5270843,0.4721041
714,0.0008145549,0.5267902,0.4723952
715,0.0008157142,0.5275738,0.4716105
716,0.0008158064,0.5301008,0.4690835
717,0.0008169675,0.529669,0.469514
718,0.000816484,0.5308576,0.4683259
719,0.0008146092,0.5337853,0.4654001
720,0.0008183051,0.5300586,0.4691231
721,0.0008270184,0.5246955,0.4744775
722,0.0008322406,0.5211713,0.4779965
723,0.0008351709,0.5188962,0.4802687
724,0.0008366975,0.5173641,0.4817992
725,0.0008374127,0.5162306,0.482932
726,0.0008376238,0.5153793,0.4837831
727,0.0008375437,0.5147493,0.4844131
728,0.0008373414,0.5142879,0.4848747
729,0.0008371496,0.5139437,0.4852192
730,0.0008370546,0.5136732,0.4854897
731,0.0008370882,0.5134543,0.4857086
732,0.0008372371,0.513283,0.4858797
733,0.0008363543,0.5137107,0.4854529
734,0.0008358787,0.5139601,0.485204
735,0.0008356332,0.5141644,0.485
736,0.0008355313,0.5143521,0.4848123
737,0.0008355035,0.5145527,0.4846119
738,0.0008355034,0.5147844,0.4843801
739,0.0008355027,0.5150571,0.4841073
740,0.0008354864,0.5153725,0.483792
741,0.0008354487,0.5157267,0.4834378
742,0.0008353888,0.5161128,0.4830517
743,0.0008353108,0.5165203,0.4826444
744,0.0008352217,0.5169353,0.4822295
745,0.0008701838,0.4975851,0.5015447
746,0.0008922621,0.4860928,0.5130149
747,0.0009056892,0.4797812,0.5193132
748,0.0009135616,0.4766878,0.5223987
749,0.0009180761,0.4754157,0.5236663
750,0.0009206695,0.4750584,0.5240209
751,0.0009222215,0.4750682,0.5240096
752,0.0009232308,0.4751439,0.5239328
753,0.0009239529,0.4751485,0.5239275
754,0.0009245044,0.4750372,0.5240383
755,0.0009249256,0.4748241,0.524251
756,0.0009252249,0.4745494,0.5245253
757,0.0008233186,0.5311823,0.4679944
758,0.0007736204,0.5573843,0.4418421
759,0.0007486465,0.5693408,0.4299107
760,0.0007358058,0.5745236,0.4247406
761,0.0007291945,0.5764103,0.4228606
762,0.0007258469,0.5767204,0.4225538
763,0.0007242179,0.576323,0.4229528
764,0.0007234765,0.575662,0.4236144
765,0.0007231652,0.5749621,0.4243146
766,0.0007230298,0.5743347,0.4249423
767,0.0007229339,0.5738286,0.4254484
768,0.0007228078,0.5734619,0.4258153
769,0.0007533971,0.5555425,0.4437042
770,0.0007719429,0.5451487,0.4540794
771,0.0007826273,0.5396721,0.4595452
772,0.0007884014,0.5372337,0.4619779
773,0.0007912543,0.53658,0.4626288
774,0.00079245,0.5369269,0.4622806
775,0.0007927652,0.537812,0.4613953
776,0.0007925612,0.5395094,0.4596981
777,0.0007928098,0.5400587,0.4591484
778,0.0007922835,0.5425369,0.4566708
779,0.0007922729,0.5432602,0.4559475
780,0.0007913526,0.5450501,0.4541585
781,0.0007500704,0.5664315,0.4328184
782,0.0007265726,0.5784878,0.4207857
783,0.0007144439,0.5835493,0.4157362
784,0.0007078013,0.5854713,0.4138208
785,0.0007040457,0.5858217,0.4134742
786,0.0007018247,0.5854121,0.4138861
787,0.0007004054,0.5846962,0.4146034
788,0.0006994293,0.5839006,0.4154
789,0.0006987538,0.5831137,0.4161876
790,0.0006983283,0.5823632,0.4169384
791,0.0006981163,0.5816603,0.4176416
792,0.0006980554,0.5810263,0.4182757
793,0.0006968387,0.5811794,0.4181238
794,0.0006961843,0.5811172,0.4181866
795,0.0006957935,0.5810041,0.4183
796,0.0006955085,0.5809214,0.4183832
797,0.0006952393,0.5809132,0.4183915
798,0.0006949396,0.5810003,0.4183047
799,0.0006945877,0.5811895,0.418116
800,0.0006941772,0.5814781,0.4178278
801,0.0006937142,0.5818545,0.4174517
802,0.0006932142,0.5823013,0.4170054
803,0.0006926946,0.582829,0.4164784
804,0.0006917771,0.584865,0.4144432
805,0.0007353906,0.5588098,0.4404549
806,0.0007620391,0.5440367,0.4552012
807,0.0007759873,0.5387487,0.4604753
808,0.0007874028,0.5322889,0.4669237
809,0.0007904592,0.5332389,0.4659706
810,0.000796402,0.5290373,0.4701663
811,0.0007961137,0.5308736,0.4683303
812,0.0008004251,0.52637,0.4728296
813,0.0008007106,0.5256051,0.4735942
814,0.000800639,0.5249882,0.4742112
815,0.000800364,0.5244715,0.4747281
816,0.0007999705,0.5240484,0.4751516
817,0.0007962679,0.5256574,0.4735464
818,0.0007939141,0.5265286,0.4726775
819,0.0007924225,0.5269718,0.4722358
820,0.000791493,0.5271901,0.4720185
821,0.0007909577,0.5272892,0.4719198
822,0.0007907164,0.5273268,0.4718825
823,0.0007906972,0.5273392,0.4718702
824,0.000790838,0.5273541,0.471855
825,0.0007910797,0.5273969,0.4718121
826,0.0007913682,0.5274891,0.4717196
827,0.0007916602,0.527647,0.4715614
828,0.0007919261,0.5278783,0.4713297
829,0.000739078,0.5591772,0.4400838
830,0.0007120696,0.5746379,0.42465
831,0.0006981359,0.5821164,0.4171855
832,0.0006909254,0.5855942,0.4137149
833,0.0006872008,0.5870753,0.4122374
834,0.0006852593,0.587599,0.4117157
835,0.0006842039,0.5876995,0.4116163
836,0.0006835704,0.5876421,0.4116743
837,0.0006831253,0.5875497,0.4117672
838,0.0006827578,0.5874717,0.4118456
839,0.0006824204,0.5874199,0.4118976
840,0.0006820974,0.5873879,0.41193
841,0.0007090446,0.5713067,0.4279843
842,0.0007251787,0.5620793,0.4371956
843,0.0007344675,0.557125,0.4421406
844,0.0007395729,0.5547232,0.4445372
845,0.0007422846,0.5537012,0.4455566
846,0.0007437012,0.5533421,0.4459142
847,0.0007444543,0.5532383,0.4460172
848,0.0007448827,0.5531792,0.4460759
849,0.0007451528,0.5530733,0.4461815
850,0.0007453403,0.5528938,0.4463609
851,0.0007454748,0.5526466,0.4466079
852,0.0007455699,0.5523491,0.4469053
853,0.0007401762,0.5552048,0.444055
854,0.0007371177,0.5565848,0.4426782
855,0.000735399,0.5571397,0.442125
856,0.0007344586,0.5572422,0.4420234
857,0.0007339659,0.5571171,0.442149
858,0.0007337343,0.5568917,0.4423746
859,0.0007336576,0.5566367,0.4426296
860,0.0007336721,0.5563924,0.4428739
861,0.0007337352,0.5561826,0.4430837
862,0.0007338172,0.5560207,0.4432454
863,0.0007338955,0.5559146,0.4433514
864,0.0007339545,0.5558679,0.4433982
865,0.0007349448,0.5553073,0.4439577
866,0.0007354963,0.5550613,0.4442032
867,0.0007357678,0.5550245,0.4442397
868,0.0007358636,0.5551237,0.4441405
869,0.0007358482,0.5553126,0.4439516
870,0.0007357628,0.5555602,0.443704
871,0.0007356349,0.5558438,0.4434205
872,0.0007354844,0.5561452,0.4431194
873,0.0007353271,0.5564463,0.4428184
874,0.000735175,0.5567331,0.4425318
875,0.0007350378,0.5569913,0.4422736
876,0.0007349225,0.5572088,0.4420562
877,0.0007062248,0.5742573,0.4250365
878,0.0006909673,0.5829163,0.4163928
879,0.0006828811,0.5870734,0.4122437
880,0.0006786219,0.5888662,0.4104552
881,0.0006763857,0.5894459,0.4098777
882,0.0006752001,0.5894311,0.4098937
883,0.000674549,0.5891469,0.4101785
884,0.0006741656,0.5887593,0.4105665
885,0.0006739141,0.588351,0.410975
886,0.0006737282,0.5879602,0.4113661
887,0.0006735746,0.5876047,0.4117217
888,0.0006734357,0.5872926,0.412034
889,0.0006851858,0.5798402,0.4194746
890,0.0006919023,0.5756124,0.4236958
891,0.0006955391,0.5734188,0.4258857
892,0.0006974064,0.5723765,0.426926
893,0.0006982877,0.5719675,0.4273342
894,0.0006986394,0.5718918,0.4274095
895,0.0006987198,0.5719804,0.4273209
896,0.0006986709,0.5721387,0.4271626
897,0.0006985698,0.572313,0.4269885
898,0.0006984564,0.5724729,0.4268286
899,0.0006983507,0.5726004,0.4267013
900,0.0006982617,0.5726842,0.4266175
901,0.0006932233,0.5758813,0.4234254
902,0.0006903345,0.5777201,0.4215896
903,0.0006889128,0.5784612,0.4208499
904,0.0006881875,0.5786968,0.420615
905,0.0006878184,0.5786629,0.4206493
906,0.0006876224,0.5784876,0.4208248
907,0.0006875023,0.5782425,0.42107
908,0.0006874095,0.5779678,0.4213448
909,0.0006873208,0.5776873,0.4216255
910,0.0006872286,0.5774137,0.421899
911,0.0006871318,0.5771557,0.4221571
912,0.0006870333,0.5769184,0.4223946
913,0.0007266466,0.5525962,0.4466771
914,0.0007513737,0.5378448,0.4614039
915,0.0007659937,0.5297385,0.4694955
916,0.000774303,0.5256695,0.4735563
917,0.0007788713,0.5239161,0.475305
918,0.0007813294,0.5234068,0.475812
919,0.0007826546,0.5235118,0.4757056
920,0.0007834047,0.5238803,0.4753363
921,0.0007838813,0.5243286,0.4748875
922,0.0007842408,0.5247638,0.474452
923,0.0007845567,0.5251446,0.4740708
924,0.0007848594,0.525457,0.4737582
925,0.0007898813,0.5230113,0.4761989
926,0.0007929516,0.521742,0.477465
927,0.0007949037,0.5210585,0.4781466
928,0.0007961363,0.5207432,0.4784607
929,0.0007969355,0.520624,0.478579
930,0.0007974745,0.5206027,0.4785998
931,0.0007978556,0.5206281,0.478574
932,0.0007981376,0.520676,0.4785259
933,0.0007983557,0.520737,0.4784647
934,0.0007985299,0.5208119,0.4783896
935,0.0007986748,0.5209029,0.4782985
936,0.0007988013,0.5210125,0.4781887
937,0.0007826137,0.5307109,0.4685065
938,0.0007735516,0.5360038,0.4632226
939,0.0007685889,0.5387838,0.4604476
940,0.0007659463,0.540192,0.459042
941,0.0007645963,0.54088,0.4583554
942,0.0007639533,0.5412128,0.4580232
943,0.0007636885,0.5413896,0.4578467
944,0.0007636195,0.5415156,0.4577208
945,0.000763647,0.5416451,0.4575912
946,0.0007637187,0.5418005,0.4574358
947,0.0007638067,0.5419899,0.4572464
948,0.0007638979,0.5422119,0.4570242
949,0.0007566098,0.5467764,0.452467
950,0.0007525075,0.549369,0.4498785
951,0.0007502533,0.5508221,0.4484276
952,0.0007490565,0.55163,0.447621
953,0.0007484488,0.5520808,0.4471708
954,0.0007481614,0.5523347,0.4469172
955,0.0007480439,0.5524769,0.446775
956,0.0007480144,0.5525499,0.4467021
957,0.0007480306,0.5525707,0.4466813
958,0.0007480662,0.552552,0.4466999
959,0.000748107,0.5525004,0.4467515
960,0.0007481444,0.5524215,0.4468304
961,0.0007339216,0.5605952,0.4386709
962,0.0007260408,0.564828,0.434446
963,0.0007216709,0.5669118,0.4323665
964,0.0007192763,0.5678087,0.431472
965,0.0007179583,0.5680907,0.4311913
966,0.0007172147,0.5680764,0.4312064
967,0.000716772,0.567937,0.4313463
968,0.000716486,0.5677617,0.4315219
969,0.0007162815,0.5675954,0.4316883
970,0.0007161225,0.5674567,0.4318272
971,0.0007159907,0.5673535,0.4319304
972,0.0007158756,0.5672881,0.431996
973,0.0006668479,0.5963178,0.4030154
974,0.0006423719,0.6101672,0.3891904
975,0.0006299397,0.6165214,0.3828487
976,0.0006235577,0.6192049,0.3801716
977,0.0006202615,0.6200867,0.379293
978,0.0006185219,0.6201218,0.3792596
979,0.0006175474,0.6197966,0.3795858
980,0.0006169318,0.6193518,0.3800313
981,0.0006164725,0.6188993,0.3804842
982,0.0006160708,0.6184883,0.3808956
983,0.0006156822,0.6181344,0.3812499
984,0.0006152899,0.6178373,0.3815475
985,0.0006679031,0.5853263,0.4140058
986,0.0007015048,0.5651557,0.4341427
987,0.0007215246,0.5539849,0.4452935
988,0.0007328073,0.5484833,0.4507839
989,0.0007389039,0.5462332,0.4530278
990,0.0007421313,0.5457575,0.4535004
991,0.0007436074,0.5474542,0.4518023
992,0.0007456944,0.5464682,0.4527861
993,0.0007441047,0.5497622,0.4494937
994,0.0007479241,0.5461267,0.4531254
995,0.0007481917,0.5459469,0.4533049
996,0.0007485107,0.5454779,0.4537736
997,0.0006652554,0.5946724,0.4046623
998,0.0006265478,0.6162612,0.3831122
999,0.0006074163,0.6256897,0.3737029
1000,0.0005975775,0.6294996,0.3699029
1001,0.0005923203,0.6306909,0.3687167
1002,0.0005893782,0.6306878,0.3687227
1003,0.0005876489,0.6301637,0.3692487
1004,0.0005866098,0.6294218,0.3699916
1005,0.0005860216,0.6285913,0.3708227
1006,0.0005857493,0.6277404,0.3716739
1007,0.000585663,0.6269366,0.3724778
1008,0.0005856305,0.6262481,0.3731662
1009,0.0006158762,0.6067445,0.3926397
1010,0.0006339348,0.5954151,0.403951
1011,0.0006440347,0.5895623,0.4097937
1012,0.000649281,0.5870358,0.4123149
1013,0.0006516817,0.586501,0.4128474
1014,0.0006520216,0.5887665,0.4105816
1015,0.0006530268,0.5887029,0.4106442
1016,0.0006492899,0.594567,0.4047837
1017,0.0006513791,0.5936651,0.4056836
1018,0.0006503545,0.5961276,0.4032221
1019,0.0006521626,0.5948952,0.4044527
1020,0.0006533655,0.5938081,0.4055385
1021,0.0006697899,0.583362,0.4159681
1022,0.0006792065,0.5772769,0.4220439
1023,0.0006868609,0.5704756,0.4288376
1024,0.0006868053,0.5717111,0.4276021
1025,0.0006908794,0.5670765,0.4322326
1026,0.0006910868,0.5662256,0.4330832
1027,0.0006909946,0.5655251,0.4337839
1028,0.0006906632,0.5650428,0.4342666
1029,0.000690222,0.5647118,0.4345979
1030,0.0006897345,0.564512,0.4347982
1031,0.0006892459,0.5644258,0.434885
1032,0.0006887908,0.5644333,0.4348779
1033,0.0007059005,0.5536784,0.4456158
1034,0.0007159808,0.5476345,0.4516495
1035,0.0007217191,0.5445552,0.4547231
1036,0.0007249018,0.5432192,0.456056
1037,0.0007266473,0.5428749,0.4563985
1038,0.0007276243,0.5430808,0.4561916
1039,0.0007282126,0.5435894,0.4556824
1040,0.0007286203,0.5442654,0.455006
1041,0.0007289562,0.5450337,0.4542373
1042,0.000729279,0.545844,0.4534268
1043,0.0007296244,0.5466524,0.452618
1044,0.0007300126,0.5474243,0.4518456
1045,0.0006695629,0.5849765,0.414354
1046,0.0006395971,0.6039405,0.3954198
1047,0.000625745,0.6109918,0.3883825
1048,0.0006184047,0.6141766,0.385205
1049,0.0006145677,0.6152662,0.3841192
1050,0.0006125245,0.6153266,0.3840608
1051,0.0006113734,0.61492,0.3844687
1052,0.0006106494,0.6143346,0.3850547
1053,0.0006101283,0.6137032,0.3856866
1054,0.0006097027,0.6130899,0.3863004
1055,0.0006093257,0.6125238,0.3868668
