EwEVersion,"6.5.13829.0 (compiled 2016-05-17)"
Date,"2016-09-06 18:44:29"
ModelName,Baltic_Proper-SEALS
EcosimScenario,Proper1_SealVuln100_19742100_seal0_cofF1
TimeSeries,new_data_weights_19742100_BAU_WAR1_codF1_seal0
StartYear,1974

Data,"Prey of Acartia sp"

TimeStep,"Cyanobacteria","Phytoplankton","microzooplankton","Detritus-water column",
1,0.04394565,0.4587057,0.1890948,0.3082538
2,0.04065174,0.4814015,0.1915262,0.2864206
3,0.03890169,0.4892607,0.1962595,0.2755781
4,0.03794188,0.4911174,0.2007448,0.2701958
5,0.0374104,0.4906536,0.2042704,0.2676655
6,0.03711492,0.4894504,0.206808,0.2666267
7,0.03694871,0.4881553,0.2085525,0.2663436
8,0.03685172,0.4869973,0.2097357,0.2664154
9,0.03679014,0.4860257,0.2105572,0.266627
10,0.03674531,0.4852207,0.2111676,0.2668664
11,0.03670709,0.4845434,0.2116713,0.2670781
12,0.03667014,0.4839561,0.212137,0.2672368
13,0.03723703,0.47719,0.213836,0.271737
14,0.03760064,0.4737921,0.2139589,0.2746484
15,0.03780521,0.4721584,0.2137521,0.2762842
16,0.03790588,0.4713916,0.2135983,0.2771041
17,0.03794045,0.4710136,0.213635,0.277411
18,0.03793459,0.4707833,0.2138752,0.277407
19,0.0379053,0.4705904,0.2142792,0.2772252
20,0.03786375,0.4703922,0.2147903,0.2769538
21,0.03781743,0.4701794,0.2153495,0.2766536
22,0.03777155,0.4699568,0.2159024,0.2763692
23,0.03772984,0.4697342,0.2164015,0.2761345
24,0.03769502,0.4695218,0.2168079,0.2759753
25,0.03426526,0.5040089,0.2107146,0.2510113
26,0.03236579,0.5160368,0.2140065,0.2375909
27,0.03137812,0.5193012,0.2180539,0.2312668
28,0.03084611,0.5193328,0.2214599,0.2283612
29,0.03056454,0.5183072,0.2238341,0.2272941
30,0.03041968,0.5170907,0.2252951,0.2271946
31,0.03034733,0.5159851,0.2260927,0.2275748
32,0.03031154,0.5150591,0.2264635,0.2281659
33,0.03029262,0.5142942,0.2265885,0.2288246
34,0.03027974,0.5136489,0.2265972,0.2294741
35,0.03026743,0.5130825,0.226572,0.2300782
36,0.03025313,0.5125633,0.2265615,0.230622
37,0.03094405,0.5038384,0.2288121,0.2364055
38,0.03138728,0.4996699,0.2287515,0.2401912
39,0.03164776,0.4977755,0.2280981,0.2424786
40,0.03178926,0.4969531,0.2274488,0.2438088
41,0.03185616,0.4965828,0.227014,0.244547
42,0.03187811,0.4963668,0.2268226,0.2449326
43,0.03187414,0.4961761,0.2268328,0.2451169
44,0.03185602,0.495965,0.2269864,0.2451926
45,0.0318309,0.4957247,0.2272288,0.2452156
46,0.03180355,0.4954617,0.22751,0.2452248
47,0.03177688,0.495187,0.2277914,0.2452447
48,0.03175272,0.494911,0.2280445,0.2452917
49,0.03247745,0.4859544,0.2305451,0.2510231
50,0.03295469,0.48169,0.2305834,0.2547719
51,0.03324689,0.4798282,0.2298992,0.2570257
52,0.03342063,0.4791375,0.2290812,0.2583606
53,0.0335222,0.4789712,0.2283447,0.2591618
54,0.03358248,0.4790098,0.2277284,0.2596793
55,0.03362081,0.4791077,0.2272067,0.2600648
56,0.0336486,0.479207,0.2267407,0.2604037
57,0.03367213,0.4792896,0.2262989,0.2607393
58,0.03369404,0.4793537,0.2258677,0.2610846
59,0.03371528,0.4794017,0.2254436,0.2614395
60,0.0337359,0.4794365,0.22503,0.2617976
61,0.03403205,0.4756459,0.2262464,0.2640757
62,0.03421653,0.4737742,0.2265789,0.2654304
63,0.03434255,0.4728589,0.2264213,0.2663772
64,0.03442528,0.4724514,0.226107,0.2670163
65,0.03447981,0.4722949,0.2257632,0.2674622
66,0.03451666,0.4722536,0.2254368,0.2677929
67,0.03454266,0.4722598,0.2251405,0.2680571
68,0.03456198,0.4722808,0.2248749,0.2682823
69,0.03457702,0.4723022,0.2246384,0.2684824
70,0.03458934,0.4723182,0.2244262,0.2686663
71,0.03459974,0.4723272,0.2242355,0.2688375
72,0.0346086,0.4723294,0.2240653,0.2689967
73,0.03262585,0.4942941,0.2193491,0.253731
74,0.03146603,0.5027468,0.2207093,0.2450779
75,0.03081843,0.5054563,0.2231152,0.24061
76,0.03045456,0.5058123,0.2253386,0.2383945
77,0.03025031,0.5053021,0.2270411,0.2374064
78,0.03013469,0.5045592,0.228238,0.2370681
79,0.03006675,0.5038275,0.2290534,0.2370524
80,0.03002316,0.5031803,0.2296201,0.2371765
81,0.02999083,0.5026217,0.2300463,0.2373412
82,0.02996263,0.5021331,0.2304095,0.2374947
83,0.02993486,0.5016928,0.2307602,0.2376121
84,0.02990571,0.5012829,0.2311281,0.2376832
85,0.02994863,0.500933,0.2305879,0.2385304
86,0.0299815,0.5007853,0.2299438,0.2392894
87,0.02997912,0.5007199,0.2296602,0.2396408
88,0.02996028,0.5006287,0.2296225,0.2397886
89,0.02993155,0.5004871,0.2297792,0.2398023
90,0.02989605,0.500297,0.2300906,0.2397164
91,0.02985552,0.5000682,0.2305242,0.239552
92,0.02981114,0.499812,0.2310522,0.2393246
93,0.02976395,0.4995385,0.2316494,0.2390482
94,0.02971507,0.4992559,0.2322905,0.2387386
95,0.02966595,0.4989716,0.2329481,0.2384144
96,0.02961832,0.4986922,0.2335917,0.2380978
97,0.0291209,0.5041299,0.2324661,0.2342831
98,0.02881162,0.5062944,0.2328281,0.2320659
99,0.02862099,0.5069795,0.2335572,0.2308423
100,0.02850849,0.5070237,0.234192,0.2302758
101,0.02844643,0.5068311,0.2345869,0.2301356
102,0.02841712,0.5065818,0.2347261,0.2302749
103,0.02840916,0.506346,0.2346461,0.2305987
104,0.02841505,0.5061422,0.2344002,0.2310426
105,0.02842967,0.505967,0.2340426,0.2315608
106,0.0284492,0.50581,0.2336242,0.2321166
107,0.02847075,0.5056607,0.2331878,0.2326808
108,0.02849211,0.5055108,0.2327669,0.2332302
109,0.02939289,0.4947211,0.2349527,0.2409333
110,0.03000434,0.4897247,0.2341204,0.2461506
111,0.03038483,0.4876832,0.2326201,0.2493119
112,0.03061501,0.4870412,0.2311705,0.2511733
113,0.03074966,0.4869917,0.230033,0.2522256
114,0.03082581,0.4871421,0.2292393,0.2527928
115,0.03086722,0.4873196,0.2287346,0.2530787
116,0.03088859,0.4874608,0.2284439,0.2532068
117,0.03089864,0.4875526,0.2282994,0.2532494
118,0.03090241,0.4876009,0.2282501,0.2532467
119,0.0309028,0.4876167,0.2282592,0.2532213
120,0.03090147,0.487611,0.2283013,0.2531862
121,0.03058375,0.4911259,0.2277655,0.2505249
122,0.0303775,0.4925514,0.228262,0.2488092
123,0.03025803,0.4929927,0.228872,0.2478772
124,0.0301883,0.4930175,0.2294167,0.2473776
125,0.03014807,0.4928878,0.229835,0.2471291
126,0.03012499,0.4927207,0.2301311,0.2470232
127,0.03011155,0.492563,0.2303305,0.246995
128,0.03010338,0.4924285,0.230461,0.2470072
129,0.03009798,0.4923175,0.2305456,0.2470389
130,0.03009398,0.492226,0.2306007,0.2470793
131,0.03009066,0.4921491,0.2306378,0.2471224
132,0.03008758,0.4920832,0.2306641,0.2471651
133,0.03245622,0.4607641,0.2410466,0.2657331
134,0.03410712,0.4439659,0.2441227,0.2778043
135,0.03522213,0.4355257,0.2438832,0.2853689
136,0.0359205,0.4317521,0.2428016,0.2895258
137,0.03633386,0.430389,0.2418065,0.2914706
138,0.03656865,0.4301667,0.2411319,0.2921327
139,0.03670169,0.4304277,0.240712,0.2921587
140,0.03678399,0.4308632,0.2403916,0.2919613
141,0.03684702,0.4313464,0.2400241,0.2917826
142,0.03690948,0.4318347,0.2394982,0.2917576
143,0.03698118,0.4323211,0.2387499,0.2919478
144,0.03706646,0.4328103,0.2377527,0.2923705
145,0.03392563,0.4711135,0.2270038,0.2679571
146,0.03223823,0.4863746,0.2258536,0.2555336
147,0.03135712,0.4923238,0.2266227,0.2496963
148,0.03089502,0.4943737,0.2275913,0.24714
149,0.0306543,0.4948366,0.2283037,0.2462054
150,0.0305302,0.4947129,0.2287172,0.2460396
151,0.03046653,0.4944166,0.2289086,0.2462083
152,0.03043335,0.4941018,0.228968,0.2464967
153,0.03041476,0.4938136,0.228968,0.2468036
154,0.0304024,0.4935559,0.2289586,0.2470831
155,0.03039188,0.4933197,0.228972,0.2473164
156,0.0303809,0.4930947,0.2290272,0.2474971
157,0.03591325,0.4244441,0.2478697,0.2917729
158,0.0406526,0.3798555,0.2510134,0.3284785
159,0.04437871,0.3521961,0.2476687,0.3557565
160,0.04711461,0.3361144,0.2424283,0.3743427
161,0.0489948,0.3275612,0.2376478,0.3857963
162,0.05020374,0.3236247,0.2342333,0.3919383
163,0.05092917,0.322316,0.2322779,0.3944769
164,0.05133396,0.3223678,0.2314841,0.3948141
165,0.0515448,0.3230414,0.2314225,0.3939913
166,0.05165258,0.3239493,0.2316742,0.3927239
167,0.05171857,0.3249122,0.2318972,0.391472
168,0.05178118,0.3258604,0.231853,0.3905054
169,0.04780003,0.3701906,0.222041,0.3599684
170,0.04542416,0.3920171,0.2198949,0.3426638
171,0.04434928,0.4023005,0.2170714,0.3362788
172,0.04383363,0.4077517,0.2142759,0.3341389
173,0.04357368,0.4107883,0.2120822,0.3335557
174,0.0434528,0.4125622,0.2103499,0.3336351
175,0.04340393,0.4136642,0.2090256,0.3339062
176,0.04339028,0.4144007,0.2080569,0.3341521
177,0.04339276,0.41493,0.207381,0.3342963
178,0.04340214,0.4153341,0.2069343,0.3343294
179,0.04341395,0.4156577,0.2066617,0.3342667
180,0.04342597,0.4159269,0.2065204,0.3341268
181,0.04220776,0.4297152,0.2033052,0.3247718
182,0.04142166,0.4365282,0.2032194,0.3188306
183,0.04093865,0.4397061,0.2041139,0.3152414
184,0.04064674,0.4410425,0.2052236,0.3130871
185,0.0404721,0.4414963,0.2062549,0.3117767
186,0.04036735,0.4415626,0.2071297,0.3109402
187,0.04030269,0.4414857,0.2078602,0.3103514
188,0.04025964,0.4413771,0.2084888,0.3098744
189,0.04022697,0.4412822,0.2090618,0.3094291
190,0.04019806,0.4412135,0.209618,0.3089705
191,0.040169,0.44117,0.2101873,0.3084736
192,0.04013759,0.4411464,0.2107908,0.3079252
193,0.03938427,0.4492302,0.20938,0.3020055
194,0.03888845,0.4530814,0.2099059,0.2981242
195,0.03856783,0.454784,0.2110559,0.2955923
196,0.03836002,0.4554161,0.2123172,0.2939066
197,0.03822276,0.4555539,0.2134893,0.2927341
198,0.03812899,0.4554915,0.214511,0.2918684
199,0.03806204,0.4553716,0.2153777,0.2911885
200,0.03801207,0.4552572,0.2161031,0.2906276
201,0.03797363,0.4551719,0.216702,0.2901525
202,0.037944,0.455121,0.2171839,0.2897511
203,0.03792201,0.4551025,0.217554,0.2894214
204,0.0379072,0.4551122,0.2178153,0.2891653
205,0.04102196,0.4205553,0.2261107,0.312312
206,0.04337997,0.400734,0.2266718,0.3292142
207,0.04503699,0.3900585,0.2245035,0.3404011
208,0.04614291,0.3848941,0.2216782,0.3472849
209,0.04685022,0.3828492,0.2190982,0.3512025
210,0.04729102,0.3824321,0.2170217,0.3532552
211,0.04756681,0.3827732,0.2154064,0.3542535
212,0.04774882,0.3834043,0.2141051,0.3547418
213,0.04788288,0.3840981,0.212967,0.355052
214,0.04799434,0.384764,0.2118974,0.3553441
215,0.04809593,0.3853748,0.2108496,0.3556796
216,0.04819249,0.3859303,0.2098161,0.3560611
217,0.0444019,0.4265579,0.2007575,0.3282827
218,0.04215796,0.4448633,0.2005583,0.3124205
219,0.04089731,0.452602,0.2025163,0.3039844
220,0.04019001,0.4554935,0.2047272,0.2995893
221,0.03979816,0.4562407,0.2065609,0.2974003
222,0.03958561,0.4561232,0.2078972,0.2963939
223,0.03947352,0.4557269,0.2088017,0.2959979
224,0.03941623,0.4552997,0.2093888,0.2958953
225,0.03938761,0.4549302,0.2097674,0.2959149
226,0.03937285,0.4546363,0.2100241,0.2959667
227,0.03936382,0.4544089,0.2102212,0.2960061
228,0.03935617,0.4542307,0.2104005,0.2960126
229,0.03995072,0.4470218,0.2128022,0.3002254
230,0.04033847,0.4432622,0.2136258,0.3027736
231,0.0405843,0.4413555,0.2138122,0.304248
232,0.04072959,0.4404526,0.2138425,0.3049753
233,0.04080802,0.4400587,0.2139138,0.3052195
234,0.04084403,0.4399018,0.2140857,0.3051685
235,0.04085436,0.4398416,0.2143553,0.3049488
236,0.04085008,0.4398125,0.2146947,0.3046428
237,0.04083842,0.4397883,0.2150693,0.304304
238,0.04082405,0.4397625,0.2154455,0.3039678
239,0.04081006,0.4397377,0.2157944,0.3036579
240,0.04079836,0.4397193,0.2160923,0.30339
241,0.03941545,0.4533568,0.2144177,0.29281
242,0.03852858,0.4592964,0.2160836,0.2860913
243,0.03802151,0.4614986,0.2180271,0.2824528
244,0.03773433,0.4620655,0.2196585,0.2805417
245,0.03757743,0.4619823,0.2208086,0.2796317
246,0.03749629,0.461702,0.2215129,0.2792889
247,0.03745779,0.4614145,0.2218748,0.2792529
248,0.03744205,0.4611842,0.2220039,0.2793698
249,0.03743748,0.4610203,0.2219916,0.2795506
250,0.03743787,0.4609105,0.2219018,0.2797499
251,0.03743986,0.4608384,0.2217773,0.2799444
252,0.03744184,0.4607895,0.221645,0.2801237
253,0.03701458,0.4670106,0.2183571,0.2776179
254,0.0367603,0.470175,0.2166327,0.2764321
255,0.03658446,0.471807,0.2159385,0.2756701
256,0.03647089,0.4725722,0.2156798,0.275277
257,0.0363985,0.4728763,0.2156095,0.2751157
258,0.03635172,0.4729447,0.2156204,0.2750832
259,0.03632017,0.4728971,0.2156696,0.2751132
260,0.03629727,0.4727947,0.2157421,0.2751658
261,0.03627901,0.4726675,0.2158346,0.2752189
262,0.03626298,0.4725296,0.2159468,0.2752607
263,0.03624786,0.4723869,0.2160788,0.2752864
264,0.03623297,0.4722424,0.2162297,0.2752949
265,0.03910712,0.4384776,0.2261481,0.2962672
266,0.04118543,0.41945,0.2287629,0.3106017
267,0.04261626,0.4092575,0.2282915,0.3198346
268,0.04353463,0.4042746,0.2270314,0.3251594
269,0.0440877,0.4021545,0.2259317,0.327826
270,0.04440152,0.4014816,0.2252552,0.3288618
271,0.04457221,0.4014653,0.224939,0.3290234
272,0.04466757,0.4017049,0.2247987,0.3288288
273,0.04473222,0.4020225,0.2246373,0.3286081
274,0.04479261,0.4023567,0.2243058,0.3285448
275,0.04486254,0.4026978,0.2237179,0.3287218
276,0.04494657,0.4030535,0.2228525,0.3291474
277,0.04595355,0.3946252,0.2228185,0.3366028
278,0.04673137,0.3903038,0.2205839,0.3423809
279,0.04727785,0.3884175,0.2179712,0.3463336
280,0.04765482,0.3878821,0.2154896,0.3489734
281,0.04791246,0.3880387,0.2133472,0.3507016
282,0.04808892,0.388505,0.2115899,0.3518161
283,0.04821148,0.3890723,0.2101898,0.3525264
284,0.04829874,0.3896357,0.2090931,0.3529725
285,0.04836289,0.3901496,0.2082431,0.3532445
286,0.04841182,0.3905995,0.2075888,0.3533999
287,0.04845046,0.3909866,0.2070882,0.3534748
288,0.04848189,0.3913181,0.2067086,0.3534915
289,0.04485465,0.429117,0.1986345,0.3273938
290,0.04268105,0.4461997,0.1987989,0.3123203
291,0.04143657,0.4533905,0.2010282,0.3041448
292,0.04072195,0.4560088,0.2034925,0.2997768
293,0.04031306,0.4565971,0.2055723,0.2975176
294,0.04008044,0.4563657,0.2071431,0.2964107
295,0.03994823,0.4558711,0.2082675,0.2959131
296,0.03987186,0.4553498,0.2090606,0.2957177
297,0.03982534,0.4548864,0.2096342,0.295654
298,0.03979394,0.4544977,0.2100768,0.2956316
299,0.03976938,0.454174,0.2104526,0.2956041
300,0.03974718,0.4538988,0.2108045,0.2955494
301,0.03660068,0.4870047,0.2037549,0.2726398
302,0.03481308,0.499851,0.2052123,0.2601238
303,0.03380862,0.5041699,0.2084697,0.2535517
304,0.03323407,0.5049211,0.2116938,0.2501509
305,0.03290128,0.5042995,0.2143263,0.2484731
306,0.03270474,0.5032614,0.2163126,0.2477213
307,0.03258416,0.5021946,0.2177711,0.2474502
308,0.03250508,0.5012304,0.2188515,0.2474131
309,0.03244809,0.5003916,0.2196842,0.2474762
310,0.03240225,0.4996614,0.2203686,0.2475678
311,0.03236177,0.4990135,0.220971,0.2476537
312,0.03232377,0.498424,0.221532,0.2477202
313,0.0364983,0.4493337,0.2348036,0.2793643
314,0.03979826,0.4202212,0.2363479,0.3036326
315,0.04217902,0.4040702,0.2335768,0.3201741
316,0.04377762,0.3959703,0.2298252,0.3304269
317,0.04477637,0.3925112,0.2266485,0.336064
318,0.04535578,0.3914846,0.2245249,0.3386346
319,0.04566669,0.3915779,0.2233787,0.3393767
320,0.04582205,0.39209,0.2229019,0.3391861
321,0.04590039,0.3926977,0.2227328,0.3386692
322,0.04595122,0.3932886,0.2225678,0.3381924
323,0.04600332,0.3938467,0.2221952,0.3379548
324,0.04607049,0.3943906,0.2215045,0.3380344
325,0.04578429,0.3991159,0.2192587,0.335841
326,0.04564286,0.4019319,0.2174969,0.3349284
327,0.04559156,0.4037228,0.2159338,0.334752
328,0.04559826,0.4049387,0.2144356,0.3350274
329,0.04563681,0.4058345,0.2130073,0.3355214
330,0.0456894,0.4065443,0.2116891,0.3360772
331,0.04574519,0.4071345,0.2105176,0.3366027
332,0.04579815,0.4076372,0.2095145,0.3370502
333,0.04584537,0.4080687,0.2086853,0.3374006
334,0.04588637,0.4084375,0.2080182,0.3376579
335,0.04592144,0.4087507,0.2074954,0.3378325
336,0.04595118,0.4090157,0.2070966,0.3379364
337,0.04626461,0.406183,0.2075203,0.3400321
338,0.04648243,0.4047329,0.2074276,0.341357
339,0.0466281,0.4040569,0.2071915,0.3421234
340,0.0467228,0.4038053,0.206966,0.342506
341,0.04678265,0.4037716,0.2068131,0.3426326
342,0.04681903,0.4038394,0.2067511,0.3425904
343,0.0468397,0.4039459,0.2067783,0.3424361
344,0.04684974,0.4040591,0.2068852,0.342206
345,0.04685253,0.4041644,0.2070599,0.3419232
346,0.04685006,0.4042565,0.2072929,0.3416006
347,0.04684375,0.404334,0.2075747,0.3412475
348,0.04683467,0.4043975,0.2078961,0.3408717
349,0.04027124,0.4690305,0.1978007,0.2928976
350,0.03683443,0.4914953,0.2032102,0.26846
351,0.03507757,0.4982239,0.2100126,0.2566859
352,0.03413469,0.4991726,0.2158081,0.2508846
353,0.03362129,0.4981386,0.220095,0.2481452
354,0.03333981,0.4966285,0.2230387,0.2469931
355,0.03318276,0.4951945,0.2249836,0.2466392
356,0.03309072,0.4939899,0.2262622,0.2466571
357,0.03303104,0.4930128,0.2271354,0.2468208
358,0.03298608,0.4922125,0.227787,0.2470144
359,0.03294669,0.4915338,0.2283365,0.247183
360,0.03290838,0.4909314,0.2288563,0.2473039
361,0.03649798,0.4502573,0.2387431,0.2745017
362,0.03929219,0.4270768,0.2383484,0.2952828
363,0.04123826,0.414866,0.2349075,0.3089882
364,0.04250168,0.4091861,0.23108,0.3172323
365,0.0432633,0.4070745,0.2280457,0.3216165
366,0.04368545,0.4067036,0.2261073,0.3235036
367,0.0438957,0.4070447,0.2251346,0.323925
368,0.04398507,0.4075835,0.2248355,0.3235959
369,0.04401453,0.4081064,0.2248959,0.3229832
370,0.04402345,0.4085564,0.225036,0.3223841
371,0.04403568,0.4089465,0.2250439,0.3219739
372,0.04406404,0.4093121,0.2247832,0.3218407
373,0.04458143,0.4046211,0.2254834,0.3253141
374,0.04496875,0.4023533,0.2247896,0.3278884
375,0.04525993,0.4014495,0.2234531,0.3298374
376,0.04548455,0.4013106,0.2218253,0.3313796
377,0.04566337,0.4015799,0.2201026,0.3326541
378,0.04580951,0.4020502,0.2184043,0.333736
379,0.04593088,0.402602,0.2168068,0.3346603
380,0.04603238,0.4031675,0.2153571,0.3354431
381,0.04611732,0.4037085,0.2140802,0.336094
382,0.04618802,0.4042057,0.2129864,0.3366199
383,0.04624661,0.4046498,0.2120722,0.3370315
384,0.04629502,0.4050385,0.2113247,0.3373418
385,0.04643115,0.40454,0.2107133,0.3383155
386,0.04653315,0.4044066,0.2100598,0.3390004
387,0.04660359,0.4044699,0.2095172,0.3394093
388,0.04665191,0.4046187,0.2091035,0.3396259
389,0.04668473,0.4047938,0.2088141,0.3397073
390,0.04670645,0.4049661,0.2086367,0.3396908
391,0.04671983,0.4051232,0.208558,0.3395989
392,0.04672655,0.4052611,0.2085681,0.3394443
393,0.04672752,0.4053794,0.2086596,0.3392335
394,0.04672356,0.4054789,0.2088247,0.3389728
395,0.0467152,0.4055611,0.2090569,0.3386667
396,0.04670287,0.405628,0.2093504,0.3383186
397,0.04775369,0.3962279,0.2099278,0.3460907
398,0.04852374,0.3912599,0.2085325,0.3516839
399,0.04900916,0.3889968,0.2070738,0.3549202
400,0.04930168,0.3881885,0.2058846,0.3566252
401,0.04946728,0.3881044,0.2050693,0.3573591
402,0.04955293,0.3883353,0.2046057,0.357506
403,0.04959092,0.3886677,0.2044194,0.3573219
404,0.04960252,0.3890013,0.2044242,0.356972
405,0.04960137,0.389298,0.2045402,0.3565604
406,0.04959577,0.3895515,0.2047037,0.356149
407,0.04959061,0.3897689,0.2048665,0.3557739
408,0.04958866,0.3899615,0.2049951,0.3554547
409,0.04477697,0.4377849,0.19633,0.3211082
410,0.04201684,0.457897,0.1979892,0.302097
411,0.04050843,0.4656555,0.2015145,0.2923215
412,0.03967173,0.4681129,0.2048677,0.2873477
413,0.03920911,0.4683803,0.2074627,0.284948
414,0.03895562,0.467855,0.2092783,0.2839111
415,0.03881734,0.4671393,0.2104785,0.2835649
416,0.0387405,0.4664658,0.2112558,0.2835378
417,0.03869461,0.4659018,0.211774,0.2836296
418,0.03866274,0.4654467,0.212154,0.2837364
419,0.03863573,0.4650781,0.2124778,0.2838083
420,0.03860888,0.4647706,0.2127968,0.2838237
421,0.0388169,0.4617479,0.21402,0.2854152
422,0.0389352,0.4601347,0.214662,0.2862681
423,0.03899593,0.4592512,0.2150771,0.2866758
424,0.03901557,0.4587555,0.2154638,0.2867651
425,0.0390085,0.4584527,0.2158882,0.2866507
426,0.03898532,0.4582398,0.2163573,0.2864175
427,0.03895353,0.4580671,0.216853,0.2861264
428,0.03891848,0.4579131,0.2173468,0.2858215
429,0.0388841,0.4577712,0.217808,0.2855367
430,0.03885337,0.4576412,0.2182064,0.2852991
431,0.0388285,0.4575261,0.2185161,0.2851292
432,0.03881096,0.4574293,0.2187178,0.2850419
433,0.04166179,0.4252152,0.2279731,0.3051499
434,0.04371354,0.4069639,0.2305253,0.3187971
435,0.04513976,0.3970653,0.2300514,0.3277435
436,0.04606671,0.3921497,0.2287365,0.333047
437,0.04664407,0.3900093,0.2274024,0.3359443
438,0.04699929,0.3893063,0.2262497,0.3374447
439,0.04722828,0.3892894,0.225203,0.3382792
440,0.04739677,0.3895719,0.2241021,0.3389291
441,0.04754489,0.3899762,0.2228089,0.3396699
442,0.04769132,0.3904351,0.2212723,0.3406012
443,0.04784075,0.3909266,0.2195229,0.3417098
444,0.04798945,0.3914424,0.2176538,0.3429144
445,0.04810433,0.3905739,0.2180052,0.3433166
446,0.04814836,0.3901384,0.218597,0.3431163
447,0.04819515,0.3898277,0.218924,0.3430532
448,0.04824014,0.3896191,0.2190882,0.3430526
449,0.04828343,0.3894843,0.2191363,0.343096
450,0.04832513,0.3894031,0.2191011,0.3431707
451,0.04836515,0.3893611,0.2190083,0.3432654
452,0.04840318,0.3893483,0.2188792,0.3433693
453,0.04843884,0.3893567,0.2187319,0.3434726
454,0.04847207,0.3893798,0.2185778,0.3435704
455,0.04850282,0.3894131,0.2184255,0.3436587
456,0.04853106,0.3894529,0.2182814,0.3437347
457,0.04826688,0.395202,0.2136683,0.3428627
458,0.04823048,0.3987448,0.2090845,0.3439402
459,0.04818168,0.4012407,0.2060485,0.3445291
460,0.04812906,0.4029965,0.2040943,0.3447802
461,0.04807957,0.4042031,0.2028896,0.3448277
462,0.04803624,0.405009,0.2021981,0.3447567
463,0.04799895,0.4055312,0.2018596,0.3446102
464,0.04796601,0.4058582,0.2017698,0.3444059
465,0.04793521,0.4060545,0.2018627,0.3441477
466,0.04790449,0.4061644,0.2020972,0.3438339
467,0.04787213,0.4062179,0.2024484,0.3434615
468,0.04783642,0.4062332,0.2029071,0.3430233
469,0.04269935,0.4562595,0.194804,0.3062371
470,0.03982197,0.47576,0.198169,0.286249
471,0.03826613,0.4824496,0.2032558,0.2760285
472,0.0373982,0.483943,0.2079197,0.2707391
473,0.03690718,0.4834475,0.2115853,0.2680601
474,0.03662569,0.4823396,0.2142676,0.2667671
475,0.03645981,0.4811778,0.2161728,0.2661896
476,0.0363563,0.480154,0.2175309,0.2659587
477,0.03628527,0.4793047,0.2185339,0.2658761
478,0.03623019,0.4786071,0.2193241,0.2658386
479,0.03618251,0.4780244,0.2199938,0.2657992
480,0.03613813,0.4775231,0.2205975,0.2657412
481,0.03973703,0.4389938,0.2287817,0.2924875
482,0.04253019,0.416803,0.2278021,0.3128647
483,0.04447368,0.4050137,0.2242154,0.3262972
484,0.0457458,0.3994759,0.2202857,0.3344927
485,0.04652339,0.3974307,0.2170655,0.3389805
486,0.04696367,0.3971469,0.2148398,0.3410497
487,0.04719056,0.3976198,0.2135123,0.3416774
488,0.04729342,0.398322,0.2128376,0.341547
489,0.04733306,0.3990129,0.2125421,0.341112
490,0.04734784,0.3996108,0.212393,0.3406484
491,0.04736095,0.4001081,0.2122144,0.3403164
492,0.04738491,0.4005273,0.2118926,0.3401951
493,0.04446476,0.4309067,0.205212,0.3194166
494,0.04271521,0.4448552,0.2049216,0.3075081
495,0.04173058,0.4509024,0.2060708,0.3012962
496,0.04119119,0.4532488,0.20726,0.2982999
497,0.04090885,0.453929,0.2080839,0.2970782
498,0.04077133,0.4539185,0.2085235,0.2967867
499,0.04071215,0.4536679,0.2086808,0.2969391
500,0.04069252,0.4533715,0.2086716,0.2972645
501,0.04069053,0.4531007,0.2085889,0.2976199
502,0.04069437,0.4528722,0.2084959,0.2979375
503,0.04069795,0.4526817,0.2084318,0.2981885
504,0.04069838,0.4525186,0.2084185,0.2983645
505,0.04348174,0.4231102,0.2148819,0.3185261
506,0.04554837,0.4063903,0.2150434,0.3330179
507,0.04697004,0.3974583,0.2131248,0.3424469
508,0.04789227,0.3931701,0.210844,0.3480937
509,0.04845366,0.3914774,0.2089624,0.3511066
510,0.04877041,0.3911134,0.2077096,0.3524066
511,0.04893104,0.3913437,0.2070538,0.3526715
512,0.04899866,0.3917762,0.2068545,0.3523706
513,0.04901618,0.3922242,0.2069439,0.3518159
514,0.04901127,0.3926163,0.2071702,0.3512022
515,0.04900148,0.3929389,0.2074081,0.3506516
516,0.04899744,0.3932032,0.2075639,0.3502355
517,0.04493389,0.4339105,0.1998649,0.3212907
518,0.04255733,0.4516124,0.2008444,0.3049859
519,0.04124672,0.4587243,0.2034597,0.2965693
520,0.04052686,0.4611458,0.2059323,0.292395
521,0.04014102,0.4615736,0.2077559,0.2905294
522,0.03994207,0.4612487,0.2089272,0.2898821
523,0.03984478,0.4607183,0.2096004,0.2898365
524,0.03980006,0.4602005,0.2099493,0.2900501
525,0.03978015,0.4597626,0.2101179,0.2903394
526,0.03976994,0.4594083,0.2102093,0.2906125
527,0.03976151,0.45912,0.2102909,0.2908275
528,0.03975093,0.4588763,0.210404,0.2909688
529,0.0416829,0.4380015,0.2153398,0.3049757
530,0.04305486,0.4267081,0.2156478,0.3145893
531,0.0439561,0.4209983,0.2145068,0.3205388
532,0.04451112,0.4184332,0.2131796,0.3238761
533,0.04482681,0.4175136,0.2121944,0.3254651
534,0.04498611,0.4173708,0.2116891,0.325954
535,0.04504868,0.4175363,0.2116185,0.3257965
536,0.04505541,0.4177806,0.2118667,0.3252972
537,0.0450336,0.4180076,0.2123011,0.3246576
538,0.04500106,0.4181902,0.2128006,0.3240082
539,0.04496942,0.4183322,0.213263,0.3234353
540,0.04494617,0.418449,0.2136097,0.322995
541,0.04697506,0.3981225,0.2176365,0.3372659
542,0.04848497,0.3867065,0.2172043,0.3476043
543,0.04951686,0.3807528,0.2154384,0.354292
544,0.05020333,0.377985,0.2133335,0.3584782
545,0.05065247,0.3769814,0.21133,0.3610362
546,0.0509489,0.3768836,0.2095471,0.3626204
547,0.05115272,0.3772036,0.2079708,0.3636729
548,0.05130275,0.3776829,0.2065534,0.364461
549,0.05142189,0.3781953,0.205258,0.3651247
550,0.05152255,0.3786848,0.2040669,0.3657257
551,0.05161074,0.37913,0.2029789,0.3662803
552,0.05168903,0.3795252,0.2020012,0.3667846
553,0.05132827,0.3838255,0.2007368,0.3641094
554,0.05108545,0.3862009,0.2004003,0.3623133
555,0.05094676,0.3874306,0.2003113,0.3613113
556,0.05087425,0.3880367,0.2003033,0.3607858
557,0.05084201,0.3883178,0.2003092,0.360531
558,0.0508325,0.388441,0.2003135,0.3604131
559,0.05083435,0.3884953,0.2003216,0.3603488
560,0.05084044,0.3885255,0.2003452,0.3602888
561,0.05084657,0.388552,0.2003961,0.3602054
562,0.05085041,0.3885824,0.2004823,0.3600849
563,0.05085076,0.3886186,0.200609,0.3599217
564,0.05084713,0.3886599,0.2007785,0.3597145
565,0.04839171,0.4127963,0.1963535,0.3424585
566,0.04682233,0.4245282,0.1968754,0.3317741
567,0.0458785,0.4297937,0.1986919,0.3256358
568,0.04531738,0.4318598,0.2006322,0.3221906
569,0.04498675,0.4324238,0.2022875,0.3203021
570,0.04479216,0.4323454,0.2035804,0.3192821
571,0.04467558,0.4320415,0.2045623,0.3187206
572,0.04460195,0.4316997,0.2053192,0.3183792
573,0.0445505,0.4313932,0.2059326,0.3181237
574,0.04450937,0.431141,0.2064663,0.3178833
575,0.04447206,0.43094,0.206964,0.317624
576,0.04443534,0.4307799,0.2074518,0.3173329
577,0.04412887,0.4334898,0.2072234,0.315158
578,0.04391893,0.4348534,0.2075048,0.3137228
579,0.04377032,0.4355103,0.2080056,0.3127138
580,0.0436653,0.4357881,0.2085402,0.3120064
581,0.04358929,0.4358786,0.2090376,0.3114944
582,0.04353263,0.4358852,0.2094708,0.3111114
583,0.04348942,0.4358602,0.2098311,0.3108193
584,0.04345625,0.4358291,0.2101161,0.3105986
585,0.04343126,0.4358029,0.2103248,0.3104411
586,0.04341358,0.4357859,0.2104554,0.3103451
587,0.04340269,0.4357794,0.2105075,0.3103104
588,0.04339814,0.4357837,0.2104825,0.3103357
589,0.04360268,0.4339258,0.2105533,0.3119183
590,0.043749,0.4330483,0.2101271,0.3130756
591,0.04384347,0.4327141,0.2096126,0.3138299
592,0.04390684,0.4326446,0.2090916,0.314357
593,0.0439508,0.4326945,0.2086076,0.3147471
594,0.04398286,0.4327873,0.2081747,0.3150551
595,0.0440076,0.4328851,0.2077948,0.3153125
596,0.04402763,0.4329703,0.2074668,0.3155353
597,0.04404435,0.4330364,0.2071887,0.3157306
598,0.04405845,0.433082,0.2069586,0.315901
599,0.04407021,0.4331079,0.2067753,0.3160466
600,0.04407972,0.4331165,0.2066371,0.3161666
601,0.04260747,0.4480843,0.2035059,0.3058023
602,0.04168091,0.454942,0.2038709,0.2995062
603,0.04113015,0.4577607,0.2051173,0.2959919
604,0.04080811,0.4586414,0.2064359,0.2941147
605,0.04062295,0.458654,0.2075451,0.293178
606,0.04051738,0.4583267,0.2083987,0.2927572
607,0.04045626,0.4579057,0.2090391,0.2925989
608,0.04041849,0.4574944,0.2095309,0.2925562
609,0.04039175,0.4571274,0.2099336,0.2925473
610,0.04036916,0.4568091,0.2102922,0.2925295
611,0.04034705,0.4565325,0.2106373,0.2924831
612,0.04032366,0.456288,0.2109872,0.2924011
613,0.0419164,0.4389199,0.2154443,0.3037194
614,0.04302211,0.429645,0.2160726,0.3112603
615,0.04373614,0.4249989,0.2154425,0.3158225
616,0.0441663,0.4229255,0.2146182,0.31829
617,0.04440553,0.4221771,0.2140137,0.3194037
618,0.04452514,0.4220444,0.2137144,0.3197161
619,0.04457589,0.4221539,0.2136581,0.3196121
620,0.04459215,0.422329,0.2137316,0.3193472
621,0.04459623,0.4225001,0.2138191,0.3190846
622,0.04460123,0.4226522,0.2138303,0.3189163
623,0.0446142,0.4227919,0.2137056,0.3188883
624,0.04463795,0.422932,0.2134171,0.319013
625,0.04450394,0.4246491,0.2128039,0.3180431
626,0.04443106,0.4255856,0.2124002,0.3175831
627,0.04441062,0.4260972,0.2119197,0.3175724
628,0.04442113,0.4264057,0.2113561,0.3178171
629,0.04444915,0.4266176,0.2107344,0.3181988
630,0.04448538,0.4267824,0.2100974,0.3186348
631,0.04452366,0.426919,0.2094876,0.3190697
632,0.04456028,0.4270325,0.2089373,0.3194699
633,0.04459314,0.4271229,0.2084664,0.3198175
634,0.04462082,0.4271902,0.2080892,0.3200999
635,0.04464274,0.4272345,0.2078102,0.3203126
636,0.04465874,0.4272575,0.2076278,0.3204559
637,0.04687562,0.405059,0.2118856,0.3361798
638,0.04850686,0.3925009,0.2116113,0.3473809
639,0.04961372,0.3858369,0.2100063,0.3545431
640,0.05032585,0.382654,0.2082437,0.3587764
641,0.05075795,0.3814063,0.2068263,0.3610094
642,0.05100285,0.3811477,0.2058853,0.3619642
643,0.05112976,0.3813336,0.2053756,0.3621612
644,0.05118696,0.3816747,0.2051865,0.3619519
645,0.05120647,0.3820338,0.2051981,0.3615617
646,0.05120914,0.3823563,0.2053009,0.3611336
647,0.05120775,0.3826309,0.2054089,0.3607525
648,0.05120973,0.3828652,0.20546,0.360465
649,0.04794539,0.4147226,0.1998777,0.3374543
650,0.04593218,0.4295768,0.2007535,0.3237375
651,0.04478873,0.4359536,0.2028324,0.3164252
652,0.044149,0.4383735,0.2047745,0.3127029
653,0.0438031,0.439019,0.2061832,0.3109947
654,0.04362553,0.43894,0.2070597,0.3103747
655,0.04354132,0.4386205,0.2075354,0.3103028
656,0.04350613,0.4382655,0.207758,0.3104703
657,0.04349423,0.4379484,0.2078501,0.3107072
658,0.04349103,0.4376844,0.2079007,0.3109238
659,0.04348861,0.4374666,0.2079677,0.3110771
660,0.04348291,0.4372821,0.2080853,0.3111498
661,0.04415559,0.4307165,0.2089759,0.3161521
662,0.04461741,0.4273756,0.2084801,0.3195269
663,0.04489319,0.4258577,0.2078417,0.3214074
664,0.04504574,0.4252754,0.2073476,0.3223313
665,0.04511736,0.4251378,0.2071051,0.3226397
666,0.04513737,0.425182,0.2071177,0.3225629
667,0.04512568,0.4252767,0.2073438,0.3222538
668,0.04509547,0.425364,0.2077275,0.321813
669,0.04505559,0.4254237,0.208212,0.3213088
670,0.04501224,0.4254539,0.2087433,0.3207906
671,0.04496995,0.4254611,0.2092723,0.3202966
672,0.04493219,0.4254543,0.2097556,0.3198578
673,0.04382893,0.4358639,0.2084519,0.3118553
674,0.04310885,0.440731,0.2094245,0.3067356
675,0.04268819,0.4427416,0.2106419,0.3039283
676,0.04244978,0.4434163,0.2116484,0.3024855
677,0.04232517,0.4435104,0.2122829,0.3018815
678,0.0422698,0.4433956,0.2125566,0.301778
679,0.04225506,0.44324,0.2125454,0.3019595
680,0.042263,0.4431078,0.2123379,0.3022913
681,0.04228257,0.4430139,0.212013,0.3026906
682,0.0423066,0.4429525,0.2116389,0.3031021
683,0.04233079,0.4429111,0.2112659,0.3034923
684,0.04235264,0.4428773,0.2109288,0.3038413
685,0.04306435,0.4355851,0.212365,0.3089855
686,0.04355028,0.4318103,0.2122421,0.3123973
687,0.04386266,0.4299711,0.2116674,0.3144989
688,0.04405322,0.4291708,0.2110753,0.3157007
689,0.04416268,0.4288879,0.2106304,0.316319
690,0.04422032,0.4288366,0.2103671,0.316576
691,0.04424605,0.4288703,0.2102648,0.3166188
692,0.04425283,0.4289212,0.2102848,0.3165412
693,0.04424879,0.4289622,0.210389,0.3164001
694,0.0442393,0.4289863,0.2105409,0.3162336
695,0.04422773,0.4289954,0.2107115,0.3160654
696,0.04421622,0.4289946,0.2108784,0.3159108
697,0.03863342,0.4860322,0.1986049,0.2767294
698,0.03572583,0.5065248,0.2005459,0.2572036
699,0.03419426,0.5131406,0.205023,0.2476421
700,0.03336358,0.5143209,0.2092855,0.24303
701,0.03290994,0.5135084,0.2125902,0.2409914
702,0.03266161,0.51213,0.2149257,0.2402828
703,0.03252378,0.5107405,0.2165044,0.2402314
704,0.03244338,0.5095186,0.2175667,0.2404713
705,0.03239081,0.5084883,0.2183143,0.2408066
706,0.03234973,0.507619,0.2188959,0.2411353
707,0.03231137,0.5068688,0.2194133,0.2414066
708,0.03227113,0.5061997,0.2199324,0.2415968
709,0.03479763,0.4765324,0.2281079,0.260562
710,0.03661352,0.4607591,0.2287976,0.2738298
711,0.0377975,0.4530799,0.227119,0.2820037
712,0.03850374,0.4498506,0.2252081,0.2864376
713,0.0388759,0.4488302,0.2239651,0.2883288
714,0.0390298,0.4487362,0.2236268,0.2886072
715,0.039036,0.4488364,0.2243636,0.287764
716,0.03879629,0.4481662,0.2286053,0.2844323
717,0.03887627,0.4480864,0.2281626,0.2848747
718,0.03878352,0.448286,0.2292866,0.2836439
719,0.03847456,0.4481965,0.233059,0.2802699
720,0.03886779,0.4475855,0.2294363,0.2841104
721,0.0393534,0.4438661,0.2289026,0.2878779
722,0.03973481,0.4423645,0.2269143,0.2909864
723,0.04002289,0.4420701,0.224451,0.293456
724,0.04024547,0.4424074,0.2218588,0.2954883
725,0.04042595,0.443039,0.2192779,0.2972572
726,0.04057105,0.443784,0.2168704,0.2987745
727,0.04068464,0.4445251,0.2147604,0.3000299
728,0.04077125,0.4451796,0.2130212,0.3010279
729,0.04083635,0.4456941,0.2116777,0.3017918
730,0.04088531,0.4460442,0.210714,0.3023565
731,0.0409219,0.4462352,0.2100916,0.3027513
732,0.0409482,0.4462937,0.2097594,0.3029988
733,0.04092314,0.4468633,0.209347,0.3028666
734,0.04090456,0.4471315,0.2092179,0.302746
735,0.04088501,0.4472269,0.2093251,0.302563
736,0.04086425,0.4472176,0.2095888,0.3023293
737,0.04084091,0.4471512,0.2099662,0.3020416
738,0.04081389,0.4470567,0.2104319,0.3016975
739,0.0407826,0.4469511,0.2109696,0.3012967
740,0.04074704,0.4468434,0.2115657,0.3008438
741,0.04070766,0.4467385,0.2122072,0.3003465
742,0.0406652,0.4466387,0.2128809,0.2998151
743,0.0406208,0.446545,0.2135709,0.2992632
744,0.04057597,0.4464581,0.2142581,0.2987078
745,0.04217466,0.4287316,0.219155,0.3099388
746,0.04328557,0.4192252,0.2201627,0.3173265
747,0.04400719,0.4144432,0.2198137,0.3217358
748,0.04444728,0.4123054,0.2191801,0.3240672
749,0.04470327,0.4115396,0.2186392,0.3251179
750,0.04485079,0.4114252,0.2182319,0.3254922
751,0.04494341,0.4115894,0.2178587,0.3256085
752,0.04501538,0.4118635,0.2173955,0.3257256
753,0.04508552,0.4121869,0.2167526,0.3259749
754,0.04516238,0.4125465,0.2158864,0.3264048
755,0.045247,0.412946,0.2148068,0.3270002
756,0.04533629,0.4133877,0.2135651,0.3277108
757,0.04051141,0.4646549,0.2012204,0.2936133
758,0.03787363,0.4851109,0.2012106,0.2758048
759,0.03644986,0.492798,0.203868,0.2668842
760,0.03566738,0.4951005,0.2067151,0.262517
761,0.03523784,0.4951937,0.2090198,0.2605486
762,0.03500538,0.4944615,0.2106982,0.2598349
763,0.03488229,0.4934909,0.2118781,0.2597486
764,0.03481783,0.4925183,0.2127235,0.2599404
765,0.03478225,0.4916283,0.2133736,0.2602159
766,0.03475799,0.4908412,0.213933,0.2604679
767,0.03473504,0.4901499,0.2144746,0.2606404
768,0.03470781,0.489538,0.2150481,0.2607061
769,0.03608711,0.4730673,0.2198591,0.2709864
770,0.03700748,0.4646188,0.2208106,0.2775632
771,0.03756908,0.4605566,0.2206004,0.2812739
772,0.03787254,0.4587941,0.2203741,0.2829593
773,0.03800013,0.4581217,0.2205907,0.2832874
774,0.03801283,0.4578794,0.2213663,0.2827416
775,0.03795212,0.4577195,0.222691,0.2816374
776,0.03777996,0.4571989,0.2256208,0.2794003
777,0.0377215,0.456813,0.2269183,0.2785472
778,0.03742806,0.4556417,0.2318587,0.2750716
779,0.03733918,0.4551717,0.2335018,0.2739874
780,0.03712782,0.4546145,0.2365746,0.271683
781,0.03551161,0.4767528,0.2264595,0.2612761
782,0.03439871,0.4868944,0.2246976,0.2540093
783,0.0338297,0.4912303,0.22394,0.251
784,0.03353287,0.4931085,0.2233831,0.2499755
785,0.03339071,0.4939327,0.2226426,0.2500339
786,0.03333525,0.494327,0.2216796,0.250658
787,0.03332342,0.4945472,0.2206175,0.2515119
788,0.03333034,0.4946662,0.2196043,0.2523992
789,0.03334386,0.4946777,0.2187536,0.2532249
790,0.03335851,0.4945593,0.2181343,0.2539478
791,0.03337163,0.4943068,0.2177681,0.2545535
792,0.03338069,0.4939451,0.2176429,0.2550314
793,0.03332986,0.4941842,0.2174909,0.254995
794,0.03329063,0.4940136,0.2177231,0.2549726
795,0.03325447,0.4936583,0.2181793,0.2549079
796,0.03321642,0.4932252,0.2187872,0.2547712
797,0.03317323,0.4927676,0.2195157,0.2545435
798,0.03312311,0.4923092,0.220352,0.2542157
799,0.03306522,0.4918578,0.2212915,0.2537855
800,0.03299946,0.4914138,0.2223309,0.2532558
801,0.03292656,0.4909731,0.2234629,0.2526374
802,0.03284775,0.4905277,0.2246796,0.2519449
803,0.03276121,0.4900459,0.2260411,0.2511518
804,0.0325082,0.4886073,0.2305613,0.2483233
805,0.03446977,0.4656523,0.2366407,0.2632372
806,0.03575838,0.4538437,0.2380464,0.2723514
807,0.03629371,0.4479612,0.2411399,0.2746052
808,0.03703031,0.445026,0.2379605,0.2799833
809,0.03704093,0.4442238,0.2403241,0.2784111
810,0.03757279,0.4437158,0.2358861,0.2828254
811,0.03748798,0.4444118,0.2369135,0.2811868
812,0.03803399,0.4446515,0.230843,0.2864715
813,0.03821789,0.4459932,0.2275695,0.2882194
814,0.03836977,0.44728,0.2245824,0.2897677
815,0.03849737,0.4484799,0.2218744,0.2911483
816,0.03860372,0.449577,0.2194626,0.2923567
817,0.03853307,0.4522251,0.2170537,0.2921881
818,0.0384955,0.4538746,0.2153984,0.2922315
819,0.03848021,0.454931,0.2141971,0.2923918
820,0.03847666,0.4556119,0.2133379,0.2925735
821,0.03847912,0.456035,0.2127569,0.292729
822,0.03848424,0.4562675,0.2124142,0.2928341
823,0.03848977,0.4563548,0.2122798,0.2928756
824,0.0384938,0.4563343,0.2123271,0.2928448
825,0.03849448,0.4562398,0.2125318,0.2927338
826,0.03849003,0.4561006,0.2128735,0.2925359
827,0.03847909,0.4559392,0.2133348,0.2922469
828,0.03846095,0.4557709,0.2139006,0.2918676
829,0.03592249,0.4831735,0.2081713,0.2727327
830,0.03444307,0.4941412,0.2095153,0.2619004
831,0.03359379,0.4979736,0.2124716,0.255961
832,0.03310107,0.4987526,0.2154274,0.2527189
833,0.03281229,0.4983383,0.2178769,0.2509724
834,0.03263919,0.4975571,0.2197649,0.2500389
835,0.03253042,0.496749,0.2211909,0.2495297
836,0.0324565,0.496031,0.2222839,0.2492286
837,0.03240085,0.4954251,0.2231546,0.2490195
838,0.03235456,0.494918,0.2238825,0.248845
839,0.03231332,0.494488,0.2245166,0.2486821
840,0.03227547,0.4941158,0.2250809,0.248528
841,0.03346469,0.479358,0.2296242,0.257553
842,0.03425604,0.4720273,0.2303908,0.2633258
843,0.03475332,0.4686554,0.229838,0.2667532
844,0.03504582,0.4673142,0.2290504,0.2685895
845,0.03520991,0.4669253,0.228387,0.2694778
846,0.03530093,0.4669376,0.2278853,0.2698762
847,0.03535549,0.4670987,0.2274636,0.2700823
848,0.0353957,0.467311,0.2270238,0.2702696
849,0.03543315,0.4675463,0.2264991,0.2705215
850,0.03547283,0.4678003,0.2258618,0.2708651
851,0.03551578,0.4680728,0.2251173,0.2712942
852,0.03556129,0.4683605,0.2242902,0.2717881
853,0.03535992,0.4715273,0.2226306,0.2704821
854,0.03524737,0.4731499,0.2217022,0.2699006
855,0.03519288,0.4739946,0.221037,0.2697755
856,0.03517414,0.474436,0.2204749,0.269915
857,0.0351754,0.4746649,0.219977,0.2701827
858,0.0351866,0.4747737,0.2195478,0.2704919
859,0.03520145,0.4748062,0.2192019,0.2707904
860,0.03521607,0.4747856,0.2189513,0.2710471
861,0.03522801,0.4747266,0.2188015,0.271244
862,0.03523581,0.4746406,0.2187508,0.2713728
863,0.03523863,0.4745375,0.2187935,0.2714305
864,0.03523606,0.4744246,0.2189219,0.2714175
865,0.03527306,0.4738046,0.2192435,0.2716787
866,0.03528888,0.4734519,0.2195123,0.271747
867,0.03528827,0.4732376,0.2198098,0.2716643
868,0.03527578,0.473093,0.220159,0.2714722
869,0.03525479,0.4729822,0.220562,0.2712009
870,0.03522789,0.472887,0.2210107,0.2708744
871,0.03519722,0.4727988,0.2214913,0.2705126
872,0.03516467,0.4727143,0.2219868,0.2701342
