EwEVersion,"6.5.13829.0 (compiled 2016-05-17)"
Date,"2016-09-06 16:27:55"
ModelName,Baltic_Proper-SEALS
EcosimScenario,Proper1_SealVuln100_19742100_seal0_cofF03
TimeSeries,new_data_weights_19742100_BAU_WAR1_codF03_seal100
StartYear,1974

Data,"Prey of microzooplankton"

TimeStep,"Cyanobacteria","Phytoplankton","Detritus-water column",
1,0.0008785255,0.5158164,0.483305
2,0.0008198718,0.5461308,0.4530492
3,0.0007911187,0.559675,0.4395338
4,0.0007766321,0.5654632,0.43376
5,0.0007692975,0.567544,0.4316867
6,0.0007655739,0.5678975,0.4313369
7,0.0007636456,0.5675095,0.4317269
8,0.0007625802,0.5668615,0.4323759
9,0.000761907,0.5661771,0.433061
10,0.0007613972,0.5655503,0.4336883
11,0.0007609448,0.5650129,0.4342261
12,0.0007605043,0.5645697,0.4346699
13,0.0007726948,0.5569893,0.442238
14,0.0007796324,0.5525923,0.446628
15,0.0007832795,0.5502692,0.4489475
16,0.0007850194,0.5491336,0.4500813
17,0.0007856891,0.5486611,0.4505533
18,0.0007857836,0.5485436,0.4506706
19,0.000785586,0.5486044,0.45061
20,0.0007852534,0.5487427,0.450472
21,0.0007848715,0.5488992,0.4503159
22,0.0007844871,0.5490368,0.4501787
23,0.0007841254,0.54913,0.4500859
24,0.0007838001,0.549161,0.4500553
25,0.0007128019,0.5897602,0.4095269
26,0.0006786226,0.6086188,0.3907025
27,0.0006622651,0.6165195,0.3828183
28,0.0006541656,0.6195205,0.3798254
29,0.0006501475,0.6201601,0.3791896
30,0.0006481193,0.6197114,0.3796404
31,0.000647025,0.6188141,0.3805389
32,0.0006463414,0.6177795,0.3815742
33,0.0006458191,0.6167487,0.3826056
34,0.0006453432,0.6157827,0.3835718
35,0.0006448679,0.6149006,0.3844546
36,0.0006443789,0.6141027,0.385253
37,0.0006596078,0.6041189,0.3952215
38,0.0006681603,0.5983189,0.401013
39,0.0006726586,0.5951243,0.404203
40,0.0006748312,0.593407,0.4059182
41,0.0006757187,0.5924977,0.4068265
42,0.0006759249,0.5920126,0.4073115
43,0.0006757871,0.5917385,0.4075857
44,0.0006754881,0.5915613,0.4077632
45,0.0006751236,0.591422,0.4079029
46,0.0006747452,0.591285,0.4080403
47,0.0006743785,0.5911316,0.408194
48,0.0006740356,0.590951,0.4083749
49,0.0006902047,0.580917,0.4183927
50,0.0006995352,0.5751517,0.4241487
51,0.0007046558,0.5720504,0.427245
52,0.0007073484,0.5704288,0.4288639
53,0.0007086944,0.5695848,0.4297064
54,0.0007093266,0.5691155,0.4301751
55,0.0007096,0.568802,0.4304884
56,0.0007097046,0.5685337,0.4307567
57,0.0007097368,0.5682601,0.4310302
58,0.0007097391,0.5679685,0.4313217
59,0.0007097299,0.5676601,0.4316302
60,0.0007097147,0.5673422,0.4319481
61,0.0007164612,0.5632625,0.436021
62,0.0007203277,0.5610325,0.4382473
63,0.0007226323,0.5596789,0.4395985
64,0.0007239575,0.5588756,0.4404004
65,0.0007247046,0.5583826,0.4408926
66,0.0007251186,0.5580565,0.4412184
67,0.0007253434,0.5578165,0.4414581
68,0.0007254616,0.5576205,0.4416541
69,0.0007255198,0.5574478,0.4418266
70,0.0007255449,0.5572874,0.4419871
71,0.0007255506,0.557135,0.4421394
72,0.0007255446,0.5569903,0.4422842
73,0.0006834582,0.5824491,0.4168674
74,0.0006619956,0.5949561,0.4043818
75,0.0006510922,0.600673,0.398676
76,0.0006455063,0.6030594,0.3962952
77,0.0006426264,0.6038128,0.3955446
78,0.000641102,0.6038028,0.395556
79,0.0006402352,0.6034724,0.3958874
80,0.0006396708,0.6030402,0.3963202
81,0.0006392344,0.6026087,0.3967521
82,0.0006388441,0.6022214,0.3971397
83,0.0006384642,0.6018935,0.3974681
84,0.0006380806,0.6016264,0.3977355
85,0.000638359,0.6006066,0.3987551
86,0.0006383623,0.5997742,0.3995874
87,0.000637987,0.5993912,0.3999708
88,0.0006374989,0.5992,0.4001625
89,0.0006369815,0.5991187,0.4002444
90,0.0006364623,0.5991138,0.4002498
91,0.0006359489,0.599169,0.4001952
92,0.0006354408,0.5992742,0.4000904
93,0.0006349368,0.5994202,0.3999448
94,0.0006344386,0.5995958,0.3997698
95,0.0006339511,0.5997854,0.3995807
96,0.0006334829,0.59997,0.3993965
97,0.0006227615,0.6064317,0.3929455
98,0.0006168393,0.6097193,0.3896638
99,0.000613515,0.6112985,0.388088
100,0.0006116547,0.6119034,0.387485
101,0.0006106101,0.6119584,0.387431
102,0.0006100217,0.6116984,0.3876915
103,0.0006096922,0.6112546,0.3881357
104,0.000609513,0.6107025,0.388688
105,0.0006094241,0.610088,0.3893026
106,0.0006093885,0.6094443,0.3899463
107,0.0006093818,0.6087966,0.390594
108,0.0006093866,0.6081647,0.3912258
109,0.0006286778,0.5952079,0.4041635
110,0.0006399935,0.5875785,0.4117814
111,0.0006462695,0.5834679,0.4158859
112,0.0006496438,0.5813385,0.418012
113,0.0006513968,0.5802956,0.419053
114,0.0006522772,0.5798237,0.419524
115,0.0006527055,0.5796369,0.4197104
116,0.0006529086,0.5795842,0.4197629
117,0.0006530036,0.579589,0.419758
118,0.0006530487,0.5796157,0.4197313
119,0.000653072,0.579648,0.4196989
120,0.0006530865,0.5796789,0.419668
121,0.0006465263,0.5839973,0.4153562
122,0.000642908,0.5863689,0.4129882
123,0.0006410362,0.5874959,0.4118631
124,0.0006400722,0.5879971,0.4113629
125,0.0006395831,0.5881768,0.4111835
126,0.0006393337,0.5881987,0.4111619
127,0.0006391992,0.588149,0.4112119
128,0.0006391153,0.588071,0.4112899
129,0.0006390518,0.5879853,0.4113756
130,0.0006389939,0.5879008,0.4114601
131,0.0006389361,0.5878209,0.4115402
132,0.0006388758,0.5877466,0.4116145
133,0.0006936348,0.5539035,0.4454029
134,0.0007288627,0.53367,0.4656011
135,0.0007507708,0.5221894,0.4770599
136,0.0007637936,0.5164051,0.4828311
137,0.000771332,0.5139412,0.4852875
138,0.0007756632,0.5132437,0.4859807
139,0.0007782071,0.5133715,0.4858502
140,0.0007798016,0.5137919,0.4854283
141,0.000780919,0.5142239,0.4849951
142,0.000781819,0.5145272,0.484691
143,0.0007826356,0.514645,0.4845723
144,0.0007834332,0.5145658,0.4846507
145,0.0007134795,0.5573161,0.4419704
146,0.0006796734,0.5767962,0.4225242
147,0.0006628306,0.5853823,0.4139548
148,0.0006542468,0.5888859,0.4104599
149,0.0006498031,0.5900308,0.4093194
150,0.0006474479,0.5901346,0.409218
151,0.0006461459,0.589825,0.409529
152,0.0006453752,0.5893883,0.4099663
153,0.000644874,0.5889466,0.4104085
154,0.0006445106,0.5885468,0.4108087
155,0.0006442192,0.5882028,0.411153
156,0.0006439659,0.5879158,0.4114402
157,0.0007674716,0.510212,0.4890205
158,0.0008618382,0.4529794,0.5461587
159,0.000929263,0.4148309,0.5842399
160,0.0009752011,0.3913345,0.6076903
161,0.001005397,0.3780965,0.6208981
162,0.001024707,0.371559,0.6274163
163,0.001036843,0.3691057,0.6298575
164,0.001044451,0.3689414,0.6300141
165,0.001049305,0.3699112,0.6290395
166,0.001052532,0.3713154,0.6276321
167,0.001054822,0.3727528,0.6261923
168,0.001056582,0.3740117,0.6249317
169,0.0009734678,0.4240736,0.5749529
170,0.0009275721,0.4502859,0.5487866
171,0.0009042084,0.4613762,0.5377197
172,0.0008911827,0.466313,0.5327958
173,0.0008836553,0.4685967,0.5305197
174,0.0008793157,0.4696118,0.5295089
175,0.0008768507,0.4700747,0.5290484
176,0.000875501,0.4703348,0.5287896
177,0.000874826,0.4705456,0.5285795
178,0.0008745681,0.4707633,0.528362
179,0.0008745719,0.471004,0.5281215
180,0.0008747405,0.4712693,0.5278559
181,0.0008495057,0.4864936,0.5126569
182,0.0008350876,0.495039,0.504126
183,0.0008270711,0.4996827,0.4994902
184,0.0008227373,0.5021558,0.4970214
185,0.0008204882,0.5034615,0.495718
186,0.0008193943,0.5041705,0.49501
187,0.0008189224,0.5046007,0.4945804
188,0.0008187723,0.5049235,0.4942577
189,0.0008187791,0.505229,0.4939522
190,0.0008188548,0.5055605,0.4936206
191,0.0008189543,0.5059379,0.4932432
192,0.000819055,0.5063688,0.4928121
193,0.0008038517,0.5157563,0.4834398
194,0.0007951643,0.5211167,0.4780881
195,0.0007902749,0.5241802,0.4750295
196,0.0007875798,0.5259527,0.4732598
197,0.0007861232,0.5270244,0.4721895
198,0.0007853495,0.5277283,0.4714863
199,0.0007849425,0.5282437,0.4709714
200,0.000784729,0.5286613,0.470554
201,0.0007846172,0.529022,0.4701934
202,0.0007845624,0.5293387,0.4698768
203,0.0007845444,0.529612,0.4696034
204,0.0007845556,0.5298377,0.4693778
205,0.0008512291,0.4908803,0.5082685
206,0.0008961976,0.4656861,0.5334177
207,0.0009251072,0.4506868,0.5483881
208,0.0009429719,0.4424431,0.5566139
209,0.0009536662,0.4383641,0.5606822
210,0.0009599429,0.4366602,0.5623798
211,0.000963629,0.4361841,0.5628523
212,0.0009658685,0.4362494,0.5627847
213,0.0009673383,0.4364784,0.5625543
214,0.0009684066,0.4367015,0.5623301
215,0.0009692678,0.4368591,0.5621716
216,0.0009700163,0.4369493,0.5620806
217,0.0008918723,0.4819497,0.5171585
218,0.0008505007,0.5048288,0.4943208
219,0.0008288735,0.5159796,0.4831915
220,0.000817567,0.5212066,0.4779759
221,0.0008117431,0.5234463,0.475742
222,0.0008088225,0.5242284,0.4749628
223,0.0008074142,0.5243458,0.4748469
224,0.0008067728,0.5241988,0.4749945
225,0.0008065052,0.52398,0.4752135
226,0.000806409,0.5237754,0.4754182
227,0.0008063844,0.5236176,0.4755761
228,0.000806385,0.5235143,0.4756793
229,0.0008198185,0.5159935,0.4831867
230,0.0008279663,0.5117719,0.4874002
231,0.0008328645,0.5094802,0.4896869
232,0.0008357364,0.5083712,0.490793
233,0.000837396,0.5079471,0.4912155
234,0.0008383551,0.5078992,0.4912624
235,0.0008389219,0.5080447,0.4911164
236,0.0008392758,0.5082787,0.490882
237,0.0008395182,0.5085427,0.4906178
238,0.0008397033,0.5088039,0.4903564
239,0.0008398597,0.5090445,0.4901157
240,0.0008400005,0.5092544,0.4899056
241,0.000812599,0.5257418,0.4734456
242,0.0007975001,0.5347655,0.464437
243,0.0007896521,0.5391374,0.460073
244,0.0007856179,0.5411289,0.4580854
245,0.0007835943,0.5418913,0.4573252
246,0.0007826,0.5420454,0.457172
247,0.0007821071,0.5419231,0.4572947
248,0.0007818404,0.5416957,0.4575224
249,0.0007816642,0.5414471,0.4577712
250,0.0007815179,0.5412114,0.4580071
251,0.0007813768,0.5410002,0.4582183
252,0.0007812338,0.5408151,0.4584037
253,0.0007698614,0.5463726,0.4528575
254,0.0007632274,0.549107,0.4501298
255,0.0007590745,0.5506487,0.4485922
256,0.000756528,0.5514033,0.4478401
257,0.0007549579,0.551708,0.4475371
258,0.000753968,0.5517735,0.4474726
259,0.0007533193,0.5517219,0.4475247
260,0.0007528701,0.5516214,0.4476256
261,0.0007525382,0.5515075,0.4477399
262,0.000752276,0.551398,0.4478497
263,0.0007520564,0.5513005,0.4479475
264,0.0007518639,0.5512172,0.4480309
265,0.0008157634,0.5144917,0.4846925
266,0.0008581139,0.4915911,0.5075508
267,0.0008851181,0.4781291,0.5209858
268,0.0009016037,0.4709553,0.528143
269,0.0009113508,0.4676099,0.5314789
270,0.0009170097,0.4664061,0.5326769
271,0.000920308,0.4662723,0.5328074
272,0.0009223092,0.4665667,0.532511
273,0.0009236324,0.4669297,0.5321467
274,0.0009246141,0.4671838,0.5318916
275,0.0009254243,0.4672602,0.5318144
276,0.0009261361,0.4671578,0.5319161
277,0.0009447123,0.4563393,0.5427161
278,0.0009565561,0.4493939,0.5496496
279,0.0009637089,0.4453583,0.5536779
280,0.000967895,0.4431429,0.5558892
281,0.0009702784,0.4420235,0.5570062
282,0.0009716123,0.4415369,0.5574914
283,0.0009723648,0.4413992,0.5576284
284,0.0009728147,0.441444,0.5575832
285,0.0009731212,0.4415788,0.5574481
286,0.0009733702,0.4417544,0.5572723
287,0.0009736052,0.441946,0.5570803
288,0.0009738457,0.4421432,0.556883
289,0.000899617,0.4841149,0.5149856
290,0.0008598764,0.5056533,0.4934868
291,0.0008388259,0.5162772,0.482884
292,0.0008276435,0.5213273,0.4778451
293,0.0008217465,0.5235375,0.4756409
294,0.0008186743,0.5243416,0.4748398
295,0.0008170917,0.5244908,0.4746921
296,0.0008162764,0.5243708,0.474813
297,0.0008158438,0.5241709,0.4750133
298,0.0008155956,0.5239769,0.4752075
299,0.0008154332,0.5238227,0.4753619
300,0.0008153087,0.5237178,0.4754669
301,0.0007498086,0.5611991,0.4380512
302,0.0007170184,0.5790964,0.4201866
303,0.0007002749,0.587409,0.4118908
304,0.000691598,0.5910391,0.4082693
305,0.0006870587,0.5923687,0.4069442
306,0.0006846352,0.592604,0.4067113
307,0.0006832749,0.5923571,0.4069596
308,0.0006824359,0.5919302,0.4073874
309,0.0006818447,0.5914647,0.4078535
310,0.0006813673,0.5910231,0.4082955
311,0.000680942,0.5906262,0.4086929
312,0.0006805431,0.5902761,0.4090435
313,0.0007729144,0.535242,0.4639851
314,0.0008380218,0.4977276,0.5014343
315,0.0008808967,0.4746874,0.5244317
316,0.0009076463,0.4617954,0.537297
317,0.0009235946,0.4554147,0.5436618
318,0.0009327667,0.4528742,0.5461929
319,0.000937931,0.452389,0.5466731
320,0.0009408512,0.4528502,0.546209
321,0.000942581,0.4536106,0.5454468
322,0.0009437047,0.4543314,0.5447249
323,0.0009445257,0.4548565,0.5441989
324,0.0009451889,0.4551398,0.543915
325,0.0009375188,0.4597112,0.5393512
326,0.0009329669,0.4621344,0.5369326
327,0.0009302669,0.463371,0.5356987
328,0.0009286982,0.4639146,0.5351567
329,0.0009277982,0.464098,0.5349742
330,0.0009272918,0.4641212,0.5349516
331,0.000927023,0.4640935,0.5349795
332,0.000926905,0.4640701,0.535003
333,0.0009268889,0.4640748,0.5349983
334,0.0009269501,0.4641098,0.5349633
335,0.0009270713,0.4641718,0.5349011
336,0.0009272396,0.4642563,0.5348164
337,0.0009334639,0.4609914,0.5380751
338,0.0009374319,0.4591367,0.5399259
339,0.0009399483,0.4581644,0.5408956
340,0.0009415549,0.457732,0.5413265
341,0.0009426069,0.4576191,0.5414382
342,0.0009433298,0.457691,0.5413656
343,0.000943862,0.4578678,0.5411884
344,0.0009442865,0.4581039,0.5409518
345,0.0009446521,0.4583734,0.540682
346,0.0009449857,0.4586639,0.540391
347,0.0009453036,0.458968,0.5400866
348,0.0009456146,0.4592802,0.5397741
349,0.0008152933,0.5341244,0.4650602
350,0.0007557583,0.5672451,0.4319991
351,0.0007278759,0.5815338,0.4177383
352,0.0007142774,0.5875492,0.4117365
353,0.0007075843,0.5897073,0.4095851
354,0.0007042627,0.5901002,0.4091955
355,0.0007025567,0.5897489,0.4095485
356,0.0007015951,0.5891431,0.4101553
357,0.0007009566,0.5885041,0.4107949
358,0.0007004465,0.5879216,0.4113779
359,0.0006999818,0.5874227,0.4118774
360,0.0006995308,0.5870076,0.4122929
361,0.0007783372,0.54011,0.4591117
362,0.0008320922,0.5087373,0.4904307
363,0.0008661503,0.4901436,0.5089902
364,0.0008865728,0.4801221,0.5189913
365,0.0008982287,0.4754048,0.523697
366,0.0009045976,0.4737172,0.5253782
367,0.0009079649,0.4736001,0.5254919
368,0.0009097275,0.474182,0.5249084
369,0.0009106872,0.4749732,0.5241161
370,0.0009112805,0.4757101,0.5233786
371,0.0009117262,0.4762651,0.5228232
372,0.000912122,0.4765907,0.5224972
373,0.0009226587,0.4710403,0.528037
374,0.0009292375,0.4676771,0.5313937
375,0.0009332814,0.4656421,0.5334246
376,0.0009357259,0.4643953,0.5346689
377,0.0009371819,0.4636075,0.5354553
378,0.0009380357,0.4630912,0.5359708
379,0.0009385289,0.4627446,0.5363168
380,0.0009388131,0.4625127,0.5365485
381,0.0009389833,0.4623643,0.5366967
382,0.0009390981,0.4622816,0.5367794
383,0.000939195,0.4622508,0.53681
384,0.0009392956,0.4622605,0.5368001
385,0.0009411325,0.4612382,0.5378207
386,0.000942315,0.4606536,0.538404
387,0.00094306,0.4603929,0.5386641
388,0.0009435526,0.4603256,0.5387309
389,0.0009439057,0.4603733,0.5386828
390,0.000944184,0.4604909,0.5385649
391,0.0009444234,0.4606543,0.5384013
392,0.0009446424,0.4608517,0.5382036
393,0.0009448508,0.4610783,0.5379768
394,0.0009450546,0.46133,0.537725
395,0.0009452561,0.4616046,0.5374501
396,0.0009454572,0.4619008,0.5371538
397,0.0009651309,0.4504503,0.5485846
398,0.0009775334,0.4433689,0.5556536
399,0.0009847928,0.4396794,0.5593358
400,0.0009889111,0.4379864,0.5610247
401,0.000991179,0.4374266,0.5615823
402,0.000992406,0.4374712,0.5615364
403,0.0009930814,0.437808,0.5611989
404,0.0009934861,0.4382598,0.5607467
405,0.0009937737,0.4387312,0.5602751
406,0.00099402,0.4391753,0.5598307
407,0.0009942595,0.4395719,0.5594338
408,0.0009945034,0.4399143,0.5590912
409,0.0008981579,0.4939479,0.505154
410,0.0008489662,0.520424,0.4787269
411,0.0008240122,0.5328138,0.4663622
412,0.0008111617,0.538393,0.4607958
413,0.0008045589,0.54062,0.4585755
414,0.0008011843,0.5412478,0.457951
415,0.0007994511,0.5411716,0.458029
416,0.0007985276,0.5408379,0.4583636
417,0.0007979859,0.5404577,0.4587443
418,0.0007976122,0.5401219,0.4590804
419,0.0007973042,0.5398627,0.45934
420,0.0007970151,0.5396851,0.4595179
421,0.0008020544,0.5366738,0.4625242
422,0.0008048934,0.5350612,0.4641339
423,0.0008064432,0.5342288,0.4649647
424,0.0008071976,0.5338827,0.4653102
425,0.0008074859,0.5338175,0.465375
426,0.0008075122,0.5339043,0.4652882
427,0.0008073988,0.5340635,0.4651292
428,0.0008072178,0.534245,0.4649478
429,0.0008070128,0.5344159,0.4647771
430,0.0008068103,0.5345524,0.4646408
431,0.0008066256,0.5346379,0.4645554
432,0.0008064678,0.5346617,0.464532
433,0.0008699024,0.4994177,0.4997124
434,0.0009118721,0.4775251,0.5215631
435,0.0009387585,0.4644929,0.5345683
436,0.0009552474,0.4574073,0.5416374
437,0.0009650703,0.4538998,0.5451351
438,0.0009708432,0.4523471,0.5466821
439,0.0009742707,0.4517235,0.5473022
440,0.0009763964,0.451427,0.5475966
441,0.0009778162,0.4511428,0.5478793
442,0.0009788348,0.4507559,0.5482652
443,0.0009795949,0.4502631,0.5487573
444,0.0009801583,0.4497186,0.5493013
445,0.00098285,0.4488785,0.5501387
446,0.0009845571,0.4487462,0.5502692
447,0.0009859654,0.4485941,0.5504199
448,0.0009871228,0.4484617,0.5505512
449,0.0009880923,0.4483444,0.5506675
450,0.0009889186,0.4482388,0.5507723
451,0.0009896342,0.4481436,0.5508667
452,0.0009902611,0.4480603,0.5509494
453,0.0009908162,0.4479911,0.551018
454,0.0009913131,0.4479353,0.5510734
455,0.000991763,0.4478927,0.5511156
456,0.0009921736,0.4478631,0.5511447
457,0.0009816604,0.45212,0.5468984
458,0.0009752915,0.4535554,0.5454693
459,0.0009706435,0.4546795,0.5443498
460,0.0009672763,0.4555824,0.5434504
461,0.0009648942,0.4562904,0.5427448
462,0.0009632568,0.456836,0.5422007
463,0.0009621646,0.4572612,0.5417766
464,0.000961459,0.4576086,0.54143
465,0.0009610199,0.4579147,0.5411242
466,0.0009607596,0.4582082,0.540831
467,0.0009606159,0.4585098,0.5405296
468,0.000960546,0.4588359,0.5402036
469,0.0008587091,0.5161302,0.4830111
470,0.0008085444,0.543365,0.4558264
471,0.0007837474,0.5558223,0.4433939
472,0.0007712101,0.5613565,0.4378723
473,0.000764846,0.5635532,0.435682
474,0.000761601,0.5641793,0.4350592
475,0.0007599025,0.5641202,0.43512
476,0.0007589441,0.5638106,0.4354305
477,0.0007583213,0.5634522,0.4357894
478,0.0007578392,0.5631293,0.4361129
479,0.0007574109,0.5628665,0.4363761
480,0.0007570014,0.5626624,0.4365806
481,0.0008007916,0.5365938,0.4626054
482,0.0008283877,0.5202941,0.4788775
483,0.0008444677,0.5113692,0.4877864
484,0.0008533879,0.506856,0.4922907
485,0.0008580486,0.5048766,0.4942653
486,0.0008603048,0.5042562,0.4948834
487,0.0008612768,0.5043002,0.4948386
488,0.0008616064,0.5046193,0.4945191
489,0.0008616442,0.5050055,0.4941328
490,0.0008615688,0.5053592,0.4937792
491,0.0008614681,0.5056351,0.4935034
492,0.0008613809,0.5058171,0.4933214
493,0.000883133,0.4935636,0.5055532
494,0.0008966278,0.486212,0.5128914
495,0.0009046728,0.4820938,0.5170015
496,0.0009093368,0.4798989,0.5191917
497,0.0009119827,0.4787882,0.5202999
498,0.0009134709,0.4782481,0.5208384
499,0.0009143198,0.4779843,0.5211014
500,0.0009148286,0.4778408,0.5212443
501,0.000915162,0.4777436,0.5213411
502,0.0009154125,0.4776556,0.5214291
503,0.0009156243,0.4775657,0.5215186
504,0.0009158181,0.4774747,0.5216094
505,0.0008870303,0.4936315,0.5054815
506,0.0008707325,0.5024367,0.4966926
507,0.0008617679,0.5069286,0.4922097
508,0.0008569446,0.5090623,0.4900807
509,0.0008544233,0.5099465,0.4891992
510,0.00085315,0.5102028,0.4889441
511,0.0008525306,0.5101705,0.488977
512,0.0008522386,0.5100268,0.4891209
513,0.0008520999,0.5098594,0.4892885
514,0.0008520234,0.5097091,0.4894388
515,0.0008519666,0.5095914,0.4895566
516,0.0008519104,0.5095092,0.4896389
517,0.0008519072,0.5095173,0.4896308
518,0.0008519041,0.5095747,0.4895735
519,0.0008519448,0.5095853,0.4895627
520,0.0008519784,0.509598,0.48955
521,0.0008519934,0.5096231,0.489525
522,0.000851989,0.5096616,0.4894864
523,0.0008519673,0.5097119,0.4894361
524,0.0008519317,0.509771,0.4893771
525,0.000851886,0.5098349,0.4893132
526,0.0008518329,0.5099012,0.4892471
527,0.000851775,0.5099661,0.4891822
528,0.0008517152,0.5100265,0.4891219
529,0.0008559494,0.507568,0.491576
530,0.0008584298,0.5061522,0.4929895
531,0.0008597875,0.505432,0.4937082
532,0.0008605028,0.5050884,0.4940511
533,0.0008608587,0.5049418,0.4941973
534,0.0008610223,0.5048884,0.4942506
535,0.0008610892,0.5048706,0.4942684
536,0.0008611118,0.5048585,0.4942805
537,0.0008611171,0.5048384,0.4943005
538,0.0008611177,0.5048059,0.494333
539,0.0008611188,0.5047609,0.494378
540,0.0008611219,0.5047057,0.4944332
541,0.0008828438,0.4924374,0.5066797
542,0.0008963287,0.4851048,0.5139988
543,0.0009044065,0.4809955,0.5181
544,0.0009090873,0.4788522,0.5202387
545,0.0009117206,0.4778433,0.521245
546,0.0009131676,0.4774505,0.5216363
547,0.0009139538,0.4773669,0.5217191
548,0.0009143872,0.4774213,0.5216644
549,0.0009146402,0.4775232,0.5215622
550,0.0009148069,0.4776281,0.5214571
551,0.000914935,0.4777173,0.5213678
552,0.0009150467,0.477786,0.5212989
553,0.0009140463,0.4785084,0.5205775
554,0.0009135046,0.4789492,0.5201372
555,0.0009132693,0.4791723,0.5199143
556,0.0009131992,0.4792791,0.5198077
557,0.0009132156,0.4793239,0.5197629
558,0.0009132727,0.4793382,0.5197484
559,0.0009133453,0.4793404,0.5197462
560,0.0009134203,0.4793401,0.5197465
561,0.0009134921,0.4793417,0.5197448
562,0.0009135595,0.4793458,0.5197407
563,0.000913622,0.4793521,0.5197343
564,0.0009136801,0.4793602,0.5197261
565,0.0009505505,0.4586696,0.5403798
566,0.0009745044,0.445749,0.5532765
567,0.0009894633,0.438235,0.5607755
568,0.0009984958,0.4341637,0.5648378
569,0.001003787,0.4321661,0.5668301
570,0.001006813,0.4313401,0.5676531
571,0.00100852,0.4311245,0.567867
572,0.00100949,0.4311901,0.5678005
573,0.001010064,0.4313572,0.5676327
574,0.001010433,0.4315377,0.5674518
575,0.001010697,0.4316941,0.5672952
576,0.001010907,0.4318158,0.5671733
577,0.0009525546,0.4643428,0.5347046
578,0.0009198121,0.4818946,0.5171856
579,0.0009019864,0.4907844,0.5083137
580,0.0008923685,0.4950538,0.5040538
581,0.0008872573,0.4969033,0.5022094
582,0.0008845881,0.4975358,0.5015796
583,0.0008832123,0.4975985,0.5015182
584,0.0008825012,0.4974284,0.5016891
585,0.0008821191,0.4971911,0.5019268
586,0.0008818906,0.4969631,0.5021551
587,0.0008817285,0.4967737,0.5023444
588,0.0008815922,0.4966307,0.5024877
589,0.0008693904,0.5032492,0.4958814
590,0.0008622121,0.5069435,0.4921943
591,0.000858068,0.5088969,0.4902451
592,0.0008557041,0.5098654,0.4892789
593,0.0008543588,0.5103018,0.4888437
594,0.0008535821,0.5104681,0.4886784
595,0.0008531134,0.5105097,0.4886371
596,0.0008528059,0.5105047,0.4886425
597,0.0008525788,0.5104919,0.4886554
598,0.0008523912,0.5104873,0.4886602
599,0.000852224,0.5104954,0.4886523
600,0.0008520681,0.5105147,0.4886332
601,0.0008464011,0.5137409,0.4854127
602,0.000843071,0.515564,0.4835929
603,0.0008411738,0.5165082,0.4826506
604,0.0008401016,0.5169589,0.482201
605,0.0008394972,0.5171348,0.4820257
606,0.0008391528,0.5171601,0.4820008
607,0.0008389501,0.5171031,0.482058
608,0.0008388236,0.5170003,0.4821609
609,0.0008387389,0.516871,0.4822902
610,0.0008386758,0.5167265,0.4824347
611,0.0008386243,0.5165728,0.4825886
612,0.0008385783,0.5164139,0.4827476
613,0.0008907703,0.4865886,0.5125206
614,0.0009249709,0.4676367,0.5314383
615,0.0009463647,0.4564896,0.542564
616,0.000959197,0.4503977,0.5486431
617,0.0009665915,0.4473855,0.5516479
618,0.0009706984,0.446127,0.5529022
619,0.0009729125,0.4457879,0.5532392
620,0.0009740915,0.4458762,0.5531497
621,0.000974736,0.4461211,0.5529041
622,0.0009751258,0.4463841,0.5526407
623,0.0009754064,0.4466056,0.552419
624,0.0009756475,0.4467678,0.5522566
625,0.0009424056,0.46553,0.5335276
626,0.0009231527,0.4759947,0.5230822
627,0.0009123724,0.4814782,0.5176094
628,0.0009064765,0.4841759,0.5149176
629,0.0009033468,0.4853677,0.513729
630,0.0009017473,0.4857861,0.5133122
631,0.0009009688,0.4858379,0.513261
632,0.0009006136,0.4857407,0.5133587
633,0.0009004649,0.4856034,0.5134961
634,0.0009004094,0.4854764,0.5136232
635,0.0009003896,0.4853796,0.51372
636,0.000900379,0.4853181,0.5137816
637,0.0009039302,0.483292,0.5158041
638,0.0009060794,0.4821521,0.5169418
639,0.0009073468,0.4815517,0.5175409
640,0.0009080687,0.4812811,0.5178109
641,0.000908464,0.4812043,0.5178872
642,0.0009086691,0.4812388,0.5178525
643,0.0009087663,0.4813355,0.5177557
644,0.0009088037,0.4814667,0.5176246
645,0.0009088087,0.4816169,0.5174742
646,0.0009087976,0.4817764,0.5173147
647,0.0009087799,0.4819393,0.5171519
648,0.0009087608,0.4821008,0.5169904
649,0.0008642933,0.5071625,0.4919733
650,0.0008398884,0.5203889,0.4787712
651,0.0008267192,0.5270185,0.4721547
652,0.0008196844,0.5301442,0.4690362
653,0.0008159828,0.5314419,0.4677421
654,0.0008140612,0.5318249,0.4673611
655,0.0008130639,0.5317823,0.4674047
656,0.0008125284,0.5315678,0.4676196
657,0.000812211,0.5313064,0.4678814
658,0.0008119883,0.5310548,0.4681332
659,0.000811801,0.5308347,0.4683534
660,0.0008116236,0.5306514,0.468537
661,0.0008127352,0.5297044,0.4694828
662,0.0008132755,0.5291221,0.4700647
663,0.0008134527,0.5288069,0.4703797
664,0.0008134384,0.5286362,0.4705504
665,0.0008133258,0.528546,0.4706408
666,0.0008131671,0.5285,0.4706869
667,0.0008129915,0.5284771,0.4707099
668,0.0008128141,0.5284653,0.4707219
669,0.0008126429,0.5284578,0.4707296
670,0.0008124814,0.5284503,0.4707373
671,0.0008123312,0.5284397,0.470748
672,0.0008121936,0.5284238,0.470764
673,0.000812127,0.5285044,0.4706834
674,0.0008120796,0.5285597,0.4706282
675,0.0008120884,0.5285261,0.4706618
676,0.0008120962,0.5284659,0.4707219
677,0.0008120963,0.5283902,0.4707977
678,0.0008120897,0.5283019,0.470886
679,0.0008120789,0.5282023,0.4709856
680,0.0008120661,0.5280924,0.4710955
681,0.0008120519,0.5279739,0.4712141
682,0.0008120377,0.5278476,0.4713404
683,0.0008120237,0.5277154,0.4714726
684,0.000812009,0.5275797,0.4716084
685,0.0008462374,0.5078868,0.4912669
686,0.0008677689,0.4959371,0.5031952
687,0.0008807588,0.4891901,0.5099292
688,0.0008883072,0.4856575,0.5134543
689,0.0008925503,0.4839946,0.5151128
690,0.0008948735,0.4833491,0.5157561
691,0.00089613,0.483212,0.515892
692,0.0008968206,0.4832967,0.5158065
693,0.0008972266,0.4834527,0.5156501
694,0.0008974986,0.4836067,0.5154958
695,0.000897712,0.4837297,0.5153726
696,0.0008979017,0.4838148,0.5152873
697,0.0008545356,0.5084564,0.490689
698,0.000830833,0.5213809,0.4777882
699,0.000818087,0.5278096,0.4713723
700,0.0008113087,0.5308032,0.4683855
701,0.0008077634,0.5320178,0.4671744
702,0.0008059377,0.5323539,0.4668401
703,0.0008050003,0.5322919,0.466903
704,0.0008045032,0.5320794,0.4671161
705,0.0008042121,0.5318367,0.4673591
706,0.000804009,0.5316172,0.4675788
707,0.000803837,0.5314409,0.4677553
708,0.0008036714,0.5313119,0.4678845
709,0.0008216201,0.5208638,0.4783146
710,0.0008324319,0.5147986,0.4843689
711,0.0008386846,0.5115311,0.4876302
712,0.0008421499,0.5099344,0.4892235
713,0.0008439786,0.5092868,0.4898692
714,0.0008448845,0.5091478,0.4900073
715,0.000845293,0.5092596,0.4898951
716,0.0008454486,0.5094762,0.4896783
717,0.0008454881,0.5097178,0.4894367
718,0.0008454843,0.5099418,0.4892127
719,0.0008454749,0.5101262,0.4890282
720,0.0008454788,0.5102604,0.4888942
721,0.0008714747,0.4955656,0.5035628
722,0.0008877409,0.4867585,0.5123538
723,0.0008975564,0.4818194,0.517283
724,0.0009033115,0.4792239,0.5198728
725,0.0009066197,0.477962,0.5211314
726,0.0009085121,0.4774048,0.5216867
727,0.000909616,0.4771843,0.5219061
728,0.0009102961,0.4771001,0.5219896
729,0.0009107534,0.4770531,0.5220362
730,0.0009110929,0.4770028,0.5220861
731,0.0009113658,0.4769386,0.5221501
732,0.000911596,0.4768634,0.522225
733,0.0008699352,0.5003847,0.4987453
734,0.0008468784,0.5128508,0.4863024
735,0.0008343391,0.5191137,0.4800519
736,0.0008275937,0.5220652,0.4771072
737,0.0008240163,0.5232908,0.4758853
738,0.0008221411,0.5236581,0.4755197
739,0.0008211564,0.5236329,0.4755459
740,0.0008206215,0.5234565,0.4757228
741,0.000820303,0.5232471,0.4759325
742,0.000820082,0.5230584,0.4761216
743,0.0008199007,0.5229107,0.4762694
744,0.0008197327,0.5228089,0.4763714
745,0.0008785208,0.4890372,0.5100842
746,0.0009175053,0.4674428,0.5316396
747,0.0009421547,0.4547112,0.5443467
748,0.0009570739,0.4478199,0.5512229
749,0.0009657334,0.4445424,0.5544919
750,0.000970565,0.4433548,0.5556747
751,0.0009731724,0.4432768,0.5557501
752,0.0009745597,0.443711,0.5553144
753,0.0009753259,0.4443116,0.5547131
754,0.0009758123,0.4448895,0.5541347
755,0.0009762016,0.4453507,0.5536731
756,0.0009765817,0.4456585,0.5533649
757,0.0009489057,0.4614849,0.5375661
758,0.0009328465,0.470328,0.5287392
759,0.0009238973,0.4749075,0.5241687
760,0.0009190677,0.4770814,0.5219995
761,0.0009165666,0.4779549,0.5211285
762,0.0009153383,0.4781717,0.5209129
763,0.0009147761,0.4780932,0.520992
764,0.0009145431,0.4779118,0.5211737
765,0.0009144599,0.4777218,0.5213636
766,0.0009144368,0.4775637,0.5215218
767,0.0009144326,0.4774502,0.5216354
768,0.0009144299,0.4773815,0.521704
769,0.0008651114,0.50507,0.4940649
770,0.0008381699,0.5195972,0.4795646
771,0.0008236696,0.5268407,0.4723355
772,0.0008159104,0.5302567,0.4689274
773,0.0008117975,0.5316958,0.4674924
774,0.0008096288,0.5321562,0.4670342
775,0.0008084716,0.5321695,0.4670221
776,0.0008078219,0.5320102,0.467182
777,0.0008074142,0.5318137,0.4673789
778,0.0008071146,0.5316403,0.4675526
779,0.0008068595,0.5315129,0.4676803
780,0.0008066194,0.5314366,0.4677568
781,0.0008060124,0.5316502,0.4675438
782,0.0008055725,0.5318058,0.4673887
783,0.0008052439,0.5319176,0.4672772
784,0.0008049757,0.5320159,0.4671791
785,0.000804744,0.5321096,0.4670856
786,0.0008045376,0.5321989,0.4669966
787,0.0008043523,0.5322788,0.4669167
788,0.000804188,0.5323424,0.4668534
789,0.0008040452,0.5323824,0.4668136
790,0.0008039254,0.5323923,0.4668038
791,0.0008038296,0.5323665,0.4668297
792,0.0008037575,0.5323015,0.4668948
793,0.0008234262,0.5207963,0.4783803
794,0.0008353196,0.5139478,0.4852168
795,0.000842173,0.510192,0.4889658
796,0.0008459945,0.5082265,0.4909275
797,0.0008480555,0.5072537,0.4918982
798,0.0008491368,0.5067958,0.4923551
799,0.0008496974,0.5065817,0.4925686
800,0.0008499939,0.5064674,0.4926826
801,0.0008501637,0.5063825,0.4927673
802,0.0008502752,0.5062985,0.4928511
803,0.0008503594,0.5062076,0.4929421
804,0.0008504293,0.5061108,0.4930387
805,0.0007863812,0.5426479,0.4565657
806,0.0007536624,0.5604725,0.4387738
807,0.0007368161,0.568854,0.4304093
808,0.0007280952,0.5725329,0.426739
809,0.0007235897,0.5738737,0.4254027
810,0.0007212514,0.5740947,0.425184
811,0.0007200004,0.5738221,0.4254579
812,0.0007192736,0.5733696,0.4259111
813,0.0007187842,0.5728867,0.4263945
814,0.0007183929,0.5724379,0.4268437
815,0.0007180356,0.5720467,0.4272352
816,0.0007176846,0.5717183,0.427564
817,0.0007576892,0.5478876,0.4513548
818,0.000782603,0.5334885,0.4657288
819,0.0007973408,0.525483,0.4737196
820,0.0008056237,0.5214417,0.4777527
821,0.0008100301,0.5197078,0.4794821
822,0.0008122217,0.5192317,0.479956
823,0.0008132112,0.5193846,0.4798023
824,0.000813589,0.519805,0.4793815
825,0.0008136865,0.5202919,0.4788944
826,0.0008136837,0.5207372,0.4784491
827,0.0008136747,0.5210838,0.4781024
828,0.0008137055,0.5213054,0.4778809
829,0.0008261071,0.51423,0.484944
830,0.0008336459,0.5100459,0.4891204
831,0.0008381004,0.5076978,0.4914642
832,0.0008407169,0.5063858,0.4927735
833,0.0008422689,0.5056349,0.4935229
834,0.0008432201,0.5051731,0.4939836
835,0.0008438374,0.5048552,0.4943009
836,0.0008442677,0.5046102,0.4945455
837,0.0008445901,0.5044068,0.4947487
838,0.0008448449,0.5042333,0.4949219
839,0.0008450533,0.5040869,0.4950681
840,0.0008452265,0.5039675,0.4951873
841,0.0008321405,0.5115585,0.4876094
842,0.0008246686,0.5157443,0.483431
843,0.0008205332,0.5179001,0.4812793
844,0.0008182994,0.5189405,0.4802411
845,0.0008171253,0.519392,0.479791
846,0.0008165239,0.5195528,0.4796308
847,0.0008162195,0.5195867,0.479597
848,0.0008160608,0.5195805,0.4796034
849,0.0008159661,0.5195774,0.4796066
850,0.000815895,0.5195964,0.4795877
851,0.0008158289,0.5196443,0.4795399
852,0.0008157598,0.5197219,0.4794623
853,0.0008303529,0.5113356,0.4878341
854,0.0008391511,0.5065227,0.4926382
855,0.0008442438,0.504008,0.4951478
856,0.0008470835,0.5028538,0.4962991
857,0.0008486047,0.5024661,0.4966853
858,0.000849386,0.5024825,0.4966682
859,0.0008497729,0.5026895,0.4964608
860,0.0008499647,0.5029659,0.4961841
861,0.0008500725,0.5032452,0.4959047
862,0.0008501563,0.5034922,0.4956577
863,0.0008502453,0.5036898,0.49546
864,0.0008503528,0.5038317,0.4953179
865,0.0007992361,0.5332282,0.4659725
866,0.0007723331,0.5480402,0.4511875
867,0.0007582218,0.5551821,0.4440597
868,0.0007508706,0.5583715,0.4408776
869,0.0007470952,0.5595534,0.4396995
870,0.0007451809,0.5597607,0.4394941
871,0.0007442065,0.559535,0.4397207
872,0.0007436843,0.559152,0.4401043
873,0.0007433638,0.558744,0.4405126
874,0.0007431228,0.5583681,0.4408887
875,0.0007429049,0.558045,0.441212
876,0.0007426869,0.5577785,0.4414789
877,0.0008013371,0.5232564,0.4759422
878,0.0008397529,0.5013935,0.4977667
879,0.0008636024,0.4887043,0.5104321
880,0.0008776945,0.481991,0.5171314
881,0.0008856316,0.4789093,0.5202051
882,0.0008898922,0.4778832,0.5212269
883,0.0008920725,0.4779206,0.5211874
884,0.0008931467,0.4784306,0.5206763
885,0.0008936829,0.4790777,0.5200287
886,0.0008939953,0.4796833,0.5194228
887,0.0008942481,0.4801597,0.5189461
888,0.000894518,0.4804745,0.518631
889,0.0008499566,0.5061901,0.4929599
890,0.0008258364,0.519555,0.4796192
891,0.0008130284,0.5260993,0.4730877
892,0.0008063546,0.5290412,0.4701525
893,0.0008029767,0.5301317,0.4690653
894,0.0008013274,0.5303252,0.4688735
895,0.0008005506,0.5301297,0.4690698
896,0.0008001904,0.5298029,0.4693969
897,0.0008000146,0.5294661,0.4697339
898,0.0007999096,0.5291684,0.4700316
899,0.0007998247,0.5289249,0.4702753
900,0.0007997386,0.5287355,0.4704647
901,0.0008061668,0.5248405,0.4743532
902,0.0008099284,0.5226088,0.4765813
903,0.0008120424,0.5214111,0.4777769
904,0.0008131731,0.5208235,0.4783634
905,0.0008137356,0.5205844,0.4786019
906,0.0008139804,0.5205386,0.4786475
907,0.0008140537,0.5205967,0.4785892
908,0.0008140386,0.520709,0.4784771
909,0.0008139797,0.5208483,0.4783377
910,0.0008139011,0.5210004,0.4781857
911,0.0008138159,0.5211566,0.4780296
912,0.0008137316,0.5213104,0.4778759
913,0.0008430048,0.5044662,0.4946908
914,0.0008612611,0.4943971,0.5047417
915,0.0008721695,0.4888598,0.510268
916,0.0008784583,0.4860751,0.5130464
917,0.0008819719,0.4848637,0.5142543
918,0.0008838962,0.4844826,0.5146335
919,0.0008849555,0.4844894,0.5146256
920,0.0008855736,0.4846353,0.5144791
921,0.000885986,0.4847917,0.5143223
922,0.0008863125,0.4849033,0.5142104
923,0.0008866089,0.4849538,0.5141597
924,0.000886896,0.4849473,0.5141658
925,0.0008809658,0.4884802,0.5106388
926,0.0008775686,0.4904498,0.5086727
927,0.0008757341,0.4914446,0.5076796
928,0.0008748057,0.4918938,0.5072315
929,0.0008743853,0.4920533,0.5070723
930,0.0008742361,0.4920735,0.5070523
931,0.0008742224,0.4920388,0.5070869
932,0.0008742688,0.4919952,0.5071306
933,0.0008743344,0.4919651,0.5071605
934,0.0008744018,0.4919566,0.5071689
935,0.0008744635,0.4919717,0.5071539
936,0.0008745173,0.4920099,0.5071156
937,0.0008296492,0.517702,0.4814684
938,0.0008053281,0.5310797,0.4681151
939,0.0007922804,0.5377443,0.4614634
940,0.0007853279,0.5408842,0.4583305
941,0.000781661,0.5422055,0.4570128
942,0.0007797383,0.5426281,0.4565922
943,0.000778717,0.5426403,0.456581
944,0.0007781439,0.5424936,0.4567282
945,0.0007777825,0.5423107,0.4569115
946,0.0007775123,0.5421473,0.4570752
947,0.0007772764,0.5420241,0.4571986
948,0.0007770497,0.5419453,0.4572776
949,0.0008067947,0.5245384,0.4746549
950,0.0008251108,0.5141954,0.4849794
951,0.0008358734,0.5085477,0.4906164
952,0.0008419204,0.5057526,0.4934054
953,0.0008451602,0.5045929,0.4945619
954,0.000846807,0.5043064,0.4948468
955,0.0008475967,0.5044389,0.4947135
956,0.0008479581,0.5047319,0.4944201
957,0.0008481307,0.5050444,0.4941075
958,0.0008482424,0.5053031,0.4938487
959,0.0008483562,0.5054756,0.493676
960,0.0008484978,0.5055535,0.493598
961,0.0008504353,0.504514,0.4946356
962,0.0008516874,0.5038396,0.4953087
963,0.0008525079,0.5033867,0.4957608
964,0.000853068,0.5030545,0.4960925
965,0.0008534689,0.5027905,0.4963561
966,0.0008537685,0.5025687,0.4965776
967,0.0008540005,0.5023775,0.4967684
968,0.000854184,0.5022127,0.4969331
969,0.00085433,0.5020726,0.4970731
970,0.0008544465,0.5019564,0.4971892
971,0.0008545392,0.5018634,0.4972822
972,0.0008546125,0.501792,0.4973533
973,0.0007805914,0.5442809,0.4549385
974,0.0007435636,0.5646527,0.4346038
975,0.0007247928,0.5741119,0.4251633
976,0.0007151602,0.5782577,0.4210271
977,0.0007102055,0.5797921,0.4194976
978,0.0007076348,0.580083,0.4192094
979,0.0007062536,0.5798256,0.4194681
980,0.000705445,0.5793657,0.4199289
981,0.0007048977,0.5788674,0.4204277
982,0.0007044597,0.5784037,0.4208919
983,0.0007040616,0.5780017,0.4212942
984,0.0007036739,0.5776684,0.4216279
985,0.000717211,0.5691466,0.4301362
986,0.0007249517,0.5642809,0.4349943
987,0.000729121,0.5617246,0.4375462
988,0.0007312058,0.560503,0.4387658
989,0.0007321171,0.5600281,0.4392397
990,0.0007323935,0.5599555,0.439312
991,0.0007323427,0.5600883,0.4391793
992,0.0007321365,0.5603149,0.438953
993,0.0007318687,0.5605707,0.4386974
994,0.0007315928,0.5608141,0.4384543
995,0.00073134,0.5610161,0.4382525
996,0.0007311289,0.5611551,0.4381137
997,0.000747689,0.5514796,0.4477728
998,0.0007574771,0.5459703,0.4532723
999,0.0007631272,0.5429438,0.456293
1000,0.0007663,0.5413491,0.4578846
1001,0.0007680726,0.540502,0.45873
1002,0.0007690904,0.5400047,0.4592263
1003,0.0007697181,0.539645,0.4595853
1004,0.0007701496,0.5393232,0.4599066
1005,0.0007704795,0.5390028,0.4602267
1006,0.0007707503,0.5386775,0.4605517
1007,0.0007709772,0.538356,0.4608729
1008,0.0007711643,0.5380509,0.4611779
1009,0.0008146606,0.5122384,0.486947
1010,0.0008424893,0.4962613,0.5028962
1011,0.0008595211,0.4871073,0.5120332
1012,0.0008695566,0.4822444,0.5168861
1013,0.0008752798,0.4799248,0.5191999
1014,0.0008784649,0.479022,0.5200995
1015,0.0008802198,0.4788534,0.5202664
1016,0.0008812047,0.4790284,0.5200905
1017,0.0008817945,0.4793369,0.5197814
1018,0.0008821934,0.4796737,0.5194441
1019,0.0008825064,0.4799919,0.5191255
1020,0.0008827846,0.4802746,0.5188426
1021,0.0008372086,0.5070468,0.4921159
1022,0.0008124489,0.521094,0.4780935
1023,0.0007992011,0.528142,0.4710589
1024,0.0007921903,0.5315045,0.4677033
1025,0.0007885512,0.5329568,0.4662546
1026,0.0007867065,0.5334588,0.4657545
1027,0.0007857915,0.5335216,0.4656926
1028,0.0007853404,0.5334089,0.4658058
1029,0.0007851092,0.5332498,0.4659651
1030,0.0007849731,0.5331036,0.4661113
1031,0.0007848722,0.5329936,0.4662216
1032,0.0007847795,0.5329251,0.4662901
1033,0.000798137,0.52499,0.4742118
1034,0.0008060753,0.5204272,0.4787666
1035,0.0008105837,0.5180375,0.4811519
1036,0.000813038,0.5169197,0.4822673
1037,0.0008143047,0.5165174,0.4826683
1038,0.000814911,0.5164976,0.4826874
1039,0.000815166,0.5166678,0.4825169
1040,0.0008152458,0.5169208,0.482264
1041,0.0008152467,0.5171982,0.4819865
1042,0.0008152205,0.5174686,0.4817161
1043,0.0008151943,0.5177152,0.4814697
1044,0.0008151818,0.5179284,0.4812564
1045,0.0008101916,0.5209889,0.4782009
1046,0.0008073145,0.5227218,0.4764708
1047,0.0008057132,0.5236531,0.4755411
1048,0.0008048675,0.5241115,0.4750836
1049,0.000804458,0.5242987,0.4748968
1050,0.0008042938,0.5243347,0.474861
1051,0.0008042632,0.5242894,0.4749064
1052,0.0008043017,0.5242031,0.4749925
1053,0.0008043727,0.5240989,0.4750966
1054,0.0008044566,0.523989,0.4752065
1055,0.0008045423,0.5238807,0.4753147
