EwEVersion,"6.5.13829.0 (compiled 2016-05-17)"
Date,"2016-09-06 16:27:55"
ModelName,Baltic_Proper-SEALS
EcosimScenario,Proper1_SealVuln100_19742100_seal0_cofF03
TimeSeries,new_data_weights_19742100_BAU_WAR1_codF03_seal100
StartYear,1974

Data,"Prey of JuvSprat"

TimeStep,"Temora sp","Acartia sp","Pseudocalanus sp.","other mesozooplankton","Mysids",
1,0.3416938,0.2886033,0.1891636,0.1800687,0.0004705495
2,0.3482674,0.2841473,0.180382,0.1867539,0.0004494729
3,0.3504935,0.2783198,0.1777553,0.1929758,0.000455587
4,0.3508409,0.2745148,0.1778672,0.1963001,0.000476894
5,0.3503381,0.2715917,0.179495,0.1980676,0.0005075185
6,0.3492338,0.2692108,0.1817131,0.1992999,0.0005424759
7,0.3476536,0.2672599,0.1839657,0.2005426,0.0005779992
8,0.345695,0.2656451,0.185981,0.2020675,0.0006114295
9,0.3434241,0.2642711,0.1876572,0.2040067,0.0006409559
10,0.3408804,0.2630511,0.188981,0.2064222,0.0006653711
11,0.3380893,0.2619118,0.1899772,0.2093378,0.0006838776
12,0.3350734,0.2607949,0.1906818,0.2127539,0.0006959516
13,0.3422299,0.2583334,0.1877509,0.2109976,0.0006882314
14,0.3362069,0.2574781,0.19012,0.2154983,0.0006967135
15,0.3322332,0.2568059,0.1906997,0.2195713,0.0006899872
16,0.3288544,0.2554789,0.1907574,0.2242354,0.0006737925
17,0.3258283,0.2537415,0.1904924,0.229288,0.0006498788
18,0.3232094,0.2518364,0.1899556,0.2343789,0.0006197289
19,0.3211084,0.2500155,0.1891461,0.2391451,0.0005849207
20,0.3195709,0.2487809,0.1879573,0.2431438,0.0005468851
21,0.3185756,0.2487273,0.1862569,0.2459331,0.0005070794
22,0.3180169,0.2504243,0.1839456,0.2471462,0.0004670408
23,0.3177346,0.2542512,0.1810067,0.246579,0.0004283689
24,0.3176012,0.2601647,0.1775576,0.2442839,0.0003926795
25,0.2380596,0.2693504,0.1996187,0.2925477,0.0004236826
26,0.2625619,0.2737003,0.1828409,0.28053,0.0003670059
27,0.2669874,0.2787004,0.1768901,0.277069,0.0003530545
28,0.270396,0.2869774,0.1723363,0.2699395,0.0003510094
29,0.2742392,0.2913501,0.1702376,0.2638124,0.0003608056
30,0.278369,0.2916877,0.1700142,0.2595498,0.0003793488
31,0.2821794,0.2898529,0.1708087,0.2567559,0.0004030893
32,0.2852545,0.2876839,0.1718478,0.2547852,0.0004285468
33,0.2874958,0.2853883,0.1729837,0.2536781,0.000454093
34,0.2888958,0.2833683,0.1740046,0.2532534,0.0004779854
35,0.2895394,0.2816928,0.1748276,0.2534411,0.0004990316
36,0.2895321,0.2803111,0.1754304,0.25421,0.0005164272
37,0.2883649,0.2812726,0.1764547,0.2533773,0.00053064
38,0.284924,0.2810585,0.1786389,0.2548325,0.0005460685
39,0.282292,0.2807748,0.1794172,0.2569656,0.0005504439
40,0.2798591,0.2802824,0.179499,0.2598128,0.000546659
41,0.2774937,0.2798051,0.1791454,0.2630192,0.0005365404
42,0.275208,0.2794739,0.1785128,0.2662835,0.0005218071
43,0.2730548,0.2793608,0.1777012,0.2693791,0.0005040347
44,0.2711405,0.2789463,0.1771201,0.2723078,0.0004852753
45,0.2694177,0.27915,0.1763867,0.2745798,0.0004657468
46,0.2679645,0.2799451,0.1755176,0.2761263,0.0004464342
47,0.2668402,0.281319,0.1745254,0.2768873,0.0004280838
48,0.266093,0.2832029,0.1734384,0.2768544,0.0004113098
49,0.2656956,0.2900134,0.1716089,0.2722933,0.0003887971
50,0.2632295,0.2931137,0.1724719,0.2708077,0.0003772971
51,0.2626612,0.2953551,0.1724627,0.2691566,0.0003643902
52,0.2630394,0.2971739,0.1720313,0.2674034,0.00035205
53,0.2641016,0.2990353,0.1712964,0.2652255,0.000341131
54,0.2657774,0.3008489,0.1704401,0.2626011,0.0003324909
55,0.268026,0.3023397,0.1696402,0.2596673,0.0003267771
56,0.2707659,0.303656,0.1687926,0.2564615,0.0003240106
57,0.2739105,0.3041463,0.1682365,0.2533821,0.0003246409
58,0.2772435,0.3040041,0.1679548,0.2504693,0.0003283629
59,0.2805696,0.3033983,0.1679195,0.2477778,0.0003347796
60,0.2837314,0.3024903,0.1680886,0.2453462,0.0003433942
61,0.2583607,0.3106692,0.1763932,0.254206,0.0003709999
62,0.2577042,0.3120405,0.1775855,0.2522891,0.0003807743
63,0.2582424,0.3111455,0.1788372,0.251384,0.000390876
64,0.2593454,0.3105244,0.1795101,0.250221,0.0003990216
65,0.2607474,0.3100168,0.1798883,0.2489414,0.0004059563
66,0.2623196,0.3094819,0.1801486,0.2476376,0.0004122887
67,0.2639747,0.3088743,0.1803772,0.2463554,0.0004183952
68,0.2656454,0.3078579,0.1808646,0.2452072,0.0004249705
69,0.267214,0.3068527,0.1814156,0.2440859,0.000431791
70,0.268676,0.3057875,0.1820409,0.2430566,0.0004389279
71,0.2700049,0.3046716,0.1827326,0.2421446,0.0004463092
72,0.2711783,0.303526,0.1834791,0.2413627,0.0004538115
73,0.2454143,0.307161,0.1905587,0.2564,0.0004658319
74,0.2430644,0.3080632,0.1888249,0.2595911,0.0004563783
75,0.2452163,0.3042721,0.1887812,0.2612711,0.0004592668
76,0.2479246,0.301066,0.1892233,0.2613184,0.0004678687
77,0.2499925,0.2983987,0.1901027,0.2610262,0.0004798455
78,0.2510851,0.2961024,0.1912666,0.2610529,0.0004930914
79,0.2511693,0.2941245,0.1925464,0.261654,0.0005058468
80,0.2503315,0.292423,0.1938072,0.2629215,0.0005167205
81,0.2486616,0.2909706,0.1949846,0.2648583,0.0005247851
82,0.2462543,0.2897584,0.1960309,0.267427,0.000529399
83,0.2432028,0.2887762,0.1969172,0.2705736,0.0005301854
84,0.2395987,0.2880175,0.1976263,0.2742305,0.0005269856
85,0.2767705,0.2766792,0.1856492,0.26041,0.0004911063
86,0.2784725,0.2724291,0.1852953,0.263315,0.0004880627
87,0.2758487,0.2731571,0.1846097,0.2659057,0.0004787257
88,0.272568,0.2729254,0.184385,0.2696542,0.0004672961
89,0.2687273,0.2721291,0.1842963,0.2743943,0.000452984
90,0.2644052,0.2711072,0.1841313,0.2799212,0.0004351134
91,0.2597465,0.2699914,0.1838003,0.2860482,0.0004135123
92,0.2549452,0.2687356,0.1833927,0.292538,0.0003884488
93,0.2501658,0.2675488,0.1828073,0.2991174,0.0003606501
94,0.2456052,0.2666482,0.1820088,0.3054068,0.0003310865
95,0.2414342,0.2663652,0.1809604,0.3109394,0.0003008863
96,0.2377836,0.2671589,0.179609,0.3151773,0.0002712169
97,0.2455222,0.2667956,0.1740341,0.3134147,0.0002334718
98,0.2451541,0.269087,0.1712004,0.3143525,0.0002059759
99,0.2451141,0.2765207,0.1677332,0.3104481,0.000183928
100,0.2457259,0.2850784,0.1645559,0.3044716,0.0001683448
101,0.2474068,0.2926732,0.162008,0.2977532,0.0001588989
102,0.2503381,0.2980565,0.16029,0.2911601,0.0001551995
103,0.2544016,0.3008524,0.1594463,0.2851428,0.0001568847
104,0.2592063,0.30164,0.1592245,0.2797658,0.000163545
105,0.264331,0.300703,0.1596451,0.275146,0.0001749087
106,0.2692893,0.2987304,0.1605481,0.2712417,0.0001905192
107,0.2737117,0.2962612,0.1617872,0.2680302,0.0002097612
108,0.277378,0.2936476,0.163238,0.2655046,0.0002318297
109,0.3006513,0.2864922,0.1597775,0.2528246,0.0002544157
110,0.2974626,0.2856562,0.1642189,0.2523716,0.0002908366
111,0.2963691,0.2848526,0.1667717,0.2516868,0.0003198952
112,0.2957611,0.2833659,0.1686456,0.2518833,0.0003441158
113,0.2951792,0.2819206,0.1699949,0.2525415,0.0003638487
114,0.2945502,0.2806927,0.1709734,0.253404,0.0003797179
115,0.2938886,0.2796745,0.171711,0.2543334,0.0003924541
116,0.293171,0.2792804,0.1718804,0.255266,0.0004021269
117,0.2925365,0.2789406,0.1718859,0.2562274,0.0004095417
118,0.2919503,0.2787052,0.1717893,0.25714,0.0004150985
119,0.291408,0.2785938,0.1716203,0.2579587,0.0004191336
120,0.2909159,0.2786127,0.1713943,0.2586551,0.0004219223
121,0.2750189,0.2814895,0.1756493,0.2674053,0.0004369197
122,0.2764446,0.2819647,0.1739764,0.2671809,0.0004333496
123,0.2764696,0.2817396,0.173428,0.2679291,0.0004336556
124,0.2762843,0.2821756,0.1729065,0.2681997,0.0004339619
125,0.2760912,0.2827874,0.1724414,0.2682457,0.0004341891
126,0.2759299,0.2833805,0.1720322,0.2682232,0.0004342294
127,0.2757973,0.2839156,0.1716569,0.2681963,0.0004339272
128,0.2756737,0.2843664,0.1713935,0.2681329,0.0004334706
129,0.2755584,0.2847791,0.1711537,0.268076,0.0004327531
130,0.2754593,0.2851428,0.1709254,0.2680408,0.0004317287
131,0.2753748,0.2854632,0.1707014,0.2680301,0.000430378
132,0.2753013,0.2857519,0.1704763,0.2680418,0.0004287038
133,0.1681995,0.3187093,0.2027244,0.3098563,0.00051044
134,0.1461583,0.3338747,0.2106343,0.3088193,0.0005132924
135,0.1214252,0.339222,0.2203326,0.3185075,0.0005127456
136,0.1000721,0.3453368,0.2263881,0.3277107,0.0004923454
137,0.08232279,0.3535046,0.2292957,0.3344191,0.000457834
138,0.06845632,0.3639753,0.2297015,0.3374503,0.000416641
139,0.0586526,0.3760634,0.2283813,0.3365269,0.0003757868
140,0.05291595,0.3875679,0.2266325,0.3325427,0.0003408655
141,0.05121982,0.3973713,0.2248809,0.3262133,0.0003147415
142,0.0537435,0.4037428,0.2236742,0.3185407,0.000298875
143,0.06081823,0.4060426,0.2229885,0.3098577,0.0002930265
144,0.07272605,0.4043458,0.2224699,0.3001621,0.0002961502
145,0.112629,0.3853658,0.2113297,0.2903834,0.0002920947
146,0.1576259,0.3651001,0.1998392,0.2771364,0.0002983611
147,0.1983564,0.3444617,0.1930573,0.2638013,0.0003232247
148,0.227805,0.3285623,0.1904083,0.2528622,0.0003620962
149,0.2462635,0.31725,0.1908073,0.245269,0.0004101596
150,0.2569216,0.309316,0.1929044,0.2403959,0.0004621852
151,0.2627691,0.3036114,0.1957102,0.2373953,0.0005139662
152,0.2657777,0.2992944,0.1986779,0.2356869,0.0005631551
153,0.2670494,0.2958194,0.2015909,0.2349319,0.0006084268
154,0.2671706,0.2928713,0.204369,0.2349399,0.0006492347
155,0.2664342,0.2902621,0.2069997,0.2356185,0.0006854767
156,0.2649732,0.2878925,0.2094895,0.2369276,0.0007172206
157,0.2327805,0.3002962,0.2278323,0.2382755,0.0008154531
158,0.2047381,0.3055673,0.2543443,0.2344039,0.0009463532
159,0.1732674,0.3174149,0.2740868,0.2341962,0.00103473
160,0.1406661,0.3305126,0.2895381,0.2382006,0.001082724
161,0.1083459,0.3429564,0.3017194,0.2458888,0.001089546
162,0.0781371,0.3542586,0.3105697,0.2559813,0.00105325
163,0.0522272,0.3649814,0.3153949,0.266422,0.0009744025
164,0.03235518,0.3764528,0.315592,0.2747397,0.0008603363
165,0.01891511,0.3904439,0.3110753,0.2788396,0.0007260984
166,0.0108432,0.4075456,0.3030554,0.2779644,0.0005913657
167,0.006405582,0.4261334,0.293905,0.2730825,0.000473607
168,0.004088354,0.443212,0.2861982,0.266119,0.0003824193
169,0.02079156,0.4708022,0.2564363,0.2516857,0.0002842544
170,0.1044974,0.4283842,0.2317053,0.235184,0.0002290159
171,0.219121,0.3704011,0.2037095,0.2065678,0.0002006743
172,0.2879069,0.3356752,0.1898584,0.1863546,0.000204932
173,0.3244821,0.3152045,0.1861703,0.1739088,0.0002343735
174,0.3419645,0.3022067,0.1885198,0.1670262,0.0002828191
175,0.3492201,0.2933472,0.1936122,0.1634766,0.000343972
176,0.3509029,0.2871506,0.1996157,0.1619191,0.0004117916
177,0.3497509,0.2827976,0.2054778,0.1614925,0.0004811474
178,0.3473324,0.279649,0.2107437,0.1617265,0.0005483863
179,0.3444405,0.2772661,0.2152954,0.1623868,0.0006113172
180,0.341417,0.2753714,0.2191735,0.1633692,0.0006688518
181,0.3527242,0.2681861,0.2154297,0.1629592,0.000700742
182,0.3545495,0.265021,0.2144621,0.1652308,0.0007366317
183,0.3540033,0.2621991,0.2150864,0.1679371,0.000774069
184,0.3521664,0.2599485,0.216471,0.1706034,0.0008107081
185,0.3495888,0.2582285,0.2180869,0.1732513,0.0008444937
186,0.3465419,0.2569574,0.2196047,0.1760223,0.0008737767
187,0.3431589,0.2560688,0.2208311,0.1790442,0.0008972203
188,0.3394589,0.2556323,0.2215616,0.1824338,0.0009135132
189,0.3355225,0.2555443,0.2217866,0.1862246,0.0009218792
190,0.3313287,0.2558084,0.2215144,0.1904267,0.0009219265
191,0.3268541,0.2564588,0.2207518,0.1950217,0.0009135292
192,0.3220836,0.2575627,0.2194963,0.1999606,0.0008967903
193,0.3300062,0.254431,0.212287,0.2024261,0.0008496201
194,0.3266945,0.2554989,0.2084967,0.2084969,0.00081297
195,0.3229896,0.2574511,0.204998,0.2137878,0.0007734394
196,0.3194078,0.2596154,0.2018551,0.218389,0.0007326545
197,0.3161394,0.2619176,0.1989136,0.2223385,0.0006909354
198,0.3132782,0.2643496,0.1960688,0.2256547,0.0006487403
199,0.3108767,0.2669233,0.1932698,0.2283235,0.0006068177
200,0.3089818,0.2694963,0.1906342,0.2303213,0.0005663843
201,0.3075637,0.2723866,0.1880087,0.2315129,0.0005281038
202,0.3066615,0.2755115,0.1854229,0.2319112,0.0004930031
203,0.3062945,0.2787407,0.1829348,0.2315681,0.0004619629
204,0.3064642,0.2818953,0.1806222,0.2305826,0.0004356701
205,0.2958825,0.2967742,0.1824293,0.2244876,0.0004264385
206,0.2877157,0.3042512,0.1882131,0.2193909,0.0004291886
207,0.2841363,0.3088208,0.1913859,0.2152366,0.0004204292
208,0.2827073,0.3128528,0.1923725,0.2116648,0.0004026258
209,0.2826408,0.3171079,0.1917159,0.2081558,0.0003795928
210,0.2837299,0.3214627,0.1900375,0.2044143,0.000355621
211,0.2859793,0.3253895,0.1879298,0.2003669,0.0003344208
212,0.2894786,0.3289246,0.1854004,0.1958781,0.0003182131
213,0.2941283,0.3306088,0.1833894,0.1915641,0.0003093339
214,0.2994901,0.3307247,0.1820045,0.1874725,0.0003080475
215,0.3050558,0.3296389,0.1812765,0.1837146,0.0003141793
216,0.3103414,0.3278182,0.1811432,0.1803701,0.0003271515
217,0.3328881,0.3132893,0.1729303,0.1805623,0.0003299582
218,0.3423193,0.3066717,0.1680695,0.1825951,0.0003444637
219,0.347112,0.3000135,0.1672546,0.1852444,0.0003756428
220,0.3492679,0.2948837,0.16853,0.1869006,0.0004178126
221,0.3499381,0.2909567,0.1707953,0.1878438,0.0004662499
222,0.3497467,0.2879499,0.1733289,0.1884577,0.0005168
223,0.3490737,0.2856055,0.1757539,0.1890005,0.0005663745
224,0.348134,0.2836988,0.1779208,0.189633,0.0006132165
225,0.3470336,0.2820069,0.1798427,0.1904605,0.0006563336
226,0.3458054,0.2804003,0.1815657,0.1915332,0.0006953164
227,0.3444488,0.2788028,0.1831439,0.1928744,0.0007301318
228,0.3429516,0.2771709,0.1846234,0.1944931,0.0007609377
229,0.3154324,0.2841872,0.1954595,0.2040928,0.000828105
230,0.3104979,0.2843084,0.1985539,0.2057843,0.0008555314
231,0.3064969,0.2832731,0.2011512,0.2082015,0.0008773304
232,0.3029589,0.2821643,0.2030662,0.2109187,0.0008918476
233,0.2996406,0.2811891,0.2044782,0.2137924,0.0008996138
234,0.2964765,0.2804563,0.2054983,0.2166678,0.0009012258
235,0.293477,0.2800727,0.2061681,0.2193851,0.0008971243
236,0.2906798,0.280159,0.2064846,0.2217891,0.000887558
237,0.288121,0.2808837,0.2063998,0.2237227,0.0008728317
238,0.2858727,0.2822754,0.2059062,0.2250922,0.0008535295
239,0.2840163,0.2842663,0.2050319,0.225855,0.0008304786
240,0.282632,0.2866912,0.2038466,0.2260254,0.0008047521
241,0.2408291,0.2954924,0.216396,0.2464585,0.0008239804
242,0.2368432,0.3024782,0.2122045,0.2477017,0.0007724206
243,0.2361988,0.3031961,0.2104643,0.2494008,0.0007400658
244,0.2372952,0.3045057,0.2085949,0.2488908,0.0007133978
245,0.2392811,0.3056183,0.2070486,0.2473595,0.00069263
246,0.2416597,0.306157,0.2059575,0.2455485,0.0006772337
247,0.2440912,0.3062081,0.2052539,0.2437806,0.000666141
248,0.2463704,0.3057016,0.2049805,0.2422887,0.0006588362
249,0.2483391,0.3051607,0.2048841,0.2409622,0.0006538485
250,0.2500065,0.3045903,0.2049161,0.2398365,0.0006505179
251,0.2513912,0.3040248,0.2050309,0.2389047,0.0006482757
252,0.2525243,0.3034822,0.2051966,0.2381501,0.0006466869
253,0.3222354,0.281691,0.1828621,0.2126379,0.0005736262
254,0.3274287,0.2769442,0.1822942,0.212753,0.0005797924
255,0.3281676,0.2773399,0.1818655,0.2120418,0.0005850877
256,0.3288496,0.2765777,0.1822349,0.2117444,0.0005933719
257,0.3291968,0.2754249,0.1829787,0.2117963,0.0006032625
258,0.329187,0.2742677,0.1838127,0.2121192,0.0006133792
259,0.3288825,0.2732016,0.1846037,0.2126894,0.0006228415
260,0.3283343,0.2722897,0.1852919,0.213453,0.0006311219
261,0.3276278,0.2714424,0.1858765,0.2144154,0.0006379878
262,0.3267981,0.2706705,0.186348,0.2155402,0.0006432617
263,0.3258803,0.2699782,0.1867067,0.2167879,0.0006468816
264,0.3249083,0.2693727,0.1869558,0.2181144,0.0006488601
265,0.2405793,0.2971309,0.2171503,0.2443828,0.0007568084
266,0.2228923,0.3062431,0.2267556,0.2433313,0.0007778086
267,0.2049272,0.3111528,0.2357826,0.2473482,0.0007891966
268,0.1892426,0.3164012,0.2414755,0.2521031,0.0007776247
269,0.1756916,0.3225968,0.2444262,0.2565386,0.0007467619
270,0.1644814,0.3300248,0.2451386,0.2596528,0.000702409
271,0.1560943,0.33863,0.2439838,0.2606409,0.0006509968
272,0.1511291,0.3480928,0.2411761,0.2590036,0.0005982975
273,0.1501951,0.3563776,0.2376244,0.2552523,0.0005506725
274,0.1534767,0.3622091,0.2339098,0.2498925,0.0005118252
275,0.1607143,0.3648486,0.2304637,0.2434898,0.0004836492
276,0.1711043,0.3644068,0.2275055,0.236517,0.0004665333
277,0.2113447,0.3548563,0.2161275,0.217226,0.0004455603
278,0.2354341,0.3443252,0.2133715,0.2064175,0.0004516851
279,0.2493172,0.3399278,0.212249,0.1980403,0.0004656406
280,0.2588383,0.3364258,0.2123393,0.1919109,0.0004858359
281,0.2657742,0.3333083,0.2130481,0.1873593,0.0005100755
282,0.2709374,0.330472,0.2141006,0.1839531,0.0005369086
283,0.2748017,0.3278672,0.2153671,0.1813987,0.0005652728
284,0.2776825,0.3253502,0.2168487,0.1795239,0.0005946374
285,0.2797731,0.3229751,0.2184645,0.1781629,0.0006243279
286,0.2812379,0.3207281,0.2201733,0.177207,0.0006538599
287,0.282199,0.3185998,0.2219426,0.1765759,0.0006828615
288,0.2827471,0.3165825,0.2237476,0.1762118,0.0007110641
289,0.3083832,0.3038109,0.2116122,0.1755128,0.000681005
290,0.3198315,0.2959751,0.2051703,0.1783497,0.0006734165
291,0.3260047,0.2884642,0.2033246,0.1815195,0.0006870519
292,0.3287125,0.2828602,0.2040151,0.1836982,0.0007139374
293,0.329469,0.2787251,0.2059621,0.1850956,0.0007482435
294,0.3290943,0.2755799,0.2084086,0.1861314,0.0007858778
295,0.32801,0.2731028,0.2109428,0.1871201,0.0008241879
296,0.3264086,0.2711111,0.2133759,0.1882433,0.0008611744
297,0.3244399,0.2695031,0.2155849,0.1895765,0.0008957245
298,0.3221722,0.2681943,0.2175402,0.191166,0.0009272856
299,0.3196442,0.2671484,0.2192315,0.1930204,0.000955497
300,0.3168859,0.2663554,0.2206539,0.1951247,0.0009800828
301,0.3253587,0.2607685,0.212737,0.2001979,0.0009377855
302,0.3283519,0.2582006,0.2067769,0.2057629,0.0009077828
303,0.3286741,0.2550983,0.204868,0.2104568,0.0009028107
304,0.3273705,0.2532415,0.2047816,0.2136948,0.0009116348
305,0.3252696,0.2520666,0.2055201,0.2162152,0.0009282571
306,0.3227155,0.2512464,0.2065144,0.2185751,0.0009485658
307,0.3198664,0.2506518,0.2074541,0.2210579,0.0009697364
308,0.3169504,0.2499611,0.2083179,0.2237811,0.0009896051
309,0.3137836,0.2494981,0.2089633,0.226748,0.001007109
310,0.310468,0.2492507,0.2093358,0.2299242,0.001021383
311,0.3071001,0.249182,0.2094352,0.2332509,0.001031819
312,0.303766,0.2492515,0.2092891,0.2366554,0.001038011
313,0.2863548,0.2624662,0.215922,0.2341501,0.001106882
314,0.2672744,0.2678878,0.2309804,0.2326353,0.001221947
315,0.2539399,0.2710194,0.2401281,0.2336252,0.001287334
316,0.2433641,0.272208,0.2459039,0.2372166,0.001307426
317,0.2345566,0.2726008,0.2492907,0.2422687,0.001283307
318,0.2270853,0.2738319,0.2505443,0.2473201,0.001218422
319,0.2206969,0.2781065,0.2493706,0.2507064,0.001119632
320,0.2151628,0.2889399,0.244588,0.2503146,0.0009947598
321,0.2110821,0.3051022,0.2369296,0.2460246,0.0008613756
322,0.2094048,0.3235688,0.2276174,0.2386735,0.0007356118
323,0.2112956,0.33941,0.2185443,0.2301201,0.0006300079
324,0.217318,0.349005,0.2111683,0.2219587,0.0005498795
325,0.2403691,0.348961,0.2003209,0.2098832,0.0004657847
326,0.2568424,0.3431318,0.1959018,0.2037026,0.0004214819
327,0.270529,0.3383696,0.1929214,0.1977827,0.0003972382
328,0.2822157,0.3334137,0.191412,0.192569,0.0003896152
329,0.2916664,0.3289295,0.1909446,0.1880647,0.0003947988
330,0.2989082,0.3251247,0.1912259,0.1843313,0.0004098889
331,0.3041923,0.3219718,0.1920253,0.1813781,0.0004325148
332,0.3078326,0.3191271,0.1933373,0.1792422,0.0004607905
333,0.3101842,0.3167821,0.1948392,0.177702,0.0004926049
334,0.311606,0.3147502,0.1964391,0.176678,0.000526565
335,0.3123536,0.3129364,0.1980691,0.1760794,0.0005615038
336,0.3126085,0.3112611,0.1996985,0.1758352,0.0005965456
337,0.3080778,0.3106637,0.2035428,0.177072,0.0006436736
338,0.3059625,0.3101883,0.2059066,0.1772589,0.0006836276
339,0.3044112,0.3093397,0.2079038,0.1776256,0.0007197725
340,0.303038,0.3082376,0.2096986,0.1782732,0.0007526004
341,0.3016565,0.3069342,0.211411,0.1792157,0.0007827181
342,0.3001665,0.3054799,0.2131124,0.1804305,0.0008106435
343,0.2985169,0.3039269,0.2148352,0.1818841,0.0008367591
344,0.2966973,0.3025452,0.2163785,0.1835181,0.0008608488
345,0.2947355,0.3011235,0.2179033,0.1853544,0.0008833599
346,0.2926126,0.2997557,0.2194013,0.1873263,0.0009041422
347,0.2903461,0.2985044,0.2208508,0.1893757,0.0009230142
348,0.2879703,0.2974281,0.2222179,0.1914441,0.0009397477
349,0.2258242,0.3034939,0.2378704,0.2318402,0.0009714411
350,0.2100845,0.3108246,0.2310293,0.2471529,0.0009086665
351,0.2083146,0.3030139,0.2294701,0.2583086,0.0008927799
352,0.2108394,0.2980567,0.2282494,0.2619596,0.0008947896
353,0.2138834,0.2949225,0.227848,0.2624359,0.0009101225
354,0.2160161,0.2925456,0.2282033,0.2623009,0.0009341488
355,0.216815,0.2906359,0.2290202,0.2625663,0.000962631
356,0.2162597,0.2892955,0.2299928,0.26346,0.0009919197
357,0.2145661,0.2882401,0.231034,0.2651399,0.001020026
358,0.2118992,0.2874605,0.2320413,0.2675538,0.001045156
359,0.2084217,0.2869199,0.2329677,0.2706247,0.001065987
360,0.204278,0.2865823,0.2337927,0.2742656,0.0010815
361,0.2462586,0.286585,0.2191203,0.2469855,0.001050438
362,0.2435374,0.2815112,0.2299548,0.2438476,0.001149082
363,0.2322327,0.2858872,0.2366717,0.2440053,0.001203196
364,0.2216734,0.2882647,0.2415062,0.2473352,0.001220398
365,0.2118563,0.2892074,0.2450092,0.2527235,0.00120349
366,0.2027645,0.2902221,0.2471335,0.2587246,0.001155291
367,0.1945597,0.2929115,0.2475957,0.2638524,0.001080728
368,0.1875269,0.2984065,0.2461838,0.266895,0.0009878386
369,0.1819702,0.3082679,0.2423405,0.2665378,0.0008836435
370,0.1785454,0.3216839,0.2363581,0.2626345,0.0007781897
371,0.1780728,0.3359271,0.2292346,0.2560841,0.000681386
372,0.1812362,0.3475556,0.2222714,0.2483364,0.0006004405
373,0.1792413,0.3603081,0.2186335,0.2412853,0.0005319524
374,0.1860227,0.3629173,0.2161546,0.2344221,0.0004833266
375,0.1961287,0.3620146,0.2138558,0.2275524,0.0004485541
376,0.2077659,0.3594365,0.2116438,0.2207281,0.0004254984
377,0.219647,0.3560568,0.2096845,0.2141988,0.0004129228
378,0.2308318,0.3523908,0.2081513,0.2082165,0.000409663
379,0.240721,0.3487615,0.20714,0.202963,0.0004144957
380,0.2490521,0.3454221,0.2065869,0.1985129,0.0004260654
381,0.2557686,0.3423463,0.2065156,0.1949262,0.0004431938
382,0.2609576,0.3396021,0.2068354,0.1921402,0.0004645551
383,0.2648188,0.3371964,0.2074407,0.1900552,0.0004888647
384,0.2675913,0.3351006,0.208233,0.1885602,0.0005149397
385,0.275003,0.3306471,0.2077361,0.1860703,0.0005434926
386,0.2776549,0.3285001,0.2083539,0.1849164,0.0005746966
387,0.2787344,0.3270058,0.209255,0.1843993,0.0006055848
388,0.2789919,0.3256989,0.2102895,0.1843843,0.0006353765
389,0.2787026,0.3244601,0.2113877,0.1847859,0.0006635603
390,0.2779776,0.3232567,0.2125216,0.1855542,0.0006897878
391,0.2768653,0.3220825,0.213681,0.1866576,0.0007137947
392,0.2753687,0.3207298,0.2150557,0.18811,0.0007359519
393,0.2734784,0.3194326,0.2165048,0.1898285,0.0007557576
394,0.2712407,0.3181658,0.2180138,0.1918066,0.0007730952
395,0.2686849,0.3169413,0.2195632,0.1940227,0.0007878154
396,0.2658406,0.3157867,0.2211284,0.1964446,0.0007997539
397,0.31709,0.2985987,0.204318,0.1792484,0.0007447673
398,0.3221807,0.2925502,0.2060466,0.1784593,0.0007631223
399,0.3210345,0.2934443,0.2069821,0.1777679,0.0007713572
400,0.3195461,0.2938861,0.2078691,0.1779251,0.0007734855
401,0.3179913,0.2938912,0.2086373,0.17871,0.0007702548
402,0.3164111,0.2938609,0.2091686,0.1797973,0.0007620916
403,0.3148789,0.294034,0.2094114,0.1809261,0.0007496144
404,0.313433,0.2947747,0.2092431,0.1818162,0.0007330889
405,0.3122376,0.2958172,0.2087914,0.1824401,0.0007138385
406,0.3113468,0.2971483,0.2080851,0.1827269,0.0006927649
407,0.3108085,0.2986773,0.2071805,0.1826628,0.0006708218
408,0.3106526,0.3002825,0.2061453,0.1822706,0.0006489246
409,0.312309,0.2936632,0.2004594,0.1929684,0.0006000001
410,0.3195848,0.2913555,0.1910712,0.1974397,0.0005488425
411,0.3237005,0.2874244,0.1868591,0.2014872,0.0005288379
412,0.3261563,0.2851319,0.1851711,0.2030133,0.000527336
413,0.3277285,0.2830248,0.1852785,0.2034295,0.0005387249
414,0.3284652,0.2810072,0.1863508,0.2036191,0.0005576831
415,0.328389,0.2792324,0.1877904,0.2040082,0.0005799782
416,0.3276122,0.2777982,0.1891779,0.2048092,0.0006024545
417,0.3262566,0.2766782,0.1903622,0.2060803,0.0006226768
418,0.3244479,0.2757878,0.1912871,0.2078382,0.000638918
419,0.3222856,0.2750556,0.1919432,0.2100656,0.0006499631
420,0.3198485,0.2744253,0.1923433,0.2127279,0.000655022
421,0.3062144,0.2760864,0.1969037,0.2201186,0.0006768097
422,0.3029151,0.276759,0.1968433,0.2228101,0.0006725624
423,0.2994736,0.2763427,0.1969601,0.2265619,0.0006617579
424,0.2961806,0.2760574,0.1966779,0.2304415,0.000642653
425,0.2931414,0.2760052,0.1960479,0.2341887,0.000616757
426,0.290426,0.2762741,0.1951337,0.2375801,0.0005859532
427,0.2880903,0.2769888,0.1939656,0.2404032,0.0005521473
428,0.2861698,0.2783187,0.1925556,0.2424387,0.0005171085
429,0.2846941,0.2804905,0.1908511,0.2434819,0.0004823233
430,0.2837108,0.2834981,0.1888843,0.2434575,0.0004492477
431,0.2832861,0.2871532,0.186739,0.2424025,0.0004191481
432,0.2834995,0.2910946,0.184547,0.2404659,0.0003930564
433,0.1944786,0.3282411,0.2116478,0.2652074,0.0004250915
434,0.178919,0.3438926,0.2177279,0.259053,0.000407466
435,0.1629466,0.3502889,0.2259719,0.260401,0.0003916395
436,0.1501855,0.3585798,0.2304223,0.2604481,0.000364308
437,0.1409976,0.368541,0.2316687,0.2584623,0.0003304052
438,0.1361217,0.3786997,0.2305783,0.2543046,0.0002957491
439,0.1363147,0.3870802,0.228079,0.248261,0.000265049
440,0.1421139,0.3924533,0.2246036,0.2405881,0.0002410271
441,0.1533524,0.3930993,0.2211397,0.2321833,0.0002253351
442,0.1687188,0.3899505,0.2178138,0.2232992,0.0002178054
443,0.1862327,0.3843329,0.2148051,0.2144112,0.0002180489
444,0.2037244,0.37761,0.212346,0.2060941,0.0002256407
445,0.1514982,0.3922446,0.2344037,0.2215941,0.0002593665
446,0.1248384,0.4065383,0.2436203,0.2247218,0.0002811583
447,0.1090524,0.4129156,0.2509471,0.2267803,0.0003047007
448,0.09929176,0.4163637,0.2563554,0.2276603,0.0003287936
449,0.09318396,0.4181397,0.2604885,0.2278345,0.0003533601
450,0.08941877,0.4187842,0.2638006,0.2276181,0.0003783209
451,0.08720656,0.418616,0.2665755,0.2271985,0.0004035383
452,0.08601002,0.4176691,0.2691398,0.2267519,0.0004290419
453,0.0854698,0.4162716,0.2715143,0.2262898,0.0004545478
454,0.0853504,0.4145215,0.2737796,0.2258684,0.0004799337
455,0.08547599,0.4125156,0.2759845,0.2255189,0.0005050643
456,0.08571472,0.4103353,0.2781602,0.2252599,0.0005298122
457,0.218615,0.3593159,0.2333928,0.1881968,0.0004795147
458,0.2872605,0.3247014,0.2150352,0.172519,0.0004838895
459,0.3147969,0.310932,0.2078942,0.1658641,0.0005128094
460,0.3240702,0.3051901,0.2064112,0.1637755,0.000552992
461,0.3267491,0.3019141,0.2071284,0.1636126,0.0005957731
462,0.3266516,0.2995387,0.2087417,0.1644306,0.0006374451
463,0.3251629,0.2975855,0.2107054,0.1658701,0.0006761047
464,0.3228436,0.2958514,0.2127964,0.1677982,0.0007104039
465,0.319931,0.2943245,0.2148605,0.1701446,0.000739442
466,0.3165442,0.2929934,0.2168166,0.1728834,0.0007625251
467,0.3127537,0.291874,0.218603,0.1759903,0.000779011
468,0.3086425,0.2910145,0.2201086,0.1794461,0.0007883565
469,0.2874202,0.2908011,0.2210685,0.1999438,0.0007664266
470,0.2838233,0.2903867,0.2137844,0.2112931,0.0007125489
471,0.2835564,0.2840125,0.2109329,0.2208139,0.0006843069
472,0.2828786,0.2805254,0.2095692,0.2263588,0.0006679493
473,0.2816056,0.2787588,0.2092448,0.2297315,0.0006592216
474,0.2798097,0.2777015,0.2095347,0.2322995,0.0006546127
475,0.2775289,0.2770043,0.2100766,0.2347388,0.0006513516
476,0.2747634,0.2766797,0.210612,0.2372973,0.0006475535
477,0.2715763,0.2767605,0.210981,0.2400403,0.0006418906
478,0.2681021,0.2772295,0.2110894,0.2429454,0.0006335707
479,0.2644855,0.2780333,0.2109269,0.2459321,0.0006221869
480,0.2608643,0.2791188,0.2105129,0.2488963,0.0006076837
481,0.335999,0.25984,0.1865688,0.2170422,0.0005501037
482,0.321611,0.2637279,0.1938331,0.22024,0.0005879914
483,0.3145977,0.2700602,0.1952019,0.2195487,0.0005915292
484,0.3113836,0.2724994,0.1955174,0.2200183,0.0005812299
485,0.3094586,0.2736861,0.1950378,0.2212572,0.0005603159
486,0.3080941,0.2749628,0.1938076,0.2226043,0.0005312412
487,0.307093,0.276889,0.1919445,0.2235767,0.0004968287
488,0.3064172,0.2802675,0.189177,0.223679,0.0004593621
489,0.3061541,0.2843963,0.1860298,0.2229977,0.000422105
490,0.3063968,0.2890199,0.1826975,0.2214985,0.0003871464
491,0.3072461,0.2936519,0.1794198,0.219326,0.0003561866
492,0.3087791,0.2977778,0.1764154,0.2166974,0.0003303606
493,0.3132654,0.3018843,0.173857,0.2106767,0.0003166498
494,0.3123101,0.306389,0.1740246,0.2069657,0.0003106361
495,0.3141257,0.3087177,0.1736271,0.2032251,0.0003044015
496,0.3169003,0.3099142,0.1730195,0.1998663,0.0002995196
497,0.3200622,0.3105328,0.1723325,0.1967756,0.0002967945
498,0.3233583,0.3106768,0.1717434,0.1939246,0.0002969275
499,0.3266298,0.3103711,0.1713807,0.1913181,0.000300313
500,0.3297098,0.3092925,0.1715635,0.1891268,0.0003073401
501,0.3325142,0.3081521,0.1719569,0.1870595,0.0003172418
502,0.3350112,0.3068293,0.1726024,0.1852272,0.0003298442
503,0.3371763,0.3053787,0.1734574,0.183643,0.0003446682
504,0.3390063,0.3038614,0.1744692,0.1823019,0.000361136
505,0.3439515,0.296686,0.1747111,0.1842614,0.0003900102
506,0.3463672,0.2947013,0.1735714,0.1849475,0.0004125139
507,0.3475514,0.2917983,0.1740871,0.1861244,0.0004388664
508,0.3481359,0.2891806,0.1753159,0.1869009,0.0004665378
509,0.3483834,0.2868787,0.1768843,0.1873595,0.0004941481
510,0.3484001,0.2848473,0.1785574,0.1876747,0.0005205294
511,0.3482386,0.2830397,0.1801954,0.1879815,0.000544815
512,0.3479401,0.2816426,0.181502,0.188349,0.0005662294
513,0.3475331,0.2803385,0.1826383,0.1889054,0.0005847053
514,0.3470119,0.2791594,0.1836004,0.1896284,0.0005999233
515,0.3463784,0.2781021,0.1844011,0.1905066,0.0006117931
516,0.3456367,0.2771668,0.1850503,0.1915259,0.0006203278
517,0.336134,0.2761189,0.1898463,0.1972447,0.000656073
518,0.3350839,0.2767861,0.1895019,0.1979641,0.000664124
519,0.333775,0.2764007,0.1896927,0.1994622,0.0006692688
520,0.3324584,0.2761455,0.1897441,0.2009825,0.0006696002
521,0.3311776,0.276102,0.1896138,0.2024409,0.0006657103
522,0.32995,0.276264,0.1893141,0.2038135,0.0006583089
523,0.3287937,0.2766269,0.1888559,0.2050754,0.0006480401
524,0.3277348,0.2771757,0.188254,0.2061999,0.0006355727
525,0.3267618,0.2778904,0.1875395,0.2071868,0.0006215739
526,0.3259022,0.2787644,0.1867215,0.2080053,0.0006065579
527,0.3251815,0.2797642,0.1858245,0.2086387,0.0005910536
528,0.3246218,0.2808483,0.184878,0.2090763,0.0005755626
529,0.3311757,0.2804191,0.1817155,0.2061366,0.0005530898
530,0.3297015,0.2817296,0.1816112,0.2064151,0.0005424879
531,0.3294566,0.2831553,0.1808783,0.2059797,0.0005300562
532,0.329599,0.2842496,0.1801236,0.2055093,0.0005184502
533,0.3299477,0.2851646,0.1793989,0.2049807,0.0005080299
534,0.3304533,0.2859394,0.1787394,0.2043687,0.0004990786
535,0.3310905,0.2865659,0.17818,0.2036719,0.0004918058
536,0.3318363,0.2870282,0.1777444,0.2029048,0.000486338
537,0.3326566,0.2873032,0.1774543,0.2021031,0.0004827307
538,0.3335198,0.287408,0.177305,0.2012863,0.0004808975
539,0.3343948,0.2873595,0.1772867,0.2004784,0.0004806996
540,0.3352523,0.28718,0.1773836,0.1997022,0.0004819488
541,0.328267,0.2919512,0.1802806,0.1990123,0.0004889113
542,0.3275784,0.2923326,0.182477,0.197117,0.0004948867
543,0.3274942,0.2929061,0.1836858,0.1954168,0.0004971269
544,0.3277194,0.293458,0.1842103,0.1941158,0.0004964995
545,0.3281202,0.293928,0.1843134,0.1931444,0.0004940001
546,0.328644,0.2942896,0.1841915,0.1923843,0.0004906184
547,0.3292645,0.2945283,0.1839829,0.1917371,0.0004871464
548,0.3299685,0.2946239,0.1837817,0.1911418,0.0004839992
549,0.3307651,0.2946453,0.1835994,0.1905088,0.0004814023
550,0.3316388,0.2945599,0.183482,0.1898396,0.0004796201
551,0.3325684,0.2943704,0.1834451,0.1891374,0.0004787454
552,0.3335305,0.2940859,0.1834922,0.1884126,0.0004787717
553,0.3303598,0.2939571,0.185444,0.1897489,0.000490245
554,0.3310754,0.2940908,0.185375,0.1889648,0.0004940555
555,0.3318329,0.2936011,0.1856332,0.1884344,0.0004983975
556,0.332602,0.2930756,0.1859471,0.1878728,0.0005025477
557,0.3333556,0.2925338,0.1863011,0.1873029,0.0005066706
558,0.3340648,0.29198,0.1866902,0.1867542,0.0005108169
559,0.334709,0.2914265,0.1871035,0.186246,0.0005149706
560,0.3352749,0.290891,0.1875258,0.1857894,0.0005190952
561,0.3357998,0.2904003,0.1879253,0.1853516,0.0005229987
562,0.3362918,0.2899328,0.1883096,0.1849391,0.0005266459
563,0.3367577,0.2894886,0.1886765,0.1845474,0.0005299788
564,0.3372049,0.2890681,0.1890236,0.1841706,0.0005329489
565,0.336608,0.289364,0.1919539,0.1815193,0.0005548751
566,0.3332156,0.2913705,0.1957976,0.1790404,0.0005757839
567,0.3316927,0.2936965,0.1977009,0.1763254,0.0005845141
568,0.3311363,0.2956994,0.1984451,0.1741344,0.0005847453
569,0.3311788,0.2973903,0.1984276,0.1724245,0.0005789078
570,0.3316777,0.2987751,0.197958,0.1710198,0.0005693447
571,0.3325685,0.2998361,0.1972827,0.1697546,0.0005580828
572,0.3337888,0.3005861,0.1965728,0.1685053,0.0005469953
573,0.3352685,0.3009078,0.196014,0.1672724,0.0005373362
574,0.3369328,0.3008694,0.1956539,0.1660143,0.0005296203
575,0.3387115,0.3005141,0.1955199,0.1647303,0.000524082
576,0.3405359,0.2998918,0.1956149,0.1634365,0.0005207186
577,0.3479789,0.294371,0.1912677,0.1658779,0.0005044677
578,0.3534655,0.290903,0.1871402,0.1679992,0.0004921304
579,0.3567493,0.2862128,0.1861679,0.1703753,0.0004946047
580,0.3586549,0.2822388,0.1869134,0.1716871,0.0005057707
581,0.359739,0.2789851,0.1886039,0.1721503,0.0005219043
582,0.3602475,0.2763495,0.190694,0.172169,0.0005401185
583,0.3603173,0.2742387,0.1928315,0.1720541,0.0005583683
584,0.360066,0.2725379,0.1948224,0.1719976,0.0005761279
585,0.3595234,0.271191,0.1965775,0.1721158,0.0005923631
586,0.3587488,0.270148,0.1980461,0.1724508,0.000606365
587,0.357785,0.2693666,0.1992148,0.1730158,0.000617711
588,0.3566635,0.2688168,0.2000873,0.1738061,0.0006261638
589,0.3609786,0.2666186,0.1978443,0.1739383,0.0006201395
590,0.3608716,0.2657698,0.1970155,0.1757249,0.0006182739
591,0.3600004,0.2651214,0.1966447,0.1776165,0.0006170873
592,0.3587637,0.2647249,0.1964704,0.1794256,0.000615578
593,0.3573419,0.2645704,0.1963122,0.1811624,0.0006130263
594,0.3558252,0.2646357,0.1960598,0.1828704,0.0006089634
595,0.3542674,0.2648979,0.1956539,0.1845775,0.0006031581
596,0.3526873,0.2653543,0.1950714,0.1862923,0.0005947978
597,0.3511506,0.2659912,0.1942951,0.1879787,0.00058427
598,0.3496771,0.2667808,0.1933535,0.1896166,0.0005720964
599,0.3482994,0.2677014,0.1922743,0.1911662,0.0005587707
600,0.3470556,0.2687266,0.1910914,0.1925818,0.0005447853
601,0.3412032,0.271729,0.1908613,0.1956773,0.0005291764
602,0.3410482,0.2724993,0.1890137,0.1969285,0.0005101594
603,0.3405908,0.2732196,0.1876271,0.1980675,0.0004949214
604,0.3402531,0.2740972,0.1864055,0.1987622,0.0004821478
605,0.3401327,0.2749764,0.1853493,0.1990698,0.0004716862
606,0.3402417,0.2757718,0.1844602,0.1990628,0.0004634359
607,0.3405643,0.2764414,0.1837353,0.1988018,0.0004573005
608,0.3410081,0.2770416,0.1831536,0.198343,0.0004537526
609,0.3415641,0.2774432,0.1827494,0.1977907,0.000452575
610,0.3421961,0.2776925,0.1824884,0.1971696,0.0004534297
611,0.3428679,0.277808,0.1823503,0.1965176,0.0004560531
612,0.3435453,0.2778094,0.1823146,0.1958704,0.0004601894
613,0.3435012,0.2829243,0.1835176,0.1895965,0.000460265
614,0.339957,0.284112,0.1890834,0.1863715,0.0004761471
615,0.3384349,0.2869389,0.1914015,0.1827444,0.0004803537
616,0.3378498,0.2896746,0.1919828,0.1800153,0.0004774415
617,0.3378343,0.2920997,0.1914975,0.1780985,0.0004699363
618,0.338241,0.2941429,0.1904389,0.1767169,0.0004602014
619,0.3389972,0.2957708,0.1891703,0.1756115,0.0004502766
620,0.3400805,0.2969332,0.1879461,0.1745991,0.0004410849
621,0.3414598,0.2977279,0.1868658,0.1735128,0.0004337281
622,0.3430709,0.298127,0.1860387,0.1723344,0.0004290272
623,0.3448327,0.2981583,0.1855066,0.1710749,0.0004273352
624,0.3466577,0.2978711,0.1852737,0.1697688,0.0004286864
625,0.3547311,0.2942453,0.1814452,0.1691606,0.0004178656
626,0.3591211,0.2915415,0.1791824,0.1697391,0.0004157734
627,0.3618148,0.2885552,0.1787226,0.1704841,0.0004232916
628,0.3635007,0.2859224,0.17935,0.1707896,0.0004372724
629,0.3645072,0.2836848,0.1805977,0.1707552,0.0004552405
630,0.3649979,0.2818311,0.1821184,0.1705775,0.0004751323
631,0.3650815,0.2803304,0.1836814,0.1704114,0.000495342
632,0.3648782,0.2791028,0.1851554,0.1703489,0.0005145979
633,0.3644406,0.2781343,0.186462,0.170431,0.0005320706
634,0.3638236,0.2773763,0.187574,0.170679,0.0005472357
635,0.3630625,0.276795,0.1884859,0.1710968,0.0005597729
636,0.3621809,0.2763672,0.1892027,0.1716798,0.0005695095
637,0.3589368,0.274967,0.1916975,0.1738047,0.0005940295
638,0.3569686,0.2757599,0.192198,0.174468,0.00060565
639,0.3553993,0.2761359,0.1924772,0.1753757,0.0006119013
640,0.3539605,0.2764867,0.1924977,0.1764419,0.0006133245
641,0.3525667,0.2768912,0.1922996,0.1776318,0.0006107528
642,0.3511915,0.2773729,0.1919239,0.178907,0.0006048972
643,0.349835,0.2779398,0.1914002,0.1802287,0.0005963752
644,0.3484564,0.278651,0.1907426,0.1815643,0.0005857771
645,0.3471275,0.2794545,0.1899731,0.1828713,0.0005735627
646,0.345867,0.280339,0.1891179,0.1841159,0.0005602149
647,0.3447005,0.2812888,0.1882009,0.1852637,0.0005461876
648,0.3436565,0.2822822,0.1872466,0.1862827,0.0005319141
649,0.349702,0.2792198,0.1817345,0.1888456,0.0004981672
650,0.3521541,0.2780643,0.1774069,0.191902,0.0004727665
651,0.3528308,0.2766899,0.1754258,0.1945931,0.0004604748
652,0.3529738,0.2757156,0.1747098,0.1961444,0.0004563726
653,0.3529006,0.2749225,0.1747633,0.1969559,0.0004576287
654,0.3526649,0.2742458,0.1752157,0.1974116,0.0004619535
655,0.3522757,0.2736812,0.1758171,0.1977583,0.0004676467
656,0.3517544,0.2732204,0.1764182,0.1981335,0.0004735235
657,0.3510895,0.2728577,0.1769469,0.198627,0.0004788538
658,0.3503032,0.2725968,0.1773545,0.1992623,0.0004831196
659,0.3494168,0.272431,0.1776227,0.2000435,0.0004860304
660,0.3484515,0.2723531,0.1777477,0.2009602,0.00048745
661,0.3533263,0.2718556,0.1753305,0.1990137,0.0004739646
662,0.3519388,0.271523,0.1756777,0.2003898,0.00047069
663,0.3509528,0.2717346,0.1754567,0.2013903,0.0004656275
664,0.3499945,0.2719545,0.1751031,0.2024878,0.0004600504
665,0.3490332,0.2722063,0.1746457,0.2036608,0.0004539531
666,0.3480914,0.2725126,0.1740941,0.2048546,0.0004473556
667,0.347197,0.2728788,0.1734636,0.2060202,0.0004403636
668,0.3463542,0.2733294,0.1727674,0.207116,0.0004331057
669,0.3455817,0.2738429,0.1720291,0.2081205,0.0004258124
670,0.3448931,0.2744215,0.1712622,0.2090046,0.0004186811
671,0.3443014,0.2750556,0.1704831,0.209748,0.0004119092
672,0.3438165,0.2757296,0.16971,0.2103381,0.0004056832
673,0.3315047,0.2806198,0.1723827,0.2150863,0.0004064816
674,0.3329385,0.2809241,0.1710755,0.2146645,0.0003973842
675,0.3329568,0.2812217,0.1704467,0.214983,0.0003918372
676,0.3328982,0.2818827,0.169789,0.2150427,0.0003874208
677,0.3329461,0.2826144,0.1691727,0.2148826,0.0003842281
678,0.3331259,0.2832895,0.1686428,0.2145595,0.0003823777
679,0.3334221,0.2838594,0.168219,0.2141176,0.0003819093
680,0.3337709,0.2843734,0.167887,0.213586,0.0003826118
681,0.334212,0.2847769,0.1676401,0.2129866,0.0003844305
682,0.3347019,0.2850649,0.1674803,0.2123656,0.000387327
683,0.3352077,0.2852466,0.1674006,0.2117539,0.0003911919
684,0.3357006,0.2853348,0.1673907,0.211178,0.0003958799
685,0.3302627,0.2884139,0.1707283,0.2101755,0.0004197688
686,0.3269702,0.2909903,0.1737265,0.2078737,0.000439411
687,0.3255157,0.2928351,0.1752468,0.2059528,0.0004496863
688,0.3248432,0.2943323,0.1757646,0.204607,0.0004529534
689,0.3246056,0.2956716,0.1756338,0.2036375,0.000451437
690,0.3246838,0.2968915,0.1751397,0.2028377,0.0004472423
691,0.325034,0.2979723,0.1744933,0.2020583,0.0004420994
