EwEVersion,"6.5.13829.0 (compiled 2016-05-17)"
Date,"2016-09-06 16:27:55"
ModelName,Baltic_Proper-SEALS
EcosimScenario,Proper1_SealVuln100_19742100_seal0_cofF03
TimeSeries,new_data_weights_19742100_BAU_WAR1_codF03_seal100
StartYear,1974

Data,"Prey of Cod larvae"

TimeStep,"Temora sp","Acartia sp","Pseudocalanus sp.",
1,0.1079211,0.1002682,0.7918108
2,0.1141324,0.1024312,0.7834364
3,0.1163488,0.1016293,0.7820219
4,0.1165552,0.1003183,0.7831265
5,0.1157019,0.09866478,0.7856334
6,0.1143675,0.09697758,0.7886549
7,0.1128841,0.09545804,0.7916578
8,0.111417,0.09417874,0.7944042
9,0.1100314,0.09313829,0.7968302
10,0.1087406,0.0923044,0.798955
11,0.1075361,0.09163691,0.8008271
12,0.1064044,0.09109852,0.8024971
13,0.1098771,0.09123518,0.7988878
14,0.1071032,0.09022532,0.8026716
15,0.1057372,0.08990476,0.804358
16,0.1047978,0.08955628,0.805646
17,0.1041138,0.08918739,0.8066989
18,0.1036688,0.08885361,0.8074777
19,0.1034872,0.08863278,0.80788
20,0.1036145,0.08872848,0.807657
21,0.1040879,0.08939307,0.806519
22,0.1049105,0.09087364,0.8042159
23,0.1060425,0.09334076,0.8006167
24,0.1074082,0.0967824,0.7958094
25,0.07486401,0.09317464,0.8319614
26,0.08790673,0.1007995,0.8112938
27,0.09150035,0.105066,0.8034337
28,0.09421314,0.1099896,0.7957972
29,0.09619442,0.112416,0.7913896
30,0.09759028,0.1124855,0.7899242
31,0.09850062,0.1112971,0.7902023
32,0.09907398,0.1099095,0.7910165
33,0.09934278,0.108476,0.7921813
34,0.09939011,0.1072373,0.7933726
35,0.09927996,0.1062484,0.7944717
36,0.09905796,0.1054935,0.7954485
37,0.09820619,0.1053699,0.7964239
38,0.09620634,0.1043913,0.7994024
39,0.09508106,0.104027,0.8008919
40,0.09432162,0.1039107,0.8017677
41,0.09376384,0.1039994,0.8022368
42,0.09333955,0.104265,0.8023954
43,0.09302047,0.1046856,0.802294
44,0.09268633,0.1048901,0.8024236
45,0.09245197,0.1053708,0.8021772
46,0.09233657,0.1061114,0.8015521
47,0.09235531,0.1071032,0.8005415
48,0.09251558,0.1083108,0.7991737
49,0.09293159,0.1115809,0.7954875
50,0.09167203,0.1122874,0.7960405
51,0.09141757,0.1130761,0.7955063
52,0.09165569,0.1139048,0.7944395
53,0.0922389,0.1148837,0.7928774
54,0.09307378,0.1158912,0.791035
55,0.09408239,0.1167399,0.7891777
56,0.09527981,0.1175388,0.7871813
57,0.09651151,0.1178815,0.785607
58,0.0977051,0.1178495,0.7844454
59,0.0988009,0.1175239,0.7836752
60,0.09975962,0.1169907,0.7832496
61,0.08794246,0.1163223,0.7957352
62,0.08722456,0.1161772,0.7965982
63,0.08693175,0.1152145,0.7978537
64,0.0870295,0.1146242,0.7983462
65,0.08732835,0.1142124,0.7984592
66,0.08772467,0.1138463,0.798429
67,0.08815973,0.1134704,0.7983699
68,0.08851041,0.1128327,0.7986569
69,0.08880329,0.1121741,0.7990227
70,0.08903539,0.111467,0.7994977
71,0.08920179,0.1107201,0.800078
72,0.08930011,0.1099476,0.8007523
73,0.07894265,0.1086852,0.8123721
74,0.0788036,0.1098645,0.811332
75,0.07956827,0.1086039,0.8118278
76,0.08031572,0.1072841,0.8124002
77,0.08070356,0.1059633,0.8133332
78,0.08069181,0.104675,0.8146331
79,0.08033495,0.1034813,0.8161837
80,0.07971007,0.102424,0.817866
81,0.07886851,0.1015165,0.819615
82,0.07785497,0.10077,0.821375
83,0.07670555,0.1001872,0.8231073
84,0.07545082,0.09976796,0.8247812
85,0.09099716,0.1000638,0.808939
86,0.09178802,0.09877565,0.8094364
87,0.0912513,0.09939699,0.8093517
88,0.09036075,0.09952714,0.8101121
89,0.08926187,0.099431,0.8113071
90,0.08804942,0.09930937,0.8126413
91,0.08679496,0.09924018,0.8139648
92,0.08552168,0.09916243,0.8153159
93,0.0843099,0.09918509,0.816505
94,0.08322545,0.09939166,0.8173829
95,0.08232471,0.09990829,0.817767
96,0.08165591,0.1009179,0.8174261
97,0.0862852,0.1031376,0.8105772
98,0.08724124,0.1053339,0.8074249
99,0.08841681,0.1097203,0.801863
100,0.08967531,0.1144403,0.7958844
101,0.09107753,0.1185155,0.7904069
102,0.09263119,0.1213169,0.7860518
103,0.09427576,0.1226384,0.7830859
104,0.09595919,0.1228351,0.7812057
105,0.09750737,0.1220168,0.7804758
106,0.09879863,0.1205602,0.7806411
107,0.09975763,0.1187737,0.7814686
108,0.1003617,0.1168732,0.7827652
109,0.1099947,0.1152959,0.7747094
110,0.1066909,0.1127019,0.7806072
111,0.1050979,0.1111153,0.7837868
112,0.1040487,0.1096569,0.7862945
113,0.1032732,0.108498,0.7882288
114,0.1026585,0.1076117,0.7897298
115,0.1021433,0.1069234,0.7909333
116,0.1018552,0.1067321,0.7914127
117,0.1016678,0.1066369,0.7916953
118,0.101539,0.1066257,0.7918352
119,0.1014529,0.1066909,0.7918562
120,0.101404,0.106827,0.791769
121,0.09442579,0.1063122,0.799262
122,0.09557892,0.1072362,0.7971849
123,0.09583579,0.1074289,0.7967354
124,0.09599178,0.1078425,0.7961658
125,0.09611448,0.1082901,0.7955954
126,0.09622356,0.1087039,0.7950726
127,0.09632906,0.109081,0.7945899
128,0.0963909,0.1093734,0.7942357
129,0.09644631,0.1096409,0.7939128
130,0.09650367,0.1098858,0.7936106
131,0.0965654,0.1101134,0.7933212
132,0.09663244,0.1103308,0.7930368
133,0.05247235,0.1093687,0.8381589
134,0.04422392,0.1111246,0.8446515
135,0.03556017,0.1092778,0.8551621
136,0.02875415,0.1091498,0.862096
137,0.02345354,0.1107838,0.8657627
138,0.01948621,0.1139668,0.866547
139,0.01676238,0.118223,0.8650146
140,0.01519349,0.1224085,0.862398
141,0.01476639,0.1260159,0.8592178
142,0.01552286,0.1282753,0.8562018
143,0.01756365,0.1289868,0.8534495
144,0.0209833,0.1283303,0.8506864
145,0.03374866,0.1270201,0.8392313
146,0.04913973,0.1252016,0.8256587
147,0.06325433,0.1208308,0.8159148
148,0.0731855,0.1161107,0.8107038
149,0.07882933,0.1117074,0.8094633
150,0.08146587,0.1078873,0.8106468
151,0.08236007,0.1046775,0.8129625
152,0.08233303,0.1019875,0.8156795
153,0.08181319,0.09968986,0.818497
154,0.08101399,0.0976879,0.8212981
155,0.0800321,0.09590853,0.8240594
156,0.07890753,0.09430604,0.8267864
157,0.06497584,0.0922036,0.8428205
158,0.05234007,0.08592809,0.8617318
159,0.04170196,0.08403488,0.8742632
160,0.03240049,0.08374189,0.8838576
161,0.02416124,0.08412752,0.8917112
162,0.01704634,0.0850133,0.8979404
163,0.01127131,0.08664455,0.9020841
164,0.006989672,0.08945741,0.9035528
165,0.004137987,0.09395757,0.9019045
166,0.002422768,0.1001667,0.8974105
167,0.001465715,0.1072578,0.8912765
168,0.0009541954,0.1137871,0.8852587
169,0.005280762,0.1315348,0.8631845
170,0.02865681,0.1292255,0.8421176
171,0.06587477,0.1224898,0.8116354
172,0.09072662,0.1163576,0.7929158
173,0.1033868,0.1104739,0.7861392
174,0.1077785,0.1047726,0.7874489
175,0.1078556,0.09965938,0.7924849
176,0.1059401,0.0953621,0.7986978
177,0.1033535,0.09192515,0.8047214
178,0.1007364,0.08921685,0.8100469
179,0.09833441,0.08707245,0.8145931
180,0.09619998,0.08534956,0.8184505
181,0.1006972,0.08421915,0.8150837
182,0.1016384,0.08357068,0.8147909
183,0.1013475,0.08257139,0.8160812
184,0.1004181,0.08153494,0.818047
185,0.09920373,0.08060598,0.8201903
186,0.09790373,0.07985411,0.8222421
187,0.09662335,0.07931149,0.8240651
188,0.0954337,0.07905383,0.8255125
189,0.09435492,0.07905,0.8265951
190,0.09337278,0.0792992,0.827328
191,0.09247313,0.07981269,0.8277142
192,0.09164711,0.08061685,0.827736
193,0.0963994,0.08175512,0.8218455
194,0.0969146,0.0833737,0.8197117
195,0.0971974,0.08522236,0.8175802
196,0.09737528,0.08706153,0.8155631
197,0.09756026,0.08891024,0.8135295
198,0.09782103,0.09079739,0.8113816
199,0.0981954,0.09274322,0.8090614
200,0.09865619,0.09465356,0.8066903
201,0.0992503,0.09668855,0.8040612
202,0.09998303,0.09880964,0.8012073
203,0.1008428,0.1009483,0.798209
204,0.1018039,0.1030067,0.7951894
205,0.09732744,0.1073828,0.7952897
206,0.09231178,0.1073788,0.8003094
207,0.08990864,0.1074914,0.8025999
208,0.08900353,0.1083435,0.802653
209,0.08909725,0.1099586,0.8009441
210,0.08990435,0.1120467,0.798049
211,0.09123474,0.1141884,0.7945769
212,0.09312756,0.1163994,0.790473
213,0.09524081,0.1177588,0.7870004
214,0.09738263,0.1182928,0.7843245
215,0.09936292,0.1181071,0.7825299
216,0.1010346,0.1173968,0.7815686
217,0.1121079,0.1160583,0.7718337
218,0.1177535,0.1160403,0.7662062
219,0.1199522,0.1140438,0.766004
220,0.1201402,0.1115766,0.7682832
221,0.1192885,0.109101,0.7716105
222,0.1180133,0.1068776,0.7751091
223,0.1166492,0.1049842,0.7783666
224,0.1153454,0.103396,0.7812586
225,0.1141296,0.1020185,0.7838519
226,0.1129884,0.1007798,0.7862318
227,0.1118943,0.09962611,0.7884796
228,0.1108206,0.09852082,0.7906585
229,0.0980071,0.09712888,0.804864
230,0.09540062,0.09608926,0.8085102
231,0.09333162,0.09488566,0.8117827
232,0.09167857,0.0939245,0.814397
233,0.0902831,0.09319592,0.8165209
234,0.08907343,0.09268636,0.8182402
235,0.088028,0.09240814,0.8195639
236,0.08714994,0.09239524,0.8204548
237,0.0864576,0.09271449,0.820828
238,0.08597023,0.09337725,0.8206525
239,0.08570199,0.09435517,0.8199429
240,0.08565713,0.09557609,0.8187668
241,0.07013548,0.09466028,0.8352042
242,0.07003225,0.09838387,0.8315839
243,0.07031818,0.09929019,0.8303916
244,0.07111543,0.1003836,0.828501
245,0.07208396,0.101275,0.8266411
246,0.07305335,0.1018058,0.8251408
247,0.07394122,0.1020337,0.824025
248,0.07467466,0.1019237,0.8234017
249,0.07526919,0.1017404,0.8229904
250,0.07574092,0.1015052,0.8227539
251,0.07610776,0.1012466,0.8226456
252,0.07638759,0.1009824,0.82263
253,0.1054584,0.1014083,0.7931333
254,0.1074236,0.09994657,0.7926298
255,0.1078255,0.1002376,0.7919369
256,0.1078816,0.09980671,0.7923117
257,0.1076798,0.09910021,0.79322
258,0.1073336,0.09836945,0.794297
259,0.1069203,0.09770023,0.7953795
260,0.10648,0.09713503,0.7963849
261,0.1060408,0.09664131,0.7973178
262,0.1056161,0.09622418,0.7981598
263,0.1052149,0.09588279,0.7989023
264,0.1048448,0.09561637,0.7995389
265,0.06982789,0.09486611,0.835306
266,0.06252318,0.09449418,0.8429826
267,0.0558077,0.09320962,0.8509827
268,0.05063263,0.09311987,0.8562475
269,0.04660338,0.0941281,0.8592685
270,0.04355584,0.0961322,0.860312
271,0.0414912,0.09901178,0.8594971
272,0.04051349,0.1026453,0.8568411
273,0.04068729,0.1061955,0.8531172
274,0.04202634,0.1091016,0.848872
275,0.0444406,0.1109764,0.844583
276,0.0477001,0.1117475,0.8405524
277,0.06097607,0.1126194,0.8264046
278,0.06840026,0.1100398,0.82156
279,0.07255657,0.1088188,0.8186246
280,0.07517722,0.107483,0.8173398
281,0.07690352,0.1060895,0.817007
282,0.07803647,0.1047022,0.8172613
283,0.07874611,0.1033476,0.8179063
284,0.07912385,0.1019771,0.818899
285,0.0792478,0.1006336,0.8201186
286,0.07917738,0.09932462,0.821498
287,0.07895739,0.09805629,0.8229863
288,0.07862128,0.0968326,0.8245462
289,0.0894623,0.09694946,0.8135883
290,0.09505983,0.0967662,0.808174
291,0.09766532,0.0950607,0.807274
292,0.09830882,0.09305523,0.808636
293,0.09789063,0.09109518,0.8110142
294,0.09695573,0.08930862,0.8137357
295,0.09579592,0.0877362,0.8164679
296,0.09454262,0.08637857,0.8190789
297,0.09328232,0.08523573,0.8214819
298,0.09204267,0.08428364,0.8236737
299,0.09083421,0.08350793,0.8256578
300,0.08966257,0.08290149,0.8274359
301,0.0948123,0.08358916,0.8215985
302,0.09793394,0.08471175,0.8173543
303,0.09886717,0.08440867,0.8167241
304,0.09860829,0.08390764,0.8174841
305,0.0977871,0.08335778,0.8188551
306,0.09673657,0.08284444,0.820419
307,0.09562597,0.08242723,0.8219469
308,0.09453455,0.08200951,0.8234559
309,0.09345404,0.08173873,0.8248072
310,0.09242944,0.08162485,0.8259457
311,0.0914847,0.08165403,0.8268613
312,0.0906317,0.08180341,0.827565
313,0.08332297,0.08400911,0.8326679
314,0.07376878,0.08133189,0.8448994
315,0.06799871,0.07982939,0.8521719
316,0.06401354,0.07876058,0.8572258
317,0.06110997,0.07812396,0.8607661
318,0.05900209,0.07826276,0.8627351
319,0.05760026,0.07984211,0.8625576
320,0.05700396,0.08420503,0.858791
321,0.05725463,0.09103264,0.8517127
322,0.05846119,0.09936654,0.8421723
323,0.0606994,0.1072534,0.8320472
324,0.06392009,0.1129187,0.8231612
325,0.0733038,0.1170624,0.8096338
326,0.07950362,0.1168352,0.8036612
327,0.08455286,0.1163318,0.7991154
328,0.08858671,0.1151234,0.7962899
329,0.09160147,0.1136348,0.7947636
330,0.09367626,0.1120816,0.7942421
331,0.09496292,0.1105647,0.7944724
332,0.09556537,0.1089788,0.7954558
333,0.09571072,0.1075213,0.7967681
334,0.09554832,0.1061637,0.798288
335,0.09518348,0.1048972,0.7999194
336,0.09468389,0.1037033,0.8016127
337,0.09203598,0.1020894,0.8058747
338,0.09062732,0.1010669,0.8083058
339,0.08953175,0.1000794,0.8103889
340,0.08857557,0.09910488,0.8123196
341,0.08766238,0.09811571,0.8142219
342,0.08673893,0.09710175,0.8161593
343,0.0857795,0.09606749,0.8181531
344,0.08483944,0.09516277,0.8199978
345,0.08387831,0.09426589,0.8218558
346,0.08289143,0.09340642,0.8237022
347,0.08188825,0.09260807,0.8255036
348,0.08088605,0.09189684,0.8272171
349,0.06083356,0.0899322,0.8492342
350,0.05813356,0.09461085,0.8472555
351,0.05814298,0.09303209,0.848825
352,0.05916316,0.09200072,0.8488362
353,0.0601139,0.09117973,0.8487064
354,0.06064125,0.09033758,0.8490213
355,0.06070323,0.0895085,0.8497883
356,0.06036423,0.08882561,0.8508102
357,0.05970908,0.08823201,0.8520589
358,0.05880615,0.08775348,0.8534404
359,0.05770965,0.08738943,0.854901
360,0.05646197,0.08713174,0.8564063
361,0.07105994,0.09096609,0.837974
362,0.06763439,0.08599835,0.8463672
363,0.06304981,0.08537834,0.8515718
364,0.05927971,0.08479623,0.8559241
365,0.05608976,0.08422561,0.8596846
366,0.05339742,0.08407205,0.8625305
367,0.05122485,0.08483146,0.8639436
368,0.04963065,0.08687349,0.8634958
369,0.0487489,0.09084177,0.8604093
370,0.04871828,0.09655289,0.8547289
371,0.04966274,0.1030554,0.8472818
372,0.05164437,0.1089419,0.8394138
373,0.05160797,0.1141157,0.8342763
374,0.05392068,0.1157151,0.8303642
375,0.05720409,0.1161461,0.8266498
376,0.06096304,0.1160131,0.8230239
377,0.06478766,0.1155258,0.8196866
378,0.06835221,0.1147821,0.8168657
379,0.07143933,0.113853,0.8147077
380,0.07397041,0.1128524,0.8131772
381,0.07591141,0.1117682,0.8123204
382,0.07730446,0.1106618,0.8120337
383,0.07823423,0.109578,0.8121877
384,0.07879799,0.1085453,0.8126568
385,0.08107772,0.1072313,0.811691
386,0.08165549,0.1062694,0.8120751
387,0.08169959,0.1054332,0.8128672
388,0.08147582,0.1046276,0.8138966
389,0.08108583,0.1038384,0.8150759
390,0.08057062,0.103064,0.8163654
391,0.07994789,0.1023053,0.8177468
392,0.07916745,0.1014295,0.8194031
393,0.07826651,0.1005599,0.8211735
394,0.07726418,0.09969412,0.8230417
395,0.07617524,0.09884214,0.8249826
396,0.07501521,0.09801996,0.8269649
397,0.09455841,0.09794859,0.807493
398,0.09546879,0.09535751,0.8091737
399,0.09478546,0.09530337,0.8099113
400,0.09404741,0.09514481,0.8108078
401,0.09335268,0.09490536,0.8117419
402,0.09274099,0.09474459,0.8125144
403,0.09224117,0.09474831,0.8130106
404,0.09189464,0.09506667,0.8130388
405,0.09170646,0.09557202,0.8127216
406,0.09168142,0.09625047,0.8120682
407,0.09181613,0.09705569,0.8111282
408,0.09209954,0.09792762,0.8099728
409,0.09486822,0.09812475,0.807007
410,0.1007409,0.1010265,0.7982326
411,0.1038729,0.1014554,0.7946717
412,0.10542,0.1013761,0.7932039
413,0.1059049,0.1006049,0.7934902
414,0.1057082,0.09947855,0.7948132
415,0.1051069,0.0983108,0.7965823
416,0.1043229,0.09730648,0.7983706
417,0.1034594,0.09651133,0.8000293
418,0.1025778,0.09591269,0.8015095
419,0.10171,0.09548513,0.8028049
420,0.1008717,0.09520109,0.8039272
421,0.09511314,0.0943306,0.8105562
422,0.09418661,0.09465918,0.8111542
423,0.09318467,0.09458596,0.8122294
424,0.09237117,0.09470479,0.8129241
425,0.09175082,0.09502608,0.813223
426,0.09131638,0.09555338,0.8131303
427,0.09106965,0.09631635,0.812614
428,0.09101338,0.09736804,0.8116186
429,0.09117257,0.09880903,0.8100184
430,0.09155372,0.1006336,0.8078127
431,0.09215526,0.1027546,0.8050902
432,0.09296568,0.1050019,0.8020324
433,0.05787167,0.1074434,0.834685
434,0.05196979,0.1098778,0.8381523
435,0.04599021,0.1087525,0.8452573
436,0.04173659,0.1096143,0.848649
437,0.03898513,0.1120898,0.8489251
438,0.037722,0.1154397,0.8468383
439,0.03802537,0.1187748,0.8431998
440,0.04002661,0.1215886,0.8383848
441,0.04360903,0.1229648,0.8334262
442,0.04842183,0.1231062,0.828472
443,0.05388968,0.1223348,0.8237756
444,0.05933746,0.1209824,0.8196802
445,0.04106174,0.1169445,0.8419938
446,0.03284588,0.1176595,0.8494947
447,0.02804078,0.1167909,0.8551683
448,0.02510681,0.1158094,0.8590838
449,0.02326462,0.1148335,0.8619018
450,0.02209926,0.1138497,0.864051
451,0.02137095,0.1128452,0.8657838
452,0.020915,0.1117208,0.8673642
453,0.02063616,0.1105568,0.8688071
454,0.02046905,0.1093533,0.8701776
455,0.02036661,0.1081204,0.871513
456,0.02029451,0.1068697,0.8728359
457,0.05897327,0.1066214,0.8344054
458,0.0822084,0.1022156,0.815576
459,0.09226047,0.1002405,0.8074991
460,0.09544534,0.09887326,0.8056814
461,0.09599172,0.09756531,0.806443
462,0.09543961,0.09626968,0.8082907
463,0.09438723,0.09502039,0.8105924
464,0.09307943,0.09382702,0.8130935
465,0.09163831,0.09273417,0.8156276
466,0.09012422,0.0917609,0.8181148
467,0.08857464,0.09092744,0.8204979
468,0.08704308,0.0902788,0.8226781
469,0.08125816,0.0904354,0.8283065
470,0.08258995,0.09294982,0.8244602
471,0.08360879,0.09211761,0.8242735
472,0.08396815,0.09159659,0.8244353
473,0.08377717,0.09122328,0.8249995
474,0.08322105,0.09085342,0.8259255
475,0.08244134,0.09051403,0.8270446
476,0.08152359,0.09030137,0.8281751
477,0.08053513,0.09027974,0.8291851
478,0.0795408,0.09047358,0.8299856
479,0.07858171,0.09086762,0.8305507
480,0.07768848,0.09143735,0.8308741
481,0.1085822,0.09236749,0.7990503
482,0.101117,0.09120991,0.8076731
483,0.09835245,0.09287162,0.8087759
484,0.09723669,0.09360361,0.8091597
485,0.09684651,0.09421646,0.808937
486,0.09691277,0.09514025,0.8079469
487,0.09731952,0.09652245,0.806158
488,0.0981516,0.09875287,0.8030956
489,0.09925746,0.1014237,0.7993189
490,0.1006027,0.1043869,0.7950104
491,0.1021391,0.1073819,0.7904791
492,0.1038133,0.1101261,0.7860606
493,0.1062109,0.1125874,0.7812018
494,0.1056641,0.1140269,0.780309
495,0.1063104,0.1149282,0.7787614
496,0.1073934,0.1155285,0.7770781
497,0.1086587,0.1159659,0.7753754
498,0.1099402,0.1161914,0.7738683
499,0.1111232,0.116151,0.7727258
500,0.1120066,0.1155776,0.7724159
501,0.1127003,0.1148875,0.7724123
502,0.1131785,0.1140234,0.7727981
503,0.1134538,0.1130299,0.7735162
504,0.113551,0.1119571,0.7744918
505,0.1151975,0.1093039,0.7754986
506,0.1165873,0.1091162,0.7742964
507,0.1167962,0.1078661,0.7753376
508,0.1164452,0.1063983,0.7771566
509,0.1158113,0.1049021,0.7792866
510,0.1150536,0.1034729,0.7814735
511,0.1142622,0.1021565,0.7835813
512,0.1135873,0.1011385,0.7852741
513,0.112967,0.1002376,0.7867953
514,0.1123981,0.09946256,0.7881393
515,0.1118735,0.09880376,0.7893228
516,0.1113881,0.09825465,0.7903572
517,0.1065097,0.09624223,0.7972481
518,0.1063414,0.09662423,0.7970343
519,0.1058993,0.09646533,0.7976354
520,0.1055123,0.09640425,0.7980835
521,0.1052077,0.09648261,0.7983097
522,0.1049852,0.09669347,0.7983213
523,0.1048452,0.09703133,0.7981235
524,0.1047893,0.09748597,0.7977247
525,0.1048018,0.09804004,0.7971582
526,0.1048873,0.09868829,0.7964244
527,0.1050445,0.0994105,0.795545
528,0.1052687,0.1001812,0.7945501
529,0.1086565,0.1012039,0.7901396
530,0.1082231,0.1017241,0.7900528
531,0.1084413,0.1025213,0.7890374
532,0.1087982,0.1032115,0.7879903
533,0.1092107,0.1038265,0.7869628
534,0.1096459,0.1043636,0.7859905
535,0.1100797,0.104804,0.7851163
536,0.1104937,0.105131,0.7843753
537,0.1108673,0.1053272,0.7838055
538,0.1111921,0.1054007,0.7834072
539,0.1114622,0.1053626,0.7831751
540,0.1116756,0.1052286,0.7830957
541,0.1080297,0.1056864,0.7862839
542,0.1067895,0.1048295,0.788381
543,0.1061886,0.1044709,0.7893406
544,0.1059941,0.1044042,0.7896017
545,0.1060454,0.1044943,0.7894603
546,0.1062385,0.1046463,0.7891152
547,0.1065038,0.1047949,0.7887013
548,0.1067957,0.1048919,0.7883123
549,0.1071089,0.1049538,0.7879373
550,0.1074188,0.1049497,0.7876314
551,0.1077118,0.1048743,0.7874138
552,0.1079789,0.1047298,0.7872913
553,0.1061771,0.1039251,0.7898978
554,0.1064088,0.103974,0.7896171
555,0.1065277,0.1036796,0.7897927
556,0.1066256,0.1033497,0.7900247
557,0.1067014,0.1029985,0.7903001
558,0.1067487,0.1026308,0.7906205
559,0.1067665,0.1022562,0.7909774
560,0.1067572,0.1018871,0.7913558
561,0.1067449,0.1015445,0.7917106
562,0.1067292,0.1012179,0.7920529
563,0.1067132,0.1009078,0.792379
564,0.1066999,0.1006151,0.792685
565,0.105227,0.0995038,0.7952693
566,0.1025711,0.09865927,0.7987697
567,0.1012836,0.09864941,0.800067
568,0.1007595,0.09897434,0.8002661
569,0.1007213,0.09948975,0.7997889
570,0.1010021,0.1000809,0.7989171
571,0.1014863,0.1006475,0.7978662
572,0.1020881,0.1011265,0.7967854
573,0.1027157,0.1014076,0.7958767
574,0.1033253,0.1014926,0.795182
575,0.1038832,0.1013848,0.794732
576,0.1043659,0.1011004,0.7945337
577,0.1085176,0.1009799,0.7905025
578,0.1120822,0.1014683,0.7864496
579,0.1136554,0.1003018,0.7860429
580,0.1139932,0.09867605,0.7873307
581,0.1136188,0.09692513,0.789456
582,0.1128771,0.0952481,0.7918748
583,0.111984,0.09375455,0.7942614
584,0.1110684,0.09247576,0.7964558
585,0.1101793,0.09141988,0.7984008
586,0.109354,0.09058134,0.8000646
587,0.1086078,0.08994465,0.8014476
588,0.1079451,0.08949383,0.8025611
589,0.1101791,0.089516,0.8003049
590,0.1105521,0.08955968,0.7998883
591,0.1105052,0.08951943,0.7999753
592,0.1102604,0.08949495,0.8002447
593,0.1099481,0.08954422,0.8005077
594,0.109643,0.08969851,0.8006585
595,0.1093871,0.08997175,0.8006411
596,0.1091959,0.09037226,0.8004318
597,0.1090958,0.09090225,0.8000019
598,0.1090815,0.09154423,0.7993743
599,0.1091511,0.09228232,0.7985666
600,0.1093023,0.09309651,0.7976012
601,0.107649,0.09430299,0.7980481
602,0.1084139,0.09528557,0.7963005
603,0.108893,0.09608857,0.7950184
604,0.109329,0.09687921,0.7937918
605,0.1097541,0.09760239,0.7926435
606,0.1101732,0.09822702,0.7915998
607,0.1105837,0.0987388,0.7906774
608,0.1109658,0.09916589,0.7898683
609,0.1113047,0.09945071,0.7892447
610,0.1116035,0.09962296,0.7887736
611,0.1118602,0.09969789,0.7884419
612,0.1120736,0.09969174,0.7882346
613,0.1112778,0.1008192,0.787903
614,0.1076357,0.0989497,0.7934147
615,0.1060687,0.09892233,0.795009
616,0.1055503,0.09954945,0.7949003
617,0.1056702,0.1005015,0.7938282
618,0.1061752,0.1015659,0.7922589
619,0.1068913,0.1025874,0.7905213
620,0.1077036,0.1034428,0.7888536
621,0.1085552,0.1041174,0.7873274
622,0.1093772,0.1045531,0.7860696
623,0.1101235,0.1047396,0.7851369
624,0.1107621,0.1046915,0.7845464
625,0.1150568,0.1049821,0.7799611
626,0.1175703,0.1049904,0.7774394
627,0.118712,0.1041429,0.7771451
628,0.1189877,0.1029527,0.7780596
629,0.1187311,0.1016452,0.7796237
630,0.1181747,0.1003727,0.7814525
631,0.1174736,0.09922318,0.7833033
632,0.1167327,0.09822035,0.7850469
633,0.1160058,0.09738687,0.7866073
634,0.1153217,0.09671242,0.7879658
635,0.114692,0.096184,0.789124
636,0.1141198,0.09578883,0.7900914
637,0.1120988,0.09446175,0.7934394
638,0.1112916,0.09457062,0.7941378
639,0.1107146,0.09462453,0.794661
640,0.1102932,0.09476778,0.794939
641,0.1099814,0.09501223,0.7950064
642,0.1097518,0.09535076,0.7948974
643,0.1095907,0.09577534,0.794634
644,0.1094781,0.09630127,0.7942206
645,0.1094265,0.09690302,0.7936705
646,0.1094301,0.09756717,0.7930027
647,0.1094862,0.09827944,0.7922344
648,0.1095931,0.09902276,0.7913841
649,0.1140814,0.1001972,0.7857214
650,0.1170258,0.1016452,0.781329
651,0.1183159,0.1020616,0.7796226
652,0.1187787,0.1020588,0.7791625
653,0.1187635,0.1017733,0.7794632
654,0.1184842,0.1013517,0.7801641
655,0.1180774,0.1009071,0.7810155
656,0.1176291,0.1005035,0.7818674
657,0.1171739,0.100171,0.7826552
658,0.1167428,0.09993082,0.7833263
659,0.116351,0.09978735,0.7838617
660,0.1160062,0.0997387,0.7842551
661,0.1187243,0.1004834,0.7807923
662,0.1181449,0.1002645,0.7815906
663,0.1179598,0.1004669,0.7815734
664,0.1178517,0.1007311,0.7814172
665,0.1177956,0.1010539,0.7811505
666,0.1177924,0.1014386,0.780769
667,0.1178426,0.1018799,0.7802776
668,0.1179398,0.1023809,0.7796794
669,0.1180784,0.1029234,0.7789983
670,0.118256,0.1035022,0.7782418
671,0.1184682,0.1041061,0.7774257
672,0.1187094,0.1047211,0.7765695
673,0.1133436,0.1055403,0.7811161
674,0.1144425,0.1062197,0.7793378
675,0.1147639,0.106625,0.7786111
676,0.1150629,0.1071729,0.7777642
677,0.1153712,0.1077235,0.7769054
678,0.115678,0.1082095,0.7761125
679,0.1159698,0.1086042,0.7754259
680,0.1162321,0.1089329,0.774835
681,0.1164825,0.1091783,0.7743392
682,0.1167066,0.1093387,0.7739548
683,0.1168973,0.1094217,0.773681
684,0.1170504,0.109438,0.7735115
685,0.1134853,0.1090156,0.7774991
686,0.1108577,0.1085248,0.7806174
687,0.1095945,0.1084508,0.7819546
688,0.1090803,0.1087184,0.7822012
689,0.1090188,0.1092314,0.7817498
690,0.1092331,0.1098713,0.7808955
691,0.1096101,0.1105326,0.7798573
692,0.1100717,0.1110814,0.7788469
693,0.1105784,0.1115447,0.7778769
694,0.1110892,0.1118667,0.7770441
695,0.1115753,0.1120284,0.7763963
696,0.112015,0.1120298,0.7759551
697,0.1167943,0.1113452,0.7718606
698,0.1198125,0.1118535,0.768334
699,0.1210494,0.1112544,0.7676962
700,0.1213508,0.1102189,0.7684304
701,0.1211005,0.1089605,0.7699391
702,0.120547,0.1076751,0.7717779
703,0.1198463,0.1064849,0.7736688
704,0.1190894,0.1054304,0.7754802
705,0.1183284,0.1045391,0.7771325
706,0.1175857,0.1038024,0.778612
707,0.1168719,0.1032102,0.7799178
708,0.1161933,0.1027539,0.7810528
709,0.1128588,0.1017351,0.7854061
710,0.1109961,0.1014198,0.7875841
711,0.1098605,0.1014045,0.788735
712,0.1091436,0.1016283,0.7892281
713,0.1087108,0.1020727,0.7892165
714,0.1084993,0.1027225,0.7887782
715,0.1084805,0.1035619,0.7879576
716,0.108636,0.1045843,0.7867797
717,0.1089418,0.105736,0.7853222
718,0.109386,0.1069734,0.7836406
719,0.1099469,0.1082238,0.7818292
720,0.1105956,0.1094006,0.7800038
721,0.1086624,0.1097585,0.7815791
722,0.10724,0.1105393,0.7822207
723,0.1068203,0.1110227,0.7821569
724,0.1069843,0.111503,0.7815126
725,0.1074994,0.111973,0.7805276
726,0.1082001,0.1123072,0.7794926
727,0.1089636,0.1123863,0.77865
728,0.1096993,0.1121442,0.7781565
729,0.1103319,0.1115676,0.7781004
730,0.1108266,0.1107139,0.7784595
731,0.1111668,0.1096552,0.779178
732,0.1113533,0.1084673,0.7801794
733,0.1162151,0.1075101,0.7762747
734,0.1187368,0.1068629,0.7744003
735,0.1194944,0.105306,0.7751996
736,0.119315,0.103505,0.77718
737,0.1186454,0.1017022,0.7796524
738,0.1177541,0.1000493,0.7821965
739,0.1167967,0.09862157,0.7845817
740,0.1158577,0.09743387,0.7867085
741,0.1149704,0.09648348,0.7885461
742,0.1141506,0.0957551,0.7900943
743,0.1134023,0.09523073,0.791367
744,0.1127248,0.09489427,0.7923809
745,0.1076557,0.09472642,0.7976179
746,0.1026347,0.09313859,0.8042267
747,0.1000013,0.09332189,0.8066769
748,0.09861142,0.09426272,0.8071259
749,0.09800129,0.09568594,0.8063129
750,0.09794242,0.09748442,0.8045732
751,0.09831638,0.09960569,0.8020779
752,0.09905189,0.1019988,0.7989493
753,0.100086,0.1045293,0.7953846
754,0.1013585,0.1069986,0.7916428
755,0.1027922,0.1091394,0.7880684
756,0.1042941,0.1106935,0.7850123
757,0.1079459,0.1106858,0.7813684
758,0.1109764,0.1113862,0.7776374
759,0.1127851,0.1106189,0.776596
760,0.1137069,0.1089958,0.7772973
761,0.1139425,0.106902,0.7791554
762,0.1136927,0.1046776,0.7816297
763,0.113133,0.1025406,0.7843264
764,0.1124024,0.1006049,0.7869927
765,0.1116075,0.09891538,0.7894771
766,0.1108112,0.09747575,0.7917131
767,0.110051,0.09627477,0.7936742
768,0.1093456,0.09529412,0.7953603
769,0.1132195,0.0948625,0.791918
770,0.1155715,0.0952764,0.7891521
771,0.1161022,0.09450025,0.7893976
772,0.1157485,0.09351549,0.7907361
773,0.1150077,0.09257487,0.7924174
774,0.1141411,0.09178834,0.7940705
775,0.1132806,0.09120576,0.7955137
776,0.1124828,0.09084103,0.7966761
777,0.1117859,0.0907046,0.7975095
778,0.111185,0.09077528,0.7980397
779,0.110675,0.09103765,0.7982873
780,0.1102533,0.09147799,0.7982687
781,0.1087375,0.09193601,0.7993264
782,0.1086391,0.09279337,0.7985675
783,0.1085024,0.0936866,0.797811
784,0.10847,0.09473313,0.7967969
785,0.1085667,0.09591807,0.7955152
786,0.1088013,0.09722246,0.7939763
787,0.1091772,0.09862634,0.7921966
788,0.1096707,0.1001502,0.7901791
789,0.1102747,0.1016889,0.7880363
790,0.1109715,0.1031988,0.7858297
791,0.1117329,0.1046107,0.7836564
792,0.1125257,0.1058495,0.7816248
793,0.1194303,0.10889,0.7716796
794,0.1173742,0.1083741,0.7742517
795,0.1173414,0.1086671,0.7739915
796,0.1177425,0.1088841,0.7733733
797,0.1183022,0.1090366,0.7726612
798,0.1188888,0.1090765,0.7720346
799,0.1194242,0.1089579,0.7716179
800,0.1198701,0.1086454,0.7714846
801,0.1201921,0.1081776,0.7716302
802,0.1203961,0.107589,0.7720149
803,0.1204924,0.1069177,0.7725899
804,0.1204957,0.1062017,0.7733026
805,0.1261996,0.1067747,0.7670258
806,0.1299786,0.1068008,0.7632206
807,0.1308834,0.1055372,0.7635794
808,0.1305052,0.1039403,0.7655545
809,0.1295219,0.1022786,0.7681995
810,0.128314,0.1007495,0.7709365
811,0.1270821,0.099452,0.7734659
812,0.1259041,0.09842889,0.775667
813,0.1248398,0.09766569,0.7774945
814,0.1238803,0.09713163,0.7789881
815,0.1230118,0.09680022,0.780188
816,0.1222207,0.09664947,0.7811299
817,0.1147403,0.09632391,0.7889358
818,0.1112836,0.09561266,0.7931036
819,0.1093252,0.09576087,0.7949139
820,0.1082245,0.09639461,0.7953809
821,0.1076884,0.09738674,0.7949247
822,0.1076023,0.09872555,0.7936721
823,0.1079364,0.1004682,0.7915953
824,0.1086839,0.1026874,0.7886286
825,0.1097931,0.1054237,0.7847832
826,0.1112181,0.1085877,0.7801942
827,0.1128684,0.1119059,0.7752258
828,0.1146329,0.1149733,0.7703938
829,0.1184662,0.1177919,0.763742
830,0.1184721,0.1190103,0.7625176
831,0.1193447,0.1194492,0.761206
832,0.1202924,0.1191478,0.7605598
833,0.1211234,0.1183375,0.7605391
834,0.1217281,0.1171408,0.7611311
835,0.1220613,0.1156672,0.7622715
836,0.1221276,0.1139887,0.7638837
837,0.1219609,0.1122544,0.7657847
838,0.1216115,0.1105355,0.767853
839,0.1211326,0.1088896,0.7699779
840,0.1205713,0.1073554,0.7720733
841,0.1192292,0.1058348,0.774936
842,0.1195344,0.1049489,0.7755167
843,0.1192276,0.103741,0.7770314
844,0.1186764,0.1025893,0.7787343
845,0.1180174,0.1015553,0.7804273
846,0.1173257,0.1006657,0.7820086
847,0.1166425,0.09993433,0.7834232
848,0.1159884,0.09936007,0.7846515
849,0.1153788,0.09894269,0.7856785
850,0.114813,0.09867194,0.7865149
851,0.1142919,0.09854124,0.7871668
852,0.113818,0.09854634,0.7876356
853,0.112697,0.09885882,0.7884442
854,0.1112262,0.09871541,0.7900584
855,0.1104818,0.0991163,0.7904019
856,0.110106,0.09977162,0.7901224
857,0.1099904,0.1006389,0.7893706
858,0.1100825,0.1016824,0.7882352
859,0.110349,0.1028577,0.7867933
860,0.1107522,0.1041497,0.7850981
861,0.1112759,0.10545,0.7832742
862,0.1118872,0.1066892,0.7814236
863,0.1125511,0.1077931,0.7796559
864,0.1132306,0.1086932,0.7780762
865,0.1211155,0.1085946,0.7702898
866,0.1245762,0.1098034,0.7656205
867,0.1261691,0.1098592,0.7639717
868,0.126571,0.1089845,0.7644445
869,0.1261979,0.1075355,0.7662666
870,0.1253993,0.1059045,0.7686962
871,0.1244123,0.104342,0.7712457
872,0.1233868,0.1029486,0.7736646
873,0.1224134,0.1018081,0.7757785
874,0.1215201,0.1009078,0.777572
875,0.1207189,0.1002311,0.7790501
876,0.1200113,0.09975756,0.7802312
877,0.1122285,0.101009,0.7867625
878,0.1071893,0.09894522,0.7938655
879,0.1045508,0.09870831,0.7967409
880,0.1031965,0.09931578,0.7974877
881,0.1026517,0.1004521,0.7968962
882,0.1026913,0.1020249,0.7952838
883,0.1032096,0.1040391,0.7927513
884,0.1041438,0.1065409,0.7893153
885,0.1054242,0.1093853,0.7851905
886,0.1069908,0.1123562,0.7806531
887,0.1087614,0.1150919,0.7761467
888,0.110637,0.1172157,0.7721473
889,0.1172051,0.1155447,0.7672502
890,0.1211966,0.1172476,0.7615557
891,0.1233436,0.1168653,0.759791
892,0.1242073,0.1151489,0.7606438
893,0.1241575,0.1127568,0.7630856
894,0.1235408,0.1102386,0.7662206
895,0.122623,0.1078912,0.7694859
896,0.1215868,0.1058069,0.7726064
897,0.1205524,0.1040438,0.7754039
898,0.1195691,0.1025655,0.7778654
899,0.1186588,0.1013391,0.7800021
900,0.1178274,0.100334,0.7818387
901,0.1158143,0.09953005,0.7846556
902,0.1147045,0.09875608,0.7865394
903,0.1139178,0.0983096,0.7877726
904,0.1133293,0.09807944,0.7885913
905,0.1128761,0.09802272,0.7891012
906,0.112528,0.09811876,0.7893532
907,0.112273,0.09835627,0.7893708
908,0.1121024,0.09873173,0.7891659
909,0.1119975,0.09920988,0.7887926
910,0.1119626,0.09979221,0.7882453
911,0.112,0.1004687,0.7875313
912,0.1121119,0.101223,0.786665
913,0.1114708,0.1022966,0.7862327
914,0.1092613,0.1024354,0.7883033
915,0.1085339,0.1032377,0.7882284
916,0.1085026,0.1043049,0.7871925
917,0.1089255,0.1055713,0.7855033
918,0.1096518,0.1069101,0.7834381
919,0.1105646,0.1081614,0.781274
920,0.1115619,0.1091933,0.7792448
921,0.1125212,0.1098072,0.7776717
922,0.1133893,0.1099846,0.7766261
923,0.1141132,0.1097342,0.7761526
924,0.1146575,0.1091098,0.7762327
925,0.1141645,0.107992,0.7778435
926,0.1147595,0.1070942,0.7781464
927,0.1148947,0.105818,0.7792873
928,0.1147672,0.1044592,0.7807735
929,0.114457,0.1031008,0.7824422
930,0.1140247,0.1018062,0.7841691
931,0.1135182,0.100619,0.7858628
932,0.1129728,0.09956884,0.7874584
933,0.1124483,0.09868367,0.788868
934,0.1119501,0.0979458,0.7901042
935,0.1114843,0.09734872,0.791167
936,0.1110558,0.09688608,0.7920582
937,0.1161596,0.09782084,0.7860196
938,0.1186547,0.09815809,0.7831872
939,0.1193815,0.09766459,0.7829539
940,0.1192432,0.09696397,0.7837929
941,0.1186872,0.09623732,0.7850754
942,0.1179636,0.09560058,0.7864358
943,0.117209,0.09512153,0.7876694
944,0.1165059,0.09481385,0.7886803
945,0.1158648,0.09469081,0.7894444
946,0.1153037,0.0947491,0.7899472
947,0.1148286,0.09497648,0.7901949
948,0.1144421,0.09535851,0.7901993
949,0.1122354,0.09561767,0.7921469
950,0.1096743,0.09560315,0.7947226
951,0.1085745,0.0963687,0.7950568
952,0.1082068,0.09750676,0.7942865
953,0.1083294,0.09894779,0.7927228
954,0.1088178,0.1006411,0.7905411
955,0.1095933,0.1025268,0.7878799
956,0.1105774,0.1045707,0.7848518
957,0.111746,0.106631,0.7816229
958,0.1130147,0.1085335,0.7784517
959,0.1143071,0.1101073,0.7755857
960,0.1155481,0.111217,0.7732349
961,0.1171186,0.1115225,0.7713589
962,0.1177894,0.1116369,0.7705737
963,0.1184126,0.1112738,0.7703136
964,0.1188603,0.11054,0.7705997
965,0.119119,0.109567,0.771314
966,0.1191959,0.1084522,0.7723519
967,0.1191152,0.1072732,0.7736117
968,0.1189157,0.1060644,0.7750199
969,0.1186266,0.104902,0.7764714
970,0.1182801,0.1038116,0.7779084
971,0.117902,0.1028107,0.7792873
972,0.1175119,0.1019089,0.7805791
973,0.1204802,0.1006704,0.7788494
974,0.1244179,0.1017203,0.7738618
975,0.125232,0.1005631,0.774205
976,0.1247608,0.09905453,0.7761847
977,0.1237383,0.09752175,0.7787399
978,0.1225346,0.09613877,0.7813267
979,0.1213315,0.09499257,0.783676
980,0.12019,0.09412257,0.7856874
981,0.1191177,0.09348162,0.7874007
982,0.1181176,0.09306337,0.788819
983,0.1171785,0.09284698,0.7899746
984,0.1162873,0.0928098,0.7909029
985,0.1167961,0.09317259,0.7900313
986,0.1144879,0.09290729,0.7926048
987,0.1132696,0.09325628,0.7934741
988,0.1124157,0.09375416,0.7938302
989,0.1117779,0.09434695,0.7938752
990,0.1113423,0.09502501,0.7936327
991,0.1111456,0.09580781,0.7930465
992,0.1112367,0.0967785,0.7919847
993,0.111707,0.09810419,0.7901888
994,0.112587,0.09993609,0.7874768
995,0.113866,0.1023971,0.7837369
996,0.1154648,0.1054945,0.7790408
997,0.1101902,0.1112496,0.7785602
998,0.1125199,0.1145495,0.7729306
999,0.1135889,0.1168143,0.7695969
1000,0.1148802,0.1188438,0.7662759
1001,0.1163138,0.1204265,0.7632596
1002,0.1177183,0.1212913,0.7609905
1003,0.1189498,0.1213096,0.7597405
1004,0.1199123,0.1205013,0.7595863
1005,0.1206001,0.1191819,0.760218
1006,0.120995,0.1175314,0.7614735
1007,0.1211287,0.1157403,0.763131
1008,0.1210515,0.1139501,0.7649984
1009,0.1192201,0.1125592,0.7682207
1010,0.1150016,0.1100724,0.7749259
1011,0.1130488,0.1087914,0.7781597
1012,0.1121411,0.1081453,0.7797136
1013,0.1118106,0.1079025,0.7802869
1014,0.111805,0.1078914,0.7803036
1015,0.1119797,0.1079958,0.7800245
1016,0.112249,0.1081461,0.779605
1017,0.1125633,0.1082797,0.779157
1018,0.1128913,0.1083656,0.778743
1019,0.1132129,0.1083861,0.7784011
1020,0.1135147,0.1083323,0.778153
1021,0.1181605,0.1085818,0.7732578
1022,0.1213685,0.1089869,0.7696446
1023,0.1226421,0.1083772,0.7689807
1024,0.1229391,0.1073721,0.7696888
1025,0.1226728,0.1061488,0.7711784
1026,0.122101,0.104887,0.773012
1027,0.1213843,0.1037069,0.7749088
1028,0.1206252,0.1026422,0.7767326
1029,0.1198414,0.1017102,0.7784485
1030,0.1190715,0.1009267,0.7800018
1031,0.1183328,0.1002901,0.7813771
1032,0.1176344,0.09979612,0.7825695
1033,0.1182174,0.100213,0.7815695
1034,0.1164854,0.09934826,0.7841663
1035,0.1156102,0.09927835,0.7851115
1036,0.1150872,0.09948205,0.7854307
1037,0.1147891,0.09989018,0.7853207
1038,0.1146667,0.1004728,0.7848604
1039,0.1146954,0.1012028,0.7841018
1040,0.1148445,0.1020853,0.7830702
1041,0.1151153,0.1030594,0.7818254
1042,0.1154911,0.1040921,0.7804167
1043,0.1159552,0.1051423,0.7789025
1044,0.1164867,0.1061612,0.7773522
1045,0.1184014,0.1073125,0.7742862
1046,0.1192445,0.1080939,0.7726616
1047,0.1199896,0.1087265,0.7712839
1048,0.1205672,0.1090733,0.7703596
1049,0.120989,0.1091479,0.7698631
1050,0.1212674,0.1089898,0.7697428
1051,0.121415,0.1086454,0.7699397
1052,0.1214544,0.1081346,0.770411
1053,0.1214202,0.1075643,0.7710155
1054,0.1213194,0.106947,0.7717335
1055,0.1211675,0.1063105,0.772522
1056,0.1209795,0.1056793,0.7733412
1057,0.1182369,0.1039275,0.7778356
1058,0.1187723,0.1039954,0.7772323
1059,0.1187062,0.1035011,0.7777927
1060,0.1185123,0.1029846,0.7785032
1061,0.1182688,0.1024909,0.7792403
1062,0.1180121,0.1020463,0.7799416
1063,0.117766,0.101672,0.780562
1064,0.1175421,0.1013849,0.781073
1065,0.1173338,0.1011681,0.7814981
1066,0.1171505,0.101031,0.7818185
1067,0.1169952,0.1009716,0.7820333
1068,0.1168691,0.1009851,0.7821458
1069,0.1139614,0.1007352,0.7853034
1070,0.1131639,0.1007803,0.7860559
1071,0.112749,0.1009948,0.7862563
1072,0.1126196,0.1013948,0.7859856
1073,0.1126788,0.1019207,0.7854005
1074,0.1128633,0.1025168,0.7846199
1075,0.1131316,0.1031356,0.7837328
1076,0.1134513,0.1037508,0.7827978
1077,0.1137915,0.1043008,0.7819077
1078,0.1141398,0.1047736,0.7810865
1079,0.1144826,0.1051545,0.7803628
1080,0.1148079,0.1054338,0.7797584
1081,0.1157997,0.1047257,0.7794746
1082,0.1158221,0.1050884,0.7790895
1083,0.1159473,0.1051668,0.7788858
1084,0.1160705,0.1050953,0.7788342
1085,0.1161689,0.1049386,0.7788925
1086,0.1162336,0.1047245,0.7790418
1087,0.1162624,0.1044703,0.7792673
1088,0.1162573,0.1041845,0.7795582
1089,0.1162356,0.1038986,0.7798659
1090,0.1161952,0.1036121,0.7801927
1091,0.1161389,0.103333,0.7805281
1092,0.1160704,0.1030685,0.780861
1093,0.1195011,0.102771,0.7777278
1094,0.1224406,0.1035058,0.7740535
1095,0.12329,0.1030377,0.7736723
1096,0.1232352,0.1022241,0.7745407
1097,0.1227184,0.1012612,0.7760203
1098,0.1219906,0.1003106,0.7776988
1099,0.1211958,0.09947491,0.7793293
1100,0.1204195,0.09878607,0.7807944
1101,0.1196771,0.09826861,0.7820542
1102,0.118988,0.09792205,0.7830899
1103,0.1183583,0.09773628,0.7839056
1104,0.1177904,0.09769946,0.7845101
1105,0.1207294,0.09819452,0.7810762
1106,0.120645,0.09847001,0.7808851
1107,0.1205363,0.09886021,0.7806035
1108,0.1203523,0.09926079,0.7803869
1109,0.120152,0.09969544,0.7801525
1110,0.119986,0.1001895,0.7798245
1111,0.1198883,0.10076,0.7793517
1112,0.1198288,0.101491,0.7786801
1113,0.1198752,0.102303,0.7778218
1114,0.1200232,0.1032023,0.7767745
1115,0.1202744,0.1041861,0.7755395
1116,0.1206265,0.1052389,0.7741346
1117,0.1152865,0.1092167,0.7754968
1118,0.112474,0.1091317,0.7783943
1119,0.1109132,0.1090857,0.7800011
