EwEVersion,"6.5.13829.0 (compiled 2016-05-17)"
Date,"2016-09-06 16:27:55"
ModelName,Baltic_Proper-SEALS
EcosimScenario,Proper1_SealVuln100_19742100_seal0_cofF03
TimeSeries,new_data_weights_19742100_BAU_WAR1_codF03_seal100
StartYear,1974

Data,"Prey of Pseudocalanus sp."

TimeStep,"Cyanobacteria","Phytoplankton","microzooplankton","Detritus-water column",
1,0.04366293,0.4557547,0.2818175,0.2187649
2,0.0400933,0.4747883,0.2833427,0.2017757
3,0.03816162,0.4799529,0.2887887,0.1930968
4,0.03708254,0.4799942,0.2942973,0.1886259
5,0.03647449,0.4783788,0.2987401,0.1864066
6,0.03613125,0.4764783,0.3019903,0.1854002
7,0.0359361,0.474777,0.3042554,0.1850316
8,0.03582186,0.4733878,0.3058116,0.1849787
9,0.03574984,0.4722825,0.306905,0.1850626
10,0.03569806,0.4713918,0.3077239,0.1851862
11,0.0356543,0.4706463,0.3084007,0.1852987
12,0.03561193,0.4699903,0.3090228,0.185375
13,0.03617777,0.4636159,0.3116299,0.1885765
14,0.03655842,0.4606593,0.3120425,0.1907397
15,0.03677773,0.4593259,0.311914,0.1919824
16,0.03688683,0.4587188,0.311784,0.1926104
17,0.03692295,0.4583818,0.3118585,0.1928366
18,0.0369129,0.4581036,0.3121724,0.1928111
19,0.03687529,0.4578028,0.3126848,0.1926372
20,0.03682293,0.4574618,0.313329,0.1923863
21,0.03676482,0.4570924,0.3140332,0.1921095
22,0.03670745,0.4567172,0.3147301,0.1918453
23,0.03665565,0.4563604,0.3153605,0.1916234
24,0.03661297,0.4560439,0.3158765,0.1914666
25,0.0331501,0.4876059,0.3057854,0.1734587
26,0.0311473,0.4966094,0.3089246,0.1633187
27,0.0300859,0.4979153,0.3136111,0.1583877
28,0.02950414,0.4967392,0.3177379,0.1560188
29,0.02919316,0.4950518,0.3206867,0.1550684
30,0.02903376,0.4935321,0.322546,0.1548883
31,0.02895668,0.4923404,0.3235983,0.1551046
32,0.02892208,0.4914491,0.3241238,0.155505
33,0.02890749,0.4907782,0.3243417,0.1559726
34,0.02890019,0.4902472,0.3244103,0.1564424
35,0.02889356,0.489793,0.3244314,0.1568819
36,0.02888434,0.4893726,0.3244662,0.1572769
37,0.02955887,0.4812846,0.3278544,0.1613022
38,0.03001414,0.4778103,0.3281161,0.1640595
39,0.03029162,0.4764452,0.3274859,0.1657773
40,0.03044759,0.4759791,0.3267741,0.1667992
41,0.03052419,0.4758197,0.3262832,0.1673729
42,0.03055126,0.4757065,0.3260723,0.1676699
43,0.03054884,0.4755455,0.326102,0.1678037
44,0.03052986,0.475318,0.3263055,0.1678467
45,0.03050243,0.4750355,0.326618,0.167844
46,0.03047219,0.4747207,0.326979,0.167828
47,0.03044269,0.4743961,0.3273412,0.16782
48,0.03041627,0.4740805,0.3276694,0.1678339
49,0.03112202,0.4656735,0.3313853,0.1718192
50,0.03161122,0.4620529,0.3317747,0.1745611
51,0.0319217,0.4607026,0.3311035,0.1762721
52,0.03211288,0.4603889,0.330176,0.1773222
53,0.03222897,0.4604934,0.3293034,0.1779742
54,0.03230108,0.4607324,0.3285586,0.1784078
55,0.0323495,0.460991,0.3279229,0.1787364
56,0.03238652,0.461233,0.3273543,0.1790261
57,0.03241906,0.4614532,0.3268161,0.1793116
58,0.03244996,0.4616546,0.3262921,0.1796034
59,0.03248022,0.4618402,0.3257777,0.1799018
60,0.03250977,0.4620113,0.325277,0.1802018
61,0.03279651,0.4583774,0.3270487,0.1817774
62,0.0329813,0.4566708,0.3275991,0.1827489
63,0.03311393,0.4559421,0.3274815,0.1834625
64,0.03320458,0.4556984,0.327134,0.1839629
65,0.03326678,0.4556791,0.326731,0.1843233
66,0.0333106,0.4557526,0.3263398,0.1845971
67,0.0333429,0.4558569,0.3259811,0.1848191
68,0.0333679,0.455964,0.3256585,0.1850096
69,0.03338807,0.4560619,0.3253711,0.185179
70,0.03340508,0.4561472,0.3251136,0.1853342
71,0.03341977,0.4562193,0.3248827,0.1854781
72,0.03343256,0.4562791,0.3246769,0.1856114
73,0.03145631,0.476575,0.3172291,0.1747396
74,0.03024613,0.4832559,0.318229,0.168269
75,0.0295532,0.4847052,0.320933,0.1648086
76,0.02915549,0.4842364,0.3235898,0.1630183
77,0.02892856,0.4832236,0.3256813,0.1621666
78,0.02879884,0.4821925,0.3271807,0.161828
79,0.02872261,0.4813037,0.3282202,0.1617535
80,0.02867417,0.4805715,0.3289544,0.1617999
81,0.02863875,0.4799619,0.3295128,0.1618866
82,0.02860806,0.4794323,0.3299896,0.16197
83,0.02857768,0.4789471,0.3304471,0.1620281
84,0.02854539,0.4784811,0.3309223,0.1620513
85,0.02860034,0.4783809,0.3303104,0.1627084
86,0.02864648,0.4784861,0.3295572,0.1633102
87,0.02865083,0.4785344,0.3292269,0.1635879
88,0.0286345,0.4784752,0.3291921,0.1636983
89,0.028605,0.4783057,0.3293933,0.163696
90,0.02856615,0.4780417,0.3297829,0.1636092
91,0.02852024,0.4777028,0.3303211,0.1634559
92,0.0284689,0.477308,0.3309737,0.1632493
93,0.02841358,0.4768748,0.3317096,0.1630021
94,0.02835585,0.476419,0.3324977,0.1627274
95,0.02829759,0.4759564,0.333305,0.1624411
96,0.02824106,0.4755028,0.3340946,0.1621616
97,0.02775283,0.4804463,0.3323175,0.1594834
98,0.02743677,0.4821347,0.3325769,0.1578515
99,0.02723672,0.4824591,0.3333917,0.1569125
100,0.02711729,0.4822811,0.3341454,0.1564561
101,0.02705215,0.4819891,0.3346333,0.1563255
102,0.02702351,0.4817384,0.3348223,0.1564157
103,0.02701934,0.4815749,0.3347503,0.1566554
104,0.02703136,0.4814954,0.334479,0.1569943
105,0.02705368,0.4814784,0.3340727,0.1573953
106,0.02708176,0.4814976,0.3335923,0.1578284
107,0.02711206,0.4815294,0.3330894,0.1582692
108,0.0271419,0.4815552,0.3326045,0.1586984
109,0.02802958,0.4717747,0.3360825,0.1641131
110,0.02866479,0.4678607,0.3355022,0.1679723
111,0.02907423,0.4666475,0.3338796,0.1703987
112,0.02932973,0.4665942,0.3321984,0.1718776
113,0.02948329,0.4669358,0.3308393,0.1727416
114,0.02957214,0.4673304,0.3298746,0.1732228
115,0.02962137,0.4676505,0.3292538,0.1734743
116,0.02964705,0.4678678,0.3288928,0.1735925
117,0.02965911,0.4679937,0.3287113,0.1736357
118,0.0296634,0.4680508,0.3286479,0.1736379
119,0.02966344,0.4680608,0.3286573,0.1736185
120,0.02966128,0.4680413,0.3287081,0.1735892
121,0.02934244,0.4711924,0.3277817,0.1716835
122,0.02912392,0.4722255,0.3282636,0.170387
123,0.02899351,0.4723898,0.3289608,0.1696559
124,0.02891519,0.4722258,0.3296125,0.1692466
125,0.02886891,0.4719748,0.330125,0.1690312
126,0.02884188,0.4717343,0.3304939,0.1689299
127,0.02882604,0.4715347,0.3307461,0.1688932
128,0.02881651,0.4713781,0.3309138,0.1688915
129,0.02881043,0.4712569,0.3310248,0.1689079
130,0.02880616,0.4711621,0.331099,0.1689329
131,0.0288028,0.4710858,0.3311502,0.1689613
132,0.02879984,0.471022,0.3311877,0.1689904
133,0.03107048,0.4410915,0.3461326,0.1817054
134,0.03271073,0.4257894,0.3511922,0.1903076
135,0.03385416,0.4186106,0.3516169,0.1959184
136,0.03458286,0.4156741,0.35064,0.199103
137,0.03501633,0.4147823,0.3495573,0.2006439
138,0.03526049,0.4147786,0.3487591,0.2012018
139,0.0353962,0.4151172,0.3482248,0.2012618
140,0.03547912,0.4155788,0.3477961,0.201146
141,0.03554447,0.4160981,0.3473088,0.2010486
142,0.03561351,0.416672,0.3466334,0.201081
143,0.03569744,0.4173138,0.3456933,0.2012954
144,0.03580118,0.4180361,0.3444554,0.2017074
145,0.03271698,0.4543293,0.3283747,0.1845791
146,0.03100077,0.467705,0.3257764,0.1755179
147,0.03009409,0.4724934,0.3262419,0.1711706
148,0.02961607,0.4739083,0.3272547,0.1692209
149,0.02936776,0.4740688,0.3280831,0.1684803
150,0.02924176,0.4738349,0.3285974,0.1683259
151,0.02917945,0.4735295,0.3288573,0.1684336
152,0.02914914,0.473252,0.3289594,0.1686395
153,0.02913379,0.4730157,0.3289869,0.1688636
154,0.0291243,0.4728071,0.3290001,0.1690685
155,0.02911589,0.472608,0.3290382,0.1692379
156,0.02910605,0.4724034,0.3291252,0.1693655
157,0.03451301,0.4078952,0.3573082,0.2002835
158,0.03940519,0.3681998,0.3649669,0.2274282
159,0.04341533,0.3445505,0.3634386,0.2485955
160,0.04645223,0.331389,0.3585303,0.2636285
161,0.0485772,0.3247692,0.3534335,0.2732201
162,0.04994729,0.3219715,0.3495553,0.2785259
163,0.05075501,0.3212138,0.3472255,0.2808057
164,0.05118357,0.3214234,0.346209,0.281184
165,0.05138332,0.3220294,0.3460464,0.2805409
166,0.05146573,0.3227775,0.3462544,0.2795024
167,0.05150741,0.3235855,0.3464257,0.2784813
168,0.05155673,0.3244478,0.346272,0.2777234
169,0.04741255,0.3671896,0.3303617,0.2550361
170,0.0448836,0.3873519,0.3259173,0.2418472
171,0.04380365,0.397351,0.3216014,0.237244
172,0.043328,0.4030481,0.3177063,0.2359176
173,0.04311069,0.4064235,0.3147432,0.2357226
174,0.04302894,0.4085378,0.312447,0.2359863
175,0.04301205,0.4099292,0.3107077,0.2363511
176,0.04302215,0.4108848,0.3094378,0.2366552
177,0.04304079,0.4115644,0.3085485,0.2368463
178,0.04306005,0.4120604,0.307955,0.2369246
179,0.04307681,0.4124298,0.3075855,0.2369079
180,0.04309006,0.4127095,0.3073845,0.2368159
181,0.04183706,0.425941,0.3022795,0.2299425
182,0.04099062,0.4319857,0.3016572,0.2253664
183,0.04045369,0.4344973,0.302544,0.2225051
184,0.04011884,0.4353145,0.3038375,0.2207292
185,0.0399114,0.4353798,0.3050963,0.2196125
186,0.03978157,0.4351549,0.3061862,0.2188773
187,0.03969697,0.4348505,0.3071045,0.218348
188,0.03963698,0.4345508,0.3078965,0.2179157
189,0.03958869,0.4342804,0.308617,0.2175139
190,0.03954431,0.434038,0.3093136,0.2171041
191,0.03949916,0.4338132,0.3100235,0.2166641
192,0.03945049,0.4335945,0.3107736,0.2161814
193,0.03867259,0.4411125,0.3083947,0.2118202
194,0.03813435,0.4442956,0.3087534,0.2088166
195,0.03777187,0.4453981,0.3100501,0.20678
196,0.03752746,0.4455318,0.3115637,0.205377
197,0.03735952,0.4452653,0.3130017,0.2043735
198,0.03724027,0.4448748,0.3142668,0.2036182
199,0.0371521,0.4444852,0.3153432,0.2030195
200,0.0370844,0.4441468,0.3162438,0.202525
201,0.03703117,0.4438751,0.3169857,0.2021081
202,0.03698945,0.4436715,0.3175806,0.2017586
203,0.03695795,0.4435328,0.3180351,0.2014741
204,0.03693619,0.4434541,0.3183538,0.2012559
205,0.04006742,0.4107692,0.3312742,0.2178892
206,0.04255964,0.393156,0.3335781,0.2307062
207,0.04437167,0.3842961,0.3317804,0.2395518
208,0.04561312,0.3804748,0.3286995,0.2452126
209,0.04642287,0.3793569,0.3256495,0.2485707
210,0.0469352,0.3795547,0.3230833,0.2504267
211,0.04726018,0.3803057,0.321027,0.2514072
212,0.04747829,0.381232,0.3193382,0.2519515
213,0.04764275,0.3821719,0.3178486,0.2523369
214,0.04778305,0.3830702,0.3164469,0.2526999
215,0.04791375,0.3839151,0.3150765,0.2530946
216,0.04803989,0.3847082,0.3137277,0.2535241
217,0.04411147,0.4237678,0.2991666,0.232954
218,0.0416986,0.4400159,0.2975595,0.2207259
219,0.04031652,0.4461746,0.2994606,0.2140483
220,0.03952726,0.4479822,0.3020269,0.2104637
221,0.0390826,0.4480375,0.3042705,0.2086094
222,0.03883742,0.4475022,0.3059518,0.2077086
223,0.03870597,0.4468655,0.3071126,0.207316
224,0.03863757,0.4463053,0.3078786,0.2071786
225,0.03860256,0.4458627,0.3083797,0.207155
226,0.0385838,0.4455252,0.3087228,0.2071682
227,0.03857166,0.4452642,0.308986,0.2071781
228,0.03856084,0.4450513,0.309223,0.2071648
229,0.03914348,0.4379893,0.3127536,0.2101137
230,0.03953565,0.4344403,0.3140613,0.2119628
231,0.03978937,0.4327106,0.3144365,0.2130635
232,0.03993937,0.4319071,0.3145404,0.2136131
233,0.04001762,0.4315353,0.3146558,0.2137913
234,0.04004898,0.4313388,0.3148777,0.2137345
235,0.04005134,0.4311962,0.3152131,0.2135392
236,0.04003705,0.4310591,0.3156326,0.2132712
237,0.04001449,0.4309154,0.3160954,0.2129748
238,0.03998929,0.4307701,0.3165602,0.2126803
239,0.03996528,0.4306349,0.3169911,0.2124087
240,0.039945,0.4305219,0.3173587,0.2121745
241,0.03850861,0.4429264,0.3142269,0.2043381
242,0.03754118,0.4475258,0.3158191,0.199114
243,0.03697465,0.448792,0.3180362,0.1961972
244,0.03664685,0.4487489,0.3199922,0.194612
245,0.0364649,0.4483047,0.3214069,0.1938235
246,0.03637028,0.447837,0.3222913,0.1935014
247,0.0363262,0.4474751,0.3227581,0.1934406
248,0.03630983,0.4472383,0.3229362,0.1935157
249,0.03630744,0.4471044,0.3229364,0.1936518
250,0.0363114,0.4470421,0.3228375,0.193809
251,0.03631749,0.4470233,0.3226933,0.1939659
252,0.03632354,0.4470267,0.3225375,0.1941123
253,0.0359414,0.4534702,0.3180393,0.1925491
254,0.03571264,0.456775,0.3156881,0.1918242
255,0.03554628,0.4584182,0.3147162,0.1913195
256,0.03543652,0.4591693,0.3143443,0.1910499
257,0.03536581,0.4594599,0.3142385,0.1909359
258,0.03531984,0.4595197,0.3142499,0.1909106
259,0.03528865,0.4594663,0.3143166,0.1909285
260,0.03526567,0.4593574,0.3144159,0.190961
261,0.03524686,0.45922,0.3145411,0.1909921
262,0.03522977,0.4590662,0.3146911,0.1910129
263,0.03521308,0.4589015,0.3148656,0.1910198
264,0.03519611,0.4587285,0.3150631,0.1910122
265,0.03802617,0.4263578,0.3298459,0.2057701
266,0.04015591,0.4089649,0.3345667,0.2163125
267,0.04166771,0.4001483,0.3348155,0.2233685
268,0.04265537,0.3961095,0.3336692,0.2275659
269,0.04325286,0.3945394,0.3324803,0.2297275
270,0.04358784,0.3941243,0.3316911,0.2305967
271,0.0437642,0.3941874,0.331292,0.2307564
272,0.04385845,0.3944283,0.3310901,0.2306232
273,0.04392269,0.3947469,0.330858,0.2304724
274,0.04398837,0.3951325,0.3304178,0.2304614
275,0.04407195,0.3956011,0.3296633,0.2306636
276,0.04417856,0.3961665,0.3285669,0.2310881
277,0.04526386,0.3887025,0.3292115,0.2368221
278,0.04615586,0.385497,0.3268011,0.2415461
279,0.0468082,0.3845591,0.3237089,0.2449238
280,0.04727481,0.3847891,0.320657,0.2472791
281,0.04760431,0.385543,0.3179626,0.2488901
282,0.04783653,0.3864659,0.3157191,0.2499785
283,0.04800155,0.3873781,0.313912,0.2507083
284,0.04812082,0.3882003,0.3124844,0.2511945
285,0.04820888,0.3889071,0.31137,0.251514
286,0.04827553,0.3894999,0.3105066,0.251718
287,0.04832716,0.3899915,0.3098418,0.2518395
288,0.0483679,0.3903979,0.3093338,0.2519003
289,0.04459705,0.4266526,0.2962407,0.2325098
290,0.04225155,0.4417097,0.2951976,0.2208411
291,0.04087996,0.4473002,0.2974918,0.2143281
292,0.04007688,0.4487852,0.3004035,0.2107344
293,0.03960876,0.44862,0.3029713,0.2087999
294,0.03933763,0.4479079,0.3049563,0.2077982
295,0.03918079,0.4471134,0.3063998,0.207306
296,0.03908853,0.446404,0.3074302,0.2070773
297,0.03903126,0.4458164,0.3081816,0.2069708
298,0.03899179,0.445336,0.3087633,0.2069089
299,0.03896025,0.4449336,0.3092563,0.2068499
300,0.03893119,0.4445806,0.3097153,0.2067729
301,0.03574353,0.4755995,0.2984748,0.1901821
302,0.03385547,0.4861015,0.2993512,0.1806918
303,0.03276691,0.4886353,0.3030696,0.1755281
304,0.03212961,0.4881411,0.3069881,0.1727413
305,0.03175275,0.4866952,0.3102668,0.1712853
306,0.03152632,0.4851279,0.3127777,0.1705682
307,0.03138567,0.4837233,0.3146418,0.1702491
308,0.0312929,0.4825386,0.3160353,0.1701333
309,0.03122607,0.4815464,0.3171161,0.1701115
310,0.03117247,0.4806975,0.3180073,0.1701227
311,0.03112524,0.4799464,0.3187918,0.1701365
312,0.03108088,0.479259,0.3195207,0.1701394
313,0.03517626,0.4330579,0.3394478,0.192318
314,0.03858582,0.4074194,0.3437215,0.2102733
315,0.04113782,0.3940955,0.3417163,0.2230504
316,0.042898,0.388014,0.337811,0.231277
317,0.04401464,0.3858339,0.3341893,0.2359621
318,0.04466307,0.3855056,0.3316438,0.2381877
319,0.04500402,0.3858957,0.3302059,0.2388943
320,0.04516532,0.3864704,0.3295609,0.2388035
321,0.04523971,0.3870452,0.3292903,0.2384247
322,0.04528742,0.387607,0.3290291,0.2380764
323,0.04534404,0.3882025,0.3285165,0.2379369
324,0.04542674,0.3888797,0.3276141,0.2380794
325,0.04516664,0.3937317,0.3244514,0.2366503
326,0.04505469,0.3967523,0.3220412,0.2361517
327,0.04503655,0.398808,0.3199576,0.2361978
328,0.04508004,0.4003365,0.3179978,0.2365856
329,0.04515632,0.4015617,0.316147,0.2371349
330,0.04524498,0.4025898,0.314445,0.2377202
331,0.04533326,0.4034683,0.312933,0.2382655
332,0.04541407,0.4042186,0.3116362,0.2387312
333,0.04548411,0.4048531,0.3105613,0.2391014
334,0.04554318,0.4053827,0.3096937,0.2393804
335,0.04559207,0.405819,0.3090107,0.2395782
336,0.04563197,0.4061745,0.3084871,0.2397065
337,0.04596089,0.4035165,0.309237,0.2412857
338,0.04619677,0.4022457,0.3092294,0.2423281
339,0.04635708,0.4017085,0.3089809,0.2429536
340,0.04646149,0.4015469,0.3087127,0.243279
341,0.0465262,0.4015584,0.3085193,0.2433961
342,0.04656328,0.4016334,0.3084326,0.2433708
343,0.04658115,0.4017162,0.3084555,0.2432472
344,0.04658562,0.4017811,0.3085784,0.2430549
345,0.04658061,0.4018187,0.3087873,0.2428135
346,0.04656848,0.4018269,0.3090706,0.242534
347,0.04655103,0.4018073,0.3094165,0.2422251
348,0.04652961,0.4017634,0.309813,0.2418939
349,0.03966767,0.4620009,0.2922543,0.2060771
350,0.03593946,0.4795533,0.2974092,0.187098
351,0.03400084,0.4829307,0.3053493,0.1777192
352,0.03294146,0.4817232,0.3123963,0.172939
353,0.03235463,0.4793716,0.3177048,0.170569
354,0.03202824,0.4770915,0.3213969,0.1694833
355,0.03184454,0.4752238,0.3238655,0.1690661
356,0.0317369,0.4737795,0.325508,0.1689756
357,0.03166782,0.4726655,0.326642,0.1690245
358,0.03161651,0.471776,0.3274941,0.1691133
359,0.03157191,0.4710232,0.3282129,0.1691919
360,0.03152838,0.4703444,0.328889,0.1692382
361,0.03506244,0.4325476,0.3440292,0.1883607
362,0.03797052,0.4127111,0.3454966,0.2038217
363,0.04006937,0.4031067,0.3423738,0.2144501
364,0.041469,0.399244,0.3381982,0.2210889
365,0.04232651,0.3982599,0.3346618,0.2247518
366,0.04280269,0.3984852,0.3323075,0.2264047
367,0.04303426,0.3990566,0.3310747,0.2268344
368,0.04312423,0.3996065,0.3306529,0.2266163
369,0.04314443,0.4000387,0.3306751,0.2261417
370,0.04314298,0.4003851,0.3308029,0.2256689
371,0.04314983,0.4007199,0.3307752,0.225355
372,0.04318153,0.4011143,0.330422,0.2252821
373,0.04371608,0.3967671,0.33166,0.2278569
374,0.04414273,0.3949625,0.3309908,0.229904
375,0.04448206,0.3945499,0.3294191,0.231549
376,0.044758,0.3949002,0.327423,0.2329188
377,0.04498822,0.3956424,0.3252725,0.234097
378,0.04518375,0.3965582,0.3231315,0.2351266
379,0.04535101,0.3975192,0.3211046,0.2360252
380,0.04549384,0.3984507,0.3192564,0.2367991
381,0.04561494,0.3993108,0.3176222,0.2374521
382,0.0457164,0.4000784,0.3162174,0.2379877
383,0.04580044,0.4007459,0.3150394,0.2384143
384,0.0458694,0.4013147,0.3140728,0.2387432
385,0.04603091,0.4010529,0.3133454,0.2395709
386,0.04615593,0.4011283,0.3125355,0.2401803
387,0.0462436,0.4013455,0.3118483,0.2405626
388,0.04630389,0.4016002,0.3113155,0.2407803
389,0.04634419,0.4018411,0.3109365,0.2408782
390,0.04636962,0.4020457,0.3106981,0.2408866
391,0.04638351,0.4022068,0.3105851,0.2408245
392,0.04638791,0.4023241,0.3105849,0.2407031
393,0.046384,0.4023992,0.3106885,0.2405283
394,0.04637284,0.4024352,0.3108859,0.2403061
395,0.04635517,0.4024356,0.3111688,0.2400405
396,0.04633162,0.4024036,0.3115295,0.2397353
397,0.04746506,0.393833,0.3129885,0.2457135
398,0.04834076,0.3897844,0.3116193,0.2502555
399,0.04890494,0.3881696,0.3099502,0.2529753
400,0.04925,0.3877815,0.3085032,0.2544653
401,0.0494459,0.3879367,0.3074711,0.2551463
402,0.04954508,0.3882738,0.30686,0.2553211
403,0.04958507,0.3886218,0.3065931,0.2551999
404,0.04959159,0.3889156,0.3065688,0.2549239
405,0.04958175,0.389144,0.306689,0.2545853
406,0.04956628,0.3893198,0.306873,0.2542409
407,0.04955178,0.3894637,0.3070592,0.2539253
408,0.04954213,0.3895956,0.3072042,0.2536581
409,0.04449135,0.4349922,0.2926165,0.2279
410,0.04149069,0.452163,0.2932648,0.2130815
411,0.03982202,0.457765,0.2971499,0.205263
412,0.03888109,0.4587837,0.3011773,0.2011579
413,0.03835315,0.4581553,0.3044005,0.199091
414,0.03806037,0.4571031,0.3067033,0.1981332
415,0.03789939,0.4560923,0.3082517,0.1977566
416,0.03780972,0.4552586,0.3092704,0.1976612
417,0.03775636,0.4546048,0.3099586,0.1976802
418,0.03771939,0.4540902,0.3104665,0.197724
419,0.03768785,0.4536679,0.3108975,0.1977467
420,0.03765596,0.4532994,0.311317,0.1977276
421,0.03785306,0.4502824,0.3130586,0.1988059
422,0.03796555,0.4486755,0.3139741,0.1993849
423,0.03802139,0.4477741,0.3145533,0.1996512
424,0.03803431,0.4472177,0.3150674,0.1996806
425,0.03801835,0.4468158,0.3156125,0.1995534
426,0.03798461,0.4464773,0.3162056,0.1993326
427,0.0379414,0.4461651,0.3168278,0.1990657
428,0.03789493,0.44587,0.3174461,0.1987889
429,0.03784996,0.4455965,0.318023,0.1985305
430,0.03781023,0.4453542,0.3185218,0.1983137
431,0.03777853,0.445154,0.3189108,0.1981565
432,0.03775686,0.4450055,0.3191662,0.1980716
433,0.04057436,0.4141165,0.3330341,0.212275
434,0.0426816,0.3973566,0.3376251,0.2223367
435,0.04419466,0.3887519,0.3378523,0.2292012
436,0.04519836,0.3847578,0.3366373,0.2334066
437,0.04583206,0.3832197,0.3351654,0.2357829
438,0.04622674,0.3829071,0.3337962,0.23707
439,0.0464868,0.3831776,0.3325011,0.2378345
440,0.04668647,0.3837337,0.3311156,0.2384643
441,0.04687199,0.384457,0.3294834,0.2391877
442,0.04706434,0.3853022,0.3275451,0.2400883
443,0.04726739,0.3862414,0.3253379,0.2411532
444,0.04747428,0.3872402,0.3229761,0.2423095
445,0.04758507,0.3863579,0.323478,0.2425791
446,0.04761198,0.3857923,0.3242428,0.2423529
447,0.0476497,0.3854158,0.3246697,0.2422648
448,0.04769032,0.3851782,0.3248867,0.2422447
449,0.04773256,0.3850406,0.3249542,0.2422726
450,0.04777563,0.3849751,0.3249146,0.2423347
451,0.04781866,0.3849616,0.3248006,0.2424192
452,0.04786072,0.3849847,0.3246394,0.2425151
453,0.04790086,0.3850323,0.3244539,0.2426128
454,0.04793869,0.3850952,0.324259,0.2427071
455,0.04797392,0.3851667,0.3240655,0.2427938
456,0.04800631,0.3852418,0.3238818,0.2428701
457,0.04784235,0.391726,0.3176836,0.242748
458,0.04792978,0.3962587,0.3116715,0.24414
459,0.04796165,0.3994084,0.3076614,0.2449685
460,0.04795935,0.4015754,0.305062,0.2454033
461,0.04793946,0.4030252,0.3034475,0.2455878
462,0.0479118,0.4039598,0.3025115,0.2456169
463,0.04788069,0.404532,0.3020435,0.2455438
464,0.04784719,0.4048529,0.301905,0.2453949
465,0.04781073,0.405,0.3020078,0.2451815
466,0.04777024,0.405026,0.3022964,0.2449074
467,0.04772454,0.4049656,0.3027365,0.2445734
468,0.0476721,0.4048377,0.3033152,0.244175
469,0.04228052,0.4517842,0.28934,0.2165953
470,0.0391448,0.4676697,0.2921988,0.2009867
471,0.03741448,0.4717121,0.2980982,0.1927751
472,0.03642897,0.4714009,0.3037969,0.1883733
473,0.03585993,0.4697294,0.3083722,0.1860384
474,0.03552737,0.4678753,0.3117634,0.1848339
475,0.03532816,0.4662429,0.3141949,0.184234
476,0.03520246,0.4649153,0.3159408,0.1839415
477,0.03511583,0.4638571,0.3172362,0.1837909
478,0.03504876,0.4630001,0.3182583,0.1836928
479,0.03499092,0.4622817,0.3191233,0.1836041
480,0.03493725,0.4616548,0.3199005,0.1835076
481,0.03704905,0.4413476,0.3266791,0.1949243
482,0.03866894,0.4317725,0.3259712,0.2035873
483,0.03974222,0.4278398,0.3233457,0.2090723
484,0.04041627,0.4267482,0.3204969,0.2123386
485,0.04081091,0.4269008,0.3181855,0.2141027
486,0.04102272,0.4274653,0.3165941,0.2149179
487,0.04112271,0.428061,0.3156372,0.2151791
488,0.04115954,0.4285514,0.3151385,0.2151505
489,0.04116515,0.4289191,0.3149134,0.2150024
490,0.04115901,0.429193,0.3148128,0.2148352
491,0.04115285,0.4294133,0.3147258,0.2147082
492,0.04115321,0.429615,0.3145792,0.2146526
493,0.0422303,0.4195839,0.3180135,0.2201723
494,0.04303049,0.4148271,0.3179674,0.224175
495,0.04358129,0.4128741,0.3167159,0.2268287
496,0.04395319,0.4123755,0.3151161,0.2285552
497,0.04420427,0.4125708,0.3135418,0.2296831
498,0.04437825,0.4130535,0.3121185,0.2304497
499,0.04450506,0.4136209,0.3108639,0.2310102
500,0.04460341,0.4141799,0.3097613,0.2314554
501,0.04468405,0.4146932,0.3087903,0.2318325
502,0.04475378,0.4151502,0.3079262,0.2321698
503,0.04481591,0.4155521,0.3071537,0.2324783
504,0.04487194,0.4159043,0.3064635,0.2327602
505,0.04346024,0.4299659,0.3010167,0.2255572
506,0.04252224,0.4362045,0.3003626,0.2209107
507,0.04194958,0.438694,0.3011411,0.2182153
508,0.04161041,0.439438,0.3022237,0.2167278
509,0.04141632,0.4394409,0.3031785,0.2159642
510,0.04130955,0.4391828,0.3038911,0.2156165
511,0.04125333,0.438876,0.3043767,0.215494
512,0.04122494,0.4386007,0.3046915,0.2154828
513,0.04121073,0.438377,0.3048947,0.2155176
514,0.04120253,0.4381998,0.3050375,0.2155601
515,0.04119579,0.4380562,0.3051569,0.2155911
516,0.04118817,0.4379334,0.3052768,0.2156017
517,0.04116423,0.4376874,0.3056747,0.2154736
518,0.0411347,0.4374243,0.3061464,0.2152946
519,0.04111233,0.4371747,0.3065504,0.2151625
520,0.04109167,0.4369487,0.3069192,0.2150404
521,0.04107126,0.4367453,0.3072647,0.2149188
522,0.04105063,0.4365612,0.3075931,0.214795
523,0.04102978,0.4363938,0.3079071,0.2146693
524,0.04100896,0.436241,0.3082065,0.2145435
525,0.04098855,0.436102,0.3084893,0.2144202
526,0.04096885,0.4359764,0.3087532,0.2143016
527,0.04095031,0.4358641,0.3089949,0.2141907
528,0.04093334,0.4357657,0.3092104,0.2140906
529,0.04114405,0.4337412,0.3099123,0.2152025
530,0.04129298,0.4328426,0.3098877,0.2159767
531,0.04138462,0.4325019,0.3096844,0.2164292
532,0.04144002,0.4324268,0.309444,0.2166892
533,0.04147306,0.432467,0.3092235,0.2168365
534,0.04149324,0.4325496,0.309033,0.2169241
535,0.04150685,0.4326424,0.3088645,0.2169862
536,0.04151772,0.432734,0.3087057,0.2170426
537,0.04152802,0.4328216,0.3085464,0.217104
538,0.04153881,0.4329058,0.308381,0.2171745
539,0.04155042,0.4329876,0.3082074,0.2172547
540,0.0415628,0.4330678,0.3080265,0.2173429
541,0.04263351,0.4227619,0.3117619,0.2228428
542,0.04341828,0.4177517,0.3120707,0.2267593
543,0.04395175,0.4155573,0.3111806,0.2293104
544,0.04429905,0.4148277,0.3099917,0.2308815
545,0.04451755,0.4147941,0.3088907,0.2317977
546,0.04465189,0.4150449,0.3080001,0.232303
547,0.04473389,0.4153768,0.307323,0.2325663
548,0.04478491,0.4157008,0.3068176,0.2326968
549,0.04481854,0.4159867,0.3064333,0.2327615
550,0.04484324,0.4162314,0.306125,0.2328005
551,0.04486381,0.4164419,0.3058596,0.2328348
552,0.04488284,0.4166275,0.3056154,0.2328743
553,0.04483503,0.4172692,0.3053372,0.2325586
554,0.04480317,0.4176042,0.3052581,0.2323344
555,0.04479091,0.4177921,0.3051858,0.2322312
556,0.0447907,0.4179153,0.3050937,0.2322003
557,0.04479793,0.4180143,0.3049741,0.2322136
558,0.04480937,0.4181075,0.3048312,0.2322519
559,0.04482282,0.4182017,0.3046734,0.2323022
560,0.04483682,0.4182977,0.3045097,0.2323558
561,0.04485057,0.4183944,0.3043471,0.232408
562,0.04486377,0.4184903,0.3041885,0.2324574
563,0.04487633,0.4185843,0.3040357,0.2325037
564,0.04488823,0.4186757,0.3038892,0.2325469
565,0.04678529,0.4013392,0.3096439,0.2422317
566,0.04823463,0.392232,0.3101227,0.2494107
567,0.04925122,0.3877946,0.3087375,0.2542167
568,0.04993072,0.3859692,0.3068574,0.2572426
569,0.05036656,0.3855039,0.3050989,0.2590306
570,0.05063771,0.3856761,0.3036666,0.2600197
571,0.05080438,0.3860975,0.3025661,0.2605321
572,0.05090889,0.3865788,0.3017258,0.2607865
573,0.05097896,0.3870405,0.3010607,0.2609198
574,0.05103135,0.387459,0.3005002,0.2610095
575,0.05107568,0.3878348,0.2999936,0.2610958
576,0.05111694,0.3881767,0.2995101,0.2611963
577,0.04803561,0.4162839,0.290105,0.2455755
578,0.04602794,0.4286985,0.2895698,0.2357037
579,0.04482682,0.4336169,0.2914823,0.230074
580,0.0441195,0.4351271,0.2937874,0.2269661
581,0.04371141,0.4352057,0.2957484,0.2253345
582,0.04348183,0.434779,0.2971937,0.2245455
583,0.04335627,0.4342535,0.2981719,0.2242183
584,0.04328931,0.4337839,0.2987979,0.2241288
585,0.04325387,0.4334098,0.2991879,0.2241485
586,0.04323399,0.4331239,0.2994367,0.2242054
587,0.0432206,0.4329044,0.2996132,0.2242618
588,0.0432088,0.4327285,0.2997636,0.2242991
589,0.04259854,0.4383696,0.297745,0.2212867
590,0.04217561,0.4408433,0.29771,0.2192711
591,0.04189764,0.4417485,0.2983428,0.2180112
592,0.04171693,0.4418978,0.2991437,0.2172416
593,0.04159867,0.4417166,0.2999109,0.2167738
594,0.04151898,0.4414154,0.3005834,0.2164822
595,0.04146226,0.4410906,0.3011601,0.216287
596,0.04141865,0.4407811,0.3016605,0.2161397
597,0.04138213,0.4404988,0.3021067,0.2160124
598,0.0413494,0.4402432,0.3025163,0.2158911
599,0.04131876,0.4400103,0.3029009,0.21577
600,0.04128953,0.4397961,0.3032659,0.2156484
601,0.04097323,0.4421256,0.3028919,0.2140094
602,0.04074882,0.4430074,0.3033669,0.2128769
603,0.04060088,0.4432048,0.3040262,0.2121682
604,0.04050419,0.4430999,0.3046604,0.2117356
605,0.04044179,0.4428864,0.3051871,0.2114847
606,0.04040225,0.4426566,0.3055875,0.2113537
607,0.04037804,0.4424495,0.3058693,0.2113032
608,0.04036427,0.4422774,0.3060502,0.2113081
609,0.04035772,0.4421397,0.3061507,0.2113518
610,0.04035614,0.442032,0.306189,0.2114228
611,0.04035803,0.4419484,0.3061804,0.2115131
612,0.04036227,0.4418831,0.3061379,0.2116166
613,0.04294281,0.417027,0.3150036,0.2250265
614,0.04495283,0.4040313,0.315793,0.2352228
615,0.04638432,0.39776,0.3136628,0.2421929
616,0.04734942,0.3952578,0.3107353,0.2466575
617,0.04796825,0.3947029,0.3080012,0.2493277
618,0.0483484,0.3950334,0.3058087,0.2508095
619,0.04857458,0.3956773,0.3041855,0.2515626
620,0.04870756,0.3963588,0.3030286,0.2519051
621,0.04878796,0.3969683,0.3022017,0.2520421
622,0.04884142,0.3974787,0.3015824,0.2520973
623,0.04888295,0.3978995,0.3010797,0.2521379
624,0.04892048,0.3982512,0.3006335,0.2521949
625,0.04720497,0.4145482,0.2948559,0.243391
626,0.0460523,0.4221409,0.2941527,0.2376542
627,0.04534163,0.4253821,0.2950019,0.2342744
628,0.04491841,0.426529,0.2961702,0.2323824
629,0.04467586,0.4267434,0.2971877,0.2313929
630,0.04454317,0.426598,0.2979315,0.2309274
631,0.04447473,0.4263561,0.2984203,0.2307488
632,0.04444205,0.4261256,0.2987181,0.2307142
633,0.0444279,0.4259397,0.2988918,0.2307405
634,0.04442213,0.4257993,0.2989966,0.2307819
635,0.04441905,0.4256943,0.2990722,0.2308145
636,0.04441559,0.4256121,0.2991454,0.2308269
637,0.04459076,0.4238352,0.2998386,0.2317354
638,0.04470716,0.4229337,0.3000587,0.2323005
639,0.0447785,0.4224903,0.3001158,0.2326155
640,0.04481697,0.4222795,0.3001519,0.2327516
641,0.04483268,0.4221764,0.3002248,0.2327661
642,0.04483312,0.4221155,0.300351,0.2327003
643,0.04482361,0.4220656,0.3005282,0.2325826
644,0.04480769,0.4220133,0.3007474,0.2324315
645,0.04478775,0.4219548,0.300998,0.2322594
646,0.04476552,0.4218903,0.3012688,0.2320753
647,0.04474228,0.421822,0.3015493,0.2318864
648,0.04471903,0.4217529,0.3018297,0.2316983
649,0.04244159,0.4427465,0.2947881,0.2200238
650,0.04097333,0.4513206,0.2949876,0.2127185
651,0.04008425,0.4542753,0.2971445,0.208496
652,0.03955281,0.4547808,0.2995394,0.2061269
653,0.03924005,0.4543409,0.3015611,0.2048579
654,0.03905876,0.4536359,0.303079,0.2042263
655,0.03895465,0.4529456,0.3041489,0.2039508
656,0.0388945,0.4523617,0.3048799,0.2038638
657,0.03885829,0.4518948,0.3053792,0.2038677
658,0.03883423,0.451525,0.3057337,0.203907
659,0.03881565,0.4512259,0.3060062,0.2039523
660,0.03879889,0.450974,0.3062384,0.2039887
661,0.03885636,0.4502193,0.3065009,0.2044233
662,0.03889268,0.4498457,0.3065298,0.2047319
663,0.03890642,0.4496385,0.3065582,0.2048968
664,0.03890604,0.4494969,0.3066242,0.2049728
665,0.03889656,0.449373,0.3067399,0.2049906
666,0.03888142,0.4492465,0.3069012,0.2049708
667,0.03886299,0.4491111,0.3070979,0.204928
668,0.03884292,0.4489671,0.307318,0.204872
669,0.0388223,0.448817,0.3075509,0.2048098
670,0.03880193,0.4486644,0.3077873,0.2047464
671,0.03878237,0.4485121,0.3080198,0.2046856
672,0.03876408,0.448363,0.3082421,0.2046307
673,0.03872574,0.4480246,0.3088395,0.2044101
674,0.0386923,0.4477106,0.3093757,0.2042215
675,0.03867185,0.4474408,0.3097614,0.204126
676,0.03865744,0.4472189,0.3100496,0.204074
677,0.0386474,0.4470385,0.3102604,0.2040538
678,0.03864089,0.4468922,0.3104076,0.2040594
679,0.03863741,0.4467736,0.3105021,0.2040869
680,0.03863652,0.4466775,0.310553,0.204133
681,0.03863778,0.4465995,0.3105681,0.2041946
682,0.03864087,0.4465362,0.3105536,0.2042692
683,0.0386454,0.4464844,0.3105162,0.204354
684,0.03865092,0.4464413,0.3104619,0.2044458
685,0.04030276,0.4300184,0.3165914,0.2130874
686,0.04152846,0.4219352,0.3172174,0.2193188
687,0.04236671,0.4183337,0.3159037,0.2233959
688,0.04291161,0.4170798,0.3141112,0.2258973
689,0.04325061,0.4169438,0.312474,0.2273315
690,0.04345428,0.4172623,0.3111899,0.2280935
691,0.04357415,0.4177082,0.3102555,0.2284621
692,0.04364522,0.4181406,0.3095934,0.2286207
693,0.04368987,0.418514,0.3091145,0.2286817
694,0.04372171,0.4188254,0.3087424,0.2287105
695,0.04374836,0.4190878,0.308423,0.2287408
696,0.04377378,0.4193164,0.3081223,0.2287875
697,0.04162295,0.4402851,0.3004179,0.2176741
698,0.04024793,0.4490165,0.2999393,0.2107962
699,0.03942654,0.452214,0.301464,0.2068955
700,0.03894525,0.4529804,0.3033027,0.2047715
701,0.03867,0.4527867,0.3048547,0.2036886
702,0.03851673,0.4522993,0.3059885,0.2031954
703,0.03843343,0.451794,0.3067532,0.2030194
704,0.03838839,0.4513631,0.307249,0.2029994
705,0.03836285,0.4510202,0.3075737,0.2030432
706,0.03834592,0.4507491,0.3078046,0.2031004
707,0.03833157,0.4505273,0.3079967,0.2031445
708,0.03831658,0.4503345,0.3081861,0.203163
709,0.03916994,0.4414521,0.3116987,0.2076793
710,0.03976947,0.4372361,0.3122408,0.2107536
711,0.04015524,0.4354046,0.3118066,0.2126336
712,0.04038661,0.4347503,0.3111884,0.2136747
713,0.04051313,0.4346145,0.3107104,0.2141619
714,0.04057225,0.4346635,0.3104594,0.2143048
715,0.04059057,0.434745,0.3104156,0.2142489
716,0.04058614,0.4348024,0.3105201,0.2140913
717,0.04057094,0.4348253,0.3107081,0.2138956
718,0.04055268,0.4348226,0.3109223,0.2137024
719,0.04053629,0.4348089,0.3111169,0.2135379
720,0.04052487,0.4347987,0.3112582,0.2134182
721,0.04178488,0.4224185,0.3159014,0.2198952
722,0.04271226,0.4163488,0.3164299,0.2245091
723,0.04334614,0.4136666,0.3154699,0.2275174
724,0.04376452,0.4127628,0.31408,0.2293926
725,0.0440363,0.412721,0.3127111,0.2305317
726,0.04421493,0.4130498,0.3115044,0.2312308
727,0.04433804,0.4135062,0.3104652,0.2316906
728,0.04443,0.4139812,0.309554,0.2320348
729,0.04450534,0.414434,0.3087283,0.2323323
730,0.04457182,0.4148548,0.3079586,0.2326149
731,0.04463306,0.4152444,0.3072292,0.2328933
732,0.04469034,0.4156069,0.306536,0.2331667
733,0.04263225,0.4359462,0.2988202,0.2226014
734,0.04130484,0.4446808,0.2979993,0.216015
735,0.04050623,0.4480424,0.2991929,0.2122585
736,0.04003548,0.4489831,0.3007772,0.2102042
737,0.03976433,0.4489298,0.3021559,0.20915
738,0.03961187,0.4485432,0.303182,0.2086629
739,0.03952772,0.4481056,0.3038858,0.2084808
740,0.03948115,0.4477185,0.3043519,0.2084484
741,0.03945378,0.4474027,0.3046668,0.2084766
742,0.03943491,0.4471479,0.3049013,0.2085158
743,0.03941854,0.4469349,0.3051064,0.2085401
744,0.03940145,0.4467456,0.3053159,0.208537
745,0.04226578,0.4182697,0.3159651,0.2234994
746,0.04450467,0.4030909,0.3175429,0.2348616
747,0.04610088,0.3955489,0.3157673,0.2425829
748,0.0471656,0.3923384,0.313093,0.2474029
749,0.04782771,0.3913929,0.3106785,0.2501009
750,0.0482079,0.3914916,0.3089314,0.2513691
751,0.04840503,0.3919702,0.30787,0.2517548
752,0.04849314,0.392509,0.3073412,0.2516567
753,0.04852438,0.3929844,0.3071426,0.2513485
754,0.0485335,0.3933734,0.3070846,0.2510085
755,0.04854238,0.3936962,0.3070162,0.2507452
756,0.04856339,0.3939854,0.3068348,0.2506165
757,0.04714741,0.4076335,0.3019626,0.2432565
758,0.0462042,0.4141423,0.3011414,0.2385121
759,0.04564104,0.417079,0.3014491,0.2358308
760,0.04532747,0.4182962,0.3019094,0.234467
761,0.04517035,0.4187491,0.3021797,0.2339009
762,0.04510622,0.4189055,0.3022028,0.2337855
763,0.04509363,0.4189772,0.3020297,0.2338994
764,0.04510674,0.4190468,0.301738,0.2341086
765,0.04513014,0.4191357,0.3013974,0.2343368
766,0.04515529,0.4192409,0.3010594,0.2345444
767,0.04517774,0.4193517,0.3007573,0.2347132
768,0.04519552,0.4194576,0.3005099,0.2348371
769,0.04268754,0.4430555,0.2922274,0.2220295
770,0.04107785,0.4527098,0.2921599,0.2140526
771,0.04010716,0.456064,0.2943611,0.2094678
772,0.0395256,0.456667,0.2969175,0.2068899
773,0.03917928,0.4561938,0.2991416,0.2054854
774,0.03897305,0.4554022,0.3008744,0.2047504
775,0.03884832,0.4546057,0.302164,0.2043819
776,0.03876927,0.4539098,0.303121,0.2042
777,0.03871443,0.453329,0.3038565,0.2041001
778,0.0386713,0.4528442,0.3044603,0.2040242
779,0.03863279,0.4524279,0.3049981,0.2039412
780,0.03859506,0.4520558,0.3055132,0.203836
781,0.03853286,0.4518486,0.3060506,0.203568
782,0.03847516,0.4515504,0.3066678,0.2033067
783,0.03842286,0.4512156,0.3072969,0.2030647
784,0.03837357,0.4508702,0.307927,0.2028293
785,0.03832666,0.4505281,0.3085462,0.2025991
786,0.03828229,0.4501975,0.3091422,0.2023779
787,0.03824115,0.4498849,0.3097017,0.2021724
788,0.03820413,0.4495948,0.3102106,0.2019905
789,0.03817213,0.4493317,0.3106562,0.2018399
790,0.03814602,0.4490996,0.3110267,0.2017277
791,0.03812649,0.4489015,0.3113123,0.2016597
792,0.03811397,0.4487395,0.3115068,0.2016396
793,0.03907515,0.4393609,0.3148133,0.2067507
794,0.03977846,0.4351026,0.3146788,0.2104402
795,0.04024575,0.4334407,0.3135023,0.2128113
796,0.04054867,0.4330558,0.3120945,0.214301
797,0.04074196,0.4332319,0.3108022,0.215224
798,0.04086596,0.4336052,0.3097246,0.2158043
799,0.04094821,0.4340079,0.3088541,0.2161898
800,0.04100633,0.4343742,0.3081483,0.2164711
801,0.04105087,0.4346862,0.3075626,0.2167002
802,0.04108767,0.4349469,0.3070626,0.2169029
803,0.0411197,0.4351646,0.306625,0.2170906
804,0.04114833,0.4353486,0.3062367,0.2172665
805,0.0380016,0.4661915,0.2948654,0.2009416
806,0.03611141,0.4774185,0.2949978,0.1914723
807,0.03502152,0.480678,0.2979823,0.1863182
808,0.03439137,0.480772,0.3012583,0.1835783
809,0.03402885,0.4797872,0.3039821,0.1822019
810,0.03382135,0.4785917,0.3060024,0.1815846
811,0.03370197,0.4775043,0.3074189,0.1813748
812,0.03363109,0.4766054,0.3083943,0.1813692
813,0.03358544,0.4758814,0.3090811,0.181452
814,0.03355179,0.4752909,0.3095973,0.18156
815,0.03352273,0.4747908,0.3100269,0.1816595
816,0.03349422,0.4743466,0.3104256,0.1817335
817,0.03532531,0.4541129,0.318911,0.1916508
818,0.03666901,0.4443859,0.3202036,0.1987415
819,0.03756978,0.4401805,0.3189607,0.2032889
820,0.0381311,0.4387632,0.3171623,0.2059434
821,0.03845222,0.4385883,0.3156638,0.2072958
822,0.03861465,0.4388501,0.3147202,0.2078149
823,0.03867907,0.4391765,0.3143027,0.2078416
824,0.038688,0.4394293,0.3142717,0.2076109
825,0.03867016,0.4395855,0.3144648,0.2072795
826,0.03864434,0.4396696,0.3147368,0.2069492
827,0.03862261,0.4397197,0.3149725,0.2066852
828,0.03861216,0.4397709,0.3150912,0.2065257
829,0.03921625,0.4339748,0.3171474,0.2096616
830,0.03966389,0.4314201,0.316969,0.2119469
831,0.03997653,0.4305186,0.3160044,0.2135004
832,0.04019794,0.4304403,0.3147769,0.2145848
833,0.0403597,0.4307365,0.3135255,0.2153784
834,0.04048344,0.4311755,0.3123446,0.2159965
835,0.04058275,0.4316453,0.3112651,0.2165069
836,0.04066552,0.4320955,0.3102937,0.2169452
837,0.04073615,0.4325062,0.3094292,0.2173283
838,0.04079696,0.4328722,0.3086675,0.2176632
839,0.0408492,0.4331939,0.3080043,0.2179526
840,0.04089367,0.4334739,0.3074348,0.2181977
841,0.04026691,0.4400727,0.3047678,0.2148926
842,0.03984538,0.4430068,0.3044169,0.212731
843,0.03958474,0.444176,0.30478,0.2114592
844,0.03942806,0.4445169,0.3053134,0.2107416
845,0.0393361,0.4445037,0.3058056,0.2103548
846,0.03928259,0.4443635,0.3062007,0.2101532
847,0.0392506,0.4441962,0.3065077,0.2100455
848,0.03922952,0.4440386,0.3067555,0.2099764
849,0.03921292,0.4438996,0.3069742,0.2099133
850,0.03919715,0.443776,0.3071882,0.2098388
851,0.03918021,0.443661,0.3074145,0.2097442
852,0.03916116,0.4435491,0.3076636,0.2096261
853,0.03985711,0.4363416,0.3105396,0.2132618
854,0.04034553,0.4329439,0.3109952,0.2157154
855,0.04065596,0.4314905,0.3106889,0.2171645
856,0.04083957,0.430997,0.3102439,0.2179196
857,0.04093794,0.4309282,0.3099114,0.2182225
858,0.04098239,0.4310132,0.3097534,0.218251
859,0.04099519,0.431129,0.3097472,0.2181286
860,0.04099147,0.4312297,0.3098409,0.2179381
861,0.04098119,0.4313061,0.3099797,0.217733
862,0.04097075,0.4313654,0.310116,0.2175478
863,0.04096408,0.4314193,0.3102138,0.2174029
864,0.04096331,0.4314782,0.3102495,0.217309
865,0.03846781,0.4562605,0.3010131,0.2042586
866,0.03692741,0.465837,0.3007644,0.1964712
867,0.0360256,0.4689516,0.3028668,0.192156
868,0.03550582,0.4693915,0.3052353,0.1898673
869,0.03521322,0.4688662,0.3071721,0.1887485
870,0.03505334,0.4681096,0.308551,0.1882861
871,0.03496874,0.4674027,0.309454,0.1881746
872,0.03492488,0.4668246,0.3100158,0.1882347
