EwEVersion,"6.5.13829.0 (compiled 2016-05-17)"
Date,"2016-09-06 16:27:55"
ModelName,Baltic_Proper-SEALS
EcosimScenario,Proper1_SealVuln100_19742100_seal0_cofF03
TimeSeries,new_data_weights_19742100_BAU_WAR1_codF03_seal100
StartYear,1974

Data,"Prey of Temora sp"

TimeStep,"Cyanobacteria","Phytoplankton","microzooplankton","Detritus-water column",
1,0.04225925,0.6065168,0.1818384,0.1693856
2,0.03843141,0.6257736,0.1810653,0.1547296
3,0.0365148,0.6314564,0.1842176,0.1478112
4,0.03551377,0.6320712,0.1878981,0.1445169
5,0.03498649,0.6309366,0.1910353,0.1430416
6,0.03471035,0.629393,0.1934095,0.1424873
7,0.03456669,0.6279414,0.1951074,0.1423845
8,0.03449095,0.6267245,0.1962997,0.1424848
9,0.03444798,0.6257406,0.1971526,0.1426588
10,0.03441905,0.6249409,0.1977991,0.142841
11,0.03439435,0.6242702,0.198335,0.1430005
12,0.03436902,0.623682,0.198825,0.1431241
13,0.03504702,0.6175472,0.2012598,0.146146
14,0.03547345,0.6146087,0.2018546,0.1480632
15,0.03571072,0.6132495,0.2019097,0.14913
16,0.03582743,0.6126233,0.2018863,0.1496628
17,0.03586937,0.6122901,0.2019731,0.1498673
18,0.03586669,0.6120398,0.2022164,0.1498771
19,0.03583881,0.6117858,0.2025973,0.1497781
20,0.03579811,0.6115038,0.2030724,0.1496255
21,0.03575266,0.611199,0.2035918,0.1494565
22,0.03570799,0.6108875,0.2041071,0.1492974
23,0.03566799,0.6105883,0.2045756,0.1491682
24,0.03563545,0.6103187,0.204962,0.1490838
25,0.03168523,0.6408312,0.1948486,0.132635
26,0.02964744,0.6499566,0.1960325,0.1243635
27,0.0286395,0.6517194,0.1990227,0.1206185
28,0.02812166,0.6510121,0.2018997,0.1189665
29,0.02786311,0.6496834,0.2040507,0.1184028
30,0.02774151,0.6484029,0.20546,0.1183956
31,0.02769012,0.6473576,0.2062961,0.1186562
32,0.02767263,0.6465501,0.2067477,0.1190296
33,0.02766973,0.6459256,0.2069694,0.1194354
34,0.02767111,0.6454219,0.2070757,0.1198313
35,0.02767179,0.6449879,0.2071419,0.1201985
36,0.02766954,0.6445873,0.2072133,0.1205297
37,0.02845109,0.6369651,0.2103782,0.1242056
38,0.02894338,0.6335509,0.2109403,0.1265653
39,0.02922915,0.6321344,0.2106663,0.1279702
40,0.02938368,0.6316023,0.2102372,0.1287767
41,0.02945792,0.6313975,0.2099236,0.129221
42,0.02948493,0.6312666,0.2097943,0.1294542
43,0.02948535,0.631112,0.209833,0.1295696
44,0.02947163,0.6309086,0.2099968,0.129623
45,0.02945112,0.6306612,0.2102404,0.1296472
46,0.0294286,0.6303865,0.2105206,0.1296643
47,0.02940696,0.6301019,0.2108028,0.1296883
48,0.02938797,0.6298229,0.2110611,0.1297279
49,0.03022137,0.6217711,0.2145301,0.1334775
50,0.03075722,0.6181589,0.2152077,0.1358762
51,0.0310782,0.6167275,0.214903,0.1372914
52,0.0312649,0.6163185,0.2143048,0.1381118
53,0.03137182,0.6163386,0.2136969,0.1385927
54,0.03143433,0.6165078,0.2131615,0.1388964
55,0.03147399,0.6167079,0.2126987,0.1391193
56,0.03150321,0.6168982,0.212284,0.1393147
57,0.03152856,0.6170697,0.2118927,0.139509
58,0.03155274,0.6172239,0.2115135,0.1397099
59,0.03157659,0.6173632,0.2111429,0.1399174
60,0.03160006,0.6174892,0.2107833,0.1401275
61,0.03194922,0.6139861,0.2123997,0.141665
62,0.03216113,0.6123073,0.2129683,0.1425634
63,0.03230232,0.6115549,0.2129701,0.1431727
64,0.03239315,0.6112732,0.2127598,0.1435739
65,0.03245207,0.6112143,0.2124862,0.1438474
66,0.03249156,0.6112514,0.2122104,0.1440466
67,0.03251944,0.6113232,0.2119536,0.1442037
68,0.03254034,0.6114015,0.2117212,0.144337
69,0.03255688,0.6114739,0.2115141,0.1444552
70,0.03257072,0.6115365,0.2113287,0.144564
71,0.03258265,0.6115885,0.2111632,0.1446657
72,0.03259307,0.6116302,0.2110162,0.1447606
73,0.03030401,0.6312862,0.203739,0.1346709
74,0.02904118,0.6380054,0.203701,0.1292524
75,0.02836676,0.6397136,0.2053659,0.1265537
76,0.02800392,0.6395266,0.2072059,0.1252636
77,0.02781017,0.6387452,0.2087269,0.1247177
78,0.02770728,0.6378844,0.209853,0.1245553
79,0.02765162,0.6371161,0.2106545,0.1245777
80,0.02761905,0.6364709,0.2112332,0.1246769
81,0.02759641,0.6359282,0.2116799,0.1247956
82,0.02757679,0.6354555,0.2120627,0.124905
83,0.02755669,0.6350243,0.2124275,0.1249915
84,0.02753453,0.6346131,0.2128023,0.1250501
85,0.02758659,0.6344588,0.2124017,0.125553
86,0.02762656,0.6344942,0.2118825,0.1259967
87,0.02762882,0.6345137,0.2116553,0.1262021
88,0.02761395,0.6344552,0.2116396,0.1262912
89,0.02758897,0.6343101,0.2117956,0.1263053
90,0.02755711,0.6340894,0.2120894,0.1262641
91,0.02752015,0.6338085,0.212492,0.1261793
92,0.02747921,0.6334829,0.2129785,0.1260593
93,0.0274353,0.6331269,0.2135259,0.1259119
94,0.02738957,0.6327533,0.2141115,0.1257457
95,0.02734348,0.6323741,0.2147113,0.1255712
96,0.0272988,0.6320019,0.2152984,0.1254009
97,0.02674976,0.6367371,0.2135377,0.1229753
98,0.02642289,0.6384377,0.2135248,0.1216147
99,0.02622928,0.6388438,0.21404,0.1208869
100,0.02611996,0.6387477,0.2145708,0.1205615
101,0.0260634,0.6385121,0.214935,0.1204894
102,0.02604019,0.6382877,0.2150927,0.1205793
103,0.02603832,0.6381235,0.2150642,0.120774
104,0.02605009,0.6380225,0.2148913,0.1210361
105,0.02607037,0.63797,0.2146201,0.1213396
106,0.02609539,0.6379458,0.2142948,0.121664
107,0.02612229,0.6379318,0.213953,0.121993
108,0.02614889,0.6379134,0.2136239,0.1223138
109,0.02715873,0.628536,0.2170939,0.1272114
110,0.02782937,0.6245598,0.2171495,0.1304615
111,0.02823783,0.6231818,0.2161831,0.1323974
112,0.02847922,0.6229626,0.2150435,0.1335147
113,0.02861697,0.6231715,0.2140788,0.1341327
114,0.02869282,0.6234723,0.2133772,0.1344577
115,0.02873287,0.6237319,0.2129185,0.1346167
116,0.02875281,0.6239138,0.2126483,0.1346851
117,0.02876174,0.6240219,0.2125105,0.1347058
118,0.02876473,0.6240725,0.2124609,0.1347019
119,0.02876464,0.6240831,0.212466,0.1346863
120,0.02876306,0.6240683,0.2125027,0.134666
121,0.02840233,0.6271316,0.2115198,0.1329463
122,0.02817755,0.628211,0.2117312,0.1318802
123,0.02805204,0.6284446,0.2121859,0.1313175
124,0.02798159,0.628346,0.2126468,0.1310256
125,0.02794281,0.628147,0.2130232,0.130887
126,0.02792186,0.6279442,0.213301,0.130833
127,0.02791063,0.6277705,0.2134951,0.1308238
128,0.02790448,0.6276315,0.2136271,0.130837
129,0.02790091,0.6275222,0.2137164,0.1308605
130,0.02789854,0.6274354,0.2137778,0.1308881
131,0.02789668,0.6273651,0.2138216,0.1309167
132,0.02789495,0.627306,0.2138545,0.1309446
133,0.03065085,0.5983096,0.2276385,0.143401
134,0.03256272,0.5828113,0.2330687,0.1515572
135,0.03383421,0.5752503,0.2342731,0.1566423
136,0.03461134,0.5720225,0.2339525,0.1594136
137,0.03505505,0.5709563,0.2332959,0.1606926
138,0.03529408,0.5708637,0.2327275,0.1611148
139,0.03541951,0.5711621,0.2323028,0.1611156
140,0.03549045,0.5716034,0.2319381,0.1609682
141,0.03554242,0.5721021,0.2315258,0.1608296
142,0.03559602,0.5726427,0.2309755,0.1607859
143,0.03566169,0.5732319,0.2302314,0.160875
144,0.03574385,0.5738793,0.2292692,0.1611076
145,0.03195019,0.6100616,0.2137857,0.1442025
146,0.03004842,0.6233385,0.2105124,0.1361008
147,0.0290988,0.6281919,0.2103016,0.1324077
148,0.02862046,0.6297182,0.2108356,0.1308258
149,0.02838237,0.6299728,0.2113831,0.1302617
150,0.02826682,0.6298009,0.2117612,0.1301711
151,0.02821266,0.6295305,0.2119744,0.1302824
152,0.02818824,0.6292706,0.2120769,0.1304643
153,0.02817729,0.6290432,0.2121239,0.1306557
154,0.02817148,0.6288409,0.2121578,0.1308299
155,0.02816665,0.6286498,0.2122072,0.1309763
156,0.0281607,0.6284574,0.2122902,0.1310916
157,0.03472828,0.5643542,0.2396912,0.1612262
158,0.04058484,0.5214307,0.2505952,0.1873892
159,0.04530258,0.4943511,0.2528248,0.2075215
160,0.04879257,0.4786166,0.2510624,0.2215284
161,0.05116981,0.4703908,0.2481977,0.2302417
162,0.05265837,0.4667406,0.2456858,0.2349152
163,0.05350786,0.4656242,0.244039,0.2368289
164,0.05394024,0.4657603,0.2432369,0.2370626
165,0.05412736,0.4664369,0.2430176,0.2364182
166,0.05419026,0.4673142,0.2430564,0.2354392
167,0.05420844,0.4682622,0.2430615,0.2344679
168,0.05423032,0.4692501,0.2428192,0.2337003
169,0.04855016,0.517,0.2255256,0.2089243
170,0.04541731,0.5389423,0.2198619,0.1957784
171,0.04405222,0.5494581,0.2156175,0.1908723
172,0.04341232,0.5552698,0.2122164,0.1891014
173,0.04309561,0.5586368,0.2097554,0.1885122
174,0.04294924,0.5606991,0.2079123,0.1884394
175,0.04288836,0.5620317,0.2065428,0.1885371
176,0.04286762,0.5629374,0.2055509,0.1886442
177,0.04286428,0.5635803,0.2048554,0.1887
178,0.04286774,0.5640528,0.2043864,0.1886932
179,0.04287312,0.5644094,0.2040873,0.1886301
180,0.04287818,0.5646853,0.2039154,0.1885212
181,0.04130099,0.5781646,0.1989375,0.181597
182,0.04033046,0.5844141,0.197866,0.1773895
183,0.03975451,0.587108,0.1982099,0.1749275
184,0.03941651,0.588079,0.1990123,0.1734921
185,0.03921933,0.5882666,0.1998706,0.1726435
186,0.0391033,0.5881365,0.2006438,0.1721164
187,0.03903221,0.5879067,0.2013078,0.1717532
188,0.03898433,0.5876689,0.2018846,0.1714621
189,0.03894685,0.5874543,0.202409,0.1711899
190,0.03891242,0.5872657,0.2029139,0.170908
191,0.03887689,0.5870962,0.2034263,0.1706006
192,0.038838,0.5869362,0.2039658,0.1702601
193,0.03790483,0.5944883,0.2015148,0.166092
194,0.03731602,0.5977969,0.2014186,0.1634685
195,0.03694727,0.5990524,0.2021876,0.1618126
196,0.03671444,0.5993343,0.2032092,0.1607421
197,0.03656368,0.5991977,0.2042227,0.1600159
198,0.03646185,0.5989167,0.2051319,0.1594897
199,0.03638925,0.598618,0.2059122,0.1590807
200,0.03633462,0.5983545,0.2065666,0.1587442
201,0.03629191,0.5981442,0.2071051,0.1584587
202,0.03625831,0.5979899,0.2075354,0.1582164
203,0.03623264,0.5978888,0.2078624,0.1580161
204,0.03621457,0.5978369,0.2080894,0.1578592
205,0.04006597,0.5647874,0.2208415,0.1743051
206,0.04298522,0.5459951,0.2246092,0.1864105
207,0.04501963,0.5361235,0.2244169,0.1944399
208,0.04635154,0.5316222,0.2226805,0.1993458
209,0.04717795,0.5301,0.2206309,0.2020911
210,0.04767157,0.5300758,0.2187681,0.2034846
211,0.0479641,0.530709,0.2172056,0.2041214
212,0.04814628,0.5315692,0.2158874,0.2043971
213,0.04827527,0.5324629,0.2147123,0.2045496
214,0.04838157,0.5333192,0.2136071,0.2046922
215,0.04847981,0.5341198,0.2125326,0.2048678
216,0.04857495,0.5348655,0.2114813,0.2050782
217,0.04356259,0.5754304,0.1969627,0.1840443
218,0.04081399,0.5921867,0.1941646,0.1728347
219,0.03934526,0.5987105,0.1948309,0.1671133
220,0.03855472,0.6008199,0.1963971,0.1642283
221,0.03813424,0.6011029,0.1979249,0.162838
222,0.03791652,0.6007254,0.1991314,0.1622268
223,0.03780838,0.6001912,0.1999938,0.1620067
224,0.03775772,0.5996954,0.2005784,0.1619686
225,0.03773561,0.5992929,0.2009693,0.1620021
226,0.03772626,0.5989819,0.2012408,0.162051
227,0.0377213,0.5987409,0.2014494,0.1620885
228,0.03771648,0.598546,0.2016347,0.1621029
229,0.03845241,0.5916029,0.2048213,0.1651234
230,0.03891934,0.5880435,0.2061103,0.1669268
231,0.03920747,0.5862758,0.2065587,0.167958
232,0.03937257,0.5854443,0.2067178,0.1684653
233,0.03945801,0.5850636,0.2068371,0.1686413
234,0.03949425,0.5848758,0.2070108,0.1686192
235,0.0395015,0.5847553,0.2072571,0.1684861
236,0.03949277,0.5846486,0.2075612,0.1682975
237,0.0394763,0.5845395,0.207896,0.1680882
238,0.0394573,0.5844293,0.2082326,0.1678808
239,0.03943906,0.5843266,0.2085449,0.1676896
240,0.03942364,0.5842412,0.208811,0.1675241
241,0.03773551,0.596797,0.2052789,0.1601886
242,0.03670697,0.6016741,0.2058674,0.1557515
243,0.03614174,0.6031883,0.2072479,0.153422
244,0.03583362,0.6033375,0.2085942,0.1522347
245,0.03567247,0.6030234,0.2096149,0.1516892
246,0.03559404,0.6026335,0.2102752,0.1514972
247,0.03556061,0.6023111,0.2106373,0.151491
248,0.03555027,0.6020886,0.2107871,0.151574
249,0.03555063,0.601954,0.2108032,0.1516922
250,0.03555526,0.601883,0.2107432,0.1518185
251,0.03556089,0.6018519,0.2106471,0.15194
252,0.03556598,0.6018425,0.2105404,0.1520511
253,0.03504671,0.6080002,0.2067482,0.1502048
254,0.03475018,0.6111393,0.2047869,0.1493236
255,0.0345533,0.6127169,0.2039497,0.14878
256,0.03443123,0.613447,0.2036178,0.148504
257,0.03435694,0.6137356,0.2035162,0.1483913
258,0.0343115,0.6138014,0.203519,0.1483682
259,0.03428273,0.6137574,0.2035712,0.1483887
260,0.03426309,0.6136599,0.2036514,0.1484257
261,0.03424811,0.6135355,0.2037522,0.1484641
262,0.03423523,0.6133968,0.2038716,0.1484964
263,0.03422305,0.613249,0.2040086,0.1485194
264,0.03421086,0.6130948,0.2041623,0.1485321
265,0.03769515,0.5811387,0.2179831,0.1631831
266,0.04021313,0.5631279,0.2233623,0.1732966
267,0.04192865,0.5536494,0.2246081,0.1798138
268,0.04300783,0.5491509,0.2242842,0.183557
269,0.04363774,0.5473189,0.2236259,0.1854173
270,0.04397867,0.5467799,0.2231101,0.1861314
271,0.04415103,0.5467985,0.2228135,0.1862368
272,0.0442379,0.5470309,0.2226364,0.1860948
273,0.04429255,0.5473476,0.2224294,0.1859305
274,0.04434566,0.54772,0.2220677,0.1858666
275,0.0444126,0.548156,0.2214742,0.1859572
276,0.04449794,0.548667,0.2206282,0.186207
277,0.04578295,0.5405952,0.2219913,0.1916305
278,0.0467487,0.5368667,0.2206657,0.1957188
279,0.04740926,0.5355586,0.2185771,0.1984551
280,0.04785121,0.5355359,0.2163777,0.2002352
281,0.04814288,0.536119,0.2143732,0.2013647
282,0.0483349,0.5369267,0.2126722,0.2020662
283,0.04846254,0.5377603,0.2112845,0.2024928
284,0.04854927,0.5385281,0.2101777,0.2027449
285,0.04861005,0.539197,0.2093073,0.2028856
286,0.04865422,0.5397635,0.2086282,0.202954
287,0.04868753,0.540237,0.2081015,0.202974
288,0.04871338,0.5406314,0.2076955,0.2029597
289,0.04394898,0.5781223,0.1946238,0.1833048
290,0.04129864,0.5936531,0.19236,0.1726883
291,0.03985536,0.5996226,0.193357,0.167165
292,0.03906079,0.6014345,0.1951915,0.1643132
293,0.03862453,0.6015244,0.1969619,0.1628892
294,0.0383874,0.6009965,0.1983932,0.1622229
295,0.03825976,0.6003292,0.1994648,0.1619463
296,0.03819069,0.5997068,0.2002458,0.1618567
297,0.0381515,0.5991806,0.2008235,0.1618445
298,0.03812639,0.5987466,0.2012737,0.1618533
299,0.03810686,0.598383,0.2016549,0.1618552
300,0.03808849,0.5980663,0.2020075,0.1618377
301,0.03434164,0.628301,0.1911789,0.1461784
302,0.03235529,0.6387722,0.1907244,0.1381481
303,0.03129273,0.6416461,0.1929563,0.1341049
304,0.0307115,0.6415693,0.1956256,0.1320936
305,0.03039031,0.6404918,0.1979693,0.1311486
306,0.03021065,0.639213,0.1998164,0.1307599
307,0.03010715,0.6380253,0.2012164,0.1306511
308,0.03004368,0.6370037,0.2022794,0.1306732
309,0.03000049,0.6361386,0.2031131,0.1307479
310,0.02996677,0.6353943,0.2038048,0.1308341
311,0.02993708,0.6347346,0.2044149,0.1309134
312,0.02990883,0.6341313,0.2049811,0.1309788
313,0.03480097,0.5891018,0.2238842,0.152213
314,0.0387348,0.5623646,0.2300325,0.1688682
315,0.041584,0.5477586,0.2302817,0.1803757
316,0.0434786,0.5407403,0.2282554,0.1875258
317,0.04463512,0.5380004,0.2259336,0.1914308
318,0.04527982,0.5373898,0.2241489,0.1931814
319,0.04560309,0.5376697,0.2230677,0.1936595
320,0.04574573,0.5382257,0.2225307,0.1934978
321,0.04580338,0.5388182,0.2222622,0.1931163
322,0.04583464,0.5393996,0.2220032,0.1927625
323,0.04587236,0.5399976,0.2215627,0.1925673
324,0.04593156,0.5406517,0.2208365,0.1925801
325,0.04552313,0.5456541,0.2180081,0.1908146
326,0.04531731,0.5487143,0.2159456,0.1900226
327,0.04523282,0.5507508,0.2142347,0.1897817
328,0.04522432,0.5522244,0.212677,0.1898742
329,0.04525696,0.5533779,0.2112344,0.1901307
330,0.04530786,0.5543303,0.2099214,0.1904404
331,0.04536336,0.5551372,0.2087605,0.190739
332,0.04541603,0.5558245,0.2077664,0.1909932
333,0.04546233,0.5564065,0.2069417,0.1911895
334,0.04550172,0.5568938,0.2062745,0.19133
335,0.04553456,0.5572973,0.2057473,0.1914208
336,0.04556158,0.5576283,0.2053408,0.1914693
337,0.04596169,0.5548448,0.2061616,0.1930319
338,0.04622914,0.5534753,0.2062973,0.1939983
339,0.04640086,0.5528708,0.2061818,0.1945464
340,0.04650707,0.5526686,0.2060104,0.1948141
341,0.04656973,0.5526593,0.2058719,0.194899
342,0.04660394,0.5527282,0.2058013,0.1948666
343,0.04661959,0.5528155,0.2058067,0.1947583
344,0.04662303,0.5528927,0.2058841,0.1946001
345,0.04661835,0.5529484,0.206025,0.1944082
346,0.04660789,0.5529794,0.2062214,0.1941914
347,0.04659325,0.5529861,0.2064648,0.1939558
348,0.04657565,0.5529714,0.2067464,0.1937066
349,0.03834045,0.6139966,0.1883173,0.1593457
350,0.03444864,0.6320336,0.1900482,0.1434695
351,0.03257497,0.6361826,0.1950293,0.136213
352,0.03161592,0.6357163,0.1998838,0.1327841
353,0.03111774,0.6339377,0.2037061,0.1312386
354,0.03085928,0.6320583,0.2064444,0.130638
355,0.03072491,0.6304585,0.2083191,0.1304975
356,0.03065273,0.6291926,0.2095922,0.1305625
357,0.03060982,0.628202,0.2104861,0.130702
358,0.03057901,0.6274051,0.2111649,0.130851
359,0.03055175,0.6267297,0.2117385,0.13098
360,0.03052409,0.626123,0.2122751,0.1310779
361,0.0347202,0.5889478,0.2271142,0.1492177
362,0.03801474,0.5681388,0.2305993,0.1632473
363,0.04030514,0.5575331,0.2295922,0.1725696
364,0.04177118,0.5529606,0.2271084,0.1781599
365,0.04263161,0.5515547,0.2247161,0.1810976
366,0.04308785,0.5515675,0.2230143,0.1823304
367,0.04329746,0.5520587,0.2220664,0.1825774
368,0.04337094,0.5526025,0.2216964,0.1823302
369,0.04338037,0.5530613,0.2216556,0.1819027
370,0.04337098,0.553439,0.2217008,0.1814892
371,0.04336926,0.5537918,0.2216382,0.1812008
372,0.0433889,0.5541808,0.2213392,0.1810912
373,0.04403919,0.5495871,0.2227409,0.1836328
374,0.04450769,0.5475636,0.2224849,0.1854438
375,0.04484801,0.5469693,0.2214195,0.1867632
376,0.04510245,0.5471665,0.2199619,0.1877691
377,0.04529978,0.5477756,0.2183501,0.1885745
378,0.0454577,0.5485734,0.2167271,0.1892418
379,0.0455867,0.5494295,0.2151822,0.1898015
380,0.04569304,0.5502687,0.2137695,0.1902688
381,0.0457808,0.5510488,0.2125181,0.1906524
382,0.04585277,0.5517487,0.2114404,0.1909581
383,0.04591138,0.5523602,0.210535,0.1911934
384,0.04595885,0.5528838,0.2097902,0.191367
385,0.04612167,0.552535,0.2093088,0.1920346
386,0.04623876,0.5525413,0.2087309,0.192489
387,0.04631573,0.5527109,0.2082232,0.1927502
388,0.04636546,0.5529345,0.2078196,0.1928803
389,0.04639665,0.553157,0.2075257,0.1929207
390,0.04641493,0.553353,0.2073345,0.1928975
391,0.0464237,0.5535136,0.2072362,0.1928265
392,0.04642493,0.5536371,0.2072218,0.1927161
393,0.04641969,0.5537246,0.207285,0.1925707
394,0.04640888,0.5537785,0.2074183,0.1923943
395,0.04639311,0.5538017,0.2076156,0.1921896
396,0.04637283,0.5537971,0.2078711,0.1919588
397,0.04774123,0.5446712,0.2098731,0.1977146
398,0.04871857,0.5401424,0.2093699,0.2017691
399,0.04931664,0.5382264,0.208373,0.204084
400,0.04966267,0.5376673,0.2073921,0.205278
401,0.04984684,0.5377381,0.2066429,0.2057721
402,0.04993196,0.5380453,0.2061708,0.2058518
403,0.04995999,0.5383955,0.2059409,0.2057037
404,0.04995784,0.5387083,0.2058886,0.2054453
405,0.04994222,0.5389631,0.2059458,0.205149
406,0.04992294,0.5391667,0.206054,0.2048563
407,0.04990558,0.5393361,0.2061677,0.2045906
408,0.04989311,0.5394891,0.2062537,0.2043641
409,0.04361884,0.5863847,0.191252,0.1787445
410,0.04031393,0.6040908,0.1899649,0.1656304
411,0.03860372,0.6101704,0.1920393,0.1591866
412,0.03769667,0.6116108,0.1946684,0.1560241
413,0.03721716,0.6113046,0.196923,0.1545553
414,0.03696788,0.6104757,0.1985997,0.1539568
415,0.03684085,0.6096112,0.1997615,0.1537866
416,0.03677633,0.6088716,0.2005451,0.1538071
417,0.03674151,0.6082802,0.2010848,0.1538935
418,0.0367188,0.607811,0.2014871,0.1539831
419,0.03669904,0.6074271,0.201827,0.1540468
420,0.03667779,0.6070958,0.2021534,0.154073
421,0.03693911,0.6041896,0.2036667,0.1552047
422,0.03708594,0.6026353,0.2044665,0.1558123
423,0.0371617,0.6017681,0.2049606,0.1561095
424,0.03718835,0.6012471,0.2053731,0.1561914
425,0.03718391,0.6008872,0.2057901,0.1561388
426,0.03716109,0.6005967,0.2062334,0.1560088
427,0.03712868,0.600336,0.2066941,0.1558413
428,0.03709269,0.6000925,0.2071504,0.1556644
429,0.03705749,0.599867,0.2075763,0.1554991
430,0.03702633,0.5996664,0.2079455,0.1553618
431,0.03700159,0.5994987,0.2082347,0.155265
432,0.03698483,0.5993713,0.2084267,0.1552172
433,0.04050035,0.5683716,0.2216178,0.1695103
434,0.04302581,0.5507717,0.2268986,0.1793039
435,0.04476206,0.5413964,0.2281265,0.185715
436,0.04586848,0.5368856,0.2277522,0.1894937
437,0.04653808,0.5350443,0.2268857,0.191532
438,0.04693495,0.5345634,0.22594,0.1925616
439,0.04718078,0.5347346,0.2249765,0.1931081
440,0.04735727,0.5352149,0.2239154,0.1935124
441,0.04751313,0.5358592,0.2226601,0.1939675
442,0.04767028,0.5366114,0.2211748,0.1945435
443,0.04783355,0.5374432,0.2194899,0.1952334
444,0.04799772,0.5383259,0.2176914,0.1959849
445,0.04813661,0.5373994,0.2181515,0.1963126
446,0.04818438,0.5368418,0.2187606,0.1962132
447,0.04823553,0.5364622,0.2191075,0.1961947
448,0.04828434,0.536217,0.219289,0.1962097
449,0.04833101,0.5360686,0.2193522,0.1962481
450,0.04837577,0.5359903,0.2193307,0.1963031
451,0.04841857,0.5359628,0.2192502,0.1963684
452,0.04845903,0.5359716,0.2191318,0.1964375
453,0.04849673,0.5360053,0.2189934,0.1965047
454,0.04853161,0.5360549,0.2188463,0.1965671
455,0.04856363,0.5361143,0.2186994,0.1966227
456,0.04859277,0.5361786,0.218559,0.1966696
457,0.04820616,0.5427192,0.2133996,0.1956751
458,0.04812814,0.5471107,0.2086409,0.1961203
459,0.04804667,0.55016,0.2054712,0.1963221
460,0.04796785,0.5522641,0.2034107,0.1963574
461,0.04789791,0.5536792,0.202123,0.1962999
462,0.04783887,0.5545993,0.2013674,0.1961944
463,0.04778944,0.5551714,0.2009785,0.1960606
464,0.04774664,0.5555029,0.2008471,0.1959034
465,0.04770723,0.5556695,0.2009027,0.1957205
466,0.04766833,0.5557228,0.201101,0.195508
467,0.04762762,0.5556967,0.2014144,0.1952613
468,0.04758292,0.5556106,0.2018319,0.1949746
469,0.04106287,0.6033131,0.1873381,0.168286
470,0.03771977,0.6196365,0.1877077,0.154936
471,0.03601109,0.6242756,0.1912779,0.1484354
472,0.03510092,0.6245465,0.1951478,0.1452048
473,0.03460881,0.623344,0.1984089,0.1436382
474,0.03434038,0.6218346,0.2008982,0.1429268
475,0.03419088,0.6204463,0.2027202,0.1426425
476,0.03410293,0.6192918,0.2040484,0.1425569
477,0.03404534,0.6183605,0.2050436,0.1425505
478,0.0340015,0.6176028,0.2058325,0.1425632
479,0.03396318,0.6169677,0.2065001,0.1425691
480,0.03392672,0.6164151,0.2070985,0.1425598
481,0.03640728,0.596341,0.2140135,0.1532382
482,0.03819003,0.5863345,0.2146227,0.1608527
483,0.0393159,0.5819691,0.2132514,0.1654636
484,0.03998718,0.5805492,0.2113962,0.1680674
485,0.04035868,0.5804841,0.2097731,0.1693842
486,0.04054492,0.5809189,0.2086044,0.1699318
487,0.04062407,0.5814468,0.2078732,0.170056
488,0.04064615,0.5819085,0.2074718,0.1699736
489,0.04064197,0.5822682,0.207274,0.1698158
490,0.0406291,0.5825424,0.2071731,0.1696554
491,0.04061752,0.5827625,0.2070878,0.1695322
492,0.04061244,0.5829583,0.2069636,0.1694656
493,0.04192405,0.572744,0.2104715,0.1748605
494,0.04282765,0.5676987,0.210979,0.1784946
495,0.04341241,0.565502,0.2103258,0.1807598
496,0.04378283,0.5648186,0.2092631,0.1821355
497,0.04401661,0.5648765,0.2081404,0.1829664
498,0.04416777,0.5652547,0.2070921,0.1834854
499,0.04427111,0.565739,0.2061532,0.1838367
500,0.04434741,0.5662287,0.2053223,0.1841016
501,0.04440813,0.5666822,0.204589,0.1843207
502,0.04446011,0.5670857,0.2039371,0.1845171
503,0.04450651,0.5674395,0.2033554,0.1846986
504,0.04454863,0.567748,0.2028369,0.1848665
505,0.0427848,0.5820149,0.197559,0.1776413
506,0.04171817,0.5884398,0.1964553,0.1733867
507,0.04110743,0.5910946,0.1967304,0.1710676
508,0.04076644,0.5919721,0.1973959,0.1698656
509,0.04058284,0.5920712,0.1980514,0.1692944
510,0.04048872,0.5918771,0.1985684,0.1690657
511,0.04044361,0.59161,0.1989349,0.1690114
512,0.04042395,0.5913583,0.1991809,0.1690368
513,0.0404163,0.5911487,0.1993447,0.1690903
514,0.04041311,0.5909807,0.1994621,0.1691441
515,0.04041046,0.5908449,0.1995597,0.169185
516,0.04040648,0.5907303,0.1996554,0.1692079
517,0.04039089,0.590514,0.1999547,0.1691405
518,0.04037063,0.5902865,0.2003065,0.1690365
519,0.04035667,0.5900665,0.2006105,0.1689662
520,0.04034365,0.5898676,0.2008881,0.1689007
521,0.04033022,0.5896898,0.2011472,0.1688328
522,0.04031606,0.5895302,0.2013926,0.1687611
523,0.04030121,0.5893865,0.2016264,0.1686859
524,0.04028599,0.5892565,0.2018486,0.1686089
525,0.04027074,0.5891392,0.2020579,0.1685321
526,0.0402558,0.5890339,0.202253,0.1684573
527,0.04024155,0.5889404,0.2024313,0.1683868
528,0.04022838,0.5888587,0.2025901,0.1683228
529,0.04048382,0.586824,0.2032929,0.1693994
530,0.04064971,0.5858871,0.2033735,0.1700897
531,0.04074595,0.5855126,0.2032701,0.1704713
532,0.04080051,0.5854111,0.2031123,0.1706761
533,0.04083066,0.5854314,0.2029558,0.1707822
534,0.04084744,0.5854988,0.2028155,0.1708383
535,0.04085767,0.5855792,0.2026892,0.170874
536,0.04086531,0.5856593,0.2025698,0.1709056
537,0.0408725,0.5857354,0.2024506,0.1709415
538,0.04088018,0.5858074,0.2023276,0.1709848
539,0.04088869,0.5858763,0.2021992,0.1710357
540,0.04089795,0.585943,0.2020661,0.171093
541,0.04220946,0.5755157,0.205774,0.176501
542,0.04310441,0.5702563,0.2065432,0.180096
543,0.04367897,0.5678451,0.2061662,0.1823098
544,0.0440325,0.566956,0.2054177,0.1835938
545,0.04424216,0.5668136,0.2046532,0.184291
546,0.04436288,0.5669931,0.2040044,0.1846396
547,0.04443122,0.5672787,0.2034958,0.1847942
548,0.04447024,0.5675725,0.2031079,0.1848495
549,0.04449382,0.5678375,0.2028087,0.1848601
550,0.04451008,0.5680662,0.2025671,0.1848567
551,0.04452341,0.5682629,0.2023592,0.1848545
552,0.04453596,0.5684355,0.202169,0.1848596
553,0.04447103,0.5690871,0.2019055,0.1845364
554,0.04443075,0.5694329,0.2018138,0.1843226
555,0.04441351,0.569624,0.2017429,0.1842196
556,0.04440966,0.569745,0.2016654,0.1841799
557,0.04441354,0.569838,0.2015715,0.1841769
558,0.04442159,0.5699227,0.2014621,0.1841936
559,0.0444315,0.570007,0.2013423,0.1842192
560,0.04444186,0.5700928,0.2012182,0.1842472
561,0.04445196,0.5701793,0.2010948,0.1842739
562,0.04446157,0.5702655,0.2009743,0.1842987
563,0.04447062,0.5703499,0.200858,0.1843213
564,0.04447914,0.5704325,0.2007464,0.184342
565,0.04683957,0.5524816,0.2066687,0.1940101
566,0.04853405,0.5426669,0.2080319,0.2007671
567,0.04966506,0.5376981,0.2075545,0.2050822
568,0.05038398,0.5355252,0.2064286,0.2076622
569,0.05082099,0.5348504,0.2052345,0.2090942
570,0.05107685,0.5349035,0.2042,0.2098197
571,0.05122314,0.53526,0.2033733,0.2101436
572,0.05130732,0.5357059,0.2027248,0.210262
573,0.05135888,0.5361468,0.2022029,0.2102915
574,0.05139479,0.5365503,0.2017602,0.2102946
575,0.05142429,0.5369126,0.2013608,0.2103023
576,0.05145187,0.5372403,0.2009817,0.2103261
577,0.04754637,0.5665606,0.1914335,0.1944594
578,0.04525419,0.5795513,0.1898014,0.1853931
579,0.04397241,0.584859,0.1906177,0.1805509
580,0.04326075,0.5866545,0.192046,0.1780387
581,0.04287313,0.5869319,0.1933845,0.1768105
582,0.04266822,0.5866349,0.1944218,0.1762751
583,0.04256412,0.5861892,0.1951494,0.1760973
584,0.0425137,0.5857663,0.1956296,0.1760905
585,0.04249034,0.5854186,0.1959377,0.1761534
586,0.04247921,0.5851483,0.1961395,0.176233
587,0.04247241,0.5849394,0.1962845,0.1763037
588,0.04246598,0.5847727,0.1964068,0.1763545
589,0.04172716,0.5904284,0.1944363,0.1734081
590,0.04125862,0.5929803,0.1941581,0.171603
591,0.04097144,0.5939767,0.1944984,0.1705534
592,0.04079701,0.5942107,0.1950314,0.1699609
593,0.0406905,0.5941007,0.1955756,0.1696331
594,0.04062365,0.5938576,0.1960676,0.1694511
595,0.04057907,0.5935804,0.1964967,0.1693439
596,0.04054644,0.5933111,0.196872,0.1692706
597,0.04051977,0.593064,0.1972074,0.1692088
598,0.04049597,0.5928407,0.1975151,0.1691482
599,0.04047355,0.5926383,0.1978032,0.169085
600,0.04045197,0.5924528,0.1980761,0.1690192
601,0.04008999,0.594818,0.1975751,0.1675169
602,0.03985487,0.595772,0.1978077,0.1665654
603,0.03971034,0.5960397,0.1982384,0.1660116
604,0.03962212,0.5959944,0.1986838,0.1656997
605,0.03956904,0.595827,0.1990674,0.1655366
606,0.03953783,0.5956305,0.1993662,0.1654654
607,0.03952039,0.595446,0.1995816,0.165452
608,0.03951178,0.5952877,0.1997243,0.1654762
609,0.03950899,0.5951571,0.1998082,0.1655257
610,0.03951005,0.5950513,0.1998464,0.1655921
611,0.03951371,0.5949659,0.1998499,0.1656705
612,0.03951906,0.5948961,0.1998282,0.1657566
613,0.04267064,0.5697778,0.2086714,0.1788802
614,0.04498869,0.5559863,0.2106966,0.1883284
615,0.04656279,0.5490243,0.2099131,0.1944998
616,0.04757245,0.5460395,0.2081326,0.1982555
617,0.048186,0.5451801,0.2062663,0.2003676
618,0.04854066,0.5453308,0.2046831,0.2014454
619,0.04873682,0.5458734,0.2034677,0.2019222
620,0.04884217,0.5464994,0.2025774,0.2020811
621,0.0488994,0.5470783,0.201928,0.2020943
622,0.04893404,0.5475695,0.2014362,0.2020603
623,0.04896007,0.547975,0.2010365,0.2020285
624,0.04898445,0.5483114,0.2006844,0.2020198
625,0.04680748,0.565204,0.1949153,0.1930732
626,0.04547383,0.5731526,0.1936385,0.1877352
627,0.0447011,0.5766375,0.1938896,0.1847719
628,0.04426556,0.5779534,0.1945771,0.183204
629,0.04402918,0.5782787,0.1952573,0.1824348
630,0.04390746,0.5782008,0.1957863,0.1821054
631,0.04384942,0.5779972,0.1961497,0.1820036
632,0.04382493,0.5777866,0.1963801,0.1820084
633,0.04381672,0.5776102,0.19652,0.182053
634,0.04381517,0.5774745,0.1966075,0.1821029
635,0.0438152,0.5773725,0.196671,0.1821413
636,0.04381428,0.5772939,0.1967303,0.1821615
637,0.04403396,0.5754964,0.1973964,0.1830734
638,0.04417178,0.5745698,0.1976436,0.1836149
639,0.04425312,0.5741082,0.1977297,0.183909
640,0.04429632,0.573889,0.1977766,0.1840381
641,0.04431473,0.5737861,0.1978376,0.1840616
642,0.04431743,0.5737327,0.1979308,0.184019
643,0.04431041,0.5736957,0.1980582,0.1839357
644,0.04429742,0.5736601,0.1982149,0.1838276
645,0.0442808,0.5736208,0.198394,0.1837043
646,0.04426223,0.5735771,0.1985878,0.1835729
647,0.0442428,0.5735304,0.1987886,0.1834382
648,0.04422338,0.5734829,0.1989896,0.1833042
649,0.04145648,0.5946462,0.1919639,0.1719335
650,0.03984289,0.6034446,0.1912327,0.1654798
651,0.03893164,0.6066675,0.1924001,0.1620006
652,0.03842052,0.6074224,0.1939763,0.1601808
653,0.03813839,0.6071798,0.1953966,0.1592852
654,0.03798596,0.6066175,0.1965031,0.1588935
655,0.03790538,0.6060246,0.1973043,0.1587658
656,0.03786324,0.6055056,0.1978642,0.1587668
657,0.03784061,0.6050823,0.1982543,0.1588227
658,0.03782693,0.6047431,0.1985357,0.1588943
659,0.03781664,0.6044673,0.1987536,0.1589625
660,0.03780691,0.6042353,0.1989392,0.1590187
661,0.0378798,0.6034932,0.1991985,0.1594285
662,0.03792303,0.6031167,0.1992583,0.1597021
663,0.03794086,0.6029096,0.1993002,0.1598494
664,0.03794384,0.6027727,0.1993606,0.1599228
665,0.03793787,0.6026586,0.199453,0.1599505
666,0.0379267,0.6025462,0.1995769,0.1599503
667,0.03791271,0.6024278,0.1997258,0.1599337
668,0.03789742,0.6023029,0.1998916,0.1599081
669,0.0378818,0.602173,0.2000668,0.1598785
670,0.03786648,0.6020406,0.2002447,0.1598482
671,0.03785191,0.6019083,0.2004199,0.1598199
672,0.03783846,0.6017781,0.2005879,0.1597956
673,0.03781144,0.6014894,0.2010319,0.1596672
674,0.03778832,0.6012197,0.2014318,0.1595602
675,0.03777613,0.6009811,0.2017245,0.1595184
676,0.03776829,0.6007822,0.2019455,0.1595041
677,0.03776341,0.6006183,0.2021092,0.1595092
678,0.03776092,0.6004834,0.2022258,0.1595299
679,0.03776053,0.6003718,0.2023035,0.1595641
680,0.03776196,0.6002792,0.202349,0.1596099
681,0.03776491,0.6002017,0.202368,0.1596653
682,0.03776918,0.6001365,0.2023653,0.1597289
683,0.03777448,0.600081,0.2023456,0.1597989
684,0.03778049,0.6000327,0.2023135,0.1598733
685,0.03978127,0.5836247,0.2083299,0.1682642
686,0.04117343,0.5752012,0.2096704,0.173955
687,0.0420766,0.5712701,0.2091603,0.177493
688,0.04263356,0.5697689,0.2080507,0.1795469
689,0.0429615,0.5694655,0.2069235,0.1806495
690,0.04314687,0.569677,0.2059923,0.1811839
691,0.0432485,0.5700564,0.2052912,0.1814038
692,0.04330395,0.5704478,0.2047818,0.1814664
693,0.0433359,0.5707944,0.2044066,0.1814631
694,0.04335736,0.5710859,0.2041131,0.1814437
695,0.04337525,0.571331,0.2038617,0.181432
696,0.04339285,0.5715426,0.2036273,0.1814372
697,0.04074958,0.592689,0.1960761,0.1704853
698,0.03921875,0.6016102,0.1948463,0.1643248
699,0.03836338,0.605027,0.1955565,0.1610531
700,0.0378914,0.6059939,0.1967303,0.1593843
701,0.03763727,0.6059549,0.1978087,0.158599
702,0.03750496,0.605575,0.1986338,0.1582862
703,0.03743876,0.6051396,0.1992096,0.1582121
704,0.03740666,0.6047527,0.1995943,0.1582463
705,0.03739071,0.6044378,0.1998531,0.1583184
706,0.03738114,0.6041864,0.2000401,0.1583923
707,0.03737284,0.603981,0.2001955,0.1584508
708,0.03736329,0.6038043,0.2003457,0.1584867
709,0.0383978,0.5950311,0.2037029,0.1628683
710,0.03907655,0.5907246,0.2045336,0.1656652
711,0.03949121,0.5887812,0.2044336,0.1672939
712,0.03972844,0.5880396,0.204078,0.1681539
713,0.03985246,0.5878497,0.2037623,0.1685355
714,0.03990773,0.5878734,0.203583,0.1686359
715,0.03992354,0.5879509,0.203543,0.1685825
716,0.03991847,0.5880182,0.2036079,0.1684555
717,0.0399041,0.5880578,0.2037341,0.1683039
718,0.03988746,0.5880736,0.2038814,0.1681575
719,0.0398728,0.5880767,0.2040164,0.1680342
720,0.03986263,0.5880784,0.2041145,0.1679445
721,0.04140694,0.5755721,0.2086961,0.174325
722,0.04246797,0.5692053,0.2097467,0.17858
723,0.04315347,0.5662633,0.2093784,0.1812049
724,0.04358086,0.5651671,0.208508,0.182744
725,0.04384221,0.5649902,0.2075552,0.1836125
726,0.04400315,0.5652233,0.2066749,0.1840986
727,0.044107,0.5656081,0.2058982,0.1843866
728,0.04418032,0.5660254,0.2052096,0.1845847
729,0.04423827,0.5664274,0.2045838,0.1847505
730,0.0442886,0.5668008,0.2040012,0.1849094
731,0.04433476,0.5671452,0.2034506,0.1850694
732,0.0443779,0.5674643,0.2029286,0.1852293
733,0.04182286,0.5880457,0.1954313,0.1747001
734,0.04032813,0.5969778,0.1939685,0.1687256
735,0.03948617,0.6005443,0.194439,0.1655306
736,0.03901831,0.601667,0.1954237,0.1638909
737,0.03876422,0.6017532,0.1963709,0.1631117
738,0.03863026,0.6014634,0.1971126,0.1627937
739,0.03856182,0.6010891,0.1976401,0.1627091
740,0.03852744,0.6007421,0.198,0.1627305
741,0.03850934,0.6004526,0.1982491,0.1627889
742,0.03849774,0.600217,0.1984369,0.1628484
743,0.03848751,0.6000207,0.1986001,0.1628917
744,0.03847609,0.5998487,0.1987636,0.1629115
745,0.04197909,0.5712196,0.2092145,0.1775867
746,0.0445787,0.555172,0.2120474,0.1882018
747,0.04635312,0.5468554,0.2116633,0.1951281
748,0.04748461,0.543114,0.2101405,0.199261
749,0.04815552,0.5418538,0.2085386,0.201452
750,0.04852045,0.541791,0.2072896,0.2023991
751,0.04869649,0.5422044,0.2064826,0.2026166
752,0.04876562,0.5427324,0.2060454,0.2024566
753,0.04878202,0.5432226,0.2058489,0.2021464
754,0.04877975,0.5436327,0.2057618,0.2018256
755,0.04877904,0.5439714,0.2056754,0.2015741
756,0.04879061,0.5442645,0.2055136,0.2014312
757,0.0469803,0.5585094,0.2005948,0.1939154
758,0.04587298,0.5653635,0.1993217,0.1894418
759,0.0452449,0.5685061,0.1992218,0.1870271
760,0.04490842,0.56984,0.1994122,0.1858395
761,0.0447442,0.5703478,0.1995525,0.1853554
762,0.0446774,0.5705191,0.1995532,0.1852503
763,0.0446622,0.5705819,0.1994267,0.1853292
764,0.04467157,0.5706305,0.1992179,0.18548
765,0.04469026,0.5706943,0.1989732,0.1856422
766,0.04471027,0.5707752,0.1987283,0.1857863
767,0.04472771,0.5708647,0.1985075,0.1859001
768,0.04474098,0.5709537,0.1983251,0.1859803
769,0.04167359,0.594731,0.1901908,0.1734045
770,0.0398981,0.6045985,0.1891793,0.166324
771,0.03890084,0.6082268,0.1903383,0.162534
772,0.03834088,0.6090963,0.1920119,0.160551
773,0.03802847,0.6088419,0.1935699,0.1595597
774,0.03785503,0.6082148,0.1948288,0.1591014
775,0.0377579,0.6075376,0.1957884,0.1589162
776,0.03770098,0.6069281,0.1965123,0.1588586
777,0.03766387,0.6064128,0.197074,0.1588493
778,0.03763539,0.6059812,0.1975364,0.158847
779,0.03760957,0.605612,0.1979467,0.1588317
780,0.03758347,0.6052849,0.198337,0.1587947
781,0.03753032,0.6051272,0.1987252,0.1586172
782,0.0374838,0.6048841,0.1991775,0.1584546
783,0.03744332,0.6046045,0.1996418,0.1583103
784,0.03740595,0.6043141,0.2001082,0.1581718
785,0.03737074,0.6040255,0.2005671,0.1580368
786,0.03733762,0.6037462,0.2010091,0.1579071
787,0.03730704,0.6034814,0.2014244,0.1577872
788,0.03727973,0.6032348,0.201803,0.1576825
789,0.03725639,0.6030096,0.2021358,0.1575983
790,0.03723775,0.6028088,0.202414,0.1575396
791,0.03722435,0.6026345,0.2026307,0.1575104
792,0.03721654,0.6024886,0.2027814,0.1575134
793,0.03836643,0.593164,0.2060689,0.1624006
794,0.03914499,0.5887389,0.206445,0.1656712
795,0.03963234,0.5868974,0.205816,0.1676542
796,0.0399296,0.5863607,0.2048864,0.1688233
797,0.0401076,0.5864188,0.2039753,0.1694983
798,0.04021451,0.5867028,0.2031914,0.1698913
799,0.04028102,0.5870374,0.2025478,0.1701337
800,0.04032563,0.5873501,0.2020221,0.1703022
801,0.04035886,0.5876181,0.2015853,0.1704378
802,0.04038615,0.5878409,0.2012132,0.1705597
803,0.04041009,0.5880256,0.200889,0.1706754
804,0.04043173,0.5881796,0.2006023,0.1707862
805,0.03666887,0.6185327,0.1896829,0.1551156
806,0.03464239,0.6297461,0.1886649,0.1469465
807,0.03355635,0.6332812,0.1903439,0.1428186
808,0.03296863,0.6337141,0.1925303,0.1407871
809,0.03265247,0.6330239,0.1944578,0.1398658
810,0.03248447,0.632052,0.1959379,0.1395256
811,0.0323959,0.6311239,0.1970035,0.1394766
812,0.03234832,0.6303364,0.1977543,0.1395611
813,0.03232048,0.629692,0.1982932,0.1396942
814,0.032301,0.6291619,0.1987038,0.1398332
815,0.03228392,0.6287122,0.1990467,0.1399571
816,0.03226623,0.6283143,0.1993631,0.1400565
817,0.0344416,0.6087847,0.2072886,0.1494851
818,0.03594431,0.5989545,0.2092502,0.1558509
819,0.03690223,0.594494,0.2088622,0.1597415
820,0.03747061,0.5928494,0.207779,0.1619009
821,0.03778011,0.5925178,0.2067641,0.1629379
822,0.03792819,0.5926918,0.2060836,0.1632964
823,0.0379819,0.5929833,0.2057584,0.1632763
824,0.03798503,0.5932366,0.2057075,0.1630709
825,0.03796526,0.5934122,0.2058217,0.1628009
826,0.03793966,0.5935217,0.2059984,0.1625403
827,0.03791857,0.5935933,0.206154,0.1623341
828,0.03790788,0.5936558,0.2062293,0.162207
829,0.03863318,0.5878434,0.208288,0.1652355
830,0.03912642,0.5851643,0.2084492,0.1672599
831,0.03944757,0.5841302,0.207882,0.1685403
832,0.03965966,0.58393,0.2070412,0.1693691
833,0.03980474,0.5841188,0.206143,0.1699335
834,0.03990967,0.5844637,0.2052785,0.1703481
835,0.03999047,0.5848504,0.2044815,0.1706777
836,0.04005605,0.5852268,0.2037621,0.170955
837,0.04011117,0.5855722,0.2031213,0.1711953
838,0.04015823,0.5858808,0.2025567,0.1714044
839,0.04019843,0.5861524,0.2020649,0.1715843
840,0.04023245,0.5863893,0.2016425,0.1717356
841,0.03945959,0.5929682,0.1991049,0.1684673
842,0.03898349,0.5959583,0.1985547,0.1665035
843,0.03870684,0.5971971,0.1986805,0.1654156
844,0.03855011,0.5976008,0.19901,0.1648392
845,0.03846364,0.5976365,0.1993486,0.1645513
846,0.03841672,0.5975322,0.1996343,0.1644168
847,0.03839083,0.597391,0.1998625,0.1643556
848,0.03837501,0.5972538,0.2000491,0.1643221
849,0.03836299,0.5971325,0.2002137,0.1642908
850,0.03835141,0.5970262,0.2003734,0.164249
851,0.03833858,0.5969298,0.2005406,0.164191
852,0.03832374,0.5968384,0.2007231,0.1641148
853,0.03917305,0.5896724,0.2034732,0.1676812
854,0.03972793,0.5861852,0.2041563,0.1699306
855,0.04006252,0.5846392,0.2041026,0.1711957
856,0.0402509,0.5840786,0.2038479,0.1718227
857,0.04034687,0.5839711,0.2036245,0.1720574
858,0.04038754,0.5840411,0.2035049,0.1720665
859,0.04039737,0.5841577,0.2034868,0.1719581
860,0.04039192,0.5842683,0.2035394,0.1718004
861,0.04038086,0.5843585,0.2036259,0.1716348
862,0.04037003,0.5844309,0.2037127,0.1714864
863,0.0403628,0.5844943,0.2037736,0.1713694
864,0.04036089,0.5845574,0.2037912,0.1712905
865,0.03735071,0.6091399,0.1948478,0.1586616
866,0.03567384,0.618782,0.1937029,0.1518413
867,0.03475798,0.6221196,0.1948066,0.1483157
868,0.03426201,0.6228036,0.1963617,0.1465728
869,0.03399996,0.6224782,0.1977257,0.1457961
870,0.03386686,0.6218646,0.1987381,0.1455305
871,0.03380287,0.6212519,0.1994245,0.1455207
872,0.03377408,0.6207331,0.199867,0.1456258
