EwEVersion,"6.5.13829.0 (compiled 2016-05-17)"
Date,"2016-09-06 16:27:55"
ModelName,Baltic_Proper-SEALS
EcosimScenario,Proper1_SealVuln100_19742100_seal0_cofF03
TimeSeries,new_data_weights_19742100_BAU_WAR1_codF03_seal100
StartYear,1974

Data,"Prey of JuvSprat"

Year,"Temora sp","Acartia sp","Pseudocalanus sp.","other mesozooplankton","Mysids",
1974,0.3451402,0.2707768,0.1844684,0.1990497,0.0005648402
1975,0.3250975,0.2538365,0.1871371,0.23335,0.0005787756
1976,0.2761258,0.2833386,0.1759867,0.264131,0.0004178401
1977,0.275221,0.2803826,0.1771964,0.2667021,0.0004977536
1978,0.269896,0.2996313,0.1700786,0.2600493,0.0003448435
1979,0.2636178,0.3084541,0.1802727,0.2472409,0.0004145102
1980,0.2468263,0.2965945,0.1925558,0.263527,0.0004963504
1981,0.2605394,0.2704063,0.1834121,0.2852356,0.0004065908
1982,0.2564649,0.2900038,0.1636426,0.2897026,0.0001861056
1983,0.294487,0.281399,0.169222,0.2545244,0.0003677589
1984,0.2757836,0.2835797,0.1722284,0.2679752,0.0004331055
1985,0.08639252,0.3691464,0.222342,0.3217172,0.0004018953
1986,0.2328146,0.3183172,0.1995986,0.248779,0.0004904668
1987,0.08856414,0.3633146,0.290276,0.2570094,0.0008358572
1988,0.281819,0.3265213,0.2083598,0.1829248,0.0003751279
1989,0.3423318,0.258968,0.2187569,0.179093,0.0008504399
1990,0.3146132,0.2665181,0.1952927,0.2229427,0.0006333584
1991,0.2917738,0.3195312,0.1864415,0.201893,0.0003604368
1992,0.3457266,0.2901208,0.1753132,0.1882999,0.0005394365
1993,0.2963585,0.2824939,0.2035037,0.2167773,0.0008666607
1994,0.2437358,0.3038847,0.2075773,0.2441069,0.0006953361
1995,0.3272914,0.2741001,0.1843192,0.2136744,0.0006149562
1996,0.1783773,0.3348428,0.2354494,0.2506794,0.0006510487
1997,0.2641739,0.3309515,0.2164816,0.1878323,0.0005606441
1998,0.3232546,0.2784025,0.2113185,0.1862132,0.0008111238
1999,0.3191396,0.2523681,0.2078328,0.2196933,0.0009662083
2000,0.2331279,0.2920122,0.2350823,0.2387512,0.001026382
2001,0.291609,0.3262299,0.1947613,0.1869374,0.0004624444
2002,0.2986826,0.3045106,0.2135968,0.1823982,0.0008117422
2003,0.2131002,0.2943326,0.2309599,0.260634,0.0009732638
2004,0.2050195,0.3022025,0.2369483,0.2548302,0.0009995102
2005,0.2298789,0.3501294,0.2100729,0.2094634,0.0004553359
2006,0.2748786,0.3227256,0.2136242,0.1880817,0.0006898889
2007,0.3156343,0.2955805,0.2076565,0.1803959,0.0007328444
2008,0.3238987,0.2817154,0.1898412,0.2039572,0.0005875364
2009,0.2914834,0.2795891,0.1930091,0.2353625,0.0005557937
2010,0.1628422,0.3710641,0.2222337,0.2435594,0.0003006304
2011,0.09854258,0.4129096,0.2620641,0.2260914,0.0003923032
2012,0.3086684,0.3054363,0.2143745,0.1708776,0.0006431889
2013,0.2763678,0.2805844,0.2115278,0.2308576,0.0006624419
2014,0.3119359,0.2780649,0.1888042,0.2207072,0.0004878668
2015,0.3250058,0.3076666,0.1728362,0.1941759,0.000315456
2016,0.3471273,0.2852951,0.1792096,0.1878471,0.0005208667
2017,0.3297979,0.2774073,0.1883155,0.2038409,0.0006384538
2018,0.3315903,0.2852919,0.1789851,0.2036281,0.0005046344
2019,0.3296299,0.2938066,0.1834118,0.192664,0.000487644
2020,0.3341107,0.2917038,0.1869962,0.1866768,0.0005124476
2021,0.3344429,0.2974085,0.1964118,0.1711814,0.0005554172
2022,0.3574949,0.2779466,0.1926972,0.1713083,0.000553008
2023,0.3547432,0.2659078,0.1951739,0.1835793,0.0005959122
2024,0.341268,0.2755441,0.1850424,0.1976718,0.0004737356
2025,0.3409097,0.2928734,0.1882269,0.177537,0.0004528736
2026,0.3626783,0.2828238,0.1834981,0.1705127,0.0004869254
2027,0.3507222,0.2781307,0.1908146,0.1797463,0.0005862156
2028,0.3513764,0.2746665,0.1767636,0.1967198,0.0004736656
2029,0.3479567,0.273087,0.1733353,0.2051787,0.0004422664
2030,0.3336155,0.2832674,0.1689606,0.2137672,0.0003894234
2031,0.3267048,0.2962782,0.1738272,0.2027508,0.0004389283
2032,0.3456651,0.2831649,0.1695396,0.2011441,0.0004861546
2033,0.3268581,0.2820199,0.1768121,0.2138059,0.0005040715
2034,0.324068,0.300044,0.1750023,0.2004663,0.0004195047
2035,0.3537082,0.2766432,0.1795025,0.1896056,0.0005404491
2036,0.3229572,0.291102,0.1930857,0.1923145,0.0005406669
2037,0.3459904,0.2916462,0.1834485,0.1784355,0.0004793667
2038,0.3571775,0.2647849,0.1889811,0.1884089,0.0006476079
2039,0.3315306,0.2700858,0.1807226,0.2171312,0.0005297487
2040,0.3451229,0.2850839,0.1688227,0.2005623,0.0004081885
2041,0.3653432,0.2644203,0.1678537,0.2018895,0.0004933271
2042,0.3247915,0.2725977,0.1750665,0.2270759,0.0004684048
2043,0.3405079,0.294482,0.1626318,0.2020423,0.0003360546
2044,0.3513209,0.2761924,0.1773456,0.1946074,0.000533628
2045,0.3333746,0.2801884,0.1777819,0.208186,0.0004691425
2046,0.3524117,0.2723545,0.1661048,0.2086958,0.0004332202
2047,0.3191957,0.2883959,0.1793688,0.2126052,0.0004344562
2048,0.3485463,0.2850128,0.1670999,0.1989284,0.0004126381
2049,0.3429306,0.2733209,0.1804867,0.2027003,0.0005614312
2050,0.3315124,0.2895056,0.1761466,0.202419,0.0004163271
2051,0.3483068,0.2841121,0.1819934,0.1850993,0.0004883726
2052,0.3567058,0.266072,0.1810135,0.195667,0.0005416268
2053,0.3320339,0.2783832,0.1778796,0.2112636,0.0004397205
2054,0.3479206,0.2869538,0.1716494,0.1930639,0.0004123411
2055,0.3595693,0.2602006,0.1753479,0.2042981,0.0005841611
2056,0.3284374,0.2553258,0.1733215,0.2424074,0.0005078541
2057,0.3194925,0.2910956,0.1572014,0.231902,0.0003085648
2058,0.3347938,0.292163,0.173534,0.1990196,0.0004896848
2059,0.3521661,0.277311,0.1708506,0.1991705,0.0005018275
2060,0.3427866,0.2740397,0.1750982,0.2076058,0.0004695097
2061,0.3455143,0.2807726,0.1666472,0.2067106,0.0003554133
2062,0.3475359,0.2739313,0.1735644,0.2045023,0.0004661503
2063,0.3371098,0.2778727,0.1756449,0.2088913,0.0004813263
2064,0.34243,0.2798093,0.1734856,0.2037929,0.0004822259
2065,0.3517641,0.2653784,0.1711768,0.2111559,0.0005248187
2066,0.3399704,0.2594758,0.1661447,0.2339394,0.0004697803
2067,0.3184378,0.2885996,0.1612199,0.2314122,0.0003305164
2068,0.3399217,0.2911923,0.1682192,0.2002351,0.0004316108
2069,0.3522488,0.2711219,0.1721373,0.203974,0.00051787
2070,0.3365024,0.2722044,0.1691658,0.2216979,0.0004295152
2071,0.342278,0.2769983,0.1654075,0.2149266,0.0003895992
2072,0.3412913,0.2729439,0.1715058,0.2137901,0.0004689312
2073,0.3402887,0.2784361,0.1666114,0.2142472,0.0004167034
2074,0.3370059,0.2797832,0.1662047,0.2165703,0.0004359114
2075,0.3370571,0.2670093,0.1637983,0.2316501,0.0004851816
2076,0.3153056,0.2834897,0.1626927,0.2381508,0.0003612951
2077,0.3523639,0.2788797,0.157188,0.2111643,0.0004041274
2078,0.3415042,0.2639774,0.1681503,0.2258704,0.0004976845
2079,0.3194654,0.2851748,0.1631352,0.2318946,0.0003299613
2080,0.3484789,0.2759158,0.1661688,0.2089851,0.0004513592
2081,0.3385572,0.2607946,0.1706623,0.229454,0.0005319677
2082,0.3224598,0.2756712,0.1607655,0.2407255,0.0003780096
2083,0.3393985,0.2779883,0.1597144,0.2224661,0.0004327339
2084,0.3348592,0.2702626,0.1644066,0.2299892,0.0004824072
2085,0.3342818,0.2722458,0.1595407,0.2335011,0.0004306413
2086,0.3370155,0.2714376,0.1604906,0.2306228,0.0004335675
2087,0.3340876,0.274917,0.1611695,0.2294114,0.0004143746
2088,0.3443388,0.2657733,0.16019,0.2292376,0.0004603888
2089,0.3345469,0.2599518,0.1594503,0.2456045,0.0004466028
2090,0.3305822,0.2713977,0.1499235,0.2477555,0.0003411111
2091,0.3403689,0.2595067,0.1498354,0.2498429,0.0004461526
2092,0.3111446,0.2453598,0.1603583,0.2827535,0.0003838622
2093,0.3409382,0.2888646,0.1462589,0.2236099,0.000328362
2094,0.3316081,0.2711959,0.1656315,0.2310635,0.0005010581
2095,0.3318717,0.2759103,0.1585384,0.2332777,0.0004018997
2096,0.33418,0.2819363,0.1678998,0.2155252,0.0004587019
2097,0.3551727,0.2635856,0.1640569,0.2166952,0.0004895906
2098,0.3246065,0.2730052,0.1710975,0.2308347,0.0004560548
