EwEVersion,"6.5.13829.0 (compiled 2016-05-17)"
Date,"2016-09-06 16:27:55"
ModelName,Baltic_Proper-SEALS
EcosimScenario,Proper1_SealVuln100_19742100_seal0_cofF03
TimeSeries,new_data_weights_19742100_BAU_WAR1_codF03_seal100
StartYear,1974

Data,"Prey of Acartia sp"

TimeStep,"Cyanobacteria","Phytoplankton","microzooplankton","Detritus-water column",
1,0.04394564,0.4587057,0.1890948,0.3082539
2,0.04065175,0.4814015,0.1915261,0.2864207
3,0.03890169,0.4892607,0.1962595,0.2755782
4,0.03794188,0.4911175,0.2007448,0.2701959
5,0.0374104,0.4906537,0.2042704,0.2676655
6,0.03711491,0.4894505,0.206808,0.2666267
7,0.03694872,0.4881553,0.2085524,0.2663435
8,0.03685172,0.4869973,0.2097356,0.2664154
9,0.03679014,0.4860257,0.2105571,0.266627
10,0.03674531,0.4852207,0.2111675,0.2668664
11,0.03670709,0.4845434,0.2116714,0.2670781
12,0.03667014,0.4839561,0.212137,0.2672368
13,0.03723703,0.47719,0.213836,0.271737
14,0.03760064,0.4737921,0.2139589,0.2746484
15,0.03780521,0.4721584,0.2137521,0.2762843
16,0.03790589,0.4713916,0.2135984,0.2771041
17,0.03794045,0.4710136,0.213635,0.277411
18,0.03793459,0.4707833,0.2138752,0.2774069
19,0.0379053,0.4705903,0.2142792,0.2772252
20,0.03786375,0.4703922,0.2147903,0.2769538
21,0.03781743,0.4701794,0.2153495,0.2766536
22,0.03777155,0.4699568,0.2159024,0.2763692
23,0.03772985,0.4697342,0.2164015,0.2761345
24,0.03769502,0.4695218,0.2168079,0.2759753
25,0.03426526,0.5040088,0.2107146,0.2510113
26,0.03236579,0.5160367,0.2140065,0.2375909
27,0.03137812,0.5193012,0.2180539,0.2312668
28,0.03084611,0.5193328,0.2214599,0.2283612
29,0.03056454,0.5183072,0.2238341,0.2272941
30,0.03041968,0.5170907,0.2252951,0.2271945
31,0.03034734,0.5159851,0.2260927,0.2275748
32,0.03031154,0.5150591,0.2264634,0.2281659
33,0.03029262,0.5142942,0.2265885,0.2288246
34,0.03027974,0.5136489,0.2265972,0.2294742
35,0.03026743,0.5130824,0.2265719,0.2300782
36,0.03025314,0.5125634,0.2265615,0.230622
37,0.03094405,0.5038384,0.2288121,0.2364055
38,0.03138728,0.49967,0.2287515,0.2401912
39,0.03164776,0.4977755,0.2280981,0.2424787
40,0.03178926,0.4969531,0.2274489,0.2438089
41,0.03185616,0.4965828,0.227014,0.244547
42,0.03187811,0.4963667,0.2268225,0.2449326
43,0.03187414,0.4961762,0.2268329,0.2451169
44,0.03185602,0.495965,0.2269864,0.2451926
45,0.0318309,0.4957247,0.2272288,0.2452156
46,0.03180354,0.4954616,0.22751,0.2452248
47,0.03177688,0.4951869,0.2277915,0.2452447
48,0.03175272,0.4949111,0.2280445,0.2452917
49,0.03247744,0.4859544,0.2305451,0.2510231
50,0.03295469,0.48169,0.2305834,0.2547719
51,0.03324689,0.4798281,0.2298992,0.2570257
52,0.03342062,0.4791375,0.2290812,0.2583606
53,0.0335222,0.4789712,0.2283447,0.2591618
54,0.03358248,0.4790098,0.2277284,0.2596794
55,0.03362081,0.4791077,0.2272067,0.2600649
56,0.0336486,0.479207,0.2267407,0.2604037
57,0.03367214,0.4792896,0.2262989,0.2607394
58,0.03369404,0.4793537,0.2258677,0.2610846
59,0.03371528,0.4794016,0.2254436,0.2614395
60,0.0337359,0.4794364,0.22503,0.2617976
61,0.03403205,0.4756458,0.2262464,0.2640757
62,0.03421653,0.473774,0.2265789,0.2654304
63,0.03434255,0.4728589,0.2264214,0.2663772
64,0.03442529,0.4724514,0.226107,0.2670163
65,0.03447981,0.4722948,0.2257632,0.2674621
66,0.03451665,0.4722537,0.2254369,0.2677929
67,0.03454266,0.4722598,0.2251404,0.2680571
68,0.03456197,0.4722809,0.2248748,0.2682823
69,0.03457702,0.4723023,0.2246384,0.2684824
70,0.03458934,0.4723182,0.2244262,0.2686664
71,0.03459974,0.4723272,0.2242356,0.2688376
72,0.0346086,0.4723293,0.2240652,0.2689967
73,0.03262585,0.4942941,0.2193491,0.253731
74,0.03146603,0.5027467,0.2207093,0.2450779
75,0.03081843,0.5054564,0.2231152,0.2406101
76,0.03045456,0.5058123,0.2253385,0.2383946
77,0.03025031,0.5053021,0.2270411,0.2374064
78,0.03013469,0.5045591,0.228238,0.2370681
79,0.03006675,0.5038275,0.2290534,0.2370524
80,0.03002316,0.5031803,0.2296201,0.2371765
81,0.02999083,0.5026216,0.2300464,0.2373413
82,0.02996263,0.5021331,0.2304096,0.2374948
83,0.02993486,0.5016927,0.2307602,0.2376122
84,0.02990571,0.5012829,0.2311281,0.2376832
85,0.02994863,0.5009329,0.230588,0.2385304
86,0.02998151,0.5007852,0.2299438,0.2392895
87,0.02997911,0.5007199,0.2296601,0.2396409
88,0.02996029,0.5006287,0.2296225,0.2397886
89,0.02993155,0.500487,0.2297792,0.2398023
90,0.02989605,0.500297,0.2300906,0.2397164
91,0.02985553,0.5000682,0.2305242,0.2395521
92,0.02981114,0.499812,0.2310522,0.2393247
93,0.02976394,0.4995384,0.2316494,0.2390483
94,0.02971507,0.4992558,0.2322905,0.2387386
95,0.02966595,0.4989715,0.2329481,0.2384144
96,0.02961832,0.4986922,0.2335918,0.2380978
97,0.02912091,0.5041299,0.2324661,0.2342831
98,0.02881161,0.5062944,0.2328281,0.2320659
99,0.02862099,0.5069795,0.2335572,0.2308423
100,0.02850849,0.5070236,0.234192,0.2302758
101,0.02844643,0.506831,0.2345869,0.2301356
102,0.02841712,0.5065818,0.2347261,0.230275
103,0.02840916,0.506346,0.2346461,0.2305987
104,0.02841505,0.5061421,0.2344002,0.2310426
105,0.02842966,0.5059669,0.2340427,0.2315608
106,0.0284492,0.5058099,0.2336243,0.2321166
107,0.02847075,0.5056607,0.2331878,0.2326808
108,0.0284921,0.5055108,0.2327669,0.2332302
109,0.02939289,0.4947211,0.2349527,0.2409334
110,0.03000433,0.4897246,0.2341204,0.2461506
111,0.03038483,0.4876831,0.2326201,0.2493119
112,0.030615,0.4870411,0.2311706,0.2511733
113,0.03074966,0.4869916,0.230033,0.2522257
114,0.0308258,0.4871421,0.2292393,0.2527928
115,0.03086722,0.4873194,0.2287346,0.2530787
116,0.03088859,0.4874607,0.2284439,0.2532068
117,0.03089864,0.4875526,0.2282994,0.2532494
118,0.03090241,0.4876008,0.2282501,0.2532467
119,0.0309028,0.4876167,0.2282592,0.2532213
120,0.03090147,0.487611,0.2283013,0.2531862
121,0.03058375,0.4911259,0.2277655,0.2505249
122,0.03037749,0.4925514,0.228262,0.2488092
123,0.03025803,0.4929927,0.228872,0.2478773
124,0.0301883,0.4930174,0.2294166,0.2473776
125,0.03014807,0.4928877,0.229835,0.2471291
126,0.03012498,0.4927207,0.2301311,0.2470232
127,0.03011155,0.4925629,0.2303305,0.2469951
128,0.03010337,0.4924285,0.230461,0.2470072
129,0.03009798,0.4923175,0.2305456,0.247039
130,0.03009398,0.492226,0.2306008,0.2470793
131,0.03009065,0.4921491,0.2306378,0.2471224
132,0.03008758,0.4920831,0.2306641,0.2471651
133,0.03245621,0.4607641,0.2410466,0.2657331
134,0.03410711,0.4439658,0.2441228,0.2778043
135,0.03522212,0.4355257,0.2438832,0.285369
136,0.0359205,0.431752,0.2428016,0.2895258
137,0.03633386,0.430389,0.2418065,0.2914707
138,0.03656864,0.4301666,0.2411319,0.2921328
139,0.03670168,0.4304276,0.240712,0.2921587
140,0.03678399,0.4308631,0.2403916,0.2919613
141,0.03684702,0.4313464,0.240024,0.2917826
142,0.03690948,0.4318347,0.2394982,0.2917576
143,0.03698117,0.432321,0.2387499,0.2919479
144,0.03706646,0.4328103,0.2377527,0.2923706
145,0.03392563,0.4711134,0.2270038,0.2679571
146,0.03223823,0.4863744,0.2258536,0.2555337
147,0.03135713,0.4923238,0.2266228,0.2496964
148,0.03089501,0.4943737,0.2275913,0.24714
149,0.03065429,0.4948366,0.2283037,0.2462054
150,0.0305302,0.4947128,0.2287173,0.2460396
151,0.03046653,0.4944166,0.2289086,0.2462083
152,0.03043334,0.4941018,0.2289681,0.2464968
153,0.03041477,0.4938136,0.228968,0.2468037
154,0.0304024,0.4935558,0.2289586,0.2470831
155,0.03039188,0.4933196,0.228972,0.2473165
156,0.0303809,0.4930947,0.2290272,0.2474972
157,0.03591324,0.424444,0.2478697,0.291773
158,0.04065259,0.3798554,0.2510135,0.3284786
159,0.0443787,0.352196,0.2476688,0.3557565
160,0.0471146,0.3361143,0.2424284,0.3743427
161,0.04899479,0.3275611,0.2376478,0.3857964
162,0.05020374,0.3236246,0.2342333,0.3919383
163,0.05092916,0.322316,0.232278,0.394477
164,0.05133395,0.3223678,0.2314841,0.3948142
165,0.05154479,0.3230413,0.2314225,0.3939914
166,0.05165258,0.3239492,0.2316743,0.3927239
167,0.05171857,0.3249121,0.2318972,0.3914721
168,0.05178118,0.3258604,0.231853,0.3905055
169,0.04780002,0.3701905,0.222041,0.3599685
170,0.04542415,0.3920171,0.2198949,0.3426638
171,0.04434927,0.4023005,0.2170715,0.3362788
172,0.04383362,0.4077516,0.2142759,0.3341389
173,0.04357368,0.4107883,0.2120822,0.3335558
174,0.0434528,0.4125621,0.2103499,0.3336352
175,0.04340393,0.4136641,0.2090257,0.3339063
176,0.04339027,0.4144005,0.208057,0.3341522
177,0.04339276,0.41493,0.207381,0.3342963
178,0.04340214,0.415334,0.2069343,0.3343295
179,0.04341394,0.4156576,0.2066617,0.3342667
180,0.04342597,0.4159268,0.2065205,0.3341268
181,0.04220776,0.4297152,0.2033052,0.3247719
182,0.04142166,0.4365282,0.2032195,0.3188308
183,0.04093865,0.439706,0.2041139,0.3152415
184,0.04064674,0.4410425,0.2052236,0.3130871
185,0.0404721,0.4414963,0.2062549,0.3117767
186,0.04036735,0.4415626,0.2071298,0.3109403
187,0.04030268,0.4414856,0.2078602,0.3103514
188,0.04025964,0.4413771,0.2084888,0.3098744
189,0.04022697,0.4412822,0.2090618,0.3094291
190,0.04019805,0.4412134,0.209618,0.3089706
191,0.040169,0.44117,0.2101873,0.3084737
192,0.04013759,0.4411463,0.2107908,0.3079252
193,0.03938427,0.4492302,0.20938,0.3020056
194,0.03888844,0.4530813,0.2099059,0.2981242
195,0.03856783,0.4547839,0.2110559,0.2955924
196,0.03836002,0.4554161,0.2123172,0.2939067
197,0.03822276,0.4555538,0.2134893,0.2927341
198,0.03812899,0.4554915,0.2145111,0.2918685
199,0.03806204,0.4553716,0.2153777,0.2911885
200,0.03801207,0.4552572,0.2161031,0.2906277
201,0.03797362,0.4551718,0.216702,0.2901525
202,0.037944,0.4551209,0.217184,0.2897512
203,0.03792202,0.4551024,0.2175541,0.2894215
204,0.0379072,0.4551121,0.2178153,0.2891654
205,0.04102196,0.4205551,0.2261108,0.3123121
206,0.04337997,0.4007339,0.2266718,0.3292142
207,0.04503699,0.3900584,0.2245034,0.3404011
208,0.04614291,0.384894,0.2216782,0.3472849
209,0.04685021,0.3828491,0.2190982,0.3512025
210,0.04729101,0.3824321,0.2170217,0.3532552
211,0.04756681,0.3827731,0.2154065,0.3542535
212,0.04774881,0.3834042,0.2141051,0.3547419
213,0.04788288,0.3840981,0.212967,0.3550521
214,0.04799434,0.3847641,0.2118974,0.3553442
215,0.04809592,0.3853748,0.2108496,0.3556797
216,0.04819249,0.3859302,0.2098161,0.3560611
217,0.04440189,0.4265578,0.2007575,0.3282828
218,0.04215796,0.4448633,0.2005583,0.3124205
219,0.0408973,0.4526019,0.2025163,0.3039844
220,0.04019,0.4554934,0.2047272,0.2995894
221,0.03979816,0.4562406,0.2065609,0.2974003
222,0.03958561,0.4561232,0.2078972,0.296394
223,0.03947351,0.4557269,0.2088017,0.2959979
224,0.03941623,0.4552996,0.2093888,0.2958953
225,0.03938761,0.4549301,0.2097674,0.2959149
226,0.03937285,0.4546363,0.2100241,0.2959668
227,0.03936382,0.4544089,0.2102212,0.2960062
228,0.03935617,0.4542307,0.2104005,0.2960127
229,0.03995071,0.4470216,0.2128022,0.3002254
230,0.04033846,0.4432621,0.2136257,0.3027736
231,0.0405843,0.4413554,0.2138122,0.3042481
232,0.04072959,0.4404526,0.2138425,0.3049753
233,0.04080802,0.4400587,0.2139138,0.3052195
234,0.04084403,0.4399017,0.2140857,0.3051686
235,0.04085435,0.4398415,0.2143553,0.3049488
236,0.04085007,0.4398125,0.2146947,0.3046428
237,0.04083841,0.4397882,0.2150693,0.3043041
238,0.04082406,0.4397625,0.2154455,0.3039679
239,0.04081006,0.4397376,0.2157944,0.303658
240,0.04079836,0.4397193,0.2160923,0.3033901
241,0.03941545,0.4533568,0.2144177,0.29281
242,0.03852858,0.4592964,0.2160837,0.2860914
243,0.0380215,0.4614986,0.2180271,0.2824528
244,0.03773433,0.4620654,0.2196586,0.2805417
245,0.03757742,0.4619822,0.2208086,0.2796317
246,0.03749629,0.4617019,0.2215129,0.2792889
247,0.03745779,0.4614144,0.2218748,0.279253
248,0.03744204,0.4611842,0.222004,0.2793698
249,0.03743748,0.4610202,0.2219916,0.2795507
250,0.03743786,0.4609104,0.2219017,0.2797499
251,0.03743986,0.4608383,0.2217773,0.2799444
252,0.03744184,0.4607894,0.221645,0.2801238
253,0.03701458,0.4670105,0.2183571,0.2776179
254,0.0367603,0.4701749,0.2166327,0.2764321
255,0.03658446,0.4718069,0.2159386,0.2756701
256,0.03647089,0.4725722,0.2156799,0.275277
257,0.0363985,0.4728763,0.2156095,0.2751157
258,0.03635171,0.4729446,0.2156205,0.2750832
259,0.03632017,0.472897,0.2156696,0.2751132
260,0.03629727,0.4727947,0.2157422,0.2751659
261,0.036279,0.4726675,0.2158346,0.2752189
262,0.03626298,0.4725295,0.2159468,0.2752607
263,0.03624786,0.4723869,0.2160788,0.2752864
264,0.03623296,0.4722423,0.2162297,0.275295
265,0.03910711,0.4384776,0.2261481,0.2962672
266,0.04118543,0.41945,0.2287629,0.3106017
267,0.04261625,0.4092575,0.2282915,0.3198347
268,0.04353463,0.4042746,0.2270314,0.3251594
269,0.0440877,0.4021545,0.2259317,0.3278261
270,0.04440152,0.4014815,0.2252552,0.3288618
271,0.04457221,0.4014653,0.224939,0.3290235
272,0.04466757,0.4017048,0.2247987,0.3288289
273,0.04473221,0.4020224,0.2246373,0.3286081
274,0.04479261,0.4023566,0.2243059,0.3285449
275,0.04486253,0.4026977,0.223718,0.3287219
276,0.04494656,0.4030535,0.2228525,0.3291474
277,0.04595354,0.3946252,0.2228185,0.3366028
278,0.04673137,0.3903038,0.2205839,0.342381
279,0.04727784,0.3884175,0.2179711,0.3463336
280,0.04765481,0.3878821,0.2154896,0.3489734
281,0.04791246,0.3880386,0.2133472,0.3507017
282,0.04808892,0.3885049,0.2115899,0.3518162
283,0.04821148,0.3890722,0.2101898,0.3525265
284,0.04829873,0.3896356,0.2090931,0.3529725
285,0.04836289,0.3901495,0.2082431,0.3532446
286,0.04841181,0.3905995,0.2075888,0.3533999
287,0.04845047,0.3909865,0.2070882,0.3534749
288,0.04848189,0.391318,0.2067086,0.3534915
289,0.04485466,0.4291171,0.1986345,0.3273939
290,0.04268105,0.4461997,0.1987989,0.3123203
291,0.04143657,0.4533904,0.2010282,0.3041448
292,0.04072195,0.4560087,0.2034925,0.2997768
293,0.04031306,0.456597,0.2055723,0.2975176
294,0.04008044,0.4563657,0.2071431,0.2964108
295,0.03994823,0.4558711,0.2082675,0.2959132
296,0.03987185,0.4553498,0.2090607,0.2957178
297,0.03982534,0.4548863,0.2096342,0.2956541
298,0.03979393,0.4544976,0.2100768,0.2956316
299,0.03976937,0.4541739,0.2104526,0.2956041
300,0.03974717,0.4538988,0.2108045,0.2955495
301,0.03660067,0.4870046,0.2037549,0.2726398
302,0.03481308,0.4998509,0.2052123,0.2601238
303,0.03380863,0.5041699,0.2084697,0.2535518
304,0.03323407,0.5049211,0.2116939,0.250151
305,0.03290128,0.5042994,0.2143263,0.2484731
306,0.03270473,0.5032613,0.2163126,0.2477213
307,0.03258416,0.5021946,0.2177711,0.2474503
308,0.03250508,0.5012303,0.2188515,0.2474131
309,0.03244809,0.5003915,0.2196842,0.2474762
310,0.03240225,0.4996614,0.2203685,0.2475678
311,0.03236177,0.4990134,0.220971,0.2476537
312,0.03232377,0.4984241,0.221532,0.2477202
313,0.0364983,0.4493337,0.2348036,0.2793644
314,0.03979826,0.4202212,0.2363479,0.3036326
315,0.04217902,0.4040701,0.2335767,0.3201741
316,0.04377761,0.3959702,0.2298252,0.330427
317,0.04477637,0.3925112,0.2266485,0.336064
318,0.04535578,0.3914846,0.224525,0.3386346
319,0.04566669,0.3915779,0.2233787,0.3393767
320,0.04582205,0.3920899,0.2229019,0.3391861
321,0.04590039,0.3926976,0.2227328,0.3386692
322,0.04595122,0.3932884,0.2225679,0.3381924
323,0.04600331,0.3938467,0.2221952,0.3379548
324,0.04607049,0.3943906,0.2215045,0.3380345
325,0.04578429,0.3991159,0.2192587,0.335841
326,0.04564286,0.4019318,0.2174969,0.3349285
327,0.04559156,0.4037228,0.2159337,0.334752
328,0.04559826,0.4049387,0.2144356,0.3350275
329,0.04563681,0.4058345,0.2130073,0.3355214
330,0.0456894,0.4065443,0.2116891,0.3360772
331,0.04574518,0.4071345,0.2105176,0.3366027
332,0.04579815,0.4076371,0.2095145,0.3370502
333,0.04584537,0.4080687,0.2086853,0.3374006
334,0.04588636,0.4084375,0.2080182,0.3376579
335,0.04592143,0.4087507,0.2074954,0.3378325
336,0.04595117,0.4090157,0.2070966,0.3379365
337,0.04626461,0.406183,0.2075203,0.3400322
338,0.04648243,0.4047329,0.2074276,0.341357
339,0.04662809,0.4040569,0.2071915,0.3421234
340,0.0467228,0.4038053,0.2069659,0.342506
341,0.04678264,0.4037716,0.2068131,0.3426325
342,0.04681903,0.4038394,0.2067511,0.3425905
343,0.04683969,0.4039458,0.2067783,0.3424362
344,0.04684974,0.404059,0.2068852,0.342206
345,0.04685253,0.4041643,0.2070599,0.3419233
346,0.04685006,0.4042565,0.2072929,0.3416006
347,0.04684375,0.404334,0.2075748,0.3412475
348,0.04683467,0.4043975,0.2078961,0.3408717
349,0.04027123,0.4690304,0.1978007,0.2928977
350,0.03683443,0.4914953,0.2032102,0.26846
351,0.03507756,0.4982239,0.2100126,0.2566859
352,0.03413469,0.4991726,0.2158081,0.2508847
353,0.03362129,0.4981385,0.220095,0.2481452
354,0.0333398,0.4966285,0.2230387,0.2469931
355,0.03318276,0.4951945,0.2249836,0.2466392
356,0.03309072,0.4939899,0.2262623,0.2466571
357,0.03303104,0.4930126,0.2271354,0.2468209
358,0.03298608,0.4922125,0.227787,0.2470145
359,0.03294669,0.4915338,0.2283365,0.2471831
360,0.03290838,0.4909313,0.2288563,0.247304
361,0.03649798,0.4502572,0.2387431,0.2745017
362,0.03929219,0.4270767,0.2383483,0.2952828
363,0.04123825,0.4148659,0.2349075,0.3089883
364,0.04250168,0.4091861,0.23108,0.3172323
365,0.04326329,0.4070744,0.2280457,0.3216165
366,0.04368545,0.4067036,0.2261073,0.3235036
367,0.04389569,0.4070446,0.2251346,0.323925
368,0.04398507,0.4075834,0.2248355,0.3235959
369,0.04401453,0.4081064,0.2248959,0.3229832
370,0.04402345,0.4085564,0.225036,0.3223842
371,0.04403568,0.4089465,0.2250439,0.321974
372,0.04406404,0.409312,0.2247833,0.3218407
373,0.04458142,0.404621,0.2254834,0.3253141
374,0.04496875,0.4023533,0.2247896,0.3278884
375,0.04525992,0.4014495,0.2234531,0.3298375
376,0.04548454,0.4013105,0.2218253,0.3313796
377,0.04566336,0.4015799,0.2201026,0.3326541
378,0.0458095,0.4020502,0.2184043,0.333736
379,0.04593088,0.402602,0.2168068,0.3346603
380,0.04603238,0.4031674,0.2153571,0.3354431
381,0.04611731,0.4037085,0.2140801,0.336094
382,0.04618802,0.4042057,0.2129863,0.3366199
383,0.0462466,0.4046497,0.2120722,0.3370315
384,0.04629502,0.4050384,0.2113247,0.3373419
385,0.04643115,0.40454,0.2107133,0.3383155
386,0.04653315,0.4044066,0.2100598,0.3390005
387,0.04660359,0.4044698,0.2095173,0.3394094
388,0.04665191,0.4046187,0.2091036,0.3396259
389,0.04668472,0.4047937,0.2088141,0.3397074
390,0.04670644,0.4049661,0.2086367,0.3396909
391,0.04671983,0.4051232,0.2085581,0.3395989
392,0.04672654,0.4052611,0.2085681,0.3394443
393,0.04672752,0.4053794,0.2086596,0.3392335
394,0.04672356,0.4054788,0.2088247,0.3389729
395,0.0467152,0.4055612,0.209057,0.3386667
396,0.04670287,0.405628,0.2093505,0.3383186
397,0.04775368,0.3962278,0.2099278,0.3460907
398,0.04852374,0.3912598,0.2085325,0.3516839
399,0.04900916,0.3889968,0.2070738,0.3549202
400,0.04930168,0.3881885,0.2058846,0.3566253
401,0.04946727,0.3881043,0.2050693,0.3573591
402,0.04955293,0.3883353,0.2046057,0.3575061
403,0.04959091,0.3886676,0.2044195,0.357322
404,0.04960252,0.3890012,0.2044242,0.3569721
405,0.04960137,0.389298,0.2045402,0.3565604
406,0.04959577,0.3895515,0.2047037,0.3561491
407,0.04959062,0.3897689,0.2048666,0.3557739
408,0.04958865,0.3899615,0.2049951,0.3554547
409,0.04477697,0.4377847,0.19633,0.3211082
410,0.04201683,0.4578969,0.1979892,0.302097
411,0.04050843,0.4656555,0.2015145,0.2923215
412,0.03967172,0.4681128,0.2048677,0.2873477
413,0.0392091,0.4683803,0.2074627,0.2849479
414,0.03895561,0.467855,0.2092783,0.2839111
415,0.03881735,0.4671392,0.2104785,0.283565
416,0.03874049,0.4664658,0.2112558,0.2835378
417,0.03869461,0.4659018,0.211774,0.2836296
418,0.03866273,0.4654467,0.212154,0.2837364
419,0.03863573,0.4650781,0.2124779,0.2838083
420,0.03860888,0.4647706,0.2127968,0.2838238
421,0.0388169,0.4617479,0.21402,0.2854152
422,0.0389352,0.4601347,0.214662,0.2862681
423,0.03899593,0.4592511,0.2150771,0.2866758
424,0.03901557,0.4587555,0.2154639,0.2867651
425,0.03900849,0.4584526,0.2158881,0.2866507
426,0.03898532,0.4582398,0.2163573,0.2864175
427,0.03895353,0.458067,0.216853,0.2861264
428,0.03891848,0.4579131,0.2173468,0.2858215
429,0.0388841,0.4577711,0.217808,0.2855367
430,0.03885338,0.4576412,0.2182064,0.2852991
431,0.0388285,0.4575261,0.2185161,0.2851292
432,0.03881097,0.4574293,0.2187178,0.2850419
433,0.04166179,0.4252152,0.2279731,0.3051499
434,0.04371355,0.4069639,0.2305253,0.3187972
435,0.04513975,0.3970653,0.2300514,0.3277436
436,0.04606671,0.3921497,0.2287365,0.3330471
437,0.04664407,0.3900092,0.2274023,0.3359443
438,0.04699929,0.3893063,0.2262497,0.3374448
439,0.04722828,0.3892894,0.225203,0.3382793
440,0.04739677,0.3895719,0.2241021,0.3389292
441,0.04754489,0.3899762,0.2228089,0.3396699
442,0.04769132,0.390435,0.2212723,0.3406013
443,0.04784075,0.3909266,0.2195229,0.3417098
444,0.04798944,0.3914423,0.2176539,0.3429144
445,0.04810433,0.3905739,0.2180052,0.3433166
446,0.04814835,0.3901384,0.218597,0.3431163
447,0.04819514,0.3898276,0.218924,0.3430532
448,0.04824014,0.389619,0.2190882,0.3430526
449,0.04828343,0.3894842,0.2191363,0.343096
450,0.04832513,0.389403,0.2191011,0.3431707
451,0.04836514,0.3893611,0.2190083,0.3432654
452,0.04840318,0.3893482,0.2188792,0.3433694
453,0.04843883,0.3893566,0.2187319,0.3434726
454,0.04847206,0.3893798,0.2185778,0.3435704
455,0.04850281,0.3894131,0.2184255,0.3436587
456,0.04853106,0.3894528,0.2182814,0.3437347
457,0.04826688,0.395202,0.2136684,0.3428627
458,0.04823048,0.3987447,0.2090845,0.3439402
459,0.04818167,0.4012407,0.2060485,0.3445291
460,0.04812906,0.4029965,0.2040943,0.3447803
461,0.04807957,0.4042031,0.2028896,0.3448277
462,0.04803623,0.405009,0.2021981,0.3447566
463,0.04799895,0.4055311,0.2018596,0.3446103
464,0.047966,0.4058582,0.2017698,0.344406
465,0.04793521,0.4060544,0.2018627,0.3441477
466,0.04790449,0.4061643,0.2020973,0.343834
467,0.04787213,0.4062179,0.2024485,0.3434615
468,0.04783642,0.4062331,0.2029071,0.3430233
469,0.04269935,0.4562595,0.194804,0.3062371
470,0.03982197,0.47576,0.198169,0.286249
471,0.03826613,0.4824496,0.2032558,0.2760285
472,0.03739819,0.4839429,0.2079197,0.2707391
473,0.03690718,0.4834474,0.2115853,0.2680601
474,0.03662569,0.4823396,0.2142676,0.2667671
475,0.03645981,0.4811777,0.2161728,0.2661896
476,0.0363563,0.480154,0.2175309,0.2659588
477,0.03628526,0.4793046,0.2185339,0.2658761
478,0.03623019,0.4786071,0.2193241,0.2658387
479,0.03618251,0.4780244,0.2199938,0.2657993
480,0.03613813,0.4775231,0.2205975,0.2657413
481,0.03823129,0.455431,0.2247356,0.2816021
482,0.03975105,0.4438553,0.2233954,0.2929983
483,0.04072588,0.4384292,0.2208991,0.2999458
484,0.04132107,0.4363019,0.2184479,0.3039292
485,0.04166168,0.4358002,0.2165457,0.3059924
486,0.04184131,0.4359952,0.2152743,0.3068891
487,0.0419252,0.4364143,0.2145311,0.3071295
488,0.04195612,0.4368454,0.2141583,0.3070402
489,0.04196117,0.4372131,0.2140019,0.3068238
490,0.04195634,0.4375072,0.2139408,0.3065957
491,0.04195098,0.4377414,0.2138864,0.3064212
492,0.04195021,0.4379353,0.213781,0.3063335
493,0.04300157,0.4272468,0.2158809,0.3138706
494,0.04374436,0.4217091,0.2154949,0.3190516
495,0.04423781,0.4190937,0.2143246,0.3223439
496,0.04455995,0.4180682,0.2129774,0.3243944
497,0.0447702,0.4178528,0.2117039,0.3256731
498,0.04491089,0.418011,0.2105764,0.3265018
499,0.04500995,0.4183132,0.2095937,0.3270832
500,0.04508454,0.4186475,0.2087351,0.3275329
501,0.0451444,0.4189655,0.207981,0.3279091
502,0.04519553,0.419248,0.2073104,0.3282461
503,0.04524087,0.4194926,0.2067108,0.3285558
504,0.04528176,0.4197029,0.206175,0.3288404
505,0.04390438,0.4343599,0.2027286,0.3190071
506,0.0430281,0.4413938,0.2026239,0.3129542
507,0.04250618,0.4445146,0.2034245,0.3095548
508,0.04220337,0.4457002,0.2043537,0.3077427
509,0.04203311,0.4459853,0.205129,0.3068526
510,0.04194078,0.4458938,0.2056898,0.3064757
511,0.04189267,0.4456777,0.2060626,0.3063671
512,0.04186849,0.4454476,0.2062986,0.3063854
513,0.04185636,0.4452448,0.2064475,0.3064514
514,0.04184932,0.4450786,0.2065506,0.3065215
515,0.04184364,0.4449451,0.2066372,0.3065741
516,0.04183741,0.4448365,0.2067259,0.3066002
517,0.04182091,0.4446697,0.207034,0.3064753
518,0.04180063,0.4445057,0.2074016,0.306292
519,0.04178585,0.4443368,0.2077149,0.3061624
520,0.04177216,0.4441847,0.2080012,0.306042
521,0.04175835,0.4440518,0.20827,0.3059199
522,0.04174413,0.4439364,0.2085263,0.3057931
523,0.0417295,0.443836,0.2087721,0.3056624
524,0.04171469,0.4437484,0.209007,0.3055298
525,0.04170002,0.4436719,0.2092293,0.3053988
526,0.04168573,0.4436051,0.2094372,0.305272
527,0.04167215,0.4435472,0.2096278,0.3051528
528,0.04165963,0.4434976,0.2097978,0.3050449
529,0.04186509,0.4413425,0.210229,0.3065634
530,0.04200306,0.4402858,0.2101443,0.3075668
531,0.04208561,0.4398279,0.2099533,0.3081332
532,0.04213407,0.4396692,0.209751,0.3084457
533,0.04216198,0.4396509,0.2095733,0.3086137
534,0.04217828,0.4396907,0.2094233,0.3087077
535,0.04218863,0.439749,0.2092919,0.3087705
536,0.04219644,0.4398083,0.2091682,0.308827
537,0.04220359,0.4398626,0.2090438,0.30889
538,0.04221097,0.4399109,0.208914,0.3089641
539,0.04221892,0.4399538,0.2087773,0.3090499
540,0.04222739,0.4399926,0.2086345,0.3091455
541,0.04327324,0.4291056,0.21096,0.3166612
542,0.04400441,0.4233913,0.2108557,0.3217486
543,0.0444857,0.4206057,0.2099739,0.3249346
544,0.04479076,0.4194323,0.208955,0.326822
545,0.04497834,0.4190874,0.2080586,0.3278756
546,0.04509133,0.4191296,0.2073542,0.3284249
547,0.04515904,0.4193245,0.2068292,0.3286872
548,0.04520047,0.4195581,0.206443,0.3287984
549,0.04522739,0.4197815,0.2061524,0.3288387
550,0.04524691,0.4199782,0.2059204,0.3288545
551,0.045263,0.4201473,0.2057207,0.328869
552,0.04527776,0.4202934,0.2055363,0.3288926
553,0.04523107,0.420955,0.2053561,0.3284579
554,0.0452018,0.4213198,0.2053161,0.3281622
555,0.04519022,0.4215167,0.205271,0.3280221
556,0.04518917,0.4216332,0.2052052,0.3279723
557,0.04519441,0.4217139,0.2051155,0.3279762
558,0.04520308,0.4217811,0.2050063,0.3280095
559,0.04521333,0.4218451,0.2048851,0.3280564
560,0.04522398,0.4219096,0.2047594,0.328107
561,0.04523442,0.4219752,0.2046345,0.3281558
562,0.04524443,0.4220411,0.204513,0.3282016
563,0.04525392,0.4221062,0.2043959,0.3282439
564,0.04526291,0.4221703,0.2042837,0.3282831
565,0.04708295,0.4038926,0.2077425,0.3412818
566,0.04840939,0.3936532,0.2074975,0.35044
567,0.04931167,0.3882706,0.2060777,0.3563401
568,0.04990023,0.3857335,0.2044466,0.3599197
569,0.05027041,0.384768,0.203011,0.3619506
570,0.05049704,0.3846048,0.201882,0.3630162
571,0.05063438,0.3848056,0.2010357,0.3635243
572,0.05071924,0.3851386,0.2004011,0.363741
573,0.05077514,0.385493,0.1999046,0.3638272
574,0.05081604,0.3858243,0.1994882,0.3638715
575,0.05084989,0.3861203,0.1991116,0.3639182
576,0.05088076,0.3863833,0.1987508,0.3639852
577,0.0479623,0.4156486,0.1931082,0.3432809
578,0.04613136,0.4296617,0.1934803,0.3307266
579,0.04505803,0.4358534,0.1953238,0.3237648
580,0.04443689,0.4382575,0.1972672,0.3200384
581,0.04408387,0.4389141,0.1988456,0.3181564
582,0.04388764,0.4388367,0.1999782,0.3172975
583,0.04378109,0.4385085,0.200729,0.3169814
584,0.04372428,0.4381425,0.2012001,0.3169331
585,0.04369387,0.4378185,0.2014876,0.317
586,0.04367643,0.4375564,0.2016674,0.3170998
587,0.04366451,0.4373507,0.2017937,0.3171911
588,0.04365414,0.4371885,0.2019021,0.3172552
589,0.04306075,0.443126,0.2006504,0.3131628
590,0.04266749,0.4459847,0.200788,0.3105597
591,0.04241695,0.4472239,0.2013604,0.3089987
592,0.0422586,0.4476356,0.2020186,0.3080873
593,0.04215772,0.4476529,0.2026276,0.3075618
594,0.0420915,0.4475022,0.2031521,0.3072542
595,0.04204552,0.4472955,0.2035977,0.3070613
596,0.0420109,0.447084,0.2039827,0.3069226
597,0.04198236,0.446888,0.2043257,0.3068038
598,0.04195703,0.4467126,0.2046412,0.3066891
599,0.04193345,0.4465564,0.2049381,0.306572
600,0.04191104,0.4464162,0.2052206,0.3064522
601,0.04161241,0.4490226,0.2050779,0.304287
602,0.04141022,0.4501978,0.2055272,0.3028649
603,0.04128098,0.4506288,0.2060792,0.302011
604,0.04119877,0.4506983,0.2065898,0.3015131
605,0.04114685,0.4506077,0.2070051,0.3012404
606,0.0411144,0.450459,0.2073159,0.3011107
607,0.04109453,0.4503005,0.2075312,0.3010738
608,0.04108296,0.4501522,0.2076663,0.3010986
609,0.04107695,0.4500194,0.2077378,0.3011658
610,0.0410747,0.4499027,0.2077605,0.3012621
611,0.04107499,0.4497996,0.2077465,0.3013789
612,0.04107699,0.4497079,0.2077059,0.3015093
613,0.04359635,0.4233737,0.2131984,0.3198316
614,0.04546087,0.4085975,0.212908,0.3330337
615,0.04674318,0.4008373,0.2107263,0.3416932
616,0.04758331,0.3972103,0.2081801,0.3470263
617,0.0481095,0.3958652,0.2059388,0.3500865
618,0.04842649,0.3956714,0.2042017,0.3517003
619,0.04861203,0.3959823,0.2029467,0.352459
620,0.04871961,0.3964568,0.202069,0.3527544
621,0.04878391,0.3969353,0.201451,0.3528297
622,0.04882623,0.397355,0.2009924,0.3528264
623,0.04885876,0.3977025,0.2006204,0.3528183
624,0.04888788,0.3979858,0.2002887,0.3528376
625,0.04724886,0.4149337,0.1967533,0.3410642
626,0.04619038,0.4234065,0.1966897,0.3337134
627,0.04555228,0.4273583,0.1975816,0.3295079
628,0.04517912,0.4290045,0.1985928,0.3272236
629,0.04496841,0.4295377,0.1994225,0.3260714
630,0.04485444,0.429579,0.2000089,0.3255576
631,0.04479609,0.4294369,0.2003843,0.3253826
632,0.04476829,0.4292537,0.2006072,0.3253708
633,0.04475616,0.4290869,0.2007335,0.3254235
634,0.04475118,0.4289534,0.2008075,0.3254879
635,0.04474863,0.4288528,0.2008608,0.3255377
636,0.04474601,0.4287784,0.2009139,0.3255616
637,0.0449165,0.4269314,0.2013526,0.3267995
638,0.04502682,0.4259578,0.2014694,0.327546
639,0.04509382,0.4254653,0.201486,0.3279549
640,0.04513064,0.4252349,0.2015017,0.3281327
641,0.04514728,0.425139,0.2015544,0.3281593
642,0.04515084,0.425107,0.201653,0.3280892
643,0.04514609,0.4251021,0.2017936,0.3279582
644,0.04513613,0.4251067,0.2019679,0.3277893
645,0.04512297,0.425113,0.2021672,0.3275968
646,0.04510802,0.4251182,0.2023825,0.3273913
647,0.04509229,0.4251218,0.2026054,0.3271805
648,0.04507651,0.4251245,0.2028283,0.3269708
649,0.04288127,0.4473331,0.1985613,0.3112243
650,0.04152318,0.4573771,0.1992974,0.3018023
651,0.04072153,0.4614976,0.2012458,0.2965351
652,0.04025304,0.4628321,0.2032283,0.2936865
653,0.03998282,0.4629411,0.2048462,0.2922299
654,0.03982889,0.4625804,0.2060366,0.2915542
655,0.03974165,0.4620964,0.2068624,0.2912996
656,0.03969156,0.4616319,0.2074185,0.2912581
657,0.03966128,0.461233,0.2077931,0.2913126
658,0.03964087,0.4609037,0.2080561,0.2913993
659,0.03962483,0.4606326,0.2082569,0.2914856
660,0.03961027,0.4604049,0.2084284,0.2915564
661,0.03966545,0.459594,0.2085887,0.2921519
662,0.03969791,0.4591592,0.208584,0.2925588
663,0.03970964,0.4589213,0.2085914,0.2927776
664,0.03970892,0.4587729,0.2086345,0.2928837
665,0.03970052,0.4586611,0.2087199,0.2929185
666,0.03968756,0.4585609,0.2088428,0.2929087
667,0.0396721,0.4584614,0.2089943,0.2928723
668,0.03965548,0.4583591,0.2091645,0.2928208
669,0.03963858,0.4582539,0.2093449,0.2927625
670,0.039622,0.4581467,0.2095281,0.2927031
671,0.03960615,0.4580389,0.2097083,0.2926466
672,0.03959135,0.4579316,0.2098802,0.2925968
673,0.0395638,0.4577203,0.2103487,0.2923672
674,0.03953989,0.4575183,0.2107686,0.2921732
675,0.03952574,0.4573205,0.2110673,0.2920864
676,0.03951574,0.4571483,0.211289,0.292047
677,0.03950862,0.4570004,0.2114495,0.2920414
678,0.03950387,0.4568729,0.21156,0.2920633
679,0.03950114,0.4567612,0.2116289,0.2921089
680,0.03950017,0.4566622,0.2116632,0.2921745
681,0.03950067,0.4565733,0.2116692,0.2922567
682,0.03950242,0.4564925,0.2116519,0.2923532
683,0.03950518,0.4564179,0.2116163,0.2924607
684,0.03950861,0.4563483,0.2115675,0.2925756
685,0.04113767,0.4389267,0.2154332,0.3045024
686,0.04229018,0.4296744,0.2153573,0.3126781
687,0.0430531,0.4251112,0.2140144,0.3178212
688,0.04353613,0.4231499,0.2124551,0.3208589
689,0.04383029,0.422532,0.211108,0.3225297
690,0.044004,0.422541,0.2100844,0.3233706
691,0.04410489,0.422796,0.2093563,0.3237428
692,0.04416412,0.423112,0.2088495,0.3238743
693,0.04420108,0.423411,0.2084875,0.3239004
694,0.04422722,0.423668,0.2082081,0.3238968
695,0.04424888,0.4238825,0.2079677,0.323901
696,0.04426926,0.4240627,0.20774,0.323928
697,0.04217415,0.4461157,0.2029308,0.3087794
698,0.0408883,0.4561607,0.2031409,0.2998101
699,0.04013819,0.4603764,0.2046036,0.2948818
700,0.03970734,0.4618443,0.2061585,0.2922899
701,0.03946494,0.4620946,0.2074143,0.2910261
702,0.03933161,0.4618684,0.2083081,0.290492
703,0.03925958,0.4615057,0.2088981,0.2903367
704,0.03922052,0.4611472,0.2092727,0.2903596
705,0.03919805,0.4608395,0.2095133,0.2904492
706,0.03918292,0.4605879,0.2096821,0.290547
707,0.03917012,0.4603831,0.209823,0.2906238
708,0.03915703,0.4602122,0.2099639,0.2906668
709,0.04000312,0.4508421,0.2122192,0.2969356
710,0.04057194,0.4460586,0.2123608,0.3010086
711,0.04092804,0.4437842,0.2118716,0.3034161
712,0.04113778,0.4428363,0.2113175,0.3047084
713,0.04125177,0.4425384,0.2109168,0.3052931
714,0.04130604,0.4425248,0.2107162,0.305453
715,0.04132501,0.4426112,0.2106881,0.3053757
716,0.04132462,0.4427139,0.2107801,0.3051815
717,0.04131508,0.4428007,0.210938,0.3049462
718,0.04130273,0.442865,0.2111154,0.304717
719,0.04129154,0.44291,0.2112756,0.3045229
720,0.0412839,0.4429424,0.211392,0.3043817
721,0.04252232,0.4298736,0.2143177,0.3132863
722,0.04339235,0.4229782,0.2143121,0.3193173
723,0.04396828,0.4196039,0.2133318,0.323096
724,0.0443381,0.4181724,0.2121309,0.3253586
725,0.04457225,0.4177441,0.2110113,0.3266723
726,0.04472219,0.4177887,0.2100521,0.3274371
727,0.04482267,0.4180259,0.2092391,0.3279123
728,0.04489561,0.4183195,0.2085319,0.328253
729,0.04495382,0.4186104,0.2078929,0.3285429
730,0.04500417,0.4188789,0.2072972,0.3288198
731,0.04504988,0.4191223,0.2067323,0.3290955
732,0.04509221,0.4193442,0.2061949,0.3293688
733,0.04308752,0.4406017,0.2013408,0.3149699
734,0.04184579,0.4505045,0.201268,0.3063816
735,0.04111588,0.4547858,0.202464,0.3016344
736,0.04069379,0.4563659,0.2038153,0.2991249
737,0.04045443,0.4567209,0.2049332,0.2978916
738,0.04032135,0.4565769,0.2057415,0.2973602
739,0.04024829,0.4562743,0.2062836,0.2971938
740,0.04020776,0.4559583,0.2066354,0.2971985
741,0.04018372,0.4556802,0.206869,0.2972671
742,0.04016705,0.4554496,0.2070414,0.297342
743,0.04015277,0.4552599,0.207193,0.2973943
744,0.04013827,0.4551,0.2073503,0.2974115
745,0.04294963,0.4250371,0.2140515,0.3179618
746,0.04504079,0.4079467,0.2142454,0.3327671
747,0.04648309,0.3988283,0.2122568,0.3424318
748,0.04742183,0.3944698,0.2098626,0.3482457
749,0.04799662,0.3927752,0.2078505,0.3513777
750,0.04832531,0.3924451,0.2064559,0.3527738
751,0.0484982,0.3927248,0.2056417,0.3531352
752,0.04857983,0.3932107,0.2052604,0.3529492
753,0.04861391,0.3937095,0.2051395,0.3525371
754,0.04862873,0.3941452,0.2051248,0.3521013
755,0.04864164,0.3945012,0.205096,0.3517611
756,0.04866225,0.3947874,0.204973,0.3515773
757,0.04730596,0.4090043,0.2019853,0.3417044
758,0.04643525,0.4162133,0.2017648,0.3355867
759,0.04592351,0.4196603,0.2022098,0.3322064
760,0.04564008,0.4211812,0.2026611,0.3305176
761,0.04549639,0.4217716,0.2029072,0.3298249
762,0.04543426,0.4219521,0.2029337,0.32968
763,0.04541686,0.4219804,0.2027964,0.3298063
764,0.04542178,0.4219736,0.2025636,0.3300411
765,0.04543598,0.421976,0.2022932,0.3302947
766,0.04545233,0.4219989,0.2020266,0.3305222
767,0.04546724,0.4220389,0.2017897,0.3307041
768,0.04547908,0.4220893,0.2015969,0.3308347
769,0.04305772,0.4468977,0.1965077,0.3135369
770,0.04156691,0.4580996,0.1970921,0.3032414
771,0.04069039,0.4626959,0.1990944,0.2975193
772,0.04017714,0.4641947,0.2012079,0.2944203
773,0.03987792,0.4643287,0.2029839,0.2928095
774,0.03970324,0.4639345,0.204341,0.2920212
775,0.03959947,0.4633957,0.2053376,0.2916673
776,0.03953468,0.4628711,0.2060702,0.291524
777,0.03949023,0.4624134,0.2066303,0.2914661
778,0.03945556,0.462028,0.2070899,0.2914265
779,0.03942481,0.4617034,0.2075007,0.2913711
780,0.03939491,0.4614242,0.2078964,0.2912845
781,0.03934292,0.4613476,0.208323,0.2909864
782,0.03929646,0.4611893,0.2088093,0.290705
783,0.03925533,0.4609915,0.2093032,0.29045
784,0.03921716,0.4607819,0.2097975,0.2902034
785,0.03918117,0.4605728,0.2102835,0.2899625
786,0.03914731,0.46037,0.2107516,0.289731
787,0.03911598,0.4601767,0.211191,0.2895163
788,0.03908781,0.4599941,0.2115905,0.2893277
789,0.03906341,0.4598232,0.2119397,0.2891737
790,0.03904341,0.4596648,0.2122291,0.2890627
791,0.03902832,0.4595196,0.2124506,0.2890014
792,0.03901841,0.4593881,0.2125992,0.2889943
793,0.03996385,0.4493535,0.2146488,0.296034
794,0.04061998,0.4443073,0.2142238,0.3008489
795,0.04104096,0.4420051,0.2131312,0.3038228
796,0.04130502,0.4411336,0.2119439,0.3056176
797,0.04146812,0.4409535,0.2108944,0.306684
798,0.04156931,0.441068,0.2100368,0.3073259
799,0.04163416,0.4412782,0.2093519,0.3077357
800,0.04167851,0.4414945,0.2087997,0.3080273
801,0.04171162,0.4416829,0.208342,0.3082634
802,0.0417385,0.4418364,0.2079509,0.3084741
803,0.04176167,0.4419585,0.207608,0.3086718
804,0.04178227,0.4420556,0.207303,0.3088592
805,0.03869469,0.4746942,0.2001621,0.286449
806,0.03691405,0.4880301,0.2010364,0.2740194
807,0.03591215,0.4929021,0.2037068,0.2674789
808,0.03534527,0.4941071,0.2064094,0.2641382
809,0.0350252,0.4938352,0.2085883,0.2625513
810,0.03484463,0.4930718,0.2101737,0.2619098
811,0.03474155,0.4922335,0.2112677,0.2617573
812,0.03468018,0.4914727,0.2120096,0.2618376
813,0.0346401,0.4908253,0.2125247,0.26201
814,0.03461,0.4902813,0.2129079,0.2622008
815,0.0345837,0.4898178,0.2132261,0.2623724
816,0.03455798,0.4894116,0.213523,0.2625074
817,0.03640447,0.4679855,0.2191022,0.2765077
818,0.03769577,0.456829,0.2194463,0.2860289
819,0.0385333,0.4514694,0.2180938,0.2919035
820,0.03904248,0.4492503,0.2164952,0.295212
821,0.03932939,0.4485932,0.2152431,0.2968343
822,0.03947444,0.4486215,0.2144851,0.2974189
823,0.03953423,0.4488864,0.2141678,0.2974116
824,0.03954668,0.4491824,0.2141646,0.2971063
825,0.03953641,0.4494326,0.2143394,0.2966917
826,0.03951901,0.4496209,0.2145736,0.2962864
827,0.03950422,0.4497568,0.2147747,0.2959642
828,0.0394977,0.4498568,0.2148783,0.2957672
829,0.04009231,0.4436695,0.2161548,0.3000834
830,0.04050963,0.4406192,0.2158184,0.3030527
831,0.04078967,0.4392754,0.2149546,0.3049802
832,0.04098033,0.4388182,0.2139356,0.3062659
833,0.04111444,0.4387915,0.2129257,0.3071684
834,0.04121359,0.4389522,0.2119853,0.307849
835,0.04129098,0.4391782,0.2111314,0.3083994
836,0.04135421,0.4394131,0.2103657,0.3088669
837,0.04140744,0.4396335,0.2096855,0.3092735
838,0.0414529,0.4398321,0.2090869,0.309628
839,0.04149179,0.4400084,0.2085663,0.3099336
840,0.04152482,0.440164,0.2081198,0.3101914
841,0.04090637,0.4470613,0.2064051,0.3056273
842,0.04050891,0.4503841,0.2063241,0.3027829
843,0.04026972,0.4518621,0.2067026,0.3011656
844,0.04012931,0.4524228,0.2071623,0.3002856
845,0.0400487,0.4525561,0.2075636,0.2998316
846,0.04000287,0.4525113,0.2078767,0.2996091
847,0.03997621,0.4524079,0.208116,0.2995
848,0.03995922,0.4522982,0.2083076,0.299435
849,0.03994631,0.4522018,0.2084769,0.2993749
850,0.03993435,0.4521224,0.2086437,0.2992996
851,0.03992171,0.4520575,0.2088216,0.2991992
852,0.0399076,0.4520034,0.2090186,0.2990704
853,0.04059631,0.4444341,0.2108659,0.3041037
854,0.0410591,0.4406011,0.210997,0.3073428
855,0.04134634,0.4388176,0.2106431,0.309193
856,0.04151406,0.438115,0.210245,0.3101259
857,0.04160423,0.4379418,0.2099702,0.3104838
858,0.04164669,0.4379997,0.2098495,0.3105041
859,0.04166169,0.4381382,0.2098553,0.3103448
860,0.04166244,0.4382883,0.2099416,0.3101076
861,0.04165743,0.4384232,0.2100632,0.3098562
862,0.04165188,0.4385368,0.2101811,0.3096302
863,0.04164894,0.4386319,0.2102667,0.3094524
864,0.04165025,0.4387139,0.2103014,0.3093344
865,0.03919823,0.4649241,0.2044858,0.2913918
866,0.03774521,0.4761536,0.2049501,0.2811512
867,0.03691501,0.4805291,0.206896,0.27566
868,0.03644607,0.4818217,0.2088789,0.2728534
869,0.03618632,0.481823,0.2104405,0.2715502
870,0.03604589,0.4813644,0.2115252,0.2710646
871,0.03597168,0.4808083,0.2122196,0.2710004
872,0.03593261,0.4802943,0.2126407,0.2711324
