EwEVersion,"6.5.13829.0 (compiled 2016-05-17)"
Date,"2016-09-06 16:58:41"
ModelName,Baltic_Proper-SEALS
EcosimScenario,Proper1_SealVuln100_19742100_seal1_cofF03
TimeSeries,new_data_weights_19742100_BAU_WAR1_codF03_seal100
StartYear,1974

Data,"Prey of JuvSprat"

TimeStep,"Temora sp","Acartia sp","Pseudocalanus sp.","other mesozooplankton","Mysids",
1,0.3416933,0.2886024,0.1891644,0.1800694,0.0004705535
2,0.3482672,0.2841473,0.180382,0.186754,0.0004494753
3,0.3504935,0.2783198,0.1777553,0.1929758,0.000455589
4,0.3508407,0.2745149,0.1778672,0.1963002,0.0004768955
5,0.3503381,0.2715918,0.179495,0.1980676,0.0005075196
6,0.3492338,0.2692107,0.1817131,0.1992999,0.0005424768
7,0.3476537,0.2672598,0.1839657,0.2005426,0.0005779998
8,0.345695,0.265645,0.185981,0.2020675,0.0006114299
9,0.343424,0.2642711,0.1876572,0.2040067,0.0006409563
10,0.3408805,0.263051,0.188981,0.2064222,0.0006653713
11,0.3380892,0.2619119,0.1899772,0.2093378,0.0006838778
12,0.3350733,0.2607949,0.1906819,0.2127539,0.0006959518
13,0.34223,0.2583334,0.1877509,0.2109975,0.0006882317
14,0.3362069,0.2574781,0.19012,0.2154983,0.0006967136
15,0.3322331,0.256806,0.1906996,0.2195713,0.0006899874
16,0.3288542,0.2554791,0.1907574,0.2242354,0.0006737926
17,0.3258283,0.2537414,0.1904924,0.229288,0.0006498789
18,0.3232093,0.2518363,0.1899556,0.234379,0.0006197289
19,0.3211083,0.2500157,0.1891461,0.239145,0.0005849206
20,0.319571,0.248781,0.1879573,0.2431439,0.0005468852
21,0.3185755,0.2487274,0.1862569,0.2459331,0.0005070795
22,0.3180169,0.2504242,0.1839456,0.2471462,0.0004670407
23,0.3177346,0.2542513,0.1810066,0.246579,0.0004283689
24,0.3176012,0.2601646,0.1775576,0.244284,0.0003926795
25,0.2380597,0.26935,0.1996188,0.2925477,0.0004236828
26,0.2625619,0.2737002,0.1828409,0.28053,0.0003670058
27,0.2669874,0.2787004,0.1768901,0.277069,0.0003530545
28,0.270396,0.2869774,0.1723362,0.2699394,0.0003510094
29,0.2742392,0.29135,0.1702375,0.2638124,0.0003608055
30,0.278369,0.2916876,0.1700142,0.2595498,0.0003793486
31,0.2821794,0.2898529,0.1708087,0.2567559,0.0004030893
32,0.2852545,0.2876839,0.1718478,0.2547852,0.0004285468
33,0.2874957,0.2853884,0.1729837,0.2536781,0.0004540928
34,0.2888957,0.2833683,0.1740046,0.2532534,0.0004779854
35,0.2895393,0.281693,0.1748276,0.2534411,0.0004990316
36,0.289532,0.2803112,0.1754304,0.25421,0.000516427
37,0.2883648,0.2812726,0.1764547,0.2533773,0.0005306398
38,0.284924,0.2810585,0.178639,0.2548325,0.0005460684
39,0.2822921,0.2807747,0.1794172,0.2569656,0.0005504438
40,0.279859,0.2802824,0.179499,0.2598128,0.0005466589
41,0.2774936,0.2798052,0.1791454,0.2630192,0.0005365404
42,0.275208,0.279474,0.1785127,0.2662834,0.0005218071
43,0.2730548,0.2793608,0.1777012,0.2693791,0.0005040348
44,0.2711406,0.2789462,0.1771201,0.2723078,0.0004852752
45,0.2694177,0.2791502,0.1763867,0.2745797,0.0004657466
46,0.2679644,0.2799452,0.1755176,0.2761263,0.0004464342
47,0.2668402,0.2813192,0.1745254,0.2768872,0.0004280837
48,0.2660931,0.2832029,0.1734384,0.2768544,0.0004113099
49,0.2656956,0.2900134,0.1716089,0.2722934,0.0003887971
50,0.2632295,0.2931138,0.1724719,0.2708076,0.0003772973
51,0.2626613,0.2953549,0.1724628,0.2691566,0.0003643902
52,0.2630394,0.2971739,0.1720314,0.2674034,0.0003520501
53,0.2641016,0.2990354,0.1712964,0.2652254,0.000341131
54,0.2657775,0.3008488,0.1704402,0.2626011,0.0003324911
55,0.2680259,0.3023398,0.1696402,0.2596673,0.0003267771
56,0.2707659,0.303656,0.1687926,0.2564615,0.0003240108
57,0.2739105,0.3041463,0.1682365,0.2533821,0.000324641
58,0.2772435,0.3040041,0.1679548,0.2504692,0.0003283631
59,0.2805695,0.3033983,0.1679195,0.2477778,0.0003347798
60,0.2837315,0.3024903,0.1680886,0.2453463,0.0003433943
61,0.2583606,0.3106692,0.1763932,0.254206,0.0003709999
62,0.2577043,0.3120404,0.1775855,0.2522891,0.0003807744
63,0.2582423,0.3111456,0.1788372,0.2513839,0.000390876
64,0.2593454,0.3105244,0.17951,0.2502211,0.0003990217
65,0.2607475,0.3100168,0.1798884,0.2489414,0.0004059564
66,0.2623196,0.3094819,0.1801486,0.2476376,0.0004122887
67,0.2639747,0.3088742,0.1803772,0.2463554,0.0004183953
68,0.2656454,0.3078578,0.1808646,0.2452072,0.0004249705
69,0.267214,0.3068527,0.1814156,0.2440859,0.000431791
70,0.268676,0.3057875,0.1820409,0.2430567,0.0004389279
71,0.2700049,0.3046716,0.1827326,0.2421446,0.0004463091
72,0.2711783,0.303526,0.1834791,0.2413627,0.0004538115
73,0.2454145,0.3071609,0.1905587,0.2564,0.0004658318
74,0.2430644,0.3080632,0.1888249,0.2595911,0.0004563783
75,0.2452163,0.3042723,0.1887812,0.261271,0.0004592668
76,0.2479245,0.3010661,0.1892232,0.2613184,0.0004678686
77,0.2499925,0.2983987,0.1901027,0.2610262,0.0004798455
78,0.2510851,0.2961023,0.1912665,0.2610529,0.0004930912
79,0.2511693,0.2941245,0.1925464,0.261654,0.0005058466
80,0.2503315,0.292423,0.1938072,0.2629215,0.0005167204
81,0.2486617,0.2909705,0.1949847,0.2648584,0.0005247851
82,0.2462543,0.2897585,0.1960309,0.2674269,0.000529399
83,0.2432028,0.2887762,0.1969173,0.2705736,0.0005301855
84,0.2395988,0.2880175,0.1976263,0.2742305,0.0005269856
85,0.2767706,0.2766792,0.1856492,0.2604099,0.0004911063
86,0.2784724,0.2724293,0.1852953,0.263315,0.0004880626
87,0.2758488,0.273157,0.1846097,0.2659057,0.0004787258
88,0.2725681,0.2729255,0.184385,0.2696542,0.0004672962
89,0.2687273,0.2721291,0.1842963,0.2743942,0.0004529842
90,0.2644052,0.2711072,0.1841313,0.2799212,0.0004351133
91,0.2597466,0.2699914,0.1838003,0.2860482,0.0004135125
92,0.2549451,0.2687356,0.1833927,0.292538,0.0003884489
93,0.2501658,0.2675488,0.1828073,0.2991173,0.0003606501
94,0.2456051,0.2666482,0.1820088,0.3054068,0.0003310866
95,0.2414343,0.2663651,0.1809604,0.3109393,0.0003008865
96,0.2377837,0.2671588,0.179609,0.3151774,0.000271217
97,0.2455222,0.2667957,0.174034,0.3134145,0.0002334718
98,0.245154,0.2690871,0.1712004,0.3143525,0.0002059761
99,0.2451141,0.2765208,0.1677332,0.3104481,0.000183928
100,0.2457256,0.2850786,0.1645559,0.3044715,0.0001683449
101,0.2474068,0.2926733,0.1620079,0.2977531,0.0001588989
102,0.2503381,0.2980566,0.16029,0.2911601,0.0001551995
103,0.2544015,0.3008525,0.1594463,0.2851428,0.0001568847
104,0.2592062,0.30164,0.1592245,0.2797658,0.000163545
105,0.2643311,0.3007029,0.1596451,0.275146,0.0001749086
106,0.2692894,0.2987304,0.160548,0.2712416,0.0001905192
107,0.2737117,0.2962613,0.1617872,0.2680301,0.0002097612
108,0.277378,0.2936476,0.1632379,0.2655045,0.0002318297
109,0.3006512,0.2864922,0.1597775,0.2528246,0.0002544157
110,0.2974625,0.2856562,0.1642189,0.2523716,0.0002908366
111,0.296369,0.2848527,0.1667717,0.2516867,0.0003198952
112,0.2957611,0.2833659,0.1686456,0.2518833,0.0003441158
113,0.2951792,0.2819206,0.1699949,0.2525415,0.0003638488
114,0.2945501,0.2806928,0.1709734,0.2534039,0.000379718
115,0.2938887,0.2796745,0.171711,0.2543334,0.0003924542
116,0.293171,0.2792805,0.1718804,0.255266,0.0004021269
117,0.2925366,0.2789406,0.171886,0.2562274,0.0004095419
118,0.2919504,0.2787052,0.1717893,0.2571399,0.0004150987
119,0.291408,0.2785939,0.1716203,0.2579586,0.0004191338
120,0.2909159,0.2786128,0.1713943,0.2586551,0.0004219225
121,0.2750189,0.2814895,0.1756493,0.2674054,0.00043692
122,0.2764446,0.2819647,0.1739764,0.2671809,0.0004333497
123,0.2764697,0.2817396,0.1734281,0.267929,0.0004336558
124,0.2762844,0.2821755,0.1729065,0.2681997,0.0004339621
125,0.2760914,0.2827874,0.1724414,0.2682457,0.0004341892
126,0.2759298,0.2833805,0.1720322,0.2682232,0.0004342296
127,0.2757973,0.2839155,0.1716569,0.2681964,0.0004339273
128,0.2756737,0.2843665,0.1713935,0.2681329,0.0004334708
129,0.2755585,0.2847791,0.1711537,0.2680759,0.0004327531
130,0.2754594,0.2851427,0.1709254,0.2680408,0.0004317288
131,0.2753748,0.2854633,0.1707015,0.2680301,0.0004303781
132,0.2753012,0.285752,0.1704763,0.2680418,0.0004287038
133,0.1681994,0.3187094,0.2027244,0.3098563,0.00051044
134,0.1461583,0.3338747,0.2106344,0.3088194,0.0005132923
135,0.1214251,0.339222,0.2203326,0.3185075,0.0005127455
136,0.100072,0.3453369,0.2263881,0.3277107,0.0004923453
137,0.08232278,0.3535045,0.2292957,0.3344192,0.000457834
138,0.06845631,0.3639753,0.2297015,0.3374503,0.000416641
139,0.05865259,0.3760633,0.2283813,0.3365269,0.0003757869
140,0.05291596,0.387568,0.2266324,0.3325426,0.0003408655
141,0.05121983,0.3973714,0.2248809,0.3262132,0.0003147415
142,0.05374354,0.4037428,0.2236742,0.3185407,0.0002988751
143,0.06081828,0.4060426,0.2229884,0.3098576,0.0002930266
144,0.0727261,0.4043458,0.2224699,0.300162,0.0002961503
145,0.112629,0.3853658,0.2113298,0.2903833,0.0002920948
146,0.1576259,0.3651001,0.1998392,0.2771363,0.0002983612
147,0.1983565,0.3444617,0.1930573,0.2638013,0.0003232249
148,0.227805,0.3285623,0.1904083,0.2528622,0.0003620964
149,0.2462636,0.31725,0.1908073,0.245269,0.0004101598
150,0.2569216,0.3093159,0.1929044,0.2403959,0.0004621852
151,0.2627691,0.3036114,0.1957102,0.2373953,0.0005139664
152,0.2657776,0.2992944,0.1986779,0.2356869,0.0005631552
153,0.2670494,0.2958193,0.2015909,0.2349319,0.0006084271
154,0.2671707,0.2928712,0.204369,0.2349398,0.0006492349
155,0.2664343,0.290262,0.2069997,0.2356185,0.000685477
156,0.2649732,0.2878925,0.2094895,0.2369276,0.0007172206
157,0.2327806,0.3002962,0.2278323,0.2382755,0.0008154535
158,0.2047381,0.3055673,0.2543443,0.2344039,0.0009463535
159,0.1732674,0.3174149,0.2740868,0.2341962,0.00103473
160,0.1406661,0.3305126,0.2895381,0.2382005,0.001082724
161,0.108346,0.3429563,0.3017194,0.2458887,0.001089546
162,0.07813711,0.3542585,0.3105698,0.2559813,0.001053251
163,0.05222724,0.3649815,0.3153949,0.266422,0.0009744031
164,0.03235519,0.3764528,0.315592,0.2747398,0.0008603367
165,0.01891512,0.3904438,0.3110754,0.2788395,0.0007260992
166,0.01084321,0.4075456,0.3030554,0.2779644,0.0005913663
167,0.006405585,0.4261333,0.293905,0.2730824,0.0004736074
168,0.004088358,0.443212,0.2861982,0.2661191,0.0003824197
169,0.02079158,0.4708022,0.2564363,0.2516857,0.0002842547
170,0.1044975,0.4283842,0.2317054,0.235184,0.0002290162
171,0.2191211,0.370401,0.2037095,0.2065678,0.0002006745
172,0.2879069,0.3356752,0.1898584,0.1863546,0.0002049322
173,0.3244821,0.3152046,0.1861703,0.1739087,0.0002343736
174,0.3419645,0.3022067,0.1885198,0.1670261,0.0002828192
175,0.3492201,0.2933471,0.1936122,0.1634766,0.0003439722
176,0.3509028,0.2871507,0.1996157,0.161919,0.0004117917
177,0.349751,0.2827976,0.2054778,0.1614925,0.0004811475
178,0.3473324,0.279649,0.2107437,0.1617265,0.0005483864
179,0.3444405,0.2772661,0.2152954,0.1623867,0.0006113172
180,0.3414171,0.2753713,0.2191735,0.1633692,0.0006688518
181,0.3527242,0.2681861,0.2154297,0.1629592,0.0007007422
182,0.3545496,0.2650209,0.2144621,0.1652308,0.0007366317
183,0.3540033,0.262199,0.2150864,0.1679372,0.0007740691
184,0.3521664,0.2599484,0.216471,0.1706034,0.0008107083
185,0.3495888,0.2582285,0.2180869,0.1732513,0.0008444938
186,0.3465419,0.2569574,0.2196047,0.1760223,0.000873777
187,0.3431588,0.2560688,0.2208311,0.1790442,0.0008972206
188,0.3394588,0.2556323,0.2215616,0.1824338,0.0009135133
189,0.3355225,0.2555443,0.2217867,0.1862246,0.0009218795
190,0.3313287,0.2558085,0.2215143,0.1904266,0.0009219266
191,0.3268542,0.2564589,0.2207517,0.1950216,0.0009135293
192,0.3220836,0.2575628,0.2194963,0.1999605,0.0008967906
193,0.3300062,0.2544311,0.212287,0.202426,0.0008496201
194,0.3266947,0.2554988,0.2084967,0.2084969,0.0008129702
195,0.3229897,0.2574511,0.204998,0.2137877,0.0007734396
196,0.3194078,0.2596154,0.2018551,0.218389,0.0007326544
197,0.3161393,0.2619178,0.1989136,0.2223385,0.0006909356
198,0.3132782,0.2643496,0.1960687,0.2256546,0.0006487404
199,0.3108767,0.2669232,0.1932698,0.2283235,0.000606818
200,0.3089819,0.2694964,0.1906342,0.2303213,0.0005663845
201,0.3075637,0.2723867,0.1880086,0.2315129,0.000528104
202,0.3066616,0.2755113,0.1854229,0.2319111,0.0004930032
203,0.3062945,0.2787407,0.1829348,0.2315681,0.000461963
204,0.3064642,0.2818953,0.1806223,0.2305826,0.0004356703
205,0.2958823,0.2967743,0.1824294,0.2244876,0.0004264385
206,0.2877158,0.3042511,0.1882131,0.2193909,0.0004291886
207,0.2841363,0.3088207,0.1913859,0.2152366,0.0004204293
208,0.2827073,0.3128528,0.1923725,0.2116647,0.0004026259
209,0.2826409,0.3171077,0.191716,0.2081558,0.0003795929
210,0.2837298,0.3214626,0.1900376,0.2044143,0.0003556211
211,0.2859793,0.3253895,0.1879298,0.2003669,0.0003344208
212,0.2894786,0.3289247,0.1854004,0.195878,0.0003182132
213,0.2941284,0.3306088,0.1833894,0.1915641,0.0003093339
214,0.2994902,0.3307247,0.1820046,0.1874725,0.0003080476
215,0.3050559,0.3296388,0.1812765,0.1837146,0.0003141794
216,0.3103414,0.3278181,0.1811432,0.1803701,0.0003271515
217,0.3328881,0.3132892,0.1729303,0.1805624,0.0003299582
218,0.3423192,0.3066718,0.1680694,0.1825951,0.0003444637
219,0.347112,0.3000133,0.1672546,0.1852444,0.0003756429
220,0.349268,0.2948837,0.16853,0.1869005,0.0004178126
221,0.3499381,0.2909566,0.1707953,0.1878438,0.00046625
222,0.3497468,0.2879498,0.1733289,0.1884577,0.0005168002
223,0.3490737,0.2856055,0.1757539,0.1890005,0.0005663748
224,0.348134,0.2836988,0.1779208,0.1896331,0.0006132167
225,0.3470336,0.2820068,0.1798427,0.1904605,0.0006563337
226,0.3458055,0.2804003,0.1815657,0.1915331,0.0006953164
227,0.3444488,0.2788028,0.1831439,0.1928743,0.0007301319
228,0.3429516,0.2771709,0.1846234,0.1944932,0.0007609379
229,0.3154324,0.2841873,0.1954595,0.2040928,0.000828105
230,0.3104979,0.2843083,0.1985539,0.2057842,0.0008555316
231,0.3064968,0.2832731,0.2011512,0.2082015,0.0008773304
232,0.3029589,0.2821643,0.2030662,0.2109188,0.0008918478
233,0.2996407,0.2811892,0.2044782,0.2137924,0.000899614
234,0.2964764,0.2804563,0.2054983,0.2166678,0.0009012258
235,0.293477,0.2800727,0.2061681,0.2193851,0.0008971244
236,0.2906798,0.280159,0.2064846,0.221789,0.0008875582
237,0.288121,0.2808837,0.2063998,0.2237227,0.0008728318
238,0.2858728,0.2822754,0.2059062,0.2250921,0.0008535294
239,0.2840163,0.2842665,0.2050318,0.2258549,0.0008304784
240,0.282632,0.2866912,0.2038466,0.2260254,0.000804752
241,0.2408291,0.2954924,0.2163961,0.2464585,0.0008239803
242,0.2368434,0.3024781,0.2122045,0.2477016,0.0007724208
243,0.2361988,0.303196,0.2104643,0.2494008,0.0007400659
244,0.2372952,0.3045058,0.2085949,0.2488908,0.0007133977
245,0.2392811,0.3056183,0.2070485,0.2473594,0.0006926302
246,0.2416598,0.3061569,0.2059575,0.2455484,0.0006772337
247,0.2440912,0.3062081,0.2052539,0.2437806,0.0006661412
248,0.2463704,0.3057017,0.2049804,0.2422887,0.0006588363
249,0.2483391,0.3051607,0.204884,0.2409622,0.0006538486
250,0.2500065,0.3045904,0.2049161,0.2398365,0.000650518
251,0.2513913,0.3040247,0.2050309,0.2389047,0.0006482757
252,0.2525243,0.3034821,0.2051967,0.2381502,0.000646687
253,0.3222354,0.281691,0.1828621,0.2126379,0.0005736262
254,0.3274287,0.2769442,0.1822942,0.212753,0.0005797924
255,0.3281676,0.27734,0.1818655,0.2120419,0.0005850877
256,0.3288496,0.2765776,0.1822349,0.2117445,0.000593372
257,0.3291969,0.275425,0.1829787,0.2117963,0.0006032626
258,0.3291871,0.2742676,0.1838126,0.2121192,0.0006133791
259,0.3288825,0.2732017,0.1846037,0.2126893,0.0006228418
260,0.3283345,0.2722896,0.1852919,0.213453,0.0006311219
261,0.3276279,0.2714424,0.1858765,0.2144154,0.000637988
262,0.3267982,0.2706704,0.1863479,0.2155402,0.0006432617
263,0.3258802,0.2699782,0.1867067,0.216788,0.0006468818
264,0.3249082,0.2693728,0.1869558,0.2181144,0.0006488602
265,0.2405793,0.2971308,0.2171503,0.2443827,0.0007568084
266,0.2228922,0.3062431,0.2267556,0.2433313,0.0007778087
267,0.2049273,0.3111527,0.2357826,0.2473483,0.0007891966
268,0.1892426,0.3164012,0.2414755,0.2521031,0.0007776248
269,0.1756916,0.3225968,0.2444262,0.2565385,0.000746762
270,0.1644814,0.3300247,0.2451387,0.2596528,0.000702409
271,0.1560943,0.33863,0.2439838,0.2606409,0.0006509967
272,0.1511291,0.3480929,0.2411761,0.2590036,0.0005982973
273,0.1501951,0.3563777,0.2376244,0.2552522,0.0005506724
274,0.1534767,0.3622091,0.2339098,0.2498925,0.0005118252
275,0.1607144,0.3648485,0.2304637,0.2434898,0.0004836493
276,0.1711043,0.3644068,0.2275054,0.2365169,0.0004665335
277,0.2113447,0.3548562,0.2161275,0.217226,0.0004455605
278,0.2354342,0.3443251,0.2133715,0.2064176,0.0004516852
279,0.2493173,0.3399278,0.212249,0.1980404,0.0004656409
280,0.2588383,0.3364258,0.2123393,0.1919108,0.000485836
281,0.2657742,0.3333084,0.2130481,0.1873593,0.0005100756
282,0.2709375,0.330472,0.2141006,0.1839531,0.0005369087
283,0.2748018,0.3278672,0.2153671,0.1813986,0.000565273
284,0.2776825,0.3253502,0.2168487,0.1795239,0.0005946375
285,0.2797731,0.3229751,0.2184646,0.1781629,0.0006243282
286,0.2812379,0.320728,0.2201733,0.1772069,0.0006538601
287,0.282199,0.3185997,0.2219426,0.1765758,0.0006828615
288,0.2827471,0.3165824,0.2237476,0.1762118,0.0007110642
289,0.3083832,0.3038108,0.2116122,0.1755128,0.0006810051
290,0.3198314,0.2959751,0.2051703,0.1783497,0.0006734167
291,0.3260047,0.2884642,0.2033246,0.1815195,0.0006870521
292,0.3287126,0.2828602,0.2040151,0.1836982,0.0007139376
293,0.329469,0.2787251,0.2059621,0.1850956,0.0007482436
294,0.3290944,0.2755798,0.2084086,0.1861314,0.000785878
295,0.32801,0.2731028,0.2109428,0.1871201,0.0008241881
296,0.3264086,0.2711111,0.2133758,0.1882433,0.0008611746
297,0.3244399,0.2695031,0.2155849,0.1895765,0.0008957246
298,0.3221723,0.2681943,0.2175402,0.191166,0.000927286
299,0.3196443,0.2671483,0.2192315,0.1930204,0.0009554972
300,0.316886,0.2663552,0.2206539,0.1951247,0.0009800828
301,0.3253587,0.2607687,0.212737,0.2001979,0.0009377854
302,0.3283519,0.2582006,0.2067769,0.2057628,0.0009077826
303,0.3286741,0.2550984,0.204868,0.2104567,0.0009028106
304,0.3273705,0.2532415,0.2047816,0.2136948,0.0009116345
305,0.3252695,0.2520668,0.2055202,0.2162153,0.0009282571
306,0.3227155,0.2512464,0.2065143,0.2185752,0.0009485658
307,0.3198664,0.2506519,0.207454,0.2210579,0.0009697365
308,0.3169504,0.249961,0.2083179,0.2237811,0.0009896051
309,0.3137836,0.2494982,0.2089632,0.2267479,0.001007108
310,0.310468,0.2492507,0.2093357,0.2299241,0.001021382
311,0.3071002,0.249182,0.2094352,0.2332508,0.001031819
312,0.3037659,0.2492515,0.2092891,0.2366555,0.001038011
313,0.2863548,0.2624663,0.215922,0.2341501,0.001106882
314,0.2672743,0.2678879,0.2309804,0.2326353,0.001221947
315,0.25394,0.2710195,0.240128,0.2336252,0.001287334
316,0.2433641,0.272208,0.2459039,0.2372166,0.001307426
317,0.2345566,0.2726007,0.2492907,0.2422687,0.001283306
318,0.2270853,0.2738318,0.2505443,0.2473201,0.001218422
319,0.2206969,0.2781064,0.2493707,0.2507064,0.001119632
320,0.2151628,0.28894,0.244588,0.2503146,0.0009947598
321,0.2110821,0.3051022,0.2369296,0.2460247,0.0008613757
322,0.2094049,0.3235684,0.2276175,0.2386736,0.0007356123
323,0.2112957,0.3394098,0.2185444,0.2301202,0.0006300082
324,0.2173181,0.3490048,0.2111684,0.2219587,0.0005498799
325,0.2403691,0.3489609,0.200321,0.2098832,0.000465785
326,0.2568424,0.3431318,0.1959018,0.2037026,0.0004214821
327,0.2705291,0.3383696,0.1929214,0.1977827,0.0003972383
328,0.2822156,0.3334137,0.191412,0.192569,0.0003896154
329,0.2916664,0.3289294,0.1909446,0.1880647,0.0003947988
330,0.2989081,0.3251248,0.1912259,0.1843313,0.0004098889
331,0.3041923,0.3219719,0.1920253,0.1813782,0.0004325148
332,0.3078327,0.3191271,0.1933372,0.1792422,0.0004607907
333,0.3101841,0.3167822,0.1948392,0.177702,0.000492605
334,0.311606,0.3147501,0.1964391,0.1766781,0.000526565
335,0.3123537,0.3129363,0.1980691,0.1760794,0.0005615037
336,0.3126086,0.3112611,0.1996985,0.1758352,0.0005965456
337,0.3080778,0.3106637,0.2035428,0.1770721,0.0006436738
338,0.3059625,0.3101883,0.2059066,0.1772589,0.0006836276
339,0.3044112,0.3093396,0.2079038,0.1776256,0.0007197725
340,0.3030381,0.3082376,0.2096986,0.1782732,0.0007526006
341,0.3016565,0.3069342,0.211411,0.1792157,0.0007827181
342,0.3001666,0.3054799,0.2131124,0.1804305,0.0008106436
343,0.2985169,0.3039269,0.2148352,0.1818841,0.0008367593
344,0.2966973,0.3025452,0.2163785,0.1835181,0.0008608489
345,0.2947354,0.3011234,0.2179033,0.1853544,0.0008833599
346,0.2926126,0.2997558,0.2194012,0.1873263,0.0009041422
347,0.2903462,0.2985044,0.2208508,0.1893757,0.0009230142
348,0.2879703,0.2974281,0.2222179,0.191444,0.0009397478
349,0.2258244,0.3034938,0.2378702,0.2318401,0.000971441
350,0.2100846,0.3108246,0.2310293,0.2471529,0.0009086665
351,0.2083146,0.3030139,0.2294701,0.2583086,0.00089278
352,0.2108394,0.2980568,0.2282494,0.2619595,0.0008947897
353,0.2138835,0.2949224,0.227848,0.262436,0.0009101228
354,0.2160161,0.2925456,0.2282032,0.2623009,0.0009341488
355,0.2168151,0.2906359,0.2290202,0.2625661,0.000962631
356,0.2162598,0.2892955,0.2299927,0.26346,0.0009919197
357,0.2145661,0.2882401,0.2310339,0.2651398,0.001020026
358,0.2118992,0.2874606,0.2320412,0.2675538,0.001045156
359,0.2084217,0.28692,0.2329677,0.2706247,0.001065987
360,0.2042781,0.2865822,0.2337927,0.2742656,0.0010815
361,0.2462587,0.2865851,0.2191203,0.2469855,0.001050438
362,0.2435374,0.2815111,0.2299548,0.2438476,0.001149082
363,0.2322327,0.2858871,0.2366718,0.2440053,0.001203196
364,0.2216734,0.2882646,0.2415062,0.2473353,0.001220398
365,0.2118563,0.2892074,0.2450092,0.2527235,0.00120349
366,0.2027645,0.2902223,0.2471334,0.2587246,0.001155291
367,0.1945598,0.2929115,0.2475957,0.2638524,0.001080728
368,0.1875269,0.2984066,0.2461837,0.266895,0.0009878388
369,0.1819701,0.3082682,0.2423404,0.2665377,0.0008836434
370,0.1785454,0.3216841,0.2363581,0.2626343,0.0007781897
371,0.1780727,0.3359272,0.2292346,0.2560841,0.0006813862
372,0.1812361,0.3475556,0.2222714,0.2483363,0.0006004405
373,0.1792412,0.3603081,0.2186335,0.2412852,0.0005319525
374,0.1860226,0.3629174,0.2161546,0.234422,0.0004833266
375,0.1961287,0.3620147,0.2138558,0.2275524,0.0004485541
376,0.2077659,0.3594365,0.2116439,0.2207282,0.0004254986
377,0.2196471,0.3560568,0.2096845,0.2141988,0.0004129228
378,0.2308318,0.3523908,0.2081513,0.2082165,0.0004096631
379,0.240721,0.3487615,0.20714,0.202963,0.0004144957
380,0.249052,0.3454221,0.2065869,0.1985129,0.0004260654
381,0.2557686,0.3423463,0.2065157,0.1949262,0.0004431939
382,0.2609576,0.3396021,0.2068355,0.1921402,0.0004645551
383,0.2648189,0.3371965,0.2074406,0.1900552,0.0004888647
384,0.2675914,0.3351006,0.208233,0.1885602,0.0005149397
385,0.275003,0.3306471,0.2077361,0.1860703,0.0005434926
386,0.2776549,0.3285001,0.2083539,0.1849164,0.0005746968
387,0.2787344,0.3270058,0.209255,0.1843992,0.0006055848
388,0.278992,0.3256989,0.2102895,0.1843842,0.0006353765
389,0.2787027,0.3244602,0.2113877,0.1847859,0.0006635604
390,0.2779776,0.3232568,0.2125217,0.1855542,0.0006897879
391,0.2768653,0.3220825,0.213681,0.1866575,0.0007137947
392,0.2753687,0.3207298,0.2150557,0.1881099,0.0007359519
393,0.2734784,0.3194326,0.2165048,0.1898285,0.0007557576
394,0.2712408,0.3181658,0.2180138,0.1918065,0.0007730955
395,0.2686849,0.3169413,0.2195632,0.1940227,0.0007878155
396,0.2658406,0.3157866,0.2211284,0.1964446,0.0007997542
397,0.31709,0.2985989,0.204318,0.1792484,0.0007447675
398,0.3221809,0.2925501,0.2060466,0.1784593,0.0007631226
399,0.3210345,0.2934442,0.2069822,0.1777679,0.0007713574
400,0.3195461,0.293886,0.2078691,0.1779252,0.0007734859
401,0.3179913,0.2938911,0.2086373,0.17871,0.000770255
402,0.3164111,0.2938608,0.2091687,0.1797973,0.0007620922
403,0.314879,0.294034,0.2094114,0.180926,0.0007496145
404,0.3134329,0.2947747,0.2092431,0.1818161,0.000733089
405,0.3122375,0.2958172,0.2087914,0.1824401,0.0007138386
406,0.3113468,0.2971482,0.2080852,0.182727,0.0006927652
407,0.3108086,0.2986772,0.2071805,0.1826628,0.0006708219
408,0.3106527,0.3002825,0.2061453,0.1822706,0.0006489247
409,0.3123091,0.2936632,0.2004594,0.1929683,0.0006000001
410,0.3195847,0.2913555,0.1910712,0.1974397,0.0005488428
411,0.3237004,0.2874246,0.1868591,0.2014871,0.0005288379
412,0.3261564,0.2851318,0.1851711,0.2030133,0.000527336
413,0.3277286,0.2830247,0.1852785,0.2034295,0.0005387249
414,0.3284651,0.2810073,0.1863508,0.2036191,0.0005576832
415,0.328389,0.2792324,0.1877904,0.2040082,0.0005799783
416,0.3276122,0.2777983,0.1891779,0.2048093,0.0006024548
417,0.3262567,0.2766781,0.1903621,0.2060804,0.0006226769
418,0.324448,0.2757878,0.1912871,0.2078382,0.000638918
419,0.3222856,0.2750556,0.1919432,0.2100655,0.000649963
420,0.3198485,0.2744253,0.1923433,0.2127279,0.0006550219
421,0.3062144,0.2760865,0.1969036,0.2201186,0.0006768097
422,0.3029151,0.2767589,0.1968433,0.2228101,0.0006725626
423,0.2994736,0.2763427,0.1969601,0.2265618,0.0006617579
424,0.2961806,0.2760573,0.1966779,0.2304415,0.000642653
425,0.2931414,0.2760051,0.196048,0.2341887,0.0006167572
426,0.290426,0.2762741,0.1951338,0.2375802,0.0005859532
427,0.2880902,0.2769888,0.1939656,0.2404032,0.0005521475
428,0.2861699,0.2783187,0.1925556,0.2424388,0.0005171088
429,0.284694,0.2804905,0.1908511,0.2434819,0.0004823234
430,0.2837108,0.283498,0.1888843,0.2434575,0.0004492479
431,0.2832861,0.2871533,0.1867391,0.2424024,0.0004191483
432,0.2834994,0.2910948,0.1845469,0.2404658,0.0003930564
433,0.1944786,0.3282411,0.2116479,0.2652074,0.0004250916
434,0.1789191,0.3438925,0.2177279,0.259053,0.0004074661
435,0.1629467,0.3502889,0.2259719,0.260401,0.0003916396
436,0.1501855,0.3585797,0.2304223,0.2604481,0.0003643081
437,0.1409976,0.3685411,0.2316687,0.2584622,0.0003304053
438,0.1361216,0.3786997,0.2305784,0.2543046,0.0002957491
439,0.1363147,0.3870802,0.2280791,0.248261,0.0002650491
440,0.1421139,0.3924533,0.2246036,0.2405881,0.0002410271
441,0.1533524,0.3930992,0.2211397,0.2321833,0.0002253351
442,0.1687187,0.3899505,0.2178138,0.2232991,0.0002178055
443,0.1862327,0.3843329,0.2148051,0.2144112,0.000218049
444,0.2037244,0.37761,0.212346,0.2060941,0.0002256408
445,0.1514982,0.3922446,0.2344037,0.2215942,0.0002593666
446,0.1248384,0.4065383,0.2436203,0.2247218,0.0002811583
447,0.1090524,0.4129156,0.2509471,0.2267803,0.0003047009
448,0.09929177,0.4163637,0.2563555,0.2276603,0.0003287938
449,0.09318397,0.4181397,0.2604885,0.2278345,0.0003533602
450,0.08941879,0.4187842,0.2638005,0.2276181,0.000378321
451,0.08720656,0.4186161,0.2665755,0.2271984,0.0004035385
452,0.08601005,0.4176691,0.2691399,0.226752,0.0004290421
453,0.08546983,0.4162716,0.2715143,0.2262898,0.0004545482
454,0.0853504,0.4145216,0.2737797,0.2258684,0.0004799339
455,0.08547599,0.4125155,0.2759845,0.2255189,0.0005050645
456,0.08571477,0.4103351,0.2781603,0.22526,0.0005298126
457,0.218615,0.3593158,0.2333928,0.1881968,0.0004795149
458,0.2872604,0.3247014,0.2150352,0.172519,0.0004838897
459,0.3147969,0.310932,0.2078942,0.1658641,0.0005128096
460,0.3240702,0.3051902,0.2064112,0.1637755,0.0005529923
461,0.3267491,0.301914,0.2071284,0.1636126,0.0005957733
462,0.3266516,0.2995387,0.2087417,0.1644306,0.0006374453
463,0.3251629,0.2975854,0.2107054,0.1658701,0.000676105
464,0.3228436,0.2958515,0.2127964,0.1677982,0.0007104039
465,0.319931,0.2943244,0.2148605,0.1701446,0.0007394422
466,0.3165442,0.2929933,0.2168166,0.1728834,0.0007625252
467,0.3127537,0.291874,0.218603,0.1759903,0.0007790109
468,0.3086426,0.2910145,0.2201086,0.1794461,0.0007883567
469,0.2874202,0.2908011,0.2210685,0.1999438,0.0007664267
470,0.2838233,0.2903867,0.2137844,0.211293,0.000712549
471,0.2835564,0.2840125,0.2109329,0.2208139,0.0006843072
472,0.2828785,0.2805254,0.2095692,0.2263588,0.0006679496
473,0.2816056,0.2787588,0.2092448,0.2297315,0.0006592217
474,0.2798096,0.2777016,0.2095347,0.2322995,0.000654613
475,0.277529,0.2770043,0.2100766,0.2347388,0.0006513516
476,0.2747634,0.2766797,0.210612,0.2372973,0.0006475537
477,0.2715763,0.2767605,0.210981,0.2400403,0.0006418906
478,0.2681021,0.2772296,0.2110894,0.2429454,0.0006335708
479,0.2644854,0.2780334,0.210927,0.2459321,0.0006221871
480,0.2608643,0.2791189,0.2105129,0.2488962,0.0006076837
481,0.3234108,0.2697038,0.1916637,0.2146453,0.0005764573
482,0.2981667,0.2793455,0.2088212,0.2130075,0.0006592097
483,0.2836539,0.2885475,0.2179115,0.2091973,0.0006897871
484,0.2753943,0.2928115,0.2238154,0.2072948,0.0006839634
485,0.2702884,0.2951066,0.2272239,0.2067357,0.0006453547
486,0.2670932,0.2980681,0.2280357,0.2062235,0.0005796735
487,0.264902,0.3046738,0.2257617,0.2041662,0.0004963276
488,0.2629787,0.3184137,0.2193797,0.1988213,0.0004066408
489,0.2617559,0.3372378,0.210196,0.1904858,0.0003244527
490,0.2630627,0.3556897,0.2003335,0.180655,0.000258994
491,0.2690128,0.367206,0.1921989,0.1713686,0.0002136756
492,0.2800084,0.3693854,0.1868575,0.163562,0.0001868305
493,0.2841047,0.3711036,0.1869602,0.1576603,0.000171177
494,0.2971914,0.3647842,0.1870528,0.1508054,0.0001662025
495,0.3100881,0.3579671,0.1875484,0.1442263,0.0001701423
496,0.32109,0.3517676,0.1884705,0.1384902,0.0001817491
497,0.3296504,0.3462476,0.1899768,0.1339249,0.0002003172
498,0.3357547,0.3414198,0.1920522,0.1305482,0.0002250327
499,0.3396973,0.3372692,0.1945641,0.1282145,0.0002547977
500,0.3419047,0.3335584,0.197469,0.1267795,0.000288343
501,0.3428406,0.3304716,0.2004294,0.1259346,0.0003238727
502,0.3429634,0.3278402,0.2033203,0.1255161,0.0003598796
503,0.3425984,0.3255544,0.2060586,0.1253936,0.0003950389
504,0.3419667,0.3235259,0.2086053,0.1254739,0.0004283171
505,0.339582,0.3192472,0.2102937,0.1304108,0.0004662186
506,0.3399163,0.3163633,0.2089346,0.1342936,0.0004921194
507,0.3405358,0.3113735,0.2090794,0.1384911,0.000520181
508,0.3404742,0.3067745,0.2102524,0.1419491,0.0005497144
509,0.3398414,0.3030224,0.2120349,0.1445219,0.000579459
510,0.338861,0.3000391,0.2140932,0.1463986,0.000608083
511,0.3376855,0.2976581,0.216197,0.1478248,0.0006344831
512,0.3364107,0.2958085,0.2181275,0.1489955,0.0006578123
513,0.3350791,0.2943023,0.2198694,0.1500714,0.0006776521
514,0.3336981,0.2930929,0.2213873,0.151128,0.0006936657
515,0.3322735,0.2921482,0.2226673,0.1522054,0.0007057127
516,0.3308089,0.291456,0.2237024,0.153319,0.0007137833
517,0.3199063,0.293902,0.2325713,0.1528577,0.0007627337
518,0.3108376,0.2975318,0.2404293,0.1503998,0.0008015322
519,0.3035668,0.3028353,0.2454004,0.1473774,0.0008201227
520,0.2977906,0.3084237,0.2481169,0.1448486,0.0008202316
521,0.293258,0.3139818,0.2489987,0.1429573,0.0008041078
522,0.28986,0.3193814,0.2484276,0.141556,0.000774981
523,0.2875862,0.3244968,0.2467653,0.1404148,0.0007368162
524,0.28647,0.3291759,0.244347,0.1393133,0.000693863
525,0.2865529,0.333193,0.2415051,0.1380989,0.0006501527
526,0.2878309,0.3363432,0.2385329,0.136684,0.00060902
527,0.2902249,0.3384633,0.2356887,0.1350501,0.0005729249
528,0.2935604,0.3394907,0.2331771,0.1332284,0.0005433933
529,0.303628,0.3380331,0.2300515,0.1277649,0.0005224572
530,0.307617,0.3374542,0.2308086,0.1236041,0.0005161244
531,0.3104804,0.3384027,0.2314473,0.1191575,0.0005120602
532,0.3133055,0.3389748,0.2320853,0.1151239,0.0005104507
533,0.3161651,0.3389944,0.2326669,0.1116624,0.0005110463
534,0.3189964,0.3384718,0.2332324,0.1087856,0.0005138376
535,0.3217075,0.3374798,0.2338506,0.1064433,0.0005188559
536,0.3242286,0.3360671,0.2346072,0.1045709,0.0005262106
537,0.3264675,0.334406,0.2355094,0.1030814,0.000535687
538,0.3283892,0.3326017,0.236559,0.101903,0.0005470164
539,0.3299831,0.3307459,0.2377376,0.1009736,0.0005598517
540,0.3312596,0.3289094,0.2390144,0.1002427,0.0005738047
541,0.3149584,0.3285725,0.2458783,0.1099699,0.0006208452
542,0.3116917,0.3287925,0.2417007,0.1171839,0.0006312683
543,0.313553,0.321627,0.2393106,0.124861,0.0006483289
544,0.3157295,0.3140141,0.2386702,0.1309136,0.0006726901
545,0.3170572,0.3077577,0.239475,0.1350072,0.0007029564
546,0.3174948,0.3030253,0.241194,0.1375493,0.0007366114
547,0.3172418,0.299568,0.2433298,0.1390891,0.0007711424
548,0.3164893,0.2971102,0.2455212,0.1400749,0.0008044453
549,0.3154028,0.2953918,0.2475585,0.1408118,0.0008350954
550,0.3140863,0.2942301,0.2493348,0.1414865,0.000862168
551,0.3126035,0.2934991,0.2508082,0.1422041,0.0008851156
552,0.3109922,0.2931141,0.2519724,0.1430176,0.0009036534
553,0.3304085,0.2868569,0.2454752,0.1363639,0.0008956167
554,0.3328793,0.2846029,0.2473387,0.1342596,0.0009194625
555,0.3319064,0.2860899,0.2485527,0.1325163,0.0009347474
556,0.3303016,0.288302,0.2490241,0.1314314,0.0009407633
557,0.3286668,0.2905822,0.2488226,0.1309903,0.0009381082
558,0.3271323,0.2927964,0.2480766,0.1310667,0.0009279823
559,0.3257248,0.2949337,0.2469244,0.1315053,0.0009118211
560,0.3244507,0.29702,0.2454817,0.1321566,0.000891068
561,0.3233316,0.2990625,0.2438449,0.132894,0.0008671419
562,0.3223868,0.3010675,0.2420872,0.1336171,0.0008413424
563,0.3216414,0.3030216,0.2402688,0.1342535,0.0008148263
564,0.3211203,0.3048926,0.238443,0.1347556,0.0007885991
565,0.3267451,0.3051469,0.2310952,0.1362809,0.0007320286
566,0.3310066,0.303879,0.2254898,0.1389356,0.0006889012
567,0.3338442,0.3018026,0.2219082,0.1417847,0.0006604128
568,0.3356587,0.299958,0.2198284,0.1439113,0.0006435508
569,0.3368667,0.2984335,0.2188377,0.1452266,0.0006355618
570,0.3376835,0.2972089,0.2185597,0.1459139,0.0006339201
571,0.3382158,0.2962507,0.2186983,0.1461986,0.0006365375
572,0.3385273,0.2955205,0.2190447,0.1462656,0.0006418517
573,0.3386647,0.294981,0.2194623,0.1462433,0.0006486442
574,0.3386686,0.2945941,0.2198688,0.1462124,0.0006560361
575,0.3385703,0.2943287,0.2202188,0.1462188,0.0006634102
576,0.3383936,0.2941609,0.2204898,0.1462852,0.0006703467
577,0.3475523,0.2932176,0.216897,0.1416767,0.0006563552
578,0.3483122,0.2921198,0.2185394,0.140366,0.0006626533
579,0.3480964,0.2930578,0.2192469,0.1389338,0.0006650348
580,0.3478323,0.2942044,0.219422,0.1378769,0.0006644665
581,0.3476398,0.29527,0.2192007,0.1372282,0.0006614313
582,0.3475226,0.2962109,0.2187042,0.1369058,0.0006565045
583,0.3474716,0.2970282,0.2180408,0.1368091,0.0006503207
584,0.3474795,0.2977347,0.217294,0.1368485,0.0006434419
585,0.347536,0.2983563,0.216519,0.1369524,0.0006363584
586,0.3476358,0.298907,0.2157553,0.1370724,0.0006294634
587,0.3477739,0.2993981,0.2150275,0.1371774,0.0006230455
588,0.3479448,0.2998374,0.2143503,0.1372502,0.000617305
589,0.342335,0.3040703,0.2140327,0.1389629,0.0005990161
590,0.3429288,0.3037327,0.2126985,0.1400583,0.0005817637
591,0.3436978,0.3028972,0.2117521,0.1410829,0.0005700269
592,0.3443262,0.3021744,0.2111293,0.1418073,0.000562758
593,0.3447922,0.3016078,0.2107864,0.1422546,0.0005590755
594,0.3451087,0.30118,0.2106498,0.1425034,0.000558108
595,0.3452916,0.3008701,0.210647,0.1426323,0.0005590852
596,0.3454021,0.3005767,0.2107487,0.1427112,0.0005613762
597,0.3454015,0.300367,0.2108922,0.1427748,0.0005644771
598,0.3453088,0.3002252,0.2110474,0.1428507,0.0005680167
599,0.3451399,0.3001394,0.211195,0.1429539,0.0005717069
600,0.3449086,0.3001012,0.2113236,0.1430913,0.0005753275
601,0.3456794,0.2985715,0.2091918,0.1459874,0.0005699918
602,0.3474485,0.2972871,0.2061889,0.1485128,0.0005627364
603,0.3484972,0.2948264,0.2048364,0.1512769,0.000563139
604,0.3487563,0.2927472,0.2044744,0.1534533,0.0005687836
605,0.3484936,0.2911832,0.2047173,0.1550281,0.0005777496
606,0.3478892,0.2900644,0.205266,0.1561921,0.0005883464
607,0.3470448,0.2893088,0.2059098,0.1571373,0.000599191
608,0.3459758,0.2889263,0.2064903,0.1579983,0.0006092357
609,0.3447722,0.2887788,0.2069545,0.1588767,0.0006177575
610,0.343459,0.28883,0.2072672,0.1598195,0.0006242305
611,0.3420573,0.2890499,0.2074172,0.1608474,0.0006283261
612,0.3405863,0.2894154,0.2074054,0.161963,0.0006298642
613,0.3330147,0.2940768,0.21143,0.1608343,0.0006441309
614,0.3271046,0.2967691,0.2160684,0.1594005,0.0006573099
615,0.3225272,0.3009935,0.2182864,0.1575371,0.0006559181
616,0.3189999,0.3052165,0.2189226,0.1562182,0.0006427538
617,0.3162518,0.3091736,0.2184395,0.1555148,0.0006202422
618,0.3141492,0.3128282,0.2171858,0.1552458,0.0005911314
619,0.312652,0.3161848,0.2154348,0.15517,0.0005582332
620,0.3117671,0.3192551,0.2133912,0.1550626,0.0005240316
621,0.3115407,0.3220159,0.2112078,0.1547449,0.0004907271
622,0.3120027,0.3243767,0.2090324,0.154128,0.0004601151
623,0.3131481,0.3262414,0.2069887,0.1531884,0.0004334709
624,0.3149233,0.3275315,0.2051786,0.1519549,0.00041159
625,0.3182206,0.3263361,0.2034142,0.1516304,0.0003988277
626,0.3213789,0.3262091,0.2012851,0.150738,0.0003889258
627,0.3246009,0.3249279,0.2001005,0.1499853,0.0003855019
628,0.3276034,0.3233021,0.1996152,0.1490917,0.0003877046
629,0.3302735,0.3215267,0.1997126,0.1480923,0.0003947401
630,0.3325303,0.3197306,0.2002575,0.1470758,0.0004057024
631,0.3343351,0.3180017,0.2011205,0.1461232,0.0004196505
632,0.3356842,0.3164174,0.2021776,0.145285,0.0004356797
633,0.3366352,0.314956,0.2033545,0.1446012,0.0004529593
634,0.3372391,0.3136273,0.2045809,0.144082,0.0004707242
635,0.3375512,0.3124325,0.2058033,0.1437246,0.0004883189
636,0.3376248,0.3113664,0.206984,0.1435196,0.0005052047
637,0.3421647,0.3062811,0.2062892,0.1447404,0.0005246775
638,0.3434488,0.304736,0.2051875,0.1460876,0.0005399879
639,0.3439484,0.3025042,0.2051348,0.1478556,0.0005568746
640,0.3438134,0.3005317,0.2056478,0.149433,0.0005741473
641,0.3432826,0.2989456,0.2064559,0.1507251,0.000590827
642,0.3425072,0.2977208,0.2073679,0.1517981,0.0006060614
643,0.341571,0.2968073,0.2082558,0.1527467,0.0006191598
644,0.3405199,0.2961574,0.2090432,0.1536496,0.0006297985
645,0.3393819,0.2957374,0.2096868,0.1545562,0.000637599
646,0.3381809,0.2955208,0.2101655,0.1554905,0.0006423519
647,0.3369381,0.2954885,0.2104713,0.1564581,0.0006439909
648,0.3356749,0.2956273,0.2106042,0.157451,0.0006425694
649,0.3266641,0.2980658,0.2147093,0.1599032,0.0006575534
650,0.3228379,0.3002407,0.2160486,0.1602143,0.0006584401
651,0.3201885,0.3020918,0.2166372,0.1604298,0.0006527254
652,0.3181999,0.3039251,0.2165545,0.1606792,0.0006411982
653,0.3166927,0.3057373,0.2159751,0.1609695,0.0006254526
654,0.3155973,0.3074987,0.2150622,0.1612348,0.0006070507
655,0.3148941,0.3091723,0.2139475,0.1613987,0.0005874395
656,0.3145697,0.3107347,0.2127296,0.1613978,0.0005680251
657,0.3146244,0.31213,0.2114978,0.161198,0.0005497745
658,0.3150438,0.3133105,0.210322,0.1607902,0.0005334378
659,0.315798,0.3142349,0.2092599,0.1601876,0.0005195553
660,0.3168406,0.3148762,0.2083555,0.1594193,0.0005084699
661,0.322687,0.311089,0.2063081,0.1594101,0.0005057597
662,0.3251368,0.3108971,0.2042132,0.1592495,0.0005033292
663,0.327194,0.3097226,0.2032448,0.1593326,0.0005058479
664,0.3288921,0.3083548,0.2030103,0.1592305,0.000512301
665,0.3302941,0.3069673,0.2032885,0.1589282,0.000521827
666,0.3314255,0.3056376,0.2038975,0.1585058,0.0005334985
667,0.332304,0.3044056,0.2046953,0.1580487,0.0005464362
668,0.3329755,0.3032271,0.2056024,0.157635,0.0005599163
669,0.3334219,0.3021636,0.2065351,0.1573061,0.0005733489
670,0.3336686,0.3012182,0.2074408,0.157086,0.0005862622
671,0.333742,0.3003877,0.2082868,0.1569853,0.000598294
672,0.3336653,0.2996678,0.2090529,0.1570048,0.0006091729
673,0.3317405,0.3042102,0.2110322,0.1524055,0.0006114911
674,0.3284923,0.3045678,0.216671,0.1496415,0.0006273009
675,0.3256975,0.3076241,0.2198117,0.1462348,0.0006318053
676,0.3237076,0.3108972,0.2213748,0.1433929,0.0006275388
677,0.3223896,0.3139015,0.2218086,0.1412842,0.0006161294
678,0.3216294,0.3165181,0.2214563,0.1397967,0.0005995496
679,0.3213558,0.3187196,0.2206021,0.1387426,0.0005798574
680,0.3214995,0.3205739,0.2194433,0.1379244,0.0005590725
681,0.3220581,0.3219897,0.2181947,0.1372185,0.0005388717
682,0.322989,0.3229906,0.2169797,0.1365203,0.0005204434
683,0.3242408,0.3235892,0.2158925,0.1357729,0.0005046296
684,0.3257462,0.3238071,0.2149973,0.1349574,0.0004919498
685,0.3210387,0.3238745,0.2154415,0.1391584,0.0004869204
686,0.3231763,0.3230071,0.2121048,0.1412368,0.0004750727
687,0.3261822,0.3192569,0.2104552,0.1436328,0.0004730403
688,0.3286982,0.3156271,0.2099161,0.1452801,0.0004784936
689,0.3305809,0.3124739,0.2102739,0.1461814,0.000489898
690,0.3318459,0.3098345,0.2112443,0.1465698,0.0005055217
691,0.3325489,0.3076852,0.2125582,0.146684,0.0005237241
692,0.332798,0.3059183,0.2140298,0.146711,0.0005429004
