EwEVersion,"6.5.13829.0 (compiled 2016-05-17)"
Date,"2016-09-06 16:58:41"
ModelName,Baltic_Proper-SEALS
EcosimScenario,Proper1_SealVuln100_19742100_seal1_cofF03
TimeSeries,new_data_weights_19742100_BAU_WAR1_codF03_seal100
StartYear,1974

Data,"Prey of Acartia sp"

TimeStep,"Cyanobacteria","Phytoplankton","microzooplankton","Detritus-water column",
1,0.04394565,0.4587057,0.1890948,0.3082538
2,0.04065175,0.4814015,0.1915262,0.2864206
3,0.03890169,0.4892607,0.1962595,0.2755782
4,0.03794188,0.4911174,0.2007448,0.2701958
5,0.0374104,0.4906536,0.2042705,0.2676655
6,0.03711491,0.4894504,0.206808,0.2666267
7,0.03694871,0.4881553,0.2085525,0.2663436
8,0.03685171,0.4869973,0.2097356,0.2664154
9,0.03679014,0.4860257,0.2105572,0.266627
10,0.03674531,0.4852207,0.2111675,0.2668664
11,0.03670709,0.4845434,0.2116713,0.2670782
12,0.03667014,0.4839561,0.212137,0.2672367
13,0.03723703,0.47719,0.213836,0.271737
14,0.03760065,0.4737921,0.2139589,0.2746484
15,0.03780522,0.4721584,0.2137521,0.2762842
16,0.03790589,0.4713916,0.2135984,0.2771042
17,0.03794045,0.4710136,0.213635,0.277411
18,0.03793459,0.4707833,0.2138752,0.277407
19,0.0379053,0.4705903,0.2142792,0.2772252
20,0.03786375,0.4703922,0.2147903,0.2769538
21,0.03781743,0.4701794,0.2153495,0.2766536
22,0.03777155,0.4699568,0.2159024,0.2763692
23,0.03772985,0.4697342,0.2164015,0.2761345
24,0.03769502,0.4695218,0.2168079,0.2759753
25,0.03426526,0.5040089,0.2107146,0.2510113
26,0.03236579,0.5160367,0.2140065,0.2375909
27,0.03137812,0.5193012,0.2180539,0.2312668
28,0.03084611,0.5193328,0.2214599,0.2283612
29,0.03056454,0.5183072,0.2238341,0.2272941
30,0.03041968,0.5170907,0.2252951,0.2271945
31,0.03034733,0.5159852,0.2260927,0.2275748
32,0.03031155,0.5150592,0.2264635,0.2281659
33,0.03029262,0.5142942,0.2265885,0.2288246
34,0.03027974,0.5136489,0.2265973,0.2294741
35,0.03026743,0.5130824,0.226572,0.2300782
36,0.03025313,0.5125634,0.2265615,0.230622
37,0.03094405,0.5038384,0.2288121,0.2364055
38,0.03138728,0.49967,0.2287515,0.2401912
39,0.03164776,0.4977755,0.2280982,0.2424787
40,0.03178926,0.4969531,0.2274489,0.2438088
41,0.03185616,0.4965828,0.227014,0.244547
42,0.03187812,0.4963667,0.2268225,0.2449326
43,0.03187415,0.4961762,0.2268329,0.2451169
44,0.03185602,0.495965,0.2269864,0.2451926
45,0.0318309,0.4957247,0.2272288,0.2452156
46,0.03180354,0.4954616,0.22751,0.2452248
47,0.03177688,0.4951869,0.2277915,0.2452447
48,0.03175272,0.494911,0.2280445,0.2452917
49,0.03247744,0.4859544,0.2305451,0.2510231
50,0.03295469,0.48169,0.2305834,0.2547719
51,0.03324689,0.4798281,0.2298992,0.2570257
52,0.03342063,0.4791374,0.2290812,0.2583606
53,0.0335222,0.4789712,0.2283447,0.2591618
54,0.03358248,0.4790098,0.2277284,0.2596794
55,0.03362081,0.4791077,0.2272067,0.2600648
56,0.0336486,0.479207,0.2267407,0.2604037
57,0.03367214,0.4792896,0.2262989,0.2607394
58,0.03369404,0.4793537,0.2258677,0.2610846
59,0.03371528,0.4794017,0.2254436,0.2614395
60,0.0337359,0.4794365,0.2250301,0.2617976
61,0.03403205,0.4756459,0.2262464,0.2640757
62,0.03421653,0.4737741,0.2265789,0.2654304
63,0.03434255,0.4728589,0.2264214,0.2663772
64,0.03442529,0.4724514,0.226107,0.2670164
65,0.03447981,0.4722949,0.2257632,0.2674621
66,0.03451665,0.4722536,0.2254368,0.2677929
67,0.03454266,0.4722598,0.2251405,0.2680571
68,0.03456198,0.4722808,0.2248749,0.2682823
69,0.03457702,0.4723022,0.2246384,0.2684824
70,0.03458934,0.4723181,0.2244262,0.2686663
71,0.03459973,0.4723272,0.2242356,0.2688375
72,0.0346086,0.4723295,0.2240653,0.2689967
73,0.03262585,0.4942941,0.2193491,0.253731
74,0.03146603,0.5027468,0.2207093,0.2450779
75,0.03081843,0.5054563,0.2231152,0.24061
76,0.03045456,0.5058123,0.2253386,0.2383945
77,0.03025031,0.5053021,0.2270411,0.2374064
78,0.03013469,0.5045592,0.2282381,0.2370681
79,0.03006675,0.5038275,0.2290534,0.2370524
80,0.03002316,0.5031803,0.2296201,0.2371765
81,0.02999083,0.5026217,0.2300463,0.2373412
82,0.02996263,0.5021331,0.2304095,0.2374947
83,0.02993486,0.5016928,0.2307602,0.2376121
84,0.02990571,0.5012829,0.2311281,0.2376832
85,0.02994863,0.5009331,0.2305879,0.2385304
86,0.02998151,0.5007853,0.2299438,0.2392894
87,0.02997912,0.5007199,0.2296602,0.2396408
88,0.02996028,0.5006287,0.2296225,0.2397886
89,0.02993155,0.5004871,0.2297792,0.2398022
90,0.02989605,0.500297,0.2300906,0.2397164
91,0.02985552,0.5000683,0.2305242,0.239552
92,0.02981114,0.499812,0.2310522,0.2393246
93,0.02976395,0.4995384,0.2316494,0.2390482
94,0.02971507,0.4992559,0.2322905,0.2387386
95,0.02966595,0.4989716,0.2329481,0.2384144
96,0.02961832,0.4986922,0.2335918,0.2380978
97,0.0291209,0.5041299,0.2324661,0.2342831
98,0.02881161,0.5062944,0.2328281,0.2320659
99,0.02862099,0.5069795,0.2335572,0.2308423
100,0.02850849,0.5070236,0.234192,0.2302758
101,0.02844643,0.506831,0.2345869,0.2301356
102,0.02841712,0.5065819,0.2347261,0.2302749
103,0.02840916,0.506346,0.2346461,0.2305987
104,0.02841504,0.5061422,0.2344002,0.2310426
105,0.02842966,0.505967,0.2340426,0.2315608
106,0.0284492,0.50581,0.2336242,0.2321166
107,0.02847075,0.5056607,0.2331878,0.2326808
108,0.02849211,0.5055108,0.2327669,0.2332302
109,0.02939289,0.4947212,0.2349527,0.2409333
110,0.03000434,0.4897247,0.2341205,0.2461506
111,0.03038484,0.4876832,0.2326201,0.2493119
112,0.03061501,0.4870412,0.2311705,0.2511733
113,0.03074966,0.4869916,0.230033,0.2522256
114,0.03082581,0.4871421,0.2292393,0.2527928
115,0.03086722,0.4873196,0.2287346,0.2530786
116,0.03088859,0.4874608,0.2284439,0.2532068
117,0.03089865,0.4875526,0.2282994,0.2532494
118,0.03090241,0.4876008,0.2282501,0.2532467
119,0.0309028,0.4876167,0.2282592,0.2532213
120,0.03090148,0.487611,0.2283013,0.2531862
121,0.03058375,0.4911259,0.2277655,0.2505249
122,0.03037749,0.4925514,0.2282619,0.2488091
123,0.03025803,0.4929927,0.228872,0.2478772
124,0.0301883,0.4930174,0.2294167,0.2473776
125,0.03014807,0.4928878,0.229835,0.2471291
126,0.03012499,0.4927207,0.2301311,0.2470232
127,0.03011155,0.492563,0.2303305,0.246995
128,0.03010338,0.4924285,0.230461,0.2470072
129,0.03009798,0.4923175,0.2305456,0.2470389
130,0.03009398,0.492226,0.2306007,0.2470793
131,0.03009066,0.4921491,0.2306378,0.2471224
132,0.03008758,0.4920832,0.2306641,0.2471651
133,0.03245622,0.4607641,0.2410466,0.2657331
134,0.03410712,0.4439659,0.2441227,0.2778043
135,0.03522213,0.4355257,0.2438833,0.285369
136,0.0359205,0.431752,0.2428016,0.2895258
137,0.03633386,0.430389,0.2418065,0.2914706
138,0.03656865,0.4301667,0.2411319,0.2921327
139,0.03670168,0.4304276,0.240712,0.2921587
140,0.03678399,0.4308632,0.2403916,0.2919613
141,0.03684702,0.4313464,0.240024,0.2917826
142,0.03690948,0.4318347,0.2394982,0.2917576
143,0.03698117,0.4323211,0.2387499,0.2919478
144,0.03706646,0.4328104,0.2377527,0.2923705
145,0.03392564,0.4711135,0.2270038,0.2679571
146,0.03223823,0.4863746,0.2258536,0.2555336
147,0.03135712,0.4923238,0.2266227,0.2496963
148,0.03089502,0.4943737,0.2275913,0.24714
149,0.0306543,0.4948366,0.2283037,0.2462054
150,0.0305302,0.4947129,0.2287172,0.2460396
151,0.03046653,0.4944166,0.2289086,0.2462083
152,0.03043335,0.4941018,0.228968,0.2464967
153,0.03041476,0.4938136,0.228968,0.2468036
154,0.0304024,0.4935559,0.2289586,0.2470831
155,0.03039188,0.4933197,0.228972,0.2473164
156,0.0303809,0.4930947,0.2290272,0.2474971
157,0.03591325,0.4244441,0.2478697,0.2917729
158,0.0406526,0.3798555,0.2510134,0.3284785
159,0.04437871,0.3521961,0.2476687,0.3557565
160,0.04711461,0.3361144,0.2424283,0.3743427
161,0.0489948,0.3275612,0.2376478,0.3857963
162,0.05020374,0.3236247,0.2342333,0.3919383
163,0.05092917,0.322316,0.2322779,0.3944769
164,0.05133396,0.3223678,0.2314841,0.3948141
165,0.05154479,0.3230414,0.2314225,0.3939913
166,0.05165258,0.3239493,0.2316742,0.3927239
167,0.05171857,0.3249122,0.2318972,0.391472
168,0.05178119,0.3258604,0.231853,0.3905054
169,0.04780003,0.3701906,0.222041,0.3599684
170,0.04542416,0.3920171,0.2198949,0.3426638
171,0.04434928,0.4023005,0.2170714,0.3362788
172,0.04383363,0.4077516,0.2142759,0.3341389
173,0.04357368,0.4107883,0.2120822,0.3335558
174,0.04345281,0.4125622,0.2103499,0.3336352
175,0.04340394,0.4136642,0.2090256,0.3339062
176,0.04339028,0.4144007,0.2080569,0.3341521
177,0.04339276,0.41493,0.207381,0.3342963
178,0.04340214,0.4153341,0.2069343,0.3343294
179,0.04341395,0.4156577,0.2066617,0.3342667
180,0.04342597,0.4159269,0.2065204,0.3341268
181,0.04220776,0.4297152,0.2033052,0.3247718
182,0.04142166,0.4365282,0.2032195,0.3188306
183,0.04093865,0.4397061,0.2041139,0.3152414
184,0.04064674,0.4410425,0.2052236,0.3130871
185,0.04047211,0.4414963,0.2062549,0.3117767
186,0.04036735,0.4415626,0.2071298,0.3109403
187,0.04030268,0.4414856,0.2078602,0.3103514
188,0.04025964,0.4413771,0.2084888,0.3098744
189,0.04022697,0.4412822,0.2090618,0.3094291
190,0.04019806,0.4412135,0.209618,0.3089705
191,0.040169,0.44117,0.2101873,0.3084736
192,0.04013759,0.4411464,0.2107908,0.3079252
193,0.03938427,0.4492302,0.20938,0.3020055
194,0.03888844,0.4530814,0.2099059,0.2981242
195,0.03856783,0.454784,0.2110558,0.2955923
196,0.03836002,0.4554161,0.2123172,0.2939067
197,0.03822276,0.4555539,0.2134893,0.2927341
198,0.03812899,0.4554916,0.214511,0.2918684
199,0.03806204,0.4553716,0.2153777,0.2911885
200,0.03801207,0.4552572,0.2161031,0.2906276
201,0.03797362,0.4551719,0.216702,0.2901525
202,0.037944,0.455121,0.2171839,0.2897511
203,0.03792201,0.4551025,0.217554,0.2894214
204,0.03790721,0.4551122,0.2178153,0.2891653
205,0.04102196,0.4205552,0.2261108,0.312312
206,0.04337997,0.400734,0.2266718,0.3292142
207,0.04503699,0.3900585,0.2245035,0.3404011
208,0.04614292,0.384894,0.2216782,0.3472849
209,0.04685022,0.3828491,0.2190982,0.3512024
210,0.04729102,0.3824322,0.2170216,0.3532552
211,0.04756682,0.3827732,0.2154065,0.3542535
212,0.04774882,0.3834043,0.2141051,0.3547418
213,0.04788288,0.3840981,0.212967,0.355052
214,0.04799434,0.384764,0.2118974,0.3553441
215,0.04809593,0.3853748,0.2108496,0.3556796
216,0.04819249,0.3859303,0.2098161,0.3560611
217,0.0444019,0.4265579,0.2007575,0.3282827
218,0.04215796,0.4448633,0.2005583,0.3124205
219,0.0408973,0.452602,0.2025163,0.3039844
220,0.04019001,0.4554935,0.2047272,0.2995893
221,0.03979816,0.4562407,0.2065609,0.2974003
222,0.03958561,0.4561232,0.2078972,0.2963939
223,0.03947352,0.4557269,0.2088017,0.2959979
224,0.03941623,0.4552997,0.2093888,0.2958952
225,0.03938761,0.4549302,0.2097674,0.2959149
226,0.03937286,0.4546363,0.2100241,0.2959667
227,0.03936382,0.4544089,0.2102212,0.2960061
228,0.03935617,0.4542307,0.2104005,0.2960126
229,0.03995072,0.4470217,0.2128022,0.3002254
230,0.04033847,0.4432622,0.2136257,0.3027736
231,0.0405843,0.4413554,0.2138122,0.3042481
232,0.04072959,0.4404526,0.2138425,0.3049753
233,0.04080802,0.4400588,0.2139137,0.3052195
234,0.04084403,0.4399018,0.2140857,0.3051685
235,0.04085436,0.4398416,0.2143553,0.3049488
236,0.04085008,0.4398125,0.2146947,0.3046428
237,0.04083842,0.4397883,0.2150692,0.304304
238,0.04082406,0.4397626,0.2154456,0.3039679
239,0.04081006,0.4397377,0.2157943,0.3036579
240,0.04079837,0.4397193,0.2160923,0.30339
241,0.03941545,0.4533569,0.2144177,0.29281
242,0.03852858,0.4592964,0.2160836,0.2860913
243,0.03802151,0.4614986,0.2180271,0.2824528
244,0.03773433,0.4620655,0.2196585,0.2805417
245,0.03757743,0.4619823,0.2208086,0.2796317
246,0.0374963,0.461702,0.2215129,0.2792889
247,0.03745779,0.4614144,0.2218748,0.2792529
248,0.03744205,0.4611842,0.222004,0.2793698
249,0.03743748,0.4610203,0.2219916,0.2795506
250,0.03743787,0.4609105,0.2219017,0.2797499
251,0.03743987,0.4608385,0.2217773,0.2799444
252,0.03744184,0.4607895,0.221645,0.2801237
253,0.03701458,0.4670106,0.2183571,0.2776179
254,0.0367603,0.4701749,0.2166327,0.2764321
255,0.03658446,0.471807,0.2159385,0.2756701
256,0.03647088,0.4725723,0.2156799,0.275277
257,0.0363985,0.4728763,0.2156095,0.2751157
258,0.03635172,0.4729447,0.2156204,0.2750832
259,0.03632018,0.4728971,0.2156696,0.2751132
260,0.03629728,0.4727947,0.2157422,0.2751659
261,0.03627901,0.4726676,0.2158346,0.2752189
262,0.03626298,0.4725296,0.2159467,0.2752607
263,0.03624786,0.472387,0.2160788,0.2752864
264,0.03623297,0.4722424,0.2162298,0.2752949
265,0.03910712,0.4384776,0.2261481,0.2962672
266,0.04118544,0.41945,0.2287629,0.3106017
267,0.04261626,0.4092575,0.2282915,0.3198346
268,0.04353463,0.4042746,0.2270314,0.3251594
269,0.0440877,0.4021545,0.2259317,0.327826
270,0.04440151,0.4014815,0.2252552,0.3288617
271,0.04457221,0.4014654,0.224939,0.3290235
272,0.04466757,0.4017049,0.2247987,0.3288289
273,0.04473221,0.4020225,0.2246373,0.3286081
274,0.04479261,0.4023567,0.2243058,0.3285448
275,0.04486253,0.4026978,0.2237179,0.3287218
276,0.04494656,0.4030536,0.2228525,0.3291473
277,0.04595355,0.3946252,0.2228185,0.3366027
278,0.04673137,0.3903038,0.2205839,0.3423809
279,0.04727784,0.3884175,0.2179711,0.3463336
280,0.04765482,0.3878821,0.2154896,0.3489734
281,0.04791246,0.3880388,0.2133472,0.3507016
282,0.04808892,0.388505,0.2115899,0.3518162
283,0.04821148,0.3890723,0.2101898,0.3525264
284,0.04829873,0.3896357,0.2090931,0.3529725
285,0.04836289,0.3901496,0.2082431,0.3532445
286,0.04841182,0.3905995,0.2075887,0.3533999
287,0.04845046,0.3909866,0.2070882,0.3534748
288,0.04848189,0.3913181,0.2067086,0.3534915
289,0.04485465,0.429117,0.1986345,0.3273938
290,0.04268105,0.4461998,0.1987989,0.3123203
291,0.04143657,0.4533905,0.2010282,0.3041448
292,0.04072195,0.4560088,0.2034925,0.2997768
293,0.04031306,0.4565971,0.2055723,0.2975176
294,0.04008044,0.4563657,0.2071431,0.2964107
295,0.03994823,0.4558712,0.2082675,0.2959131
296,0.03987186,0.4553498,0.2090606,0.2957177
297,0.03982534,0.4548864,0.2096342,0.295654
298,0.03979394,0.4544976,0.2100768,0.2956316
299,0.03976938,0.454174,0.2104526,0.295604
300,0.03974718,0.4538989,0.2108045,0.2955495
301,0.03660068,0.4870047,0.2037549,0.2726398
302,0.03481308,0.499851,0.2052123,0.2601237
303,0.03380862,0.5041699,0.2084697,0.2535517
304,0.03323407,0.5049211,0.2116938,0.2501509
305,0.03290128,0.5042995,0.2143262,0.2484731
306,0.03270474,0.5032614,0.2163126,0.2477212
307,0.03258415,0.5021947,0.217771,0.2474502
308,0.03250508,0.5012304,0.2188515,0.247413
309,0.03244809,0.5003915,0.2196842,0.2474762
310,0.03240225,0.4996614,0.2203685,0.2475678
311,0.03236177,0.4990135,0.220971,0.2476537
312,0.03232377,0.4984241,0.221532,0.2477202
313,0.0364983,0.4493338,0.2348036,0.2793644
314,0.03979826,0.4202212,0.2363479,0.3036326
315,0.04217902,0.4040702,0.2335768,0.320174
316,0.04377762,0.3959703,0.2298252,0.3304269
317,0.04477637,0.3925112,0.2266485,0.336064
318,0.04535578,0.3914846,0.2245249,0.3386346
319,0.04566669,0.3915779,0.2233787,0.3393767
320,0.04582205,0.39209,0.2229019,0.3391861
321,0.04590038,0.3926977,0.2227328,0.3386692
322,0.04595123,0.3932885,0.2225679,0.3381924
323,0.04600332,0.3938467,0.2221952,0.3379548
324,0.04607049,0.3943906,0.2215045,0.3380344
325,0.04578428,0.3991159,0.2192588,0.335841
326,0.04564286,0.4019319,0.2174969,0.3349285
327,0.04559156,0.4037228,0.2159337,0.3347519
328,0.04559827,0.4049387,0.2144356,0.3350274
329,0.04563681,0.4058345,0.2130073,0.3355214
330,0.0456894,0.4065443,0.2116891,0.3360772
331,0.04574519,0.4071345,0.2105176,0.3366027
332,0.04579815,0.4076372,0.2095145,0.3370502
333,0.04584538,0.4080687,0.2086853,0.3374006
334,0.04588637,0.4084375,0.2080182,0.3376579
335,0.04592143,0.4087507,0.2074954,0.3378325
336,0.04595118,0.4090157,0.2070966,0.3379364
337,0.04626461,0.406183,0.2075203,0.3400321
338,0.04648243,0.404733,0.2074276,0.341357
339,0.04662809,0.404057,0.2071915,0.3421234
340,0.0467228,0.4038053,0.206966,0.342506
341,0.04678264,0.4037717,0.2068131,0.3426326
342,0.04681904,0.4038395,0.2067511,0.3425905
343,0.0468397,0.4039459,0.2067783,0.3424361
344,0.04684974,0.4040591,0.2068852,0.342206
345,0.04685253,0.4041644,0.2070599,0.3419232
346,0.04685006,0.4042565,0.2072929,0.3416006
347,0.04684376,0.404334,0.2075747,0.3412475
348,0.04683467,0.4043975,0.2078961,0.3408717
349,0.04027123,0.4690305,0.1978007,0.2928976
350,0.03683443,0.4914953,0.2032102,0.26846
351,0.03507757,0.4982239,0.2100126,0.2566859
352,0.03413469,0.4991726,0.2158081,0.2508846
353,0.03362129,0.4981385,0.220095,0.2481452
354,0.0333398,0.4966285,0.2230387,0.2469931
355,0.03318276,0.4951945,0.2249836,0.2466392
356,0.03309072,0.4939899,0.2262623,0.2466571
357,0.03303104,0.4930127,0.2271354,0.2468208
358,0.03298608,0.4922125,0.227787,0.2470144
359,0.0329467,0.4915338,0.2283365,0.247183
360,0.03290838,0.4909314,0.2288563,0.2473039
361,0.03649798,0.4502572,0.2387431,0.2745017
362,0.0392922,0.4270767,0.2383484,0.2952828
363,0.04123825,0.414866,0.2349075,0.3089883
364,0.04250168,0.409186,0.23108,0.3172322
365,0.0432633,0.4070744,0.2280457,0.3216165
366,0.04368545,0.4067036,0.2261073,0.3235036
367,0.0438957,0.4070447,0.2251346,0.323925
368,0.04398507,0.4075835,0.2248355,0.3235959
369,0.04401453,0.4081064,0.2248958,0.3229832
370,0.04402346,0.4085564,0.225036,0.3223841
371,0.04403568,0.4089465,0.2250439,0.3219739
372,0.04406404,0.409312,0.2247832,0.3218407
373,0.04458143,0.4046211,0.2254834,0.3253141
374,0.04496875,0.4023533,0.2247896,0.3278884
375,0.04525993,0.4014495,0.2234531,0.3298374
376,0.04548455,0.4013106,0.2218253,0.3313796
377,0.04566337,0.4015799,0.2201026,0.3326541
378,0.04580951,0.4020502,0.2184043,0.333736
379,0.04593088,0.402602,0.2168068,0.3346603
380,0.04603238,0.4031675,0.2153571,0.3354431
381,0.04611732,0.4037085,0.2140802,0.336094
382,0.04618802,0.4042057,0.2129864,0.3366199
383,0.04624661,0.4046498,0.2120722,0.3370315
384,0.04629502,0.4050385,0.2113247,0.3373418
385,0.04643116,0.4045401,0.2107133,0.3383155
386,0.04653315,0.4044066,0.2100598,0.3390005
387,0.04660359,0.4044699,0.2095172,0.3394093
388,0.04665191,0.4046187,0.2091035,0.3396259
389,0.04668473,0.4047938,0.2088141,0.3397074
390,0.04670644,0.4049661,0.2086366,0.3396908
391,0.04671983,0.4051232,0.208558,0.3395989
392,0.04672655,0.4052611,0.2085681,0.3394443
393,0.04672752,0.4053794,0.2086596,0.3392334
394,0.04672356,0.4054789,0.2088247,0.3389728
395,0.0467152,0.4055612,0.209057,0.3386667
396,0.04670287,0.405628,0.2093504,0.3383186
397,0.04775369,0.3962279,0.2099278,0.3460907
398,0.04852374,0.3912599,0.2085325,0.3516839
399,0.04900916,0.3889968,0.2070738,0.3549201
400,0.04930168,0.3881885,0.2058846,0.3566252
401,0.04946727,0.3881043,0.2050693,0.3573591
402,0.04955293,0.3883353,0.2046057,0.357506
403,0.04959092,0.3886677,0.2044194,0.3573219
404,0.04960252,0.3890013,0.2044242,0.356972
405,0.04960138,0.3892981,0.2045402,0.3565605
406,0.04959577,0.3895515,0.2047037,0.356149
407,0.04959062,0.3897689,0.2048666,0.3557739
408,0.04958865,0.3899615,0.2049951,0.3554547
409,0.04477697,0.4377849,0.19633,0.3211082
410,0.04201684,0.457897,0.1979892,0.302097
411,0.04050843,0.4656555,0.2015145,0.2923215
412,0.03967173,0.4681129,0.2048677,0.2873477
413,0.0392091,0.4683803,0.2074627,0.284948
414,0.03895562,0.467855,0.2092783,0.2839111
415,0.03881734,0.4671392,0.2104785,0.2835649
416,0.0387405,0.4664659,0.2112559,0.2835378
417,0.0386946,0.4659018,0.211774,0.2836295
418,0.03866274,0.4654467,0.2121541,0.2837365
419,0.03863574,0.4650781,0.2124778,0.2838083
420,0.03860888,0.4647706,0.2127968,0.2838237
421,0.03881691,0.4617479,0.21402,0.2854152
422,0.0389352,0.4601347,0.214662,0.2862681
423,0.03899593,0.4592511,0.2150771,0.2866758
424,0.03901557,0.4587555,0.2154638,0.286765
425,0.0390085,0.4584527,0.2158881,0.2866507
426,0.03898532,0.4582398,0.2163573,0.2864175
427,0.03895353,0.4580671,0.216853,0.2861264
428,0.03891848,0.4579132,0.2173468,0.2858216
429,0.0388841,0.4577712,0.217808,0.2855367
430,0.03885338,0.4576412,0.2182064,0.2852991
431,0.0388285,0.4575261,0.2185161,0.2851293
432,0.03881097,0.4574294,0.2187178,0.2850419
433,0.04166179,0.4252152,0.2279732,0.3051498
434,0.04371355,0.4069639,0.2305253,0.3187972
435,0.04513976,0.3970652,0.2300514,0.3277436
436,0.04606671,0.3921497,0.2287365,0.3330471
437,0.04664407,0.3900093,0.2274024,0.3359443
438,0.04699928,0.3893063,0.2262497,0.3374447
439,0.04722828,0.3892895,0.225203,0.3382792
440,0.04739677,0.3895719,0.2241021,0.3389291
441,0.04754489,0.3899762,0.2228089,0.3396699
442,0.04769132,0.3904351,0.2212723,0.3406012
443,0.04784075,0.3909266,0.2195229,0.3417098
444,0.04798945,0.3914424,0.2176538,0.3429144
445,0.04810433,0.3905739,0.2180052,0.3433166
446,0.04814836,0.3901384,0.218597,0.3431163
447,0.04819515,0.3898277,0.218924,0.3430532
448,0.04824014,0.3896191,0.2190882,0.3430526
449,0.04828344,0.3894843,0.2191362,0.343096
450,0.04832513,0.3894031,0.2191011,0.3431707
451,0.04836516,0.3893612,0.2190083,0.3432654
452,0.04840318,0.3893483,0.2188792,0.3433693
453,0.04843884,0.3893567,0.2187319,0.3434726
454,0.04847206,0.3893798,0.2185777,0.3435703
455,0.04850282,0.3894131,0.2184255,0.3436587
456,0.04853106,0.3894529,0.2182814,0.3437347
457,0.04826688,0.395202,0.2136683,0.3428627
458,0.04823048,0.3987448,0.2090845,0.3439402
459,0.04818168,0.4012407,0.2060485,0.3445291
460,0.04812906,0.4029965,0.2040943,0.3447802
461,0.04807958,0.4042031,0.2028896,0.3448277
462,0.04803624,0.405009,0.2021981,0.3447567
463,0.04799895,0.4055312,0.2018596,0.3446103
464,0.04796601,0.4058582,0.2017698,0.3444059
465,0.04793521,0.4060545,0.2018627,0.3441477
466,0.04790449,0.4061644,0.2020973,0.3438339
467,0.04787213,0.4062179,0.2024484,0.3434615
468,0.04783642,0.4062332,0.2029071,0.3430233
469,0.04269935,0.4562595,0.194804,0.3062371
470,0.03982197,0.47576,0.1981691,0.286249
471,0.03826614,0.4824496,0.2032558,0.2760285
472,0.03739819,0.483943,0.2079197,0.2707391
473,0.03690719,0.4834475,0.2115852,0.2680601
474,0.03662569,0.4823396,0.2142676,0.2667671
475,0.03645981,0.4811778,0.2161728,0.2661896
476,0.0363563,0.480154,0.2175309,0.2659587
477,0.03628527,0.4793047,0.2185339,0.2658761
478,0.03623019,0.4786071,0.2193241,0.2658386
479,0.03618252,0.4780244,0.2199938,0.2657992
480,0.03613814,0.4775231,0.2205975,0.2657412
481,0.04145119,0.4200887,0.2336592,0.3048008
482,0.04588025,0.3837348,0.2337495,0.3366354
483,0.04922096,0.3619214,0.2294731,0.3593845
484,0.05158052,0.3498181,0.2242269,0.3743745
485,0.05313377,0.3438555,0.2197281,0.3832825
486,0.0540822,0.3415057,0.2165564,0.3878558
487,0.05461669,0.3410764,0.2146532,0.3896537
488,0.05489712,0.3415202,0.2136531,0.3899296
489,0.05504591,0.3422529,0.2130868,0.3896144
490,0.05514722,0.3429992,0.2125291,0.3893245
491,0.05525273,0.3436628,0.2116676,0.3894169
492,0.05538685,0.3442406,0.2103417,0.3900308
493,0.05634274,0.3368981,0.2102267,0.3965325
494,0.05712048,0.3326749,0.2083422,0.4018625
495,0.05773298,0.3304361,0.2057243,0.4061067
496,0.05820544,0.3294523,0.2029372,0.409405
497,0.05856414,0.3292252,0.2002983,0.4119124
498,0.05883295,0.3294223,0.1979721,0.4137727
499,0.05903247,0.3298279,0.1960232,0.4151164
500,0.05917963,0.3303089,0.1944558,0.4160556
501,0.05928798,0.3307883,0.1932385,0.4166852
502,0.05936852,0.3312248,0.1923182,0.4170884
503,0.05942948,0.3316023,0.1916384,0.4173298
504,0.05947671,0.331919,0.1911471,0.4174571
505,0.0570193,0.3556165,0.1872307,0.4001336
506,0.0553156,0.368677,0.1875965,0.3884109
507,0.05425377,0.3752494,0.1891055,0.3813913
508,0.05361132,0.3783047,0.1907357,0.3773483
509,0.05323303,0.3795458,0.1921164,0.3751048
510,0.05301665,0.3799093,0.1931679,0.3739062
511,0.0528967,0.3798911,0.1939259,0.3732863
512,0.05283233,0.3797401,0.1944611,0.3729665
513,0.05279853,0.3795717,0.194844,0.3727857
514,0.05278039,0.3794325,0.1951331,0.372654
515,0.0527693,0.3793347,0.1953714,0.3725246
516,0.05276053,0.3792759,0.1955878,0.3723758
517,0.05579074,0.3498704,0.2010247,0.3933142
518,0.05813618,0.3314919,0.201456,0.4089159
519,0.05983482,0.3203866,0.2001827,0.4195958
520,0.06100663,0.3140229,0.1985518,0.4264186
521,0.06177509,0.3106386,0.1971741,0.4304122
522,0.06225303,0.3090351,0.1962415,0.4324704
523,0.06253457,0.3084284,0.195729,0.433308
524,0.06269261,0.3083322,0.1955168,0.4334584
525,0.06278004,0.3084649,0.1954611,0.433294
526,0.06283288,0.3086768,0.1954337,0.4330566
527,0.0628739,0.3088989,0.1953383,0.432889
528,0.06291607,0.309106,0.1951166,0.4328613
529,0.06443181,0.2959537,0.1965278,0.4430867
530,0.06565147,0.28745,0.195757,0.4511416
531,0.0665618,0.2822002,0.1942971,0.4569408
532,0.06722253,0.2791103,0.1926827,0.4609846
533,0.0676916,0.2774119,0.1911653,0.4637312
534,0.06802011,0.276576,0.1898369,0.4655671
535,0.06824946,0.2762491,0.1887092,0.4667922
536,0.06841109,0.2762048,0.1877606,0.4676235
537,0.06852745,0.2763041,0.1869597,0.4682087
538,0.06861402,0.276466,0.1862776,0.4686424
539,0.06868088,0.2766468,0.1856906,0.4689817
540,0.06873444,0.276824,0.1851819,0.4692596
541,0.06409505,0.3188014,0.1796452,0.4374584
542,0.06075656,0.3430792,0.1810151,0.4151491
543,0.05872057,0.3551776,0.183896,0.4022059
544,0.05751441,0.3608007,0.1866232,0.3950618
545,0.05681477,0.3631451,0.1887272,0.391313
546,0.05641763,0.3639141,0.1901939,0.3894743
547,0.05619745,0.3639879,0.1911525,0.3886622
548,0.05607812,0.3638023,0.1917541,0.3883654
549,0.0560142,0.3635588,0.1921289,0.3882981
550,0.05597923,0.3633388,0.1923742,0.3883077
551,0.05595815,0.3631663,0.1925576,0.388318
552,0.05594269,0.3630402,0.1927224,0.3882946
553,0.05744928,0.3492797,0.1942814,0.3989896
554,0.05859109,0.3410166,0.1935007,0.4068916
555,0.05937668,0.3363644,0.1922116,0.4120473
556,0.05989046,0.3339445,0.1909852,0.4151797
557,0.06020797,0.3328355,0.1900517,0.4169049
558,0.06039087,0.3324457,0.189459,0.4177045
559,0.06048591,0.3324142,0.1891694,0.4179305
560,0.06052645,0.3325348,0.189114,0.4178247
561,0.06053523,0.3326986,0.1892206,0.4175456
562,0.06052703,0.332855,0.1894254,0.4171926
563,0.06051121,0.3329853,0.1896782,0.4168253
564,0.06049345,0.3330874,0.1899407,0.4164784
565,0.05843661,0.3521332,0.1871228,0.4023074
566,0.0569964,0.3628248,0.1874789,0.3926999
567,0.05607955,0.3683645,0.1886915,0.3868645
568,0.05551564,0.3710354,0.1899499,0.3834991
569,0.05517998,0.372188,0.1909605,0.3816715
570,0.05498719,0.3725854,0.1916683,0.3807591
571,0.05488104,0.3726408,0.192114,0.3803642
572,0.05482567,0.3725658,0.1923654,0.3802431
573,0.05479882,0.3724608,0.1924879,0.3802525
574,0.05478711,0.3723672,0.1925337,0.380312
575,0.05478278,0.3722973,0.1925404,0.3803795
576,0.05478148,0.3722507,0.1925329,0.3804348
577,0.05576069,0.3632275,0.1936922,0.3873197
578,0.0564878,0.3579814,0.1932161,0.3923147
579,0.05697946,0.3551424,0.1923468,0.3955314
580,0.05729732,0.353743,0.1914794,0.3974804
581,0.0574933,0.3531591,0.1907753,0.3985723
582,0.05760795,0.353004,0.1902712,0.3991168
583,0.05767085,0.3530507,0.1899466,0.3993319
584,0.05770247,0.3531741,0.1897606,0.3993628
585,0.05771623,0.3533115,0.1896711,0.3993011
586,0.05772058,0.3534357,0.1896423,0.3992015
587,0.05772059,0.3535378,0.1896472,0.3990944
588,0.05771914,0.3536185,0.1896669,0.3989955
589,0.05701506,0.3600236,0.1889603,0.394001
590,0.05651611,0.3636315,0.1892864,0.3905659
591,0.05619415,0.3655164,0.1898388,0.3884507
592,0.05599437,0.3664258,0.1903647,0.3872151
593,0.05587524,0.3668124,0.1907749,0.3865374
594,0.0558073,0.3669379,0.1910593,0.3861955
595,0.05577051,0.3669462,0.1912391,0.3860442
596,0.0557519,0.3669116,0.1913437,0.3859928
597,0.05574336,0.3668689,0.1913999,0.3859878
598,0.05573995,0.3668326,0.1914293,0.3859982
599,0.05573875,0.3668062,0.1914474,0.3860076
600,0.05573823,0.366789,0.1914643,0.3860085
601,0.0538738,0.3842768,0.1886241,0.3732253
602,0.05261173,0.393482,0.1890672,0.3648391
603,0.05182579,0.397924,0.1903726,0.3598775
604,0.05134866,0.3998362,0.1917487,0.3570664
605,0.05106542,0.4004755,0.1929081,0.355551
606,0.05090036,0.4005231,0.1937934,0.3547831
607,0.05080509,0.4003321,0.1944398,0.3544231
608,0.05074941,0.4000738,0.1949092,0.3542676
609,0.05071495,0.3998233,0.1952626,0.3541992
610,0.05069095,0.3996069,0.1955483,0.3541538
611,0.05067132,0.3994283,0.1958016,0.3540987
612,0.05065276,0.3992824,0.1960456,0.3540192
613,0.05293728,0.3769143,0.2003924,0.3697559
614,0.05464465,0.3636107,0.2006218,0.3811228
615,0.05582884,0.356068,0.1995146,0.3885885
616,0.05660683,0.3520986,0.1981632,0.3931314
617,0.05708865,0.3502369,0.1970484,0.395626
618,0.0573672,0.3495388,0.1963121,0.3967819
619,0.05751462,0.3494267,0.1959285,0.3971302
620,0.05758322,0.3495701,0.1958035,0.3970432
621,0.05760894,0.3497947,0.1958284,0.396768
622,0.05761538,0.3500187,0.1959057,0.3964602
623,0.0576171,0.350212,0.1959604,0.3962105
624,0.05762235,0.3503699,0.1959426,0.3960651
625,0.05705469,0.355938,0.1949037,0.3921036
626,0.05665953,0.3591421,0.194744,0.3894545
627,0.05641542,0.3608815,0.1947684,0.3879346
628,0.05627793,0.3617774,0.1947549,0.3871897
629,0.05621144,0.3622124,0.194634,0.3869421
630,0.05618938,0.3624116,0.19441,0.386989
631,0.05619312,0.3625005,0.1941158,0.3871907
632,0.05621021,0.3625442,0.1937887,0.3874568
633,0.05623281,0.3625739,0.1934609,0.3877325
634,0.05625618,0.3626016,0.1931554,0.3879868
635,0.05627777,0.3626305,0.1928871,0.3882046
636,0.05629627,0.36266,0.1926636,0.3883801
637,0.05518132,0.3733975,0.1905596,0.3808616
638,0.05440315,0.3793102,0.1905157,0.375771
639,0.05390374,0.3823306,0.1911045,0.3726612
640,0.05359332,0.3837349,0.1918211,0.3708506
641,0.05340533,0.3842836,0.1924651,0.369846
642,0.05329353,0.3844096,0.1929829,0.369314
643,0.05322721,0.3843486,0.1933837,0.3690405
644,0.05318675,0.3842212,0.1936977,0.3688943
645,0.05316005,0.384084,0.193957,0.3687989
646,0.0531399,0.3839601,0.1941879,0.3687121
647,0.05312221,0.3838562,0.1944088,0.3686128
648,0.05310487,0.3837714,0.1946312,0.3684926
649,0.05378077,0.376947,0.196243,0.3730292
650,0.05425723,0.3730234,0.196654,0.3760653
651,0.05457013,0.3708669,0.1966444,0.3779187
652,0.05476338,0.36976,0.1965426,0.3789341
653,0.05487466,0.3692446,0.1964804,0.3794003
654,0.05493316,0.3690419,0.1964897,0.3795351
655,0.05496,0.3689918,0.1965568,0.3794914
656,0.05496967,0.3690073,0.1966518,0.3793711
657,0.05497171,0.3690455,0.1967441,0.3792387
658,0.05497203,0.3690872,0.1968081,0.3791326
659,0.05497412,0.3691263,0.1968262,0.3790734
660,0.05497972,0.369162,0.1967889,0.3790693
661,0.05421561,0.3766007,0.1952871,0.3738966
662,0.05368857,0.3806967,0.1951514,0.3704633
663,0.05335654,0.3828111,0.1953939,0.3684384
664,0.05315833,0.3838181,0.1956712,0.3673524
665,0.05304746,0.3842395,0.1958569,0.3668561
666,0.05299097,0.3843729,0.1959286,0.3667075
667,0.05296658,0.3843796,0.1959062,0.3667476
668,0.05295994,0.3843412,0.1958216,0.3668773
669,0.0529621,0.384295,0.1957051,0.3670377
670,0.0529677,0.3842556,0.1955814,0.3671953
671,0.0529737,0.3842258,0.1954676,0.3673328
672,0.0529785,0.3842041,0.1953745,0.3674428
673,0.05543466,0.3608826,0.1993613,0.3843215
674,0.05731038,0.3466888,0.1991522,0.3968487
675,0.05864025,0.3384249,0.1976153,0.4053196
676,0.05953917,0.3339214,0.1958381,0.4107014
677,0.0601177,0.3316992,0.1943074,0.4138756
678,0.06047155,0.3307811,0.193174,0.4155732
679,0.06067665,0.3305506,0.1924207,0.4163519
680,0.0607891,0.3306411,0.1919616,0.4166082
681,0.06084789,0.3308502,0.1916957,0.4166063
682,0.06087853,0.3310769,0.1915343,0.4165103
683,0.06089684,0.3312789,0.1914097,0.4164146
684,0.06091191,0.3314445,0.1912767,0.4163669
685,0.05887615,0.350251,0.1884795,0.4023934
686,0.05744785,0.3607819,0.1888785,0.3928917
687,0.05655399,0.3661701,0.1900058,0.38727
688,0.05601652,0.3687224,0.191108,0.3841531
689,0.05570686,0.3697879,0.1919324,0.3825728
690,0.05553727,0.3701236,0.1924546,0.3818846
691,0.05545031,0.3701355,0.1927354,0.3816788
692,0.05540966,0.3700293,0.1928541,0.3817069
693,0.0553932,0.3699003,0.1928801,0.3818263
694,0.05538812,0.3697858,0.1928644,0.3819617
695,0.05538727,0.3696955,0.1928411,0.3820761
696,0.0553869,0.3696276,0.1928306,0.3821549
697,0.05571036,0.3667175,0.1930685,0.3845036
698,0.05594679,0.3650742,0.192786,0.3861929
699,0.05609869,0.3642315,0.1924456,0.3872242
700,0.0561904,0.3638454,0.1921628,0.3878014
701,0.05624108,0.3637037,0.1919772,0.3880781
702,0.05626498,0.3636812,0.1918892,0.3881646
703,0.05627218,0.3637079,0.1918826,0.3881372
704,0.0562695,0.3637483,0.1919365,0.3880458
705,0.05626133,0.3637859,0.1920311,0.3879217
706,0.0562505,0.3638151,0.1921496,0.3877848
707,0.05623875,0.3638355,0.1922788,0.3876469
708,0.05622719,0.3638485,0.1924087,0.3875157
709,0.05575201,0.3678421,0.1923406,0.3840653
710,0.05540279,0.3700083,0.1930533,0.3815356
711,0.05517924,0.3710314,0.1938174,0.3799719
712,0.05504096,0.3714368,0.1944793,0.379043
713,0.05495916,0.3715302,0.1949876,0.378523
714,0.05491355,0.371484,0.1953442,0.3782582
715,0.05489038,0.3713894,0.195573,0.3781471
716,0.05488075,0.3712909,0.1957029,0.3781255
717,0.05487897,0.3712065,0.1957607,0.3781538
718,0.05488145,0.3711416,0.1957698,0.3782072
719,0.05488602,0.3710951,0.1957475,0.3782714
720,0.05489146,0.3710635,0.1957067,0.3783384
721,0.05388703,0.3809917,0.1934049,0.3717164
722,0.05319713,0.3864459,0.1929934,0.3673636
723,0.05275156,0.3892777,0.1932639,0.3647068
724,0.05247399,0.3906294,0.1937128,0.3631837
725,0.05230607,0.3911887,0.1941358,0.3623694
726,0.05220678,0.3913494,0.1944713,0.3619726
727,0.05214873,0.3913269,0.1947196,0.3618048
728,0.05211432,0.3912325,0.1949033,0.3617499
729,0.05209258,0.3911199,0.1950482,0.3617394
730,0.05207697,0.3910113,0.1951762,0.3617355
731,0.05206375,0.3909138,0.1953035,0.3617188
732,0.05205089,0.3908279,0.1954402,0.361681
733,0.05310173,0.3805419,0.1974597,0.3688967
734,0.05385609,0.3746339,0.1976293,0.3738807
735,0.05435849,0.3714101,0.1972184,0.3770131
736,0.05467576,0.3697766,0.1967182,0.3788294
737,0.05486478,0.3690352,0.1963303,0.3797697
738,0.05496974,0.36876,0.1961056,0.3801647
739,0.05502265,0.3687056,0.1960253,0.3802465
740,0.05504547,0.36874,0.1960457,0.3801689
741,0.05505259,0.3687982,0.1961201,0.3800292
742,0.0550531,0.3688523,0.196208,0.3798864
743,0.05505247,0.3688943,0.1962797,0.3797734
744,0.05505363,0.3689247,0.1963157,0.379706
745,0.05535001,0.365965,0.1971114,0.3815735
746,0.05556617,0.3642483,0.1973006,0.3828849
747,0.05572013,0.3632893,0.1971941,0.3837965
748,0.05582765,0.3627942,0.1969604,0.3844177
749,0.05590309,0.3625695,0.1966782,0.3848492
750,0.05595746,0.362495,0.196382,0.3851656
751,0.05599843,0.3624994,0.1960856,0.3854165
752,0.05603103,0.3625426,0.1957947,0.3856316
753,0.05605832,0.3626027,0.1955116,0.3858275
754,0.0560822,0.3626681,0.1952374,0.3860123
755,0.05610363,0.3627338,0.1949735,0.3861891
756,0.05612308,0.3627973,0.1947221,0.3863576
757,0.05700283,0.3546955,0.1959575,0.3923442
758,0.0576526,0.349911,0.1958185,0.3966179
759,0.05810132,0.3472268,0.1952327,0.3994392
760,0.05839945,0.3458242,0.1945676,0.4012088
761,0.05859121,0.3451663,0.1939772,0.4022653
762,0.05871151,0.3449162,0.1935051,0.4028671
763,0.05878593,0.344873,0.1931446,0.4031965
764,0.05883214,0.3449229,0.1928708,0.4033742
765,0.05886181,0.345006,0.1926569,0.4034753
766,0.05888223,0.3450941,0.1924799,0.4035438
767,0.05889772,0.3451755,0.1923232,0.4036036
768,0.05891078,0.3452475,0.1921758,0.403666
769,0.05775577,0.3564127,0.189869,0.3959626
770,0.05693657,0.3628066,0.1895667,0.3906901
771,0.05640303,0.3662397,0.1899237,0.3874335
772,0.05606889,0.367963,0.1904248,0.3855433
773,0.0558669,0.3687481,0.1908622,0.3845228
774,0.05574889,0.369048,0.191178,0.3840251
775,0.05568216,0.3691166,0.191379,0.3838222
776,0.05564546,0.3690884,0.1914939,0.3837723
777,0.05562546,0.3690299,0.1915537,0.3837909
778,0.05561407,0.3689708,0.1915845,0.3838306
779,0.05560658,0.3689218,0.191605,0.3838667
780,0.05560042,0.3688845,0.191627,0.3838881
781,0.05371437,0.3864309,0.1888298,0.3710248
782,0.05244341,0.3956157,0.1892896,0.3626513
783,0.05165198,0.4000318,0.1906011,0.3577151
784,0.05117031,0.4019268,0.1919756,0.3549273
785,0.05088264,0.4025584,0.1931286,0.3534302
786,0.05071323,0.4026054,0.1940036,0.3526778
787,0.05061388,0.4024172,0.1946353,0.3523336
788,0.05055466,0.4021629,0.1950849,0.3521975
789,0.05051746,0.4019158,0.1954117,0.352155
790,0.05049172,0.4017012,0.1956633,0.3521438
791,0.05047145,0.4015225,0.1958732,0.3521328
792,0.05045348,0.4013747,0.1960633,0.3521086
793,0.05157781,0.390348,0.1981094,0.3599648
794,0.05238549,0.3841104,0.1980597,0.3654444
795,0.05292018,0.3807889,0.1973969,0.3688941
796,0.05325674,0.3791697,0.1966524,0.3709211
797,0.05345751,0.3784883,0.1960427,0.3720114
798,0.0535703,0.3782842,0.1956198,0.3725258
799,0.05362941,0.3782957,0.1953601,0.3727148
800,0.05365808,0.3783848,0.1952147,0.3727425
801,0.05367127,0.3784852,0.1951333,0.3727101
802,0.05367808,0.3785706,0.1950755,0.3726758
803,0.0536837,0.3786343,0.1950123,0.3726696
804,0.0536908,0.3786782,0.1949268,0.3727041
805,0.05465282,0.3696864,0.1963416,0.3793192
806,0.05536001,0.3644808,0.1961135,0.3840457
807,0.05584573,0.3616323,0.1953586,0.3871633
808,0.05616858,0.3601937,0.1944975,0.3891402
809,0.05637805,0.3595562,0.1937099,0.3903558
810,0.05651229,0.3593449,0.1930501,0.3910927
811,0.05659874,0.3593404,0.1925151,0.3915458
812,0.05665598,0.3594217,0.1920809,0.3918414
813,0.05669597,0.3595275,0.1917209,0.3920555
814,0.0567258,0.3596303,0.1914145,0.3922295
815,0.05674958,0.3597196,0.1911474,0.3923835
816,0.05676951,0.3597937,0.1909108,0.3925259
817,0.05546123,0.3721851,0.1887972,0.3835564
818,0.05455374,0.3789662,0.1889439,0.3775362
819,0.05397871,0.3823916,0.1897028,0.3739269
820,0.05362632,0.3839663,0.1905286,0.3718788
821,0.05341697,0.3845731,0.1912181,0.3707918
822,0.05329619,0.3847085,0.1917282,0.3702672
823,0.05322823,0.3846387,0.1920817,0.3700514
824,0.05319032,0.3844984,0.1923216,0.3699897
825,0.05316845,0.3843498,0.1924902,0.3699916
826,0.0531544,0.3842166,0.1926209,0.3700081
827,0.05314351,0.3841045,0.1927376,0.3700143
828,0.05313323,0.3840117,0.1928561,0.369999
829,0.05460526,0.3698287,0.1954145,0.3801515
830,0.05569163,0.3614704,0.195435,0.387403
831,0.05643402,0.3567918,0.1946691,0.392105
832,0.05691661,0.3543575,0.1937807,0.3949452
833,0.05721402,0.3532235,0.1930547,0.3965078
834,0.05738628,0.3527948,0.192573,0.3972459
835,0.05747822,0.3527151,0.1923206,0.3974862
836,0.05752137,0.3527845,0.1922442,0.3974499
837,0.0575369,0.3528996,0.1922832,0.3972802
838,0.05753844,0.3530124,0.1923837,0.3970655
839,0.05753441,0.3531054,0.1925033,0.3968568
840,0.05752973,0.3531759,0.1926126,0.3966817
841,0.05738227,0.3545393,0.192533,0.3955455
842,0.05727909,0.3553315,0.1926173,0.3947721
843,0.057215,0.3557679,0.1927078,0.3943093
844,0.05717936,0.3559984,0.1927546,0.3940676
845,0.05716347,0.3561167,0.1927437,0.3939762
846,0.05716066,0.3561785,0.1926788,0.3939821
847,0.05716607,0.3562155,0.1925709,0.3940475
848,0.05717626,0.3562441,0.1924335,0.3941462
849,0.05718885,0.3562722,0.192279,0.39426
850,0.05720228,0.3563026,0.1921177,0.3943774
851,0.05721555,0.3563357,0.1919582,0.3944906
852,0.05722797,0.356371,0.1918066,0.3945945
853,0.05468279,0.3805154,0.1874537,0.3773482
854,0.05297637,0.393209,0.187646,0.3661686
855,0.05192657,0.3993327,0.1890871,0.3596537
856,0.05129523,0.4020039,0.190681,0.3560198
857,0.05092305,0.4029485,0.1920307,0.3540978
858,0.05070744,0.4030894,0.1930503,0.3531528
859,0.0505839,0.402901,0.1937778,0.3527374
860,0.05051257,0.4026127,0.194288,0.3525867
861,0.05046952,0.4023253,0.1946553,0.35255
862,0.05044074,0.4020746,0.1949391,0.3525455
863,0.05041828,0.4018672,0.1951829,0.3525317
864,0.05039781,0.4016971,0.1954155,0.3524897
865,0.05425666,0.3637592,0.2030336,0.3789505
866,0.05727454,0.3398446,0.2039648,0.3989162
867,0.05948828,0.3252128,0.2024768,0.4128222
868,0.0610295,0.316704,0.2004127,0.4218538
869,0.06204445,0.3120905,0.1986344,0.4272306
870,0.06267355,0.3098325,0.1974347,0.4300592
871,0.06303841,0.308905,0.196801,0.4312555
872,0.06323618,0.3086598,0.196579,0.4315251
