EwEVersion,"6.5.13829.0 (compiled 2016-05-17)"
Date,"2016-09-06 16:58:41"
ModelName,Baltic_Proper-SEALS
EcosimScenario,Proper1_SealVuln100_19742100_seal1_cofF03
TimeSeries,new_data_weights_19742100_BAU_WAR1_codF03_seal100
StartYear,1974

Data,"Prey of Cod larvae"

TimeStep,"Temora sp","Acartia sp","Pseudocalanus sp.",
1,0.1079206,0.1002676,0.7918118
2,0.1141323,0.1024312,0.7834365
3,0.1163488,0.1016292,0.7820219
4,0.1165551,0.1003183,0.7831266
5,0.1157019,0.09866481,0.7856333
6,0.1143675,0.09697758,0.7886549
7,0.1128841,0.095458,0.7916579
8,0.111417,0.09417872,0.7944043
9,0.1100314,0.09313831,0.7968302
10,0.1087406,0.09230437,0.7989549
11,0.107536,0.09163693,0.800827
12,0.1064044,0.09109852,0.8024971
13,0.1098771,0.09123518,0.7988877
14,0.1071031,0.09022536,0.8026715
15,0.1057372,0.08990478,0.804358
16,0.1047977,0.08955632,0.805646
17,0.1041137,0.08918735,0.8066989
18,0.1036687,0.08885358,0.8074777
19,0.1034871,0.08863287,0.80788
20,0.1036145,0.0887285,0.807657
21,0.1040879,0.08939309,0.8065191
22,0.1049105,0.09087361,0.8042159
23,0.1060425,0.09334081,0.8006167
24,0.1074082,0.09678238,0.7958094
25,0.074864,0.09317447,0.8319615
26,0.08790672,0.1007995,0.8112938
27,0.09150033,0.105066,0.8034337
28,0.09421317,0.1099896,0.7957972
29,0.09619444,0.112416,0.7913895
30,0.09759029,0.1124855,0.7899243
31,0.09850062,0.1112971,0.7902022
32,0.09907398,0.1099095,0.7910165
33,0.09934276,0.1084761,0.7921812
34,0.09939007,0.1072373,0.7933726
35,0.09927991,0.1062484,0.7944717
36,0.09905795,0.1054935,0.7954485
37,0.09820616,0.1053699,0.7964239
38,0.09620634,0.1043912,0.7994024
39,0.09508108,0.104027,0.800892
40,0.09432162,0.1039108,0.8017676
41,0.09376384,0.1039994,0.8022368
42,0.09333955,0.1042651,0.8023953
43,0.09302046,0.1046856,0.802294
44,0.09268634,0.1048901,0.8024236
45,0.09245195,0.1053709,0.8021772
46,0.09233656,0.1061114,0.801552
47,0.0923553,0.1071033,0.8005414
48,0.0925156,0.1083108,0.7991737
49,0.0929316,0.1115809,0.7954875
50,0.09167202,0.1122875,0.7960405
51,0.09141761,0.113076,0.7955064
52,0.09165571,0.1139048,0.7944396
53,0.09223893,0.1148837,0.7928774
54,0.0930738,0.1158911,0.791035
55,0.09408236,0.1167399,0.7891777
56,0.0952798,0.1175388,0.7871813
57,0.09651152,0.1178815,0.785607
58,0.09770507,0.1178495,0.7844454
59,0.09880087,0.1175239,0.7836753
60,0.09975964,0.1169907,0.7832496
61,0.0879424,0.1163223,0.7957352
62,0.0872246,0.1161772,0.7965983
63,0.08693174,0.1152145,0.7978537
64,0.0870295,0.1146242,0.7983463
65,0.08732837,0.1142124,0.7984592
66,0.08772466,0.1138463,0.798429
67,0.08815974,0.1134703,0.7983699
68,0.08851042,0.1128327,0.7986568
69,0.08880329,0.1121741,0.7990227
70,0.08903536,0.1114669,0.7994977
71,0.08920178,0.1107201,0.800078
72,0.08930009,0.1099476,0.8007523
73,0.07894268,0.1086852,0.8123721
74,0.07880362,0.1098645,0.8113319
75,0.07956826,0.1086039,0.8118278
76,0.08031571,0.1072842,0.8124002
77,0.08070356,0.1059632,0.8133332
78,0.08069181,0.104675,0.8146332
79,0.08033496,0.1034813,0.8161837
80,0.07971007,0.102424,0.8178658
81,0.07886852,0.1015165,0.819615
82,0.07785496,0.10077,0.8213751
83,0.07670554,0.1001872,0.8231073
84,0.07545085,0.09976794,0.8247812
85,0.0909972,0.1000639,0.8089389
86,0.09178799,0.09877569,0.8094362
87,0.09125133,0.09939699,0.8093517
88,0.09036077,0.09952717,0.8101121
89,0.08926184,0.09943099,0.8113071
90,0.08804943,0.0993094,0.8126412
91,0.08679499,0.09924016,0.8139648
92,0.08552162,0.09916243,0.8153159
93,0.08430991,0.09918508,0.816505
94,0.08322543,0.09939166,0.8173829
95,0.08232473,0.09990828,0.817767
96,0.08165595,0.1009179,0.8174262
97,0.08628522,0.1031376,0.8105772
98,0.08724121,0.1053339,0.8074248
99,0.08841681,0.1097203,0.8018628
100,0.0896752,0.1144404,0.7958844
101,0.09107756,0.1185156,0.7904068
102,0.09263119,0.121317,0.7860518
103,0.09427577,0.1226384,0.7830858
104,0.09595914,0.1228351,0.7812057
105,0.09750739,0.1220168,0.7804758
106,0.09879867,0.1205602,0.7806411
107,0.09975763,0.1187737,0.7814686
108,0.1003616,0.1168732,0.7827652
109,0.1099947,0.115296,0.7747094
110,0.1066909,0.1127019,0.7806072
111,0.1050978,0.1111153,0.7837868
112,0.1040487,0.1096569,0.7862944
113,0.1032732,0.1084979,0.7882289
114,0.1026585,0.1076117,0.7897299
115,0.1021434,0.1069234,0.7909333
116,0.1018552,0.1067322,0.7914127
117,0.1016678,0.1066369,0.7916954
118,0.1015391,0.1066257,0.7918352
119,0.1014529,0.1066909,0.7918562
120,0.101404,0.1068271,0.791769
121,0.09442579,0.1063122,0.799262
122,0.09557891,0.1072362,0.7971848
123,0.0958358,0.1074288,0.7967354
124,0.09599181,0.1078424,0.7961658
125,0.09611452,0.1082901,0.7955953
126,0.09622352,0.1087039,0.7950726
127,0.09632904,0.109081,0.79459
128,0.09639088,0.1093734,0.7942357
129,0.09644631,0.1096409,0.7939128
130,0.09650366,0.1098857,0.7936106
131,0.09656535,0.1101134,0.7933212
132,0.09663241,0.1103308,0.7930368
133,0.05247233,0.1093688,0.8381589
134,0.04422392,0.1111245,0.8446515
135,0.03556015,0.1092778,0.855162
136,0.02875414,0.1091499,0.862096
137,0.02345354,0.1107838,0.8657627
138,0.0194862,0.1139668,0.866547
139,0.01676237,0.118223,0.8650146
140,0.0151935,0.1224085,0.862398
141,0.01476639,0.1260159,0.8592176
142,0.01552287,0.1282753,0.8562018
143,0.01756366,0.1289868,0.8534496
144,0.02098331,0.1283303,0.8506864
145,0.03374868,0.1270201,0.8392313
146,0.04913974,0.1252016,0.8256587
147,0.06325436,0.1208308,0.8159148
148,0.07318548,0.1161107,0.8107038
149,0.07882935,0.1117074,0.8094632
150,0.08146588,0.1078872,0.8106469
151,0.08236007,0.1046775,0.8129625
152,0.08233301,0.1019875,0.8156796
153,0.08181318,0.09968982,0.8184969
154,0.08101401,0.09768789,0.8212981
155,0.08003213,0.09590849,0.8240594
156,0.07890755,0.09430602,0.8267863
157,0.06497585,0.09220359,0.8428206
158,0.05234007,0.08592807,0.8617318
159,0.04170196,0.08403487,0.8742631
160,0.03240049,0.08374189,0.8838576
161,0.02416125,0.0841275,0.8917112
162,0.01704634,0.08501326,0.8979404
163,0.01127132,0.08664456,0.9020841
164,0.006989677,0.08945742,0.9035528
165,0.004137991,0.09395751,0.9019045
166,0.00242277,0.1001667,0.8974105
167,0.001465715,0.1072578,0.8912765
168,0.0009541964,0.1137871,0.8852587
169,0.005280766,0.1315348,0.8631845
170,0.02865683,0.1292255,0.8421177
171,0.06587479,0.1224898,0.8116354
172,0.09072661,0.1163576,0.7929158
173,0.1033868,0.1104739,0.7861392
174,0.1077785,0.1047726,0.7874489
175,0.1078556,0.09965936,0.7924851
176,0.1059401,0.0953621,0.7986978
177,0.1033534,0.09192516,0.8047214
178,0.1007364,0.08921684,0.8100468
179,0.09833441,0.08707246,0.8145931
180,0.09619998,0.08534954,0.8184505
181,0.1006972,0.08421917,0.8150837
182,0.1016384,0.08357067,0.8147908
183,0.1013475,0.08257137,0.8160812
184,0.1004181,0.08153496,0.818047
185,0.09920374,0.08060599,0.8201903
186,0.09790375,0.07985411,0.8222421
187,0.09662333,0.0793115,0.8240652
188,0.09543369,0.07905385,0.8255125
189,0.09435491,0.07904999,0.8265951
190,0.09337279,0.07929921,0.827328
191,0.09247315,0.0798127,0.8277141
192,0.09164709,0.08061685,0.827736
193,0.09639942,0.08175516,0.8218454
194,0.09691464,0.08337367,0.8197117
195,0.09719743,0.08522235,0.8175802
196,0.09737527,0.08706154,0.8155632
197,0.09756021,0.08891027,0.8135295
198,0.09782106,0.09079741,0.8113815
199,0.0981954,0.09274317,0.8090614
200,0.09865621,0.09465358,0.8066902
201,0.09925029,0.09668858,0.8040611
202,0.09998304,0.09880959,0.8012074
203,0.1008428,0.1009482,0.798209
204,0.1018039,0.1030067,0.7951894
205,0.0973274,0.1073829,0.7952898
206,0.09231182,0.1073788,0.8003094
207,0.08990862,0.1074914,0.8026
208,0.08900356,0.1083435,0.802653
209,0.08909726,0.1099585,0.8009442
210,0.08990432,0.1120466,0.798049
211,0.09123474,0.1141884,0.7945769
212,0.09312757,0.1163995,0.790473
213,0.09524085,0.1177588,0.7870004
214,0.09738264,0.1182928,0.7843246
215,0.09936293,0.1181071,0.78253
216,0.1010346,0.1173968,0.7815686
217,0.1121079,0.1160583,0.7718338
218,0.1177535,0.1160403,0.7662062
219,0.1199521,0.1140438,0.7660041
220,0.1201402,0.1115766,0.7682832
221,0.1192886,0.109101,0.7716104
222,0.1180133,0.1068776,0.7751091
223,0.1166492,0.1049842,0.7783666
224,0.1153453,0.103396,0.7812586
225,0.1141296,0.1020185,0.7838519
226,0.1129885,0.1007798,0.7862318
227,0.1118943,0.09962609,0.7884796
228,0.1108206,0.09852081,0.7906585
229,0.09800709,0.09712892,0.8048639
230,0.09540065,0.09608926,0.8085101
231,0.0933316,0.09488568,0.8117828
232,0.09167857,0.09392448,0.8143969
233,0.09028311,0.09319595,0.816521
234,0.08907343,0.09268638,0.8182402
235,0.088028,0.09240814,0.8195638
236,0.08714996,0.09239524,0.8204548
237,0.08645761,0.09271447,0.820828
238,0.08597025,0.09337727,0.8206525
239,0.08570199,0.09435523,0.8199428
240,0.08565713,0.09557611,0.8187668
241,0.0701355,0.09466027,0.8352042
242,0.07003227,0.09838381,0.8315839
243,0.07031819,0.09929015,0.8303916
244,0.07111542,0.1003837,0.8285009
245,0.07208394,0.101275,0.826641
246,0.07305337,0.1018058,0.8251408
247,0.07394121,0.1020337,0.824025
248,0.07467467,0.1019237,0.8234016
249,0.07526919,0.1017404,0.8229904
250,0.07574093,0.1015052,0.8227538
251,0.07610778,0.1012466,0.8226457
252,0.0763876,0.1009824,0.82263
253,0.1054584,0.1014083,0.7931333
254,0.1074236,0.09994658,0.7926298
255,0.1078255,0.1002377,0.7919369
256,0.1078816,0.0998067,0.7923117
257,0.1076798,0.09910019,0.79322
258,0.1073336,0.09836942,0.7942969
259,0.1069203,0.09770022,0.7953795
260,0.1064801,0.09713497,0.7963849
261,0.1060409,0.09664129,0.7973179
262,0.1056162,0.09622419,0.7981597
263,0.1052149,0.09588277,0.7989023
264,0.1048448,0.0956164,0.7995389
265,0.06982788,0.0948661,0.835306
266,0.06252317,0.09449417,0.8429826
267,0.0558077,0.09320959,0.8509827
268,0.05063264,0.09311987,0.8562475
269,0.04660339,0.09412809,0.8592685
270,0.04355582,0.09613215,0.860312
271,0.04149119,0.0990118,0.859497
272,0.04051349,0.1026454,0.8568411
273,0.0406873,0.1061955,0.8531172
274,0.04202636,0.1091016,0.848872
275,0.04444061,0.1109764,0.844583
276,0.04770011,0.1117475,0.8405524
277,0.06097607,0.1126194,0.8264046
278,0.06840029,0.1100398,0.82156
279,0.07255659,0.1088188,0.8186246
280,0.07517722,0.107483,0.8173398
281,0.07690354,0.1060895,0.8170069
282,0.07803648,0.1047022,0.8172613
283,0.07874612,0.1033475,0.8179063
284,0.07912385,0.1019771,0.818899
285,0.07924778,0.1006336,0.8201187
286,0.07917738,0.09932462,0.821498
287,0.07895742,0.09805631,0.8229863
288,0.0786213,0.09683258,0.8245461
289,0.08946231,0.09694946,0.8135882
290,0.09505979,0.0967662,0.8081741
291,0.0976653,0.0950607,0.807274
292,0.09830883,0.09305522,0.808636
293,0.09789064,0.09109519,0.8110141
294,0.09695575,0.0893086,0.8137356
295,0.0957959,0.08773617,0.8164679
296,0.0945426,0.08637856,0.8190789
297,0.09328232,0.0852357,0.8214819
298,0.09204267,0.08428362,0.8236737
299,0.09083422,0.08350791,0.8256579
300,0.08966257,0.08290144,0.827436
301,0.09481229,0.0835892,0.8215985
302,0.09793396,0.08471173,0.8173543
303,0.0988672,0.08440867,0.8167241
304,0.0986083,0.08390763,0.817484
305,0.09778709,0.08335783,0.8188551
306,0.0967366,0.08284444,0.8204189
307,0.09562597,0.08242728,0.8219468
308,0.09453457,0.0820095,0.8234559
309,0.09345408,0.08173878,0.8248071
310,0.09242945,0.08162487,0.8259456
311,0.09148471,0.08165404,0.8268613
312,0.09063164,0.08180339,0.827565
313,0.08332299,0.08400916,0.8326678
314,0.07376876,0.08133192,0.8448993
315,0.06799873,0.07982941,0.8521718
316,0.06401356,0.07876056,0.857226
317,0.06110999,0.07812396,0.8607661
318,0.0590021,0.07826275,0.8627352
319,0.05760026,0.07984209,0.8625576
320,0.05700396,0.08420505,0.858791
321,0.05725464,0.09103265,0.8517128
322,0.05846121,0.09936642,0.8421724
323,0.0606994,0.1072534,0.8320472
324,0.06392009,0.1129186,0.8231613
325,0.07330377,0.1170623,0.809634
326,0.07950361,0.1168352,0.8036612
327,0.08455286,0.1163318,0.7991153
328,0.08858669,0.1151234,0.7962899
329,0.09160147,0.1136348,0.7947637
330,0.09367623,0.1120816,0.7942421
331,0.09496292,0.1105647,0.7944724
332,0.09556538,0.1089789,0.7954557
333,0.09571071,0.1075213,0.796768
334,0.09554832,0.1061636,0.798288
335,0.09518351,0.1048972,0.7999194
336,0.09468391,0.1037033,0.8016127
337,0.09203598,0.1020893,0.8058746
338,0.09062731,0.1010669,0.8083057
339,0.08953176,0.1000794,0.8103889
340,0.08857558,0.09910489,0.8123195
341,0.08766239,0.09811571,0.8142219
342,0.08673894,0.09710174,0.8161593
343,0.08577949,0.09606747,0.818153
344,0.08483943,0.09516275,0.8199978
345,0.08387829,0.09426588,0.8218558
346,0.08289142,0.09340645,0.8237021
347,0.08188827,0.09260808,0.8255036
348,0.08088604,0.09189684,0.8272171
349,0.0608336,0.08993222,0.8492342
350,0.05813358,0.09461085,0.8472555
351,0.05814299,0.09303208,0.848825
352,0.05916316,0.09200073,0.8488361
353,0.0601139,0.09117968,0.8487064
354,0.06064126,0.09033756,0.8490211
355,0.06070326,0.08950852,0.8497882
356,0.06036425,0.08882562,0.8508101
357,0.05970908,0.08823204,0.8520588
358,0.05880615,0.08775353,0.8534403
359,0.05770965,0.08738943,0.8549009
360,0.05646197,0.0871317,0.8564063
361,0.07105995,0.09096611,0.8379739
362,0.0676344,0.08599833,0.8463673
363,0.06304981,0.0853783,0.8515719
364,0.05927971,0.08479619,0.8559241
365,0.05608977,0.08422563,0.8596846
366,0.05339744,0.0840721,0.8625305
367,0.05122486,0.08483143,0.8639437
368,0.04963065,0.08687352,0.8634958
369,0.04874889,0.09084189,0.8604093
370,0.04871828,0.09655295,0.8547288
371,0.04966272,0.1030554,0.8472819
372,0.05164434,0.1089419,0.8394138
373,0.05160795,0.1141157,0.8342764
374,0.05392067,0.1157151,0.8303642
375,0.05720408,0.1161462,0.8266498
376,0.06096302,0.1160131,0.8230238
377,0.06478767,0.1155258,0.8196865
378,0.06835221,0.1147821,0.8168657
379,0.0714393,0.113853,0.8147077
380,0.07397039,0.1128524,0.8131772
381,0.0759114,0.1117682,0.8123204
382,0.07730445,0.1106618,0.8120338
383,0.07823426,0.1095781,0.8121877
384,0.078798,0.1085453,0.8126568
385,0.08107772,0.1072313,0.811691
386,0.08165547,0.1062694,0.8120751
387,0.08169959,0.1054332,0.8128672
388,0.08147583,0.1046275,0.8138966
389,0.08108582,0.1038384,0.8150758
390,0.08057059,0.103064,0.8163654
391,0.07994789,0.1023053,0.8177468
392,0.07916745,0.1014294,0.8194031
393,0.0782665,0.1005599,0.8211735
394,0.07726419,0.09969409,0.8230417
395,0.07617527,0.09884214,0.8249826
396,0.07501522,0.09801994,0.8269649
397,0.09455838,0.09794862,0.807493
398,0.09546883,0.09535746,0.8091738
399,0.09478545,0.09530335,0.8099113
400,0.09404743,0.09514478,0.8108078
401,0.09335269,0.09490535,0.8117419
402,0.09274098,0.09474455,0.8125145
403,0.09224119,0.0947483,0.8130105
404,0.09189463,0.09506668,0.8130388
405,0.09170643,0.09557203,0.8127215
406,0.0916814,0.09625041,0.8120682
407,0.09181616,0.09705563,0.8111283
408,0.09209957,0.0979276,0.8099728
409,0.09486827,0.09812477,0.807007
410,0.1007409,0.1010265,0.7982326
411,0.1038729,0.1014555,0.7946716
412,0.10542,0.1013761,0.7932039
413,0.105905,0.1006049,0.7934902
414,0.1057082,0.09947859,0.7948132
415,0.1051069,0.09831079,0.7965823
416,0.1043229,0.09730648,0.7983707
417,0.1034595,0.0965113,0.8000292
418,0.1025778,0.09591268,0.8015095
419,0.10171,0.09548514,0.8028048
420,0.1008717,0.0952011,0.8039272
421,0.09511313,0.09433062,0.8105562
422,0.09418662,0.09465913,0.8111543
423,0.09318469,0.09458596,0.8122294
424,0.09237119,0.09470475,0.812924
425,0.09175085,0.09502604,0.8132231
426,0.09131637,0.09555337,0.8131302
427,0.09106963,0.09631632,0.812614
428,0.09101339,0.09736802,0.8116186
429,0.09117256,0.098809,0.8100185
430,0.09155373,0.1006336,0.8078127
431,0.09215526,0.1027546,0.8050901
432,0.09296568,0.105002,0.8020323
433,0.05787167,0.1074434,0.8346849
434,0.0519698,0.1098778,0.8381525
435,0.04599022,0.1087525,0.8452573
436,0.0417366,0.1096143,0.848649
437,0.03898513,0.1120898,0.8489251
438,0.03772198,0.1154397,0.8468384
439,0.03802534,0.1187747,0.8432
440,0.0400266,0.1215886,0.8383847
441,0.04360902,0.1229648,0.8334261
442,0.04842182,0.1231062,0.828472
443,0.05388968,0.1223348,0.8237755
444,0.05933746,0.1209823,0.8196802
445,0.04106174,0.1169444,0.8419939
446,0.03284587,0.1176595,0.8494946
447,0.02804078,0.1167908,0.8551683
448,0.02510682,0.1158094,0.8590838
449,0.02326462,0.1148335,0.8619019
450,0.02209927,0.1138498,0.864051
451,0.02137095,0.1128452,0.8657838
452,0.02091501,0.1117208,0.8673643
453,0.02063616,0.1105568,0.8688071
454,0.02046905,0.1093533,0.8701776
455,0.02036661,0.1081204,0.871513
456,0.02029451,0.1068696,0.8728359
457,0.05897326,0.1066213,0.8344054
458,0.08220839,0.1022156,0.8155761
459,0.09226045,0.1002405,0.807499
460,0.09544533,0.09887324,0.8056815
461,0.09599173,0.09756531,0.8064429
462,0.09543961,0.09626964,0.8082908
463,0.09438726,0.09502035,0.8105924
464,0.09307945,0.09382705,0.8130935
465,0.09163831,0.09273415,0.8156275
466,0.09012424,0.0917609,0.8181148
467,0.08857464,0.09092744,0.8204978
468,0.08704308,0.09027879,0.8226781
469,0.08125816,0.0904354,0.8283065
470,0.08258996,0.09294982,0.8244602
471,0.08360881,0.0921176,0.8242736
472,0.08396812,0.09159659,0.8244354
473,0.08377719,0.09122327,0.8249996
474,0.08322103,0.09085347,0.8259255
475,0.08244137,0.09051405,0.8270446
476,0.0815236,0.09030136,0.8281751
477,0.08053514,0.09027975,0.8291851
478,0.07954079,0.09047359,0.8299856
479,0.07858165,0.09086762,0.8305507
480,0.07768847,0.09143739,0.8308741
481,0.1023385,0.09387809,0.8037834
482,0.08839924,0.0911011,0.8204996
483,0.08129857,0.09097127,0.8277302
484,0.0772773,0.09038113,0.8323416
485,0.07494883,0.09001379,0.8350373
486,0.07384124,0.0906451,0.8355137
487,0.07374645,0.09330041,0.8329531
488,0.07469552,0.09948519,0.8258193
489,0.07657157,0.1085175,0.8149108
490,0.07949091,0.1182285,0.8022807
491,0.08354037,0.1254371,0.7910225
492,0.08853301,0.1284714,0.7829955
493,0.08962001,0.1287699,0.7816102
494,0.09353092,0.1262838,0.7801853
495,0.09722359,0.1234589,0.7793176
496,0.100158,0.1207,0.779142
497,0.1021131,0.1179797,0.7799072
498,0.1031002,0.1153238,0.781576
499,0.1032749,0.1127903,0.7839348
500,0.1028013,0.110321,0.7868777
501,0.1019554,0.1081048,0.7899399
502,0.1009252,0.1061223,0.7929525
503,0.09983622,0.1043564,0.7958074
504,0.09876311,0.102781,0.798456
505,0.09764336,0.1009759,0.8013807
506,0.09832898,0.1006673,0.8010038
507,0.09859231,0.09916417,0.8022435
508,0.09827786,0.09740551,0.8043166
509,0.09756401,0.09569311,0.8067429
510,0.09664393,0.09412898,0.809227
511,0.09565156,0.09274492,0.8116035
512,0.09469298,0.09159069,0.8137163
513,0.09378766,0.0906118,0.8156006
514,0.0929483,0.08980192,0.8172498
515,0.09217917,0.0891524,0.8186684
516,0.09148119,0.08865849,0.8198603
517,0.08587007,0.08677892,0.827351
518,0.08127461,0.08557511,0.8331502
519,0.07805818,0.0856571,0.8362847
520,0.07586341,0.08642945,0.8377072
521,0.07445702,0.08769058,0.8378524
522,0.07368835,0.08931263,0.836999
523,0.0734591,0.09117601,0.8353649
524,0.07370147,0.0931575,0.833141
525,0.07435719,0.09510573,0.8305371
526,0.0753664,0.0968759,0.8277577
527,0.07665499,0.09833542,0.8250096
528,0.07813071,0.09939049,0.8224788
529,0.08152533,0.09983954,0.8186352
530,0.0823006,0.09931164,0.8183877
531,0.08279265,0.09926222,0.8179451
532,0.08328149,0.09911525,0.8176032
533,0.08380571,0.09884278,0.8173516
534,0.08433824,0.09843597,0.8172258
535,0.0848349,0.09789349,0.8172716
536,0.08525253,0.09720189,0.8175456
537,0.08556299,0.09640795,0.818029
538,0.08575541,0.09554101,0.8187036
539,0.08583157,0.09463298,0.8195354
540,0.08580256,0.09371317,0.8204843
541,0.08003991,0.09184961,0.8281105
542,0.08040285,0.09329551,0.8263016
543,0.08167722,0.09215844,0.8261643
544,0.08256,0.09032257,0.8271174
545,0.08279648,0.08840482,0.8287987
546,0.08252256,0.08663785,0.8308396
547,0.08194033,0.08511291,0.8329467
548,0.08120928,0.0838604,0.8349304
549,0.08043467,0.08286457,0.8367007
550,0.07967333,0.08210012,0.8382265
551,0.07895193,0.08153955,0.8395085
552,0.07828017,0.08115806,0.8405618
553,0.08473671,0.08092419,0.8343391
554,0.08483326,0.07978319,0.8353835
555,0.08422575,0.07985912,0.8359151
556,0.08366825,0.08033232,0.8359994
557,0.08329207,0.08100457,0.8357034
558,0.08309238,0.08180811,0.8350995
559,0.08303707,0.08270624,0.8342568
560,0.08309567,0.08367738,0.833227
561,0.08324751,0.08469889,0.8320535
562,0.08347782,0.08575322,0.830769
563,0.08377714,0.08682003,0.8294027
564,0.08413801,0.08787476,0.8279872
565,0.08771412,0.09010775,0.8221781
566,0.0905951,0.09148742,0.8179175
567,0.09256019,0.09204414,0.8153957
568,0.0937856,0.09219161,0.8140228
569,0.09448212,0.09207288,0.813445
570,0.09482331,0.09180362,0.8133731
571,0.09493771,0.09147385,0.8135884
572,0.09491595,0.0911435,0.8139406
573,0.09481946,0.09084776,0.8143328
574,0.09468888,0.09060262,0.8147085
575,0.0945491,0.09041361,0.8150373
576,0.09441458,0.09028061,0.8153048
577,0.09805038,0.09099379,0.8109558
578,0.0976773,0.09011117,0.8122115
579,0.09733855,0.09014287,0.8125186
580,0.09717456,0.09041166,0.8124138
581,0.0971738,0.09078866,0.8120375
582,0.09729503,0.09122236,0.8114826
583,0.09749757,0.09167794,0.8108245
584,0.09774972,0.09213157,0.8101187
585,0.09802848,0.09257213,0.8093994
586,0.09831773,0.09298998,0.8086923
587,0.09860685,0.09337958,0.8080135
588,0.09888862,0.09373775,0.8073736
589,0.09743721,0.09520073,0.807362
590,0.09809373,0.09556997,0.8063363
591,0.09867193,0.09565439,0.8056737
592,0.09909192,0.09565738,0.8052507
593,0.09936045,0.09560739,0.8050322
594,0.09950797,0.09552582,0.8049662
595,0.09956632,0.09543291,0.8050008
596,0.09956558,0.09530864,0.8051258
597,0.09951749,0.09519629,0.8052862
598,0.09943897,0.09510183,0.8054593
599,0.09934191,0.09502833,0.8056297
600,0.09923445,0.0949771,0.8057885
601,0.1002978,0.09529258,0.8044096
602,0.1019781,0.09598102,0.8020408
603,0.1028773,0.09573685,0.8013859
604,0.1031616,0.09525358,0.8015848
605,0.1030462,0.09471007,0.8022438
606,0.1027024,0.09419474,0.8031029
607,0.1022461,0.09375957,0.8039943
608,0.1017452,0.0934648,0.80479
609,0.1012488,0.09328578,0.8054654
610,0.1007776,0.09322327,0.8059991
611,0.100342,0.09327158,0.8063864
612,0.09994639,0.0934231,0.8066304
613,0.09628645,0.09353092,0.8101826
614,0.09300385,0.09281662,0.8141796
615,0.09094056,0.09335575,0.8157037
616,0.08970445,0.09441133,0.8158842
617,0.08905181,0.09576456,0.8151836
618,0.08882737,0.09729924,0.8138734
619,0.08893237,0.098931,0.8121367
620,0.08930533,0.1005953,0.8100994
621,0.08991339,0.1022303,0.8078564
622,0.09072153,0.1037515,0.805527
623,0.09169146,0.1050778,0.8032308
624,0.09277617,0.1061396,0.8010843
625,0.09434234,0.1064232,0.7992345
626,0.09599584,0.1071825,0.7968217
627,0.09736209,0.1072062,0.7954317
628,0.0984167,0.106837,0.7947463
629,0.09915899,0.1061862,0.7946548
630,0.09961217,0.1053557,0.7950321
631,0.09981377,0.1044313,0.795755
632,0.09981078,0.1034903,0.7966989
633,0.09965085,0.1025567,0.7977924
634,0.09937675,0.1016608,0.7989624
635,0.0990252,0.1008219,0.8001528
636,0.09862582,0.1000509,0.8013234
637,0.1002526,0.09871274,0.8010347
638,0.1010735,0.09864879,0.8002777
639,0.1012996,0.09800286,0.8006976
640,0.101126,0.09723511,0.8016389
641,0.1007201,0.09648258,0.8027973
642,0.1001996,0.09580719,0.8039932
643,0.09963927,0.09523945,0.8051212
644,0.09908211,0.09479122,0.8061267
645,0.09855224,0.09446628,0.8069815
646,0.09806384,0.09426284,0.8076733
647,0.09762491,0.09417675,0.8081984
648,0.09724058,0.09420325,0.8085562
649,0.09333042,0.09367564,0.8129939
650,0.0918093,0.09392135,0.8142693
651,0.09087011,0.09430768,0.8148223
652,0.09033311,0.09490872,0.8147582
653,0.09008916,0.09566996,0.8142409
654,0.09006599,0.09653027,0.8134037
655,0.09021637,0.09743479,0.8123489
656,0.0905058,0.09834266,0.8111515
657,0.09090697,0.09920488,0.8098882
658,0.09139427,0.09998059,0.8086252
659,0.09194128,0.1006348,0.8074239
660,0.09252059,0.1011416,0.8063378
661,0.09493344,0.1006735,0.8043931
662,0.09637786,0.1013726,0.8022496
663,0.09733588,0.1013522,0.8013119
664,0.09792591,0.1009922,0.801082
665,0.09823916,0.1004312,0.8013297
666,0.09834928,0.09976649,0.8018843
667,0.09831542,0.09906752,0.8026171
668,0.09818303,0.09835236,0.8034646
669,0.09797842,0.09767224,0.8043494
670,0.09772899,0.09704697,0.805224
671,0.09745443,0.09648626,0.8060593
672,0.09716859,0.09599479,0.8068366
673,0.09579062,0.09662531,0.807584
674,0.09292411,0.09477194,0.812304
675,0.09104686,0.09459401,0.8143592
676,0.08992934,0.09500755,0.8150631
677,0.08937111,0.09571989,0.814909
678,0.0892235,0.09658609,0.8141904
679,0.089375,0.09750601,0.813119
680,0.08974379,0.09843394,0.8118223
681,0.09026333,0.0992686,0.810468
682,0.09088264,0.09997141,0.809146
683,0.09155684,0.1005102,0.807933
684,0.09224553,0.100866,0.8068884
685,0.09088017,0.1008512,0.8082686
686,0.09261364,0.1018217,0.8055648
687,0.0940947,0.1013067,0.8045986
688,0.09505698,0.1004046,0.8045385
689,0.09551423,0.09931087,0.8051748
690,0.09556981,0.09815375,0.8062765
691,0.09533979,0.09703267,0.8076276
692,0.09492654,0.09598541,0.8090881
693,0.09442433,0.09508421,0.8104915
694,0.09388877,0.09432279,0.8117884
695,0.09335444,0.09369475,0.8129508
696,0.09284186,0.09319049,0.8139676
697,0.09533497,0.09338333,0.8112816
698,0.09530177,0.09266374,0.8120345
699,0.09502685,0.09246981,0.8125033
700,0.09473028,0.0924209,0.8128489
701,0.09447271,0.09246159,0.8130658
702,0.09426869,0.09257775,0.8131536
703,0.09411962,0.09275892,0.8131214
704,0.09402063,0.09301736,0.812962
705,0.09397121,0.09332128,0.8127075
706,0.09396652,0.09366316,0.8123703
707,0.09400284,0.09403355,0.8119636
708,0.09407673,0.09442139,0.8115019
709,0.08853768,0.09371521,0.8177471
710,0.08778824,0.09491049,0.8173013
711,0.08756141,0.09525133,0.8171873
712,0.08756056,0.09551983,0.8169196
713,0.08765128,0.09575289,0.8165958
714,0.08777648,0.09593427,0.8162893
715,0.08791204,0.0960601,0.8160279
716,0.08804597,0.0961307,0.8158234
717,0.0881599,0.09614111,0.815699
718,0.08825188,0.09610917,0.815639
719,0.08832198,0.09604428,0.8156337
720,0.08837086,0.09595422,0.815675
721,0.09542931,0.09572075,0.8088499
722,0.0975583,0.09581421,0.8066275
723,0.09853633,0.09563121,0.8058324
724,0.09888025,0.09519748,0.8059223
725,0.09885886,0.09466173,0.8064793
726,0.09863577,0.09412519,0.8072391
727,0.09831109,0.09364454,0.8080443
728,0.09794482,0.09326203,0.8087931
729,0.09757271,0.09296842,0.8094588
730,0.09721366,0.09276897,0.8100173
731,0.09687816,0.09266148,0.8104604
732,0.09657177,0.09264114,0.8107871
733,0.09399272,0.09185666,0.8141506
734,0.09229162,0.09181825,0.8158901
735,0.09124809,0.09215888,0.8165931
736,0.09065025,0.09272671,0.816623
737,0.09035931,0.09344482,0.8161958
738,0.09028517,0.09425435,0.8154606
739,0.09036761,0.09510572,0.8145266
740,0.09056669,0.09596201,0.8134714
741,0.09086538,0.09680708,0.8123276
742,0.09124134,0.0975993,0.8111593
743,0.09167426,0.09830724,0.8100185
744,0.09214376,0.09890596,0.8089502
745,0.08903221,0.09987304,0.8110948
746,0.08874398,0.1000716,0.8111844
747,0.08882088,0.1002244,0.8109546
748,0.08909877,0.1003963,0.8105049
749,0.08947036,0.1005121,0.8100175
750,0.08987156,0.1005358,0.8095926
751,0.09026093,0.1004575,0.8092816
752,0.09061039,0.1002468,0.8091428
753,0.09091424,0.09996953,0.8091162
754,0.09116729,0.0996293,0.8092034
755,0.0913682,0.09924102,0.8093908
756,0.0915186,0.09882118,0.8096603
757,0.08936401,0.09771594,0.81292
758,0.08810739,0.09716635,0.8147262
759,0.08732971,0.09687594,0.8157944
760,0.08689426,0.09673742,0.8163683
761,0.08669607,0.09667981,0.8166241
762,0.08665702,0.09665316,0.8166898
763,0.08671999,0.09662476,0.8166552
764,0.08684289,0.09658363,0.8165735
765,0.08699697,0.09650811,0.8164949
766,0.08716355,0.0963954,0.8164411
767,0.08733014,0.09624638,0.8164234
768,0.08748839,0.09606402,0.8164476
769,0.09198135,0.09516638,0.8128522
770,0.09391329,0.09548119,0.8106055
771,0.09495352,0.09517384,0.8098726
772,0.09541722,0.09460666,0.8099761
773,0.09552173,0.09394373,0.8105345
774,0.09541491,0.09327901,0.8113061
775,0.0951935,0.09266537,0.8121411
776,0.09492033,0.09210761,0.8129721
777,0.09462688,0.0916336,0.8137395
778,0.09433759,0.09124587,0.8144165
779,0.09406682,0.09094203,0.8149911
780,0.09382279,0.09071728,0.81546
781,0.09493357,0.09186386,0.8132026
782,0.09664511,0.09224394,0.811111
783,0.09761074,0.09189763,0.8104917
784,0.09797822,0.09137496,0.8106468
785,0.09796537,0.09082773,0.8112069
786,0.09774154,0.09033028,0.8119282
787,0.09742066,0.08992688,0.8126524
788,0.097069,0.08964755,0.8132834
789,0.09672631,0.08948848,0.8137852
790,0.0964163,0.08944856,0.8141351
791,0.09615134,0.08951913,0.8143296
792,0.09593748,0.08968837,0.8143741
793,0.09590022,0.08975934,0.8143404
794,0.09463445,0.08951975,0.8158458
795,0.09391376,0.09001166,0.8160746
796,0.09360695,0.09075973,0.8156333
797,0.09360756,0.09164079,0.8147517
798,0.09382639,0.09257475,0.8135989
799,0.09419664,0.09349488,0.8123085
800,0.09466764,0.09434779,0.8109846
801,0.09519465,0.09508763,0.8097177
802,0.09574545,0.09568806,0.8085665
803,0.09629259,0.09613077,0.8075766
804,0.0968129,0.09640802,0.806779
805,0.09636348,0.09589266,0.8077438
806,0.09561659,0.09562598,0.8087574
807,0.09527261,0.09560962,0.8091177
808,0.09520208,0.09563193,0.809166
809,0.09530149,0.09563036,0.8090681
810,0.09548973,0.09556501,0.8089453
811,0.09570724,0.0954138,0.808879
812,0.09591827,0.09514333,0.8089384
813,0.09608224,0.09478129,0.8091365
814,0.09618856,0.09435091,0.8094606
815,0.09623503,0.09387443,0.8098905
816,0.09622499,0.09337357,0.8104014
817,0.09609141,0.09312377,0.8107849
818,0.09705663,0.09317261,0.8097708
819,0.09761161,0.09253655,0.8098519
820,0.09775899,0.09173355,0.8105074
821,0.09761696,0.09091805,0.811465
822,0.09730075,0.09016465,0.8125346
823,0.09689634,0.08951383,0.8135898
824,0.09645501,0.08900104,0.814544
825,0.09602296,0.08861914,0.8153579
826,0.09561735,0.08836042,0.8160222
827,0.09524581,0.08821622,0.816538
828,0.09491083,0.08817762,0.8169116
829,0.09316288,0.08793922,0.8188979
830,0.09123278,0.08743516,0.821332
831,0.08996535,0.08776475,0.8222699
832,0.08921707,0.08845294,0.82233
833,0.08883986,0.08933322,0.8218269
834,0.08871829,0.09031351,0.8209682
835,0.08876996,0.09133097,0.8198991
836,0.08894113,0.09233373,0.8187251
837,0.08920477,0.09330833,0.8174869
838,0.08953407,0.09421841,0.8162475
839,0.08990931,0.09503871,0.815052
840,0.09031358,0.09574912,0.8139373
841,0.09049825,0.0967475,0.8127543
842,0.09104447,0.09715,0.8118055
843,0.09155495,0.09741297,0.8110321
844,0.09200501,0.09754602,0.8104489
845,0.0923836,0.09755326,0.8100631
846,0.09269044,0.09745133,0.8098583
847,0.09292801,0.0972607,0.8098113
848,0.09310059,0.09700881,0.8098906
849,0.09321584,0.09670724,0.8100769
850,0.09328017,0.09637371,0.8103461
851,0.09330044,0.09602387,0.8106757
852,0.09328345,0.09567134,0.8110452
853,0.09786522,0.09522141,0.8069134
854,0.1007389,0.09587312,0.803388
855,0.1021768,0.09524661,0.8025766
856,0.1026081,0.09425108,0.8031408
857,0.102438,0.09318084,0.8043811
858,0.1019525,0.09218322,0.8058642
859,0.1013306,0.09133382,0.8073355
860,0.1006749,0.09066331,0.8086617
861,0.100047,0.09018239,0.8097706
862,0.0994715,0.08987783,0.8106507
863,0.0989577,0.08973482,0.8113075
864,0.09850717,0.08973894,0.8117539
865,0.08728439,0.08910535,0.8236102
866,0.08089527,0.08779453,0.8313102
867,0.0765841,0.08824673,0.8351691
868,0.07364866,0.08967311,0.8366782
869,0.07169957,0.09172041,0.83658
870,0.07051823,0.09417744,0.8353043
871,0.06999058,0.09688003,0.8331294
872,0.07006342,0.09970446,0.8302321
873,0.07071648,0.1024044,0.8268791
874,0.07191124,0.1047283,0.8233604
875,0.07356876,0.1064413,0.8199899
876,0.07555383,0.1073888,0.8170574
877,0.08669697,0.1079473,0.8053558
878,0.0945145,0.1083622,0.7971233
879,0.09950312,0.1062035,0.7942934
880,0.1019542,0.1031325,0.7949134
881,0.102608,0.09984247,0.7975495
882,0.1021813,0.09676556,0.801053
883,0.1012127,0.0941014,0.8046859
884,0.1000478,0.09187632,0.8080759
885,0.0988657,0.09006799,0.8110663
886,0.09775679,0.08862039,0.8136228
887,0.09675325,0.08747388,0.8157729
888,0.09585769,0.08657815,0.8175642
889,0.09914111,0.08610138,0.8147575
890,0.09942512,0.08551519,0.8150597
891,0.09921578,0.0851505,0.8156337
892,0.0988331,0.08491071,0.8162562
893,0.09840386,0.08479321,0.8168029
894,0.09798618,0.08480683,0.817207
895,0.09760986,0.08495756,0.8174326
896,0.09728746,0.08524912,0.8174634
897,0.09702317,0.08567743,0.8172994
898,0.09682186,0.08624329,0.8169349
899,0.09668747,0.08694319,0.8163694
900,0.09662434,0.08776847,0.8156071
901,0.09198771,0.08837535,0.8196369
902,0.08926129,0.08857824,0.8221605
903,0.08771513,0.08975227,0.8225325
904,0.08699189,0.09142242,0.8215857
905,0.08687329,0.09337424,0.8197525
906,0.08720803,0.09543242,0.8173596
907,0.08788556,0.0974291,0.8146853
908,0.08881629,0.09922356,0.8119602
909,0.08992308,0.1006507,0.8094262
910,0.091122,0.1016041,0.8072739
911,0.09232617,0.1020305,0.8056433
912,0.09345057,0.1019378,0.8046117
913,0.09410194,0.1016736,0.8042246
914,0.09395106,0.1002469,0.805802
915,0.09387727,0.09918267,0.8069401
916,0.0938757,0.09815639,0.8079679
917,0.09390629,0.09713374,0.80896
918,0.09392513,0.09610672,0.8099682
919,0.09390091,0.09507942,0.8110197
920,0.09381798,0.09405869,0.8121234
921,0.09366861,0.09306254,0.8132688
922,0.09345795,0.09210929,0.8144329
923,0.09319665,0.09121347,0.8155898
924,0.09289743,0.09038584,0.8167167
925,0.09411752,0.09041516,0.8154674
926,0.09698582,0.0912867,0.8117275
927,0.09872674,0.09019627,0.811077
928,0.09923172,0.08859811,0.8121702
929,0.09890658,0.08697401,0.8141194
930,0.09814668,0.08551878,0.8163345
931,0.09721733,0.08431029,0.8184723
932,0.09626994,0.08336799,0.820362
933,0.09537946,0.08267982,0.8219407
934,0.0945759,0.0822248,0.8231993
935,0.09386601,0.08198014,0.8241538
936,0.09324585,0.08192529,0.8248289
937,0.09485064,0.08175562,0.8233938
938,0.09326185,0.08112889,0.8256092
939,0.09215422,0.0816185,0.8262272
940,0.09153225,0.08255547,0.8259123
941,0.09127399,0.08374614,0.8249799
942,0.09127316,0.08510411,0.8236227
943,0.09145384,0.08657333,0.8219728
944,0.0917578,0.08813579,0.8201064
945,0.09218322,0.08975626,0.8180605
946,0.09271026,0.09138355,0.8159062
947,0.09332508,0.09296782,0.8137071
948,0.09401337,0.09445483,0.8115318
949,0.09228883,0.09568772,0.8120235
950,0.09190735,0.09657668,0.811516
951,0.09201331,0.09754573,0.810441
952,0.09244781,0.09844475,0.8091074
953,0.09308607,0.09916692,0.807747
954,0.09382553,0.09963775,0.8065367
955,0.09458229,0.09981902,0.8055987
956,0.09529278,0.09969546,0.8050118
957,0.09591995,0.09932163,0.8047584
958,0.09643421,0.098731,0.8048348
959,0.09682166,0.09797587,0.8052025
960,0.09708204,0.0971114,0.8058065
961,0.09734327,0.09656062,0.8060961
962,0.09803893,0.0958373,0.8061238
963,0.09842049,0.09479792,0.8067816
964,0.0985121,0.0936972,0.8077907
965,0.09839705,0.09262931,0.8089736
966,0.09815332,0.09164298,0.8102037
967,0.09784184,0.09076391,0.8113943
968,0.09750459,0.08999357,0.8125018
969,0.0971531,0.08932613,0.8135208
970,0.09680551,0.08876304,0.8144314
971,0.09647309,0.08829866,0.8152282
972,0.09616239,0.08792587,0.8159117
973,0.09071348,0.08713993,0.8221466
974,0.08760215,0.08628917,0.8261088
975,0.08560779,0.08626759,0.8281246
976,0.0844122,0.08667731,0.8289105
977,0.08377832,0.08731522,0.8289065
978,0.08353169,0.08805338,0.828415
979,0.08354788,0.08880557,0.8276466
980,0.08373741,0.08951402,0.8267486
981,0.08402602,0.09012441,0.8258496
982,0.08436738,0.0906199,0.8250127
983,0.08472836,0.09098912,0.8242825
984,0.08508439,0.09122835,0.8236873
985,0.08926416,0.09130577,0.8194301
986,0.09117077,0.09149347,0.8173358
987,0.0922625,0.09130875,0.8164287
988,0.09282331,0.0908758,0.8163009
989,0.09303165,0.09030697,0.8166614
990,0.09301185,0.08968553,0.8173026
991,0.09285083,0.08906623,0.8180829
992,0.09260912,0.08848213,0.8189088
993,0.0923252,0.08795016,0.8197247
994,0.09202459,0.08748114,0.8204942
995,0.09172373,0.08707961,0.8211966
996,0.09143267,0.08674662,0.8218207
997,0.09019108,0.08632838,0.8234805
998,0.08936145,0.08600429,0.8246343
999,0.08877803,0.08590457,0.8253174
1000,0.08838707,0.08594312,0.8256698
1001,0.08813582,0.08607232,0.8257918
1002,0.08798376,0.08626218,0.825754
1003,0.08790084,0.08649204,0.8256071
1004,0.08786284,0.08675702,0.8253801
1005,0.08786985,0.08704933,0.8250808
1006,0.08791151,0.08735197,0.8247365
1007,0.08797965,0.08765469,0.8243657
1008,0.0880681,0.08794954,0.8239824
1009,0.09083094,0.08833002,0.820839
1010,0.09086807,0.08801292,0.821119
1011,0.09073426,0.08828656,0.8209792
1012,0.09068698,0.08870457,0.8206084
1013,0.09076317,0.08915944,0.8200773
1014,0.09094009,0.08959951,0.8194604
1015,0.09118225,0.08998961,0.8188282
1016,0.09145969,0.09029461,0.8182457
1017,0.09175028,0.09051832,0.8177314
1018,0.09203321,0.09064931,0.8173174
1019,0.09229344,0.09068727,0.8170193
1020,0.09252089,0.09063779,0.8168413
1021,0.08947609,0.09051972,0.8200042
1022,0.08848494,0.09029949,0.8212156
1023,0.08801168,0.09008725,0.821901
1024,0.08781607,0.08991145,0.8222725
1025,0.08777211,0.08974437,0.8224835
1026,0.08780633,0.08956281,0.8226308
1027,0.08787391,0.08935491,0.8227712
1028,0.08794617,0.08911512,0.8229387
1029,0.08799826,0.08884103,0.8231607
1030,0.08802252,0.08854456,0.823433
1031,0.08801734,0.08823555,0.8237471
1032,0.08798442,0.08792306,0.8240924
1033,0.09435184,0.08845918,0.817189
1034,0.0982357,0.08907402,0.8126903
1035,0.1003476,0.08845802,0.8111944
1036,0.1011005,0.08736723,0.8115323
1037,0.1010057,0.08616054,0.8128337
1038,0.1004623,0.08502737,0.8145103
1039,0.09973232,0.08406068,0.816207
1040,0.09897126,0.08329432,0.8177344
1041,0.09825716,0.08272979,0.8190131
1042,0.09762894,0.08235729,0.8200138
1043,0.09709998,0.08215965,0.8207403
1044,0.09667026,0.08211851,0.8212112
1045,0.09515919,0.0823092,0.8225316
1046,0.09462384,0.08254355,0.8228326
1047,0.09431681,0.08286805,0.8228151
1048,0.09414262,0.08329825,0.8225591
1049,0.09405991,0.08382335,0.8221167
1050,0.09404901,0.08442965,0.8215213
1051,0.09409914,0.08510338,0.8207975
1052,0.09420256,0.08583302,0.8199645
1053,0.09435986,0.08661152,0.8190286
1054,0.09456677,0.08742137,0.8180119
1055,0.09481922,0.08824511,0.8169357
1056,0.09511281,0.0890637,0.8158236
1057,0.09474162,0.0898028,0.8154556
1058,0.09404602,0.09008542,0.8158686
1059,0.0937786,0.09085986,0.8153616
1060,0.09385447,0.09176452,0.814381
1061,0.09417785,0.09267247,0.8131498
1062,0.0946633,0.09350169,0.8118351
1063,0.09523956,0.09419201,0.8105685
1064,0.09584635,0.09472159,0.809432
1065,0.09644866,0.09505787,0.8084936
1066,0.09701228,0.09519657,0.8077911
1067,0.09751242,0.09514944,0.8073381
1068,0.09793276,0.09493857,0.8071286
1069,0.09818239,0.09556322,0.8062544
1070,0.09899166,0.09515447,0.8058538
1071,0.09955641,0.09449605,0.8059476
1072,0.09985669,0.09372724,0.8064161
1073,0.09994113,0.09292107,0.8071378
1074,0.0998655,0.09212657,0.808008
1075,0.09968136,0.09137824,0.8089404
1076,0.0994299,0.09069335,0.8098768
1077,0.09913547,0.09007996,0.8107846
1078,0.09882085,0.0895446,0.8116346
1079,0.09850215,0.08908734,0.8124105
1080,0.0981901,0.08870564,0.8131043
1081,0.09338982,0.08714297,0.8194672
1082,0.09040316,0.08645567,0.8231412
1083,0.08846875,0.08647859,0.8250526
1084,0.08731164,0.08688878,0.8257996
1085,0.08670403,0.08749717,0.8257987
1086,0.08647429,0.08818228,0.8253434
1087,0.08649542,0.08886284,0.8246418
1088,0.08667713,0.08948393,0.8238389
1089,0.08694706,0.09000913,0.8230438
1090,0.08725879,0.09042662,0.8223146
1091,0.08758072,0.09073214,0.8216872
1092,0.08789111,0.09092773,0.8211811
1093,0.09444063,0.09137419,0.8141852
1094,0.09825189,0.09216657,0.8095816
