EwEVersion,"6.5.13829.0 (compiled 2016-05-17)"
Date,"2016-09-06 16:58:41"
ModelName,Baltic_Proper-SEALS
EcosimScenario,Proper1_SealVuln100_19742100_seal1_cofF03
TimeSeries,new_data_weights_19742100_BAU_WAR1_codF03_seal100
StartYear,1974

Data,"Prey of Pseudocalanus sp."

TimeStep,"Cyanobacteria","Phytoplankton","microzooplankton","Detritus-water column",
1,0.04366293,0.4557546,0.2818175,0.2187648
2,0.0400933,0.4747883,0.2833427,0.2017757
3,0.03816162,0.4799529,0.2887888,0.1930968
4,0.03708254,0.4799942,0.2942973,0.1886259
5,0.03647449,0.4783787,0.2987402,0.1864066
6,0.03613124,0.4764783,0.3019903,0.1854002
7,0.0359361,0.474777,0.3042554,0.1850316
8,0.03582186,0.4733877,0.3058116,0.1849787
9,0.03574984,0.4722825,0.306905,0.1850627
10,0.03569806,0.4713918,0.3077239,0.1851862
11,0.0356543,0.4706464,0.3084007,0.1852987
12,0.03561193,0.4699903,0.3090229,0.185375
13,0.03617778,0.4636158,0.3116299,0.1885765
14,0.03655842,0.4606593,0.3120425,0.1907397
15,0.03677773,0.4593259,0.3119141,0.1919824
16,0.03688683,0.4587188,0.311784,0.1926104
17,0.03692296,0.4583818,0.3118586,0.1928367
18,0.0369129,0.4581037,0.3121724,0.1928111
19,0.03687528,0.4578027,0.3126848,0.1926372
20,0.03682293,0.4574618,0.313329,0.1923863
21,0.03676483,0.4570924,0.3140332,0.1921095
22,0.03670746,0.4567172,0.3147301,0.1918453
23,0.03665565,0.4563604,0.3153605,0.1916234
24,0.03661297,0.4560439,0.3158765,0.1914666
25,0.0331501,0.4876059,0.3057854,0.1734587
26,0.0311473,0.4966094,0.3089246,0.1633187
27,0.0300859,0.4979153,0.3136111,0.1583877
28,0.02950414,0.4967392,0.3177379,0.1560188
29,0.02919316,0.4950518,0.3206866,0.1550684
30,0.02903376,0.4935321,0.322546,0.1548883
31,0.02895668,0.4923404,0.3235983,0.1551045
32,0.02892209,0.4914492,0.3241238,0.155505
33,0.02890749,0.4907782,0.3243417,0.1559726
34,0.02890019,0.4902472,0.3244103,0.1564424
35,0.02889356,0.489793,0.3244314,0.1568819
36,0.02888434,0.4893726,0.3244662,0.1572768
37,0.02955887,0.4812846,0.3278544,0.1613022
38,0.03001414,0.4778103,0.3281161,0.1640595
39,0.03029162,0.4764453,0.3274859,0.1657773
40,0.03044759,0.4759791,0.3267741,0.1667992
41,0.03052419,0.4758197,0.3262832,0.1673729
42,0.03055126,0.4757065,0.3260723,0.1676698
43,0.03054884,0.4755455,0.326102,0.1678037
44,0.03052986,0.475318,0.3263055,0.1678467
45,0.03050243,0.4750355,0.326618,0.167844
46,0.03047219,0.4747207,0.326979,0.167828
47,0.0304427,0.4743961,0.3273412,0.16782
48,0.03041627,0.4740805,0.3276694,0.1678339
49,0.03112202,0.4656734,0.3313853,0.1718192
50,0.03161122,0.4620529,0.3317747,0.1745611
51,0.0319217,0.4607027,0.3311035,0.1762721
52,0.03211289,0.4603889,0.330176,0.1773222
53,0.03222897,0.4604934,0.3293034,0.1779742
54,0.03230109,0.4607324,0.3285587,0.1784078
55,0.0323495,0.4609911,0.327923,0.1787364
56,0.03238653,0.461233,0.3273543,0.1790261
57,0.03241906,0.4614532,0.3268161,0.1793116
58,0.03244996,0.4616547,0.3262921,0.1796034
59,0.03248022,0.4618403,0.3257777,0.1799018
60,0.03250977,0.4620113,0.325277,0.1802018
61,0.03279651,0.4583774,0.3270486,0.1817774
62,0.0329813,0.4566708,0.3275991,0.1827488
63,0.03311393,0.4559421,0.3274815,0.1834624
64,0.03320458,0.4556984,0.3271341,0.1839629
65,0.03326678,0.4556791,0.3267309,0.1843233
66,0.03331061,0.4557526,0.3263398,0.1845971
67,0.0333429,0.4558569,0.3259811,0.1848191
68,0.03336789,0.455964,0.3256585,0.1850096
69,0.03338807,0.4560619,0.3253711,0.185179
70,0.03340508,0.4561472,0.3251136,0.1853342
71,0.03341977,0.4562194,0.3248827,0.1854781
72,0.03343256,0.4562791,0.3246769,0.1856114
73,0.03145631,0.476575,0.3172291,0.1747396
74,0.03024613,0.4832559,0.318229,0.168269
75,0.0295532,0.4847052,0.320933,0.1648086
76,0.02915549,0.4842364,0.3235898,0.1630183
77,0.02892856,0.4832236,0.3256813,0.1621666
78,0.02879884,0.4821925,0.3271807,0.1618279
79,0.02872261,0.4813037,0.3282202,0.1617535
80,0.02867417,0.4805715,0.3289544,0.1617998
81,0.02863875,0.479962,0.3295127,0.1618865
82,0.02860807,0.4794324,0.3299897,0.16197
83,0.02857767,0.4789471,0.330447,0.1620281
84,0.02854539,0.4784811,0.3309222,0.1620512
85,0.02860034,0.4783809,0.3303103,0.1627084
86,0.02864648,0.4784861,0.3295572,0.1633102
87,0.02865083,0.4785344,0.3292269,0.1635879
88,0.0286345,0.4784752,0.329192,0.1636983
89,0.028605,0.4783058,0.3293932,0.163696
90,0.02856615,0.4780417,0.3297829,0.1636092
91,0.02852024,0.4777029,0.3303211,0.1634558
92,0.02846891,0.4773081,0.3309737,0.1632493
93,0.02841358,0.4768747,0.3317096,0.1630021
94,0.02835585,0.4764191,0.3324978,0.1627274
95,0.0282976,0.4759564,0.333305,0.1624411
96,0.02824105,0.4755028,0.3340945,0.1621615
97,0.02775283,0.4804463,0.3323175,0.1594833
98,0.02743677,0.4821348,0.3325769,0.1578515
99,0.02723672,0.4824592,0.3333916,0.1569125
100,0.02711729,0.4822812,0.3341454,0.1564561
101,0.02705215,0.4819891,0.3346333,0.1563255
102,0.02702351,0.4817384,0.3348223,0.1564157
103,0.02701935,0.4815749,0.3347504,0.1566554
104,0.02703137,0.4814954,0.334479,0.1569942
105,0.02705368,0.4814784,0.3340726,0.1573953
106,0.02708176,0.4814977,0.3335923,0.1578284
107,0.02711206,0.4815294,0.3330894,0.1582691
108,0.0271419,0.4815552,0.3326046,0.1586984
109,0.02802958,0.4717748,0.3360826,0.164113
110,0.02866479,0.4678608,0.3355022,0.1679722
111,0.02907423,0.4666476,0.3338796,0.1703987
112,0.02932973,0.4665942,0.3321984,0.1718776
113,0.02948329,0.4669358,0.3308393,0.1727416
114,0.02957215,0.4673304,0.3298746,0.1732228
115,0.02962137,0.4676506,0.3292538,0.1734743
116,0.02964705,0.4678677,0.3288927,0.1735924
117,0.02965911,0.4679938,0.3287114,0.1736358
118,0.0296634,0.4680509,0.3286479,0.1736378
119,0.02966344,0.4680609,0.3286573,0.1736185
120,0.02966129,0.4680413,0.3287082,0.1735892
121,0.02934244,0.4711924,0.3277817,0.1716834
122,0.02912392,0.4722255,0.3282636,0.1703869
123,0.02899351,0.4723899,0.3289608,0.1696558
124,0.02891519,0.4722258,0.3296125,0.1692465
125,0.02886892,0.4719749,0.330125,0.1690312
126,0.02884188,0.4717343,0.3304938,0.1689299
127,0.02882604,0.4715347,0.330746,0.1688932
128,0.02881651,0.4713781,0.3309138,0.1688915
129,0.02881043,0.4712569,0.3310248,0.1689079
130,0.02880617,0.4711621,0.3310989,0.1689329
131,0.02880281,0.4710858,0.3311502,0.1689613
132,0.02879984,0.4710221,0.3311877,0.1689904
133,0.03107048,0.4410916,0.3461326,0.1817054
134,0.03271073,0.4257895,0.3511922,0.1903076
135,0.03385416,0.4186106,0.3516169,0.1959184
136,0.03458286,0.4156741,0.35064,0.199103
137,0.03501634,0.4147824,0.3495574,0.2006439
138,0.03526049,0.4147786,0.3487591,0.2012018
139,0.0353962,0.4151172,0.3482248,0.2012618
140,0.03547912,0.4155788,0.3477961,0.201146
141,0.03554447,0.4160982,0.3473088,0.2010486
142,0.03561351,0.4166721,0.3466335,0.201081
143,0.03569745,0.4173139,0.3456933,0.2012953
144,0.03580117,0.4180361,0.3444554,0.2017074
145,0.03271698,0.4543293,0.3283747,0.1845791
146,0.03100077,0.467705,0.3257764,0.1755178
147,0.03009409,0.4724934,0.3262419,0.1711706
148,0.02961607,0.4739084,0.3272547,0.1692209
149,0.02936777,0.4740688,0.3280831,0.1684803
150,0.02924176,0.473835,0.3285974,0.1683259
151,0.02917946,0.4735296,0.3288573,0.1684336
152,0.02914914,0.473252,0.3289593,0.1686395
153,0.02913379,0.4730157,0.3289869,0.1688636
154,0.0291243,0.4728071,0.3290001,0.1690685
155,0.0291159,0.472608,0.3290382,0.1692379
156,0.02910605,0.4724034,0.3291252,0.1693654
157,0.03451302,0.4078953,0.3573082,0.2002835
158,0.03940519,0.3681998,0.3649669,0.2274281
159,0.04341533,0.3445506,0.3634385,0.2485955
160,0.04645224,0.331389,0.3585302,0.2636285
161,0.04857721,0.3247693,0.3534334,0.2732201
162,0.0499473,0.3219716,0.3495553,0.2785259
163,0.05075501,0.3212138,0.3472255,0.2808057
164,0.05118358,0.3214235,0.346209,0.281184
165,0.05138333,0.3220295,0.3460464,0.2805408
166,0.05146574,0.3227775,0.3462543,0.2795024
167,0.05150741,0.3235856,0.3464257,0.2784813
168,0.05155673,0.3244479,0.346272,0.2777234
169,0.04741256,0.3671897,0.3303617,0.255036
170,0.0448836,0.387352,0.3259172,0.2418472
171,0.04380365,0.397351,0.3216012,0.237244
172,0.043328,0.4030481,0.3177063,0.2359176
173,0.0431107,0.4064235,0.3147432,0.2357226
174,0.04302894,0.4085378,0.312447,0.2359862
175,0.04301205,0.4099293,0.3107076,0.236351
176,0.04302216,0.4108849,0.3094378,0.2366552
177,0.0430408,0.4115645,0.3085485,0.2368463
178,0.04306005,0.4120606,0.3079549,0.2369245
179,0.04307682,0.4124299,0.3075854,0.2369078
180,0.04309006,0.4127096,0.3073845,0.2368159
181,0.04183706,0.4259411,0.3022794,0.2299425
182,0.04099062,0.4319857,0.3016572,0.2253664
183,0.04045369,0.4344973,0.302544,0.2225051
184,0.04011884,0.4353145,0.3038374,0.2207292
185,0.03991141,0.4353798,0.3050963,0.2196124
186,0.03978157,0.435155,0.3061861,0.2188773
187,0.03969697,0.4348505,0.3071045,0.218348
188,0.03963698,0.4345508,0.3078965,0.2179157
189,0.03958869,0.4342804,0.3086169,0.2175139
190,0.03954432,0.434038,0.3093135,0.2171041
191,0.03949916,0.4338132,0.3100235,0.2166641
192,0.03945049,0.4335945,0.3107736,0.2161814
193,0.03867259,0.4411125,0.3083947,0.2118202
194,0.03813435,0.4442956,0.3087534,0.2088166
195,0.03777187,0.4453981,0.3100501,0.2067799
196,0.03752746,0.4455318,0.3115637,0.205377
197,0.03735952,0.4452654,0.3130017,0.2043734
198,0.03724027,0.4448748,0.3142667,0.2036182
199,0.0371521,0.4444852,0.3153432,0.2030194
200,0.0370844,0.4441468,0.3162438,0.202525
201,0.03703117,0.4438751,0.3169856,0.2021081
202,0.03698945,0.4436715,0.3175805,0.2017585
203,0.03695796,0.4435328,0.3180351,0.2014741
204,0.03693619,0.4434542,0.3183537,0.2012559
205,0.04006742,0.4107693,0.3312741,0.2178892
206,0.04255964,0.393156,0.3335781,0.2307062
207,0.04437167,0.3842962,0.3317804,0.2395517
208,0.04561313,0.3804749,0.3286995,0.2452125
209,0.04642287,0.379357,0.3256496,0.2485707
210,0.04693521,0.3795548,0.3230833,0.2504267
211,0.04726019,0.3803058,0.3210269,0.2514071
212,0.04747829,0.3812321,0.3193382,0.2519515
213,0.04764275,0.3821719,0.3178485,0.2523368
214,0.04778305,0.3830702,0.3164469,0.2526999
215,0.04791375,0.3839152,0.3150764,0.2530946
216,0.0480399,0.3847083,0.3137277,0.2535241
217,0.04411148,0.4237679,0.2991667,0.232954
218,0.0416986,0.4400159,0.2975595,0.2207259
219,0.04031653,0.4461746,0.2994606,0.2140482
220,0.03952727,0.4479823,0.3020268,0.2104637
221,0.03908259,0.4480376,0.3042704,0.2086094
222,0.03883742,0.4475022,0.3059518,0.2077085
223,0.03870597,0.4468655,0.3071126,0.2073159
224,0.03863757,0.4463053,0.3078786,0.2071785
225,0.03860256,0.4458628,0.3083797,0.2071549
226,0.0385838,0.4455253,0.3087228,0.2071682
227,0.03857166,0.4452643,0.308986,0.207178
228,0.03856084,0.4450514,0.309223,0.2071648
229,0.03914348,0.4379893,0.3127536,0.2101137
230,0.03953565,0.4344403,0.3140613,0.2119627
231,0.03978937,0.4327106,0.3144366,0.2130634
232,0.03993937,0.4319071,0.3145404,0.2136131
233,0.04001762,0.4315354,0.3146558,0.2137913
234,0.04004898,0.4313389,0.3148776,0.2137345
235,0.04005135,0.4311963,0.3152131,0.2135392
236,0.04003706,0.4310592,0.3156326,0.2132712
237,0.04001449,0.4309154,0.3160953,0.2129747
238,0.03998928,0.4307703,0.3165602,0.2126802
239,0.03996528,0.430635,0.3169911,0.2124087
240,0.039945,0.4305219,0.3173586,0.2121744
241,0.03850862,0.4429264,0.3142269,0.2043381
242,0.03754119,0.4475258,0.315819,0.199114
243,0.03697465,0.4487921,0.3180361,0.1961971
244,0.03664685,0.448749,0.3199922,0.1946119
245,0.0364649,0.4483047,0.3214069,0.1938235
246,0.03637029,0.4478371,0.3222913,0.1935014
247,0.0363262,0.4474752,0.3227581,0.1934406
248,0.03630983,0.4472384,0.3229361,0.1935156
249,0.03630745,0.4471045,0.3229363,0.1936518
250,0.03631141,0.4470422,0.3228375,0.193809
251,0.03631749,0.4470234,0.3226933,0.1939659
252,0.03632355,0.4470268,0.3225375,0.1941122
253,0.0359414,0.4534702,0.3180392,0.1925491
254,0.03571264,0.4567751,0.3156881,0.1918242
255,0.03554628,0.4584182,0.3147161,0.1913194
256,0.03543652,0.4591694,0.3143443,0.1910498
257,0.03536581,0.45946,0.3142384,0.1909359
258,0.03531984,0.4595198,0.3142499,0.1909105
259,0.03528865,0.4594663,0.3143166,0.1909284
260,0.03526567,0.4593575,0.3144159,0.190961
261,0.03524686,0.45922,0.3145411,0.190992
262,0.03522978,0.4590663,0.3146911,0.1910128
263,0.03521309,0.4589016,0.3148655,0.1910198
264,0.03519612,0.4587286,0.3150631,0.1910122
265,0.03802617,0.4263578,0.3298459,0.2057701
266,0.04015591,0.4089649,0.3345667,0.2163125
267,0.04166771,0.4001484,0.3348154,0.2233685
268,0.04265537,0.3961096,0.3336691,0.2275659
269,0.04325286,0.3945394,0.3324803,0.2297274
270,0.04358786,0.3941244,0.3316911,0.2305967
271,0.0437642,0.3941875,0.331292,0.2307563
272,0.04385845,0.3944283,0.33109,0.2306232
273,0.04392269,0.394747,0.330858,0.2304723
274,0.04398837,0.3951325,0.3304178,0.2304614
275,0.04407195,0.3956012,0.3296632,0.2306636
276,0.04417855,0.3961665,0.3285669,0.231088
277,0.04526386,0.3887025,0.3292115,0.2368221
278,0.04615586,0.3854971,0.3268011,0.241546
279,0.0468082,0.3845591,0.3237089,0.2449238
280,0.04727481,0.3847891,0.320657,0.2472791
281,0.04760431,0.3855431,0.3179626,0.24889
282,0.04783653,0.386466,0.3157191,0.2499784
283,0.04800155,0.3873782,0.313912,0.2507082
284,0.04812082,0.3882004,0.3124843,0.2511945
285,0.04820888,0.3889072,0.3113699,0.251514
286,0.04827553,0.3894999,0.3105066,0.2517179
287,0.04832716,0.3899916,0.3098418,0.2518395
288,0.0483679,0.390398,0.3093338,0.2519003
289,0.04459705,0.4266526,0.2962407,0.2325097
290,0.04225155,0.4417097,0.2951977,0.220841
291,0.04087997,0.4473002,0.2974918,0.2143281
292,0.04007688,0.4487852,0.3004036,0.2107344
293,0.03960877,0.4486201,0.3029713,0.2087999
294,0.03933763,0.447908,0.3049562,0.2077982
295,0.03918079,0.4471134,0.3063997,0.207306
296,0.03908853,0.4464041,0.3074302,0.2070772
297,0.03903126,0.4458164,0.3081815,0.2069708
298,0.03899179,0.4453361,0.3087633,0.2069089
299,0.03896025,0.4449336,0.3092562,0.2068499
300,0.0389312,0.4445806,0.3097153,0.2067729
301,0.03574353,0.4755996,0.2984748,0.1901821
302,0.03385547,0.4861015,0.2993512,0.1806918
303,0.03276691,0.4886355,0.3030695,0.1755281
304,0.03212961,0.4881411,0.306988,0.1727413
305,0.03175275,0.4866952,0.3102668,0.1712853
306,0.03152632,0.4851279,0.3127777,0.1705681
307,0.03138568,0.4837234,0.3146418,0.1702491
308,0.0312929,0.4825386,0.3160352,0.1701333
309,0.03122607,0.4815464,0.3171161,0.1701115
310,0.03117247,0.4806975,0.3180072,0.1701227
311,0.03112524,0.4799465,0.3187918,0.1701364
312,0.03108088,0.479259,0.3195207,0.1701394
313,0.03517626,0.433058,0.3394478,0.192318
314,0.03858582,0.4074194,0.3437216,0.2102733
315,0.04113782,0.3940955,0.3417163,0.2230503
316,0.042898,0.388014,0.3378111,0.2312769
317,0.04401465,0.3858339,0.3341894,0.2359621
318,0.04466307,0.3855055,0.3316438,0.2381877
319,0.04500402,0.3858957,0.3302059,0.2388943
320,0.04516532,0.3864704,0.3295608,0.2388034
321,0.04523972,0.3870453,0.3292903,0.2384247
322,0.04528743,0.3876071,0.3290291,0.2380764
323,0.04534405,0.3882025,0.3285165,0.2379369
324,0.04542675,0.3888798,0.3276141,0.2380793
325,0.04516664,0.3937317,0.3244513,0.2366503
326,0.04505469,0.3967523,0.3220412,0.2361517
327,0.04503655,0.3988081,0.3199577,0.2361978
328,0.04508005,0.4003366,0.3179978,0.2365856
329,0.04515633,0.4015617,0.316147,0.2371349
330,0.04524497,0.4025898,0.314445,0.2377201
331,0.04533326,0.4034683,0.312933,0.2382655
332,0.04541407,0.4042186,0.3116361,0.2387311
333,0.04548412,0.4048532,0.3105613,0.2391014
334,0.04554318,0.4053828,0.3096937,0.2393804
335,0.04559207,0.405819,0.3090107,0.2395782
336,0.04563198,0.4061745,0.3084871,0.2397064
337,0.0459609,0.4035165,0.309237,0.2412857
338,0.04619678,0.4022458,0.3092294,0.2423281
339,0.04635708,0.4017085,0.3089809,0.2429535
340,0.0464615,0.4015469,0.3087127,0.2432789
341,0.04652621,0.4015585,0.3085193,0.2433961
342,0.04656328,0.4016334,0.3084325,0.2433707
343,0.04658116,0.4017162,0.3084555,0.2432472
344,0.04658562,0.4017812,0.3085783,0.2430549
345,0.04658061,0.4018187,0.3087873,0.2428134
346,0.04656848,0.4018269,0.3090706,0.242534
347,0.04655103,0.4018074,0.3094165,0.2422251
348,0.04652962,0.4017635,0.309813,0.2418939
349,0.03966767,0.4620009,0.2922543,0.2060771
350,0.03593946,0.4795533,0.2974092,0.187098
351,0.03400085,0.4829307,0.3053493,0.1777192
352,0.03294146,0.4817232,0.3123963,0.172939
353,0.03235464,0.4793717,0.3177047,0.170569
354,0.03202825,0.4770916,0.3213969,0.1694833
355,0.03184454,0.4752238,0.3238654,0.1690661
356,0.0317369,0.4737795,0.325508,0.1689756
357,0.03166782,0.4726656,0.326642,0.1690245
358,0.03161652,0.4717762,0.3274941,0.1691133
359,0.03157191,0.4710232,0.3282129,0.1691919
360,0.03152838,0.4703444,0.328889,0.1692382
361,0.03506243,0.4325477,0.3440292,0.1883607
362,0.03797052,0.4127111,0.3454966,0.2038217
363,0.04006937,0.4031067,0.3423738,0.2144501
364,0.041469,0.399244,0.3381981,0.2210889
365,0.04232651,0.3982599,0.3346618,0.2247518
366,0.0428027,0.3984852,0.3323075,0.2264046
367,0.04303426,0.3990566,0.3310747,0.2268344
368,0.04312424,0.3996066,0.3306529,0.2266163
369,0.04314444,0.4000388,0.3306751,0.2261417
370,0.04314298,0.4003852,0.3308029,0.2256689
371,0.04314983,0.40072,0.3307752,0.225355
372,0.04318153,0.4011144,0.330422,0.2252821
373,0.04371608,0.3967671,0.33166,0.2278568
374,0.04414272,0.3949625,0.3309908,0.229904
375,0.04448206,0.3945499,0.329419,0.231549
376,0.044758,0.3949002,0.327423,0.2329188
377,0.04498822,0.3956424,0.3252725,0.2340969
378,0.04518376,0.3965582,0.3231314,0.2351266
379,0.04535101,0.3975193,0.3211046,0.2360252
380,0.04549384,0.3984508,0.3192564,0.2367991
381,0.04561495,0.3993108,0.3176222,0.237452
382,0.0457164,0.4000784,0.3162174,0.2379877
383,0.04580044,0.4007459,0.3150394,0.2384143
384,0.04586939,0.4013147,0.3140728,0.2387432
385,0.04603091,0.4010529,0.3133454,0.2395709
386,0.04615593,0.4011283,0.3125355,0.2401803
387,0.0462436,0.4013456,0.3118483,0.2405626
388,0.0463039,0.4016003,0.3113155,0.2407803
389,0.0463442,0.4018411,0.3109365,0.2408782
390,0.04636962,0.4020457,0.3106981,0.2408865
391,0.04638351,0.4022069,0.3105851,0.2408245
392,0.04638791,0.4023242,0.3105849,0.2407031
393,0.046384,0.4023992,0.3106885,0.2405283
394,0.04637284,0.4024353,0.3108859,0.240306
395,0.04635518,0.4024356,0.3111687,0.2400405
396,0.04633162,0.4024037,0.3115295,0.2397352
397,0.04746506,0.393833,0.3129885,0.2457135
398,0.04834075,0.3897844,0.3116193,0.2502555
399,0.04890494,0.3881696,0.3099502,0.2529753
400,0.04925,0.3877815,0.3085032,0.2544653
401,0.0494459,0.3879367,0.3074712,0.2551463
402,0.04954509,0.3882739,0.30686,0.255321
403,0.04958507,0.3886219,0.3065931,0.2551999
404,0.0495916,0.3889157,0.3065689,0.2549239
405,0.04958175,0.389144,0.3066889,0.2545853
406,0.04956628,0.3893199,0.306873,0.2542409
407,0.04955179,0.3894638,0.3070592,0.2539252
408,0.04954213,0.3895956,0.3072042,0.2536581
409,0.04449135,0.4349923,0.2926165,0.2279
410,0.04149069,0.452163,0.2932648,0.2130815
411,0.03982203,0.4577651,0.2971499,0.205263
412,0.0388811,0.4587837,0.3011773,0.2011579
413,0.03835315,0.4581554,0.3044005,0.199091
414,0.03806038,0.4571032,0.3067033,0.1981332
415,0.03789939,0.4560924,0.3082517,0.1977565
416,0.03780973,0.4552587,0.3092705,0.1976612
417,0.03775636,0.4546048,0.3099586,0.1976802
418,0.03771939,0.4540902,0.3104665,0.1977239
419,0.03768785,0.453668,0.3108975,0.1977467
420,0.03765596,0.4532994,0.311317,0.1977276
421,0.03785306,0.4502824,0.3130586,0.1988059
422,0.03796555,0.4486755,0.3139741,0.1993849
423,0.0380214,0.4477741,0.3145533,0.1996512
424,0.03803432,0.4472177,0.3150674,0.1996806
425,0.03801835,0.4468158,0.3156124,0.1995534
426,0.03798461,0.4464773,0.3162055,0.1993325
427,0.0379414,0.4461651,0.3168277,0.1990657
428,0.03789493,0.4458701,0.3174461,0.198789
429,0.03784996,0.4455965,0.318023,0.1985305
430,0.03781023,0.4453542,0.3185218,0.1983137
431,0.03777854,0.4451541,0.3189108,0.1981565
432,0.03775686,0.4450055,0.3191661,0.1980715
433,0.04057436,0.4141165,0.3330341,0.212275
434,0.0426816,0.3973567,0.337625,0.2223367
435,0.04419466,0.3887519,0.3378523,0.2292012
436,0.04519836,0.3847577,0.3366373,0.2334066
437,0.04583206,0.3832197,0.3351654,0.2357828
438,0.04622674,0.3829071,0.3337961,0.23707
439,0.0464868,0.3831776,0.332501,0.2378345
440,0.04668647,0.3837337,0.3311155,0.2384642
441,0.04687199,0.384457,0.3294834,0.2391876
442,0.04706435,0.3853022,0.3275451,0.2400883
443,0.04726739,0.3862414,0.3253379,0.2411532
444,0.04747428,0.3872402,0.3229761,0.2423095
445,0.04758507,0.3863579,0.3234779,0.2425791
446,0.04761199,0.3857923,0.3242428,0.2423529
447,0.0476497,0.3854159,0.3246696,0.2422648
448,0.04769032,0.3851783,0.3248867,0.2422447
449,0.04773257,0.3850406,0.3249542,0.2422726
450,0.04777563,0.3849752,0.3249145,0.2423346
451,0.04781866,0.3849616,0.3248005,0.2424192
452,0.04786072,0.3849848,0.3246393,0.2425151
453,0.04790087,0.3850324,0.3244539,0.2426128
454,0.0479387,0.3850953,0.324259,0.2427071
455,0.04797392,0.3851668,0.3240655,0.2427938
456,0.0480063,0.3852419,0.3238818,0.24287
457,0.04784236,0.3917261,0.3176836,0.2427479
458,0.04792979,0.3962588,0.3116715,0.24414
459,0.04796166,0.3994085,0.3076614,0.2449685
460,0.04795935,0.4015754,0.305062,0.2454033
461,0.04793946,0.4030252,0.3034475,0.2455878
462,0.0479118,0.4039599,0.3025115,0.2456169
463,0.04788069,0.4045321,0.3020434,0.2455437
464,0.04784719,0.4048529,0.301905,0.2453949
465,0.04781073,0.405,0.3020078,0.2451814
466,0.04777024,0.4050261,0.3022963,0.2449073
467,0.04772455,0.4049656,0.3027365,0.2445733
468,0.0476721,0.4048377,0.3033151,0.244175
469,0.04228053,0.4517843,0.28934,0.2165953
470,0.0391448,0.4676697,0.2921988,0.2009867
471,0.03741449,0.4717122,0.2980982,0.1927751
472,0.03642897,0.4714009,0.3037968,0.1883733
473,0.03585993,0.4697295,0.3083722,0.1860384
474,0.03552737,0.4678753,0.3117634,0.1848338
475,0.03532817,0.466243,0.3141949,0.184234
476,0.03520246,0.4649154,0.3159408,0.1839414
477,0.03511583,0.4638571,0.3172362,0.1837909
478,0.03504876,0.4630002,0.3182582,0.1836928
479,0.03499092,0.4622817,0.3191233,0.1836041
480,0.03493725,0.4616548,0.3199004,0.1835075
481,0.0402539,0.4079546,0.3403651,0.2114263
482,0.04495009,0.3759551,0.3435159,0.235579
483,0.04863465,0.3576103,0.3401096,0.2536454
484,0.05131628,0.348026,0.3346173,0.2660404
485,0.05311493,0.3437335,0.3294753,0.2736762
486,0.05421979,0.3423746,0.325661,0.2777447
487,0.0548362,0.3424472,0.3232739,0.2794427
488,0.0551498,0.3430922,0.3219548,0.2798032
489,0.05531001,0.343895,0.3211637,0.2796313
490,0.05542273,0.3447128,0.3203863,0.2794782
491,0.05555429,0.3455384,0.3192342,0.2796731
492,0.05573611,0.3464113,0.3175023,0.2803503
493,0.05680751,0.3396772,0.3179413,0.2855739
494,0.05773516,0.3362549,0.3158763,0.2901337
495,0.05850337,0.3348454,0.3127042,0.293947
496,0.05912209,0.3346407,0.3091997,0.2970376
497,0.0596097,0.3351029,0.3058114,0.299476
498,0.05998677,0.3358829,0.302782,0.3013483
499,0.06027368,0.3367628,0.3002173,0.3027462
500,0.06048892,0.3376167,0.2981369,0.3037575
501,0.06064854,0.3383794,0.2965096,0.3044626
502,0.0607667,0.3390255,0.2952712,0.3049366
503,0.06085456,0.3395539,0.2943507,0.3052409
504,0.06092051,0.3399764,0.2936809,0.3054221
505,0.05822505,0.3631364,0.286785,0.2918535
506,0.05628231,0.3751202,0.2863125,0.282285
507,0.05504733,0.3807381,0.2878074,0.2764071
508,0.05428696,0.3830724,0.2897092,0.2729314
509,0.05383134,0.3838117,0.2914136,0.2709433
510,0.0535655,0.3838423,0.2927515,0.2698407
511,0.05341429,0.3836083,0.2937352,0.2692421
512,0.05332996,0.3833169,0.2944392,0.268914
513,0.05328277,0.383053,0.2949466,0.2687177
514,0.05325467,0.3828421,0.2953299,0.2685734
515,0.05323509,0.3826831,0.295644,0.2684379
516,0.05321816,0.3825656,0.2959265,0.2682898
517,0.05646054,0.3540708,0.3051572,0.2843116
518,0.05908779,0.336918,0.3071304,0.2968639
519,0.06104306,0.3268562,0.3063374,0.3057633
520,0.06241458,0.3212701,0.3047012,0.3116141
521,0.06331932,0.3184038,0.3031544,0.3151225
522,0.06387823,0.3171028,0.3020471,0.3169718
523,0.06419976,0.3166413,0.3014115,0.3177474
524,0.06437186,0.3165911,0.3011307,0.3179063
525,0.06446037,0.316721,0.3010391,0.3177795
526,0.06451103,0.3169211,0.3009801,0.3175878
527,0.06455313,0.317149,0.3008331,0.3174648
528,0.06460326,0.3173952,0.3005235,0.317478
529,0.06631053,0.3045832,0.3033874,0.3257189
530,0.06775311,0.2966519,0.3030353,0.3325597
531,0.0688622,0.2919532,0.3015182,0.3376663
532,0.06968726,0.2893439,0.2996212,0.3413477
533,0.070286,0.2880442,0.297738,0.3439318
534,0.07071437,0.2875311,0.2960345,0.3457201
535,0.07102029,0.2874644,0.2945559,0.3469595
536,0.07124124,0.2876314,0.2932924,0.3478351
537,0.07140464,0.2879049,0.2922141,0.3484763
538,0.07152949,0.2882133,0.291289,0.3489681
539,0.07162834,0.2885191,0.2904894,0.3493631
540,0.07170916,0.2888045,0.2897945,0.3496918
541,0.06643113,0.3304208,0.2792892,0.3238589
542,0.06251359,0.3530008,0.279375,0.3051107
543,0.06010096,0.3635271,0.2823285,0.2940435
544,0.05866202,0.3679999,0.2855205,0.2878176
545,0.05782321,0.3695907,0.2881156,0.2844705
546,0.05734557,0.3698996,0.2899832,0.2827716
547,0.05708049,0.3697073,0.2912341,0.2819782
548,0.05693697,0.3693741,0.2920364,0.2816525
549,0.05686016,0.3690495,0.2925459,0.2815445
550,0.05681774,0.3687812,0.2928837,0.2815173
551,0.05679123,0.3685729,0.2931364,0.2814994
552,0.05677041,0.3684117,0.2933609,0.281457
553,0.05843426,0.3552682,0.2964187,0.2898789
554,0.0597566,0.3478002,0.2960249,0.2964183
555,0.0606889,0.343798,0.2946891,0.300824
556,0.06130854,0.3418516,0.2932611,0.3035788
557,0.06169416,0.3410513,0.2921145,0.30514
558,0.06191488,0.3408352,0.2913603,0.3058897
559,0.06202561,0.3408761,0.2909774,0.3061209
560,0.06206704,0.3409989,0.2908914,0.3060426
561,0.06206756,0.3411203,0.2910156,0.3057965
562,0.06204624,0.3412095,0.29127,0.3054743
563,0.06201531,0.3412622,0.2915894,0.305133
564,0.06198249,0.3412863,0.2919242,0.3048072
565,0.0597135,0.3598275,0.2868174,0.2936416
566,0.05806836,0.3696486,0.2865075,0.2857755
567,0.05700224,0.3744253,0.2876941,0.2808784
568,0.05633796,0.3765313,0.2891453,0.2779855
569,0.055939,0.3773075,0.2903809,0.2763726
570,0.05570884,0.3774753,0.2912757,0.2755402
571,0.05558241,0.377403,0.2918538,0.2751608
572,0.05551732,0.3772658,0.2921883,0.2750286
573,0.05548683,0.3771371,0.292357,0.2750191
574,0.05547464,0.3770401,0.2924248,0.2750605
575,0.05547115,0.3769754,0.2924397,0.2751137
576,0.05547094,0.3769357,0.2924342,0.2751592
577,0.0565419,0.3683164,0.2946088,0.280533
578,0.05737609,0.3636107,0.2943818,0.2846314
579,0.05795517,0.3612237,0.2934608,0.2873603
580,0.05833724,0.3601632,0.292432,0.2890675
581,0.05857638,0.3598121,0.2915538,0.2900577
582,0.05871757,0.3598035,0.2909043,0.2905746
583,0.0587951,0.3599332,0.2904742,0.2907976
584,0.05883344,0.3600964,0.29022,0.2908503
585,0.05884911,0.3602464,0.290091,0.2908134
586,0.05885269,0.3603678,0.2900428,0.2907367
587,0.05885071,0.3604598,0.2900406,0.2906488
588,0.05884696,0.3605281,0.2900595,0.2905656
589,0.05806555,0.366657,0.2886628,0.2866146
590,0.0574904,0.3699003,0.2888244,0.283785
591,0.05711173,0.3714848,0.2894081,0.2819954
592,0.05687308,0.3721761,0.2900282,0.2809226
593,0.05672912,0.372418,0.2905355,0.2803174
594,0.05664634,0.3724547,0.2908977,0.2800013
595,0.05660134,0.3724127,0.2911322,0.2798537
596,0.05657861,0.3723523,0.2912716,0.2797975
597,0.05656825,0.3722979,0.2913484,0.2797855
598,0.05656411,0.3722565,0.2913897,0.2797897
599,0.05656254,0.3722274,0.2914154,0.2797948
600,0.05656154,0.3722067,0.2914387,0.279793
601,0.05454601,0.3890716,0.2864666,0.2699159
602,0.05312738,0.3973386,0.2863804,0.2631536
603,0.05222457,0.4009859,0.2877561,0.2590333
604,0.05166613,0.4023083,0.2894014,0.2566243
605,0.05132882,0.4025413,0.2908548,0.255275
606,0.05112889,0.4023215,0.2919953,0.2545543
607,0.05101137,0.4019575,0.2928439,0.2541873
608,0.05094119,0.4015856,0.2934687,0.2540046
609,0.05089657,0.4012552,0.2939428,0.2539055
610,0.05086453,0.4009753,0.294327,0.2538333
611,0.05083757,0.4007388,0.2946661,0.2537575
612,0.05081157,0.4005343,0.2949904,0.2536637
613,0.05322728,0.3789791,0.3022353,0.2655582
614,0.05511762,0.3667579,0.3035375,0.2745869
615,0.05646508,0.3601259,0.3026826,0.2807265
616,0.05736645,0.3568235,0.3012337,0.2845764
617,0.05792931,0.3553943,0.2999251,0.2867513
618,0.05825325,0.3549374,0.2990163,0.287793
619,0.05842022,0.3549286,0.2985203,0.2881309
620,0.05849213,0.3550878,0.2983412,0.2880788
621,0.05851286,0.3552831,0.2983516,0.2878525
622,0.05851187,0.355465,0.2984309,0.2875922
623,0.05850775,0.3556256,0.2984843,0.2873823
624,0.05851115,0.3557743,0.2984474,0.2872673
625,0.05789872,0.3612036,0.2966805,0.2842173
626,0.05745824,0.3642047,0.2962339,0.2821032
627,0.05718479,0.3658032,0.2961369,0.2808752
628,0.05703352,0.3666347,0.2960546,0.2802773
629,0.05696553,0.3670716,0.2958677,0.2800951
630,0.05695042,0.3673202,0.2955648,0.2801646
631,0.05696604,0.3674865,0.2951787,0.2803688
632,0.05699721,0.3676202,0.2947529,0.2806297
633,0.05703414,0.3677407,0.2943266,0.2808985
634,0.05707089,0.3678529,0.2939292,0.281147
635,0.05710418,0.3679555,0.2935794,0.2813608
636,0.05713234,0.3680459,0.2932874,0.2815343
637,0.0559386,0.3785218,0.2897622,0.2757774
638,0.05506979,0.3839581,0.2892753,0.2716968
639,0.05449899,0.3865526,0.2898223,0.2691261
640,0.05413722,0.3876293,0.2906518,0.2675816
641,0.05391416,0.3879448,0.2914483,0.2666927
642,0.05377898,0.3879112,0.2921112,0.2661987
643,0.05369695,0.3877407,0.2926356,0.2659268
644,0.05364539,0.3875344,0.293052,0.2657682
645,0.05360997,0.3873348,0.293398,0.2656574
646,0.05358207,0.3871551,0.2937056,0.2655572
647,0.05355674,0.3869961,0.2939986,0.2654486
648,0.0535314,0.3868538,0.2942917,0.2653231
649,0.05423953,0.3801624,0.2968756,0.2687224
650,0.05475662,0.3764568,0.2976961,0.2710905
651,0.05510212,0.3744823,0.2978421,0.2725735
652,0.0553163,0.3734933,0.2977904,0.2734
653,0.0554379,0.3730346,0.2977456,0.2737819
654,0.0554989,0.3728426,0.2977701,0.2738885
655,0.05552344,0.3727745,0.2978578,0.2738442
656,0.05552861,0.3727595,0.2979772,0.2737347
657,0.05552595,0.3727664,0.2980917,0.273616
658,0.05552279,0.3727851,0.2981699,0.2735223
659,0.05552344,0.3728147,0.2981895,0.2734723
660,0.05553009,0.3728575,0.2981383,0.2734742
661,0.05471814,0.3800915,0.2956458,0.2695446
662,0.05413632,0.3838717,0.2951684,0.2668236
663,0.05376359,0.3857316,0.2953269,0.265178
664,0.05353964,0.3865713,0.2956123,0.2642768
665,0.05341536,0.3869043,0.2958229,0.2638575
666,0.05335427,0.3870082,0.2959078,0.2637297
667,0.05333093,0.3870237,0.2958808,0.2637646
668,0.05332851,0.3870159,0.2957766,0.263879
669,0.05333627,0.38701,0.2956317,0.264022
670,0.05334765,0.3870119,0.2954766,0.2641638
671,0.05335886,0.3870195,0.2953333,0.2642884
672,0.05336788,0.387028,0.2952158,0.2643882
673,0.0560017,0.364574,0.3021009,0.2773234
674,0.05811286,0.3515433,0.3029113,0.2874326
675,0.05965426,0.3442769,0.3015486,0.2945202
676,0.06071858,0.340536,0.2995761,0.2991692
677,0.0614133,0.3388477,0.2977425,0.3019965
678,0.06184122,0.3382733,0.2963241,0.3035614
679,0.06208901,0.3382448,0.2953495,0.3043167
680,0.06222336,0.3384422,0.2947361,0.3045984
681,0.06229197,0.3387021,0.2943677,0.3046382
682,0.06232674,0.3389527,0.294136,0.3045846
683,0.06234772,0.3391716,0.2939551,0.3045256
684,0.06236652,0.3393596,0.2937667,0.3045072
685,0.06012247,0.3576653,0.288704,0.2935082
686,0.05848987,0.367326,0.2884569,0.2857273
687,0.05745288,0.3719902,0.2895387,0.2810182
688,0.05682364,0.3740352,0.2907924,0.2783488
689,0.05646006,0.3747877,0.2917912,0.2769611
690,0.05626207,0.374954,0.2924494,0.2763346
691,0.05616264,0.3748904,0.292817,0.27613
692,0.05611855,0.3747633,0.2929821,0.276136
693,0.05610308,0.3746407,0.2930279,0.2762283
694,0.05610057,0.3745423,0.2930178,0.2763392
695,0.05610223,0.3744678,0.2929956,0.2764345
696,0.05610344,0.3744095,0.2929879,0.2764992
697,0.05646267,0.3716696,0.2935135,0.2783543
698,0.05673816,0.3702382,0.2932695,0.2797541
699,0.05691904,0.3695578,0.2928897,0.2806334
700,0.05702982,0.3692808,0.2925502,0.2811392
701,0.05709121,0.3692015,0.2923186,0.2813887
702,0.05711945,0.3692043,0.2922051,0.2814711
703,0.05712651,0.3692297,0.2921937,0.28145
704,0.05712072,0.3692508,0.29226,0.2813686
705,0.05710762,0.369258,0.2923794,0.281255
706,0.05709092,0.3692508,0.2925307,0.2811276
707,0.05707297,0.3692325,0.2926966,0.280998
708,0.05705531,0.3692074,0.2928637,0.2808737
709,0.05651854,0.3728996,0.2924777,0.2781042
710,0.05610316,0.3746857,0.2932406,0.2759705
711,0.05582992,0.3754066,0.2941544,0.274609
712,0.05565642,0.3755901,0.294981,0.2737724
713,0.05555109,0.3755317,0.2956316,0.2732857
714,0.05549074,0.3753886,0.2960963,0.2730244
715,0.05545915,0.3752377,0.2963993,0.2729039
716,0.05544543,0.3751111,0.2965748,0.2728687
717,0.05544246,0.375018,0.2966562,0.2728834
718,0.05544557,0.3749565,0.2966732,0.2729248
719,0.05545183,0.3749206,0.2966483,0.2729793
720,0.05545954,0.3749037,0.2965982,0.2730385
721,0.05440398,0.3846467,0.2928905,0.2680588
722,0.05365125,0.3897447,0.2919614,0.2646426
723,0.05315393,0.392247,0.2921072,0.2624919
724,0.05283913,0.3933476,0.2925912,0.2612221
725,0.05264648,0.3937346,0.293099,0.2605199
726,0.05253169,0.3937849,0.2935224,0.260161
727,0.0524642,0.3936941,0.2938464,0.2599954
728,0.05242389,0.3935567,0.2940917,0.2599278
729,0.05239806,0.3934135,0.2942879,0.2599006
730,0.05237893,0.3932784,0.2944619,0.2598807
731,0.05236202,0.3931534,0.2946337,0.2598508
732,0.05234493,0.3930357,0.2948164,0.259803
733,0.05345827,0.3830968,0.2981782,0.2652668
734,0.05429087,0.3776583,0.2988372,0.2692136
735,0.05485818,0.3748242,0.298547,0.2717705
736,0.05522123,0.3734657,0.2980211,0.2732919
737,0.05543803,0.372891,0.2975725,0.2740984
738,0.05555673,0.3726978,0.2972996,0.2744459
739,0.05561378,0.3726667,0.2971969,0.2745226
740,0.05563502,0.3726893,0.2972181,0.2744576
741,0.05563788,0.372719,0.2973077,0.2743354
742,0.05563364,0.3727419,0.2974156,0.2742088
743,0.05562917,0.3727587,0.2975038,0.2741084
744,0.05562824,0.3727753,0.2975471,0.2740494
745,0.05593538,0.3698354,0.2987941,0.2754351
746,0.05616974,0.3682048,0.2991655,0.2764599
747,0.05634324,0.3673519,0.2990989,0.277206
748,0.05646874,0.3669605,0.2988335,0.2777373
749,0.0565602,0.3668312,0.2984851,0.2781235
750,0.05662887,0.3668444,0.2981074,0.2784193
751,0.05668294,0.3669306,0.2977238,0.2786627
752,0.05672781,0.3670511,0.2973444,0.2788766
753,0.0567668,0.3671853,0.2969739,0.279074
754,0.05680191,0.3673223,0.2966143,0.2792615
755,0.05683411,0.3674566,0.2962682,0.279441
756,0.05686383,0.3675857,0.2959383,0.2796122
757,0.05781921,0.3597753,0.298146,0.2842595
758,0.05855494,0.3553876,0.2983249,0.2877325
759,0.05907661,0.3530554,0.297765,0.2901031
760,0.0594304,0.3519292,0.2970036,0.2916368
761,0.0596618,0.3514733,0.2962824,0.2925826
762,0.05980914,0.3513646,0.2956842,0.2931421
763,0.0599017,0.3514187,0.2952158,0.2934638
764,0.05996025,0.3515368,0.2948537,0.2936493
765,0.0599988,0.3516703,0.2945674,0.2937635
766,0.06002622,0.3517987,0.2943293,0.2938458
767,0.06004786,0.351916,0.2941183,0.2939179
768,0.06006678,0.3520222,0.2939203,0.2939907
769,0.05882628,0.3630187,0.2900823,0.2880727
770,0.05791195,0.3690218,0.2892213,0.283845
771,0.05730463,0.372094,0.2894394,0.2811619
772,0.05691943,0.3735448,0.2899701,0.2795656
773,0.05668501,0.374148,0.2904857,0.2786812
774,0.05654805,0.3743383,0.2908778,0.2782358
775,0.05647128,0.3743477,0.2911369,0.2780441
776,0.05642996,0.3742918,0.2912905,0.2779877
777,0.05640827,0.3742232,0.2913742,0.2779943
778,0.05639648,0.3741618,0.2914198,0.2780219
779,0.05638889,0.3741121,0.2914509,0.2780481
780,0.05638237,0.3740725,0.291483,0.2780622
781,0.05434434,0.390963,0.2865667,0.2681259
782,0.05291807,0.3991964,0.2865043,0.2613812
783,0.05201105,0.4028127,0.2878891,0.257287
784,0.05144916,0.404117,0.2895327,0.2549011
785,0.05110832,0.4043439,0.2909779,0.2535699
786,0.0509048,0.4041262,0.2921047,0.2528643
787,0.05078395,0.4037695,0.2929341,0.2525125
788,0.05071112,0.4034076,0.293533,0.2523483
789,0.0506649,0.4030887,0.293973,0.2522734
790,0.05063252,0.4028214,0.2943134,0.2522327
791,0.0506067,0.4025986,0.2945972,0.2521975
792,0.05058352,0.4024092,0.294853,0.2521544
793,0.05177416,0.391834,0.2982953,0.2580965
794,0.052669,0.3861891,0.2986974,0.2624444
795,0.05327712,0.3833572,0.2980926,0.2652731
796,0.05366737,0.3820932,0.297253,0.2669865
797,0.05390316,0.3816435,0.2965156,0.2679377
798,0.05403642,0.3815757,0.2959828,0.2684051
799,0.05410608,0.3816581,0.2956447,0.2685911
800,0.05413941,0.381779,0.2954488,0.2686329
801,0.05415444,0.3818924,0.295335,0.2686181
802,0.05416235,0.381986,0.2952531,0.2685986
803,0.05416964,0.3820617,0.2951665,0.2686022
804,0.05417968,0.3821263,0.2950526,0.2686413
805,0.05521637,0.3734984,0.2975492,0.2737361
806,0.05601371,0.3687847,0.297644,0.2775576
807,0.05657776,0.3663727,0.2968792,0.2801703
808,0.0569623,0.3652836,0.295869,0.2818851
809,0.05721773,0.3649114,0.2948924,0.2829784
810,0.05738544,0.3648971,0.2940493,0.2836681
811,0.05749641,0.3650396,0.2933527,0.2841113
812,0.0575722,0.3652341,0.2927807,0.2844129
813,0.05762696,0.3654312,0.2923037,0.2846382
814,0.05766917,0.365611,0.2918968,0.2848231
815,0.05770375,0.3657678,0.291542,0.2849863
816,0.05773336,0.3659024,0.2912282,0.285136
817,0.05631662,0.3779254,0.2875637,0.2781944
818,0.05529442,0.3841115,0.287264,0.2733301
819,0.05463347,0.3870301,0.2880059,0.2703305
820,0.05422204,0.3882317,0.2889678,0.2685785
821,0.0539746,0.3885878,0.2898214,0.2676162
822,0.05383054,0.3885655,0.2904757,0.2671282
823,0.05374895,0.3884015,0.2909413,0.2669083
824,0.05370322,0.3882059,0.2912641,0.2668267
825,0.05367658,0.3880231,0.2914948,0.2668055
826,0.05365913,0.3878649,0.2916749,0.2668011
827,0.05364506,0.3877296,0.291835,0.2667903
828,0.05363125,0.387611,0.2919956,0.2667621
829,0.05520743,0.373907,0.2963543,0.2745312
830,0.05642339,0.3662199,0.2970044,0.2803523
831,0.05727571,0.3621131,0.2963588,0.2842522
832,0.05783922,0.3601015,0.2953828,0.2866766
833,0.0581893,0.3592446,0.2945184,0.2880477
834,0.05839132,0.3589734,0.2939186,0.2887166
835,0.05849647,0.3589636,0.2935915,0.2889484
836,0.05854205,0.3590444,0.2934832,0.2889304
837,0.05855379,0.3591367,0.2935225,0.288787
838,0.05854872,0.3592107,0.2936424,0.2885981
839,0.05853751,0.3592617,0.2937894,0.2884114
840,0.05852652,0.3592952,0.2939248,0.2882535
841,0.05835958,0.3605777,0.2937182,0.2873445
842,0.05823906,0.3612868,0.2937682,0.286706
843,0.0581634,0.3616651,0.2938532,0.2863182
844,0.05812171,0.3618655,0.293897,0.2861158
845,0.05810434,0.3619781,0.2938742,0.2860434
846,0.0581035,0.3620535,0.2937854,0.2860576
847,0.05811328,0.3621178,0.2936427,0.2861262
848,0.05812936,0.3621826,0.293462,0.2862261
849,0.05814866,0.3622515,0.2932591,0.2863407
850,0.05816907,0.3623245,0.2930472,0.2864592
851,0.05818919,0.3623995,0.2928372,0.2865741
852,0.05820808,0.3624743,0.2926372,0.2866803
853,0.0554641,0.3859522,0.2851981,0.2733856
854,0.05355458,0.3975006,0.2845411,0.2644037
855,0.05235666,0.4026402,0.2859799,0.2590233
856,0.05162457,0.4045849,0.2878579,0.2559327
857,0.05118693,0.4050366,0.2895387,0.2542377
858,0.0509303,0.4048609,0.2908481,0.2533606
859,0.0507816,0.4044757,0.2918027,0.25294
860,0.05069482,0.4040653,0.2924836,0.2527563
861,0.05064175,0.4036982,0.2929793,0.2526808
862,0.0506056,0.4033887,0.2933644,0.2526413
863,0.05057668,0.4031297,0.2936942,0.2525994
864,0.05054963,0.4029072,0.2940063,0.2525368
865,0.05462564,0.366233,0.3066216,0.2725198
866,0.0579698,0.34397,0.3096611,0.2883991
867,0.06049927,0.3307397,0.3088768,0.2998842
868,0.06229555,0.323274,0.3068554,0.3075751
869,0.06348873,0.3193553,0.3048875,0.3122685
870,0.06422501,0.3175023,0.3034832,0.3147894
871,0.06464253,0.3167656,0.3027135,0.3158783
872,0.06485784,0.3165752,0.3024303,0.3161367
