EwEVersion,"6.5.13829.0 (compiled 2016-05-17)"
Date,"2016-09-06 16:58:41"
ModelName,Baltic_Proper-SEALS
EcosimScenario,Proper1_SealVuln100_19742100_seal1_cofF03
TimeSeries,new_data_weights_19742100_BAU_WAR1_codF03_seal100
StartYear,1974

Data,"Prey of Temora sp"

TimeStep,"Cyanobacteria","Phytoplankton","microzooplankton","Detritus-water column",
1,0.04225926,0.6065167,0.1818384,0.1693856
2,0.03843141,0.6257737,0.1810654,0.1547296
3,0.0365148,0.6314564,0.1842176,0.1478111
4,0.03551377,0.6320713,0.1878981,0.1445169
5,0.03498649,0.6309366,0.1910353,0.1430416
6,0.03471035,0.6293929,0.1934095,0.1424873
7,0.03456669,0.6279414,0.1951074,0.1423845
8,0.03449094,0.6267244,0.1962997,0.1424848
9,0.03444799,0.6257406,0.1971526,0.1426588
10,0.03441905,0.6249409,0.197799,0.142841
11,0.03439435,0.6242702,0.198335,0.1430005
12,0.03436902,0.623682,0.198825,0.1431241
13,0.03504702,0.6175472,0.2012598,0.146146
14,0.03547345,0.6146087,0.2018546,0.1480632
15,0.03571071,0.6132495,0.2019098,0.14913
16,0.03582744,0.6126234,0.2018863,0.1496628
17,0.03586937,0.6122902,0.2019732,0.1498673
18,0.0358667,0.6120398,0.2022164,0.1498771
19,0.03583881,0.6117858,0.2025973,0.1497781
20,0.03579811,0.6115039,0.2030725,0.1496255
21,0.03575267,0.6111991,0.2035918,0.1494565
22,0.03570799,0.6108875,0.2041071,0.1492974
23,0.03566799,0.6105883,0.2045756,0.1491682
24,0.03563545,0.6103187,0.204962,0.1490838
25,0.03168522,0.6408311,0.1948487,0.132635
26,0.02964744,0.6499566,0.1960325,0.1243634
27,0.0286395,0.6517194,0.1990227,0.1206185
28,0.02812166,0.6510121,0.2018997,0.1189665
29,0.02786311,0.6496834,0.2040507,0.1184028
30,0.02774151,0.6484029,0.20546,0.1183956
31,0.02769012,0.6473576,0.2062961,0.1186562
32,0.02767263,0.6465501,0.2067476,0.1190296
33,0.02766973,0.6459256,0.2069694,0.1194354
34,0.02767111,0.6454218,0.2070757,0.1198313
35,0.02767178,0.6449878,0.2071418,0.1201985
36,0.02766954,0.6445874,0.2072133,0.1205297
37,0.02845109,0.6369651,0.2103782,0.1242056
38,0.02894338,0.6335509,0.2109403,0.1265653
39,0.02922915,0.6321344,0.2106663,0.1279702
40,0.02938368,0.6316024,0.2102372,0.1287767
41,0.02945791,0.6313975,0.2099236,0.1292209
42,0.02948493,0.6312666,0.2097943,0.1294541
43,0.02948536,0.631112,0.209833,0.1295696
44,0.02947164,0.6309086,0.2099968,0.129623
45,0.02945112,0.6306613,0.2102404,0.1296472
46,0.0294286,0.6303865,0.2105206,0.1296643
47,0.02940696,0.6301019,0.2108028,0.1296882
48,0.02938797,0.629823,0.2110612,0.1297279
49,0.03022137,0.6217711,0.2145301,0.1334775
50,0.03075721,0.6181589,0.2152077,0.1358762
51,0.0310782,0.6167274,0.214903,0.1372914
52,0.03126489,0.6163185,0.2143048,0.1381118
53,0.03137182,0.6163386,0.2136969,0.1385926
54,0.03143433,0.6165078,0.2131615,0.1388964
55,0.031474,0.616708,0.2126987,0.1391193
56,0.0315032,0.6168982,0.212284,0.1393146
57,0.03152857,0.6170697,0.2118927,0.139509
58,0.03155274,0.6172238,0.2115135,0.1397099
59,0.03157659,0.6173632,0.2111428,0.1399174
60,0.03160006,0.6174892,0.2107833,0.1401275
61,0.03194922,0.6139861,0.2123996,0.141665
62,0.03216113,0.6123072,0.2129683,0.1425634
63,0.03230232,0.6115549,0.2129701,0.1431727
64,0.03239315,0.6112732,0.2127598,0.1435739
65,0.03245208,0.6112144,0.2124862,0.1438474
66,0.03249156,0.6112514,0.2122104,0.1440465
67,0.03251944,0.6113232,0.2119536,0.1442037
68,0.03254034,0.6114015,0.2117212,0.144337
69,0.03255688,0.6114739,0.2115141,0.1444552
70,0.03257072,0.6115365,0.2113287,0.144564
71,0.03258264,0.6115885,0.2111632,0.1446657
72,0.03259306,0.6116302,0.2110162,0.1447605
73,0.03030401,0.6312861,0.2037389,0.1346709
74,0.02904118,0.6380054,0.2037009,0.1292524
75,0.02836677,0.6397136,0.2053659,0.1265537
76,0.02800392,0.6395267,0.2072059,0.1252636
77,0.02781017,0.6387452,0.2087269,0.1247177
78,0.02770728,0.6378844,0.209853,0.1245553
79,0.02765162,0.6371161,0.2106545,0.1245777
80,0.02761905,0.6364709,0.2112332,0.1246769
81,0.02759641,0.6359282,0.2116798,0.1247956
82,0.02757679,0.6354556,0.2120627,0.1249049
83,0.02755669,0.6350243,0.2124275,0.1249915
84,0.02753452,0.6346132,0.2128022,0.1250501
85,0.02758659,0.6344589,0.2124016,0.1255529
86,0.02762656,0.6344942,0.2118825,0.1259966
87,0.02762882,0.6345138,0.2116553,0.126202
88,0.02761395,0.6344552,0.2116396,0.1262912
89,0.02758896,0.6343102,0.2117955,0.1263052
90,0.02755711,0.6340895,0.2120893,0.1262641
91,0.02752015,0.6338085,0.212492,0.1261792
92,0.02747921,0.6334829,0.2129785,0.1260593
93,0.0274353,0.6331269,0.2135259,0.1259119
94,0.02738957,0.6327532,0.2141115,0.1257457
95,0.02734348,0.6323741,0.2147112,0.1255712
96,0.0272988,0.6320019,0.2152984,0.1254009
97,0.02674976,0.6367372,0.2135378,0.1229753
98,0.0264229,0.6384377,0.2135247,0.1216147
99,0.02622928,0.638844,0.21404,0.1208869
100,0.02611997,0.6387477,0.2145708,0.1205615
101,0.0260634,0.6385122,0.214935,0.1204894
102,0.0260402,0.6382878,0.2150927,0.1205793
103,0.02603832,0.6381235,0.2150642,0.120774
104,0.02605009,0.6380225,0.2148913,0.1210361
105,0.02607037,0.63797,0.2146201,0.1213395
106,0.02609539,0.6379458,0.2142948,0.121664
107,0.02612229,0.6379318,0.2139529,0.121993
108,0.02614889,0.6379134,0.2136239,0.1223138
109,0.02715872,0.628536,0.2170938,0.1272113
110,0.02782937,0.6245598,0.2171495,0.1304614
111,0.02823782,0.6231818,0.2161831,0.1323973
112,0.02847921,0.6229627,0.2150434,0.1335147
113,0.02861698,0.6231716,0.2140788,0.1341327
114,0.02869282,0.6234723,0.2133772,0.1344576
115,0.02873287,0.623732,0.2129184,0.1346167
116,0.02875281,0.6239138,0.2126483,0.1346851
117,0.02876174,0.6240219,0.2125106,0.1347058
118,0.02876473,0.6240725,0.2124608,0.1347019
119,0.02876464,0.6240831,0.212466,0.1346863
120,0.02876306,0.6240683,0.2125027,0.134666
121,0.02840233,0.6271316,0.2115198,0.1329462
122,0.02817755,0.628211,0.2117312,0.1318802
123,0.02805204,0.6284446,0.2121859,0.1313175
124,0.02798159,0.628346,0.2126468,0.1310256
125,0.02794281,0.628147,0.2130231,0.130887
126,0.02792186,0.6279442,0.213301,0.130833
127,0.02791063,0.6277705,0.2134951,0.1308238
128,0.02790448,0.6276315,0.2136271,0.1308369
129,0.02790091,0.6275222,0.2137164,0.1308605
130,0.02789855,0.6274355,0.2137778,0.1308881
131,0.02789669,0.6273651,0.2138215,0.1309167
132,0.02789495,0.627306,0.2138545,0.1309445
133,0.03065085,0.5983096,0.2276385,0.143401
134,0.03256273,0.5828114,0.2330687,0.1515572
135,0.03383421,0.5752503,0.2342731,0.1566423
136,0.03461134,0.5720226,0.2339525,0.1594136
137,0.03505505,0.5709564,0.2332959,0.1606926
138,0.03529407,0.5708637,0.2327275,0.1611147
139,0.03541952,0.5711622,0.2323028,0.1611155
140,0.03549044,0.5716034,0.231938,0.1609682
141,0.03554242,0.572102,0.2315259,0.1608296
142,0.03559602,0.5726427,0.2309755,0.1607858
143,0.03566169,0.5732319,0.2302314,0.160875
144,0.03574385,0.5738794,0.2292692,0.1611076
145,0.03195019,0.6100616,0.2137857,0.1442025
146,0.03004842,0.6233385,0.2105123,0.1361007
147,0.0290988,0.628192,0.2103015,0.1324077
148,0.02862046,0.6297182,0.2108355,0.1308257
149,0.02838237,0.6299728,0.2113832,0.1302617
150,0.02826682,0.6298009,0.2117612,0.130171
151,0.02821267,0.6295306,0.2119743,0.1302824
152,0.02818824,0.6292707,0.2120768,0.1304642
153,0.02817729,0.6290432,0.2121239,0.1306556
154,0.02817148,0.628841,0.2121578,0.1308298
155,0.02816665,0.6286499,0.2122072,0.1309763
156,0.0281607,0.6284574,0.2122902,0.1310916
157,0.03472828,0.5643542,0.2396912,0.1612262
158,0.04058484,0.5214308,0.2505951,0.1873892
159,0.04530258,0.4943512,0.2528247,0.2075215
160,0.04879257,0.4786167,0.2510623,0.2215284
161,0.05116981,0.470391,0.2481976,0.2302417
162,0.05265837,0.4667407,0.2456858,0.2349152
163,0.05350786,0.4656244,0.2440389,0.2368289
164,0.05394025,0.4657604,0.2432369,0.2370625
165,0.05412736,0.466437,0.2430176,0.2364181
166,0.05419026,0.4673143,0.2430564,0.2354391
167,0.05420845,0.4682623,0.2430615,0.2344678
168,0.05423032,0.4692502,0.2428192,0.2337003
169,0.04855016,0.517,0.2255255,0.2089242
170,0.04541732,0.5389424,0.2198619,0.1957784
171,0.04405222,0.549458,0.2156175,0.1908722
172,0.04341233,0.5552698,0.2122164,0.1891014
173,0.04309561,0.5586369,0.2097553,0.1885121
174,0.04294925,0.5606992,0.2079122,0.1884393
175,0.04288836,0.5620319,0.2065427,0.1885371
176,0.04286762,0.5629374,0.2055508,0.1886441
177,0.04286429,0.5635803,0.2048554,0.1887
178,0.04286774,0.5640528,0.2043864,0.1886931
179,0.04287312,0.5644095,0.2040873,0.1886301
180,0.04287818,0.5646853,0.2039153,0.1885211
181,0.04130099,0.5781647,0.1989375,0.1815969
182,0.04033046,0.5844141,0.1978659,0.1773894
183,0.03975451,0.5871081,0.19821,0.1749275
184,0.03941651,0.5880791,0.1990123,0.1734921
185,0.03921933,0.5882666,0.1998706,0.1726435
186,0.03910331,0.5881366,0.2006438,0.1721164
187,0.03903221,0.5879068,0.2013078,0.1717532
188,0.03898434,0.5876691,0.2018845,0.171462
189,0.03894685,0.5874543,0.2024089,0.1711899
190,0.03891243,0.5872657,0.2029139,0.1709079
191,0.0388769,0.5870962,0.2034263,0.1706006
192,0.038838,0.5869362,0.2039657,0.17026
193,0.03790483,0.5944884,0.2015148,0.166092
194,0.03731602,0.597797,0.2014185,0.1634685
195,0.03694726,0.5990525,0.2021876,0.1618125
196,0.03671444,0.5993344,0.2032092,0.1607421
197,0.03656368,0.5991977,0.2042227,0.1600159
198,0.03646186,0.5989166,0.2051318,0.1594896
199,0.03638925,0.598618,0.2059121,0.1590806
200,0.03633462,0.5983545,0.2065666,0.1587442
201,0.03629192,0.5981442,0.2071051,0.1584587
202,0.03625831,0.5979899,0.2075354,0.1582164
203,0.03623264,0.5978889,0.2078623,0.1580161
204,0.03621458,0.597837,0.2080894,0.1578592
205,0.04006597,0.5647874,0.2208415,0.1743051
206,0.04298521,0.5459951,0.2246092,0.1864105
207,0.04501963,0.5361236,0.2244169,0.1944399
208,0.04635155,0.5316222,0.2226805,0.1993458
209,0.04717795,0.5301,0.2206309,0.202091
210,0.04767158,0.5300758,0.2187681,0.2034845
211,0.0479641,0.530709,0.2172056,0.2041213
212,0.04814629,0.5315692,0.2158874,0.2043971
213,0.04827528,0.532463,0.2147122,0.2045495
214,0.04838158,0.5333192,0.2136071,0.2046921
215,0.04847981,0.5341199,0.2125326,0.2048678
216,0.04857496,0.5348656,0.2114812,0.2050782
217,0.04356259,0.5754305,0.1969627,0.1840442
218,0.04081399,0.5921867,0.1941646,0.1728347
219,0.03934526,0.5987105,0.1948309,0.1671133
220,0.03855472,0.60082,0.1963971,0.1642282
221,0.03813424,0.6011029,0.1979248,0.1628379
222,0.03791652,0.6007254,0.1991314,0.1622267
223,0.03780838,0.6001912,0.1999937,0.1620066
224,0.03775772,0.5996953,0.2005784,0.1619685
225,0.03773562,0.599293,0.2009694,0.1620021
226,0.03772626,0.5989819,0.2012408,0.162051
227,0.0377213,0.5987409,0.2014494,0.1620885
228,0.03771649,0.598546,0.2016347,0.1621028
229,0.03845241,0.591603,0.2048213,0.1651233
230,0.03891934,0.5880435,0.2061103,0.1669268
231,0.03920747,0.5862759,0.2065587,0.167958
232,0.03937257,0.5854444,0.2067178,0.1684653
233,0.03945803,0.5850636,0.2068371,0.1686413
234,0.03949425,0.5848758,0.2070108,0.1686192
235,0.0395015,0.5847553,0.2072571,0.1684861
236,0.03949277,0.5846486,0.2075611,0.1682975
237,0.03947629,0.5845396,0.2078959,0.1680882
238,0.03945729,0.5844294,0.2082326,0.1678807
239,0.03943906,0.5843266,0.2085448,0.1676895
240,0.03942364,0.5842413,0.208811,0.1675241
241,0.03773551,0.596797,0.2052789,0.1601886
242,0.03670697,0.6016741,0.2058674,0.1557515
243,0.03614175,0.6031883,0.207248,0.153422
244,0.03583362,0.6033375,0.2085942,0.1522346
245,0.03567247,0.6030234,0.2096149,0.1516892
246,0.03559404,0.6026336,0.2102751,0.1514972
247,0.03556061,0.6023111,0.2106372,0.151491
248,0.03555027,0.6020886,0.2107871,0.151574
249,0.03555063,0.601954,0.2108032,0.1516922
250,0.03555527,0.6018831,0.2107432,0.1518185
251,0.03556089,0.6018521,0.2106471,0.15194
252,0.03556598,0.6018425,0.2105404,0.1520511
253,0.03504671,0.6080003,0.2067482,0.1502048
254,0.03475018,0.6111393,0.2047869,0.1493236
255,0.0345533,0.612717,0.2039497,0.14878
256,0.03443122,0.613447,0.2036178,0.1485039
257,0.03435694,0.6137356,0.2035162,0.1483913
258,0.0343115,0.6138014,0.2035189,0.1483682
259,0.03428273,0.6137574,0.2035712,0.1483887
260,0.03426309,0.6136599,0.2036514,0.1484256
261,0.03424811,0.6135356,0.2037522,0.1484641
262,0.03423524,0.6133968,0.2038715,0.1484964
263,0.03422305,0.6132491,0.2040086,0.1485194
264,0.03421086,0.6130947,0.2041623,0.148532
265,0.03769515,0.5811387,0.2179831,0.1631831
266,0.04021313,0.563128,0.2233623,0.1732966
267,0.04192865,0.5536495,0.2246081,0.1798138
268,0.04300783,0.549151,0.2242841,0.183557
269,0.04363775,0.5473191,0.2236259,0.1854173
270,0.04397867,0.5467799,0.22311,0.1861314
271,0.04415103,0.5467986,0.2228135,0.1862368
272,0.0442379,0.547031,0.2226363,0.1860947
273,0.04429255,0.5473477,0.2224294,0.1859304
274,0.04434565,0.5477201,0.2220677,0.1858666
275,0.04441259,0.548156,0.2214742,0.1859571
276,0.04449794,0.548667,0.2206282,0.1862069
277,0.04578295,0.5405953,0.2219913,0.1916304
278,0.0467487,0.5368668,0.2206657,0.1957188
279,0.04740926,0.5355587,0.2185771,0.198455
280,0.04785121,0.5355359,0.2163777,0.2002352
281,0.04814288,0.5361192,0.2143732,0.2013647
282,0.04833489,0.5369269,0.2126722,0.2020662
283,0.04846254,0.5377603,0.2112845,0.2024927
284,0.04854928,0.5385281,0.2101777,0.2027448
285,0.04861005,0.5391971,0.2093073,0.2028856
286,0.04865423,0.5397636,0.2086282,0.202954
287,0.04868753,0.5402371,0.2081015,0.2029739
288,0.04871338,0.5406314,0.2076956,0.2029597
289,0.04394898,0.5781223,0.1946238,0.1833048
290,0.04129865,0.5936531,0.19236,0.1726883
291,0.03985536,0.5996227,0.193357,0.167165
292,0.03906079,0.6014345,0.1951915,0.1643132
293,0.03862453,0.6015245,0.1969619,0.1628891
294,0.0383874,0.6009965,0.1983932,0.1622229
295,0.03825976,0.6003292,0.1994648,0.1619462
296,0.0381907,0.5997068,0.2002458,0.1618567
297,0.0381515,0.5991806,0.2008234,0.1618445
298,0.03812639,0.5987466,0.2012736,0.1618533
299,0.03810686,0.5983832,0.2016548,0.1618552
300,0.0380885,0.5980663,0.2020075,0.1618377
301,0.03434164,0.628301,0.1911789,0.1461784
302,0.03235529,0.6387722,0.1907244,0.1381481
303,0.03129273,0.6416462,0.1929563,0.1341048
304,0.03071149,0.6415693,0.1956256,0.1320935
305,0.03039031,0.6404918,0.1979693,0.1311486
306,0.03021065,0.6392131,0.1998165,0.1307599
307,0.03010715,0.6380253,0.2012164,0.1306511
308,0.03004368,0.6370038,0.2022793,0.1306732
309,0.03000048,0.6361386,0.203113,0.1307478
310,0.02996677,0.6353943,0.2038048,0.1308341
311,0.02993708,0.6347346,0.2044149,0.1309134
312,0.02990883,0.6341313,0.2049811,0.1309788
313,0.03480097,0.5891019,0.2238842,0.152213
314,0.0387348,0.5623646,0.2300325,0.1688681
315,0.041584,0.5477586,0.2302817,0.1803756
316,0.0434786,0.5407403,0.2282554,0.1875257
317,0.04463513,0.5380005,0.2259336,0.1914308
318,0.04527982,0.5373898,0.2241489,0.1931814
319,0.04560309,0.5376698,0.2230676,0.1936595
320,0.04574573,0.5382258,0.2225307,0.1934978
321,0.04580339,0.5388182,0.2222621,0.1931163
322,0.04583464,0.5393996,0.2220032,0.1927625
323,0.04587236,0.5399976,0.2215627,0.1925673
324,0.04593157,0.5406519,0.2208365,0.1925801
325,0.04552314,0.5456542,0.2180081,0.1908145
326,0.04531731,0.5487144,0.2159456,0.1900226
327,0.04523282,0.5507508,0.2142347,0.1897817
328,0.04522432,0.5522245,0.212677,0.1898742
329,0.04525696,0.5533779,0.2112344,0.1901307
330,0.04530786,0.5543303,0.2099213,0.1904404
331,0.04536336,0.5551372,0.2087605,0.1907389
332,0.04541603,0.5558245,0.2077663,0.1909931
333,0.04546233,0.5564064,0.2069417,0.1911895
334,0.04550172,0.5568938,0.2062745,0.19133
335,0.04553456,0.5572973,0.2057473,0.1914208
336,0.04556158,0.5576283,0.2053408,0.1914693
337,0.04596169,0.5548449,0.2061616,0.1930319
338,0.04622913,0.5534753,0.2062973,0.1939982
339,0.04640086,0.5528708,0.2061818,0.1945464
340,0.04650707,0.5526686,0.2060104,0.194814
341,0.04656973,0.5526594,0.2058719,0.194899
342,0.04660394,0.5527282,0.2058012,0.1948666
343,0.04661958,0.5528155,0.2058066,0.1947583
344,0.04662303,0.5528927,0.2058841,0.1946
345,0.04661836,0.5529485,0.206025,0.1944082
346,0.04660789,0.5529794,0.2062214,0.1941914
347,0.04659326,0.5529863,0.2064647,0.1939558
348,0.04657565,0.5529714,0.2067463,0.1937066
349,0.03834045,0.6139966,0.1883173,0.1593456
350,0.03444865,0.6320336,0.1900482,0.1434695
351,0.03257497,0.6361827,0.1950293,0.136213
352,0.03161592,0.6357162,0.1998838,0.132784
353,0.03111774,0.6339377,0.203706,0.1312386
354,0.03085928,0.6320583,0.2064444,0.130638
355,0.03072491,0.6304585,0.2083191,0.1304975
356,0.03065273,0.6291926,0.2095922,0.1305625
357,0.03060982,0.6282021,0.2104861,0.130702
358,0.03057901,0.627405,0.2111649,0.130851
359,0.03055176,0.6267298,0.2117385,0.13098
360,0.03052408,0.626123,0.2122751,0.1310778
361,0.0347202,0.5889479,0.2271142,0.1492177
362,0.03801474,0.5681387,0.2305993,0.1632472
363,0.04030514,0.5575331,0.2295922,0.1725695
364,0.04177118,0.5529606,0.2271083,0.1781599
365,0.04263161,0.5515547,0.2247161,0.1810975
366,0.04308785,0.5515676,0.2230143,0.1823304
367,0.04329746,0.5520587,0.2220664,0.1825774
368,0.04337095,0.5526025,0.2216963,0.1823302
369,0.04338037,0.5530614,0.2216556,0.1819027
370,0.04337098,0.553439,0.2217008,0.1814892
371,0.04336926,0.5537918,0.2216382,0.1812008
372,0.0433889,0.5541808,0.2213392,0.1810912
373,0.04403919,0.5495871,0.2227409,0.1836328
374,0.04450769,0.5475636,0.2224849,0.1854438
375,0.04484802,0.5469694,0.2214195,0.1867632
376,0.04510246,0.5471666,0.2199619,0.1877691
377,0.04529977,0.5477757,0.2183501,0.1885745
378,0.04545771,0.5485736,0.2167271,0.1892417
379,0.04558671,0.5494297,0.2151822,0.1898015
380,0.04569304,0.5502687,0.2137695,0.1902688
381,0.04578081,0.5510488,0.2125181,0.1906523
382,0.04585277,0.5517487,0.2114405,0.1909581
383,0.04591138,0.5523602,0.210535,0.1911934
384,0.04595886,0.5528839,0.2097902,0.1913671
385,0.04612167,0.552535,0.2093088,0.1920346
386,0.04623876,0.5525413,0.2087309,0.192489
387,0.04631573,0.552711,0.2082231,0.1927502
388,0.04636546,0.5529346,0.2078196,0.1928803
389,0.04639665,0.553157,0.2075256,0.1929207
390,0.04641493,0.5533531,0.2073345,0.1928975
391,0.0464237,0.5535137,0.2072361,0.1928265
392,0.04642493,0.5536371,0.2072218,0.1927161
393,0.04641968,0.5537246,0.207285,0.1925706
394,0.04640888,0.5537786,0.2074183,0.1923942
395,0.04639311,0.5538017,0.2076156,0.1921895
396,0.04637284,0.5537972,0.2078711,0.1919588
397,0.04774123,0.5446712,0.209873,0.1977146
398,0.04871857,0.5401424,0.2093699,0.2017691
399,0.04931665,0.5382264,0.208373,0.204084
400,0.04966267,0.5376673,0.2073921,0.2052779
401,0.04984684,0.5377382,0.2066429,0.2057721
402,0.04993196,0.5380455,0.2061708,0.2058518
403,0.04995999,0.5383955,0.2059409,0.2057036
404,0.04995784,0.5387083,0.2058886,0.2054453
405,0.04994223,0.5389631,0.2059457,0.205149
406,0.04992294,0.5391667,0.206054,0.2048562
407,0.04990558,0.5393361,0.2061677,0.2045906
408,0.04989311,0.5394892,0.2062537,0.2043641
409,0.04361884,0.5863847,0.191252,0.1787445
410,0.04031393,0.6040908,0.1899648,0.1656304
411,0.03860372,0.6101704,0.1920393,0.1591866
412,0.03769667,0.6116108,0.1946684,0.1560241
413,0.03721716,0.6113046,0.196923,0.1545553
414,0.03696788,0.6104757,0.1985997,0.1539568
415,0.03684085,0.6096112,0.1997614,0.1537865
416,0.03677633,0.6088716,0.2005451,0.153807
417,0.03674151,0.6082802,0.2010849,0.1538934
418,0.03671879,0.607811,0.2014871,0.1539831
419,0.03669904,0.6074271,0.201827,0.1540468
420,0.03667779,0.6070958,0.2021534,0.154073
421,0.03693912,0.6041896,0.2036667,0.1552047
422,0.03708594,0.6026353,0.2044665,0.1558123
423,0.0371617,0.6017681,0.2049606,0.1561095
424,0.03718835,0.6012471,0.2053731,0.1561914
425,0.03718391,0.6008872,0.2057901,0.1561388
426,0.0371611,0.6005967,0.2062334,0.1560088
427,0.03712868,0.600336,0.2066941,0.1558413
428,0.03709268,0.6000925,0.2071504,0.1556644
429,0.03705749,0.5998671,0.2075763,0.1554991
430,0.03702634,0.5996664,0.2079455,0.1553618
431,0.03700159,0.5994987,0.2082347,0.155265
432,0.03698483,0.5993713,0.2084267,0.1552172
433,0.04050035,0.5683716,0.2216178,0.1695103
434,0.04302582,0.5507718,0.2268986,0.1793038
435,0.04476206,0.5413964,0.2281265,0.185715
436,0.04586848,0.5368856,0.2277522,0.1894937
437,0.04653808,0.5350442,0.2268857,0.191532
438,0.04693495,0.5345634,0.22594,0.1925616
439,0.04718078,0.5347347,0.2249765,0.193108
440,0.04735727,0.535215,0.2239154,0.1935124
441,0.04751314,0.5358593,0.2226602,0.1939675
442,0.04767028,0.5366115,0.2211748,0.1945435
443,0.04783355,0.5374432,0.2194899,0.1952334
444,0.04799772,0.538326,0.2176914,0.1959849
445,0.0481366,0.5373994,0.2181515,0.1963126
446,0.04818439,0.5368418,0.2187606,0.1962132
447,0.04823553,0.5364622,0.2191075,0.1961947
448,0.04828434,0.536217,0.2192889,0.1962097
449,0.04833101,0.5360686,0.2193522,0.1962481
450,0.04837578,0.5359904,0.2193307,0.1963031
451,0.04841857,0.5359629,0.2192502,0.1963684
452,0.04845903,0.5359716,0.2191318,0.1964375
453,0.04849673,0.5360053,0.2189933,0.1965047
454,0.04853161,0.536055,0.2188463,0.1965671
455,0.04856364,0.5361144,0.2186994,0.1966227
456,0.04859277,0.5361786,0.218559,0.1966696
457,0.04820616,0.5427192,0.2133995,0.1956751
458,0.04812815,0.5471107,0.2086409,0.1961203
459,0.04804666,0.5501601,0.2054711,0.1963221
460,0.04796785,0.5522641,0.2034107,0.1963574
461,0.04789791,0.5536793,0.202123,0.1962999
462,0.04783887,0.5545993,0.2013673,0.1961944
463,0.04778944,0.5551714,0.2009785,0.1960606
464,0.04774665,0.555503,0.2008471,0.1959034
465,0.04770723,0.5556695,0.2009026,0.1957205
466,0.04766833,0.5557228,0.201101,0.1955079
467,0.04762762,0.5556967,0.2014144,0.1952613
468,0.04758292,0.5556106,0.2018319,0.1949746
469,0.04106287,0.6033131,0.1873381,0.168286
470,0.03771978,0.6196365,0.1877078,0.154936
471,0.0360111,0.6242756,0.1912779,0.1484354
472,0.03510093,0.6245465,0.1951478,0.1452048
473,0.03460881,0.6233441,0.1984089,0.1436382
474,0.03434038,0.6218347,0.2008982,0.1429268
475,0.03419089,0.6204464,0.2027202,0.1426425
476,0.03410293,0.6192917,0.2040483,0.1425569
477,0.03404535,0.6183605,0.2050436,0.1425505
478,0.0340015,0.6176028,0.2058324,0.1425632
479,0.03396318,0.6169677,0.2065001,0.1425691
480,0.03392672,0.6164151,0.2070984,0.1425598
481,0.0403652,0.5624886,0.2275375,0.1696087
482,0.04589731,0.5278316,0.2338365,0.1924347
483,0.05013856,0.5069192,0.2337511,0.2091911
484,0.0531355,0.4955003,0.2309866,0.2203775
485,0.05507907,0.4901111,0.2277727,0.2270372
486,0.0562278,0.4881996,0.2251478,0.2304247
487,0.05683856,0.4880586,0.2233856,0.2317173
488,0.05712752,0.4886692,0.2223336,0.2318697
489,0.05725794,0.4895088,0.2216497,0.2315835
490,0.05733923,0.4903701,0.2209768,0.231314
491,0.05743643,0.4912119,0.2200331,0.2313186
492,0.05757862,0.4920615,0.2186654,0.2316944
493,0.05891162,0.4843556,0.2198117,0.2369211
494,0.05996735,0.480226,0.2187259,0.2410807
495,0.06078002,0.4783293,0.216582,0.2443087
496,0.06139263,0.4778019,0.2140495,0.246756
497,0.06184661,0.4780572,0.2115249,0.2485713
498,0.06217798,0.4787091,0.2092281,0.2498848
499,0.06241681,0.4795133,0.2072613,0.2508086
500,0.06258711,0.4803255,0.2056523,0.2514351
501,0.06270766,0.4810684,0.2043844,0.2518396
502,0.06279346,0.4817079,0.2034129,0.2520857
503,0.0628554,0.4822373,0.2026858,0.2522215
504,0.06290107,0.4826652,0.2021524,0.2522812
505,0.05927961,0.508356,0.1946528,0.2377116
506,0.05692122,0.5216454,0.1930418,0.2283915
507,0.05551592,0.5279713,0.1935049,0.223008
508,0.05469741,0.5307069,0.1945998,0.2199959
509,0.05423251,0.5316739,0.1957235,0.21837
510,0.05397632,0.531831,0.1966645,0.2175282
511,0.05384001,0.5316654,0.1973842,0.2171104
512,0.05377008,0.5314105,0.1979128,0.2169066
513,0.05373491,0.5311671,0.1982996,0.2167983
514,0.05371622,0.53097,0.1985929,0.2167208
515,0.0537039,0.530823,0.1988316,0.2166414
516,0.0536927,0.5307182,0.1990434,0.2165457
517,0.05795608,0.4997431,0.2088268,0.233474
518,0.06125659,0.4802662,0.212269,0.2462082
519,0.06363252,0.4684921,0.2128882,0.2549872
520,0.0652472,0.4617946,0.2123532,0.2606051
521,0.06628036,0.4582786,0.2115541,0.263887
522,0.06689963,0.4566397,0.2108891,0.2655716
523,0.06724457,0.4560307,0.210471,0.2662537
524,0.0674218,0.4559377,0.2102655,0.2663749
525,0.0675071,0.4560749,0.2101785,0.2662395
526,0.06755073,0.4562995,0.210108,0.2660418
527,0.06758357,0.4565515,0.2099705,0.2658944
528,0.06762239,0.4568137,0.209712,0.2658519
529,0.06995182,0.4417994,0.2133648,0.274884
530,0.07179359,0.4322214,0.2140713,0.2819136
531,0.07314537,0.4264046,0.2135149,0.2869351
532,0.07410695,0.4230801,0.2124158,0.2903972
533,0.07477359,0.4213483,0.2111653,0.2927128
534,0.07522789,0.4205898,0.2099531,0.2942293
535,0.07553566,0.4203938,0.2088556,0.295215
536,0.07574579,0.4205,0.2078914,0.2958629
537,0.0758926,0.4207506,0.2070537,0.2963031
538,0.07599901,0.4210556,0.2063267,0.2966187
539,0.07607958,0.4213671,0.2056943,0.296859
540,0.07614337,0.4216616,0.2051428,0.2970522
541,0.06876647,0.4703001,0.1927382,0.2681952
542,0.06390491,0.4961788,0.1903952,0.2495211
543,0.0611152,0.508285,0.1913953,0.2392045
544,0.05953945,0.5135683,0.1931941,0.2336981
545,0.05866423,0.5155787,0.1948708,0.2308864
546,0.05818949,0.5160969,0.1961671,0.2295464
547,0.05793995,0.5160016,0.1970794,0.2289791
548,0.05781346,0.5157079,0.1976881,0.2287906
549,0.05775129,0.5153959,0.1980872,0.2287656
550,0.0577204,0.51513,0.1983578,0.2287918
551,0.05770276,0.5149221,0.198561,0.2288141
552,0.05768905,0.5147632,0.1987386,0.2288091
553,0.05984398,0.5002785,0.2023798,0.2374977
554,0.06144848,0.4917653,0.2029375,0.2438487
555,0.06253172,0.4870766,0.202425,0.2479668
556,0.06322262,0.4847209,0.2016112,0.2504453
557,0.06363539,0.483701,0.2008706,0.251793
558,0.0638617,0.4833843,0.2003478,0.2524064
559,0.06396954,0.4833941,0.2000645,0.2525719
560,0.06400628,0.4835232,0.1999868,0.2524838
561,0.06400332,0.4836687,0.2000611,0.2522669
562,0.06398045,0.4837886,0.2002333,0.2519976
563,0.06394979,0.4838726,0.2004568,0.2517209
564,0.06391839,0.4839253,0.2006946,0.2514618
565,0.06089478,0.5045506,0.1949943,0.2395604
566,0.05889522,0.5155042,0.1937248,0.2318758
567,0.05767498,0.5209107,0.1940596,0.2273546
568,0.05695188,0.5233723,0.1948641,0.2248118
569,0.05653704,0.5243443,0.1956569,0.2234618
570,0.05630834,0.5246139,0.1962735,0.2228043
571,0.05618872,0.5245897,0.1966916,0.2225299
572,0.05613066,0.5244715,0.1969442,0.2224537
573,0.05610567,0.5243469,0.1970784,0.222469
574,0.05609716,0.5242477,0.1971375,0.2225177
575,0.05609589,0.524179,0.1971555,0.2225697
576,0.05609692,0.5241354,0.1971562,0.2226114
577,0.05747243,0.5147696,0.1996381,0.2281198
578,0.05846944,0.509492,0.1999943,0.2320442
579,0.05912788,0.5067329,0.1995993,0.23454
580,0.05954174,0.5054495,0.19898,0.2360288
581,0.05978808,0.5049757,0.1983899,0.2368463
582,0.05992547,0.5049071,0.1979257,0.2372417
583,0.05999557,0.505013,0.1976034,0.237388
584,0.0600264,0.5051723,0.1974031,0.2373983
585,0.06003586,0.5053278,0.197294,0.2373424
586,0.0600348,0.5054584,0.1972457,0.2372611
587,0.06002954,0.5055602,0.1972336,0.2371766
588,0.06002352,0.5056374,0.1972392,0.2370999
589,0.05901256,0.5123757,0.1955804,0.2330313
590,0.05832558,0.5160015,0.1953468,0.2303261
591,0.05789691,0.517814,0.1955913,0.2286979
592,0.05763938,0.5186372,0.1959573,0.2277661
593,0.05749098,0.5189518,0.1962916,0.2272656
594,0.05740964,0.519026,0.196545,0.2270194
595,0.05736778,0.5190014,0.1967163,0.2269146
596,0.0573481,0.5189475,0.196822,0.2268823
597,0.05734014,0.5188947,0.1968826,0.2268826
598,0.05733769,0.5188529,0.1969165,0.2268929
599,0.0573373,0.5188231,0.1969379,0.2269017
600,0.05733715,0.5188023,0.1969567,0.2269038
601,0.05474145,0.5368902,0.191662,0.2167064
602,0.05307902,0.5458432,0.1907465,0.2103312
603,0.05208684,0.5499015,0.1913315,0.2066801
604,0.05150781,0.5514788,0.192343,0.2046703
605,0.05117804,0.5518683,0.1933335,0.2036201
606,0.05099488,0.551742,0.1941533,0.2031097
607,0.05089523,0.5514331,0.1947848,0.2028868
608,0.05084099,0.5510941,0.1952609,0.202804
609,0.05080976,0.5507848,0.1956276,0.2027779
610,0.05078885,0.5505206,0.195926,0.2027644
611,0.0507714,0.5502985,0.1961883,0.2027417
612,0.05075384,0.550109,0.1964368,0.2027004
613,0.05385957,0.5272864,0.2038838,0.2149703
614,0.05616009,0.5138301,0.2061856,0.2238242
615,0.05773481,0.5063079,0.206326,0.2296312
616,0.05874807,0.5024487,0.2056591,0.2331441
617,0.05935699,0.5007105,0.2048779,0.2350547
618,0.05969361,0.5001061,0.2042731,0.2359272
619,0.05985891,0.5000452,0.2039145,0.2361813
620,0.05992462,0.5002031,0.2037651,0.2361072
621,0.05993879,0.5004191,0.2037482,0.2358939
622,0.05993202,0.5006272,0.2037828,0.2356579
623,0.05992263,0.5008101,0.2038017,0.2354655
624,0.05992052,0.5009727,0.2037574,0.2353494
625,0.05909755,0.5069384,0.2018823,0.2320817
626,0.05854652,0.5102666,0.2012298,0.2299571
627,0.05821586,0.5120483,0.2009843,0.2287516
628,0.05803475,0.5129727,0.2008346,0.228158
629,0.05795009,0.5134468,0.2006542,0.2279489
630,0.0579241,0.5137003,0.200412,0.2279637
631,0.05793113,0.5138543,0.2001196,0.228095
632,0.05795458,0.5139682,0.1998025,0.2282747
633,0.05798427,0.5140669,0.1994865,0.2284623
634,0.05801427,0.5141584,0.1991918,0.2286354
635,0.05804147,0.5142432,0.1989321,0.2287832
636,0.0580644,0.5143191,0.1987147,0.2289018
637,0.05649207,0.5256171,0.1950861,0.2228048
638,0.05544572,0.5315464,0.1941667,0.2188413
639,0.05479905,0.5344361,0.1942786,0.2164862
640,0.05441142,0.5356898,0.1947493,0.2151495
641,0.05418555,0.5361093,0.1952769,0.2144281
642,0.05405701,0.5361355,0.1957476,0.2140599
643,0.05398458,0.5359991,0.1961354,0.213881
644,0.05394273,0.5358133,0.1964509,0.213793
645,0.05391623,0.5356278,0.196716,0.21374
646,0.05389629,0.5354601,0.196952,0.2136916
647,0.05387817,0.5353132,0.1971753,0.2136333
648,0.0538595,0.5351841,0.1973969,0.2135594
649,0.05479528,0.5280792,0.1999449,0.2171806
650,0.05543732,0.5240629,0.2009313,0.2195685
651,0.05584851,0.5218879,0.201251,0.2210125
652,0.05609509,0.5207835,0.201322,0.2217993
653,0.05623173,0.5202671,0.2013394,0.2221617
654,0.0562994,0.5200529,0.2013766,0.2222711
655,0.0563269,0.5199822,0.2014453,0.2222455
656,0.0563335,0.5199736,0.2015309,0.222162
657,0.05633148,0.5199894,0.2016107,0.2220683
658,0.05632829,0.5200157,0.2016637,0.2219923
659,0.05632811,0.5200493,0.201674,0.2219485
660,0.05633298,0.5200917,0.2016327,0.2219427
661,0.05526657,0.5278639,0.1990727,0.2177969
662,0.05456204,0.5319742,0.1983264,0.2151374
663,0.05413324,0.5340275,0.1982383,0.213601
664,0.05388606,0.5349746,0.19835,0.2127894
665,0.05375348,0.5353608,0.1984636,0.2124221
666,0.05369004,0.5354851,0.1985133,0.2123116
667,0.05366613,0.5355023,0.1984936,0.2123379
668,0.0536632,0.5354867,0.1984219,0.2124281
669,0.05367007,0.5354691,0.1983213,0.2125395
670,0.05368023,0.5354588,0.1982124,0.2126485
671,0.05369012,0.5354554,0.1981112,0.2127433
672,0.05369799,0.5354552,0.1980279,0.2128189
673,0.05711253,0.5112326,0.2053955,0.2262594
674,0.05970264,0.4965955,0.2074653,0.2362366
675,0.0615193,0.4881806,0.2073176,0.2429826
676,0.06272526,0.4837118,0.2063179,0.2472451
677,0.06348146,0.4816058,0.2051795,0.2497333
678,0.06392746,0.4808169,0.2042138,0.2510417
679,0.0641728,0.4806954,0.2035079,0.251624
680,0.06429687,0.4808656,0.2030385,0.251799
681,0.06435367,0.4811293,0.2027403,0.2517768
682,0.06437748,0.4813948,0.2025426,0.2516851
683,0.06438889,0.4816291,0.2023859,0.2515963
684,0.06439921,0.4818278,0.2022275,0.2515455
685,0.06140033,0.5022423,0.1965601,0.2397972
686,0.05941378,0.5130515,0.1953422,0.2321925
687,0.0582226,0.5183391,0.1956118,0.2278265
688,0.05753347,0.5207227,0.1962832,0.2254606
689,0.0571522,0.5216505,0.1969122,0.2242851
690,0.05695362,0.5218987,0.1973627,0.223785
691,0.05685904,0.5218659,0.1976319,0.2236431
692,0.05682038,0.521744,0.1977641,0.2236715
693,0.0568093,0.5216154,0.197811,0.2237643
694,0.05680996,0.5215079,0.1978154,0.2238668
695,0.05681393,0.5214249,0.1978083,0.2239529
696,0.056817,0.5213608,0.1978096,0.2240127
697,0.05727208,0.5183716,0.1984807,0.2258756
698,0.05759449,0.5167607,0.1984638,0.227181
699,0.05779594,0.5159705,0.198268,0.2279655
700,0.05791383,0.5156319,0.1980567,0.2283976
701,0.05797632,0.5155224,0.1979004,0.228601
702,0.05800369,0.5155146,0.197819,0.2286627
703,0.05800981,0.515541,0.1978078,0.2286415
704,0.05800381,0.5155692,0.1978522,0.2285748
705,0.05799136,0.5155869,0.197936,0.2284859
706,0.05797603,0.5155912,0.198044,0.2283888
707,0.05795992,0.5155846,0.1981635,0.2282919
708,0.05794436,0.5155706,0.1982848,0.2282002
709,0.05727898,0.5196356,0.1976086,0.2254768
710,0.05680952,0.5216793,0.1979551,0.2235561
711,0.05651922,0.5225572,0.1985241,0.2223996
712,0.05634582,0.5228333,0.1990899,0.2217308
713,0.05624724,0.522827,0.1995575,0.2213683
714,0.05619503,0.5227104,0.1999029,0.2211917
715,0.05617063,0.522571,0.2001345,0.2211239
716,0.05616236,0.522447,0.2002731,0.2211176
717,0.05616305,0.5223517,0.2003413,0.221144
718,0.0561683,0.5222855,0.2003602,0.2211859
719,0.05617556,0.5222442,0.2003466,0.2212336
720,0.05618346,0.5222214,0.2003132,0.221282
721,0.05478746,0.5326173,0.1966367,0.2159587
722,0.05387184,0.5381024,0.1954412,0.2125845
723,0.05330182,0.5408403,0.19528,0.2105778
724,0.05295931,0.5420832,0.1955045,0.209453
725,0.05276009,0.5425533,0.195821,0.2088656
726,0.05264771,0.5426501,0.1961138,0.2085884
727,0.05258581,0.5425841,0.1963517,0.2084784
728,0.05255173,0.5424598,0.1965392,0.2084492
729,0.05253181,0.5423243,0.1966928,0.2084512
730,0.05251814,0.542195,0.1968297,0.2084571
731,0.05250636,0.5420761,0.1969639,0.2084537
732,0.05249424,0.5419656,0.1971049,0.2084352
733,0.05393204,0.5314265,0.2005472,0.2140942
734,0.054941,0.5254986,0.2016105,0.2179499
735,0.05559823,0.5223359,0.2017163,0.2203494
736,0.05600242,0.5207797,0.2014914,0.2217265
737,0.05623525,0.5200983,0.2012344,0.222432
738,0.05635856,0.5198556,0.2010603,0.2227255
739,0.05641603,0.5198085,0.2009894,0.2227861
740,0.05643674,0.5198324,0.2010007,0.2227301
741,0.05643931,0.5198709,0.2010602,0.2226296
742,0.05643514,0.5199038,0.2011336,0.2225274
743,0.05643077,0.5199288,0.2011939,0.2224466
744,0.05642963,0.5199501,0.2012224,0.2223979
745,0.05684472,0.5167907,0.2024344,0.2239302
746,0.05713748,0.5150042,0.2028799,0.2249784
747,0.05734002,0.5140449,0.2029269,0.2256881
748,0.05747739,0.5135832,0.2027808,0.2261586
749,0.05757103,0.5134074,0.2025464,0.2264752
750,0.05763672,0.5133883,0.2022754,0.2266996
751,0.05768522,0.5134506,0.2019922,0.226872
752,0.05772331,0.513552,0.2017083,0.2270164
753,0.05775508,0.5136695,0.2014293,0.227146
754,0.05778294,0.5137913,0.2011581,0.2272677
755,0.05780806,0.5139113,0.2008968,0.2273838
756,0.05783099,0.5140268,0.2006478,0.2274944
757,0.05907866,0.5054667,0.2030936,0.2323611
758,0.05997748,0.5005293,0.203715,0.2357782
759,0.06058393,0.4978373,0.2035749,0.2380039
760,0.06097647,0.4964912,0.2031534,0.2393789
761,0.0612214,0.4959089,0.2026849,0.2401847
762,0.06136966,0.4957318,0.202266,0.2406325
763,0.06145756,0.4957512,0.2019224,0.2408689
764,0.06150956,0.4958527,0.2016483,0.2409894
765,0.06154136,0.4959786,0.2014272,0.2410529
766,0.06156247,0.4961033,0.2012414,0.241093
767,0.06157836,0.4962177,0.2010766,0.2411274
768,0.061592,0.496321,0.2009224,0.2411646
769,0.05991533,0.5083916,0.1969684,0.2347247
770,0.0587815,0.5150236,0.1957093,0.2304856
771,0.05806982,0.518461,0.1955362,0.227933
772,0.05763937,0.5201208,0.1957586,0.2264813
773,0.05738855,0.5208387,0.1960608,0.225712
774,0.05724817,0.5210879,0.1963195,0.2253445
775,0.05717304,0.5211244,0.1965032,0.2251994
776,0.05713471,0.5210788,0.1966189,0.2251676
777,0.05711594,0.5210122,0.1966864,0.2251855
778,0.05710653,0.5209497,0.1967259,0.2252178
779,0.05710082,0.5208987,0.1967537,0.2252468
780,0.05709585,0.5208584,0.196781,0.2252647
781,0.05448253,0.5389411,0.1915302,0.2150461
782,0.05281661,0.5478427,0.1906366,0.2087041
783,0.05182272,0.5518619,0.1912311,0.2050843
784,0.05124149,0.5534181,0.1922427,0.2030977
785,0.05090864,0.5538007,0.1932273,0.2020633
786,0.05072189,0.5536768,0.1940367,0.2015646
787,0.05061862,0.5533755,0.1946536,0.2013523
788,0.05056125,0.5530463,0.1951104,0.201282
789,0.05052783,0.5527477,0.1954518,0.2012727
790,0.0505059,0.5524943,0.1957183,0.2012816
791,0.05048877,0.5522829,0.1959405,0.2012878
792,0.05047308,0.5521045,0.1961394,0.201283
793,0.051988,0.540997,0.1996849,0.20733
794,0.05305277,0.5348793,0.2005826,0.2114854
795,0.05374253,0.5317208,0.2004644,0.2140723
796,0.0541655,0.5302547,0.200008,0.2155717
797,0.0544097,0.5296912,0.1995347,0.2163644
798,0.05454098,0.5295655,0.1991644,0.2167291
799,0.05460542,0.5296231,0.1989155,0.2168559
800,0.05463342,0.5297362,0.1987631,0.2168673
801,0.05464399,0.529849,0.1986699,0.2168372
802,0.05464832,0.5299433,0.1986015,0.2168069
803,0.05465256,0.5300181,0.1985319,0.2167974
804,0.05465969,0.5300788,0.1984445,0.2168171
805,0.05599291,0.5207827,0.2011558,0.2220686
806,0.05694951,0.5155504,0.2017444,0.2257557
807,0.05759162,0.5127897,0.2014661,0.2281526
808,0.05800753,0.5114812,0.2008653,0.229646
809,0.05826959,0.510977,0.200209,0.2305444
810,0.05843219,0.5108854,0.1996086,0.2310739
811,0.05853342,0.5109823,0.1990958,0.2313885
812,0.05859846,0.5111488,0.1986665,0.2315862
813,0.05864297,0.5113269,0.1983048,0.2317253
814,0.05867601,0.511492,0.1979953,0.2318367
815,0.05870258,0.5116363,0.1977257,0.2319355
816,0.05872522,0.5117594,0.1974877,0.2320277
817,0.05687235,0.5247752,0.1936008,0.2247516
818,0.0556494,0.5315439,0.1927387,0.2200679
819,0.05490426,0.5348039,0.1929556,0.2173363
820,0.05446449,0.5362054,0.1935066,0.2158235
821,0.05421369,0.5366749,0.1940701,0.2150413
822,0.05407598,0.5367137,0.1945334,0.2146769
823,0.05400339,0.5365802,0.194879,0.2145374
824,0.05396637,0.5363988,0.1951276,0.2145073
825,0.05394726,0.5362222,0.1953099,0.2145207
826,0.05393613,0.5360674,0.1954538,0.2145427
827,0.05392752,0.5359353,0.1955811,0.214556
828,0.05391864,0.5358211,0.1957069,0.2145533
829,0.05596156,0.5211451,0.2002683,0.222625
830,0.05744239,0.5126464,0.2015789,0.2283324
831,0.05843532,0.5079862,0.2015726,0.2320058
832,0.05906529,0.5056356,0.2010962,0.2342028
833,0.05944148,0.5045909,0.2005707,0.235397
834,0.05965,0.5042283,0.2001695,0.2359521
835,0.05975382,0.5041841,0.1999347,0.2361274
836,0.05979611,0.5042615,0.1998467,0.2360957
837,0.05980504,0.5043653,0.1998632,0.2359665
838,0.0597983,0.5044561,0.1999396,0.235806
839,0.05978638,0.5045238,0.2000382,0.2356517
840,0.05977522,0.5045713,0.2001306,0.2355228
841,0.05956021,0.5059943,0.1998406,0.2346049
842,0.05941436,0.5067944,0.1997978,0.2339935
843,0.0593256,0.5072263,0.1998166,0.2336315
844,0.05927698,0.5074549,0.1998258,0.2334423
845,0.05925537,0.5075795,0.1997972,0.2333679
846,0.05925119,0.5076568,0.1997256,0.2333664
847,0.05925767,0.507717,0.1996168,0.2334086
848,0.05927016,0.5077744,0.1994808,0.2334746
849,0.05928557,0.5078346,0.1993286,0.2335514
850,0.05930189,0.5078983,0.1991694,0.2336303
851,0.05931786,0.5079646,0.1990114,0.2337061
852,0.05933267,0.5080314,0.1988607,0.2337752
853,0.05574345,0.533357,0.1910896,0.2198099
854,0.05348318,0.5458347,0.1894412,0.211241
855,0.05215541,0.5515022,0.1899204,0.2064221
856,0.0513892,0.5537679,0.1910303,0.2038126
857,0.0509562,0.5544147,0.1921557,0.2024733
858,0.05071722,0.5543548,0.1930875,0.2018405
859,0.0505882,0.5540361,0.1937943,0.2015814
860,0.05051908,0.5536638,0.1943131,0.2015041
861,0.05048067,0.5533194,0.1946983,0.2015017
862,0.05045654,0.5530257,0.1950001,0.2015176
863,0.05043769,0.55278,0.1952581,0.2015242
864,0.05041951,0.5525714,0.1954997,0.2015094
865,0.05570485,0.5135192,0.2084529,0.2223231
866,0.05988069,0.4885491,0.2132457,0.2383245
867,0.06294849,0.4731776,0.2142542,0.2496197
868,0.06506556,0.4642667,0.2136665,0.2570012
869,0.06643337,0.4594799,0.2126855,0.2614013
870,0.06725524,0.4571634,0.211868,0.2637133
871,0.0677093,0.4562162,0.2113832,0.2646914
872,0.06793687,0.4559556,0.2111917,0.2649158
