EwEVersion,"6.5.13829.0 (compiled 2016-05-17)"
Date,"2016-09-06 16:27:34"
ModelName,Baltic_Proper-SEALS
EcosimScenario,Proper1_SealVuln100_19742100_seal0_cofF03
TimeSeries,new_data_weights_19742100_BAU_WAR1_codF03_seal100
StartYear,1974

Data,"PredationMortality of Detritus-sediment"

TimeStep,"Mysids","meiozoobenthos","macrozoobenthos",
1,0.00239291,0.03217487,0.05721494
2,0.002475827,0.03221256,0.05719936
3,0.002583136,0.03227466,0.05718901
4,0.002694913,0.03236208,0.05718312
5,0.00279877,0.03247202,0.05718007
6,0.002887975,0.03260047,0.05717859
7,0.002959925,0.03274338,0.05717797
8,0.003014359,0.03289709,0.05717778
9,0.003052038,0.03305851,0.05717782
10,0.003073986,0.03322509,0.05717795
11,0.003081122,0.03339479,0.05717811
12,0.003074128,0.03356602,0.0571783
13,0.00300743,0.033733,0.05717262
14,0.002965519,0.0339019,0.05717547
15,0.002906976,0.03406498,0.0571771
16,0.002833976,0.03422206,0.05717809
17,0.002748003,0.03437334,0.05717871
18,0.00265093,0.03451922,0.05717907
19,0.002545268,0.03466019,0.05717925
20,0.002434215,0.03479673,0.05717929
21,0.002321618,0.03492923,0.05717921
22,0.002211815,0.03505805,0.05717904
23,0.002109367,0.0351835,0.05717876
24,0.002018729,0.03530581,0.05717841
25,0.002149989,0.03545282,0.0572135
26,0.002159205,0.03557807,0.05719568
27,0.002212838,0.03572585,0.05718634
28,0.002292572,0.03589318,0.05718101
29,0.002388749,0.03607633,0.05717822
30,0.002490826,0.03627112,0.05717695
31,0.002589998,0.03647371,0.0571765
32,0.002680058,0.03668087,0.05717645
33,0.002757695,0.03689004,0.05717661
34,0.002821251,0.03709926,0.05717683
35,0.002870294,0.03730704,0.05717708
36,0.002905049,0.03751228,0.05717732
37,0.002903497,0.03770714,0.0571693
38,0.002897344,0.03790272,0.05717332
39,0.002874031,0.03808787,0.0571756
40,0.002837394,0.03826313,0.05717694
41,0.002790264,0.03842942,0.0571777
42,0.002735272,0.03858779,0.05717812
43,0.002674998,0.03873921,0.05717833
44,0.002612618,0.03888458,0.05717843
45,0.002550499,0.03902462,0.05717842
46,0.002491113,0.03915994,0.05717834
47,0.00243675,0.03929102,0.05717823
48,0.002389458,0.03941826,0.05717807
49,0.002250556,0.03953534,0.05717036
50,0.002192081,0.03965381,0.05717364
51,0.002140126,0.03976372,0.05717541
52,0.002097949,0.03986586,0.05717636
53,0.002067744,0.03996125,0.05717682
54,0.002051073,0.0400509,0.05717698
55,0.002048673,0.04013576,0.05717701
56,0.002060101,0.04021657,0.05717695
57,0.002084271,0.04029395,0.05717691
58,0.002119193,0.04036838,0.05717687
59,0.002162388,0.04044024,0.05717687
60,0.002211113,0.04050979,0.05717688
61,0.002268552,0.04057551,0.05717525
62,0.002303921,0.04063997,0.05717594
63,0.002335774,0.04070104,0.05717653
64,0.002364343,0.04075886,0.05717687
65,0.002391172,0.04081378,0.05717707
66,0.002417216,0.04086617,0.05717718
67,0.002442933,0.04091641,0.05717725
68,0.002469142,0.04096475,0.05717729
69,0.002495641,0.04101146,0.05717732
70,0.002522111,0.04105672,0.05717734
71,0.002548098,0.04110069,0.05717737
72,0.002573131,0.0411435,0.05717739
73,0.00255504,0.04120098,0.05719516
74,0.002592791,0.04124536,0.05718704
75,0.00264184,0.04130112,0.05718249
76,0.002692227,0.04136692,0.05717999
77,0.002738623,0.04144078,0.05717869
78,0.002777523,0.04152062,0.05717807
79,0.002806809,0.04160462,0.05717783
80,0.002825179,0.04169129,0.0571778
81,0.002832121,0.04177947,0.05717785
82,0.002827483,0.04186828,0.05717795
83,0.002811333,0.0419571,0.05717807
84,0.002783897,0.04204547,0.05717819
85,0.002770892,0.04213183,0.05717655
86,0.002739453,0.042219,0.0571776
87,0.002697933,0.04230434,0.05717799
88,0.00264595,0.04238809,0.05717826
89,0.002581055,0.04247029,0.0571785
90,0.002501441,0.04255101,0.0571787
91,0.002406314,0.04263031,0.05717887
92,0.002296021,0.04270824,0.05717902
93,0.002172455,0.04278488,0.05717913
94,0.002038952,0.04286028,0.05717919
95,0.001900224,0.04293447,0.05717918
96,0.001762077,0.04300749,0.05717909
97,0.001566728,0.04308359,0.05718335
98,0.001451265,0.0431554,0.0571811
99,0.001364999,0.0432292,0.05717949
100,0.001310087,0.04330468,0.05717836
101,0.001287278,0.04338131,0.05717758
102,0.001296554,0.04345851,0.05717703
103,0.001336976,0.04353579,0.05717668
104,0.001406245,0.04361271,0.05717647
105,0.001500364,0.04368893,0.05717637
106,0.001613354,0.04376419,0.05717637
107,0.00173777,0.04383827,0.05717643
108,0.001865695,0.04391104,0.05717655
109,0.002071496,0.04397368,0.05716738
110,0.002189586,0.04404235,0.05717195
111,0.002277801,0.04410324,0.05717443
112,0.002344703,0.04415741,0.05717589
113,0.002395123,0.04420594,0.05717674
114,0.002433019,0.04424988,0.05717722
115,0.002461562,0.04429017,0.05717749
116,0.002481651,0.04432755,0.05717762
117,0.002495399,0.04436262,0.0571777
118,0.002504345,0.04439583,0.05717773
119,0.002509696,0.04442753,0.05717775
120,0.002512405,0.04445798,0.05717775
121,0.002551138,0.04449027,0.05718093
122,0.002555231,0.0445189,0.05717935
123,0.00256023,0.04454875,0.05717857
124,0.002564384,0.04457949,0.05717812
125,0.002567473,0.04461086,0.05717787
126,0.002569246,0.04464262,0.05717774
127,0.00256947,0.04467452,0.05717766
128,0.002569,0.04470639,0.05717763
129,0.002567613,0.04473808,0.05717761
130,0.002565216,0.04476951,0.05717761
131,0.00256179,0.04480059,0.05717761
132,0.002557368,0.04483128,0.05717761
133,0.002542582,0.04484443,0.05716056
134,0.002448574,0.04486944,0.05716774
135,0.002329863,0.04488149,0.05717247
136,0.00219218,0.04488157,0.05717521
137,0.002048363,0.04487174,0.05717667
138,0.001911525,0.04485414,0.05717734
139,0.001794048,0.04483063,0.05717752
140,0.001705536,0.04480279,0.05717744
141,0.001653533,0.04477184,0.05717723
142,0.001641992,0.04473873,0.057177
143,0.00167117,0.04470411,0.05717681
144,0.001737919,0.04466848,0.05717667
145,0.001881995,0.04465218,0.05719792
146,0.002081983,0.04461867,0.05718821
147,0.002315592,0.04459892,0.05718237
148,0.002546665,0.04459178,0.0571793
149,0.00275126,0.04459479,0.05717791
150,0.002920037,0.04460542,0.05717737
151,0.003053979,0.04462161,0.05717722
152,0.003158816,0.04464173,0.05717724
153,0.003240108,0.04466458,0.05717732
154,0.003302608,0.04468929,0.05717742
155,0.003349931,0.04471521,0.05717754
156,0.00338467,0.04474191,0.05717764
157,0.003328076,0.04473129,0.0571392
158,0.003275015,0.04475044,0.05715603
159,0.00318345,0.0447416,0.05716525
160,0.003060169,0.04470827,0.05717067
161,0.002906015,0.04465435,0.05717399
162,0.002720376,0.04458364,0.05717604
163,0.00250447,0.04449961,0.05717725
164,0.002264386,0.0444053,0.05717789
165,0.002012548,0.04430325,0.05717812
166,0.00176735,0.04419549,0.05717807
167,0.00154935,0.04408362,0.05717786
168,0.001375826,0.04396887,0.05717759
169,0.001244685,0.04386485,0.05719111
170,0.001242338,0.0437505,0.05718584
171,0.001342392,0.04364386,0.05718105
172,0.001539934,0.04354627,0.05717818
173,0.001808392,0.04345688,0.05717719
174,0.002096325,0.04337369,0.05717696
175,0.00236231,0.04329519,0.057177
176,0.00258619,0.04322027,0.05717714
177,0.002765596,0.04314808,0.05717729
178,0.002906018,0.04307801,0.05717741
179,0.003014768,0.04300963,0.05717751
180,0.003098414,0.04294262,0.05717758
181,0.00321694,0.04288218,0.05718346
182,0.003280239,0.04281896,0.0571812
183,0.003332089,0.04276086,0.05717975
184,0.003371937,0.04270765,0.0571789
185,0.003399866,0.04265872,0.05717843
186,0.0034162,0.04261339,0.0571782
187,0.003421227,0.04257101,0.05717811
188,0.003414652,0.04253102,0.05717811
189,0.003396551,0.04249297,0.05717816
190,0.003366846,0.0424565,0.05717824
191,0.003325327,0.04242133,0.05717832
192,0.003271709,0.04238727,0.05717842
193,0.003229711,0.04235785,0.05718248
194,0.003163602,0.04232676,0.05718095
195,0.003089956,0.0422993,0.05717994
196,0.003009176,0.04227532,0.05717932
197,0.002922039,0.04225435,0.05717895
198,0.002829915,0.04223591,0.05717872
199,0.002734807,0.04221954,0.05717855
200,0.002639719,0.04220483,0.05717842
201,0.00254768,0.04219146,0.05717829
202,0.002462016,0.04217919,0.05717815
203,0.002386015,0.04216781,0.05717799
204,0.002322635,0.04215715,0.05717783
205,0.002230443,0.04213031,0.05715955
206,0.002140497,0.04211606,0.05716706
207,0.002039738,0.04208896,0.05717153
208,0.001937039,0.04204996,0.0571742
209,0.001841212,0.04200065,0.05717575
210,0.00176066,0.04194289,0.05717658
211,0.001702469,0.04187844,0.05717696
212,0.001672198,0.04180884,0.05717706
213,0.001672251,0.04173538,0.05717704
214,0.001702107,0.04165909,0.05717698
215,0.001758776,0.04158073,0.05717694
216,0.001837154,0.04150087,0.05717692
217,0.001993947,0.04143539,0.05719436
218,0.002162276,0.04135847,0.0571874
219,0.002347614,0.04129332,0.05718275
220,0.002526308,0.04124007,0.05718005
221,0.002684564,0.04119717,0.05717861
222,0.002817297,0.04116274,0.05717792
223,0.002924937,0.04113496,0.05717761
224,0.0030107,0.0411123,0.05717752
225,0.003077973,0.04109353,0.05717753
226,0.003129935,0.0410777,0.05717758
227,0.003169256,0.04106406,0.05717767
228,0.00319805,0.04105209,0.05717775
229,0.003223622,0.04103833,0.05717465
230,0.003224169,0.04102717,0.05717596
231,0.003216767,0.04101412,0.05717688
232,0.003202857,0.0409991,0.05717747
233,0.003183614,0.04098235,0.05717783
234,0.003159897,0.0409642,0.05717803
235,0.003132362,0.040945,0.05717812
236,0.00310149,0.04092504,0.05717815
237,0.003067904,0.04090459,0.05717814
238,0.00303231,0.04088385,0.05717808
239,0.002995516,0.04086297,0.05717799
240,0.002958445,0.04084209,0.0571779
241,0.002964924,0.04082936,0.05718722
242,0.002937491,0.04081028,0.05718288
243,0.002918295,0.04079765,0.05718043
244,0.002904503,0.0407909,0.05717896
245,0.002895456,0.04078916,0.05717812
246,0.002890398,0.04079147,0.05717766
247,0.002888416,0.04079691,0.05717744
248,0.002888876,0.0408047,0.05717736
249,0.002890867,0.04081421,0.05717735
250,0.002893665,0.04082496,0.05717737
251,0.00289667,0.04083657,0.05717741
252,0.002899433,0.04084877,0.05717744
253,0.002869396,0.04086335,0.05717913
254,0.002894649,0.04087802,0.05717874
255,0.002921024,0.04089485,0.05717821
256,0.002946889,0.04091386,0.05717789
257,0.002970063,0.04093472,0.05717773
258,0.002989171,0.04095701,0.05717767
259,0.003003567,0.04098037,0.05717767
260,0.003013287,0.04100447,0.0571777
261,0.003018451,0.04102905,0.05717774
262,0.00301934,0.04105392,0.05717779
263,0.00301634,0.0410789,0.05717783
264,0.003009907,0.04110388,0.05717786
265,0.002956146,0.04111221,0.05716037
266,0.00288206,0.04113048,0.05716754
267,0.002788668,0.04113463,0.05717217
268,0.002679927,0.04112544,0.05717495
269,0.002562724,0.04110481,0.05717656
270,0.002444538,0.04107483,0.05717739
271,0.002333286,0.04103751,0.05717771
272,0.00223663,0.04099462,0.05717771
273,0.002161437,0.04094761,0.05717754
274,0.002112827,0.04089762,0.05717729
275,0.002093615,0.04084553,0.05717705
276,0.002103968,0.04079196,0.05717687
277,0.002145769,0.04073342,0.05717215
278,0.002204182,0.04067704,0.05717387
279,0.002275652,0.04061711,0.05717507
280,0.002354486,0.04055379,0.05717588
281,0.002435592,0.04048753,0.05717643
282,0.002515314,0.04041887,0.05717679
283,0.002591196,0.04034834,0.05717703
284,0.002662011,0.04027642,0.05717718
285,0.002726963,0.04020352,0.0571773
286,0.002785775,0.04012997,0.05717738
287,0.002838504,0.04005605,0.05717744
288,0.002885415,0.03998196,0.05717748
289,0.002905579,0.03992268,0.05719452
290,0.002978744,0.03985416,0.05718777
291,0.003057907,0.03979843,0.05718324
292,0.003133391,0.03975553,0.05718055
293,0.003200506,0.03972391,0.05717906
294,0.003257622,0.03970159,0.0571783
295,0.003304741,0.03968668,0.05717794
296,0.003342185,0.03967753,0.0571778
297,0.003371005,0.0396728,0.05717777
298,0.003392179,0.03967142,0.0571778
299,0.003406535,0.03967258,0.05717785
300,0.003414738,0.03967563,0.05717791
301,0.003364591,0.03969947,0.05720017
302,0.00338468,0.03971129,0.05719046
303,0.003409443,0.0397402,0.05718466
304,0.003433101,0.03978487,0.0571814
305,0.003452936,0.03984263,0.05717967
306,0.003467761,0.03991059,0.05717881
307,0.003477199,0.03998615,0.05717842
308,0.003481142,0.04006711,0.05717828
309,0.003479871,0.04015176,0.05717827
310,0.003473695,0.04023871,0.0571783
311,0.003462943,0.04032695,0.05717836
312,0.003447951,0.04041569,0.0571784
313,0.003414125,0.04047337,0.05714454
314,0.00335257,0.04055154,0.0571593
315,0.00326645,0.04060311,0.05716764
316,0.003159901,0.04063057,0.05717259
317,0.003035204,0.04063737,0.05717555
318,0.002894881,0.04062721,0.05717723
319,0.002742799,0.04060361,0.05717806
320,0.002584831,0.04056961,0.0571783
321,0.002429032,0.04052777,0.05717815
322,0.00228487,0.04048017,0.05717778
323,0.002162063,0.0404284,0.05717734
324,0.002068932,0.04037371,0.05717694
325,0.001844268,0.04031843,0.05717818
326,0.001806549,0.040261,0.05717743
327,0.001810221,0.0402039,0.05717696
328,0.001848861,0.04014741,0.05717675
329,0.001914129,0.04009159,0.05717672
330,0.001997282,0.04003637,0.05717677
331,0.002090198,0.03998169,0.05717688
332,0.002185621,0.03992746,0.05717701
333,0.002278687,0.03987363,0.05717712
334,0.002366254,0.03982017,0.05717723
335,0.002446517,0.03976706,0.05717731
336,0.002518684,0.03971428,0.05717739
337,0.00264191,0.0396607,0.05717618
338,0.002698226,0.03960812,0.05717673
339,0.002744281,0.03955487,0.0571771
340,0.002781975,0.039501,0.05717737
341,0.002812761,0.03944664,0.05717754
342,0.002837734,0.03939194,0.05717766
343,0.002857724,0.03933708,0.05717775
344,0.002873057,0.0392822,0.0571778
345,0.002884222,0.03922741,0.05717786
346,0.002891609,0.03917283,0.05717789
347,0.002895578,0.03911852,0.05717793
348,0.002896469,0.03906455,0.05717795
349,0.002963631,0.03904358,0.05721715
350,0.003000852,0.03900026,0.05720017
351,0.00305308,0.03898444,0.05718952
352,0.003107592,0.03899525,0.05718353
353,0.003158582,0.03902854,0.05718037
354,0.003202997,0.03907964,0.0571788
355,0.003239387,0.03914428,0.0571781
356,0.00326727,0.03921888,0.05717786
357,0.003286684,0.03930056,0.05717783
358,0.00329783,0.03938711,0.05717791
359,0.003300946,0.0394768,0.05717802
360,0.003296235,0.03956838,0.05717814
361,0.003272811,0.0396332,0.05714686
362,0.003228425,0.03971766,0.05716081
363,0.003159416,0.03977881,0.05716854
364,0.003070838,0.03981869,0.05717312
365,0.002965318,0.03984027,0.05717584
366,0.002845264,0.03984682,0.05717739
367,0.002713958,0.03984147,0.05717817
368,0.002576373,0.03982695,0.05717845
369,0.002438502,0.03980552,0.05717839
370,0.002307471,0.03977901,0.0571781
371,0.00219079,0.03974883,0.0571777
372,0.002095443,0.03971606,0.05717726
373,0.001884117,0.0396794,0.05717451
374,0.001816939,0.03964292,0.05717527
375,0.001777937,0.03960379,0.05717576
376,0.001766511,0.03956234,0.05717608
377,0.001780623,0.03951894,0.0571763
378,0.001816825,0.03947398,0.05717648
379,0.001870648,0.03942778,0.05717663
380,0.001937069,0.03938062,0.05717677
381,0.002011019,0.03933273,0.0571769
382,0.00208794,0.03928431,0.05717701
383,0.002164123,0.0392355,0.05717713
384,0.002236828,0.03918645,0.05717722
385,0.002361571,0.03913682,0.05717678
386,0.002430945,0.03908747,0.05717706
387,0.002492253,0.0390378,0.05717725
388,0.002545349,0.0389879,0.05717739
389,0.002590254,0.03893787,0.0571775
390,0.00262711,0.03888782,0.05717758
391,0.002656131,0.03883783,0.05717765
392,0.002678099,0.03878802,0.05717773
393,0.002693258,0.03873845,0.05717779
394,0.002701895,0.03868921,0.05717784
395,0.002704293,0.03864032,0.05717789
396,0.002700752,0.03859187,0.05717794
397,0.002643865,0.03853906,0.05717196
398,0.002630754,0.03849053,0.05717455
399,0.002609199,0.03843861,0.05717603
400,0.00258159,0.0383835,0.05717692
401,0.002549086,0.03832564,0.05717746
402,0.002512681,0.03826558,0.05717776
403,0.002473398,0.03820389,0.05717792
404,0.00243222,0.03814105,0.05717796
405,0.002390355,0.03807751,0.05717795
406,0.002348986,0.03801358,0.05717789
407,0.002309279,0.03794954,0.05717784
408,0.002272337,0.03788557,0.05717775
409,0.002279063,0.03784219,0.05720235
410,0.00230226,0.0377866,0.05719214
411,0.002352095,0.03774935,0.05718528
412,0.002416019,0.03773052,0.05718127
413,0.002484101,0.0377278,0.05717914
414,0.002548672,0.03773823,0.05717811
415,0.002604598,0.03775901,0.0571777
416,0.002648788,0.03778769,0.0571776
417,0.002679537,0.03782229,0.05717763
418,0.002696086,0.03786123,0.05717775
419,0.002698186,0.03790329,0.05717789
420,0.002685853,0.03794754,0.05717803
421,0.002740842,0.03799196,0.05717677
422,0.00270262,0.03803787,0.05717742
423,0.002648763,0.03808309,0.05717792
424,0.002580956,0.03812734,0.05717826
425,0.002501838,0.0381706,0.05717845
426,0.002414416,0.03821291,0.05717854
427,0.002322054,0.03825436,0.05717854
428,0.002228494,0.03829507,0.05717849
429,0.002137559,0.03833508,0.05717836
430,0.002053066,0.03837449,0.05717819
431,0.001978576,0.03841334,0.05717799
432,0.001917182,0.03845166,0.05717777
433,0.001758266,0.03847421,0.05716071
434,0.001642192,0.03850438,0.05716734
435,0.00151813,0.03852023,0.05717185
436,0.001392117,0.03852212,0.0571745
437,0.001274723,0.0385118,0.05717594
438,0.001175224,0.03849136,0.05717663
439,0.001100683,0.03846282,0.05717684
440,0.001056402,0.03842796,0.0571768
441,0.001044429,0.03838826,0.05717666
442,0.0010649,0.03834489,0.05717653
443,0.001116368,0.03829871,0.05717645
444,0.001195706,0.03825038,0.05717644
445,0.001226541,0.03820078,0.05717738
446,0.001302871,0.03814901,0.05717727
447,0.001382253,0.03809614,0.0571773
448,0.001462124,0.03804242,0.05717732
449,0.001541237,0.03798813,0.05717734
450,0.00161862,0.03793344,0.05717736
451,0.001693465,0.03787852,0.05717737
452,0.00176516,0.03782348,0.05717739
453,0.001833319,0.03776842,0.05717742
454,0.00189768,0.03771343,0.05717743
455,0.001958071,0.03765855,0.05717745
456,0.002014408,0.03760384,0.05717747
457,0.002218677,0.03755066,0.05717853
458,0.002326716,0.03749709,0.05717726
459,0.002437861,0.03744595,0.05717731
460,0.002538358,0.03739634,0.05717748
461,0.002623434,0.03734802,0.05717761
462,0.002692264,0.03730089,0.0571777
463,0.00274525,0.03725487,0.05717777
464,0.00278276,0.03720991,0.05717786
465,0.002805577,0.03716594,0.05717793
466,0.002814293,0.03712289,0.05717801
467,0.002809301,0.03708073,0.05717809
468,0.002790812,0.0370394,0.05717818
469,0.00277386,0.0370228,0.05720775
470,0.002768613,0.03699237,0.05719543
471,0.00277103,0.03698418,0.05718746
472,0.002773703,0.03699793,0.05718285
473,0.002773202,0.03703066,0.05718036
474,0.002767388,0.0370788,0.05717909
475,0.002754935,0.03713894,0.0571785
476,0.002735323,0.03720814,0.05717827
477,0.00270823,0.03728401,0.05717821
478,0.002673701,0.03736462,0.05717824
479,0.002632085,0.03744848,0.05717827
480,0.002584032,0.03753444,0.05717831
481,0.002810206,0.03758756,0.0571386
482,0.002734145,0.03766283,0.05715599
483,0.002606802,0.03770745,0.05716541
484,0.002440667,0.03772376,0.05717104
485,0.002241906,0.0377151,0.0571745
486,0.002019238,0.03768538,0.05717654
487,0.001786229,0.03763845,0.05717763
488,0.001561218,0.03757784,0.05717799
489,0.001363241,0.03750662,0.05717787
490,0.001208165,0.03742732,0.05717745
491,0.001106113,0.037342,0.05717695
492,0.001061353,0.03725226,0.05717654
493,0.0009691826,0.03715698,0.05717358
494,0.0009947728,0.0370604,0.05717444
495,0.001060863,0.03695978,0.05717515
496,0.001161029,0.03685544,0.05717572
497,0.001287301,0.03674784,0.05717617
498,0.001430058,0.03663746,0.05717653
499,0.001579138,0.03652479,0.0571768
500,0.001725168,0.03641029,0.05717702
501,0.001861472,0.03629435,0.05717719
502,0.001984091,0.03617733,0.05717731
503,0.002091293,0.03605954,0.0571774
504,0.002182945,0.03594125,0.05717746
505,0.00242523,0.03582956,0.05718622
506,0.002527286,0.03571439,0.05718331
507,0.002621126,0.03560598,0.05718106
508,0.00270369,0.035505,0.05717956
509,0.002773793,0.0354111,0.05717865
510,0.002831418,0.0353235,0.05717812
511,0.002877227,0.03524126,0.05717786
512,0.002912206,0.03516348,0.05717773
513,0.002937327,0.03508943,0.0571777
514,0.002953542,0.03501841,0.0571777
515,0.002961729,0.03494995,0.05717772
516,0.002962652,0.0348836,0.05717776
517,0.003102621,0.03480921,0.05716562
518,0.003076743,0.03474087,0.05717017
519,0.003031107,0.03466377,0.0571731
520,0.002970498,0.03457752,0.05717501
521,0.002898581,0.03448267,0.05717624
522,0.002818953,0.03438027,0.05717701
523,0.002735571,0.03427152,0.05717743
524,0.002652855,0.03415763,0.05717764
525,0.002575378,0.03403973,0.05717769
526,0.002507525,0.03391876,0.05717766
527,0.002453028,0.03379552,0.05717757
528,0.002414538,0.03367067,0.05717747
529,0.002410687,0.03354117,0.05717277
530,0.002398357,0.03341242,0.05717423
531,0.002394424,0.03327948,0.05717526
532,0.00239905,0.03314223,0.05717599
533,0.002411733,0.03300094,0.0571765
534,0.002431725,0.03285607,0.05717685
535,0.002458016,0.03270817,0.05717708
536,0.002489594,0.03255778,0.05717722
537,0.002525025,0.03240541,0.05717731
538,0.002562873,0.03225151,0.05717736
539,0.002601791,0.03209648,0.0571774
540,0.002640602,0.03194065,0.05717743
541,0.003015616,0.03179443,0.05719188
542,0.00309931,0.03164452,0.05718789
543,0.003184575,0.03150571,0.05718403
544,0.003265065,0.03138011,0.05718119
545,0.003337101,0.03126756,0.05717942
546,0.003398973,0.03116685,0.05717841
547,0.003450408,0.03107638,0.05717791
548,0.003491851,0.03099453,0.05717767
549,0.003524238,0.03091986,0.0571776
550,0.003548558,0.03085113,0.05717759
551,0.003565717,0.03078728,0.05717762
552,0.003576485,0.03072748,0.05717766
553,0.003572388,0.03066627,0.05717087
554,0.003569532,0.03060993,0.05717344
555,0.003558266,0.03055069,0.05717512
556,0.003540244,0.0304879,0.05717624
557,0.003516565,0.03042151,0.05717696
558,0.003488132,0.03035188,0.05717741
559,0.003455786,0.03027952,0.05717767
560,0.003420356,0.03020498,0.05717782
561,0.003382769,0.03012877,0.05717788
562,0.003344025,0.03005136,0.05717789
563,0.003305187,0.02997316,0.05717787
564,0.00326735,0.02989449,0.05717784
565,0.003111496,0.02982126,0.05718587
566,0.003085982,0.02974639,0.05718312
567,0.003074418,0.02967835,0.05718096
568,0.003073687,0.0296179,0.05717948
569,0.003080693,0.02956484,0.05717855
570,0.0030926,0.02951846,0.05717801
571,0.003107073,0.02947789,0.05717772
572,0.003122441,0.02944223,0.05717759
573,0.003137436,0.02941067,0.05717753
574,0.003151214,0.02938249,0.05717753
575,0.003163258,0.0293571,0.05717754
576,0.003173279,0.029334,0.05717756
577,0.003036411,0.02930953,0.05717278
578,0.003028335,0.02928792,0.05717462
579,0.00301662,0.02926388,0.05717582
580,0.003002382,0.02923699,0.05717659
581,0.002986431,0.02920727,0.05717709
582,0.002969517,0.02917498,0.05717739
583,0.002952357,0.02914051,0.05717756
584,0.002935553,0.02910424,0.05717764
585,0.002919656,0.02906659,0.05717769
586,0.002905111,0.02902785,0.05717769
587,0.002892251,0.02898834,0.05717769
588,0.002881302,0.02894829,0.05717767
589,0.002707021,0.02891002,0.05718078
590,0.002689228,0.02887088,0.05717963
591,0.002679466,0.02883419,0.05717882
592,0.00267579,0.02880025,0.05717828
593,0.00267661,0.028769,0.05717795
594,0.002680538,0.0287402,0.05717776
595,0.002686418,0.02871355,0.05717765
596,0.002693317,0.02868875,0.05717761
597,0.002700536,0.02866551,0.05717758
598,0.002707549,0.0286436,0.05717758
599,0.002713968,0.02862279,0.0571776
600,0.002719512,0.02860291,0.05717761
601,0.002733159,0.02858998,0.05718672
602,0.002753588,0.02857585,0.05718338
603,0.00278025,0.02856965,0.05718103
604,0.002808843,0.02857181,0.05717949
605,0.0028363,0.02858183,0.05717859
606,0.002860522,0.02859875,0.0571781
607,0.002880173,0.02862151,0.05717785
608,0.002894491,0.02864903,0.05717775
609,0.002903098,0.0286804,0.05717772
610,0.002905868,0.0287148,0.05717774
611,0.002902835,0.02875154,0.05717778
612,0.00289413,0.02879007,0.05717782
613,0.002853893,0.02882139,0.05716567
614,0.002810131,0.02885636,0.05717038
615,0.002750046,0.02888181,0.0571734
616,0.002677662,0.02889716,0.05717534
617,0.002596223,0.02890283,0.05717656
618,0.002509092,0.02889981,0.05717729
619,0.002419898,0.02888933,0.05717769
620,0.002332204,0.02887262,0.05717786
621,0.002249934,0.02885084,0.05717789
622,0.002176748,0.02882501,0.05717783
623,0.002115747,0.028796,0.05717773
624,0.00206923,0.02876449,0.05717761
625,0.002111539,0.02873281,0.05718008
626,0.002113796,0.02869911,0.05717905
627,0.002133139,0.02866636,0.05717831
628,0.002166764,0.02863499,0.05717782
629,0.002211182,0.02860511,0.05717751
630,0.002262732,0.02857664,0.05717736
631,0.002317943,0.02854944,0.0571773
632,0.002373896,0.0285233,0.05717728
633,0.002428205,0.02849806,0.05717731
634,0.002479119,0.02847357,0.05717734
635,0.002525461,0.02844967,0.05717739
636,0.002566526,0.0284263,0.05717744
637,0.002733972,0.02840694,0.0571828
638,0.002787218,0.02838691,0.05718092
639,0.002835876,0.02837154,0.0571796
640,0.002878228,0.02836112,0.05717873
641,0.002913338,0.02835542,0.05717822
642,0.002940857,0.02835392,0.05717793
643,0.002960792,0.02835601,0.05717779
644,0.002973694,0.02836111,0.05717774
645,0.002979812,0.02836866,0.05717773
646,0.002979505,0.02837822,0.05717775
647,0.00297319,0.02838937,0.05717778
648,0.002961335,0.02840181,0.0571778
649,0.003016766,0.02841287,0.05717447
650,0.002992727,0.02842531,0.05717571
651,0.002960519,0.02843544,0.05717658
652,0.002922411,0.02844298,0.05717714
653,0.002880758,0.02844796,0.05717748
654,0.002837704,0.02845064,0.05717766
655,0.002795295,0.02845134,0.05717773
656,0.002755808,0.0284504,0.05717775
657,0.002720858,0.02844809,0.0571777
658,0.002691795,0.02844472,0.05717766
659,0.002669616,0.0284405,0.05717759
660,0.002654917,0.0284356,0.05717754
661,0.002775099,0.02843274,0.05718127
662,0.002797438,0.02842869,0.05717983
663,0.00282676,0.02842738,0.05717881
664,0.002860604,0.02842907,0.05717815
665,0.002896702,0.02843366,0.05717776
666,0.002933081,0.02844081,0.05717754
667,0.002968189,0.02845012,0.05717744
668,0.003000983,0.02846121,0.05717741
669,0.003030755,0.02847371,0.05717741
670,0.003057084,0.02848732,0.05717744
671,0.003079765,0.02850177,0.05717748
672,0.003098742,0.02851686,0.05717751
673,0.002915237,0.02852408,0.05716545
674,0.002890818,0.02853427,0.05717006
675,0.002855248,0.02853471,0.057173
676,0.002812295,0.02852482,0.05717491
677,0.002764596,0.02850504,0.05717614
678,0.002714783,0.02847634,0.05717689
679,0.002665416,0.02843994,0.05717733
680,0.002619312,0.0283971,0.05717754
681,0.002578496,0.028349,0.05717764
682,0.002544597,0.02829667,0.05717765
683,0.002518751,0.02824101,0.05717761
684,0.00250156,0.02818277,0.05717757
685,0.002559855,0.02812818,0.05718612
686,0.002583227,0.02807048,0.05718313
687,0.00262159,0.02801849,0.05718086
688,0.002669205,0.02797324,0.05717933
689,0.002721209,0.02793471,0.05717839
690,0.002773545,0.02790234,0.05717786
691,0.002823247,0.02787535,0.05717761
692,0.002867743,0.02785291,0.0571775
693,0.002906182,0.02783428,0.05717748
694,0.002938295,0.02781878,0.0571775
695,0.002964158,0.02780586,0.05717754
696,0.00298406,0.02779505,0.05717757
697,0.00290658,0.02778488,0.05717588
698,0.002909113,0.02777659,0.05717658
699,0.002907408,0.02776823,0.05717703
700,0.002901927,0.02775952,0.05717733
701,0.002893144,0.02775035,0.05717751
702,0.002881526,0.02774073,0.05717763
703,0.002867581,0.02773072,0.05717769
704,0.002851772,0.02772039,0.05717773
705,0.002834626,0.02770984,0.05717773
706,0.002816661,0.02769913,0.05717773
707,0.00279838,0.02768835,0.05717772
708,0.002780264,0.02767754,0.05717772
709,0.002913374,0.02766829,0.05718021
710,0.002908795,0.02765838,0.05717923
711,0.002904371,0.02765027,0.05717859
712,0.002900447,0.02764411,0.05717817
713,0.002897667,0.02763982,0.05717789
714,0.002896355,0.02763722,0.05717773
715,0.002896618,0.02763606,0.05717763
716,0.002899261,0.02763612,0.05717757
717,0.002903876,0.02763719,0.05717755
718,0.00291004,0.02763905,0.05717754
719,0.002917348,0.02764156,0.05717754
720,0.00292545,0.02764458,0.05717754
721,0.002995224,0.02765132,0.05718241
722,0.003023528,0.02765768,0.05718068
723,0.003054485,0.02766847,0.05717942
724,0.003085413,0.02768394,0.0571786
725,0.003114208,0.02770383,0.05717811
726,0.003139554,0.02772762,0.05717785
727,0.003160705,0.02775471,0.05717771
728,0.003177176,0.02778449,0.05717766
729,0.003188947,0.02781646,0.05717766
730,0.003196147,0.02785011,0.05717767
731,0.003198998,0.02788506,0.0571777
732,0.003197777,0.02792097,0.05717773
733,0.003288927,0.02795376,0.05717221
734,0.003277298,0.02798804,0.05717433
735,0.003257105,0.02801793,0.05717574
736,0.003230997,0.02804306,0.05717664
737,0.003200972,0.02806356,0.0571772
738,0.003168817,0.02807989,0.05717753
739,0.003136144,0.02809259,0.05717769
740,0.003104188,0.02810222,0.05717777
741,0.003074345,0.02810929,0.05717777
742,0.003047827,0.02811427,0.05717774
743,0.003025586,0.02811754,0.0571777
744,0.003008295,0.02811943,0.05717764
745,0.002912036,0.02811926,0.05717629
746,0.002892176,0.02811833,0.05717669
747,0.002877783,0.0281155,0.05717698
748,0.002868939,0.02811078,0.05717717
749,0.00286542,0.02810434,0.05717729
750,0.002866887,0.02809638,0.05717734
751,0.002872779,0.02808712,0.05717738
752,0.002882125,0.02807677,0.0571774
753,0.002894181,0.0280655,0.05717741
754,0.002908189,0.02805348,0.05717742
755,0.002923411,0.02804084,0.05717742
756,0.002939178,0.0280277,0.05717742
757,0.003030939,0.0280115,0.05717358
758,0.003042552,0.0279956,0.05717497
759,0.003048164,0.02797616,0.05717594
760,0.003050032,0.02795297,0.0571766
761,0.003049775,0.02792625,0.057177
762,0.003048568,0.02789637,0.05717725
763,0.003047233,0.0278638,0.0571774
764,0.003047011,0.02782899,0.05717748
765,0.003047997,0.02779237,0.05717751
766,0.003050175,0.02775432,0.05717752
767,0.00305344,0.02771516,0.05717752
768,0.003057635,0.02767517,0.05717752
769,0.003210156,0.02763793,0.05718255
770,0.003237821,0.02759948,0.05718083
771,0.003266638,0.02756497,0.05717955
772,0.003294502,0.02753491,0.05717868
773,0.003319893,0.02750927,0.05717814
774,0.003341938,0.02748768,0.05717783
775,0.0033602,0.02746965,0.05717767
776,0.003375007,0.02745469,0.0571776
777,0.003386257,0.0274423,0.05717757
778,0.003394016,0.02743206,0.05717758
779,0.00339845,0.02742361,0.05717758
780,0.003399803,0.02741665,0.0571776
781,0.003260624,0.02741712,0.05718705
782,0.003262482,0.02741699,0.05718361
783,0.003270622,0.0274254,0.05718116
784,0.003281018,0.02744276,0.05717959
785,0.003291172,0.02746853,0.05717865
786,0.003299487,0.02750169,0.05717812
787,0.003305053,0.0275411,0.05717785
788,0.003308164,0.02758563,0.05717773
789,0.003308432,0.02763426,0.05717769
790,0.003305751,0.02768613,0.05717767
791,0.003300203,0.02774048,0.0571777
792,0.003291987,0.02779671,0.05717772
793,0.003283739,0.02784991,0.05717127
794,0.003262483,0.02790538,0.05717378
795,0.003234717,0.02795618,0.05717539
796,0.00320306,0.02800179,0.05717643
797,0.003169807,0.02804231,0.05717705
798,0.003136923,0.02807818,0.0571774
799,0.003106192,0.02810998,0.05717758
800,0.003079091,0.02813828,0.05717765
801,0.003056847,0.02816365,0.05717767
802,0.003040313,0.02818656,0.05717764
803,0.003029952,0.02820744,0.0571776
804,0.003025844,0.02822662,0.05717757
805,0.003102907,0.02824117,0.05717284
806,0.003106694,0.02825543,0.05717454
807,0.003109201,0.02826477,0.05717569
808,0.003112463,0.0282691,0.05717642
809,0.003117714,0.02826876,0.05717689
810,0.003125653,0.02826426,0.05717716
811,0.003136536,0.02825619,0.05717732
812,0.003150483,0.02824513,0.0571774
813,0.003167091,0.02823161,0.05717743
814,0.003185775,0.02821611,0.05717745
815,0.00320588,0.02819901,0.05717746
816,0.003226744,0.02818066,0.05717747
817,0.003251144,0.02816548,0.05718371
818,0.003281304,0.02814833,0.05718147
819,0.003314639,0.02813565,0.05717989
820,0.00334801,0.02812799,0.05717885
821,0.00337941,0.02812521,0.05717823
822,0.003407613,0.02812686,0.05717788
823,0.003431966,0.02813231,0.0571777
824,0.003451758,0.02814097,0.05717763
825,0.003467125,0.02815226,0.05717761
826,0.003478292,0.02816568,0.05717763
827,0.003485513,0.02818081,0.05717764
828,0.003489052,0.02819729,0.05717767
829,0.003487768,0.02820979,0.0571703
830,0.003474729,0.02822458,0.05717308
831,0.003453865,0.02823386,0.05717492
832,0.003427448,0.02823711,0.05717612
833,0.00339715,0.02823455,0.05717688
834,0.003364392,0.02822672,0.05717734
835,0.003330466,0.02821435,0.05717761
836,0.00329566,0.02819817,0.05717774
837,0.003261344,0.02817889,0.0571778
838,0.003228738,0.02815712,0.05717781
839,0.003198891,0.02813339,0.05717779
840,0.003172659,0.02810814,0.05717776
841,0.003092278,0.02808216,0.05717836
842,0.003071212,0.02805519,0.05717808
843,0.003056708,0.02802813,0.05717788
844,0.003048227,0.02800118,0.05717774
845,0.003044903,0.02797446,0.05717763
846,0.003045921,0.02794804,0.05717757
847,0.003050443,0.02792193,0.05717754
848,0.003057659,0.02789613,0.05717752
849,0.003066801,0.02787063,0.05717751
850,0.003077172,0.02784542,0.05717751
851,0.003088153,0.02782047,0.05717751
852,0.003099219,0.02779578,0.05717752
853,0.003217388,0.02777937,0.05718968
854,0.003257641,0.02776109,0.05718536
855,0.003302547,0.02775292,0.05718217
856,0.003346489,0.0277557,0.0571801
857,0.003385969,0.0277689,0.05717886
858,0.003419158,0.02779135,0.0571782
859,0.003445299,0.02782166,0.05717786
860,0.003464314,0.02785845,0.05717771
861,0.003476395,0.02790049,0.05717767
862,0.003481895,0.02794668,0.0571777
863,0.003481209,0.02799609,0.05717773
864,0.003474743,0.02804798,0.05717777
865,0.0034707,0.02808768,0.05715781
866,0.003419786,0.0281325,0.0571655
867,0.003347064,0.02816097,0.05717031
868,0.003257015,0.02817211,0.05717338
869,0.003153619,0.02816655,0.05717535
870,0.003041634,0.02814579,0.05717657
871,0.002927105,0.02811177,0.05717727
872,0.002817377,0.02806651,0.05717763
873,0.002720081,0.02801191,0.05717774
874,0.002642227,0.02794969,0.05717768
875,0.002589094,0.02788133,0.05717756
876,0.002563379,0.02780808,0.05717739
877,0.002630779,0.02774284,0.05719554
878,0.002723188,0.02767191,0.05718957
879,0.00285005,0.02761337,0.05718446
880,0.00298621,0.02756969,0.05718104
881,0.003114071,0.02754071,0.05717906
882,0.003224885,0.02752498,0.05717804
883,0.003316396,0.02752068,0.05717757
884,0.003390661,0.02752596,0.05717739
885,0.003449708,0.0275391,0.05717736
886,0.003495815,0.02755865,0.05717739
887,0.003531016,0.02758335,0.05717744
888,0.00355698,0.02761216,0.05717752
889,0.00356156,0.02764489,0.05717843
890,0.003576254,0.0276802,0.0571782
891,0.003585165,0.0277184,0.05717804
892,0.003588408,0.0277591,0.05717794
893,0.003586188,0.02780188,0.0571779
894,0.003578708,0.02784631,0.05717788
895,0.003566185,0.02789205,0.05717789
896,0.00354933,0.02793878,0.0571779
897,0.003528271,0.02798622,0.05717792
898,0.003503252,0.02803415,0.05717794
899,0.003474633,0.02808239,0.05717796
900,0.003442904,0.02813079,0.05717798
901,0.00340731,0.02817189,0.0571674
902,0.003352362,0.02821497,0.0571714
903,0.003286768,0.02824896,0.05717399
904,0.003214536,0.02827341,0.05717565
905,0.003139804,0.02828874,0.05717667
906,0.003067057,0.02829589,0.05717725
907,0.003000946,0.02829599,0.05717755
908,0.002945647,0.02829014,0.05717765
909,0.002904748,0.02827941,0.05717764
910,0.002880563,0.02826471,0.05717756
911,0.002873874,0.02824678,0.05717745
912,0.002883911,0.02822629,0.05717735
913,0.002847112,0.0282007,0.05717279
914,0.002868109,0.02817431,0.05717434
915,0.002894825,0.0281429,0.05717541
916,0.002926371,0.02810642,0.05717614
917,0.002961741,0.02806523,0.05717662
918,0.002999783,0.02801985,0.05717693
919,0.003039348,0.02797089,0.05717712
920,0.003079487,0.02791894,0.05717726
921,0.003119189,0.02786458,0.05717733
922,0.003157611,0.02780828,0.05717738
923,0.0031941,0.02775048,0.05717742
924,0.003228183,0.02769155,0.05717745
925,0.003329214,0.02764366,0.05719581
926,0.003389188,0.02759223,0.05718964
927,0.003454279,0.02755509,0.0571847
928,0.003516467,0.02753411,0.05718144
929,0.003571376,0.02752873,0.05717953
930,0.00361736,0.02753732,0.05717849
931,0.003654266,0.02755789,0.05717796
932,0.003682446,0.02758847,0.05717773
933,0.003702752,0.02762723,0.05717765
934,0.003715984,0.0276726,0.05717764
935,0.003722815,0.02772324,0.05717768
936,0.003723774,0.02777802,0.05717773
937,0.0037201,0.02782988,0.05716866
938,0.003703881,0.02788614,0.05717225
939,0.003678207,0.02793683,0.05717454
940,0.003644889,0.02798111,0.05717599
941,0.003604988,0.02801904,0.0571769
942,0.003559459,0.0280511,0.05717747
943,0.003509312,0.02807802,0.05717779
944,0.003455627,0.02810054,0.05717796
945,0.003399882,0.02811941,0.05717804
946,0.003343782,0.02813525,0.05717804
947,0.003289196,0.02814864,0.05717801
948,0.003238065,0.02816003,0.05717795
949,0.003191734,0.02816718,0.05717407
950,0.003143601,0.02817369,0.05717537
951,0.003099484,0.02817592,0.05717624
952,0.003062087,0.02817383,0.05717679
953,0.003033611,0.02816773,0.05717711
954,0.003015516,0.02815807,0.05717728
955,0.003008398,0.02814536,0.05717734
956,0.003011618,0.02813008,0.05717735
957,0.003024247,0.02811266,0.05717734
958,0.003044736,0.02809348,0.05717732
959,0.003071184,0.02807285,0.0571773
960,0.003101601,0.02805104,0.05717729
961,0.00309649,0.02803046,0.05718055
962,0.003133259,0.02800847,0.0571794
963,0.003172786,0.02798852,0.0571786
964,0.003211901,0.02797094,0.05717807
965,0.003248778,0.02795571,0.05717777
966,0.003282275,0.02794261,0.05717759
967,0.003311841,0.02793139,0.05717751
968,0.003338536,0.02792173,0.05717749
969,0.003361977,0.02791338,0.0571775
970,0.00338204,0.0279061,0.05717751
971,0.00339876,0.02789969,0.05717753
972,0.003412261,0.027894,0.05717755
973,0.003413863,0.02788309,0.0571691
974,0.003404777,0.0278741,0.05717218
975,0.003386956,0.02785825,0.05717425
976,0.00336369,0.02783501,0.05717561
977,0.003337502,0.02780459,0.05717649
978,0.00331032,0.02776769,0.05717704
979,0.003283723,0.02772515,0.05717736
980,0.003259689,0.02767789,0.05717754
981,0.003238936,0.02762676,0.05717761
982,0.003221939,0.02757253,0.05717765
983,0.003208965,0.02751588,0.05717764
984,0.003200097,0.02745736,0.05717762
985,0.003245645,0.02739947,0.05718062
986,0.003257,0.02734018,0.05717963
987,0.003273488,0.0272828,0.05717885
988,0.003292959,0.02722787,0.05717832
989,0.003313477,0.02717551,0.05717797
990,0.00333371,0.02712566,0.05717776
991,0.003352762,0.02707812,0.05717764
992,0.003369907,0.02703266,0.05717759
993,0.003384929,0.02698903,0.05717757
994,0.003397749,0.02694701,0.05717757
995,0.003408382,0.02690642,0.05717758
996,0.003416898,0.0268671,0.05717759
997,0.003428329,0.02682774,0.05717585
998,0.003429877,0.02678964,0.05717646
999,0.0034283,0.02675096,0.05717691
1000,0.003424444,0.02671149,0.05717722
1001,0.003418847,0.02667123,0.05717741
1002,0.003411982,0.02663025,0.05717754
1003,0.003404224,0.02658868,0.05717761
1004,0.003395218,0.02654671,0.05717766
1005,0.003385435,0.02650447,0.05717768
1006,0.003375266,0.02646209,0.05717769
1007,0.003365049,0.02641971,0.05717768
1008,0.003355084,0.02637741,0.05717768
1009,0.003309018,0.02633275,0.05717362
1010,0.00329424,0.02628901,0.05717501
1011,0.003277696,0.02624235,0.05717598
1012,0.003260658,0.02619249,0.05717662
1013,0.003244197,0.02613952,0.05717706
1014,0.00322922,0.02608373,0.05717732
1015,0.003216475,0.02602552,0.05717748
1016,0.003206002,0.02596532,0.05717755
1017,0.003198329,0.02590352,0.05717758
1018,0.003193723,0.02584049,0.05717758
1019,0.003192222,0.02577654,0.05717758
1020,0.003193681,0.02571192,0.05717756
1021,0.003169377,0.02564604,0.05717628
1022,0.003168255,0.02557995,0.05717666
1023,0.003168088,0.02551256,0.05717694
1024,0.003169251,0.02544388,0.05717716
1025,0.00317202,0.02537399,0.0571773
1026,0.003176465,0.02530305,0.05717739
1027,0.003182504,0.02523126,0.05717745
1028,0.003190753,0.0251588,0.05717748
1029,0.003200652,0.02508588,0.0571775
1030,0.003211662,0.02501266,0.05717752
1031,0.003223306,0.02493928,0.05717753
1032,0.003235187,0.02486588,0.05717753
1033,0.00327573,0.02480027,0.05719038
1034,0.003315053,0.02473394,0.05718645
1035,0.003361945,0.02467843,0.05718311
1036,0.003409622,0.02463533,0.05718075
1037,0.003453696,0.02460459,0.05717928
1038,0.003491916,0.02458528,0.05717841
1039,0.003523418,0.02457608,0.05717795
1040,0.003548515,0.0245756,0.05717773
1041,0.003567377,0.02458253,0.05717764
1042,0.003580376,0.02459565,0.05717761
1043,0.003587941,0.02461392,0.05717763
1044,0.003590483,0.02463644,0.05717766
1045,0.00356688,0.02466245,0.05717773
1046,0.003558503,0.02469125,0.05717774
1047,0.003546242,0.02472234,0.05717776
1048,0.003530368,0.02475525,0.05717778
1049,0.003511146,0.0247896,0.0571778
1050,0.003488888,0.02482507,0.05717783
1051,0.00346395,0.02486142,0.05717783
1052,0.003436567,0.0248984,0.05717785
1053,0.00340729,0.02493585,0.05717785
1054,0.00337673,0.0249736,0.05717785
1055,0.003345557,0.02501152,0.05717784
1056,0.003314487,0.02504952,0.05717783
1057,0.003261634,0.0250843,0.05717266
1058,0.003222809,0.02511961,0.05717451
1059,0.003181992,0.02515055,0.05717575
1060,0.003141593,0.0251767,0.05717656
1061,0.003103667,0.02519816,0.05717705
1062,0.003070049,0.02521527,0.05717734
1063,0.003042238,0.02522852,0.05717748
1064,0.003021173,0.02523841,0.05717754
1065,0.003007439,0.02524542,0.05717755
1066,0.003001105,0.02525,0.05717753
1067,0.003001775,0.02525253,0.0571775
1068,0.003008685,0.02525332,0.05717747
1069,0.002876804,0.02525426,0.05718005
1070,0.002886195,0.02525368,0.05717912
1071,0.002904901,0.02525419,0.05717845
1072,0.002929287,0.02525614,0.057178
1073,0.002956889,0.02525962,0.05717774
1074,0.002985685,0.02526449,0.05717758
1075,0.003014234,0.02527058,0.05717751
1076,0.003042237,0.02527767,0.05717748
1077,0.003068836,0.0252856,0.05717748
1078,0.003093485,0.02529415,0.05717749
1079,0.003115863,0.0253032,0.05717751
1080,0.003135786,0.02531262,0.05717753
1081,0.00327479,0.02531697,0.05716918
1082,0.003279641,0.0253224,0.05717216
1083,0.003273382,0.0253208,0.05717418
1084,0.003260345,0.02531153,0.05717554
1085,0.003243224,0.02529472,0.05717642
1086,0.003224097,0.02527096,0.05717698
1087,0.003204527,0.02524105,0.05717732
1088,0.003185793,0.02520588,0.0571775
1089,0.003168767,0.0251663,0.0571776
1090,0.003154048,0.02512308,0.05717764
1091,0.003142005,0.02507692,0.05717764
1092,0.003132813,0.02502841,0.05717763
1093,0.003203472,0.02498482,0.05718882
1094,0.003230619,0.0249389,0.05718525
1095,0.003267565,0.0249011,0.05718234
1096,0.003307954,0.02487294,0.05718029
1097,0.003347286,0.02485451,0.05717902
1098,0.003382892,0.02484511,0.05717827
1099,0.003413428,0.02484374,0.05717788
1100,0.003438521,0.02484928,0.05717769
1101,0.003458123,0.02486065,0.05717761
1102,0.003472455,0.02487689,0.05717758
1103,0.003481854,0.02489715,0.05717761
1104,0.003486698,0.0249207,0.05717763
1105,0.003380666,0.02495145,0.05718497
1106,0.003383678,0.02498364,0.05718236
1107,0.003389099,0.02502361,0.0571805
1108,0.003394153,0.02507155,0.0571793
1109,0.003397232,0.02512689,0.05717856
1110,0.003397391,0.02518875,0.05717816
1111,0.003394169,0.02525609,0.05717793
1112,0.003386636,0.02532795,0.05717784
1113,0.003375123,0.0254034,0.0571778
1114,0.003360021,0.02548164,0.05717779
1115,0.003341775,0.02556198,0.0571778
1116,0.003320886,0.02564382,0.05717781
1117,0.003266327,0.02571859,0.05716538
1118,0.003214609,0.02579554,0.05717006
1119,0.003150782,0.02586216,0.05717308
1120,0.003079304,0.02591756,0.05717504
1121,0.003004654,0.02596196,0.05717628
1122,0.002931306,0.02599624,0.057177
1123,0.002863673,0.02602153,0.0571774
1124,0.002806501,0.02603908,0.05717757
1125,0.002762677,0.02605008,0.05717763
1126,0.002734046,0.0260556,0.05717759
1127,0.002721232,0.02605656,0.05717753
1128,0.002723636,0.02605374,0.05717745
1129,0.002822108,0.0260466,0.05717548
1130,0.002854363,0.02603716,0.05717611
1131,0.002890236,0.02602404,0.05717655
1132,0.002928738,0.02600747,0.05717686
1133,0.002968544,0.02598777,0.05717706
1134,0.003008459,0.02596534,0.0571772
1135,0.00304746,0.02594059,0.05717729
1136,0.003085079,0.02591388,0.05717735
1137,0.003120625,0.02588557,0.0571774
1138,0.003153631,0.02585595,0.05717743
1139,0.003183817,0.02582529,0.05717747
1140,0.003211041,0.02579382,0.05717749
1141,0.003196052,0.02576299,0.0571795
1142,0.003219643,0.02573151,0.05717886
1143,0.00324259,0.02570142,0.05717839
1144,0.003263704,0.025673,0.05717807
1145,0.003282276,0.02564634,0.05717785
1146,0.003297918,0.02562136,0.05717774
1147,0.003310463,0.02559792,0.05717769
1148,0.003319416,0.02557587,0.05717766
1149,0.003325004,0.02555505,0.05717765
1150,0.003327466,0.02553531,0.05717766
1151,0.003327036,0.02551652,0.05717767
1152,0.003323955,0.02549858,0.05717767
1153,0.003454217,0.02548388,0.05718175
1154,0.003459719,0.02546932,0.05718036
1155,0.003464207,0.02545861,0.05717934
1156,0.003467137,0.02545205,0.05717866
1157,0.003468042,0.0254495,0.05717823
1158,0.003466718,0.02545061,0.05717798
1159,0.003463101,0.02545494,0.05717783
1160,0.003456802,0.02546203,0.05717777
1161,0.003448122,0.02547143,0.05717772
1162,0.003437388,0.02548276,0.05717772
1163,0.003424949,0.02549568,0.05717772
1164,0.003411179,0.02550988,0.05717772
1165,0.003363514,0.02552223,0.05717305
1166,0.003340043,0.02553606,0.05717474
1167,0.003313227,0.0255468,0.05717588
1168,0.003284853,0.02555396,0.05717662
1169,0.003256395,0.02555755,0.0571771
1170,0.003229162,0.02555781,0.05717739
1171,0.003204286,0.02555512,0.05717755
1172,0.003182971,0.02554989,0.05717761
1173,0.003165787,0.02554253,0.05717764
1174,0.003153057,0.02553339,0.05717763
1175,0.003144857,0.0255228,0.05717761
1176,0.003141035,0.02551103,0.05717759
1177,0.003178812,0.02550089,0.05718179
1178,0.0031921,0.02548942,0.0571803
1179,0.003210936,0.02548072,0.05717921
1180,0.003232856,0.02547525,0.05717848
1181,0.003255866,0.02547302,0.05717802
1182,0.003278495,0.02547378,0.05717775
1183,0.003299715,0.02547717,0.0571776
1184,0.003318845,0.02548278,0.05717754
1185,0.003335546,0.02549025,0.05717751
1186,0.003349692,0.02549921,0.05717752
1187,0.003361291,0.02550939,0.05717753
1188,0.003370445,0.02552054,0.05717754
1189,0.003378358,0.02554321,0.05719502
1190,0.003410756,0.0255643,0.05718872
1191,0.003450313,0.02559985,0.05718407
1192,0.003489751,0.02565106,0.05718111
1193,0.003525141,0.02571708,0.05717938
1194,0.003554627,0.02579621,0.05717843
1195,0.003577614,0.02588641,0.05717796
1196,0.00359471,0.02598568,0.05717773
1197,0.003606032,0.02609219,0.05717766
1198,0.00361188,0.02620432,0.05717765
1199,0.003612608,0.02632069,0.05717767
1200,0.003608572,0.02644013,0.05717772
1201,0.003556377,0.02655261,0.05716411
1202,0.003523593,0.02666861,0.05716949
1203,0.003478782,0.0267738,0.05717286
1204,0.00342538,0.0268672,0.057175
1205,0.003366167,0.02694907,0.05717633
1206,0.003303816,0.02702032,0.05717712
1207,0.003241112,0.0270822,0.05717756
1208,0.003180825,0.02713598,0.05717777
1209,0.003125694,0.02718292,0.05717785
1210,0.003078148,0.0272241,0.05717783
1211,0.003040107,0.02726048,0.05717777
1212,0.003012829,0.02729288,0.05717769
1213,0.002988116,0.02731533,0.05716785
1214,0.002954728,0.02733653,0.05717132
1215,0.002920425,0.02734701,0.05717364
1216,0.002889914,0.02734659,0.05717515
1217,0.002866953,0.02733589,0.0571761
1218,0.002854133,0.02731594,0.05717668
1219,0.002852783,0.02728797,0.05717702
1220,0.002863226,0.0272532,0.05717719
1221,0.002884337,0.02721274,0.05717729
1222,0.00291422,0.02716762,0.05717732
1223,0.002950581,0.02711868,0.05717733
1224,0.002991073,0.02706668,0.05717735
1225,0.003082343,0.02701511,0.0571818
1226,0.003140945,0.02696106,0.05718039
1227,0.00320028,0.02690926,0.05717929
1228,0.003256709,0.02686049,0.05717855
1229,0.003308092,0.02681497,0.05717808
1230,0.003353464,0.0267726,0.0571778
1231,0.003392605,0.02673311,0.05717766
1232,0.003425184,0.02669618,0.05717759
1233,0.003451798,0.0266615,0.05717758
1234,0.003473023,0.02662875,0.05717757
1235,0.003489383,0.0265977,0.05717759
1236,0.003501329,0.02656811,0.05717761
1237,0.003503931,0.02654131,0.05717994
1238,0.003513037,0.02651542,0.05717919
1239,0.003520238,0.02649255,0.05717863
1240,0.003524855,0.02647279,0.05717826
1241,0.00352656,0.02645599,0.05717802
1242,0.003525234,0.02644189,0.05717788
1243,0.003520905,0.0264302,0.05717781
1244,0.003513501,0.02642058,0.05717777
1245,0.003503302,0.02641276,0.05717776
1246,0.003490622,0.02640647,0.05717776
1247,0.003475812,0.02640149,0.05717776
1248,0.003459262,0.02639763,0.05717776
1249,0.003453057,0.02639412,0.05717692
1250,0.003431319,0.02639145,0.05717719
1251,0.003408121,0.02638864,0.0571774
1252,0.003384471,0.02638552,0.05717754
1253,0.00336137,0.02638204,0.05717763
1254,0.003339684,0.0263782,0.05717767
1255,0.00332014,0.02637404,0.05717768
1256,0.003303132,0.02636963,0.05717768
1257,0.003289144,0.026365,0.05717767
1258,0.003278479,0.02636021,0.05717764
1259,0.003271265,0.0263553,0.05717762
1260,0.003267471,0.0263503,0.0571776
1261,0.003260567,0.02634827,0.05718226
1262,0.003273572,0.02634563,0.05718061
1263,0.003292897,0.0263469,0.0571794
1264,0.003315527,0.02635245,0.05717858
1265,0.003339177,0.02636215,0.05717808
1266,0.003362211,0.02637558,0.0571778
1267,0.003383565,0.02639223,0.05717764
1268,0.003402706,0.02641157,0.05717757
1269,0.003419276,0.02643311,0.05717755
1270,0.003433134,0.02645642,0.05717755
1271,0.003444273,0.02648112,0.05717756
1272,0.003452772,0.02650689,0.05717757
1273,0.00345042,0.0265237,0.05716284
1274,0.00342836,0.02654324,0.05716825
1275,0.003392823,0.02655057,0.05717176
1276,0.00334848,0.02654472,0.05717405
1277,0.003298934,0.02652598,0.05717554
1278,0.003247467,0.02649537,0.0571765
1279,0.003197152,0.02645426,0.05717707
1280,0.003150655,0.02640414,0.0571774
1281,0.003110382,0.02634644,0.05717756
1282,0.00307814,0.02628248,0.05717762
1283,0.003055031,0.02621343,0.05717762
1284,0.00304142,0.02614027,0.05717758
1285,0.003036311,0.02607174,0.05719017
1286,0.003076522,0.02599955,0.05718634
1287,0.003135395,0.02593591,0.057183
1288,0.00320152,0.0258828,0.05718063
1289,0.003266894,0.02584047,0.05717913
1290,0.003326777,0.02580819,0.05717827
1291,0.003379002,0.02578484,0.05717782
1292,0.00342284,0.02576917,0.0571776
1293,0.003458646,0.02576001,0.05717753
1294,0.003487101,0.02575628,0.05717751
1295,0.003508954,0.02575703,0.05717753
1296,0.003524894,0.02576149,0.05717756
1297,0.003524032,0.02576762,0.05717542
1298,0.00352662,0.02577652,0.05717624
1299,0.003523627,0.02578567,0.05717681
1300,0.003515965,0.02579453,0.0571772
1301,0.003504355,0.02580286,0.05717745
1302,0.003489325,0.02581056,0.05717761
1303,0.003471325,0.02581766,0.05717771
1304,0.003450637,0.02582422,0.05717777
1305,0.003427711,0.02583032,0.0571778
1306,0.003403,0.02583605,0.05717783
1307,0.003376979,0.02584148,0.05717783
1308,0.003350158,0.02584668,0.05717783
1309,0.003344061,0.02585522,0.05718347
1310,0.003325592,0.02586278,0.05718142
1311,0.003311989,0.02587474,0.05717997
1312,0.00330193,0.02589151,0.057179
1313,0.003294397,0.02591296,0.05717839
1314,0.003288626,0.02593862,0.05717803
1315,0.00328404,0.0259679,0.05717782
1316,0.003280371,0.0260002,0.05717771
1317,0.003277318,0.02603497,0.05717765
1318,0.003274705,0.02607169,0.05717763
1319,0.003272447,0.02610994,0.05717761
1320,0.003270504,0.02614934,0.05717761
1321,0.003223413,0.02618369,0.05716847
1322,0.003204076,0.02622004,0.05717186
1323,0.003178007,0.02624924,0.05717408
1324,0.00314853,0.02627059,0.05717554
1325,0.003118388,0.02628424,0.05717647
1326,0.003089872,0.02629081,0.05717703
1327,0.003064896,0.02629114,0.05717735
1328,0.003044503,0.02628609,0.05717751
1329,0.003029797,0.02627654,0.05717758
1330,0.003021338,0.02626323,0.05717758
1331,0.003019182,0.02624686,0.05717757
1332,0.003022974,0.02622798,0.05717755
1333,0.003083809,0.02620877,0.05718029
1334,0.00310434,0.02618747,0.05717929
1335,0.00312929,0.02616701,0.05717858
1336,0.003156753,0.02614788,0.05717811
1337,0.003185213,0.02613023,0.0571778
1338,0.003213401,0.02611404,0.05717763
1339,0.003240354,0.02609916,0.05717754
1340,0.003264903,0.02608545,0.0571775
1341,0.003286848,0.02607273,0.0571775
1342,0.003306101,0.02606086,0.05717751
1343,0.003322665,0.02604969,0.05717752
1344,0.003336593,0.02603912,0.05717754
1345,0.003369397,0.02603342,0.05718446
1346,0.003391285,0.02602726,0.05718206
1347,0.003414812,0.02602713,0.05718031
1348,0.003437256,0.02603353,0.05717916
1349,0.00345698,0.02604621,0.05717844
1350,0.003473034,0.02606454,0.05717804
1351,0.003484956,0.02608775,0.05717782
1352,0.003492986,0.02611507,0.05717773
1353,0.003496996,0.02614575,0.0571777
1354,0.003496996,0.02617917,0.0571777
1355,0.003493073,0.02621477,0.05717772
1356,0.003485364,0.02625208,0.05717775
1357,0.003483915,0.02629279,0.05718106
1358,0.003472832,0.02633394,0.05717985
1359,0.003460534,0.02637842,0.05717903
1360,0.003446447,0.02642619,0.05717852
1361,0.003430345,0.02647694,0.05717821
1362,0.003412182,0.02653024,0.05717803
1363,0.00339205,0.02658562,0.05717793
1364,0.003369588,0.02664261,0.05717789
1365,0.00334533,0.02670083,0.05717787
1366,0.003319851,0.02675992,0.05717786
1367,0.003293766,0.02681957,0.05717785
1368,0.003267719,0.02687952,0.05717784
1369,0.003227368,0.02693478,0.05717061
1370,0.003187182,0.02699115,0.05717331
1371,0.003142119,0.02704125,0.05717508
1372,0.003095599,0.02708466,0.05717622
1373,0.003050725,0.02712157,0.05717692
1374,0.003010364,0.02715255,0.05717731
1375,0.002976993,0.02717832,0.0571775
1376,0.002952376,0.02719963,0.05717757
1377,0.002937702,0.02721715,0.05717757
1378,0.002933359,0.02723149,0.05717753
1379,0.002938962,0.02724319,0.05717748
1380,0.002953474,0.02725266,0.05717742
1381,0.002969869,0.02725734,0.05717294
1382,0.002987048,0.0272612,0.05717453
1383,0.003003889,0.02726007,0.05717561
1384,0.003021342,0.02725385,0.05717634
1385,0.003039767,0.02724287,0.05717681
1386,0.003059274,0.02722763,0.0571771
1387,0.003079734,0.02720871,0.05717728
1388,0.003100543,0.02718669,0.05717737
1389,0.003121388,0.0271621,0.05717743
1390,0.003141881,0.02713541,0.05717746
1391,0.003161625,0.02710704,0.05717749
1392,0.003180255,0.02707732,0.0571775
1393,0.003211588,0.02705168,0.05718546
1394,0.00324166,0.02702395,0.05718271
1395,0.00327536,0.02700203,0.05718067
1396,0.003308734,0.02698671,0.05717932
1397,0.003339088,0.02697787,0.05717849
1398,0.003364884,0.02697493,0.05717803
1399,0.003385347,0.02697713,0.05717779
1400,0.003400238,0.02698366,0.05717769
1401,0.003409567,0.02699379,0.05717766
1402,0.003413511,0.02700687,0.05717766
1403,0.003412329,0.02702232,0.05717769
1404,0.003406317,0.02703969,0.05717772
1405,0.003381365,0.02705148,0.05716697
1406,0.003350603,0.0270664,0.05717101
1407,0.003307169,0.02707339,0.05717364
1408,0.003254544,0.02707167,0.05717536
1409,0.003195211,0.02706144,0.05717646
1410,0.003131774,0.02704342,0.05717715
1411,0.003067019,0.0270186,0.05717754
1412,0.003003958,0.02698802,0.05717774
1413,0.002945531,0.02695267,0.05717782
1414,0.002894475,0.02691346,0.0571778
1415,0.002853075,0.02687118,0.05717775
1416,0.00282296,0.02682645,0.05717767
1417,0.002785695,0.02677879,0.05717612
1418,0.002766696,0.0267297,0.0571765
1419,0.002756734,0.02667805,0.05717679
1420,0.002756254,0.02662395,0.057177
1421,0.002765416,0.02656765,0.05717712
1422,0.002783502,0.02650944,0.0571772
1423,0.002809165,0.02644961,0.05717725
1424,0.002841061,0.02638844,0.05717728
1425,0.002877165,0.0263262,0.0571773
1426,0.002915541,0.02626311,0.05717732
1427,0.002954483,0.02619938,0.05717735
1428,0.0029926,0.02613518,0.05717737
1429,0.003055644,0.02607546,0.05718509
1430,0.003108204,0.02601466,0.05718262
1431,0.003163144,0.02596006,0.05718068
1432,0.003215722,0.02591257,0.05717934
1433,0.003262968,0.02587214,0.0571785
1434,0.003303392,0.02583824,0.05717801
1435,0.003336483,0.02581012,0.05717776
1436,0.003363147,0.02578699,0.05717764
1437,0.003383416,0.02576812,0.05717761
1438,0.003397573,0.02575283,0.0571776
1439,0.00340602,0.02574056,0.05717763
1440,0.003409212,0.0257308,0.05717766
1441,0.003392401,0.02572123,0.05717454
1442,0.003383369,0.02571396,0.05717571
1443,0.003368496,0.02570573,0.05717651
1444,0.003349025,0.02569611,0.05717704
1445,0.003326074,0.02568496,0.05717738
1446,0.003300658,0.02567238,0.05717758
1447,0.003273777,0.02565853,0.0571777
1448,0.003247178,0.02564363,0.05717776
1449,0.003221545,0.02562789,0.05717778
1450,0.003197598,0.02561152,0.05717777
1451,0.003176023,0.02559467,0.05717776
1452,0.003157425,0.0255775,0.05717773
1453,0.003133268,0.0255568,0.05717244
1454,0.003109358,0.0255366,0.05717422
1455,0.003084014,0.02551197,0.05717546
1456,0.003059762,0.02548253,0.05717631
1457,0.003038815,0.02544841,0.05717684
1458,0.003022898,0.02541002,0.05717717
1459,0.003013235,0.02536788,0.05717735
1460,0.003010048,0.02532257,0.05717743
1461,0.003013561,0.02527461,0.05717747
1462,0.003023448,0.02522451,0.05717747
1463,0.003038958,0.02517269,0.05717746
1464,0.003059064,0.02511951,0.05717744
1465,0.003094464,0.02506888,0.05718334
1466,0.003134865,0.02501693,0.05718145
1467,0.003181071,0.02496927,0.05717997
1468,0.003228585,0.02492672,0.05717892
1469,0.003274244,0.02488935,0.05717827
1470,0.003316049,0.02485687,0.05717788
1471,0.003352938,0.02482879,0.05717767
1472,0.003384743,0.02480455,0.05717758
1473,0.003411395,0.02478364,0.05717755
1474,0.00343307,0.02476557,0.05717755
1475,0.003450069,0.0247499,0.05717757
1476,0.003462736,0.02473628,0.0571776
1477,0.003480744,0.02472391,0.05717681
1478,0.003485238,0.02471312,0.05717712
1479,0.003485813,0.02470295,0.05717734
1480,0.003483065,0.02469315,0.0571775
1481,0.003477385,0.02468359,0.0571776
1482,0.003469175,0.02467422,0.05717767
1483,0.003458805,0.02466499,0.05717771
1484,0.003446336,0.02465593,0.05717773
1485,0.003432221,0.02464702,0.05717774
1486,0.003416888,0.02463828,0.05717775
1487,0.003400751,0.02462972,0.05717774
1488,0.003384215,0.02462135,0.05717774
1489,0.003361361,0.02460998,0.0571725
1490,0.003336401,0.02459935,0.0571743
1491,0.003307736,0.02458461,0.05717555
1492,0.003277402,0.02456532,0.0571764
1493,0.00324719,0.02454154,0.05717694
1494,0.003218701,0.02451361,0.05717728
1495,0.003193322,0.02448201,0.05717747
1496,0.00317185,0.02444728,0.05717757
1497,0.003155147,0.02440991,0.0571776
1498,0.003143701,0.02437038,0.0571776
1499,0.003137633,0.02432911,0.05717758
1500,0.003136737,0.02428644,0.05717755
