EwEVersion,"6.5.13829.0 (compiled 2016-05-17)"
Date,"2016-09-06 16:27:34"
ModelName,Baltic_Proper-SEALS
EcosimScenario,Proper1_SealVuln100_19742100_seal0_cofF03
TimeSeries,new_data_weights_19742100_BAU_WAR1_codF03_seal100
StartYear,1974

Data,"Prey of Pseudocalanus sp."

TimeStep,"Cyanobacteria","Phytoplankton","microzooplankton","Detritus-water column",
1,0.04366294,0.4557547,0.2818175,0.2187648
2,0.0400933,0.4747883,0.2833427,0.2017757
3,0.03816162,0.4799529,0.2887888,0.1930968
4,0.03708254,0.4799942,0.2942973,0.1886259
5,0.03647449,0.4783787,0.2987402,0.1864066
6,0.03613124,0.4764783,0.3019903,0.1854002
7,0.0359361,0.474777,0.3042554,0.1850316
8,0.03582186,0.4733877,0.3058116,0.1849787
9,0.03574984,0.4722825,0.306905,0.1850627
10,0.03569806,0.4713918,0.3077239,0.1851862
11,0.0356543,0.4706464,0.3084007,0.1852987
12,0.03561193,0.4699903,0.3090229,0.185375
13,0.03617778,0.4636158,0.3116299,0.1885765
14,0.03655842,0.4606593,0.3120425,0.1907397
15,0.03677773,0.4593259,0.3119141,0.1919824
16,0.03688683,0.4587187,0.311784,0.1926104
17,0.03692296,0.4583818,0.3118586,0.1928367
18,0.0369129,0.4581037,0.3121724,0.1928111
19,0.03687527,0.4578028,0.3126848,0.1926372
20,0.03682293,0.4574618,0.313329,0.1923863
21,0.03676483,0.4570924,0.3140332,0.1921095
22,0.03670746,0.4567172,0.3147301,0.1918453
23,0.03665565,0.4563605,0.3153605,0.1916234
24,0.03661297,0.4560439,0.3158765,0.1914666
25,0.03315009,0.4876059,0.3057853,0.1734587
26,0.0311473,0.4966094,0.3089246,0.1633187
27,0.0300859,0.4979154,0.313611,0.1583877
28,0.02950414,0.4967392,0.3177378,0.1560188
29,0.02919316,0.4950518,0.3206867,0.1550684
30,0.02903376,0.4935321,0.322546,0.1548883
31,0.02895668,0.4923404,0.3235983,0.1551045
32,0.02892209,0.4914492,0.3241238,0.155505
33,0.02890749,0.4907782,0.3243417,0.1559726
34,0.02890019,0.4902472,0.3244103,0.1564424
35,0.02889356,0.4897931,0.3244314,0.1568819
36,0.02888434,0.4893726,0.3244662,0.1572768
37,0.02955887,0.4812846,0.3278544,0.1613022
38,0.03001414,0.4778103,0.3281161,0.1640595
39,0.03029162,0.4764452,0.3274859,0.1657773
40,0.03044759,0.4759791,0.3267741,0.1667992
41,0.03052419,0.4758197,0.3262832,0.1673729
42,0.03055126,0.4757065,0.3260723,0.1676698
43,0.03054884,0.4755455,0.326102,0.1678037
44,0.03052985,0.475318,0.3263055,0.1678466
45,0.03050243,0.4750355,0.326618,0.167844
46,0.03047219,0.4747207,0.326979,0.167828
47,0.0304427,0.4743961,0.3273412,0.16782
48,0.03041626,0.4740804,0.3276694,0.1678339
49,0.03112202,0.4656734,0.3313853,0.1718192
50,0.03161122,0.4620528,0.3317747,0.1745611
51,0.0319217,0.4607026,0.3311035,0.1762721
52,0.03211289,0.4603889,0.330176,0.1773222
53,0.03222898,0.4604934,0.3293034,0.1779742
54,0.03230109,0.4607324,0.3285587,0.1784078
55,0.0323495,0.4609911,0.327923,0.1787364
56,0.03238652,0.461233,0.3273543,0.1790261
57,0.03241906,0.4614533,0.3268161,0.1793116
58,0.03244996,0.4616546,0.3262921,0.1796034
59,0.03248022,0.4618403,0.3257777,0.1799018
60,0.03250976,0.4620113,0.325277,0.1802019
61,0.03279651,0.4583774,0.3270486,0.1817774
62,0.0329813,0.4566708,0.3275991,0.1827488
63,0.03311392,0.4559421,0.3274815,0.1834625
64,0.03320458,0.4556984,0.3271341,0.1839629
65,0.03326678,0.4556791,0.3267309,0.1843233
66,0.03331061,0.4557526,0.3263398,0.1845971
67,0.0333429,0.4558569,0.3259811,0.1848191
68,0.03336789,0.455964,0.3256585,0.1850096
69,0.03338807,0.4560619,0.3253711,0.1851789
70,0.03340508,0.4561472,0.3251136,0.1853342
71,0.03341977,0.4562194,0.3248827,0.1854781
72,0.03343256,0.4562791,0.3246769,0.1856114
73,0.03145631,0.476575,0.3172291,0.1747396
74,0.03024613,0.4832559,0.318229,0.168269
75,0.0295532,0.4847052,0.320933,0.1648086
76,0.02915549,0.4842364,0.3235898,0.1630183
77,0.02892856,0.4832236,0.3256813,0.1621666
78,0.02879884,0.4821925,0.3271807,0.1618279
79,0.02872261,0.4813037,0.3282202,0.1617535
80,0.02867417,0.4805715,0.3289544,0.1617999
81,0.02863875,0.4799619,0.3295128,0.1618866
82,0.02860807,0.4794323,0.3299897,0.16197
83,0.02857767,0.4789471,0.330447,0.1620281
84,0.02854539,0.4784811,0.3309222,0.1620513
85,0.02860033,0.4783809,0.3303103,0.1627084
86,0.02864647,0.4784861,0.3295572,0.1633102
87,0.02865083,0.4785344,0.3292269,0.1635879
88,0.0286345,0.4784752,0.329192,0.1636983
89,0.028605,0.4783057,0.3293932,0.163696
90,0.02856615,0.4780417,0.3297829,0.1636092
91,0.02852024,0.4777029,0.3303211,0.1634558
92,0.02846891,0.477308,0.3309737,0.1632494
93,0.02841358,0.4768747,0.3317096,0.1630021
94,0.02835585,0.4764191,0.3324978,0.1627274
95,0.02829759,0.4759564,0.3333049,0.1624411
96,0.02824106,0.4755028,0.3340945,0.1621616
97,0.02775283,0.4804463,0.3323175,0.1594834
98,0.02743677,0.4821348,0.3325769,0.1578515
99,0.02723672,0.4824591,0.3333916,0.1569125
100,0.02711729,0.4822812,0.3341455,0.1564561
101,0.02705215,0.4819891,0.3346332,0.1563255
102,0.02702351,0.4817384,0.3348223,0.1564157
103,0.02701934,0.4815749,0.3347504,0.1566554
104,0.02703137,0.4814954,0.334479,0.1569943
105,0.02705368,0.4814784,0.3340726,0.1573953
106,0.02708176,0.4814977,0.3335923,0.1578284
107,0.02711206,0.4815294,0.3330894,0.1582691
108,0.0271419,0.4815552,0.3326046,0.1586984
109,0.02802958,0.4717748,0.3360825,0.1641131
110,0.02866478,0.4678608,0.3355022,0.1679723
111,0.02907423,0.4666476,0.3338795,0.1703987
112,0.02932973,0.4665942,0.3321984,0.1718776
113,0.02948329,0.4669358,0.3308394,0.1727416
114,0.02957215,0.4673305,0.3298746,0.1732228
115,0.02962137,0.4676506,0.3292538,0.1734743
116,0.02964705,0.4678677,0.3288927,0.1735924
117,0.02965911,0.4679938,0.3287113,0.1736357
118,0.0296634,0.4680509,0.3286479,0.1736379
119,0.02966344,0.4680609,0.3286573,0.1736185
120,0.02966129,0.4680414,0.3287082,0.1735892
121,0.02934244,0.4711924,0.3277816,0.1716834
122,0.02912392,0.4722255,0.3282636,0.1703869
123,0.02899351,0.4723899,0.3289607,0.1696558
124,0.02891519,0.4722258,0.3296125,0.1692466
125,0.02886891,0.4719749,0.330125,0.1690312
126,0.02884188,0.4717343,0.3304939,0.1689299
127,0.02882604,0.4715347,0.330746,0.1688932
128,0.02881651,0.4713781,0.3309138,0.1688915
129,0.02881043,0.4712569,0.3310248,0.1689079
130,0.02880616,0.4711621,0.3310989,0.1689329
131,0.02880281,0.4710858,0.3311502,0.1689613
132,0.02879984,0.4710221,0.3311877,0.1689904
133,0.03107048,0.4410916,0.3461326,0.1817054
134,0.03271074,0.4257894,0.3511922,0.1903076
135,0.03385416,0.4186106,0.3516169,0.1959184
136,0.03458286,0.4156741,0.35064,0.199103
137,0.03501634,0.4147824,0.3495574,0.2006439
138,0.03526049,0.4147786,0.3487591,0.2012018
139,0.0353962,0.4151172,0.3482248,0.2012618
140,0.03547912,0.4155788,0.3477961,0.201146
141,0.03554447,0.4160981,0.3473088,0.2010486
142,0.03561351,0.4166721,0.3466335,0.201081
143,0.03569745,0.4173139,0.3456933,0.2012953
144,0.03580118,0.4180361,0.3444553,0.2017074
145,0.03271698,0.4543293,0.3283747,0.1845791
146,0.03100077,0.467705,0.3257764,0.1755178
147,0.03009409,0.4724934,0.3262419,0.1711706
148,0.02961607,0.4739084,0.3272547,0.1692209
149,0.02936777,0.4740688,0.3280831,0.1684803
150,0.02924176,0.473835,0.3285974,0.1683259
151,0.02917946,0.4735296,0.3288573,0.1684336
152,0.02914914,0.473252,0.3289593,0.1686395
153,0.02913379,0.4730157,0.3289869,0.1688636
154,0.0291243,0.4728071,0.3290001,0.1690685
155,0.0291159,0.4726081,0.3290382,0.1692379
156,0.02910605,0.4724034,0.3291251,0.1693654
157,0.03451301,0.4078953,0.3573081,0.2002835
158,0.03940519,0.3681998,0.3649669,0.2274281
159,0.04341533,0.3445506,0.3634385,0.2485955
160,0.04645224,0.331389,0.3585303,0.2636285
161,0.0485772,0.3247693,0.3534333,0.2732201
162,0.0499473,0.3219716,0.3495552,0.2785259
163,0.050755,0.3212138,0.3472255,0.2808057
164,0.05118358,0.3214235,0.346209,0.281184
165,0.05138333,0.3220295,0.3460464,0.2805408
166,0.05146574,0.3227775,0.3462543,0.2795024
167,0.05150741,0.3235856,0.3464257,0.2784813
168,0.05155673,0.3244479,0.346272,0.2777234
169,0.04741256,0.3671897,0.3303617,0.255036
170,0.0448836,0.387352,0.3259172,0.2418472
171,0.04380364,0.397351,0.3216012,0.237244
172,0.043328,0.4030481,0.3177063,0.2359176
173,0.0431107,0.4064235,0.3147432,0.2357226
174,0.04302894,0.4085378,0.312447,0.2359862
175,0.04301205,0.4099293,0.3107076,0.236351
176,0.04302216,0.4108849,0.3094378,0.2366552
177,0.0430408,0.4115645,0.3085484,0.2368463
178,0.04306005,0.4120605,0.3079549,0.2369245
179,0.04307682,0.4124299,0.3075854,0.2369079
180,0.04309006,0.4127096,0.3073845,0.2368159
181,0.04183706,0.4259411,0.3022794,0.2299425
182,0.04099063,0.4319858,0.3016572,0.2253664
183,0.04045369,0.4344973,0.302544,0.2225051
184,0.04011884,0.4353145,0.3038374,0.2207292
185,0.0399114,0.4353798,0.3050963,0.2196124
186,0.03978157,0.435155,0.3061861,0.2188773
187,0.03969698,0.4348505,0.3071045,0.218348
188,0.03963698,0.4345508,0.3078965,0.2179157
189,0.03958869,0.4342804,0.308617,0.2175139
190,0.03954431,0.434038,0.3093135,0.2171041
191,0.03949916,0.4338132,0.3100235,0.2166641
192,0.03945049,0.4335945,0.3107736,0.2161814
193,0.03867259,0.4411125,0.3083947,0.2118202
194,0.03813435,0.4442956,0.3087534,0.2088166
195,0.03777186,0.4453981,0.3100501,0.2067799
196,0.03752746,0.4455318,0.3115637,0.205377
197,0.03735952,0.4452654,0.3130017,0.2043734
198,0.03724027,0.4448748,0.3142667,0.2036182
199,0.03715211,0.4444853,0.3153432,0.2030194
200,0.0370844,0.4441468,0.3162438,0.202525
201,0.03703117,0.4438751,0.3169856,0.2021081
202,0.03698945,0.4436715,0.3175805,0.2017585
203,0.03695796,0.4435328,0.3180351,0.2014741
204,0.03693619,0.4434543,0.3183537,0.2012559
205,0.04006742,0.4107693,0.3312741,0.2178892
206,0.04255964,0.393156,0.3335781,0.2307062
207,0.04437167,0.3842962,0.3317804,0.2395517
208,0.04561312,0.3804749,0.3286995,0.2452125
209,0.04642287,0.379357,0.3256495,0.2485707
210,0.04693521,0.3795548,0.3230833,0.2504267
211,0.04726018,0.3803057,0.3210269,0.2514071
212,0.04747829,0.3812321,0.3193381,0.2519515
213,0.04764275,0.3821719,0.3178485,0.2523368
214,0.04778305,0.3830702,0.3164469,0.2526999
215,0.04791375,0.3839152,0.3150764,0.2530946
216,0.0480399,0.3847083,0.3137277,0.2535241
217,0.04411148,0.4237679,0.2991667,0.232954
218,0.0416986,0.4400159,0.2975595,0.2207259
219,0.04031653,0.4461747,0.2994606,0.2140483
220,0.03952727,0.4479823,0.3020268,0.2104637
221,0.03908259,0.4480376,0.3042704,0.2086094
222,0.03883742,0.4475023,0.3059518,0.2077085
223,0.03870597,0.4468656,0.3071125,0.207316
224,0.03863757,0.4463053,0.3078786,0.2071785
225,0.03860256,0.4458628,0.3083797,0.2071549
226,0.03858381,0.4455253,0.3087228,0.2071682
227,0.03857166,0.4452643,0.308986,0.207178
228,0.03856084,0.4450514,0.309223,0.2071648
229,0.03914348,0.4379893,0.3127536,0.2101137
230,0.03953565,0.4344403,0.3140613,0.2119628
231,0.03978937,0.4327106,0.3144365,0.2130634
232,0.03993937,0.4319071,0.3145404,0.2136131
233,0.04001762,0.4315354,0.3146558,0.2137913
234,0.04004898,0.4313389,0.3148776,0.2137345
235,0.04005135,0.4311963,0.3152131,0.2135392
236,0.04003706,0.4310592,0.3156326,0.2132712
237,0.04001449,0.4309154,0.3160953,0.2129748
238,0.03998928,0.4307703,0.3165602,0.2126802
239,0.03996528,0.430635,0.3169911,0.2124087
240,0.039945,0.4305219,0.3173586,0.2121744
241,0.03850862,0.4429264,0.3142269,0.2043381
242,0.03754119,0.4475258,0.315819,0.199114
243,0.03697465,0.448792,0.3180362,0.1961971
244,0.03664685,0.4487491,0.3199922,0.1946119
245,0.0364649,0.4483047,0.3214069,0.1938235
246,0.03637028,0.4478371,0.3222913,0.1935014
247,0.0363262,0.4474752,0.3227581,0.1934406
248,0.03630983,0.4472384,0.3229361,0.1935156
249,0.03630745,0.4471045,0.3229363,0.1936518
250,0.03631141,0.4470422,0.3228375,0.193809
251,0.03631749,0.4470234,0.3226933,0.1939659
252,0.03632355,0.4470268,0.3225375,0.1941122
253,0.0359414,0.4534703,0.3180392,0.1925491
254,0.03571264,0.4567751,0.3156881,0.1918242
255,0.03554628,0.4584182,0.3147161,0.1913194
256,0.03543652,0.4591694,0.3143443,0.1910498
257,0.03536581,0.45946,0.3142384,0.1909359
258,0.03531984,0.4595198,0.3142499,0.1909105
259,0.03528865,0.4594663,0.3143166,0.1909284
260,0.03526568,0.4593575,0.3144159,0.190961
261,0.03524686,0.45922,0.3145411,0.190992
262,0.03522978,0.4590663,0.3146911,0.1910128
263,0.03521308,0.4589015,0.3148656,0.1910198
264,0.03519612,0.4587286,0.3150631,0.1910122
265,0.03802617,0.4263578,0.3298459,0.2057701
266,0.04015591,0.4089648,0.3345667,0.2163125
267,0.04166772,0.4001483,0.3348155,0.2233685
268,0.04265538,0.3961096,0.3336692,0.2275659
269,0.04325286,0.3945394,0.3324803,0.2297274
270,0.04358786,0.3941244,0.3316911,0.2305967
271,0.0437642,0.3941875,0.331292,0.2307563
272,0.04385845,0.3944283,0.33109,0.2306232
273,0.04392269,0.394747,0.330858,0.2304723
274,0.04398837,0.3951325,0.3304178,0.2304614
275,0.04407195,0.3956012,0.3296632,0.2306636
276,0.04417855,0.3961665,0.3285669,0.231088
277,0.04526386,0.3887025,0.3292115,0.2368221
278,0.04615586,0.3854971,0.3268011,0.241546
279,0.0468082,0.3845591,0.3237089,0.2449238
280,0.04727481,0.3847891,0.320657,0.2472791
281,0.04760431,0.3855431,0.3179626,0.24889
282,0.04783653,0.386466,0.3157191,0.2499784
283,0.04800155,0.3873782,0.313912,0.2507082
284,0.04812082,0.3882004,0.3124843,0.2511945
285,0.04820889,0.3889071,0.3113699,0.251514
286,0.04827553,0.3894999,0.3105066,0.2517179
287,0.04832716,0.3899916,0.3098418,0.2518395
288,0.0483679,0.390398,0.3093338,0.2519003
289,0.04459705,0.4266526,0.2962407,0.2325097
290,0.04225155,0.4417097,0.2951977,0.220841
291,0.04087997,0.4473002,0.2974918,0.2143281
292,0.04007688,0.4487852,0.3004036,0.2107344
293,0.03960877,0.4486201,0.3029713,0.2087999
294,0.03933763,0.447908,0.3049562,0.2077982
295,0.03918079,0.4471134,0.3063997,0.207306
296,0.03908853,0.4464041,0.3074302,0.2070772
297,0.03903126,0.4458164,0.3081815,0.2069708
298,0.03899179,0.4453361,0.3087633,0.2069089
299,0.03896025,0.4449336,0.3092562,0.2068499
300,0.0389312,0.4445806,0.3097153,0.2067729
301,0.03574353,0.4755996,0.2984748,0.1901821
302,0.03385547,0.4861015,0.2993512,0.1806918
303,0.03276691,0.4886355,0.3030695,0.1755281
304,0.03212961,0.4881411,0.306988,0.1727413
305,0.03175275,0.4866953,0.3102668,0.1712852
306,0.03152632,0.4851279,0.3127776,0.1705681
307,0.03138568,0.4837234,0.3146418,0.1702491
308,0.0312929,0.4825386,0.3160353,0.1701333
309,0.03122607,0.4815464,0.3171161,0.1701115
310,0.03117247,0.4806976,0.3180072,0.1701227
311,0.03112524,0.4799465,0.3187918,0.1701364
312,0.03108088,0.479259,0.3195207,0.1701393
313,0.03517627,0.433058,0.3394478,0.192318
314,0.03858582,0.4074194,0.3437216,0.2102733
315,0.04113782,0.3940955,0.3417163,0.2230503
316,0.042898,0.388014,0.3378111,0.2312769
317,0.04401465,0.3858339,0.3341894,0.2359621
318,0.04466307,0.3855055,0.3316438,0.2381877
319,0.04500402,0.3858957,0.3302059,0.2388943
320,0.04516532,0.3864704,0.3295609,0.2388034
321,0.04523972,0.3870453,0.3292904,0.2384247
322,0.04528743,0.3876071,0.3290291,0.2380764
323,0.04534405,0.3882025,0.3285165,0.2379369
324,0.04542675,0.3888798,0.3276141,0.2380793
325,0.04516664,0.3937317,0.3244513,0.2366503
326,0.04505469,0.3967523,0.3220412,0.2361517
327,0.04503655,0.3988081,0.3199576,0.2361978
328,0.04508004,0.4003366,0.3179978,0.2365856
329,0.04515633,0.4015617,0.316147,0.2371349
330,0.04524497,0.4025898,0.314445,0.2377201
331,0.04533326,0.4034683,0.3129329,0.2382655
332,0.04541407,0.4042186,0.3116361,0.2387312
333,0.04548412,0.4048532,0.3105613,0.2391014
334,0.04554318,0.4053828,0.3096937,0.2393804
335,0.04559207,0.405819,0.3090107,0.2395782
336,0.04563199,0.4061745,0.3084871,0.2397065
337,0.0459609,0.4035165,0.309237,0.2412857
338,0.04619678,0.4022458,0.3092294,0.2423281
339,0.04635708,0.4017085,0.3089809,0.2429535
340,0.04646149,0.4015469,0.3087127,0.2432789
341,0.04652621,0.4015584,0.3085193,0.2433961
342,0.04656328,0.4016334,0.3084325,0.2433707
343,0.04658116,0.4017162,0.3084555,0.2432472
344,0.04658562,0.4017812,0.3085783,0.2430549
345,0.04658061,0.4018187,0.3087873,0.2428134
346,0.04656848,0.4018269,0.3090706,0.242534
347,0.04655104,0.4018074,0.3094165,0.2422251
348,0.04652961,0.4017635,0.309813,0.2418939
349,0.03966767,0.4620009,0.2922543,0.2060771
350,0.03593946,0.4795533,0.2974092,0.187098
351,0.03400084,0.4829307,0.3053493,0.1777192
352,0.03294146,0.4817232,0.3123964,0.172939
353,0.03235463,0.4793716,0.3177047,0.170569
354,0.03202825,0.4770916,0.3213969,0.1694833
355,0.03184454,0.4752238,0.3238654,0.1690661
356,0.0317369,0.4737795,0.325508,0.1689755
357,0.03166781,0.4726656,0.326642,0.1690245
358,0.03161652,0.4717761,0.3274941,0.1691133
359,0.03157191,0.4710233,0.3282129,0.1691919
360,0.03152838,0.4703444,0.328889,0.1692382
361,0.03506244,0.4325477,0.3440292,0.1883606
362,0.03797052,0.4127111,0.3454966,0.2038217
363,0.04006937,0.4031068,0.3423738,0.2144501
364,0.041469,0.399244,0.3381981,0.2210889
365,0.04232651,0.3982599,0.3346618,0.2247518
366,0.04280269,0.3984852,0.3323075,0.2264046
367,0.04303426,0.3990566,0.3310747,0.2268344
368,0.04312424,0.3996066,0.3306529,0.2266163
369,0.04314444,0.4000388,0.3306751,0.2261417
370,0.04314298,0.4003851,0.3308029,0.2256689
371,0.04314984,0.40072,0.3307752,0.225355
372,0.04318154,0.4011144,0.330422,0.2252821
373,0.04371608,0.3967671,0.3316599,0.2278569
374,0.04414272,0.3949626,0.3309908,0.2299039
375,0.04448206,0.3945499,0.329419,0.231549
376,0.044758,0.3949002,0.3274229,0.2329188
377,0.04498821,0.3956424,0.3252724,0.2340969
378,0.04518376,0.3965582,0.3231314,0.2351266
379,0.04535101,0.3975192,0.3211045,0.2360252
380,0.04549383,0.3984507,0.3192564,0.2367991
381,0.04561495,0.3993108,0.3176222,0.237452
382,0.0457164,0.4000784,0.3162174,0.2379877
383,0.04580044,0.4007459,0.3150394,0.2384143
384,0.0458694,0.4013147,0.3140728,0.2387432
385,0.04603091,0.4010529,0.3133454,0.2395709
386,0.04615593,0.4011283,0.3125355,0.2401803
387,0.0462436,0.4013456,0.3118483,0.2405626
388,0.0463039,0.4016003,0.3113155,0.2407803
389,0.0463442,0.4018411,0.3109365,0.2408782
390,0.04636962,0.4020457,0.3106981,0.2408865
391,0.04638351,0.4022069,0.3105851,0.2408245
392,0.04638791,0.4023242,0.3105849,0.2407031
393,0.046384,0.4023992,0.3106885,0.2405283
394,0.04637283,0.4024352,0.3108859,0.240306
395,0.04635518,0.4024356,0.3111687,0.2400405
396,0.04633162,0.4024037,0.3115295,0.2397353
397,0.04746506,0.393833,0.3129885,0.2457135
398,0.04834076,0.3897845,0.3116193,0.2502555
399,0.04890494,0.3881696,0.3099502,0.2529753
400,0.04925,0.3877815,0.3085032,0.2544653
401,0.0494459,0.3879367,0.3074712,0.2551463
402,0.04954509,0.3882738,0.30686,0.2553211
403,0.04958508,0.3886219,0.3065931,0.2551999
404,0.0495916,0.3889157,0.3065689,0.2549239
405,0.04958175,0.389144,0.3066889,0.2545853
406,0.04956628,0.3893199,0.306873,0.2542409
407,0.04955179,0.3894637,0.3070592,0.2539253
408,0.04954213,0.3895956,0.3072042,0.2536581
409,0.04449135,0.4349923,0.2926165,0.2278999
410,0.04149069,0.452163,0.2932648,0.2130814
411,0.03982203,0.4577651,0.2971499,0.205263
412,0.0388811,0.4587837,0.3011773,0.2011579
413,0.03835315,0.4581554,0.3044005,0.199091
414,0.03806038,0.4571032,0.3067033,0.1981332
415,0.03789938,0.4560923,0.3082517,0.1977565
416,0.03780973,0.4552586,0.3092705,0.1976612
417,0.03775636,0.4546048,0.3099586,0.1976802
418,0.03771939,0.4540902,0.3104665,0.1977239
419,0.03768785,0.453668,0.3108975,0.1977467
420,0.03765596,0.4532994,0.311317,0.1977276
421,0.03785306,0.4502824,0.3130586,0.1988059
422,0.03796555,0.4486755,0.3139741,0.1993849
423,0.0380214,0.4477741,0.3145533,0.1996512
424,0.03803432,0.4472177,0.3150674,0.1996806
425,0.03801835,0.4468158,0.3156124,0.1995533
426,0.03798461,0.4464773,0.3162055,0.1993325
427,0.0379414,0.4461651,0.3168278,0.1990657
428,0.03789493,0.4458701,0.3174461,0.1987889
429,0.03784996,0.4455965,0.318023,0.1985306
430,0.03781023,0.4453542,0.3185218,0.1983137
431,0.03777854,0.4451541,0.3189108,0.1981565
432,0.03775686,0.4450055,0.3191661,0.1980715
433,0.04057436,0.4141165,0.3330341,0.212275
434,0.0426816,0.3973567,0.337625,0.2223367
435,0.04419466,0.3887519,0.3378523,0.2292012
436,0.04519836,0.3847578,0.3366373,0.2334066
437,0.04583206,0.3832197,0.3351654,0.2357828
438,0.04622673,0.3829071,0.3337961,0.23707
439,0.0464868,0.3831776,0.3325011,0.2378345
440,0.04668647,0.3837337,0.3311156,0.2384642
441,0.04687199,0.384457,0.3294834,0.2391876
442,0.04706435,0.3853022,0.3275451,0.2400883
443,0.04726739,0.3862414,0.3253379,0.2411532
444,0.04747428,0.3872402,0.3229761,0.2423095
445,0.04758507,0.3863579,0.3234779,0.2425791
446,0.04761199,0.3857923,0.3242428,0.2423529
447,0.0476497,0.3854159,0.3246696,0.2422648
448,0.04769031,0.3851783,0.3248867,0.2422447
449,0.04773257,0.3850406,0.3249542,0.2422726
450,0.04777563,0.3849752,0.3249145,0.2423346
451,0.04781866,0.3849616,0.3248005,0.2424191
452,0.04786072,0.3849848,0.3246393,0.2425151
453,0.04790087,0.3850324,0.3244539,0.2426128
454,0.0479387,0.3850952,0.324259,0.2427071
455,0.04797392,0.3851667,0.3240655,0.2427938
456,0.04800631,0.3852419,0.3238818,0.24287
457,0.04784236,0.3917261,0.3176836,0.2427479
458,0.04792979,0.3962588,0.3116715,0.24414
459,0.04796166,0.3994085,0.3076614,0.2449685
460,0.04795935,0.4015754,0.305062,0.2454033
461,0.04793946,0.4030252,0.3034475,0.2455878
462,0.04791181,0.4039599,0.3025115,0.2456169
463,0.04788069,0.404532,0.3020435,0.2455438
464,0.04784719,0.4048529,0.301905,0.2453949
465,0.04781073,0.405,0.3020078,0.2451814
466,0.04777024,0.4050261,0.3022963,0.2449073
467,0.04772455,0.4049656,0.3027365,0.2445733
468,0.0476721,0.4048377,0.3033151,0.244175
469,0.04228053,0.4517843,0.28934,0.2165953
470,0.0391448,0.4676697,0.2921988,0.2009867
471,0.03741448,0.4717122,0.2980982,0.1927751
472,0.03642897,0.471401,0.3037968,0.1883733
473,0.03585993,0.4697295,0.3083722,0.1860384
474,0.03552737,0.4678754,0.3117634,0.1848339
475,0.03532817,0.466243,0.3141948,0.184234
476,0.03520246,0.4649153,0.3159408,0.1839415
477,0.03511583,0.4638572,0.3172362,0.1837909
478,0.03504876,0.4630002,0.3182582,0.1836928
479,0.03499092,0.4622817,0.3191233,0.1836041
480,0.03493725,0.4616548,0.3199004,0.1835075
481,0.04025389,0.4079547,0.3403652,0.2114263
482,0.04495008,0.3759551,0.3435158,0.235579
483,0.04863466,0.3576103,0.3401096,0.2536454
484,0.05131628,0.3480259,0.3346173,0.2660404
485,0.05311493,0.3437335,0.3294753,0.2736762
486,0.05421979,0.3423745,0.325661,0.2777447
487,0.05483619,0.3424472,0.3232739,0.2794427
488,0.05514981,0.3430922,0.3219548,0.2798032
489,0.05531001,0.343895,0.3211637,0.2796313
490,0.05542273,0.3447127,0.3203863,0.2794782
491,0.05555429,0.3455384,0.3192342,0.2796731
492,0.05573612,0.3464113,0.3175023,0.2803503
493,0.05680751,0.3396772,0.3179414,0.2855739
494,0.05773517,0.3362548,0.3158764,0.2901337
495,0.05850337,0.3348454,0.3127042,0.293947
496,0.05912209,0.3346407,0.3091997,0.2970375
497,0.0596097,0.3351029,0.3058114,0.2994759
498,0.05998678,0.3358829,0.302782,0.3013483
499,0.06027368,0.3367628,0.3002172,0.3027462
500,0.06048892,0.3376167,0.2981369,0.3037575
501,0.06064855,0.3383794,0.2965096,0.3044625
502,0.06076671,0.3390255,0.2952712,0.3049366
503,0.06085456,0.3395539,0.2943507,0.3052408
504,0.06092053,0.3399765,0.2936809,0.3054221
505,0.05822506,0.3631364,0.2867849,0.2918536
506,0.05628232,0.3751202,0.2863125,0.282285
507,0.05504733,0.3807381,0.2878074,0.2764071
508,0.05428697,0.3830724,0.2897092,0.2729314
509,0.05383135,0.3838117,0.2914135,0.2709434
510,0.05356551,0.3838424,0.2927513,0.2698408
511,0.05341433,0.3836086,0.2937348,0.2692423
512,0.05333,0.3833172,0.2944386,0.2689142
513,0.05328283,0.3830534,0.2949456,0.2687182
514,0.05325475,0.3828426,0.2953286,0.2685741
515,0.05323522,0.3826838,0.2956422,0.2684388
516,0.05321832,0.3825665,0.2959242,0.2682911
517,0.05646076,0.3540717,0.3051542,0.2843133
518,0.05908811,0.3369192,0.3071265,0.2968662
519,0.06104348,0.3268575,0.3063325,0.3057665
520,0.06241514,0.3212717,0.304695,0.3116182
521,0.06332005,0.3184057,0.3031464,0.3151278
522,0.06387918,0.3171053,0.302037,0.3169786
523,0.06420095,0.3166443,0.301399,0.3177558
524,0.06437333,0.3165947,0.3011154,0.3179167
525,0.06446212,0.3167253,0.3010208,0.3177918
526,0.06451309,0.3169262,0.3009587,0.3176021
527,0.06455547,0.3171549,0.3008086,0.317481
528,0.06460587,0.3174019,0.3004961,0.3174962
529,0.06631342,0.3045903,0.3033573,0.3257391
530,0.06775621,0.2966592,0.303003,0.3325816
531,0.06886551,0.2919608,0.3014839,0.3376897
532,0.06969076,0.2893519,0.299585,0.3413725
533,0.07028963,0.2880525,0.2977002,0.3439577
534,0.07071813,0.2875398,0.295995,0.3457471
535,0.07102416,0.2874735,0.2945149,0.3469874
536,0.07124522,0.2876409,0.2932498,0.347864
537,0.07140873,0.2879149,0.29217,0.3485063
538,0.0715337,0.2882239,0.2912433,0.3489992
539,0.07163269,0.2885301,0.2904419,0.3493953
540,0.07171365,0.288816,0.289745,0.3497253
541,0.06643548,0.3304347,0.2792382,0.3238916
542,0.06251786,0.3530176,0.2793216,0.3051429
543,0.06010506,0.3635457,0.2822741,0.2940751
544,0.05866598,0.3680194,0.2854658,0.2878488
545,0.05782706,0.3696106,0.2880609,0.2845015
546,0.05734939,0.3699194,0.2899283,0.2828029
547,0.05708434,0.369727,0.2911788,0.2820099
548,0.05694089,0.3693937,0.2919802,0.2816851
549,0.05686421,0.3690691,0.2924882,0.2815786
550,0.05682198,0.3688011,0.292824,0.2815529
551,0.05679571,0.3685932,0.2930742,0.281537
552,0.05677517,0.3684326,0.2932954,0.2814968
553,0.05843933,0.3552887,0.2963506,0.2899214
554,0.05976191,0.3478205,0.2959544,0.2964633
555,0.06069468,0.3438184,0.2946146,0.3008724
556,0.06131488,0.3418724,0.2931812,0.3036316
557,0.06170118,0.341073,0.2920282,0.3051977
558,0.06192262,0.3408583,0.2912664,0.3059528
559,0.06203415,0.3409011,0.2908752,0.3061896
560,0.06207639,0.341026,0.2907804,0.3061173
561,0.06207775,0.3411497,0.2908953,0.3058773
562,0.06205723,0.3412413,0.2911404,0.3055611
563,0.06202712,0.3412965,0.2914506,0.3052258
564,0.06199505,0.341323,0.2917763,0.3049056
565,0.05972615,0.359869,0.2866639,0.2937409
566,0.05808092,0.3696944,0.28635,0.2858747
567,0.0570146,0.3744737,0.2875346,0.2809772
568,0.05635008,0.3765808,0.2889854,0.2780836
569,0.05595088,0.3773571,0.290222,0.27647
570,0.05572047,0.3775242,0.2911184,0.2756369
571,0.05559381,0.377451,0.2916981,0.2752571
572,0.05552856,0.3773127,0.2920341,0.2751247
573,0.05549796,0.377183,0.2922038,0.2751153
574,0.05548574,0.3770851,0.292272,0.2751572
575,0.05548227,0.3770199,0.2922866,0.2752113
576,0.05548212,0.3769798,0.29228,0.2752581
577,0.05655331,0.3683586,0.2944534,0.2806346
578,0.05738771,0.3636515,0.2942251,0.2847357
579,0.05796721,0.3612635,0.2933009,0.2874683
580,0.0583498,0.3602029,0.2922674,0.2891798
581,0.05858953,0.3598524,0.2913834,0.2901747
582,0.05873132,0.359845,0.2907272,0.2906964
583,0.05880949,0.3599763,0.2902898,0.2909244
584,0.05884848,0.3601415,0.2900277,0.2909823
585,0.05886479,0.3602937,0.2898907,0.2909507
586,0.05886903,0.3604173,0.2898344,0.2908792
587,0.05886768,0.3605116,0.2898239,0.2907967
588,0.05886455,0.3605821,0.2898349,0.2907185
589,0.05808375,0.3667147,0.2884295,0.2867721
590,0.05750917,0.3699614,0.2885823,0.283947
591,0.05713087,0.3715491,0.2891593,0.2821608
592,0.05689247,0.3722427,0.2897739,0.2810909
593,0.05674873,0.3724862,0.2902769,0.2804883
594,0.05666613,0.3725239,0.2906351,0.2801748
595,0.05662135,0.3724827,0.2908659,0.28003
596,0.05659888,0.3724228,0.2910016,0.2799767
597,0.0565888,0.3723691,0.2910742,0.2799678
598,0.056585,0.3723285,0.2911109,0.2799756
599,0.05658381,0.3723003,0.2911314,0.2799844
600,0.05658323,0.3722807,0.2911492,0.2799869
601,0.05456722,0.3891518,0.2861748,0.2701062
602,0.05314808,0.3974242,0.2860868,0.2633409
603,0.05224477,0.4010746,0.2874623,0.2592184
604,0.05168598,0.4023979,0.2891079,0.2568082
605,0.05134847,0.4026309,0.2905617,0.2554589
606,0.05114847,0.4024105,0.2917019,0.2547392
607,0.05103103,0.4020461,0.2925488,0.2543741
608,0.05096105,0.401674,0.2931707,0.2541942
609,0.05091676,0.4013439,0.2936406,0.2540987
610,0.05088516,0.4010648,0.2940193,0.2540307
611,0.05085871,0.4008298,0.2943517,0.2539597
612,0.0508333,0.4006272,0.2946683,0.2538713
613,0.05325116,0.379068,0.3018964,0.2657844
614,0.055144,0.3668443,0.3031787,0.2748331
615,0.05649418,0.3602122,0.3023005,0.2809931
616,0.05739834,0.3569129,0.3008255,0.2848632
617,0.0579639,0.3554895,0.2994893,0.2870573
618,0.05829038,0.3550403,0.2985528,0.2881164
619,0.05845953,0.3550404,0.2980308,0.2884694
620,0.05853315,0.3552084,0.297829,0.2884294
621,0.05855503,0.3554118,0.2978215,0.2882117
622,0.0585546,0.3556005,0.2978888,0.2879562
623,0.05855041,0.3557661,0.2979364,0.2877471
624,0.05855316,0.3559175,0.2979,0.2876293
625,0.05793895,0.3613504,0.2961423,0.2845683
626,0.05749632,0.3643524,0.2957102,0.2824411
627,0.05722055,0.3659485,0.2956319,0.2811992
628,0.05706697,0.3667754,0.2955703,0.2805875
629,0.05699687,0.3672063,0.2954042,0.2803927
630,0.05697991,0.3674482,0.2951206,0.2804514
631,0.05699402,0.3676082,0.294751,0.2806468
632,0.05702406,0.3677363,0.2943383,0.2809013
633,0.05706025,0.3678524,0.2939213,0.2811661
634,0.05709659,0.3679613,0.2935292,0.2814129
635,0.0571298,0.3680619,0.2931809,0.2816274
636,0.05715823,0.3681517,0.2928866,0.2818035
637,0.05596403,0.3786319,0.2893614,0.2760427
638,0.0550949,0.3840726,0.2888725,0.27196
639,0.05452413,0.3866705,0.2894156,0.2693897
640,0.05416271,0.3877501,0.2902386,0.2678486
641,0.05394031,0.3880685,0.2910258,0.2669654
642,0.0538061,0.3880381,0.2916766,0.2664792
643,0.05372535,0.3878717,0.2921856,0.2662173
644,0.0536753,0.3876707,0.2925836,0.2660704
645,0.05364165,0.3874772,0.2929079,0.2659732
646,0.05361576,0.387305,0.293191,0.2658883
647,0.05359266,0.3871544,0.2934565,0.2657965
648,0.05356974,0.3870213,0.2937196,0.2656893
649,0.05428167,0.3803376,0.2962634,0.2691174
650,0.05480314,0.3766413,0.2970377,0.2715178
651,0.05515298,0.374679,0.2971356,0.2730325
652,0.05537151,0.3737043,0.2970336,0.2738906
653,0.05549745,0.3732614,0.2969374,0.2743038
654,0.05556263,0.3730861,0.2969104,0.2744409
655,0.05559109,0.3730349,0.2969487,0.2744253
656,0.0555998,0.3730358,0.297022,0.2743423
657,0.05560019,0.3730575,0.2970953,0.274247
658,0.05559951,0.373089,0.2971385,0.274173
659,0.05560199,0.3731293,0.2971301,0.2741386
660,0.05560983,0.37318,0.2970582,0.274152
661,0.05479625,0.380427,0.2945629,0.2702138
662,0.05421212,0.3842151,0.2940924,0.2674804
663,0.05383707,0.3860763,0.2942635,0.2658231
664,0.05361089,0.3869127,0.2945656,0.2649108
665,0.05348456,0.3872394,0.2947944,0.2644816
666,0.05342169,0.3873358,0.2948965,0.264346
667,0.053397,0.3873437,0.2948839,0.2643755
668,0.05339366,0.387329,0.2947899,0.2644874
669,0.05340104,0.3873175,0.29465,0.2646313
670,0.05341251,0.3873156,0.2944946,0.2647772
671,0.05342428,0.3873213,0.2943456,0.2649088
672,0.05343426,0.3873298,0.2942173,0.2650186
673,0.05607396,0.3648561,0.3010653,0.2780046
674,0.05819172,0.3518099,0.3018305,0.2881679
675,0.0597409,0.3445358,0.3004086,0.2953147
676,0.06081364,0.3407964,0.2983656,0.3000243
677,0.06151695,0.3391179,0.2964534,0.3029117
678,0.06195328,0.3385596,0.2949525,0.3045346
679,0.06220892,0.3385515,0.2938956,0.305344
680,0.06235022,0.338771,0.2932045,0.3056743
681,0.06242458,0.3390523,0.2927678,0.3057553
682,0.06246366,0.3393221,0.2924803,0.305734
683,0.06248737,0.3395565,0.2922589,0.3056973
684,0.06250725,0.3397553,0.2920464,0.305691
685,0.06025796,0.358099,0.2869888,0.2946543
686,0.05861908,0.3677894,0.2867592,0.2868323
687,0.05757408,0.3724636,0.2878879,0.2820745
688,0.05693667,0.3745006,0.2892059,0.2793567
689,0.05656532,0.3752335,0.2902774,0.2779238
690,0.0563604,0.3753741,0.2910085,0.277257
691,0.05625504,0.3752828,0.2914442,0.2770179
692,0.0562061,0.375129,0.2916689,0.276996
693,0.05618686,0.3749824,0.2917637,0.277067
694,0.05618162,0.3748639,0.2917914,0.2771631
695,0.05618154,0.3747733,0.2917956,0.2772495
696,0.05618186,0.3747033,0.2918037,0.2773111
697,0.05654062,0.3719508,0.2923408,0.2791678
698,0.05681599,0.3705098,0.2921031,0.280571
699,0.05699803,0.3698238,0.2917165,0.2814617
700,0.05711077,0.3695457,0.29136,0.2819835
701,0.0571747,0.3694695,0.2911029,0.2822529
702,0.05720597,0.3694789,0.2909569,0.2823582
703,0.0572164,0.3695137,0.2909073,0.2823626
704,0.05721428,0.369546,0.290931,0.2823087
705,0.05720505,0.3695661,0.2910048,0.2822241
706,0.05719232,0.3695726,0.2911083,0.2821268
707,0.0571784,0.3695684,0.2912255,0.2820278
708,0.05716473,0.3695575,0.2913439,0.2819339
709,0.05663314,0.3732743,0.2908937,0.2791988
710,0.05622374,0.3750874,0.2915828,0.277106
711,0.05595437,0.375834,0.2924383,0.2757733
712,0.0557839,0.3760387,0.2932165,0.274961
713,0.05568099,0.3759966,0.2938271,0.2744952
714,0.05562256,0.3758659,0.2942596,0.2742519
715,0.05559245,0.375724,0.2945369,0.2741467
716,0.05557986,0.3756037,0.294692,0.2741243
717,0.05557771,0.3755145,0.2947581,0.2741497
718,0.05558131,0.375455,0.2947641,0.2741997
719,0.05558779,0.3754195,0.2947322,0.2742605
720,0.05559545,0.3754015,0.2946787,0.2743243
721,0.05453251,0.3851561,0.2910154,0.269296
722,0.05377144,0.3902554,0.2901469,0.2658262
723,0.05326823,0.3927466,0.2903458,0.2636393
724,0.05294888,0.3938303,0.290878,0.2623427
725,0.05275276,0.3941981,0.2914281,0.261621
726,0.05263537,0.3942296,0.2918864,0.2612486
727,0.0525661,0.3941218,0.2922374,0.2610747
728,0.05252475,0.3939702,0.2925016,0.2610035
729,0.05249848,0.3938159,0.292709,0.2609766
730,0.05247947,0.393673,0.2928868,0.2609607
731,0.05246318,0.3935432,0.2930557,0.2609379
732,0.05244708,0.3934235,0.2932298,0.2608997
733,0.05356472,0.3834725,0.2965589,0.2664039
734,0.05440256,0.378027,0.2971757,0.2703947
735,0.05497537,0.3751939,0.296836,0.2729947
736,0.0553439,0.3738439,0.2962552,0.274557
737,0.05556588,0.3732837,0.2957495,0.275401
738,0.05568916,0.3731081,0.2954213,0.2757815
739,0.05574991,0.373096,0.2952689,0.2758852
740,0.05577383,0.3731366,0.2952491,0.2758404
741,0.05577818,0.373182,0.2953091,0.2757308
742,0.05577423,0.3732169,0.2954,0.2756089
743,0.05576884,0.3732414,0.2954845,0.2755053
744,0.0557659,0.3732614,0.2955368,0.2754359
745,0.05607302,0.3703168,0.2967848,0.2768254
746,0.05630736,0.3686801,0.2971591,0.2778535
747,0.05647897,0.3678215,0.2971095,0.2785901
748,0.05660164,0.3674234,0.29687,0.279105
749,0.05668965,0.3672861,0.2965536,0.2794706
750,0.05675462,0.36729,0.2962115,0.2797439
751,0.05680498,0.3673656,0.2958649,0.2799645
752,0.05684636,0.3674753,0.2955213,0.280157
753,0.0568823,0.3675987,0.2951833,0.2803358
754,0.05691491,0.3677257,0.2948512,0.2805082
755,0.05694526,0.3678516,0.2945262,0.2806769
756,0.05697379,0.367974,0.2942106,0.2808417
757,0.05793131,0.3601481,0.2964083,0.2855123
758,0.05867041,0.3557495,0.2965655,0.2890146
759,0.05919597,0.3534143,0.2959742,0.2914156
760,0.05955401,0.3522924,0.2951729,0.2929807
761,0.05978984,0.3518467,0.294405,0.2939584
762,0.05994161,0.3517527,0.2937562,0.2945495
763,0.06003842,0.3518242,0.2932356,0.2949019
764,0.06010101,0.3519608,0.2928215,0.2951168
765,0.0601433,0.3521128,0.292485,0.2952589
766,0.06017409,0.352259,0.2921996,0.2953673
767,0.06019877,0.3523926,0.2919452,0.2954635
768,0.06022038,0.3525136,0.2917077,0.2955584
769,0.05897488,0.363544,0.287878,0.2896031
770,0.05805422,0.3695717,0.2870419,0.2853321
771,0.05744208,0.3726528,0.2872865,0.2826187
772,0.05705316,0.3741015,0.2878444,0.281001
773,0.05681597,0.3746963,0.2883853,0.2801024
774,0.05667717,0.3748755,0.2887983,0.2796492
775,0.05659945,0.3748734,0.2890716,0.2794556
776,0.056558,0.3748075,0.2892317,0.2794028
777,0.056537,0.3747311,0.2893138,0.2794181
778,0.05652657,0.3746648,0.2893497,0.2794589
779,0.05652092,0.374613,0.2893639,0.2795022
780,0.05651681,0.3745741,0.2893724,0.2795367
781,0.05447672,0.3915016,0.2844512,0.2695704
782,0.05304782,0.3997681,0.2843843,0.2627997
783,0.05213787,0.4034013,0.2857769,0.258684
784,0.05157368,0.4047081,0.2874337,0.2562846
785,0.05123138,0.4049289,0.2888921,0.2549475
786,0.05102733,0.4047012,0.2900282,0.2542432
787,0.05090686,0.4043344,0.2908598,0.2538991
788,0.0508352,0.4039641,0.2914526,0.253748
789,0.05079093,0.4036395,0.2918783,0.2536913
790,0.05076113,0.4033695,0.2921964,0.253673
791,0.05073837,0.4031471,0.2924512,0.2536632
792,0.05071861,0.4029609,0.2926723,0.2536481
793,0.05191607,0.3923674,0.2960615,0.2596551
794,0.0528182,0.3867088,0.2964058,0.2640672
795,0.05343478,0.3838726,0.2957293,0.2669633
796,0.0538335,0.3826147,0.2948107,0.268741
797,0.05407718,0.382179,0.2939933,0.2697506
798,0.05421722,0.3821292,0.2933854,0.2702682
799,0.05429218,0.3822304,0.2929835,0.2704939
800,0.05432905,0.3823678,0.2927394,0.2705637
801,0.05434571,0.3824933,0.2925965,0.2705644
802,0.05435333,0.3825929,0.2925061,0.2705477
803,0.0543585,0.3826681,0.2924314,0.270542
804,0.0543648,0.3827257,0.2923485,0.270561
805,0.05540011,0.3740641,0.2948716,0.2756642
806,0.05619525,0.3693164,0.2950036,0.2794848
807,0.05675655,0.3668752,0.2942794,0.2820889
808,0.05713765,0.3657626,0.2933124,0.2837874
809,0.05738899,0.3653709,0.2923818,0.2848583
810,0.0575521,0.3653395,0.2915873,0.2855211
811,0.05765812,0.365466,0.2909414,0.2859345
812,0.05772886,0.3656444,0.2904216,0.2862051
813,0.05777865,0.3658248,0.2899968,0.2863997
814,0.05781614,0.3659872,0.2896411,0.2865555
815,0.05784638,0.3661265,0.2893352,0.2866918
816,0.05787214,0.3662435,0.289067,0.2868174
817,0.05644925,0.3782742,0.2854597,0.2798169
818,0.05542106,0.3844668,0.2852112,0.2749009
819,0.05475404,0.3873816,0.2860095,0.2718549
820,0.05433737,0.3885699,0.2870276,0.2700652
821,0.05408571,0.3889073,0.2879333,0.2690737
822,0.0539385,0.3888644,0.2886326,0.2685646
823,0.05385481,0.3886802,0.2891344,0.2683306
824,0.05380792,0.3884667,0.2894839,0.2682415
825,0.05378101,0.3882692,0.2897314,0.2682184
826,0.05376401,0.3881001,0.2899187,0.2682172
827,0.05375106,0.3879577,0.2900774,0.268214
828,0.05373891,0.3878354,0.2902287,0.268197
829,0.05532051,0.3741088,0.2945462,0.2760245
830,0.05654338,0.3664014,0.2951468,0.2819083
831,0.05740393,0.3622844,0.2944385,0.2858732
832,0.05797613,0.3602739,0.2933893,0.2883607
833,0.05833481,0.3594284,0.2924458,0.2897909
834,0.05854474,0.3591762,0.2917665,0.2905126
835,0.05865664,0.3591894,0.2913653,0.2907887
836,0.05870743,0.3592944,0.2911937,0.2908044
837,0.05872253,0.3594096,0.2911848,0.290683
838,0.05871888,0.3595031,0.2912746,0.2905034
839,0.05870707,0.3595688,0.2914113,0.2903128
840,0.05869353,0.3596115,0.2915567,0.2901384
841,0.05852243,0.3608991,0.291379,0.2891995
842,0.05839619,0.3616076,0.2914747,0.2885216
843,0.05831334,0.3619792,0.291622,0.2880854
844,0.05826357,0.3621672,0.2917404,0.2878288
845,0.05823773,0.3622631,0.2917998,0.2876994
846,0.05822844,0.3623188,0.2917961,0.2876566
847,0.05823017,0.3623618,0.2917376,0.2876704
848,0.05823886,0.3624049,0.291637,0.2877193
849,0.05825162,0.362453,0.2915071,0.2877883
850,0.0582665,0.3625067,0.2913598,0.287867
851,0.05828211,0.3625648,0.2912044,0.2879487
852,0.05829751,0.3626255,0.2910489,0.2880282
853,0.0555452,0.3861263,0.2836896,0.2746389
854,0.05362711,0.3976932,0.2831061,0.2655735
855,0.05242239,0.4028331,0.2846135,0.260131
856,0.05168531,0.4047669,0.2865516,0.2569962
857,0.05124439,0.405203,0.2882808,0.2552717
858,0.05098597,0.4050121,0.289625,0.2543769
859,0.05083679,0.4046147,0.2906001,0.2539483
860,0.05075064,0.404197,0.2912876,0.2537647
861,0.05069911,0.403828,0.2917771,0.2536959
862,0.05066526,0.403522,0.2921442,0.2536686
863,0.05063928,0.4032715,0.2924456,0.2536437
864,0.05061572,0.4030623,0.2927201,0.253602
865,0.05470424,0.3663711,0.305205,0.2737196
866,0.05806698,0.3440925,0.3080761,0.2897643
867,0.06061859,0.330859,0.3070991,0.3014233
868,0.06244016,0.3234097,0.304855,0.3092951
869,0.0636604,0.31953,0.3026393,0.3141702
870,0.06442355,0.3177372,0.3009746,0.3168646
871,0.06486553,0.3170767,0.2999498,0.318108
872,0.06510079,0.3169707,0.299438,0.3184906
