EwEVersion,"6.5.13829.0 (compiled 2016-05-17)"
Date,"2016-09-06 16:27:34"
ModelName,Baltic_Proper-SEALS
EcosimScenario,Proper1_SealVuln100_19742100_seal0_cofF03
TimeSeries,new_data_weights_19742100_BAU_WAR1_codF03_seal100
StartYear,1974

Data,"Prey of other mesozooplankton"

TimeStep,"Cyanobacteria","Phytoplankton","microzooplankton","Detritus-water column",
1,0.04280683,0.5585232,0.1841945,0.2144754
2,0.03914407,0.5794343,0.184423,0.1969986
3,0.03727721,0.5860372,0.188064,0.1886217
4,0.03628786,0.5871348,0.1919937,0.1845836
5,0.0357588,0.5862401,0.1952522,0.182749
6,0.03547649,0.5848047,0.1976785,0.1820404
7,0.03532583,0.5833926,0.1993922,0.1818893
8,0.03524352,0.5821813,0.2005829,0.1819923
9,0.03519486,0.5811884,0.201427,0.1821897
10,0.03516104,0.5803755,0.2020631,0.1824004
11,0.03513219,0.5796928,0.2025897,0.1825852
12,0.03510328,0.5790967,0.2030727,0.1827272
13,0.03574783,0.5726326,0.2052842,0.1863354
14,0.03615527,0.5694742,0.2057343,0.1886363
15,0.03638261,0.5679889,0.2057087,0.1899198
16,0.03649445,0.5672991,0.205645,0.1905615
17,0.03653415,0.5669435,0.2057164,0.190806
18,0.03653048,0.5666972,0.2059588,0.1908136
19,0.03650215,0.5664629,0.2063472,0.1906879
20,0.03646115,0.5662091,0.2068337,0.1904961
21,0.03641541,0.5659351,0.2073657,0.1902837
22,0.03637033,0.5656533,0.207893,0.1900833
23,0.03632978,0.5653792,0.2083713,0.1899198
24,0.03629651,0.5651277,0.2087641,0.1898117
25,0.03250096,0.597572,0.199865,0.170062
26,0.03050136,0.6078882,0.2016787,0.1599318
27,0.02949767,0.6102252,0.2049862,0.1552909
28,0.02897472,0.609782,0.2080242,0.1532192
29,0.02870892,0.6085501,0.2102448,0.1524962
30,0.02858025,0.6072789,0.2116719,0.1524689
31,0.0285226,0.6061999,0.2124982,0.1527794
32,0.02849969,0.6053397,0.2129267,0.1532339
33,0.02849206,0.6046565,0.2131204,0.1537311
34,0.02848924,0.6040948,0.2131981,0.1542178
35,0.02848608,0.6036071,0.2132374,0.1546695
36,0.02848028,0.6031583,0.2132848,0.1550767
37,0.02923621,0.5950387,0.2161837,0.1595414
38,0.0297146,0.5913022,0.216561,0.1624222
39,0.02999321,0.5896895,0.2161731,0.1641442
40,0.03014404,0.5890422,0.2156775,0.1651363
41,0.03021618,0.5887728,0.2153271,0.165684
42,0.03024171,0.5886083,0.215179,0.165971
43,0.03024082,0.5884383,0.2152093,0.1661117
44,0.03022576,0.5882294,0.2153701,0.1661748
45,0.03020383,0.5879815,0.2156137,0.1662009
46,0.03017984,0.5877077,0.2158946,0.1662179
47,0.03015666,0.5874233,0.216177,0.1662431
48,0.03013609,0.5871419,0.2164341,0.166288
49,0.03093774,0.5786451,0.2196154,0.1708018
50,0.03145641,0.5747375,0.2200999,0.1737062
51,0.03176897,0.5731229,0.2196795,0.1754287
52,0.0319519,0.572601,0.2190138,0.1764332
53,0.03205729,0.5725505,0.2183661,0.1770261
54,0.03211918,0.5726722,0.2178056,0.1774031
55,0.03215848,0.5728362,0.2173244,0.177681
56,0.03218728,0.5729944,0.2168936,0.1779247
57,0.03221211,0.5731344,0.2164866,0.1781669
58,0.03223561,0.5732563,0.2160911,0.178417
59,0.03225869,0.5733628,0.2157038,0.1786748
60,0.03228131,0.5734558,0.2153274,0.1789355
61,0.03261459,0.5697934,0.216823,0.1807691
62,0.03281827,0.5680166,0.2173198,0.1818454
63,0.03295492,0.5671909,0.2172727,0.1825815
64,0.03304334,0.5668569,0.2170303,0.1830695
65,0.03310096,0.5667596,0.2167349,0.1834045
66,0.03313966,0.5667672,0.2164434,0.1836498
67,0.03316699,0.5668148,0.2161742,0.183844
68,0.03318742,0.5668722,0.2159314,0.184009
69,0.03320351,0.5669261,0.2157151,0.1841553
70,0.03321689,0.5669717,0.2155213,0.1842901
71,0.03322836,0.567008,0.2153479,0.1844157
72,0.03323831,0.567035,0.2151936,0.1845329
73,0.03104035,0.5878413,0.2086895,0.1724289
74,0.02980685,0.5952966,0.2090715,0.1658251
75,0.02913946,0.5973992,0.21096,0.1625012
76,0.02877577,0.5974122,0.2129169,0.1608951
77,0.02857861,0.5967223,0.2144943,0.1602048
78,0.02847176,0.595895,0.2156432,0.15999
79,0.02841237,0.5951313,0.21645,0.1600063
80,0.02837646,0.5944775,0.217026,0.16012
81,0.02835091,0.5939224,0.2174672,0.1602595
82,0.02832871,0.5934382,0.2178448,0.1603883
83,0.02830628,0.5929984,0.2182059,0.1604894
84,0.02828201,0.5925828,0.2185792,0.160556
85,0.02833142,0.5923536,0.2181364,0.1611785
86,0.02836933,0.5923212,0.2175792,0.1617303
87,0.02837021,0.5923093,0.2173348,0.1619857
88,0.02835414,0.5922378,0.2173126,0.1620955
89,0.02832799,0.5920923,0.2174689,0.1621107
90,0.02829501,0.5918803,0.2177684,0.1620563
91,0.02825693,0.5916155,0.2181809,0.1619467
92,0.0282149,0.5913118,0.2186805,0.1617928
93,0.02816995,0.5909822,0.2192435,0.1616044
94,0.02812321,0.590638,0.2198465,0.1613923
95,0.02807615,0.5902896,0.2204644,0.1611698
96,0.02803053,0.5899476,0.2210693,0.1609527
97,0.02749604,0.5950012,0.2194952,0.1580077
98,0.02717387,0.5968937,0.2195935,0.156339
99,0.02698083,0.597408,0.2201729,0.1554383
100,0.02687039,0.5973626,0.2207354,0.1550316
101,0.02681211,0.5971403,0.2211093,0.1549383
102,0.02678706,0.5969041,0.2212617,0.1550471
103,0.02678338,0.5967114,0.2212179,0.1552873
104,0.02679342,0.5965712,0.2210231,0.1556123
105,0.02681205,0.5964726,0.2207259,0.1559895
106,0.02683549,0.5963989,0.2203725,0.1563932
107,0.02686084,0.5963345,0.220002,0.1568026
108,0.02688593,0.5962672,0.2196452,0.1572017
109,0.02786473,0.5862501,0.2227373,0.1631478
110,0.02851846,0.5818405,0.2225263,0.1671148
111,0.02891897,0.5801945,0.2213977,0.1694888
112,0.02915725,0.5798129,0.2201632,0.1708668
113,0.02929423,0.5799267,0.2191452,0.1716339
114,0.02937025,0.5801747,0.2184149,0.1720402
115,0.02941075,0.5804067,0.2179417,0.1722408
116,0.02943115,0.5805755,0.217665,0.1723282
117,0.02944043,0.580679,0.2175251,0.1723555
118,0.02944365,0.5807293,0.2174755,0.1723515
119,0.02944371,0.580742,0.2174818,0.1723324
120,0.02944221,0.5807305,0.2175202,0.1723071
121,0.02909405,0.5840046,0.2166713,0.1702301
122,0.02887459,0.5852284,0.2169688,0.1689282
123,0.02875074,0.5855431,0.2174709,0.1682353
124,0.02868043,0.5854897,0.2179575,0.1678724
125,0.02864116,0.5853142,0.218347,0.1676977
126,0.02861954,0.5851222,0.2186307,0.1676276
127,0.02860763,0.5849522,0.2188266,0.1676135
128,0.02860087,0.5848132,0.2189583,0.1676276
129,0.02859674,0.5847019,0.2190464,0.1676551
130,0.02859388,0.5846123,0.2191059,0.1676879
131,0.02859157,0.5845385,0.2191477,0.1677222
132,0.02858944,0.5844761,0.2191787,0.1677558
133,0.03122991,0.5541934,0.231939,0.1826377
134,0.03306175,0.5379481,0.2366405,0.1923498
135,0.03428453,0.5299152,0.2373912,0.198409
136,0.035037,0.5264158,0.2368297,0.2017176
137,0.0354712,0.5252131,0.2360654,0.2032503
138,0.03570895,0.5250673,0.2354631,0.2037607
139,0.03583684,0.5253562,0.2350398,0.2037673
140,0.0359114,0.5258028,0.234689,0.2035967
141,0.03596691,0.5263042,0.2342909,0.203438
142,0.03602333,0.5268336,0.2337482,0.2033949
143,0.03609093,0.5273923,0.2330025,0.2035142
144,0.03617411,0.5279884,0.232029,0.2038085
145,0.03258261,0.5655791,0.2180173,0.183821
146,0.03074454,0.5797992,0.2153892,0.1740672
147,0.02981455,0.5851305,0.2154743,0.1695806
148,0.02934049,0.5868734,0.2161397,0.1676463
149,0.02910132,0.5872095,0.2167376,0.1669517
150,0.02898305,0.5870535,0.2171268,0.1668366
151,0.02892597,0.5867699,0.2173336,0.1669704
152,0.02889888,0.5864862,0.2174233,0.1671916
153,0.02888562,0.586233,0.2174563,0.1674252
154,0.02887783,0.5860073,0.2174772,0.1676377
155,0.02887129,0.5857968,0.2175159,0.1678161
156,0.02886381,0.5855897,0.2175906,0.1679558
157,0.03511449,0.5187548,0.2423567,0.2037739
158,0.0406074,0.4742915,0.2507344,0.2343667
159,0.04499038,0.446313,0.2510824,0.2576142
160,0.04822012,0.4300013,0.2481168,0.2736617
161,0.05042367,0.4213925,0.2445784,0.2836054
162,0.05181393,0.4175053,0.2417458,0.2889349
163,0.05261977,0.4162692,0.2399884,0.2911226
164,0.05304258,0.416372,0.2391889,0.2913966
165,0.05323823,0.4170681,0.2390256,0.2906681
166,0.05331711,0.4179859,0.23914,0.2895569
167,0.05335228,0.4189695,0.2392225,0.2884558
168,0.05338861,0.4199699,0.2390503,0.2875912
169,0.04829752,0.4675542,0.2243519,0.2597963
170,0.04541961,0.4899722,0.2198729,0.2447353
171,0.04415079,0.5006251,0.2160999,0.2391241
172,0.04355187,0.5064132,0.2128985,0.2371365
173,0.04325381,0.5097159,0.2105253,0.2365051
174,0.0431158,0.5117031,0.2087185,0.2364626
175,0.04305885,0.5129691,0.2073638,0.2366082
176,0.04304044,0.5138243,0.2063794,0.2367557
177,0.04303901,0.5144342,0.2056904,0.2368364
178,0.04304441,0.5148885,0.2052287,0.2368384
179,0.0430519,0.5152391,0.2049383,0.2367707
180,0.04305924,0.515518,0.2047764,0.2366465
181,0.04159889,0.5293954,0.2003724,0.2286334
182,0.04068775,0.5359923,0.1996188,0.2237011
183,0.04014154,0.5389307,0.2001396,0.2207881
184,0.03981823,0.5400659,0.2010405,0.2190753
185,0.03962822,0.5403633,0.2019543,0.2180542
186,0.03951577,0.5403093,0.2027602,0.2174148
187,0.03944671,0.5401363,0.2034456,0.2169714
188,0.03940037,0.5399459,0.204039,0.2166148
189,0.03936441,0.5397751,0.204579,0.2162816
190,0.03933173,0.5396308,0.2051005,0.215937
191,0.03929827,0.5395086,0.2056311,0.2155621
192,0.03926174,0.5394,0.2061912,0.2151471
193,0.03838548,0.5472969,0.2040701,0.2102476
194,0.03782584,0.5508765,0.2041703,0.2071273
195,0.03747211,0.5523292,0.2050597,0.2051389
196,0.03724705,0.5527534,0.2061571,0.2038424
197,0.03710047,0.5527223,0.2072209,0.2029563
198,0.03700113,0.5525225,0.2081658,0.2023107
199,0.03693028,0.5522891,0.2089735,0.2018072
200,0.03687708,0.5520797,0.2096505,0.2013927
201,0.03683569,0.5519149,0.2102082,0.2010412
202,0.03680332,0.5517986,0.2106549,0.2007432
203,0.03677879,0.5517283,0.2109955,0.2004974
204,0.03676173,0.5516996,0.2112334,0.2003053
205,0.04037965,0.5174628,0.2225704,0.2195871
206,0.043116,0.4978694,0.2252925,0.2337221
207,0.04502542,0.4874477,0.2244457,0.2430811
208,0.0462818,0.4825656,0.2223454,0.2488072
209,0.0470682,0.4807881,0.2201176,0.2520261
210,0.04754405,0.4805979,0.2181828,0.2536753
211,0.04783094,0.4811232,0.2166025,0.2544433
212,0.04801307,0.4819076,0.21529,0.2547894
213,0.04814377,0.4827385,0.2141273,0.2549903
214,0.04825182,0.4835352,0.2130341,0.2551789
215,0.04835117,0.4842751,0.2119686,0.2554052
216,0.0484468,0.4849585,0.2109233,0.2556714
217,0.04383881,0.5264355,0.1982116,0.231514
218,0.04125236,0.5441338,0.1962501,0.2183638
219,0.03984936,0.5512557,0.197327,0.211568
220,0.03908483,0.5537099,0.1990974,0.2081079
221,0.03867321,0.5541804,0.2007221,0.2064242
222,0.03845702,0.5538988,0.20197,0.2056741
223,0.0383476,0.55341,0.202846,0.2053964
224,0.03829483,0.5529328,0.2034316,0.2053407
225,0.03827067,0.5525365,0.2038188,0.2053738
226,0.03825961,0.5522271,0.2040858,0.2054275
227,0.03825336,0.5519874,0.2042908,0.2054684
228,0.03824765,0.5517958,0.2044743,0.2054822
229,0.0389392,0.5446294,0.2074142,0.2090171
230,0.03938116,0.5409284,0.208556,0.2111344
231,0.03965592,0.5390741,0.2089212,0.2123488
232,0.03981475,0.5381994,0.2090393,0.2129466
233,0.03989799,0.5378066,0.2091434,0.2131521
234,0.03993416,0.5376277,0.2093165,0.2131217
235,0.03994239,0.537529,0.2095703,0.2129583
236,0.03993507,0.5374513,0.2098857,0.2127279
237,0.03992013,0.5373741,0.2102333,0.2124725
238,0.0399026,0.5372956,0.2105826,0.2122192
239,0.03988571,0.5372219,0.2109066,0.2119858
240,0.03987148,0.5371617,0.211183,0.2117838
241,0.03827935,0.5503618,0.2082374,0.2031215
242,0.03729473,0.5557348,0.2091637,0.1978068
243,0.03674734,0.5575412,0.2107206,0.1949909
244,0.03644556,0.5578552,0.2121563,0.193543
245,0.03628563,0.5576259,0.2132178,0.1928706
246,0.03620632,0.5572725,0.2138922,0.1926289
247,0.03617129,0.5569586,0.2142545,0.1926156
248,0.03615926,0.5567297,0.214398,0.1927132
249,0.03615809,0.5565816,0.2144052,0.1928552
250,0.0361614,0.5564944,0.2143359,0.1930084
251,0.0361659,0.556447,0.2142309,0.1931563
252,0.03617003,0.5564219,0.2141162,0.1932918
253,0.035679,0.5626995,0.2104782,0.1911434
254,0.03539535,0.5658959,0.2085889,0.1901199
255,0.03520482,0.5675182,0.2077953,0.1894816
256,0.03508529,0.5682728,0.2074857,0.1891562
257,0.03501153,0.5685716,0.2073937,0.1890232
258,0.03496564,0.5686395,0.207399,0.188996
259,0.034936,0.5685934,0.2074503,0.1890204
260,0.03491534,0.5684925,0.2075282,0.1890639
261,0.03489934,0.5683652,0.2076265,0.1891089
262,0.03488548,0.5682247,0.2077437,0.1891461
263,0.03487238,0.5680767,0.2078794,0.1891716
264,0.03485934,0.5679239,0.2080323,0.1891845
265,0.03815434,0.5347435,0.2206384,0.2064636
266,0.04053209,0.515995,0.2251339,0.2183389
267,0.04215538,0.5060393,0.2258226,0.2259827
268,0.04318201,0.50125,0.2251925,0.2303755
269,0.04378671,0.4992612,0.2243893,0.2325628
270,0.04411872,0.4986556,0.2238205,0.2334052
271,0.04429054,0.4986604,0.2235176,0.2335316
272,0.0443802,0.4989007,0.2233525,0.2333667
273,0.04443814,0.4992244,0.2231605,0.233177
274,0.04449365,0.4995891,0.2228087,0.2331086
275,0.04456157,0.4999952,0.2222171,0.2332261
276,0.04464648,0.5004532,0.2213646,0.2335356
277,0.04583968,0.4920592,0.2222663,0.2398348
278,0.04674292,0.4880004,0.2206384,0.2446183
279,0.04736537,0.4864208,0.2183747,0.2478391
280,0.04778556,0.4861829,0.2160808,0.2499506
281,0.04806583,0.4866011,0.2140301,0.251303
282,0.04825262,0.4872844,0.2123102,0.2521527
283,0.04837857,0.4880258,0.2109183,0.2526773
284,0.04846548,0.488726,0.2098149,0.2529936
285,0.04852739,0.4893456,0.2089513,0.2531757
286,0.04857316,0.4898765,0.2082806,0.2532698
287,0.04860825,0.4903249,0.2077626,0.2533043
288,0.04863598,0.4907021,0.2073655,0.2532964
289,0.04424679,0.529127,0.1959426,0.2306836
290,0.04174938,0.5455748,0.1944595,0.2182163
291,0.04036885,0.5521346,0.1958482,0.2116484
292,0.03959924,0.5542957,0.1978822,0.2082228
293,0.03917144,0.5545834,0.1997507,0.2064944
294,0.03893562,0.5541633,0.2012265,0.2056746
295,0.0388065,0.5535527,0.2023152,0.2053256
296,0.03873511,0.5529597,0.2031003,0.2052049
297,0.0386936,0.5524494,0.2036769,0.2051802
298,0.03866649,0.5520259,0.2041249,0.2051827
299,0.03864538,0.551672,0.2045045,0.2051781
300,0.0386258,0.5513663,0.2048571,0.2051508
301,0.03506302,0.5831809,0.1951948,0.1865612
302,0.03313507,0.5946972,0.1953209,0.1768469
303,0.0320887,0.598152,0.1978643,0.171895
304,0.0315087,0.5983847,0.2007036,0.169403
305,0.0311836,0.5974644,0.203137,0.1682151
306,0.03099864,0.5962599,0.2050283,0.1677132
307,0.03088989,0.5951027,0.2064477,0.1675598
308,0.03082166,0.5940899,0.2075173,0.1675712
309,0.03077427,0.5932238,0.2083518,0.1676501
310,0.03073687,0.5924754,0.2090423,0.1677454
311,0.0307039,0.5918118,0.2096509,0.1678333
312,0.03067269,0.5912061,0.2102163,0.1679049
313,0.03534894,0.5439796,0.2274094,0.1932621
314,0.03908292,0.515835,0.2320998,0.2129822
315,0.04178047,0.5003151,0.2313697,0.2265348
316,0.04357782,0.4927038,0.2287763,0.2349421
317,0.04468211,0.4896061,0.2261714,0.2395404
318,0.04530511,0.4888091,0.2242741,0.2416117
319,0.04562428,0.4890178,0.2231712,0.2421868
320,0.04577115,0.4895679,0.2226543,0.2420066
321,0.04583567,0.49018,0.2224188,0.2415655
322,0.04587344,0.4907784,0.2221911,0.2411571
323,0.04591593,0.4913732,0.2217731,0.2409378
324,0.04597779,0.4919962,0.2210588,0.2409673
325,0.04560986,0.4969942,0.2184234,0.2389725
326,0.04542531,0.5000201,0.2164602,0.2380943
327,0.04535178,0.5019993,0.214798,0.237851
328,0.04534829,0.5033984,0.21326,0.2379934
329,0.04538288,0.5044704,0.2118221,0.2383246
330,0.04543433,0.5053433,0.2105073,0.238715
331,0.04548993,0.5060783,0.2093429,0.2390889
332,0.0455427,0.5067042,0.2083458,0.2394073
333,0.0455893,0.5072368,0.2075196,0.2396543
334,0.04562922,0.5076857,0.2068525,0.2398326
335,0.04566279,0.5080606,0.2063267,0.2399498
336,0.04569072,0.5083715,0.2059228,0.240015
337,0.04606223,0.5055077,0.2066125,0.2418176
338,0.04631326,0.5040749,0.2066727,0.242939
339,0.04647637,0.5034276,0.2065173,0.2435787
340,0.04657876,0.5032004,0.2063279,0.2438929
341,0.04664049,0.5031809,0.2061847,0.2439939
342,0.04667543,0.5032509,0.2061169,0.2439568
343,0.04669273,0.5033479,0.2061295,0.2438298
344,0.04669836,0.5034419,0.2062167,0.2436431
345,0.04669616,0.5035193,0.2063688,0.2434158
346,0.04668834,0.5035762,0.2065773,0.2431581
347,0.04667646,0.5036125,0.2068334,0.2428777
348,0.04666168,0.5036297,0.2071282,0.2425804
349,0.03896314,0.5672442,0.1913757,0.202417
350,0.03520881,0.587255,0.1942419,0.1832943
351,0.03336853,0.592437,0.1997804,0.1744141
352,0.03241317,0.5924971,0.2049242,0.1701655
353,0.03190977,0.5909756,0.2088909,0.1682237
354,0.03164406,0.589211,0.2116945,0.1674504
355,0.03150271,0.5876533,0.2135926,0.1672513
356,0.03142447,0.5863944,0.2148691,0.1673121
357,0.03137647,0.5853962,0.2157579,0.1674695
358,0.03134136,0.5845879,0.2164293,0.1676415
359,0.03131042,0.5839025,0.2169963,0.1677906
360,0.03127951,0.5832897,0.2175286,0.1679023
361,0.03529324,0.5442437,0.2308625,0.1896006
362,0.03843124,0.5221483,0.2331257,0.2062947
363,0.04061145,0.5107002,0.2313371,0.2173513
364,0.04201188,0.5055881,0.228417,0.2239831
365,0.04284012,0.5038657,0.2258151,0.227479
366,0.04328523,0.503722,0.2240358,0.228957
367,0.04349506,0.5041619,0.2230798,0.2292632
368,0.04357374,0.5047148,0.222733,0.2289784
369,0.04358972,0.5052094,0.2227252,0.2284757
370,0.04358632,0.5056244,0.2228015,0.2279879
371,0.04358916,0.5059996,0.2227619,0.2276493
372,0.04361164,0.506387,0.2224754,0.227526
373,0.04421847,0.5016585,0.2236476,0.2304754
374,0.04466033,0.4994922,0.2232479,0.2325997
375,0.04498449,0.4987579,0.2220932,0.2341644
376,0.0452291,0.4988209,0.2205795,0.2353704
377,0.04542033,0.4993032,0.2189311,0.2363454
378,0.04557437,0.4999831,0.2172833,0.2371593
379,0.04570086,0.5007322,0.215721,0.2378459
380,0.0458056,0.5014765,0.2142961,0.2384218
381,0.04589243,0.5021749,0.2130362,0.2388965
382,0.04596398,0.5028062,0.2119533,0.2392765
383,0.04602259,0.5033619,0.2110449,0.2395706
384,0.04607037,0.5038412,0.2102992,0.2397892
385,0.04622437,0.503423,0.2097749,0.2405778
386,0.04633648,0.5033718,0.209172,0.2411198
387,0.04641129,0.5035012,0.2086527,0.2414349
388,0.04646056,0.5036988,0.2082458,0.2415949
389,0.04649229,0.5039064,0.2079533,0.2416479
390,0.0465117,0.504097,0.2077667,0.2416246
391,0.046522,0.5042596,0.2076749,0.2415435
392,0.04652504,0.5043918,0.2076686,0.2414146
393,0.04652185,0.5044938,0.2077412,0.2412431
394,0.0465133,0.5045677,0.207885,0.2410339
395,0.04649998,0.5046158,0.2080938,0.2407903
396,0.04648234,0.5046407,0.2083619,0.2405151
397,0.04774539,0.4951987,0.2098913,0.2471647
398,0.04865346,0.4903823,0.20909,0.2518743
399,0.04921373,0.4882756,0.2079381,0.2545726
400,0.04954176,0.4875985,0.2068871,0.2559727
401,0.04971968,0.4876058,0.2061157,0.256559
402,0.04980498,0.4878882,0.2056465,0.2566604
403,0.04983636,0.4882392,0.2054312,0.2564932
404,0.04983885,0.4885682,0.2053981,0.2561948
405,0.04982809,0.4888467,0.205475,0.2558501
406,0.04981341,0.4890762,0.205602,0.2555085
407,0.04980015,0.4892697,0.2057322,0.255198
408,0.04979121,0.4894429,0.2058325,0.2549334
409,0.04399817,0.5377129,0.1929152,0.2253737
410,0.04086602,0.5566943,0.1925663,0.2098734
411,0.03921841,0.5635328,0.1950971,0.2021516
412,0.03833281,0.5653926,0.1979534,0.1983212
413,0.03785826,0.5653045,0.2003151,0.196522
414,0.03760753,0.5645806,0.2020361,0.1957758
415,0.03747693,0.5637605,0.2032104,0.1955522
416,0.03740855,0.563035,0.2039926,0.1955639
417,0.03737027,0.562445,0.2045259,0.1956587
418,0.03734469,0.561974,0.2049216,0.1957597
419,0.03732267,0.5615901,0.2052566,0.1958306
420,0.03729966,0.5612629,0.2055809,0.1958567
421,0.03754454,0.5582654,0.2070046,0.1971855
422,0.03768253,0.5566633,0.2077556,0.1978985
423,0.03775363,0.5557759,0.2082253,0.1982451
424,0.03777811,0.5552564,0.20863,0.1983355
425,0.03777284,0.554913,0.2090495,0.1982647
426,0.03774991,0.5546482,0.2095011,0.1981008
427,0.03771766,0.5544176,0.2099729,0.1978918
428,0.03768195,0.5542052,0.2104412,0.1976717
429,0.03764699,0.5540087,0.2108784,0.1974659
430,0.03761595,0.5538325,0.2112568,0.1972948
431,0.03759116,0.5536826,0.2115526,0.1971736
432,0.03757415,0.5535651,0.2117477,0.197113
433,0.04088024,0.521548,0.2236965,0.2138753
434,0.04325265,0.5033413,0.2280948,0.2253114
435,0.04488726,0.4935552,0.2287646,0.232793
436,0.04593437,0.4887789,0.2280794,0.2372074
437,0.04657336,0.4867725,0.2270577,0.2395965
438,0.04695638,0.4861885,0.2260432,0.2408119
439,0.04719661,0.4862854,0.225052,0.241466
440,0.04737043,0.4866942,0.2239776,0.2419577
441,0.04752371,0.4872532,0.2227097,0.2425133
442,0.0476773,0.4879003,0.2212073,0.2432151
443,0.04783595,0.4886092,0.2195009,0.244054
444,0.04799496,0.4893591,0.2176789,0.244967
445,0.04812585,0.4884357,0.2181027,0.2453358
446,0.04817237,0.4879163,0.218706,0.2452053
447,0.04822207,0.4875567,0.2190463,0.2451748
448,0.0482696,0.4873212,0.219222,0.2451872
449,0.04831515,0.4871751,0.2192802,0.2452296
450,0.04835889,0.4870938,0.2192541,0.2452931
451,0.04840075,0.4870597,0.2191695,0.2453701
452,0.04844041,0.4870596,0.2190475,0.2454524
453,0.04847743,0.4870834,0.2189061,0.245533
454,0.04851176,0.4871233,0.2187567,0.2456083
455,0.04854335,0.4871731,0.218608,0.2456756
456,0.04857218,0.4872286,0.2184663,0.2457328
457,0.04822639,0.4935881,0.2134891,0.2446965
458,0.04816221,0.4977254,0.2087885,0.2453239
459,0.04809159,0.5006131,0.2056632,0.2456321
460,0.04802147,0.5026194,0.203638,0.2457211
461,0.04795831,0.5039796,0.2023779,0.2456843
462,0.04790448,0.5048727,0.2016435,0.2455793
463,0.04785907,0.5054367,0.2012714,0.2454329
464,0.04781954,0.5057737,0.2011537,0.2452531
465,0.04778299,0.5059562,0.2012216,0.2450391
466,0.04774679,0.506034,0.2014319,0.2447872
467,0.04770885,0.5060404,0.2017579,0.2444928
468,0.04766713,0.5059943,0.202189,0.2441495
469,0.04159425,0.5555638,0.1897623,0.2130796
470,0.03839541,0.5733957,0.1910699,0.197139
471,0.03673266,0.5788947,0.1951105,0.1892621
472,0.03583467,0.5796381,0.1992271,0.1853001
473,0.03534246,0.5786889,0.2026148,0.1833538
474,0.0350698,0.5773116,0.2051653,0.1824532
475,0.03491515,0.5759903,0.2070144,0.1820801
476,0.03482237,0.5748693,0.2083529,0.1819554
477,0.03476061,0.5739563,0.2093514,0.1819317
478,0.0347133,0.5732108,0.2101414,0.1819346
479,0.03467208,0.5725867,0.2108102,0.1819311
480,0.03463316,0.5720458,0.2114107,0.1819103
481,0.04072082,0.5158584,0.2295421,0.2138787
482,0.04589162,0.4797874,0.2338075,0.2405135
483,0.04982892,0.4579896,0.2323075,0.2598739
484,0.05260686,0.4459734,0.2286886,0.2727312
485,0.05441501,0.4401837,0.2250265,0.2803748
486,0.05549394,0.4380253,0.2222093,0.2842716
487,0.05607812,0.4377536,0.2203969,0.2857715
488,0.0563642,0.4383087,0.2193628,0.2859644
489,0.05650111,0.4391259,0.2187199,0.2856531
490,0.05658945,0.4399617,0.2180872,0.2853616
491,0.0566896,0.4407498,0.2171721,0.2853885
492,0.05682902,0.4415048,0.2158187,0.2858475
493,0.05802969,0.4337314,0.2165211,0.2917178
494,0.05898738,0.4294347,0.2151515,0.2964263
495,0.05972923,0.427327,0.2128376,0.3001062
496,0.06029214,0.4265792,0.2102126,0.302916
497,0.06071233,0.4266268,0.2076454,0.3050154
498,0.0610215,0.4270957,0.2053365,0.3065463
499,0.0612464,0.4277469,0.2033748,0.3076319
500,0.06140851,0.4284366,0.2017796,0.3083753
501,0.06152476,0.4290851,0.2005289,0.3088612
502,0.06160875,0.4296541,0.1995751,0.3091621
503,0.06167038,0.4301324,0.1988645,0.3093328
504,0.06171664,0.4305241,0.1983458,0.3094134
505,0.05850654,0.4561149,0.1921142,0.2932644
506,0.05637576,0.4696786,0.1911919,0.2827536
507,0.05508872,0.4762805,0.1920159,0.2766149
508,0.05433052,0.4792247,0.1932944,0.2731504
509,0.05389522,0.4803338,0.1945061,0.2712648
510,0.0536526,0.4805831,0.1954848,0.2702796
511,0.05352188,0.4804762,0.1962175,0.2697845
512,0.05345385,0.4802592,0.1967482,0.2695387
513,0.05341915,0.4800418,0.1971335,0.2694057
514,0.05340066,0.4798644,0.1974251,0.2693099
515,0.05338879,0.4797347,0.1976634,0.2692131
516,0.05337845,0.4796469,0.1978763,0.2690983
517,0.05721602,0.4485101,0.2061574,0.2881165
518,0.06018012,0.4289322,0.208535,0.3023526
519,0.06231448,0.4170788,0.2084738,0.3121329
520,0.06377008,0.4103074,0.2075396,0.3183829
521,0.06470787,0.4067304,0.2065271,0.3220346
522,0.06527627,0.4050507,0.2057618,0.3239112
523,0.06559855,0.4044216,0.2053068,0.3246731
524,0.06576917,0.4043244,0.2050964,0.3248101
525,0.06585556,0.4044646,0.2050185,0.3246613
526,0.06590284,0.4046918,0.2049613,0.3244439
527,0.06593893,0.4049395,0.2048367,0.3242848
528,0.06597921,0.4051862,0.2045892,0.3242453
529,0.06801178,0.3904889,0.2074177,0.3340816
530,0.06962468,0.38105,0.2075724,0.3417529
531,0.0708132,0.3752727,0.2066737,0.3472404
532,0.0716632,0.3719266,0.205376,0.3510342
533,0.07225648,0.370141,0.2040202,0.3535823
534,0.07266408,0.369315,0.2027599,0.355261
535,0.0729428,0.369049,0.2016473,0.3563609
536,0.07313502,0.3690883,0.2006856,0.3570912
537,0.07327064,0.3692775,0.1998587,0.3575932
538,0.0733698,0.3695273,0.1991458,0.3579571
539,0.07344544,0.3697896,0.1985279,0.3582371
540,0.07350556,0.3700407,0.1979899,0.3584638
541,0.06713848,0.4174141,0.1881286,0.3273189
542,0.06282272,0.4434238,0.1871225,0.306631
543,0.06029833,0.4558932,0.1887878,0.2950207
544,0.05885139,0.4614781,0.190912,0.2887585
545,0.05803704,0.4636907,0.1927378,0.2855344
546,0.05758914,0.4643323,0.1940935,0.2839851
547,0.05734975,0.4643075,0.1950217,0.2833211
548,0.05722579,0.4640523,0.1956274,0.2830945
549,0.05716311,0.4637613,0.196017,0.2830586
550,0.05713094,0.4635079,0.1962774,0.2830837
551,0.05711229,0.4633097,0.1964718,0.2831062
552,0.05709819,0.4631609,0.1966427,0.2830983
553,0.05902732,0.4485794,0.1995548,0.2928384
554,0.06046918,0.4399211,0.1996379,0.2999718
555,0.06144742,0.435103,0.1988456,0.3046039
556,0.06207587,0.4326442,0.1978799,0.3074
557,0.06245531,0.4315521,0.1970649,0.3089278
558,0.06266674,0.4311929,0.196511,0.3096294
559,0.06277065,0.4311855,0.196219,0.3098248
560,0.0628094,0.431316,0.1961426,0.309732
561,0.06281124,0.4314758,0.1962216,0.3094914
562,0.06279422,0.4316172,0.1963986,0.3091899
563,0.06276945,0.4317262,0.1966257,0.3088786
564,0.06274346,0.4318043,0.1968658,0.3085865
565,0.06006174,0.4523638,0.1921831,0.2953914
566,0.05825722,0.4635208,0.1914794,0.2867425
567,0.05714183,0.4691366,0.1921174,0.2816041
568,0.05647338,0.4717561,0.1930785,0.2786921
569,0.05608556,0.4728319,0.193947,0.2771355
570,0.055869,0.4731632,0.1945962,0.2763717
571,0.05575383,0.4731717,0.1950251,0.2760494
572,0.05569657,0.4730679,0.1952784,0.2759571
573,0.05567085,0.4729475,0.1954093,0.2759723
574,0.05566123,0.4728471,0.1954642,0.2760274
575,0.05565892,0.4727753,0.1954781,0.2760876
576,0.05565922,0.4727288,0.1954753,0.2761367
577,0.05689821,0.4632563,0.1974994,0.282346
578,0.05780171,0.4578435,0.1975651,0.2867897
579,0.05840238,0.4549694,0.1970018,0.2896264
580,0.05878315,0.4535975,0.196292,0.2913274
581,0.05901233,0.4530615,0.1956574,0.2922687
582,0.05914224,0.4529533,0.1951742,0.2927303
583,0.0592103,0.4530371,0.1948455,0.2929072
584,0.05924188,0.4531862,0.1946443,0.2929275
585,0.05925331,0.4533396,0.194536,0.292871
586,0.05925462,0.4534725,0.1944885,0.2927845
587,0.05925164,0.4535788,0.1944762,0.2926933
588,0.05924765,0.4536611,0.1944808,0.2926105
589,0.05834423,0.460449,0.1931486,0.2880581
590,0.05772297,0.464171,0.1931034,0.2850026
591,0.05733148,0.4660672,0.1934497,0.2831516
592,0.05709405,0.4669521,0.1938671,0.2820868
593,0.0569559,0.4673075,0.1942244,0.2815123
594,0.05687928,0.4674065,0.1944856,0.2812287
595,0.05683932,0.4673957,0.194657,0.281108
596,0.05682018,0.4673488,0.1947596,0.2810714
597,0.05681222,0.467299,0.1948155,0.2810732
598,0.05680967,0.4672586,0.1948445,0.2810872
599,0.05680928,0.4672296,0.194861,0.2811001
600,0.05680931,0.4672102,0.194875,0.2811055
601,0.05446394,0.485519,0.1904221,0.269595
602,0.05293666,0.4948041,0.1899658,0.2622934
603,0.05201343,0.4991232,0.1907929,0.2580705
604,0.05146826,0.5008786,0.1919267,0.2557264
605,0.05115389,0.5013815,0.1929737,0.2544909
606,0.05097675,0.5013244,0.193815,0.2538839
607,0.05087864,0.5010568,0.1944501,0.2536145
608,0.05082409,0.5007431,0.1949218,0.253511
609,0.05079203,0.500451,0.1952808,0.2534763
610,0.05077043,0.5002007,0.1955709,0.2534579
611,0.05075263,0.4999922,0.1958251,0.2534301
612,0.05073517,0.4998173,0.1960663,0.2533812
613,0.05356533,0.4766305,0.2024517,0.2673525
614,0.05566439,0.4628826,0.2040264,0.2774266
615,0.057106,0.4551416,0.2037162,0.2840362
616,0.05803951,0.4511246,0.2027906,0.2880452
617,0.05860609,0.4492849,0.2018715,0.2902375
618,0.05892426,0.4486266,0.2011996,0.2912496
619,0.05908485,0.4485476,0.2008124,0.2915551
620,0.05915273,0.4487104,0.2006544,0.2914825
621,0.05917165,0.4489431,0.2006385,0.2912468
622,0.05916974,0.4491702,0.2006788,0.2909813
623,0.05916399,0.4493678,0.2007057,0.2907625
624,0.05916378,0.4495364,0.200671,0.2906288
625,0.05842838,0.4555036,0.1990959,0.2869721
626,0.05792974,0.4588737,0.1986262,0.2845702
627,0.05762722,0.4606866,0.1984886,0.2831976
628,0.0574594,0.4616219,0.1984018,0.282517
629,0.05737939,0.4620883,0.1982578,0.2822745
630,0.05735336,0.4623207,0.1980366,0.2822895
631,0.05735815,0.4624459,0.197756,0.2824398
632,0.05737859,0.4625282,0.1974454,0.2826478
633,0.05740529,0.462596,0.1971324,0.2828663
634,0.05743274,0.4626594,0.1968382,0.2830697
635,0.05745798,0.4627202,0.1965767,0.2832451
636,0.0574796,0.462777,0.1963555,0.2833879
637,0.05606471,0.4741413,0.1932546,0.2765393
638,0.05510994,0.4802217,0.1926342,0.2720341
639,0.05451346,0.4832435,0.1929059,0.2693371
640,0.05415235,0.4845949,0.1934554,0.2677974
641,0.05393986,0.4850815,0.1940155,0.2669631
642,0.05381773,0.4851525,0.194493,0.2665368
643,0.05374832,0.4850469,0.1948737,0.2663311
644,0.05370808,0.4848843,0.1951748,0.2662329
645,0.05368281,0.4847182,0.1954217,0.2661773
646,0.05366427,0.4845693,0.1956375,0.2661289
647,0.05364793,0.484442,0.1958394,0.2660706
648,0.05363149,0.4843342,0.1960387,0.2659955
649,0.05448163,0.4771733,0.1982364,0.2701087
650,0.05507036,0.4730972,0.1989906,0.2728417
651,0.05545106,0.4708799,0.199161,0.2745081
652,0.05568252,0.469754,0.1991346,0.2754289
653,0.05581357,0.4692344,0.1990858,0.2758662
654,0.05588109,0.4690305,0.1990747,0.2760137
655,0.05591114,0.4689781,0.1991055,0.2760052
656,0.05592126,0.4689908,0.1991595,0.2759285
657,0.05592272,0.469027,0.1992125,0.2758378
658,0.0559224,0.4690697,0.1992428,0.2757652
659,0.05592418,0.4691142,0.1992345,0.2757271
660,0.05592999,0.4691607,0.1991789,0.2757303
661,0.05496559,0.4770033,0.1969822,0.2710488
662,0.05431952,0.4812202,0.19645,0.2680103
663,0.05392167,0.4833537,0.1964839,0.2662407
664,0.0536893,0.4843482,0.1966643,0.2652982
665,0.0535625,0.4847546,0.196816,0.264867
666,0.05350008,0.48488,0.1968861,0.2647338
667,0.053475,0.4848869,0.1968764,0.2647617
668,0.05347019,0.4848551,0.1968082,0.2648665
669,0.05347523,0.4848195,0.1967063,0.264999
670,0.05348397,0.4847923,0.1965924,0.2651314
671,0.053493,0.4847745,0.1964828,0.2652497
672,0.05350061,0.4847633,0.1963884,0.2653476
673,0.05659127,0.4602776,0.2025618,0.2805693
674,0.05893774,0.4454001,0.2038,0.2918622
675,0.06058929,0.4367857,0.2031164,0.2995085
676,0.06169315,0.4321564,0.2017871,0.3043633
677,0.06239285,0.4299329,0.2004496,0.3072247
678,0.0628124,0.4290681,0.1993617,0.3087577
679,0.0630492,0.4289056,0.1985769,0.3094684
680,0.06317414,0.4290596,0.1980526,0.3097136
681,0.06323566,0.429322,0.1977144,0.309728
682,0.06326479,0.4295925,0.1974876,0.3096551
683,0.06328032,0.4298316,0.1973117,0.3095765
684,0.06329271,0.4300308,0.1971442,0.3095323
685,0.06063013,0.4503883,0.1925075,0.2964741
686,0.05883318,0.4614159,0.191871,0.28788
687,0.05773845,0.4669086,0.1924732,0.2828798
688,0.05709521,0.4694293,0.1933408,0.2801346
689,0.05673273,0.47043,0.194091,0.2787462
690,0.05653904,0.4707048,0.1946206,0.2781357
691,0.05644285,0.4706697,0.1949448,0.2779428
692,0.05640015,0.4705302,0.1951172,0.2779524
693,0.05638471,0.4703786,0.1951941,0.2780426
694,0.05638167,0.4702483,0.1952202,0.2781499
695,0.05638292,0.4701459,0.1952277,0.2782434
696,0.0563844,0.4700677,0.1952371,0.2783108
697,0.05679388,0.467021,0.1957668,0.2804182
698,0.0570866,0.4653431,0.1956629,0.2819074
699,0.05727196,0.4645014,0.1954123,0.2828144
700,0.0573824,0.4641291,0.1951638,0.2833247
701,0.0574428,0.4640023,0.1949786,0.2835763
702,0.05747126,0.4639904,0.1948708,0.2836676
703,0.05748029,0.4640223,0.1948326,0.2836648
704,0.05747814,0.4640628,0.1948485,0.2836106
705,0.05746999,0.4640971,0.1949017,0.2835312
706,0.0574591,0.4641206,0.1949775,0.2834428
707,0.05744744,0.4641341,0.1950638,0.2833547
708,0.05743613,0.46414,0.1951514,0.2832724
709,0.05684039,0.4683003,0.1946388,0.2802205
710,0.05641683,0.4704694,0.1950561,0.2780577
711,0.05615209,0.4714525,0.1956477,0.2767477
712,0.05599272,0.4718078,0.1962093,0.2759902
713,0.05590143,0.4718564,0.1966603,0.2755819
714,0.05585269,0.4717761,0.1969847,0.2753865
715,0.05582962,0.4716586,0.1971956,0.2753162
716,0.05582156,0.4715464,0.1973157,0.2753164
717,0.05582188,0.4714553,0.1973687,0.2753541
718,0.05582644,0.4713885,0.1973761,0.275409
719,0.05583286,0.4713432,0.1973544,0.2754696
720,0.05583981,0.4713143,0.1973159,0.27553
721,0.05457159,0.4817901,0.1941493,0.269489
722,0.05372588,0.4874059,0.1932673,0.2656009
723,0.05319352,0.4902447,0.1932923,0.2632695
724,0.05286968,0.4915515,0.1936286,0.2619503
725,0.05267866,0.4920555,0.1940125,0.2612535
726,0.05256904,0.492166,0.1943457,0.2609193
727,0.0525074,0.4921021,0.1946073,0.2607831
728,0.0524727,0.4919747,0.1948078,0.2607448
729,0.05245211,0.491835,0.1949669,0.260746
730,0.05243809,0.4917032,0.1951038,0.2607549
731,0.05242645,0.4915846,0.1952337,0.2607552
732,0.05241497,0.4914782,0.1953668,0.2607399
733,0.05372508,0.4807757,0.1982978,0.2672015
734,0.05465132,0.4746945,0.199023,0.2716311
735,0.05525979,0.4714187,0.1989145,0.274407
736,0.05563828,0.4697904,0.1985539,0.2760174
737,0.05585983,0.4690729,0.1982093,0.2768579
738,0.05598007,0.4688215,0.1979763,0.2772221
739,0.05603846,0.4687838,0.1978647,0.2773131
740,0.05606155,0.4688269,0.1978481,0.2772634
741,0.05606642,0.468888,0.19789,0.2771555
742,0.05606366,0.468942,0.1979553,0.2770391
743,0.05605948,0.4689832,0.1980162,0.2769411
744,0.05605723,0.4690141,0.1980538,0.2768748
745,0.0564313,0.4658538,0.1991207,0.2785942
746,0.05669762,0.4640441,0.1994791,0.2797793
747,0.05688176,0.4630558,0.1994856,0.2805769
748,0.05700643,0.4625638,0.1993287,0.281101
749,0.05709098,0.4623579,0.199102,0.2814491
750,0.05714979,0.4623091,0.1988493,0.2816917
751,0.05719277,0.4623419,0.1985897,0.2818757
752,0.05722625,0.4624137,0.1983308,0.2820292
753,0.05725415,0.4625022,0.1980753,0.2821684
754,0.05727876,0.4625957,0.1978241,0.2823015
755,0.05730125,0.4626889,0.1975783,0.2824315
756,0.05732213,0.4627796,0.1973395,0.2825587
757,0.05844363,0.4541663,0.199353,0.2880372
758,0.05925813,0.4491414,0.1996908,0.2919097
759,0.05981231,0.4463674,0.1993705,0.2944497
760,0.0601749,0.4449564,0.1988334,0.2960352
761,0.06040436,0.4443287,0.1982872,0.2969797
762,0.0605459,0.4441234,0.1978118,0.2975189
763,0.06063196,0.4441278,0.197423,0.2978173
764,0.06068461,0.444223,0.1971099,0.2979825
765,0.0607181,0.4443475,0.1968536,0.2980808
766,0.06074113,0.444473,0.1966354,0.2981506
767,0.06075878,0.4445885,0.1964407,0.298212
768,0.06077387,0.444692,0.1962592,0.2982748
769,0.05927562,0.4567473,0.1928973,0.2910799
770,0.05824572,0.4634885,0.1919925,0.2862733
771,0.05759176,0.4670298,0.1920234,0.2833551
772,0.05719172,0.4687626,0.1923623,0.2816834
773,0.05695577,0.4695228,0.1927299,0.2807916
774,0.05682191,0.469791,0.1930238,0.2803633
775,0.05674921,0.4698315,0.1932243,0.280195
776,0.05671163,0.4697819,0.1933448,0.2801616
777,0.0566932,0.469708,0.1934087,0.2801901
778,0.05668437,0.4696383,0.1934383,0.280239
779,0.0566797,0.4695817,0.1934512,0.2802874
780,0.0566763,0.4695388,0.1934594,0.2803254
781,0.05431063,0.4878849,0.189056,0.2687486
782,0.05277617,0.4971512,0.1886187,0.2614539
783,0.05184798,0.5014477,0.1894586,0.2572457
784,0.05129842,0.5031851,0.1905998,0.2549167
785,0.05097981,0.5036755,0.191649,0.2536956
786,0.05079878,0.5036107,0.1924861,0.2531045
787,0.05069745,0.503339,0.1931089,0.2528547
788,0.05064074,0.5030236,0.1935585,0.2527773
789,0.05060788,0.502731,0.1938842,0.252777
790,0.05058694,0.5024815,0.1941291,0.2528024
791,0.05057134,0.5022749,0.1943256,0.2528282
792,0.05055771,0.502103,0.1944958,0.2528434
793,0.05194699,0.4907514,0.1974919,0.2598097
794,0.05293067,0.4844153,0.1980246,0.2646295
795,0.05357452,0.4810956,0.1976684,0.2676615
796,0.05397473,0.4795231,0.1970561,0.2694461
797,0.05421016,0.4788985,0.1964774,0.2704139
798,0.05434019,0.4787448,0.1960339,0.2708811
799,0.05440663,0.4787951,0.1957341,0.2710641
800,0.05443726,0.4789118,0.1955483,0.2711027
801,0.05444965,0.479031,0.1954374,0.2710819
802,0.05445428,0.4791293,0.1953662,0.2710502
803,0.05445708,0.4792026,0.1953078,0.2710326
804,0.05446109,0.4792545,0.1952442,0.2710402
805,0.05566589,0.4698234,0.1975241,0.2769866
806,0.05653477,0.4644346,0.1978573,0.2811733
807,0.05712067,0.461536,0.1974448,0.2838985
808,0.05750164,0.4601158,0.1967873,0.2855953
809,0.05774225,0.459525,0.196121,0.2866117
810,0.0578914,0.4593666,0.1955375,0.2872044
811,0.05798365,0.4594116,0.195056,0.2875488
812,0.05804207,0.4595352,0.1946648,0.2877579
813,0.05808122,0.4596756,0.1943436,0.2878995
814,0.05810961,0.4598062,0.1940741,0.28801
815,0.05813202,0.459918,0.1938426,0.2881075
816,0.05815096,0.4600101,0.1936397,0.2881992
817,0.05648228,0.4731193,0.1904178,0.2799806
818,0.05536314,0.4800812,0.1899421,0.2746136
819,0.05467156,0.4834974,0.1903857,0.2714454
820,0.0542578,0.4850011,0.1910715,0.2696697
821,0.05401824,0.4855276,0.1917161,0.268738
822,0.05388434,0.4855922,0.1922285,0.2682949
823,0.0538122,0.4854658,0.1926037,0.2681183
824,0.05377447,0.4852815,0.1928693,0.2680748
825,0.05375466,0.4850987,0.1930596,0.268087
826,0.0537433,0.4849382,0.1932047,0.2681139
827,0.05373511,0.4848031,0.1933275,0.2681343
828,0.05372732,0.4846896,0.193444,0.2681391
829,0.05557923,0.4698229,0.1972825,0.2773154
830,0.05692948,0.4611292,0.1981081,0.2838333
831,0.05784208,0.4563121,0.1977906,0.2880552
832,0.05842766,0.4538497,0.1971162,0.2906065
833,0.05878302,0.4527377,0.1964618,0.2920175
834,0.05898486,0.4523454,0.1959732,0.2926965
835,0.05908944,0.4522996,0.1956767,0.2929343
836,0.05913563,0.4523938,0.195545,0.2929255
837,0.05914896,0.4525244,0.1955328,0.2927938
838,0.05914567,0.4526452,0.1955944,0.2926148
839,0.05913549,0.4527411,0.195692,0.2924314
840,0.05912412,0.452812,0.195797,0.2922668
841,0.05892913,0.4542589,0.1956026,0.2912093
842,0.05879342,0.4550841,0.1956382,0.2904842
843,0.05870742,0.4555318,0.1957285,0.2900323
844,0.05865686,0.4557649,0.1958065,0.2897717
845,0.0586306,0.4558837,0.1958455,0.2896402
846,0.05862036,0.4559469,0.19584,0.2895928
847,0.05862032,0.4559871,0.1957949,0.2895978
848,0.05862645,0.4560209,0.1957185,0.2896341
849,0.05863604,0.456056,0.1956205,0.2896874
850,0.05864732,0.456095,0.1955093,0.2897485
851,0.05865911,0.4561376,0.195392,0.2898113
852,0.05867065,0.4561831,0.1952745,0.2898717
853,0.05543608,0.4817097,0.1887548,0.2740993
854,0.05335741,0.4946164,0.1877882,0.2642379
855,0.05211817,0.5006192,0.1886412,0.2586214
856,0.05139368,0.5031037,0.1899565,0.2555461
857,0.05097894,0.50388,0.1911917,0.2539494
858,0.05074689,0.5038912,0.1921779,0.2531841
859,0.05061979,0.5036094,0.1929064,0.2528643
860,0.0505508,0.5032567,0.193427,0.2527655
861,0.05051232,0.5029252,0.1938014,0.2527612
862,0.05048859,0.5026437,0.1940836,0.252784
863,0.05047091,0.5024133,0.1943155,0.2528003
864,0.05045466,0.5022246,0.1945257,0.252795
865,0.05526475,0.4626563,0.2055548,0.2765242
866,0.05905132,0.4374068,0.2088657,0.2946762
867,0.06183373,0.421864,0.2088367,0.3074655
868,0.06376428,0.412835,0.2075466,0.3158541
869,0.06502576,0.4079789,0.2060868,0.3209084
870,0.0657981,0.4056457,0.2049308,0.3236254
871,0.06623758,0.4047296,0.2041962,0.3248367
