EwEVersion,"6.5.13829.0 (compiled 2016-05-17)"
Date,"2016-09-06 16:27:34"
ModelName,Baltic_Proper-SEALS
EcosimScenario,Proper1_SealVuln100_19742100_seal0_cofF03
TimeSeries,new_data_weights_19742100_BAU_WAR1_codF03_seal100
StartYear,1974

Data,"Prey of Acartia sp"

TimeStep,"Cyanobacteria","Phytoplankton","microzooplankton","Detritus-water column",
1,0.04394566,0.4587057,0.1890948,0.3082538
2,0.04065174,0.4814015,0.1915262,0.2864206
3,0.03890169,0.4892606,0.1962595,0.2755782
4,0.03794188,0.4911174,0.2007448,0.2701958
5,0.0374104,0.4906536,0.2042705,0.2676655
6,0.03711491,0.4894504,0.206808,0.2666267
7,0.03694871,0.4881553,0.2085525,0.2663435
8,0.03685171,0.4869973,0.2097357,0.2664154
9,0.03679014,0.4860257,0.2105572,0.266627
10,0.03674531,0.4852207,0.2111675,0.2668664
11,0.03670709,0.4845434,0.2116713,0.2670782
12,0.03667014,0.4839561,0.212137,0.2672367
13,0.03723703,0.47719,0.213836,0.271737
14,0.03760065,0.4737921,0.2139589,0.2746484
15,0.03780522,0.4721584,0.2137521,0.2762842
16,0.03790589,0.4713916,0.2135984,0.2771041
17,0.03794045,0.4710136,0.213635,0.277411
18,0.03793459,0.4707833,0.2138752,0.277407
19,0.0379053,0.4705903,0.2142792,0.2772251
20,0.03786375,0.4703922,0.2147902,0.2769538
21,0.03781743,0.4701794,0.2153495,0.2766536
22,0.03777155,0.4699568,0.2159024,0.2763692
23,0.03772985,0.4697342,0.2164015,0.2761345
24,0.03769502,0.4695218,0.2168079,0.2759753
25,0.03426526,0.5040089,0.2107146,0.2510113
26,0.03236579,0.5160368,0.2140065,0.2375909
27,0.03137812,0.5193012,0.2180539,0.2312668
28,0.0308461,0.5193328,0.2214599,0.2283612
29,0.03056454,0.5183073,0.2238341,0.2272941
30,0.03041968,0.5170907,0.2252951,0.2271945
31,0.03034733,0.5159852,0.2260927,0.2275748
32,0.03031154,0.5150591,0.2264635,0.2281659
33,0.03029262,0.5142942,0.2265885,0.2288246
34,0.03027974,0.5136489,0.2265972,0.2294741
35,0.03026743,0.5130824,0.226572,0.2300782
36,0.03025313,0.5125634,0.2265615,0.230622
37,0.03094405,0.5038384,0.2288121,0.2364055
38,0.03138728,0.49967,0.2287516,0.2401912
39,0.03164776,0.4977755,0.2280981,0.2424786
40,0.03178926,0.496953,0.2274489,0.2438089
41,0.03185616,0.4965828,0.227014,0.244547
42,0.03187812,0.4963667,0.2268225,0.2449326
43,0.03187415,0.4961762,0.2268329,0.2451169
44,0.03185602,0.495965,0.2269864,0.2451926
45,0.0318309,0.4957247,0.2272288,0.2452156
46,0.03180355,0.4954616,0.22751,0.2452248
47,0.03177688,0.4951869,0.2277915,0.2452447
48,0.03175272,0.4949111,0.2280445,0.2452917
49,0.03247744,0.4859544,0.2305451,0.2510231
50,0.03295469,0.48169,0.2305834,0.2547719
51,0.03324689,0.4798281,0.2298992,0.2570257
52,0.03342063,0.4791375,0.2290812,0.2583606
53,0.0335222,0.4789712,0.2283447,0.2591618
54,0.03358248,0.4790098,0.2277284,0.2596793
55,0.03362081,0.4791077,0.2272067,0.2600649
56,0.03364861,0.479207,0.2267407,0.2604037
57,0.03367214,0.4792896,0.2262989,0.2607394
58,0.03369404,0.4793537,0.2258677,0.2610846
59,0.03371528,0.4794017,0.2254435,0.2614395
60,0.0337359,0.4794364,0.22503,0.2617976
61,0.03403205,0.4756459,0.2262464,0.2640757
62,0.03421653,0.4737741,0.2265789,0.2654304
63,0.03434255,0.4728589,0.2264214,0.2663772
64,0.03442529,0.4724514,0.226107,0.2670164
65,0.03447981,0.4722949,0.2257632,0.2674622
66,0.03451665,0.4722536,0.2254368,0.2677929
67,0.03454266,0.4722598,0.2251404,0.2680571
68,0.03456198,0.4722808,0.2248749,0.2682823
69,0.03457702,0.4723022,0.2246384,0.2684824
70,0.03458934,0.4723182,0.2244262,0.2686664
71,0.03459973,0.4723273,0.2242356,0.2688375
72,0.0346086,0.4723294,0.2240652,0.2689967
73,0.03262585,0.4942941,0.2193491,0.253731
74,0.03146603,0.5027468,0.2207093,0.2450779
75,0.03081843,0.5054564,0.2231152,0.24061
76,0.03045456,0.5058123,0.2253386,0.2383946
77,0.03025031,0.5053021,0.2270411,0.2374064
78,0.03013469,0.5045592,0.2282381,0.2370681
79,0.03006675,0.5038275,0.2290534,0.2370524
80,0.03002316,0.5031803,0.2296201,0.2371765
81,0.02999083,0.5026217,0.2300463,0.2373412
82,0.02996263,0.5021331,0.2304095,0.2374947
83,0.02993486,0.5016928,0.2307602,0.2376121
84,0.02990571,0.5012829,0.2311281,0.2376832
85,0.02994862,0.500933,0.2305879,0.2385304
86,0.0299815,0.5007853,0.2299438,0.2392894
87,0.02997911,0.5007199,0.2296601,0.2396408
88,0.02996028,0.5006287,0.2296225,0.2397886
89,0.02993155,0.500487,0.2297792,0.2398022
90,0.02989605,0.500297,0.2300906,0.2397164
91,0.02985552,0.5000683,0.2305242,0.2395521
92,0.02981115,0.499812,0.2310522,0.2393246
93,0.02976395,0.4995384,0.2316494,0.2390482
94,0.02971507,0.4992558,0.2322905,0.2387386
95,0.02966595,0.4989716,0.2329481,0.2384144
96,0.02961832,0.4986922,0.2335917,0.2380978
97,0.0291209,0.5041299,0.2324661,0.2342831
98,0.02881161,0.5062944,0.2328281,0.2320659
99,0.02862099,0.5069795,0.2335572,0.2308423
100,0.02850849,0.5070236,0.234192,0.2302758
101,0.02844643,0.506831,0.2345869,0.2301356
102,0.02841712,0.5065818,0.2347261,0.2302749
103,0.02840916,0.506346,0.2346461,0.2305987
104,0.02841505,0.5061422,0.2344002,0.2310426
105,0.02842966,0.505967,0.2340426,0.2315608
106,0.0284492,0.50581,0.2336242,0.2321166
107,0.02847075,0.5056607,0.2331878,0.2326808
108,0.02849211,0.5055108,0.2327669,0.2332302
109,0.02939289,0.4947212,0.2349527,0.2409333
110,0.03000434,0.4897247,0.2341204,0.2461506
111,0.03038483,0.4876831,0.2326201,0.2493119
112,0.03061501,0.4870412,0.2311705,0.2511733
113,0.03074966,0.4869916,0.230033,0.2522256
114,0.0308258,0.4871421,0.2292393,0.2527928
115,0.03086722,0.4873195,0.2287346,0.2530787
116,0.03088859,0.4874607,0.2284439,0.2532068
117,0.03089864,0.4875525,0.2282994,0.2532494
118,0.03090241,0.4876009,0.2282501,0.2532467
119,0.0309028,0.4876167,0.2282592,0.2532213
120,0.03090147,0.4876111,0.2283013,0.2531862
121,0.03058375,0.4911259,0.2277655,0.2505249
122,0.0303775,0.4925514,0.228262,0.2488092
123,0.03025803,0.4929927,0.228872,0.2478773
124,0.0301883,0.4930174,0.2294166,0.2473776
125,0.03014807,0.4928878,0.229835,0.2471292
126,0.03012498,0.4927207,0.2301311,0.2470232
127,0.03011155,0.492563,0.2303305,0.246995
128,0.03010337,0.4924285,0.230461,0.2470072
129,0.03009798,0.4923175,0.2305456,0.2470389
130,0.03009398,0.492226,0.2306007,0.2470793
131,0.03009066,0.4921491,0.2306378,0.2471224
132,0.03008759,0.4920832,0.2306641,0.2471651
133,0.03245622,0.4607641,0.2410466,0.2657331
134,0.03410712,0.4439659,0.2441227,0.2778043
135,0.03522212,0.4355256,0.2438833,0.2853689
136,0.03592051,0.4317521,0.2428016,0.2895258
137,0.03633386,0.430389,0.2418065,0.2914706
138,0.03656864,0.4301667,0.2411319,0.2921327
139,0.03670169,0.4304276,0.240712,0.2921587
140,0.03678399,0.4308631,0.2403916,0.2919613
141,0.03684702,0.4313464,0.2400241,0.2917826
142,0.03690948,0.4318347,0.2394982,0.2917576
143,0.03698118,0.4323211,0.2387499,0.2919478
144,0.03706646,0.4328104,0.2377527,0.2923705
145,0.03392563,0.4711135,0.2270038,0.2679571
146,0.03223823,0.4863745,0.2258536,0.2555336
147,0.03135712,0.4923238,0.2266227,0.2496963
148,0.03089502,0.4943737,0.2275913,0.24714
149,0.0306543,0.4948366,0.2283037,0.2462054
150,0.0305302,0.4947129,0.2287173,0.2460396
151,0.03046653,0.4944166,0.2289086,0.2462083
152,0.03043335,0.4941018,0.228968,0.2464967
153,0.03041476,0.4938136,0.228968,0.2468036
154,0.0304024,0.4935559,0.2289586,0.2470831
155,0.03039188,0.4933197,0.228972,0.2473164
156,0.0303809,0.4930949,0.2290272,0.2474971
157,0.03591325,0.4244441,0.2478697,0.2917729
158,0.04065259,0.3798555,0.2510135,0.3284785
159,0.04437871,0.3521961,0.2476688,0.3557564
160,0.04711461,0.3361144,0.2424284,0.3743427
161,0.0489948,0.3275612,0.2376478,0.3857963
162,0.05020374,0.3236247,0.2342333,0.3919383
163,0.05092917,0.322316,0.2322779,0.3944769
164,0.05133396,0.3223678,0.2314841,0.3948141
165,0.05154479,0.3230414,0.2314225,0.3939913
166,0.05165258,0.3239494,0.2316742,0.3927239
167,0.05171857,0.3249121,0.2318972,0.391472
168,0.05178119,0.3258604,0.231853,0.3905054
169,0.04780003,0.3701906,0.222041,0.3599684
170,0.04542416,0.3920171,0.2198949,0.3426638
171,0.04434928,0.4023005,0.2170714,0.3362788
172,0.04383363,0.4077516,0.2142759,0.3341389
173,0.04357368,0.4107883,0.2120822,0.3335557
174,0.0434528,0.4125622,0.2103499,0.3336351
175,0.04340393,0.4136642,0.2090256,0.3339062
176,0.04339027,0.4144007,0.2080569,0.3341521
177,0.04339276,0.41493,0.207381,0.3342963
178,0.04340214,0.4153341,0.2069343,0.3343294
179,0.04341395,0.4156577,0.2066618,0.3342667
180,0.04342597,0.4159269,0.2065204,0.3341267
181,0.04220776,0.4297152,0.2033052,0.3247718
182,0.04142166,0.4365282,0.2032194,0.3188306
183,0.04093865,0.4397061,0.2041139,0.3152414
184,0.04064674,0.4410425,0.2052236,0.3130871
185,0.0404721,0.4414963,0.2062549,0.3117767
186,0.04036735,0.4415626,0.2071298,0.3109402
187,0.04030269,0.4414857,0.2078602,0.3103514
188,0.04025964,0.4413772,0.2084888,0.3098744
189,0.04022697,0.4412822,0.2090618,0.3094291
190,0.04019806,0.4412135,0.209618,0.3089705
191,0.040169,0.4411701,0.2101873,0.3084736
192,0.04013759,0.4411464,0.2107908,0.3079252
193,0.03938428,0.4492302,0.20938,0.3020055
194,0.03888844,0.4530815,0.2099059,0.2981242
195,0.03856783,0.454784,0.2110558,0.2955923
196,0.03836002,0.4554161,0.2123172,0.2939066
197,0.03822276,0.4555538,0.2134893,0.2927341
198,0.03812899,0.4554915,0.214511,0.2918684
199,0.03806204,0.4553716,0.2153777,0.2911885
200,0.03801207,0.4552572,0.2161031,0.2906276
201,0.03797363,0.4551719,0.216702,0.2901525
202,0.037944,0.455121,0.2171839,0.2897511
203,0.03792201,0.4551025,0.2175541,0.2894214
204,0.0379072,0.4551122,0.2178152,0.2891653
205,0.04102196,0.4205553,0.2261108,0.312312
206,0.04337997,0.400734,0.2266718,0.3292142
207,0.04503699,0.3900585,0.2245035,0.340401
208,0.04614291,0.3848941,0.2216782,0.3472849
209,0.04685022,0.3828491,0.2190982,0.3512024
210,0.04729101,0.3824321,0.2170217,0.3532552
211,0.04756681,0.3827732,0.2154065,0.3542535
212,0.04774882,0.3834043,0.2141051,0.3547418
213,0.04788288,0.3840981,0.212967,0.355052
214,0.04799434,0.384764,0.2118974,0.3553441
215,0.04809592,0.3853749,0.2108496,0.3556796
216,0.04819249,0.3859303,0.2098161,0.3560611
217,0.0444019,0.4265579,0.2007575,0.3282827
218,0.04215796,0.4448633,0.2005583,0.3124205
219,0.0408973,0.452602,0.2025163,0.3039844
220,0.04019001,0.4554935,0.2047272,0.2995894
221,0.03979816,0.4562407,0.2065608,0.2974003
222,0.03958561,0.4561232,0.2078972,0.296394
223,0.03947352,0.4557269,0.2088017,0.2959978
224,0.03941623,0.4552997,0.2093888,0.2958953
225,0.03938761,0.4549302,0.2097674,0.2959149
226,0.03937286,0.4546363,0.2100241,0.2959667
227,0.03936382,0.4544089,0.2102212,0.2960061
228,0.03935617,0.4542306,0.2104005,0.2960126
229,0.03995071,0.4470217,0.2128022,0.3002254
230,0.04033847,0.4432622,0.2136258,0.3027736
231,0.0405843,0.4413555,0.2138122,0.304248
232,0.04072959,0.4404526,0.2138425,0.3049753
233,0.04080803,0.4400588,0.2139138,0.3052195
234,0.04084403,0.4399018,0.2140857,0.3051685
235,0.04085436,0.4398416,0.2143553,0.3049487
236,0.04085008,0.4398125,0.2146947,0.3046428
237,0.04083842,0.4397883,0.2150693,0.304304
238,0.04082405,0.4397625,0.2154455,0.3039679
239,0.04081006,0.4397377,0.2157944,0.3036579
240,0.04079837,0.4397193,0.2160923,0.30339
241,0.03941545,0.4533569,0.2144177,0.29281
242,0.03852858,0.4592964,0.2160837,0.2860914
243,0.03802151,0.4614986,0.2180271,0.2824528
244,0.03773433,0.4620655,0.2196585,0.2805417
245,0.03757743,0.4619823,0.2208086,0.2796317
246,0.0374963,0.461702,0.2215129,0.2792889
247,0.03745779,0.4614145,0.2218748,0.279253
248,0.03744205,0.4611842,0.2220039,0.2793698
249,0.03743749,0.4610203,0.2219916,0.2795506
250,0.03743787,0.4609105,0.2219017,0.2797499
251,0.03743986,0.4608384,0.2217773,0.2799444
252,0.03744184,0.4607895,0.2216449,0.2801237
253,0.03701458,0.4670106,0.2183571,0.2776179
254,0.0367603,0.470175,0.2166327,0.276432
255,0.03658446,0.4718069,0.2159385,0.27567
256,0.03647089,0.4725722,0.2156799,0.275277
257,0.0363985,0.4728763,0.2156095,0.2751157
258,0.03635172,0.4729447,0.2156204,0.2750832
259,0.03632017,0.472897,0.2156696,0.2751132
260,0.03629727,0.4727947,0.2157421,0.2751658
261,0.03627901,0.4726675,0.2158346,0.2752189
262,0.03626298,0.4725295,0.2159468,0.2752607
263,0.03624786,0.4723869,0.2160788,0.2752864
264,0.03623297,0.4722424,0.2162297,0.2752949
265,0.03910712,0.4384776,0.2261481,0.2962672
266,0.04118543,0.41945,0.2287629,0.3106017
267,0.04261626,0.4092575,0.2282916,0.3198347
268,0.04353463,0.4042746,0.2270314,0.3251594
269,0.0440877,0.4021546,0.2259317,0.3278261
270,0.04440151,0.4014815,0.2252552,0.3288617
271,0.04457221,0.4014654,0.224939,0.3290235
272,0.04466757,0.4017049,0.2247987,0.3288289
273,0.04473222,0.4020225,0.2246373,0.3286081
274,0.04479261,0.4023567,0.2243058,0.3285448
275,0.04486253,0.4026978,0.2237179,0.3287218
276,0.04494656,0.4030536,0.2228525,0.3291473
277,0.04595355,0.3946252,0.2228185,0.3366027
278,0.04673137,0.3903038,0.2205839,0.3423809
279,0.04727785,0.3884175,0.2179712,0.3463336
280,0.04765482,0.3878821,0.2154896,0.3489734
281,0.04791246,0.3880388,0.2133472,0.3507016
282,0.04808892,0.388505,0.2115899,0.3518162
283,0.04821148,0.3890723,0.2101898,0.3525264
284,0.04829873,0.3896357,0.2090931,0.3529725
285,0.04836289,0.3901496,0.2082431,0.3532445
286,0.04841182,0.3905995,0.2075887,0.3533999
287,0.04845046,0.3909866,0.2070882,0.3534748
288,0.04848189,0.3913181,0.2067086,0.3534915
289,0.04485465,0.429117,0.1986345,0.3273938
290,0.04268105,0.4461998,0.1987989,0.3123203
291,0.04143657,0.4533905,0.2010282,0.3041447
292,0.04072195,0.4560088,0.2034925,0.2997768
293,0.04031306,0.4565971,0.2055723,0.2975176
294,0.04008044,0.4563658,0.2071431,0.2964107
295,0.03994823,0.4558711,0.2082675,0.2959132
296,0.03987186,0.4553498,0.2090606,0.2957177
297,0.03982534,0.4548864,0.2096342,0.295654
298,0.03979394,0.4544976,0.2100768,0.2956316
299,0.03976938,0.454174,0.2104526,0.295604
300,0.03974718,0.4538988,0.2108045,0.2955494
301,0.03660068,0.4870046,0.2037549,0.2726398
302,0.03481308,0.499851,0.2052123,0.2601237
303,0.03380862,0.5041699,0.2084697,0.2535517
304,0.03323407,0.5049211,0.2116938,0.2501509
305,0.03290128,0.5042995,0.2143262,0.2484731
306,0.03270474,0.5032614,0.2163126,0.2477212
307,0.03258416,0.5021947,0.217771,0.2474502
308,0.03250508,0.5012304,0.2188515,0.247413
309,0.03244809,0.5003916,0.2196842,0.2474762
310,0.03240225,0.4996614,0.2203685,0.2475678
311,0.03236177,0.4990135,0.220971,0.2476537
312,0.03232377,0.4984241,0.221532,0.2477202
313,0.0364983,0.4493338,0.2348036,0.2793644
314,0.03979826,0.4202212,0.2363479,0.3036326
315,0.04217902,0.4040702,0.2335768,0.320174
316,0.04377762,0.3959703,0.2298252,0.3304269
317,0.04477637,0.3925112,0.2266485,0.336064
318,0.04535578,0.3914846,0.2245249,0.3386346
319,0.04566669,0.3915779,0.2233787,0.3393766
320,0.04582206,0.3920899,0.2229019,0.3391861
321,0.04590038,0.3926977,0.2227328,0.3386692
322,0.04595123,0.3932885,0.2225679,0.3381924
323,0.04600332,0.3938467,0.2221952,0.3379548
324,0.04607049,0.3943906,0.2215045,0.3380344
325,0.04578428,0.3991159,0.2192588,0.335841
326,0.04564286,0.4019319,0.2174969,0.3349284
327,0.04559156,0.4037228,0.2159337,0.334752
328,0.04559827,0.4049387,0.2144356,0.3350274
329,0.04563681,0.4058345,0.2130073,0.3355214
330,0.0456894,0.4065443,0.2116891,0.3360772
331,0.04574519,0.4071345,0.2105176,0.3366027
332,0.04579815,0.4076372,0.2095145,0.3370502
333,0.04584537,0.4080688,0.2086853,0.3374006
334,0.04588637,0.4084375,0.2080182,0.3376579
335,0.04592143,0.4087507,0.2074954,0.3378325
336,0.04595118,0.4090157,0.2070967,0.3379365
337,0.04626461,0.406183,0.2075203,0.3400322
338,0.04648243,0.404733,0.2074276,0.341357
339,0.0466281,0.404057,0.2071915,0.3421234
340,0.0467228,0.4038053,0.206966,0.342506
341,0.04678264,0.4037717,0.2068131,0.3426326
342,0.04681904,0.4038395,0.2067511,0.3425905
343,0.0468397,0.4039459,0.2067783,0.3424361
344,0.04684974,0.4040591,0.2068852,0.342206
345,0.04685253,0.4041644,0.2070599,0.3419232
346,0.04685006,0.4042565,0.2072929,0.3416006
347,0.04684375,0.404334,0.2075747,0.3412475
348,0.04683467,0.4043975,0.2078961,0.3408717
349,0.04027123,0.4690305,0.1978007,0.2928976
350,0.03683444,0.4914953,0.2032103,0.26846
351,0.03507757,0.498224,0.2100126,0.256686
352,0.03413469,0.4991726,0.2158081,0.2508846
353,0.03362129,0.4981386,0.220095,0.2481452
354,0.03333981,0.4966285,0.2230387,0.2469931
355,0.03318276,0.4951944,0.2249836,0.2466391
356,0.03309072,0.4939899,0.2262623,0.2466571
357,0.03303104,0.4930127,0.2271354,0.2468208
358,0.03298608,0.4922125,0.227787,0.2470144
359,0.03294669,0.4915338,0.2283365,0.247183
360,0.03290838,0.4909313,0.2288563,0.2473039
361,0.03649798,0.4502573,0.2387431,0.2745017
362,0.03929219,0.4270768,0.2383484,0.2952828
363,0.04123826,0.414866,0.2349075,0.3089882
364,0.04250168,0.4091861,0.23108,0.3172323
365,0.0432633,0.4070744,0.2280458,0.3216165
366,0.04368545,0.4067036,0.2261073,0.3235036
367,0.0438957,0.4070447,0.2251346,0.323925
368,0.04398507,0.4075835,0.2248355,0.3235959
369,0.04401453,0.4081064,0.2248958,0.3229832
370,0.04402345,0.4085564,0.225036,0.3223841
371,0.04403568,0.4089465,0.2250439,0.3219739
372,0.04406404,0.409312,0.2247833,0.3218407
373,0.04458143,0.4046211,0.2254834,0.3253141
374,0.04496875,0.4023533,0.2247896,0.3278883
375,0.04525993,0.4014495,0.2234531,0.3298374
376,0.04548455,0.4013106,0.2218253,0.3313796
377,0.04566336,0.4015799,0.2201026,0.3326541
378,0.04580951,0.4020502,0.2184043,0.333736
379,0.04593088,0.402602,0.2168068,0.3346603
380,0.04603238,0.4031675,0.2153571,0.3354431
381,0.04611732,0.4037085,0.2140802,0.336094
382,0.04618802,0.4042057,0.2129864,0.3366199
383,0.04624661,0.4046498,0.2120722,0.3370314
384,0.04629502,0.4050385,0.2113247,0.3373418
385,0.04643116,0.4045401,0.2107133,0.3383155
386,0.04653315,0.4044066,0.2100598,0.3390005
387,0.04660358,0.4044699,0.2095172,0.3394093
388,0.04665191,0.4046187,0.2091035,0.3396259
389,0.04668473,0.4047938,0.2088141,0.3397073
390,0.04670644,0.4049661,0.2086366,0.3396908
391,0.04671983,0.4051232,0.208558,0.3395989
392,0.04672655,0.4052611,0.2085681,0.3394442
393,0.04672752,0.4053794,0.2086596,0.3392334
394,0.04672356,0.4054789,0.2088247,0.3389728
395,0.0467152,0.4055612,0.2090569,0.3386667
396,0.04670287,0.405628,0.2093504,0.3383186
397,0.04775369,0.3962279,0.2099278,0.3460907
398,0.04852374,0.3912599,0.2085325,0.3516838
399,0.04900917,0.3889968,0.2070738,0.3549202
400,0.04930169,0.3881885,0.2058846,0.3566252
401,0.04946728,0.3881043,0.2050693,0.3573591
402,0.04955293,0.3883353,0.2046057,0.357506
403,0.04959092,0.3886677,0.2044194,0.3573219
404,0.04960252,0.3890013,0.2044242,0.356972
405,0.04960138,0.389298,0.2045402,0.3565605
406,0.04959577,0.3895515,0.2047037,0.356149
407,0.04959062,0.3897689,0.2048666,0.3557739
408,0.04958866,0.3899615,0.2049951,0.3554547
409,0.04477698,0.4377849,0.19633,0.3211082
410,0.04201684,0.457897,0.1979892,0.302097
411,0.04050844,0.4656555,0.2015145,0.2923215
412,0.03967173,0.4681128,0.2048677,0.2873477
413,0.0392091,0.4683803,0.2074627,0.2849479
414,0.03895562,0.467855,0.2092783,0.2839111
415,0.03881734,0.4671392,0.2104785,0.2835649
416,0.0387405,0.4664658,0.2112558,0.2835378
417,0.03869461,0.4659018,0.211774,0.2836296
418,0.03866274,0.4654468,0.2121541,0.2837365
419,0.03863574,0.4650781,0.2124778,0.2838083
420,0.03860888,0.4647706,0.2127968,0.2838237
421,0.03881691,0.4617479,0.21402,0.2854152
422,0.0389352,0.4601347,0.214662,0.2862681
423,0.03899593,0.4592511,0.2150771,0.2866758
424,0.03901557,0.4587555,0.2154638,0.286765
425,0.0390085,0.4584527,0.2158881,0.2866507
426,0.03898532,0.4582398,0.2163573,0.2864175
427,0.03895354,0.4580671,0.216853,0.2861264
428,0.03891848,0.4579131,0.2173469,0.2858215
429,0.0388841,0.4577712,0.217808,0.2855367
430,0.03885338,0.4576412,0.2182064,0.2852991
431,0.03882851,0.4575261,0.2185161,0.2851293
432,0.03881097,0.4574293,0.2187178,0.2850419
433,0.04166179,0.4252152,0.2279731,0.3051498
434,0.04371355,0.4069639,0.2305253,0.3187971
435,0.04513976,0.3970652,0.2300514,0.3277435
436,0.04606671,0.3921497,0.2287365,0.333047
437,0.04664407,0.3900093,0.2274024,0.3359443
438,0.04699928,0.3893063,0.2262497,0.3374447
439,0.04722828,0.3892894,0.225203,0.3382792
440,0.04739678,0.3895719,0.2241022,0.3389292
441,0.04754489,0.3899762,0.2228089,0.3396699
442,0.04769132,0.3904351,0.2212723,0.3406012
443,0.04784075,0.3909266,0.2195229,0.3417098
444,0.04798945,0.3914424,0.2176538,0.3429144
445,0.04810433,0.3905739,0.2180052,0.3433166
446,0.04814836,0.3901384,0.218597,0.3431163
447,0.04819515,0.3898277,0.218924,0.3430532
448,0.04824014,0.3896191,0.2190882,0.3430526
449,0.04828344,0.3894843,0.2191363,0.343096
450,0.04832513,0.3894031,0.2191011,0.3431707
451,0.04836515,0.3893612,0.2190083,0.3432654
452,0.04840318,0.3893483,0.2188792,0.3433693
453,0.04843884,0.3893567,0.2187319,0.3434726
454,0.04847207,0.3893799,0.2185778,0.3435704
455,0.04850282,0.3894131,0.2184255,0.3436587
456,0.04853106,0.3894529,0.2182814,0.3437347
457,0.04826688,0.395202,0.2136683,0.3428627
458,0.04823048,0.3987448,0.2090845,0.3439402
459,0.04818168,0.4012407,0.2060485,0.3445291
460,0.04812906,0.4029965,0.2040943,0.3447802
461,0.04807958,0.4042031,0.2028896,0.3448277
462,0.04803624,0.405009,0.2021981,0.3447567
463,0.04799895,0.4055312,0.2018596,0.3446103
464,0.04796601,0.4058582,0.2017698,0.344406
465,0.04793521,0.4060545,0.2018627,0.3441477
466,0.04790449,0.4061644,0.2020973,0.3438339
467,0.04787213,0.4062179,0.2024484,0.3434615
468,0.04783642,0.4062332,0.2029071,0.3430233
469,0.04269935,0.4562595,0.194804,0.3062371
470,0.03982197,0.47576,0.198169,0.286249
471,0.03826613,0.4824496,0.2032558,0.2760285
472,0.03739819,0.483943,0.2079197,0.2707391
473,0.03690719,0.4834475,0.2115852,0.2680601
474,0.03662569,0.4823396,0.2142676,0.2667671
475,0.03645981,0.4811778,0.2161728,0.2661896
476,0.0363563,0.480154,0.2175309,0.2659587
477,0.03628527,0.4793047,0.2185339,0.2658761
478,0.03623019,0.4786071,0.2193241,0.2658386
479,0.03618252,0.4780244,0.2199938,0.2657992
480,0.03613814,0.4775231,0.2205975,0.2657412
481,0.04145119,0.4200887,0.2336592,0.3048008
482,0.04588025,0.3837348,0.2337495,0.3366354
483,0.04922096,0.3619214,0.2294732,0.3593845
484,0.05158052,0.3498181,0.2242269,0.3743745
485,0.05313377,0.3438555,0.2197281,0.3832825
486,0.0540822,0.3415057,0.2165564,0.3878557
487,0.05461669,0.3410764,0.2146532,0.3896537
488,0.05489712,0.3415202,0.2136531,0.3899296
489,0.05504591,0.3422529,0.2130868,0.3896144
490,0.05514722,0.3429992,0.2125291,0.3893244
491,0.05525273,0.3436627,0.2116676,0.389417
492,0.05538685,0.3442405,0.2103418,0.3900309
493,0.05634274,0.3368981,0.2102267,0.3965325
494,0.05712048,0.3326749,0.2083422,0.4018625
495,0.05773299,0.3304361,0.2057243,0.4061067
496,0.05820544,0.3294524,0.2029372,0.409405
497,0.05856414,0.3292252,0.2002983,0.4119123
498,0.05883295,0.3294222,0.197972,0.4137727
499,0.05903247,0.3298279,0.1960232,0.4151164
500,0.05917964,0.330309,0.1944558,0.4160556
501,0.05928797,0.3307883,0.1932385,0.4166852
502,0.05936854,0.3312249,0.1923182,0.4170884
503,0.05942949,0.3316023,0.1916384,0.4173299
504,0.05947671,0.331919,0.1911471,0.4174571
505,0.05701932,0.3556164,0.1872307,0.4001336
506,0.0553156,0.368677,0.1875965,0.3884109
507,0.05425376,0.3752494,0.1891055,0.3813912
508,0.05361132,0.3783048,0.1907356,0.3773482
509,0.05323304,0.3795459,0.1921164,0.3751048
510,0.05301666,0.3799094,0.1931677,0.3739062
511,0.05289672,0.3798913,0.1939255,0.3732865
512,0.05283234,0.3797403,0.1944606,0.3729668
513,0.05279857,0.379572,0.1948433,0.3727862
514,0.05278043,0.3794328,0.1951321,0.3726547
515,0.05276936,0.379335,0.19537,0.3725256
516,0.05276062,0.3792763,0.195586,0.372377
517,0.05579087,0.3498708,0.2010224,0.393316
518,0.05813636,0.3314923,0.201453,0.4089183
519,0.05983507,0.3203871,0.2001789,0.419599
520,0.06100696,0.3140233,0.198547,0.4264227
521,0.06177553,0.3106391,0.197168,0.4304175
522,0.06225358,0.3090356,0.1962338,0.432477
523,0.06253527,0.308429,0.1957195,0.4333163
524,0.06269347,0.3083329,0.1955051,0.4334686
525,0.06278107,0.3084657,0.1954472,0.4333061
526,0.06283408,0.3086779,0.1954173,0.4330707
527,0.06287526,0.3089002,0.1953195,0.432905
528,0.06291758,0.3091076,0.1950957,0.4328791
529,0.06443348,0.2959554,0.1965048,0.4431064
530,0.06565323,0.2874517,0.1957324,0.4511628
531,0.06656367,0.282202,0.1942711,0.4569632
532,0.06722448,0.279112,0.1926553,0.4610082
533,0.0676936,0.2774138,0.1911367,0.4637559
534,0.06802215,0.276578,0.1898072,0.4655927
535,0.06825156,0.2762513,0.1886785,0.4668186
536,0.06841322,0.2762071,0.1877287,0.4676509
537,0.06852964,0.2763066,0.1869268,0.468237
538,0.06861624,0.2764689,0.1862433,0.4686716
539,0.06868315,0.2766497,0.1856551,0.4690121
540,0.06873678,0.2768271,0.185145,0.4692911
541,0.06409739,0.3188056,0.1796072,0.4374898
542,0.06075889,0.3430853,0.1809752,0.4151807
543,0.05872281,0.3551851,0.1838551,0.4022371
544,0.05751656,0.3608089,0.1865818,0.3950927
545,0.05681686,0.3631537,0.1886857,0.3913439
546,0.0564197,0.3639226,0.1901522,0.3895056
547,0.05619952,0.3639961,0.1911103,0.3886941
548,0.05608021,0.3638102,0.1917112,0.3883983
549,0.05601639,0.3635664,0.1920848,0.3883324
550,0.05598153,0.3633461,0.1923285,0.3883438
551,0.05596058,0.3631735,0.1925098,0.3883561
552,0.05594531,0.3630473,0.1926722,0.3883351
553,0.05745201,0.3492863,0.1942292,0.3990325
554,0.05859391,0.3410226,0.1934468,0.4069367
555,0.05937977,0.3363698,0.1921546,0.4120959
556,0.05989386,0.3339493,0.1909243,0.4152326
557,0.06021176,0.3328398,0.1899859,0.4169626
558,0.06039509,0.3324499,0.1893875,0.4177676
559,0.06049058,0.3324186,0.1890916,0.4179991
560,0.06053162,0.3325395,0.1890295,0.4178993
561,0.06054087,0.3327038,0.189129,0.4176264
562,0.06053316,0.3328606,0.1893268,0.4172794
563,0.06051781,0.3329917,0.1895724,0.4169182
564,0.06050049,0.3330944,0.1898281,0.416577
565,0.05844379,0.3521424,0.187006,0.4024078
566,0.05700356,0.3628369,0.1873589,0.3928007
567,0.05608659,0.3683785,0.1885696,0.3869653
568,0.05552252,0.3710504,0.1898276,0.3835994
569,0.05518669,0.3722031,0.1908387,0.3817714
570,0.05499371,0.3726002,0.1915475,0.3808585
571,0.05488741,0.3726549,0.1919944,0.3804634
572,0.05483191,0.3725791,0.1922468,0.3803422
573,0.05480497,0.3724732,0.19237,0.3803519
574,0.05479322,0.3723786,0.1924161,0.3804121
575,0.05478887,0.372308,0.1924225,0.3804806
576,0.0547876,0.3722608,0.1924142,0.3805373
577,0.05576686,0.3632361,0.1935724,0.3874247
578,0.05649403,0.3579884,0.1930955,0.3924222
579,0.0569859,0.3551478,0.1922238,0.3956425
580,0.05730404,0.3537472,0.1913529,0.3975958
581,0.05750034,0.3531628,0.1906444,0.3986925
582,0.05761534,0.3530075,0.1901353,0.3992419
583,0.05767862,0.3530542,0.1898051,0.3994621
584,0.0577106,0.3531779,0.1896132,0.3994983
585,0.05772473,0.3533158,0.1895175,0.399442
586,0.05772944,0.3534403,0.1894825,0.3993477
587,0.0577298,0.3535431,0.1894812,0.3992459
588,0.0577287,0.3536243,0.1894948,0.3991522
589,0.05702505,0.3600304,0.1887815,0.394163
590,0.05652648,0.3636397,0.1891007,0.3907331
591,0.05620473,0.3655259,0.1896478,0.3886214
592,0.05600508,0.3664365,0.1901694,0.387389
593,0.05588605,0.3668238,0.1905761,0.3867142
594,0.05581817,0.3669494,0.1908573,0.3863751
595,0.05578148,0.3669576,0.1910343,0.3862267
596,0.05576299,0.3669227,0.1911359,0.3861785
597,0.05575458,0.3668797,0.1911888,0.3861769
598,0.05575133,0.366843,0.1912146,0.386191
599,0.05575035,0.3668164,0.1912287,0.3862045
600,0.05575005,0.366799,0.1912413,0.3862097
601,0.05388552,0.3842902,0.1883997,0.3734245
602,0.05262321,0.3934995,0.188841,0.3650364
603,0.051837,0.3979442,0.1901457,0.3600731
604,0.05135964,0.3998573,0.1915217,0.3572614
605,0.05107625,0.4004965,0.1926808,0.3557465
606,0.05091114,0.4005433,0.1935655,0.35498
607,0.05081591,0.4003512,0.1942104,0.3546225
608,0.05076034,0.400092,0.1946773,0.3544703
609,0.05072607,0.3998409,0.1950272,0.3544059
610,0.05070233,0.3996239,0.1953086,0.3543652
611,0.05068301,0.3994451,0.1955565,0.3543154
612,0.0506648,0.3992992,0.1957943,0.3542416
613,0.05295032,0.3769265,0.2001272,0.369996
614,0.05465898,0.3636177,0.2003413,0.381382
615,0.05584468,0.356071,0.1992166,0.3888676
616,0.05662429,0.3520997,0.1978458,0.3934302
617,0.05710769,0.3502384,0.1967102,0.3959437
618,0.05738774,0.3495424,0.1959531,0.3971168
619,0.0575364,0.349434,0.1955497,0.3974799
620,0.05760595,0.3495817,0.1954075,0.3974048
621,0.05763228,0.349811,0.1954188,0.3971379
622,0.05763893,0.3500397,0.1954869,0.3968345
623,0.05764046,0.350237,0.1955373,0.3965852
624,0.05764516,0.3503982,0.1955202,0.3964365
625,0.05707635,0.3559706,0.1944889,0.3924642
626,0.05667977,0.3591779,0.1943404,0.3898019
627,0.0564341,0.3609188,0.1943791,0.388268
628,0.05629507,0.3618143,0.1943815,0.3875091
629,0.05622717,0.3622474,0.1942766,0.3872487
630,0.0562039,0.3624439,0.1940675,0.3872846
631,0.05620666,0.3625298,0.193786,0.3874776
632,0.05622301,0.3625705,0.193469,0.3877375
633,0.0562451,0.3625974,0.1931483,0.3880092
634,0.05626821,0.3626227,0.192847,0.388262
635,0.05628974,0.3626498,0.1925798,0.3884806
636,0.0563084,0.362678,0.1923546,0.388659
637,0.05519335,0.3734177,0.1902511,0.3811378
638,0.0544151,0.3793336,0.1902054,0.3760459
639,0.05391575,0.382356,0.1907908,0.3729374
640,0.05360558,0.3837616,0.191502,0.3711308
641,0.05341802,0.3843109,0.1921386,0.3701325
642,0.05330683,0.3844375,0.1926467,0.369609
643,0.05324131,0.3843772,0.1930354,0.3693462
644,0.05320179,0.3842508,0.193335,0.3692124
645,0.05317618,0.384115,0.1935775,0.3691313
646,0.05315727,0.383993,0.1937892,0.3690604
647,0.05314097,0.3838914,0.1939888,0.3689788
648,0.05312513,0.3838092,0.1941879,0.3688778
649,0.05380323,0.3769853,0.195768,0.3734434
650,0.05428232,0.373062,0.1961432,0.3765125
651,0.05459784,0.3709077,0.1960965,0.378398
652,0.05479372,0.3698047,0.1959561,0.3794455
653,0.05490762,0.3692943,0.1958543,0.3799438
654,0.05496864,0.3690976,0.1958241,0.3801096
655,0.05499782,0.3690538,0.1958531,0.3800952
656,0.05500957,0.3690759,0.1959126,0.380002
657,0.05501337,0.3691201,0.1959731,0.3798934
658,0.05501509,0.3691674,0.1960101,0.3798074
659,0.05501814,0.3692112,0.1960067,0.379764
660,0.0550243,0.3692508,0.1959535,0.3797715
661,0.0542592,0.3766986,0.1944506,0.3745916
662,0.05373063,0.3808026,0.1943202,0.3711466
663,0.05339701,0.3829205,0.1945722,0.3691103
664,0.05319725,0.3839274,0.1948619,0.3680134
665,0.05308494,0.3843462,0.1950612,0.3675077
666,0.05302721,0.3844754,0.1951459,0.3673515
667,0.05300184,0.3844772,0.1951344,0.3673866
668,0.05299453,0.3844336,0.1950575,0.3675144
669,0.05299638,0.3843825,0.1949448,0.3676764
670,0.05300196,0.3843386,0.1948206,0.3678387
671,0.05300825,0.3843052,0.1947023,0.3679843
672,0.0530136,0.3842805,0.1946007,0.3681051
673,0.05547227,0.3609411,0.1985565,0.3850302
674,0.05735112,0.3467279,0.1983136,0.3976073
675,0.05868518,0.3384472,0.1967332,0.4061343
676,0.05958883,0.3339327,0.1949042,0.4115743
677,0.0601723,0.3317053,0.1933156,0.4148068
678,0.06053102,0.3307874,0.1921208,0.4165608
679,0.06074067,0.3305611,0.191306,0.4173923
680,0.06085709,0.3306584,0.1907886,0.4176959
681,0.0609191,0.3308755,0.1904714,0.417734
682,0.06095205,0.3311105,0.1902681,0.4176693
683,0.06097167,0.3313201,0.1901131,0.4175951
684,0.06098699,0.331492,0.1899623,0.4175587
685,0.05894936,0.3503222,0.1871709,0.4035574
686,0.05751781,0.3608798,0.1875812,0.3940212
687,0.05661908,0.3662854,0.1887417,0.3883539
688,0.05607642,0.3688424,0.1898909,0.3851903
689,0.05576178,0.3699031,0.1907692,0.3835659
690,0.05558774,0.370228,0.191346,0.3828382
691,0.05549701,0.3702259,0.191678,0.3825991
692,0.0554533,0.3701047,0.1918415,0.3826005
693,0.05543449,0.3699612,0.1919045,0.3826997
694,0.05542773,0.3698337,0.1919172,0.3828214
695,0.05542582,0.3697322,0.1919138,0.3829283
696,0.05542495,0.3696551,0.1919149,0.383005
697,0.05574787,0.3667357,0.1921613,0.3853551
698,0.05598403,0.3650844,0.1918839,0.3870477
699,0.05613657,0.3642343,0.1915383,0.3880908
700,0.05622947,0.3638431,0.1912425,0.3886849
701,0.0562817,0.3636988,0.1910374,0.3889821
702,0.05630744,0.3636755,0.1909246,0.3890925
703,0.0563167,0.3637032,0.1908886,0.3890915
704,0.05631623,0.3637456,0.1909097,0.3890285
705,0.05631039,0.3637862,0.190969,0.3889344
706,0.05630193,0.3638189,0.1910508,0.3888283
707,0.05629259,0.363843,0.1911425,0.3887219
708,0.05628339,0.3638599,0.1912347,0.388622
709,0.05581187,0.3678612,0.1911169,0.38521
710,0.05546673,0.3700371,0.1917712,0.382725
711,0.05524559,0.3710733,0.1924892,0.3811919
712,0.05510907,0.3714896,0.1931129,0.3802885
713,0.05502859,0.3715912,0.1935896,0.3797905
714,0.05498396,0.3715506,0.1939208,0.3795445
715,0.05496152,0.3714598,0.1941294,0.3794493
716,0.05495236,0.3713632,0.1942433,0.3794412
717,0.05495088,0.3712793,0.1942891,0.3794807
718,0.05495346,0.3712138,0.1942896,0.3795431
719,0.05495797,0.3711659,0.1942619,0.3796143
720,0.05496319,0.3711323,0.1942183,0.3796863
721,0.05395448,0.3810736,0.1919538,0.3730181
722,0.05325937,0.3865389,0.1915892,0.3686126
723,0.05281017,0.3893694,0.1918994,0.3659211
724,0.05252982,0.3907134,0.1923839,0.3643729
725,0.05235977,0.3912615,0.192838,0.3635407
726,0.05225891,0.39141,0.1931992,0.363132
727,0.0521998,0.3913755,0.1934673,0.3629575
728,0.05216477,0.3912701,0.1936646,0.3629005
729,0.05214282,0.391148,0.1938173,0.362892
730,0.05212734,0.3910315,0.1939476,0.3628935
731,0.05211454,0.390928,0.1940722,0.3628854
732,0.05210234,0.3908375,0.1942015,0.3628586
733,0.05315498,0.3805391,0.1961935,0.3701124
734,0.053912,0.3746182,0.1963306,0.3751391
735,0.05441746,0.3713863,0.1958824,0.3783139
736,0.05473789,0.3697504,0.1953408,0.3801709
737,0.05492995,0.3690115,0.1949098,0.3811487
738,0.05503758,0.3687427,0.1946432,0.3815766
739,0.0550926,0.3686971,0.194525,0.3816853
740,0.05511685,0.3687413,0.1945142,0.3816276
741,0.05512463,0.3688095,0.1945659,0.3815
742,0.05512504,0.3688728,0.1946411,0.3813612
743,0.0551235,0.3689224,0.1947101,0.3812441
744,0.05512306,0.3689586,0.1947533,0.3811651
745,0.05541898,0.3659974,0.1955487,0.383035
746,0.05563483,0.3642766,0.1957399,0.3843487
747,0.05578723,0.3633165,0.1956471,0.3852491
748,0.05589263,0.3628209,0.1954342,0.3858523
749,0.05596562,0.3625953,0.1951774,0.3862618
750,0.05601741,0.3625191,0.1949092,0.3865542
751,0.05605584,0.3625209,0.194642,0.3867812
752,0.05608608,0.3625605,0.1943793,0.3869742
753,0.05611133,0.3626164,0.1941217,0.3871506
754,0.05613356,0.3626775,0.1938689,0.3873201
755,0.05615376,0.3627387,0.1936217,0.387486
756,0.05617242,0.3627981,0.1933815,0.387648
757,0.05705258,0.3546852,0.1946082,0.3936541
758,0.05770384,0.3498887,0.1944531,0.3979544
759,0.05815453,0.3471967,0.1938447,0.4008041
760,0.05845499,0.3457911,0.1931504,0.4026035
761,0.05864921,0.3451344,0.1925257,0.4036906
762,0.05877198,0.344889,0.1920162,0.4043228
763,0.05884877,0.3448527,0.1916167,0.4046817
764,0.05889718,0.344911,0.1913041,0.4048878
765,0.05892885,0.3450028,0.1910526,0.4050157
766,0.05895104,0.3450992,0.1908404,0.4051093
767,0.05896809,0.3451884,0.1906511,0.4051923
768,0.05898248,0.3452674,0.1904742,0.4052759
769,0.05782522,0.356457,0.1881773,0.3975405
770,0.0570024,0.3628758,0.1878942,0.3922275
771,0.05646605,0.3663208,0.18827,0.3889431
772,0.0561297,0.3680464,0.1887902,0.3870337
773,0.05592605,0.3688273,0.1892455,0.3860011
774,0.05580694,0.3691196,0.189576,0.3854975
775,0.05573966,0.3691788,0.1897869,0.3852946
776,0.05570294,0.369141,0.189906,0.38525
777,0.05568341,0.3690735,0.1899638,0.3852793
778,0.0556729,0.3690065,0.1899866,0.3853339
779,0.05566664,0.3689511,0.1899936,0.3853888
780,0.055662,0.3689087,0.1899971,0.3854322
781,0.05377703,0.3864732,0.1871985,0.3725514
782,0.0525057,0.3956827,0.187652,0.3641596
783,0.05171307,0.4001144,0.1889656,0.3592068
784,0.05123031,0.4020136,0.1903467,0.3564095
785,0.05094196,0.4026413,0.1915067,0.3549101
786,0.05077239,0.4026793,0.1923861,0.3541622
787,0.05067344,0.4024804,0.1930174,0.3538288
788,0.05061512,0.4022152,0.1934605,0.3537091
789,0.05057933,0.4019578,0.1937748,0.3536881
790,0.05055535,0.4017344,0.1940079,0.3537025
791,0.05053717,0.4015484,0.1941943,0.3537202
792,0.05052149,0.4013947,0.1943565,0.3537271
793,0.0516488,0.3903474,0.1963582,0.3616456
794,0.05246017,0.3840874,0.1962644,0.367188
795,0.0529997,0.3807472,0.1955476,0.3707055
796,0.05334136,0.379117,0.1947437,0.372798
797,0.05354693,0.3784316,0.1940737,0.3739478
798,0.05366384,0.3782289,0.1935939,0.3745133
799,0.0537261,0.3782451,0.1932858,0.374743
800,0.05375677,0.3783402,0.1931039,0.3747992
801,0.0537707,0.3784464,0.1930005,0.3747824
802,0.053777,0.3785362,0.1929363,0.3747505
803,0.05378091,0.3786021,0.1928827,0.3747342
804,0.05378527,0.3786459,0.1928213,0.3747475
805,0.05474454,0.3696378,0.1942549,0.3813629
806,0.05544894,0.3644116,0.1940572,0.3860822
807,0.05593199,0.3615452,0.193336,0.3891868
808,0.05625201,0.3600933,0.1925106,0.3911441
809,0.05645841,0.3594463,0.1917605,0.3923349
810,0.05658936,0.3592281,0.1911397,0.3930428
811,0.05667241,0.359218,0.190645,0.3934646
812,0.05672624,0.359294,0.1902517,0.393728
813,0.05676292,0.3593937,0.1899325,0.3939109
814,0.05678967,0.3594895,0.1896658,0.3940551
815,0.05681064,0.359571,0.1894364,0.394182
816,0.05682813,0.3596366,0.1892348,0.3943005
817,0.05551802,0.3720339,0.187167,0.3852811
818,0.05460795,0.3788261,0.1873511,0.3792148
819,0.05402976,0.3822573,0.1881507,0.3755623
820,0.05367448,0.3838296,0.1890173,0.3734787
821,0.05346278,0.384428,0.1897447,0.3723645
822,0.05334029,0.3845516,0.1902877,0.3718204
823,0.05327127,0.3844687,0.1906677,0.3715924
824,0.0532329,0.3843153,0.1909269,0.3715249
825,0.05321111,0.3841548,0.1911074,0.3715266
826,0.0531976,0.3840114,0.1912429,0.3715481
827,0.05318764,0.3838911,0.1913578,0.3715635
828,0.05317863,0.3837919,0.1914685,0.371561
829,0.05465224,0.3695896,0.193992,0.3817662
830,0.05574175,0.3612069,0.193975,0.3890763
831,0.05648863,0.3565079,0.1931625,0.393841
832,0.05697632,0.3540609,0.1922198,0.3967429
833,0.05727891,0.3529226,0.1914348,0.3983637
834,0.05745597,0.3524966,0.1908937,0.3991538
835,0.05755201,0.3524251,0.1905855,0.3994375
836,0.05759825,0.3525062,0.1904613,0.3994342
837,0.05761566,0.352635,0.1904641,0.3992853
838,0.05761781,0.352762,0.1905418,0.3990783
839,0.0576131,0.3528686,0.1906541,0.3988642
840,0.05760651,0.3529514,0.1907713,0.3986708
841,0.05745642,0.3543252,0.1907142,0.3975042
842,0.05734954,0.3551264,0.1908336,0.3966905
843,0.05728075,0.3555695,0.1909721,0.3961777
844,0.05723985,0.3558038,0.1910762,0.3958801
845,0.05721848,0.355923,0.1911285,0.39573
846,0.05721026,0.3559833,0.1911291,0.3956773
847,0.05721055,0.3560168,0.1910862,0.3956865
848,0.0572161,0.3560405,0.1910103,0.3957331
849,0.05722466,0.356063,0.1909119,0.3958004
850,0.05723474,0.3560876,0.1908003,0.3958775
851,0.05724532,0.3561151,0.1906827,0.3959568
852,0.05725574,0.3561455,0.1905652,0.3960336
853,0.05470858,0.3803106,0.1862778,0.3787031
854,0.05299851,0.3930317,0.1865251,0.3674448
855,0.05194546,0.3991683,0.1880161,0.3608702
856,0.05131169,0.401841,0.1896535,0.3571938
857,0.050938,0.4027803,0.1910381,0.3552436
858,0.05072176,0.4029133,0.1920827,0.3542822
859,0.05059834,0.4027169,0.1928247,0.35386
860,0.05052781,0.4024224,0.1933391,0.3537108
861,0.0504861,0.4021313,0.1937008,0.3536819
862,0.05045908,0.40188,0.1939702,0.3536908
863,0.05043875,0.4016746,0.1941916,0.3536949
864,0.05042072,0.4015094,0.1943949,0.3536749
865,0.0542834,0.3635526,0.2019047,0.3802593
866,0.05730973,0.3396052,0.2027056,0.4003795
867,0.05953489,0.324944,0.2010726,0.4144485
868,0.06109009,0.316417,0.1988423,0.4236506
869,0.06212054,0.311801,0.1968793,0.4291992
870,0.06276523,0.3095584,0.1954848,0.4321916
871,0.06314423,0.3086627,0.1946601,0.433533
872,0.06335329,0.3084623,0.1942668,0.4339177
