EwEVersion,"6.5.13829.0 (compiled 2016-05-17)"
Date,"2016-09-06 16:27:34"
ModelName,Baltic_Proper-SEALS
EcosimScenario,Proper1_SealVuln100_19742100_seal0_cofF03
TimeSeries,new_data_weights_19742100_BAU_WAR1_codF03_seal100
StartYear,1974

Data,"Prey of JuvSprat"

TimeStep,"Temora sp","Acartia sp","Pseudocalanus sp.","other mesozooplankton","Mysids",
1,0.3416932,0.2886024,0.1891644,0.1800694,0.0004705536
2,0.348267,0.2841474,0.180382,0.186754,0.0004494754
3,0.3504935,0.2783199,0.1777553,0.1929758,0.0004555889
4,0.3508407,0.2745149,0.1778672,0.1963002,0.0004768955
5,0.3503381,0.2715918,0.179495,0.1980676,0.0005075195
6,0.3492338,0.2692107,0.1817131,0.1992999,0.0005424768
7,0.3476537,0.2672598,0.1839657,0.2005426,0.0005779998
8,0.345695,0.2656451,0.185981,0.2020675,0.00061143
9,0.343424,0.2642711,0.1876572,0.2040067,0.0006409562
10,0.3408804,0.263051,0.188981,0.2064222,0.0006653715
11,0.3380892,0.2619119,0.1899772,0.2093378,0.0006838778
12,0.3350733,0.260795,0.1906819,0.2127539,0.0006959518
13,0.34223,0.2583334,0.1877509,0.2109975,0.0006882317
14,0.3362069,0.2574781,0.19012,0.2154983,0.0006967136
15,0.3322331,0.256806,0.1906997,0.2195713,0.0006899874
16,0.3288543,0.255479,0.1907574,0.2242354,0.0006737925
17,0.3258283,0.2537414,0.1904924,0.229288,0.0006498789
18,0.3232095,0.2518362,0.1899556,0.2343789,0.0006197288
19,0.3211084,0.2500156,0.1891461,0.239145,0.0005849206
20,0.319571,0.248781,0.1879573,0.2431439,0.0005468853
21,0.3185757,0.2487273,0.1862569,0.2459331,0.0005070794
22,0.318017,0.2504243,0.1839456,0.2471462,0.0004670408
23,0.3177345,0.2542515,0.1810066,0.246579,0.0004283689
24,0.3176012,0.2601647,0.1775575,0.2442839,0.0003926794
25,0.2380595,0.2693504,0.1996187,0.2925476,0.0004236826
26,0.2625619,0.2737004,0.1828409,0.2805299,0.0003670058
27,0.2669874,0.2787003,0.1768901,0.277069,0.0003530546
28,0.2703961,0.2869773,0.1723362,0.2699395,0.0003510095
29,0.2742392,0.2913499,0.1702376,0.2638125,0.0003608057
30,0.278369,0.2916875,0.1700142,0.2595498,0.0003793487
31,0.2821794,0.2898529,0.1708087,0.2567559,0.0004030892
32,0.2852544,0.287684,0.1718478,0.2547852,0.0004285467
33,0.2874957,0.2853884,0.1729837,0.2536781,0.0004540929
34,0.2888957,0.2833683,0.1740046,0.2532534,0.0004779854
35,0.2895393,0.2816929,0.1748276,0.2534411,0.0004990315
36,0.2895321,0.2803111,0.1754304,0.25421,0.000516427
37,0.2883649,0.2812725,0.1764547,0.2533772,0.0005306397
38,0.284924,0.2810585,0.178639,0.2548325,0.0005460684
39,0.282292,0.2807747,0.1794172,0.2569656,0.0005504438
40,0.279859,0.2802824,0.179499,0.2598128,0.0005466589
41,0.2774936,0.2798052,0.1791454,0.2630192,0.0005365403
42,0.275208,0.279474,0.1785127,0.2662835,0.0005218071
43,0.2730548,0.2793608,0.1777012,0.2693791,0.0005040348
44,0.2711405,0.2789463,0.1771201,0.2723078,0.0004852753
45,0.2694177,0.2791502,0.1763867,0.2745797,0.0004657467
46,0.2679645,0.2799453,0.1755176,0.2761263,0.0004464342
47,0.2668401,0.2813192,0.1745255,0.2768872,0.0004280838
48,0.2660931,0.2832029,0.1734384,0.2768544,0.0004113099
49,0.2656956,0.2900133,0.1716089,0.2722934,0.0003887973
50,0.2632295,0.2931138,0.1724719,0.2708076,0.0003772972
51,0.2626612,0.2953551,0.1724627,0.2691565,0.0003643901
52,0.2630394,0.2971739,0.1720313,0.2674033,0.00035205
53,0.2641017,0.2990353,0.1712965,0.2652254,0.000341131
54,0.2657776,0.3008487,0.1704402,0.2626011,0.0003324911
55,0.268026,0.3023397,0.1696403,0.2596673,0.0003267772
56,0.2707659,0.303656,0.1687926,0.2564615,0.0003240107
57,0.2739105,0.3041462,0.1682365,0.2533821,0.0003246411
58,0.2772435,0.3040041,0.1679548,0.2504692,0.000328363
59,0.2805695,0.3033983,0.1679195,0.2477778,0.0003347797
60,0.2837314,0.3024903,0.1680886,0.2453462,0.0003433943
61,0.2583606,0.3106692,0.1763932,0.254206,0.0003709999
62,0.2577042,0.3120404,0.1775855,0.2522891,0.0003807744
63,0.2582425,0.3111456,0.1788372,0.251384,0.0003908761
64,0.2593454,0.3105243,0.1795101,0.2502212,0.0003990216
65,0.2607475,0.3100167,0.1798883,0.2489414,0.0004059564
66,0.2623196,0.3094819,0.1801486,0.2476376,0.0004122887
67,0.2639747,0.3088743,0.1803772,0.2463555,0.0004183953
68,0.2656454,0.3078578,0.1808646,0.2452071,0.0004249704
69,0.267214,0.3068526,0.1814156,0.2440859,0.000431791
70,0.268676,0.3057875,0.1820409,0.2430566,0.0004389278
71,0.2700049,0.3046717,0.1827326,0.2421446,0.0004463092
72,0.2711783,0.303526,0.1834791,0.2413628,0.0004538115
73,0.2454145,0.307161,0.1905587,0.2564,0.0004658318
74,0.2430644,0.3080631,0.1888249,0.2595911,0.0004563784
75,0.2452162,0.3042722,0.1887812,0.261271,0.0004592667
76,0.2479245,0.3010661,0.1892232,0.2613184,0.0004678686
77,0.2499925,0.2983987,0.1901027,0.2610262,0.0004798455
78,0.2510851,0.2961022,0.1912666,0.2610529,0.0004930913
79,0.2511693,0.2941245,0.1925464,0.261654,0.0005058466
80,0.2503315,0.292423,0.1938072,0.2629215,0.0005167204
81,0.2486617,0.2909705,0.1949846,0.2648583,0.000524785
82,0.2462544,0.2897585,0.1960309,0.2674269,0.000529399
83,0.2432029,0.2887762,0.1969173,0.2705736,0.0005301856
84,0.2395988,0.2880175,0.1976263,0.2742305,0.0005269856
85,0.2767705,0.2766792,0.1856492,0.26041,0.0004911063
86,0.2784725,0.2724291,0.1852953,0.263315,0.0004880627
87,0.2758488,0.273157,0.1846098,0.2659057,0.0004787259
88,0.272568,0.2729256,0.184385,0.2696542,0.0004672962
89,0.2687273,0.2721291,0.1842963,0.2743943,0.0004529842
90,0.2644052,0.2711072,0.1841313,0.2799212,0.0004351134
91,0.2597466,0.2699913,0.1838003,0.2860483,0.0004135125
92,0.2549451,0.2687356,0.1833927,0.2925381,0.000388449
93,0.2501658,0.2675489,0.1828074,0.2991174,0.0003606501
94,0.2456051,0.2666483,0.1820088,0.3054067,0.0003310866
95,0.2414342,0.2663651,0.1809604,0.3109394,0.0003008865
96,0.2377837,0.2671588,0.179609,0.3151774,0.000271217
97,0.2455222,0.2667957,0.1740341,0.3134146,0.0002334719
98,0.245154,0.269087,0.1712005,0.3143525,0.0002059761
99,0.2451141,0.2765207,0.1677332,0.3104481,0.000183928
100,0.2457257,0.2850786,0.1645559,0.3044716,0.0001683449
101,0.2474067,0.2926732,0.162008,0.2977532,0.0001588989
102,0.250338,0.2980565,0.16029,0.2911602,0.0001551995
103,0.2544016,0.3008524,0.1594463,0.2851428,0.0001568847
104,0.2592061,0.30164,0.1592245,0.2797658,0.000163545
105,0.2643311,0.3007029,0.1596451,0.275146,0.0001749087
106,0.2692894,0.2987305,0.160548,0.2712416,0.0001905192
107,0.2737116,0.2962613,0.1617872,0.2680301,0.0002097613
108,0.2773779,0.2936476,0.163238,0.2655046,0.0002318297
109,0.3006512,0.2864923,0.1597775,0.2528246,0.0002544157
110,0.2974625,0.2856563,0.1642189,0.2523716,0.0002908366
111,0.296369,0.2848526,0.1667717,0.2516867,0.0003198951
112,0.295761,0.2833659,0.1686456,0.2518833,0.0003441158
113,0.2951791,0.2819206,0.1699949,0.2525415,0.0003638487
114,0.2945502,0.2806928,0.1709734,0.2534039,0.0003797179
115,0.2938887,0.2796745,0.171711,0.2543334,0.000392454
116,0.293171,0.2792804,0.1718804,0.255266,0.0004021269
117,0.2925366,0.2789405,0.1718859,0.2562275,0.0004095417
118,0.2919504,0.2787053,0.1717893,0.2571398,0.0004150986
119,0.2914081,0.2785938,0.1716203,0.2579586,0.0004191337
120,0.2909159,0.2786128,0.1713943,0.2586551,0.0004219224
121,0.275019,0.2814896,0.1756493,0.2674053,0.0004369197
122,0.2764446,0.2819646,0.1739764,0.2671809,0.0004333497
123,0.2764697,0.2817396,0.173428,0.2679291,0.0004336557
124,0.2762844,0.2821756,0.1729064,0.2681997,0.000433962
125,0.2760912,0.2827875,0.1724414,0.2682457,0.0004341892
126,0.27593,0.2833805,0.1720322,0.2682231,0.0004342296
127,0.2757973,0.2839155,0.1716569,0.2681964,0.0004339273
128,0.2756737,0.2843664,0.1713935,0.268133,0.0004334708
129,0.2755585,0.2847791,0.1711537,0.2680759,0.0004327531
130,0.2754593,0.2851427,0.1709254,0.2680408,0.0004317288
131,0.2753747,0.2854633,0.1707015,0.2680301,0.0004303782
132,0.2753013,0.285752,0.1704763,0.2680418,0.0004287038
133,0.1681995,0.3187092,0.2027244,0.3098564,0.0005104401
134,0.1461582,0.3338748,0.2106344,0.3088193,0.0005132923
135,0.1214251,0.339222,0.2203326,0.3185075,0.0005127455
136,0.1000721,0.3453369,0.2263881,0.3277106,0.0004923453
137,0.08232276,0.3535046,0.2292957,0.3344191,0.000457834
138,0.06845628,0.3639753,0.2297016,0.3374503,0.0004166411
139,0.05865258,0.3760633,0.2283814,0.336527,0.0003757869
140,0.05291593,0.3875679,0.2266325,0.3325428,0.0003408655
141,0.05121981,0.3973713,0.2248809,0.3262133,0.0003147416
142,0.0537435,0.4037428,0.2236742,0.3185407,0.0002988751
143,0.06081824,0.4060426,0.2229885,0.3098577,0.0002930265
144,0.07272607,0.4043458,0.2224699,0.3001621,0.0002961502
145,0.112629,0.3853658,0.2113298,0.2903834,0.0002920947
146,0.1576259,0.3651001,0.1998392,0.2771364,0.0002983611
147,0.1983565,0.3444617,0.1930573,0.2638013,0.0003232249
148,0.227805,0.3285623,0.1904083,0.2528622,0.0003620964
149,0.2462635,0.31725,0.1908073,0.245269,0.0004101598
150,0.2569216,0.309316,0.1929044,0.2403959,0.0004621853
151,0.2627692,0.3036114,0.1957102,0.2373953,0.0005139664
152,0.2657777,0.2992944,0.1986779,0.2356869,0.0005631552
153,0.2670494,0.2958194,0.2015909,0.2349319,0.000608427
154,0.2671707,0.2928712,0.204369,0.2349398,0.0006492349
155,0.2664343,0.290262,0.2069997,0.2356185,0.0006854769
156,0.2649732,0.2878925,0.2094895,0.2369276,0.0007172205
157,0.2327805,0.3002962,0.2278323,0.2382755,0.0008154533
158,0.2047382,0.3055673,0.2543443,0.2344039,0.0009463536
159,0.1732675,0.3174148,0.2740868,0.2341962,0.001034731
160,0.1406661,0.3305126,0.289538,0.2382005,0.001082724
161,0.108346,0.3429564,0.3017193,0.2458887,0.001089546
162,0.07813717,0.3542585,0.3105698,0.2559812,0.00105325
163,0.05222725,0.3649814,0.315395,0.266422,0.0009744031
164,0.03235521,0.3764528,0.315592,0.2747397,0.0008603368
165,0.01891514,0.3904439,0.3110754,0.2788395,0.0007260992
166,0.01084321,0.4075456,0.3030554,0.2779645,0.0005913664
167,0.006405591,0.4261333,0.2939051,0.2730825,0.0004736074
168,0.004088359,0.4432119,0.2861982,0.2661191,0.0003824197
169,0.02079158,0.4708022,0.2564363,0.2516857,0.0002842545
170,0.1044975,0.4283842,0.2317053,0.235184,0.0002290161
171,0.219121,0.370401,0.2037095,0.2065678,0.0002006744
172,0.2879068,0.3356752,0.1898584,0.1863546,0.0002049321
173,0.3244821,0.3152045,0.1861703,0.1739087,0.0002343735
174,0.3419645,0.3022067,0.1885199,0.1670262,0.0002828192
175,0.3492201,0.2933471,0.1936122,0.1634766,0.0003439721
176,0.3509029,0.2871506,0.1996157,0.161919,0.0004117916
177,0.3497511,0.2827976,0.2054779,0.1614925,0.0004811475
178,0.3473324,0.2796489,0.2107437,0.1617265,0.0005483862
179,0.3444405,0.2772661,0.2152954,0.1623867,0.0006113172
180,0.3414171,0.2753714,0.2191735,0.1633692,0.0006688518
181,0.3527242,0.2681861,0.2154297,0.1629592,0.0007007421
182,0.3545496,0.2650209,0.2144621,0.1652308,0.0007366315
183,0.3540033,0.262199,0.2150865,0.1679372,0.0007740692
184,0.3521664,0.2599484,0.216471,0.1706034,0.0008107083
185,0.3495889,0.2582285,0.2180869,0.1732513,0.0008444937
186,0.3465419,0.2569574,0.2196047,0.1760223,0.0008737767
187,0.3431588,0.2560688,0.2208311,0.1790441,0.0008972205
188,0.3394588,0.2556323,0.2215616,0.1824338,0.0009135133
189,0.3355225,0.2555443,0.2217867,0.1862246,0.0009218793
190,0.3313287,0.2558084,0.2215143,0.1904266,0.0009219265
191,0.3268542,0.2564588,0.2207518,0.1950217,0.0009135292
192,0.3220836,0.2575628,0.2194963,0.1999605,0.0008967902
193,0.3300063,0.2544311,0.212287,0.202426,0.0008496202
194,0.3266947,0.2554989,0.2084967,0.2084968,0.0008129702
195,0.3229897,0.2574511,0.204998,0.2137878,0.0007734394
196,0.3194079,0.2596153,0.2018552,0.218389,0.0007326545
197,0.3161393,0.2619178,0.1989135,0.2223385,0.0006909354
198,0.3132782,0.2643496,0.1960687,0.2256547,0.0006487402
199,0.3108767,0.2669233,0.1932698,0.2283234,0.0006068178
200,0.3089819,0.2694963,0.1906342,0.2303213,0.0005663845
201,0.3075637,0.2723866,0.1880087,0.2315129,0.0005281041
202,0.3066616,0.2755113,0.1854229,0.2319111,0.0004930033
203,0.3062945,0.2787406,0.1829348,0.2315681,0.0004619632
204,0.3064642,0.2818952,0.1806223,0.2305826,0.0004356704
205,0.2958824,0.2967742,0.1824294,0.2244876,0.0004264386
206,0.2877158,0.3042511,0.188213,0.2193909,0.0004291887
207,0.2841364,0.3088208,0.1913859,0.2152366,0.0004204293
208,0.2827073,0.3128528,0.1923725,0.2116648,0.000402626
209,0.2826409,0.3171078,0.191716,0.2081558,0.000379593
210,0.2837298,0.3214627,0.1900376,0.2044144,0.0003556212
211,0.2859793,0.3253895,0.1879299,0.2003669,0.0003344209
212,0.2894786,0.3289246,0.1854005,0.1958781,0.0003182133
213,0.2941283,0.3306088,0.1833894,0.1915641,0.0003093339
214,0.2994902,0.3307247,0.1820046,0.1874725,0.0003080476
215,0.3050559,0.3296389,0.1812765,0.1837146,0.0003141794
216,0.3103414,0.3278182,0.1811432,0.1803701,0.0003271515
217,0.3328881,0.3132892,0.1729303,0.1805624,0.0003299582
218,0.3423193,0.3066717,0.1680694,0.1825951,0.0003444637
219,0.3471121,0.3000133,0.1672546,0.1852444,0.0003756429
220,0.349268,0.2948837,0.16853,0.1869005,0.0004178126
221,0.3499381,0.2909566,0.1707953,0.1878437,0.0004662501
222,0.3497468,0.2879498,0.1733289,0.1884577,0.0005168
223,0.3490737,0.2856055,0.1757539,0.1890005,0.0005663747
224,0.348134,0.2836989,0.1779208,0.1896331,0.0006132166
225,0.3470336,0.2820068,0.1798427,0.1904605,0.0006563338
226,0.3458055,0.2804003,0.1815657,0.1915331,0.0006953165
227,0.3444487,0.2788029,0.1831439,0.1928744,0.0007301319
228,0.3429516,0.2771709,0.1846234,0.1944932,0.000760938
229,0.3154324,0.2841873,0.1954594,0.2040927,0.0008281049
230,0.3104979,0.2843083,0.1985539,0.2057842,0.0008555317
231,0.3064969,0.283273,0.2011512,0.2082015,0.0008773305
232,0.3029589,0.2821643,0.2030662,0.2109188,0.0008918477
233,0.2996407,0.2811892,0.2044782,0.2137923,0.0008996138
234,0.2964764,0.2804564,0.2054983,0.2166678,0.0009012261
235,0.293477,0.2800727,0.2061681,0.2193851,0.0008971244
236,0.2906797,0.2801591,0.2064846,0.221789,0.0008875583
237,0.288121,0.2808838,0.2063998,0.2237226,0.0008728317
238,0.2858728,0.2822754,0.2059062,0.2250921,0.0008535294
239,0.2840163,0.2842664,0.2050319,0.2258549,0.0008304784
240,0.2826319,0.2866913,0.2038466,0.2260254,0.0008047519
241,0.2408291,0.2954925,0.216396,0.2464585,0.0008239803
242,0.2368433,0.3024781,0.2122045,0.2477017,0.0007724207
243,0.2361988,0.303196,0.2104643,0.2494008,0.0007400659
244,0.2372952,0.3045057,0.2085948,0.2488908,0.0007133977
245,0.239281,0.3056183,0.2070486,0.2473594,0.0006926301
246,0.2416598,0.306157,0.2059576,0.2455485,0.0006772337
247,0.2440912,0.3062081,0.2052539,0.2437806,0.0006661411
248,0.2463704,0.3057017,0.2049805,0.2422887,0.0006588362
249,0.2483392,0.3051607,0.2048841,0.2409622,0.0006538486
250,0.2500065,0.3045903,0.2049161,0.2398365,0.000650518
251,0.2513913,0.3040248,0.2050309,0.2389048,0.0006482757
252,0.2525243,0.3034822,0.2051967,0.2381501,0.0006466868
253,0.3222354,0.281691,0.1828621,0.2126379,0.0005736262
254,0.3274288,0.2769442,0.1822942,0.2127531,0.0005797924
255,0.3281676,0.2773399,0.1818655,0.2120419,0.0005850877
256,0.3288496,0.2765776,0.1822349,0.2117444,0.0005933719
257,0.3291969,0.275425,0.1829787,0.2117963,0.0006032625
258,0.3291871,0.2742676,0.1838126,0.2121193,0.0006133792
259,0.3288825,0.2732017,0.1846037,0.2126893,0.0006228416
260,0.3283343,0.2722896,0.1852919,0.213453,0.0006311219
261,0.3276278,0.2714424,0.1858765,0.2144154,0.0006379879
262,0.3267981,0.2706705,0.1863479,0.2155401,0.0006432617
263,0.3258802,0.2699782,0.1867067,0.2167879,0.0006468816
264,0.3249083,0.2693727,0.1869559,0.2181144,0.0006488603
265,0.2405793,0.2971309,0.2171503,0.2443827,0.0007568084
266,0.2228923,0.306243,0.2267556,0.2433313,0.0007778088
267,0.2049272,0.3111526,0.2357826,0.2473483,0.0007891968
268,0.1892426,0.3164012,0.2414755,0.252103,0.0007776247
269,0.1756915,0.322597,0.2444262,0.2565386,0.0007467619
270,0.1644814,0.3300248,0.2451387,0.2596528,0.0007024092
271,0.1560943,0.33863,0.2439838,0.2606409,0.0006509968
272,0.1511291,0.3480929,0.2411761,0.2590036,0.0005982975
273,0.1501951,0.3563777,0.2376244,0.2552522,0.0005506726
274,0.1534767,0.3622091,0.2339098,0.2498925,0.0005118253
275,0.1607144,0.3648485,0.2304637,0.2434897,0.0004836493
276,0.1711043,0.3644068,0.2275054,0.236517,0.0004665335
277,0.2113446,0.3548562,0.2161275,0.217226,0.0004455605
278,0.2354341,0.3443252,0.2133715,0.2064176,0.0004516853
279,0.2493172,0.3399279,0.212249,0.1980403,0.0004656408
280,0.2588382,0.3364258,0.2123393,0.1919108,0.000485836
281,0.2657741,0.3333084,0.2130481,0.1873593,0.0005100756
282,0.2709375,0.3304719,0.2141006,0.1839531,0.0005369087
283,0.2748018,0.3278672,0.2153671,0.1813987,0.000565273
284,0.2776825,0.3253502,0.2168487,0.1795239,0.0005946375
285,0.2797731,0.322975,0.2184645,0.1781629,0.0006243281
286,0.2812379,0.320728,0.2201733,0.1772069,0.00065386
287,0.282199,0.3185997,0.2219426,0.1765758,0.0006828615
288,0.2827471,0.3165824,0.2237476,0.1762118,0.0007110642
289,0.3083832,0.3038108,0.2116122,0.1755128,0.0006810051
290,0.3198315,0.2959751,0.2051703,0.1783497,0.0006734166
291,0.3260046,0.2884642,0.2033246,0.1815195,0.000687052
292,0.3287125,0.2828602,0.2040151,0.1836982,0.0007139375
293,0.3294689,0.2787251,0.2059621,0.1850956,0.0007482435
294,0.3290943,0.2755799,0.2084086,0.1861314,0.000785878
295,0.32801,0.2731029,0.2109428,0.1871201,0.000824188
296,0.3264086,0.2711111,0.2133758,0.1882433,0.0008611745
297,0.3244398,0.2695031,0.2155849,0.1895765,0.0008957246
298,0.3221723,0.2681943,0.2175402,0.191166,0.0009272859
299,0.3196444,0.2671483,0.2192315,0.1930204,0.0009554972
300,0.3168859,0.2663553,0.2206539,0.1951247,0.0009800828
301,0.3253587,0.2607687,0.212737,0.2001979,0.0009377855
302,0.3283518,0.2582006,0.206777,0.2057629,0.0009077828
303,0.3286741,0.2550984,0.204868,0.2104567,0.0009028108
304,0.3273705,0.2532414,0.2047816,0.2136948,0.0009116347
305,0.3252696,0.2520667,0.2055201,0.2162153,0.0009282571
306,0.3227156,0.2512464,0.2065144,0.2185752,0.0009485657
307,0.3198663,0.250652,0.2074541,0.2210579,0.0009697366
308,0.3169505,0.249961,0.2083179,0.2237811,0.000989605
309,0.3137836,0.2494982,0.2089632,0.2267479,0.001007108
310,0.310468,0.2492507,0.2093357,0.2299241,0.001021382
311,0.3071002,0.249182,0.2094352,0.2332508,0.001031819
312,0.3037659,0.2492515,0.2092891,0.2366555,0.001038011
313,0.2863547,0.2624663,0.215922,0.23415,0.001106882
314,0.2672744,0.2678879,0.2309804,0.2326353,0.001221947
315,0.25394,0.2710195,0.240128,0.2336252,0.001287334
316,0.2433642,0.2722079,0.2459038,0.2372166,0.001307426
317,0.2345565,0.2726007,0.2492907,0.2422687,0.001283306
318,0.2270853,0.2738318,0.2505443,0.2473201,0.001218422
319,0.2206968,0.2781066,0.2493706,0.2507063,0.001119632
320,0.2151627,0.28894,0.244588,0.2503145,0.0009947598
321,0.2110821,0.3051022,0.2369297,0.2460246,0.0008613758
322,0.2094049,0.3235685,0.2276174,0.2386736,0.0007356124
323,0.2112957,0.3394098,0.2185443,0.2301202,0.0006300082
324,0.2173181,0.3490048,0.2111684,0.2219587,0.00054988
325,0.2403691,0.3489609,0.200321,0.2098832,0.0004657849
326,0.2568424,0.3431318,0.1959018,0.2037026,0.0004214821
327,0.270529,0.3383696,0.1929214,0.1977827,0.0003972384
328,0.2822156,0.3334137,0.191412,0.1925691,0.0003896154
329,0.2916664,0.3289295,0.1909446,0.1880647,0.0003947989
330,0.2989082,0.3251247,0.1912259,0.1843313,0.0004098889
331,0.3041923,0.3219718,0.1920253,0.1813781,0.0004325148
332,0.3078327,0.319127,0.1933373,0.1792422,0.0004607908
333,0.3101841,0.3167822,0.1948392,0.177702,0.0004926051
334,0.311606,0.3147502,0.1964391,0.1766781,0.0005265651
335,0.3123536,0.3129364,0.1980691,0.1760794,0.0005615039
336,0.3126086,0.3112611,0.1996985,0.1758351,0.0005965456
337,0.3080778,0.3106637,0.2035428,0.1770721,0.0006436738
338,0.3059625,0.3101884,0.2059066,0.1772589,0.0006836277
339,0.3044112,0.3093397,0.2079038,0.1776256,0.0007197725
340,0.303038,0.3082376,0.2096986,0.1782732,0.0007526006
341,0.3016565,0.3069342,0.211411,0.1792157,0.0007827182
342,0.3001665,0.3054799,0.2131124,0.1804305,0.0008106437
343,0.2985168,0.3039269,0.2148353,0.1818842,0.0008367595
344,0.2966973,0.3025452,0.2163785,0.1835182,0.000860849
345,0.2947354,0.3011235,0.2179033,0.1853544,0.00088336
346,0.2926126,0.2997558,0.2194012,0.1873262,0.0009041422
347,0.2903461,0.2985045,0.2208507,0.1893756,0.000923014
348,0.2879703,0.297428,0.2222179,0.191444,0.0009397478
349,0.2258243,0.3034939,0.2378703,0.2318402,0.0009714411
350,0.2100846,0.3108246,0.2310293,0.2471529,0.0009086666
351,0.2083147,0.3030138,0.2294701,0.2583086,0.0008927801
352,0.2108394,0.2980568,0.2282495,0.2619595,0.0008947898
353,0.2138835,0.2949224,0.227848,0.2624359,0.0009101228
354,0.2160161,0.2925455,0.2282033,0.2623009,0.000934149
355,0.2168151,0.2906359,0.2290202,0.2625661,0.0009626311
356,0.2162598,0.2892955,0.2299927,0.26346,0.0009919197
357,0.2145661,0.2882401,0.231034,0.2651398,0.001020026
358,0.2118993,0.2874606,0.2320412,0.2675537,0.001045156
359,0.2084218,0.2869199,0.2329677,0.2706246,0.001065987
360,0.204278,0.2865822,0.2337927,0.2742656,0.0010815
361,0.2462586,0.2865851,0.2191203,0.2469855,0.001050438
362,0.2435374,0.2815112,0.2299548,0.2438475,0.001149082
363,0.2322326,0.2858871,0.2366718,0.2440053,0.001203196
364,0.2216734,0.2882647,0.2415062,0.2473352,0.001220398
365,0.2118563,0.2892073,0.2450093,0.2527236,0.001203491
366,0.2027645,0.2902223,0.2471334,0.2587245,0.001155292
367,0.1945597,0.2929114,0.2475958,0.2638524,0.001080729
368,0.187527,0.2984065,0.2461837,0.266895,0.0009878388
369,0.1819701,0.308268,0.2423405,0.2665378,0.0008836436
370,0.1785453,0.3216841,0.236358,0.2626344,0.0007781897
371,0.1780727,0.3359272,0.2292346,0.2560841,0.0006813863
372,0.1812362,0.3475557,0.2222714,0.2483363,0.0006004406
373,0.1792412,0.3603081,0.2186335,0.2412852,0.0005319525
374,0.1860226,0.3629175,0.2161546,0.234422,0.0004833266
375,0.1961286,0.3620147,0.2138558,0.2275524,0.0004485541
376,0.207766,0.3594365,0.2116438,0.2207281,0.0004254984
377,0.219647,0.3560567,0.2096845,0.2141989,0.0004129228
378,0.2308318,0.3523908,0.2081513,0.2082165,0.0004096632
379,0.240721,0.3487615,0.20714,0.202963,0.0004144958
380,0.249052,0.3454221,0.2065869,0.1985129,0.0004260654
381,0.2557686,0.3423463,0.2065157,0.1949262,0.0004431939
382,0.2609576,0.3396021,0.2068355,0.1921402,0.0004645552
383,0.2648189,0.3371964,0.2074406,0.1900552,0.0004888647
384,0.2675914,0.3351005,0.208233,0.1885601,0.0005149398
385,0.275003,0.3306471,0.2077361,0.1860703,0.0005434926
386,0.2776549,0.3285001,0.2083539,0.1849164,0.0005746968
387,0.2787344,0.3270058,0.209255,0.1843992,0.0006055848
388,0.2789919,0.3256988,0.2102895,0.1843842,0.0006353767
389,0.2787026,0.3244602,0.2113877,0.1847859,0.0006635604
390,0.2779776,0.3232567,0.2125216,0.1855542,0.000689788
391,0.2768653,0.3220825,0.213681,0.1866575,0.0007137948
392,0.2753687,0.3207298,0.2150557,0.18811,0.0007359521
393,0.2734784,0.3194326,0.2165048,0.1898285,0.0007557577
394,0.2712407,0.3181658,0.2180138,0.1918065,0.0007730955
395,0.2686849,0.3169413,0.2195633,0.1940227,0.0007878156
396,0.2658406,0.3157866,0.2211284,0.1964446,0.0007997542
397,0.31709,0.2985988,0.204318,0.1792484,0.0007447675
398,0.3221808,0.2925501,0.2060465,0.1784593,0.0007631225
399,0.3210345,0.2934443,0.2069821,0.1777678,0.0007713573
400,0.3195461,0.293886,0.2078691,0.1779252,0.0007734861
401,0.3179913,0.2938912,0.2086373,0.17871,0.0007702551
402,0.3164111,0.2938609,0.2091687,0.1797973,0.0007620921
403,0.3148789,0.2940341,0.2094114,0.180926,0.0007496146
404,0.3134331,0.2947745,0.2092431,0.1818162,0.0007330892
405,0.3122376,0.2958171,0.2087914,0.1824401,0.0007138387
406,0.3113469,0.2971482,0.2080851,0.1827269,0.0006927652
407,0.3108087,0.2986772,0.2071805,0.1826628,0.0006708222
408,0.3106526,0.3002825,0.2061453,0.1822707,0.000648925
409,0.312309,0.2936631,0.2004594,0.1929684,0.0006000004
410,0.3195847,0.2913555,0.1910712,0.1974397,0.0005488428
411,0.3237004,0.2874245,0.1868591,0.2014871,0.000528838
412,0.3261564,0.2851319,0.1851711,0.2030133,0.000527336
413,0.3277285,0.2830248,0.1852785,0.2034295,0.0005387251
414,0.3284652,0.2810072,0.1863508,0.2036192,0.0005576831
415,0.328389,0.2792324,0.1877904,0.2040082,0.0005799782
416,0.3276122,0.2777983,0.1891779,0.2048092,0.0006024546
417,0.3262567,0.2766781,0.1903621,0.2060804,0.0006226767
418,0.3244479,0.2757878,0.1912871,0.2078382,0.000638918
419,0.3222856,0.2750556,0.1919432,0.2100656,0.0006499631
420,0.3198485,0.2744254,0.1923433,0.2127278,0.0006550222
421,0.3062144,0.2760865,0.1969036,0.2201186,0.0006768096
422,0.3029151,0.2767589,0.1968433,0.2228101,0.0006725626
423,0.2994736,0.2763427,0.1969601,0.2265618,0.0006617579
424,0.2961806,0.2760573,0.1966779,0.2304415,0.000642653
425,0.2931415,0.2760051,0.1960479,0.2341887,0.0006167571
426,0.290426,0.2762741,0.1951338,0.2375802,0.0005859532
427,0.2880902,0.2769889,0.1939656,0.2404032,0.0005521475
428,0.2861698,0.2783186,0.1925556,0.2424388,0.0005171088
429,0.2846941,0.2804905,0.1908511,0.243482,0.0004823234
430,0.2837109,0.283498,0.1888843,0.2434575,0.0004492479
431,0.2832862,0.2871532,0.1867391,0.2424024,0.0004191482
432,0.2834995,0.2910947,0.1845469,0.2404658,0.0003930564
433,0.1944787,0.3282411,0.2116478,0.2652073,0.0004250915
434,0.178919,0.3438926,0.2177279,0.259053,0.0004074662
435,0.1629467,0.350289,0.2259719,0.260401,0.0003916396
436,0.1501855,0.3585796,0.2304223,0.2604481,0.000364308
437,0.1409976,0.3685411,0.2316687,0.2584622,0.0003304054
438,0.1361216,0.3786997,0.2305783,0.2543046,0.0002957491
439,0.1363147,0.3870802,0.228079,0.2482609,0.0002650491
440,0.1421139,0.3924533,0.2246036,0.2405881,0.0002410272
441,0.1533524,0.3930992,0.2211397,0.2321833,0.0002253352
442,0.1687188,0.3899505,0.2178138,0.2232991,0.0002178055
443,0.1862327,0.3843329,0.2148051,0.2144112,0.000218049
444,0.2037244,0.3776099,0.212346,0.2060941,0.0002256408
445,0.1514982,0.3922447,0.2344037,0.2215942,0.0002593666
446,0.1248384,0.4065384,0.2436203,0.2247218,0.0002811584
447,0.1090524,0.4129155,0.2509471,0.2267803,0.0003047009
448,0.09929173,0.4163637,0.2563554,0.2276603,0.0003287938
449,0.09318395,0.4181397,0.2604885,0.2278345,0.0003533602
450,0.08941875,0.4187843,0.2638006,0.2276181,0.000378321
451,0.08720654,0.418616,0.2665755,0.2271984,0.0004035385
452,0.08601,0.4176692,0.2691399,0.226752,0.0004290421
453,0.0854698,0.4162717,0.2715143,0.2262898,0.0004545481
454,0.08535039,0.4145216,0.2737796,0.2258684,0.0004799339
455,0.08547594,0.4125155,0.2759845,0.2255189,0.0005050645
456,0.08571473,0.4103351,0.2781602,0.22526,0.0005298125
457,0.218615,0.3593158,0.2333928,0.1881968,0.0004795147
458,0.2872604,0.3247015,0.2150352,0.172519,0.0004838897
459,0.3147969,0.310932,0.2078942,0.1658641,0.0005128096
460,0.3240702,0.3051901,0.2064112,0.1637755,0.0005529923
461,0.3267491,0.3019141,0.2071284,0.1636125,0.0005957733
462,0.3266517,0.2995387,0.2087416,0.1644306,0.0006374452
463,0.3251629,0.2975855,0.2107054,0.1658701,0.000676105
464,0.3228436,0.2958514,0.2127964,0.1677982,0.000710404
465,0.319931,0.2943244,0.2148605,0.1701446,0.0007394422
466,0.3165442,0.2929933,0.2168166,0.1728834,0.0007625251
467,0.3127537,0.291874,0.218603,0.1759903,0.0007790109
468,0.3086425,0.2910145,0.2201086,0.1794461,0.0007883568
469,0.2874203,0.290801,0.2210685,0.1999438,0.0007664266
470,0.2838233,0.2903867,0.2137844,0.211293,0.0007125491
471,0.2835565,0.2840125,0.2109329,0.2208138,0.000684307
472,0.2828785,0.2805254,0.2095692,0.2263588,0.0006679496
473,0.2816057,0.2787588,0.2092449,0.2297315,0.0006592218
474,0.2798097,0.2777015,0.2095347,0.2322995,0.0006546131
475,0.277529,0.2770042,0.2100766,0.2347388,0.0006513518
476,0.2747635,0.2766796,0.2106121,0.2372974,0.0006475537
477,0.2715763,0.2767605,0.210981,0.2400402,0.0006418906
478,0.2681021,0.2772295,0.2110893,0.2429454,0.0006335707
479,0.2644854,0.2780334,0.2109269,0.2459321,0.0006221871
480,0.2608643,0.2791189,0.2105129,0.2488962,0.0006076837
481,0.3234107,0.2697037,0.1916638,0.2146453,0.0005764574
482,0.2981667,0.2793454,0.2088212,0.2130076,0.0006592099
483,0.2836539,0.2885475,0.2179114,0.2091972,0.000689787
484,0.2753944,0.2928115,0.2238154,0.2072949,0.0006839633
485,0.2702884,0.2951067,0.2272239,0.2067357,0.0006453547
486,0.2670931,0.298068,0.2280357,0.2062235,0.0005796734
487,0.2649021,0.3046739,0.2257616,0.2041662,0.0004963273
488,0.2629786,0.3184138,0.2193796,0.1988213,0.0004066406
489,0.261756,0.3372378,0.210196,0.1904857,0.0003244525
490,0.2630626,0.3556898,0.2003335,0.180655,0.0002589938
491,0.2690128,0.3672061,0.1921989,0.1713685,0.0002136755
492,0.2800083,0.3693854,0.1868575,0.1635619,0.0001868304
493,0.2841049,0.3711035,0.1869602,0.1576603,0.0001711769
494,0.2971915,0.3647841,0.1870528,0.1508054,0.0001662024
495,0.3100881,0.3579671,0.1875484,0.1442263,0.0001701422
496,0.3210901,0.3517676,0.1884705,0.1384901,0.000181749
497,0.3296504,0.3462475,0.1899768,0.1339249,0.0002003171
498,0.3357548,0.3414198,0.1920522,0.1305482,0.0002250326
499,0.3396974,0.3372692,0.1945641,0.1282145,0.0002547976
500,0.3419048,0.3335584,0.197469,0.1267795,0.0002883428
501,0.3428406,0.3304716,0.2004294,0.1259345,0.0003238723
502,0.3429635,0.3278402,0.2033203,0.1255161,0.0003598793
503,0.3425985,0.3255544,0.2060586,0.1253935,0.0003950385
504,0.3419667,0.3235259,0.2086054,0.1254738,0.0004283166
505,0.3395821,0.3192472,0.2102937,0.1304108,0.0004662181
506,0.3399164,0.3163632,0.2089346,0.1342936,0.0004921155
507,0.3405361,0.3113737,0.2090791,0.1384909,0.0005201702
508,0.3404753,0.3067747,0.2102517,0.1419485,0.000549693
509,0.3398434,0.3030227,0.2120338,0.1445208,0.0005794243
510,0.3388643,0.3000393,0.2140916,0.1463968,0.0006080322
511,0.3376903,0.2976583,0.216195,0.1478221,0.0006344144
512,0.3364173,0.2958085,0.218125,0.1489915,0.0006577239
513,0.3350879,0.2943022,0.2198664,0.1500661,0.0006775438
514,0.3337092,0.2930925,0.2213837,0.1511209,0.0006935371
515,0.3322874,0.2921474,0.2226633,0.1521964,0.0007055649
516,0.3308258,0.2914549,0.2236979,0.1533078,0.0007136176
517,0.3199277,0.2938996,0.2325662,0.1528439,0.0007625405
518,0.3108639,0.2975282,0.2404232,0.1503834,0.0008013062
519,0.3035983,0.3028309,0.2453929,0.147358,0.0008198613
520,0.2978287,0.3084187,0.2481073,0.1448254,0.0008199359
521,0.2933041,0.3139757,0.2489865,0.1429299,0.0008037835
522,0.2899154,0.3193731,0.248413,0.1415239,0.0007746385
523,0.2876526,0.3244844,0.2467487,0.1403778,0.0007364687
524,0.2865484,0.3291574,0.2443292,0.1392715,0.0006935251
525,0.286644,0.3331659,0.2414875,0.1380527,0.000649838
526,0.2879346,0.3363057,0.2385169,0.1366341,0.0006087392
527,0.2903401,0.3384143,0.2356756,0.1349972,0.0005726835
528,0.2936854,0.3394302,0.233168,0.1331731,0.0005431931
529,0.303752,0.3379625,0.2300515,0.1277117,0.0005223014
530,0.3077463,0.3373744,0.2308129,0.1235504,0.0005159885
531,0.3106144,0.3383135,0.2314561,0.1191041,0.0005119343
532,0.3134435,0.338878,0.2320977,0.1150704,0.0005103222
533,0.3163072,0.3388905,0.2326827,0.1116086,0.0005109035
534,0.3191433,0.3383609,0.2332512,0.108731,0.0005136692
535,0.3218598,0.3373618,0.2338724,0.1063874,0.0005186515
536,0.324387,0.3359421,0.2346318,0.1045132,0.0005259612
537,0.3266327,0.3342737,0.2355369,0.1030214,0.0005353859
538,0.3285619,0.3324616,0.2365896,0.1018402,0.0005466584
539,0.3301637,0.3305975,0.2377715,0.1009078,0.000559433
540,0.3314487,0.3287525,0.239052,0.1001735,0.0005733236
541,0.3151855,0.3284064,0.245905,0.1098829,0.0006202516
542,0.3119283,0.3286157,0.2417362,0.1170892,0.0006306472
543,0.3137934,0.3214545,0.2393506,0.1247539,0.0006476514
544,0.3159738,0.3138427,0.2387166,0.1307949,0.0006719453
545,0.3173062,0.3075838,0.2395293,0.1348785,0.0007021345
546,0.3177494,0.3028467,0.2412567,0.1374115,0.0007357048
547,0.3175028,0.2993839,0.2434006,0.1389425,0.0007701472
548,0.316758,0.2969197,0.2455998,0.139919,0.0008033611
549,0.315681,0.2951947,0.2476443,0.1406461,0.0008339253
550,0.3143761,0.2940262,0.249427,0.1413099,0.0008609197
551,0.3129071,0.2932879,0.2509059,0.1420153,0.0008838007
552,0.311312,0.2928953,0.2520751,0.1428153,0.0009022864
553,0.3306624,0.2866526,0.2456138,0.1361769,0.0008943551
554,0.33315,0.2843949,0.2474777,0.1340593,0.0009181126
555,0.3321992,0.2858655,0.2486965,0.1323054,0.0009333595
556,0.3306163,0.2880644,0.2491712,0.1312088,0.0009393658
557,0.3290048,0.2903335,0.2489711,0.1307539,0.0009367316
558,0.3274958,0.2925363,0.2482259,0.1308153,0.0009266593
559,0.3261158,0.2946607,0.2470747,0.1312381,0.0009105867
560,0.3248703,0.2967316,0.2456344,0.1318737,0.0008899553
561,0.3237802,0.2987562,0.2440017,0.1325957,0.0008661808
562,0.3228641,0.3007402,0.2422501,0.1333049,0.0008405568
563,0.322146,0.3026707,0.2404401,0.1339291,0.0008142334
564,0.3216498,0.304516,0.2386248,0.1344212,0.0007882066
565,0.3272776,0.3047617,0.2312888,0.13594,0.0007319159
566,0.3315441,0.303487,0.2256947,0.1385853,0.0006890081
567,0.3343898,0.301396,0.2221279,0.1414256,0.0006606879
568,0.3362093,0.2995345,0.2200655,0.1435468,0.0006439458
569,0.3374182,0.2979954,0.2190916,0.1448587,0.0006360249
570,0.338234,0.2967595,0.2188286,0.1455435,0.0006344033
571,0.3387654,0.295792,0.21898,0.1458257,0.0006369993
572,0.3390776,0.2950535,0.219337,0.1458895,0.00064226
573,0.3392181,0.2945064,0.2197635,0.145863,0.0006489748
574,0.3392275,0.2941122,0.2201774,0.1458267,0.0006562712
575,0.3391375,0.2938395,0.2205332,0.1458262,0.0006635387
576,0.338972,0.2936645,0.2208091,0.1458842,0.0006703632
577,0.3480688,0.292723,0.217251,0.1413008,0.000656396
578,0.3488607,0.2916174,0.2188864,0.139973,0.0006625472
579,0.3486687,0.2925376,0.2195965,0.1385322,0.0006648303
580,0.3484259,0.2936721,0.2197725,0.1374654,0.0006641736
581,0.3482561,0.2947279,0.2195502,0.1368048,0.0006610614
582,0.3481637,0.295659,0.2190523,0.1364688,0.0006560746
583,0.3481396,0.2964654,0.2183876,0.1363576,0.0006498494
584,0.3481751,0.2971597,0.2176403,0.1363819,0.0006429469
585,0.3482596,0.2977679,0.216866,0.1364707,0.0006358573
586,0.3483872,0.2983036,0.2161045,0.1365757,0.0006289723
587,0.3485522,0.2987781,0.2153807,0.1366665,0.0006225788
588,0.3487488,0.2991995,0.214709,0.1367259,0.0006168733
589,0.3432744,0.3033668,0.2143635,0.1383968,0.0005986071
590,0.3438807,0.3030244,0.2130377,0.1394757,0.0005814778
591,0.3446681,0.3021805,0.2120998,0.1404819,0.0005698286
592,0.345316,0.3014413,0.2114893,0.1411908,0.0005626291
593,0.3458002,0.3008565,0.2111599,0.1416245,0.000558994
594,0.3461342,0.3004109,0.2110364,0.1418605,0.0005580495
595,0.3463346,0.300084,0.2110457,0.1419767,0.0005590266
596,0.3464635,0.2997774,0.2111564,0.1420414,0.0005612934
597,0.3464833,0.2995537,0.2113082,0.1420904,0.0005643558
598,0.3464124,0.299398,0.2114706,0.1421512,0.0005678458
599,0.3462669,0.2992985,0.2116244,0.1422387,0.0005714777
600,0.3460602,0.2992466,0.2117583,0.1423597,0.0005750346
601,0.346862,0.297739,0.2096104,0.1452189,0.0005696411
602,0.3486322,0.2964625,0.2066156,0.1477273,0.000562391
603,0.3496985,0.2940085,0.2052668,0.1504636,0.0005627354
604,0.3499786,0.2919234,0.2049146,0.1526151,0.0005682977
605,0.3497358,0.2903509,0.2051692,0.1541669,0.0005771558
606,0.3491506,0.2892247,0.205729,0.1553082,0.0005876236
607,0.3483265,0.2884635,0.2063818,0.1562299,0.0005983244
608,0.3472798,0.2880735,0.2069704,0.157068,0.0006082296
609,0.3461003,0.2879215,0.2074395,0.1579221,0.0006166179
610,0.3448134,0.28797,0.2077541,0.1588396,0.000622973
611,0.3434402,0.2881884,0.2079029,0.1598416,0.0006269744
612,0.3419994,0.2885534,0.2078876,0.1609312,0.0006284486
613,0.3345469,0.2931117,0.2119169,0.1597818,0.0006425756
614,0.3287188,0.2957665,0.2165396,0.1583196,0.0006555875
615,0.3241955,0.2999757,0.2187338,0.1564409,0.0006541468
616,0.3207206,0.3041984,0.2193321,0.1551078,0.0006410306
617,0.3180279,0.3081545,0.2188049,0.1543941,0.0006186732
618,0.3159807,0.3117976,0.2175093,0.1541227,0.0005898132
619,0.3145343,0.3151279,0.2157249,0.1540556,0.0005572359
620,0.3136906,0.3181547,0.2136609,0.1539704,0.0005233763
621,0.3134924,0.3208613,0.2114692,0.1536866,0.0004903954
622,0.3139665,0.3231633,0.2092968,0.1531134,0.0004600593
623,0.3151054,0.3249734,0.2072641,0.1522235,0.0004336189
624,0.3168561,0.3262213,0.2054693,0.1510415,0.0004118549
625,0.3200797,0.3250393,0.203721,0.1507609,0.0003991013
626,0.3231758,0.3249037,0.2016141,0.1499172,0.0003891223
627,0.32634,0.3236296,0.200446,0.1491989,0.0003855097
628,0.3292924,0.3220164,0.1999741,0.1483295,0.0003874281
629,0.3319242,0.3202552,0.2000819,0.1473446,0.0003940928
630,0.3341572,0.3184704,0.2006348,0.1463331,0.0004046109
631,0.3359529,0.3167482,0.2015039,0.1453769,0.0004180536
632,0.3373067,0.3151646,0.2025667,0.1445283,0.0004335331
633,0.3382749,0.3137014,0.2037472,0.1438264,0.0004502268
634,0.3389073,0.312368,0.2049754,0.143282,0.0004673831
635,0.3392587,0.3111647,0.2061987,0.1428936,0.0004843607
636,0.3393805,0.3100891,0.2073784,0.1426514,0.0005006304
637,0.3438539,0.3050861,0.2066998,0.1438407,0.0005195809
638,0.3451728,0.3035394,0.2056056,0.1451478,0.0005343846
639,0.3457288,0.3013107,0.2055521,0.1468577,0.0005507132
640,0.3456608,0.2993351,0.2060658,0.1483708,0.0005674153
641,0.3452032,0.2977422,0.2068763,0.1495948,0.0005835271
642,0.3445061,0.2965091,0.2077909,0.1505956,0.0005982108
643,0.343654,0.2955876,0.2086802,0.1514675,0.0006107917
644,0.3426936,0.2949299,0.2094667,0.1522888,0.0006209797
645,0.3416533,0.2945011,0.2101082,0.1531091,0.0006284153
646,0.3405567,0.2942744,0.2105831,0.1539528,0.0006329026
647,0.3394248,0.29423,0.2108847,0.154826,0.0006343885
648,0.3382792,0.2943517,0.2110141,0.155722,0.0006329358
649,0.3296136,0.2966837,0.2150532,0.1580021,0.0006474568
650,0.3259167,0.2987885,0.2164125,0.1582338,0.0006484464
651,0.3234072,0.3006067,0.2169915,0.1583517,0.0006429135
652,0.3215718,0.3023912,0.2168988,0.1585066,0.0006317543
653,0.3202239,0.3041326,0.2163164,0.1587106,0.0006165598
654,0.3192874,0.3058003,0.215412,0.1589015,0.0005988604
655,0.3187356,0.3073589,0.2143197,0.1590058,0.0005800578
656,0.3185486,0.3087871,0.2131398,0.1589628,0.0005615326
657,0.3187202,0.3100365,0.2119602,0.1587389,0.0005441925
658,0.3192315,0.3110683,0.2108482,0.1583233,0.0005287304
659,0.3200513,0.3118487,0.2098575,0.1577267,0.000515637
660,0.3211339,0.3123578,0.2090287,0.1569744,0.0005052157
661,0.3267169,0.308665,0.2070985,0.1570165,0.0005030147
662,0.3291398,0.3083693,0.2050929,0.1568971,0.0005008638
663,0.3311754,0.3071134,0.2042039,0.1570038,0.0005034254
664,0.3328489,0.305686,0.2040409,0.1569147,0.0005096959
665,0.3342293,0.3042561,0.2043819,0.1566139,0.0005188343
666,0.3353499,0.302893,0.2050463,0.1561808,0.0005299475
667,0.3362336,0.3016311,0.2058931,0.1557001,0.000542197
668,0.3369287,0.3004312,0.2068395,0.1552457,0.0005549164
669,0.3374168,0.2993383,0.2078113,0.1548659,0.0005675884
670,0.3377206,0.2983595,0.2087553,0.1545847,0.000579779
671,0.3378637,0.2974933,0.2096386,0.1544132,0.0005911621
672,0.3378678,0.2967363,0.2104411,0.1543532,0.0006014971
673,0.3361564,0.3009191,0.2125438,0.1497771,0.0006036041
674,0.3331938,0.3011672,0.2181463,0.1468741,0.0006185785
675,0.3305947,0.3040796,0.2212948,0.143408,0.0006228553
676,0.3287842,0.3072454,0.2228409,0.1405108,0.0006187512
677,0.3276538,0.3101521,0.2232405,0.1383457,0.000607884
678,0.3270873,0.3126616,0.2228527,0.1368062,0.0005921958
679,0.3270021,0.3147382,0.2219754,0.1357107,0.0005736761
680,0.327314,0.3164369,0.2208228,0.134872,0.0005543231
681,0.3279997,0.31769,0.2196077,0.1341669,0.000535676
682,0.3290067,0.31853,0.2184522,0.1334924,0.0005188096
683,0.3302776,0.3189821,0.2174453,0.1327905,0.0005044666
684,0.3317454,0.319079,0.2166438,0.1320388,0.000493088
685,0.3274069,0.3190911,0.2169469,0.1360665,0.0004886534
686,0.3293163,0.3182191,0.2137597,0.1382271,0.000477819
687,0.332074,0.3145958,0.2122092,0.1406449,0.0004762214
688,0.3343524,0.3110435,0.2117853,0.142337,0.0004817873
689,0.3360053,0.3079627,0.212247,0.143292,0.0004929762
690,0.3370609,0.3054003,0.2132993,0.1437313,0.0005080889
691,0.3375862,0.3033293,0.2146714,0.1438875,0.0005255406
