EwEVersion,"6.5.13829.0 (compiled 2016-05-17)"
Date,"2016-09-06 16:27:34"
ModelName,Baltic_Proper-SEALS
EcosimScenario,Proper1_SealVuln100_19742100_seal0_cofF03
TimeSeries,new_data_weights_19742100_BAU_WAR1_codF03_seal100
StartYear,1974

Data,"Prey of microzooplankton"

TimeStep,"Cyanobacteria","Phytoplankton","Detritus-water column",
1,0.0008785256,0.5158164,0.4833051
2,0.0008198718,0.5461308,0.4530493
3,0.0007911188,0.559675,0.4395338
4,0.0007766322,0.5654634,0.4337601
5,0.0007692975,0.5675439,0.4316868
6,0.0007655739,0.5678974,0.431337
7,0.0007636457,0.5675094,0.431727
8,0.0007625801,0.5668615,0.4323759
9,0.0007619071,0.5661771,0.433061
10,0.0007613972,0.5655503,0.4336883
11,0.0007609448,0.5650129,0.4342261
12,0.0007605043,0.5645697,0.4346699
13,0.0007726948,0.5569893,0.442238
14,0.0007796324,0.5525924,0.446628
15,0.0007832796,0.5502692,0.4489475
16,0.0007850192,0.5491337,0.4500813
17,0.0007856891,0.5486611,0.4505533
18,0.0007857836,0.5485436,0.4506706
19,0.000785586,0.5486045,0.45061
20,0.0007852534,0.5487427,0.450472
21,0.0007848715,0.5488992,0.4503158
22,0.0007844871,0.5490368,0.4501787
23,0.0007841254,0.54913,0.4500859
24,0.0007838001,0.549161,0.4500553
25,0.000712802,0.5897603,0.4095269
26,0.0006786227,0.6086189,0.3907026
27,0.0006622651,0.6165196,0.3828182
28,0.0006541656,0.6195205,0.3798253
29,0.0006501476,0.6201602,0.3791896
30,0.0006481193,0.6197114,0.3796404
31,0.000647025,0.6188141,0.3805389
32,0.0006463414,0.6177795,0.3815741
33,0.0006458191,0.6167487,0.3826056
34,0.0006453432,0.6157827,0.3835718
35,0.0006448679,0.6149006,0.3844545
36,0.0006443789,0.6141027,0.3852529
37,0.0006596079,0.6041189,0.3952215
38,0.0006681603,0.598319,0.4010129
39,0.0006726587,0.5951244,0.404203
40,0.0006748312,0.593407,0.4059182
41,0.0006757188,0.5924978,0.4068265
42,0.0006759249,0.5920126,0.4073115
43,0.0006757872,0.5917385,0.4075857
44,0.0006754882,0.5915614,0.4077632
45,0.0006751236,0.591422,0.4079029
46,0.0006747453,0.591285,0.4080403
47,0.0006743785,0.5911316,0.4081939
48,0.0006740356,0.590951,0.4083749
49,0.0006902047,0.5809171,0.4183927
50,0.0006995352,0.5751517,0.4241487
51,0.0007046558,0.5720504,0.427245
52,0.0007073485,0.5704287,0.4288639
53,0.0007086945,0.5695848,0.4297064
54,0.0007093266,0.5691155,0.4301751
55,0.0007096,0.5688021,0.4304884
56,0.0007097046,0.5685337,0.4307567
57,0.0007097368,0.5682601,0.4310302
58,0.0007097391,0.5679685,0.4313217
59,0.0007097299,0.5676601,0.4316302
60,0.0007097147,0.5673422,0.4319481
61,0.0007164613,0.5632625,0.436021
62,0.0007203276,0.5610325,0.4382472
63,0.0007226323,0.5596789,0.4395985
64,0.0007239576,0.5588757,0.4404005
65,0.0007247046,0.5583827,0.4408926
66,0.0007251185,0.5580565,0.4412184
67,0.0007253435,0.5578166,0.4414581
68,0.0007254618,0.5576205,0.4416541
69,0.0007255198,0.5574478,0.4418266
70,0.0007255449,0.5572874,0.4419871
71,0.0007255507,0.5571351,0.4421394
72,0.0007255446,0.5569903,0.4422842
73,0.0006834582,0.5824492,0.4168673
74,0.0006619956,0.5949562,0.4043818
75,0.0006510922,0.600673,0.3986759
76,0.0006455063,0.6030594,0.3962951
77,0.0006426264,0.6038129,0.3955446
78,0.0006411021,0.6038029,0.395556
79,0.0006402352,0.6034724,0.3958874
80,0.0006396709,0.6030402,0.3963201
81,0.0006392344,0.6026087,0.3967521
82,0.0006388442,0.6022215,0.3971396
83,0.0006384642,0.6018935,0.397468
84,0.0006380806,0.6016265,0.3977354
85,0.000638359,0.6006067,0.398755
86,0.0006383623,0.5997743,0.3995873
87,0.000637987,0.5993912,0.3999708
88,0.000637499,0.5992,0.4001625
89,0.0006369814,0.5991188,0.4002443
90,0.0006364624,0.5991138,0.4002497
91,0.0006359489,0.599169,0.4001951
92,0.0006354408,0.5992741,0.4000904
93,0.000634937,0.5994203,0.3999447
94,0.0006344386,0.5995958,0.3997697
95,0.0006339511,0.5997854,0.3995806
96,0.0006334829,0.5999701,0.3993965
97,0.0006227616,0.6064317,0.3929455
98,0.0006168393,0.6097194,0.3896638
99,0.0006135149,0.6112986,0.3880879
100,0.0006116547,0.6119034,0.3874849
101,0.0006106101,0.6119584,0.387431
102,0.0006100218,0.6116985,0.3876915
103,0.0006096922,0.6112547,0.3881356
104,0.0006095131,0.6107025,0.388688
105,0.000609424,0.6100881,0.3893025
106,0.0006093886,0.6094444,0.3899463
107,0.0006093818,0.6087967,0.3905939
108,0.0006093866,0.6081648,0.3912258
109,0.0006286778,0.5952079,0.4041633
110,0.0006399935,0.5875787,0.4117814
111,0.0006462695,0.5834679,0.4158858
112,0.0006496437,0.5813385,0.418012
113,0.0006513968,0.5802956,0.419053
114,0.0006522773,0.5798237,0.419524
115,0.0006527056,0.579637,0.4197103
116,0.0006529087,0.5795842,0.4197629
117,0.0006530037,0.579589,0.419758
118,0.0006530486,0.5796158,0.4197312
119,0.0006530719,0.579648,0.4196989
120,0.0006530865,0.5796789,0.419668
121,0.0006465263,0.5839973,0.4153562
122,0.000642908,0.586369,0.4129882
123,0.0006410362,0.5874959,0.4118631
124,0.0006400722,0.5879971,0.4113629
125,0.000639583,0.5881769,0.4111835
126,0.0006393338,0.5881987,0.4111619
127,0.0006391992,0.5881489,0.4112118
128,0.0006391154,0.588071,0.4112899
129,0.0006390518,0.5879853,0.4113756
130,0.000638994,0.5879008,0.4114601
131,0.0006389362,0.5878209,0.4115402
132,0.0006388758,0.5877467,0.4116145
133,0.0006936348,0.5539035,0.4454028
134,0.0007288627,0.5336701,0.4656011
135,0.0007507709,0.5221894,0.4770598
136,0.0007637937,0.5164051,0.4828311
137,0.000771332,0.5139413,0.4852873
138,0.0007756632,0.5132437,0.4859806
139,0.0007782071,0.5133716,0.4858502
140,0.0007798017,0.513792,0.4854282
141,0.000780919,0.514224,0.4849951
142,0.0007818191,0.5145273,0.4846909
143,0.0007826358,0.5146451,0.4845723
144,0.0007834333,0.5145659,0.4846506
145,0.0007134796,0.5573162,0.4419704
146,0.0006796735,0.5767962,0.4225241
147,0.0006628307,0.5853825,0.4139547
148,0.0006542469,0.588886,0.4104598
149,0.000649803,0.5900308,0.4093193
150,0.0006474481,0.5901346,0.409218
151,0.000646146,0.589825,0.4095289
152,0.0006453753,0.5893884,0.4099663
153,0.000644874,0.5889467,0.4104084
154,0.0006445107,0.5885469,0.4108086
155,0.0006442193,0.5882028,0.4111529
156,0.0006439658,0.5879158,0.4114402
157,0.0007674716,0.5102121,0.4890204
158,0.0008618383,0.4529794,0.5461587
159,0.0009292632,0.414831,0.5842398
160,0.0009752011,0.3913346,0.6076902
161,0.001005398,0.3780966,0.620898
162,0.001024707,0.3715591,0.6274162
163,0.001036843,0.3691057,0.6298575
164,0.001044451,0.3689415,0.6300141
165,0.001049305,0.3699113,0.6290394
166,0.001052532,0.3713154,0.627632
167,0.001054822,0.3727529,0.6261922
168,0.001056582,0.3740118,0.6249317
169,0.0009734679,0.4240737,0.5749528
170,0.0009275723,0.450286,0.5487865
171,0.0009042085,0.4613762,0.5377195
172,0.0008911829,0.4663131,0.5327957
173,0.0008836554,0.4685968,0.5305195
174,0.0008793158,0.4696119,0.5295088
175,0.0008768507,0.4700748,0.5290483
176,0.0008755011,0.470335,0.5287895
177,0.000874826,0.4705457,0.5285795
178,0.0008745682,0.4707634,0.5283619
179,0.0008745721,0.471004,0.5281214
180,0.0008747407,0.4712694,0.5278558
181,0.0008495058,0.4864937,0.5126568
182,0.0008350877,0.495039,0.5041259
183,0.0008270712,0.4996828,0.4994902
184,0.0008227375,0.5021558,0.4970213
185,0.0008204883,0.5034615,0.495718
186,0.0008193945,0.5041706,0.49501
187,0.0008189224,0.5046008,0.4945803
188,0.0008187724,0.5049236,0.4942576
189,0.0008187791,0.5052291,0.4939521
190,0.0008188548,0.5055605,0.4936206
191,0.0008189544,0.5059379,0.4932432
192,0.0008190551,0.5063689,0.4928121
193,0.0008038519,0.5157564,0.4834398
194,0.0007951642,0.5211168,0.478088
195,0.0007902749,0.5241803,0.4750294
196,0.0007875799,0.5259527,0.4732597
197,0.0007861233,0.5270245,0.4721894
198,0.0007853495,0.5277284,0.4714863
199,0.0007849427,0.5282437,0.4709713
200,0.0007847291,0.5286614,0.4705539
201,0.0007846173,0.529022,0.4701933
202,0.0007845624,0.5293388,0.4698767
203,0.0007845444,0.5296121,0.4696034
204,0.0007845555,0.5298377,0.4693777
205,0.0008512291,0.4908803,0.5082684
206,0.0008961976,0.4656861,0.5334177
207,0.0009251073,0.4506869,0.548388
208,0.000942972,0.4424432,0.5566139
209,0.0009536665,0.4383642,0.5606822
210,0.000959943,0.4366603,0.5623798
211,0.000963629,0.4361841,0.5628522
212,0.0009658686,0.4362495,0.5627847
213,0.0009673382,0.4364785,0.5625542
214,0.0009684067,0.4367016,0.56233
215,0.0009692678,0.4368592,0.5621716
216,0.0009700164,0.4369494,0.5620806
217,0.0008918723,0.4819497,0.5171584
218,0.0008505007,0.5048288,0.4943208
219,0.0008288737,0.5159797,0.4831914
220,0.0008175671,0.5212066,0.4779758
221,0.0008117431,0.5234464,0.4757419
222,0.0008088225,0.5242285,0.4749627
223,0.0008074143,0.5243458,0.4748468
224,0.000806773,0.5241988,0.4749945
225,0.0008065053,0.5239801,0.4752134
226,0.0008064091,0.5237755,0.4754181
227,0.0008063846,0.5236176,0.475576
228,0.000806385,0.5235143,0.4756792
229,0.0008198186,0.5159936,0.4831866
230,0.0008279664,0.5117719,0.4874001
231,0.0008328645,0.5094802,0.4896869
232,0.0008357364,0.5083713,0.490793
233,0.0008373961,0.5079472,0.4912154
234,0.0008383552,0.5078993,0.4912623
235,0.0008389219,0.5080448,0.4911163
236,0.0008392759,0.5082788,0.490882
237,0.0008395182,0.5085427,0.4906178
238,0.0008397033,0.508804,0.4903563
239,0.0008398598,0.5090445,0.4901156
240,0.0008400003,0.5092545,0.4899055
241,0.0008125991,0.5257419,0.4734456
242,0.0007975001,0.5347655,0.464437
243,0.0007896522,0.5391374,0.460073
244,0.0007856179,0.541129,0.4580854
245,0.0007835945,0.5418913,0.4573251
246,0.0007826001,0.5420455,0.4571719
247,0.0007821072,0.5419232,0.4572947
248,0.0007818405,0.5416958,0.4575223
249,0.0007816643,0.5414472,0.4577712
250,0.000781518,0.5412114,0.458007
251,0.0007813769,0.5410004,0.4582182
252,0.0007812337,0.5408152,0.4584036
253,0.0007698615,0.5463727,0.4528574
254,0.0007632275,0.549107,0.4501297
255,0.0007590745,0.5506487,0.4485922
256,0.0007565281,0.5514033,0.4478401
257,0.000754958,0.5517081,0.447537
258,0.000753968,0.5517735,0.4474725
259,0.0007533192,0.551722,0.4475246
260,0.0007528702,0.5516215,0.4476256
261,0.0007525383,0.5515076,0.4477398
262,0.000752276,0.551398,0.4478497
263,0.0007520564,0.5513005,0.4479474
264,0.000751864,0.5512173,0.4480309
265,0.0008157635,0.5144917,0.4846925
266,0.000858114,0.4915912,0.5075508
267,0.0008851183,0.4781291,0.5209858
268,0.0009016037,0.4709554,0.5281429
269,0.0009113508,0.4676099,0.5314788
270,0.0009170097,0.4664061,0.5326768
271,0.000920308,0.4662723,0.5328074
272,0.0009223093,0.4665668,0.5325109
273,0.0009236322,0.4669297,0.5321466
274,0.000924614,0.4671839,0.5318914
275,0.0009254243,0.4672603,0.5318142
276,0.0009261361,0.4671578,0.5319161
277,0.0009447124,0.4563393,0.542716
278,0.0009565561,0.449394,0.5496494
279,0.000963709,0.4453583,0.5536779
280,0.0009678952,0.443143,0.5558892
281,0.0009702784,0.4420236,0.5570061
282,0.0009716123,0.4415371,0.5574913
283,0.0009723649,0.4413993,0.5576283
284,0.0009728148,0.4414441,0.5575831
285,0.0009731212,0.4415789,0.557448
286,0.0009733702,0.4417544,0.5572722
287,0.0009736052,0.4419461,0.5570802
288,0.0009738457,0.4421433,0.5568829
289,0.000899617,0.4841149,0.5149855
290,0.0008598766,0.5056534,0.4934869
291,0.0008388259,0.5162773,0.4828839
292,0.0008276436,0.5213273,0.477845
293,0.0008217465,0.5235375,0.4756408
294,0.0008186745,0.5243416,0.4748397
295,0.0008170918,0.5244909,0.4746921
296,0.0008162764,0.5243708,0.4748129
297,0.0008158438,0.524171,0.4750132
298,0.0008155957,0.5239769,0.4752074
299,0.0008154332,0.5238228,0.4753618
300,0.0008153087,0.5237178,0.4754669
301,0.0007498086,0.5611991,0.4380511
302,0.0007170184,0.5790964,0.4201865
303,0.0007002751,0.587409,0.4118907
304,0.000691598,0.5910391,0.4082693
305,0.0006870588,0.5923688,0.4069442
306,0.0006846352,0.5926042,0.4067113
307,0.0006832751,0.5923572,0.4069596
308,0.0006824358,0.5919302,0.4073873
309,0.0006818448,0.5914647,0.4078534
310,0.0006813673,0.5910231,0.4082955
311,0.0006809421,0.5906262,0.4086929
312,0.0006805431,0.5902761,0.4090435
313,0.0007729144,0.535242,0.463985
314,0.0008380219,0.4977277,0.5014343
315,0.0008808968,0.4746875,0.5244317
316,0.0009076464,0.4617954,0.5372969
317,0.0009235946,0.4554147,0.5436617
318,0.0009327667,0.4528743,0.5461929
319,0.000937931,0.452389,0.546673
320,0.0009408512,0.4528502,0.5462089
321,0.0009425812,0.4536106,0.5454468
322,0.0009437048,0.4543314,0.5447249
323,0.0009445259,0.4548566,0.5441989
324,0.0009451889,0.4551399,0.543915
325,0.0009375189,0.4597113,0.5393512
326,0.0009329671,0.4621345,0.5369326
327,0.000930267,0.463371,0.5356987
328,0.0009286982,0.4639146,0.5351566
329,0.0009277983,0.4640981,0.5349741
330,0.0009272919,0.4641212,0.5349515
331,0.0009270231,0.4640935,0.5349794
332,0.000926905,0.4640701,0.5350029
333,0.000926889,0.4640749,0.5349982
334,0.00092695,0.4641098,0.5349633
335,0.0009270714,0.4641718,0.5349011
336,0.0009272399,0.4642563,0.5348165
337,0.000933464,0.4609915,0.5380751
338,0.0009374319,0.4591368,0.5399258
339,0.0009399483,0.4581645,0.5408955
340,0.0009415549,0.457732,0.5413264
341,0.000942607,0.4576192,0.5414382
342,0.0009433299,0.457691,0.5413657
343,0.000943862,0.4578678,0.5411883
344,0.0009442866,0.4581039,0.5409518
345,0.0009446521,0.4583734,0.5406819
346,0.0009449859,0.458664,0.540391
347,0.0009453036,0.4589681,0.5400866
348,0.0009456147,0.4592803,0.5397741
349,0.0008152933,0.5341245,0.4650602
350,0.0007557583,0.5672451,0.4319991
351,0.000727876,0.5815338,0.4177383
352,0.0007142775,0.5875492,0.4117364
353,0.0007075843,0.5897074,0.4095851
354,0.0007042628,0.5901003,0.4091955
355,0.0007025567,0.589749,0.4095485
356,0.0007015951,0.5891432,0.4101552
357,0.0007009566,0.5885041,0.4107949
358,0.0007004466,0.5879216,0.4113779
359,0.0006999818,0.5874227,0.4118773
360,0.0006995309,0.5870076,0.4122929
361,0.0007783373,0.5401101,0.4591116
362,0.0008320922,0.5087373,0.4904306
363,0.0008661504,0.4901437,0.5089901
364,0.000886573,0.4801221,0.5189913
365,0.0008982288,0.4754049,0.5236969
366,0.0009045977,0.4737172,0.5253782
367,0.000907965,0.4736001,0.5254919
368,0.0009097274,0.474182,0.5249082
369,0.0009106873,0.4749732,0.5241161
370,0.0009112805,0.4757101,0.5233786
371,0.0009117263,0.4762651,0.5228231
372,0.000912122,0.4765908,0.5224971
373,0.0009226588,0.4710403,0.528037
374,0.0009292375,0.4676771,0.5313936
375,0.0009332816,0.4656421,0.5334246
376,0.0009357259,0.4643954,0.5346689
377,0.0009371819,0.4636076,0.5354553
378,0.0009380357,0.4630912,0.5359709
379,0.000938529,0.4627446,0.5363168
380,0.0009388131,0.4625128,0.5365484
381,0.0009389835,0.4623643,0.5366967
382,0.0009390982,0.4622816,0.5367793
383,0.000939195,0.4622508,0.53681
384,0.0009392956,0.4622606,0.5368001
385,0.0009411324,0.4612382,0.5378207
386,0.0009423152,0.4606537,0.538404
387,0.0009430599,0.4603929,0.538664
388,0.0009435526,0.4603256,0.5387308
389,0.0009439057,0.4603733,0.5386828
390,0.000944184,0.4604909,0.5385649
391,0.0009444234,0.4606543,0.5384013
392,0.0009446425,0.4608518,0.5382036
393,0.0009448508,0.4610783,0.5379767
394,0.0009450545,0.46133,0.5377249
395,0.0009452562,0.4616047,0.5374501
396,0.0009454573,0.4619009,0.5371537
397,0.0009651309,0.4504503,0.5485846
398,0.0009775334,0.4433689,0.5556536
399,0.0009847928,0.4396794,0.5593358
400,0.0009889113,0.4379865,0.5610246
401,0.000991179,0.4374266,0.5615822
402,0.0009924062,0.4374713,0.5615363
403,0.0009930815,0.4378081,0.5611989
404,0.0009934864,0.4382599,0.5607466
405,0.0009937737,0.4387312,0.560275
406,0.0009940201,0.4391754,0.5598306
407,0.0009942596,0.439572,0.5594338
408,0.0009945034,0.4399144,0.5590911
409,0.000898158,0.493948,0.5051539
410,0.0008489663,0.5204241,0.4787269
411,0.0008240122,0.5328138,0.4663622
412,0.0008111618,0.5383931,0.4607957
413,0.0008045589,0.54062,0.4585755
414,0.0008011844,0.5412478,0.457951
415,0.000799451,0.5411716,0.4580289
416,0.0007985276,0.5408379,0.4583636
417,0.000797986,0.5404577,0.4587443
418,0.0007976124,0.540122,0.4590804
419,0.0007973042,0.5398628,0.45934
420,0.0007970151,0.5396852,0.4595178
421,0.0008020544,0.5366738,0.4625241
422,0.0008048935,0.5350612,0.4641338
423,0.0008064433,0.5342289,0.4649647
424,0.0008071978,0.5338826,0.4653102
425,0.0008074859,0.5338175,0.465375
426,0.0008075124,0.5339043,0.4652882
427,0.0008073989,0.5340635,0.4651291
428,0.0008072179,0.534245,0.4649478
429,0.0008070129,0.5344159,0.4647771
430,0.0008068103,0.5345524,0.4646408
431,0.0008066258,0.534638,0.4645554
432,0.0008064678,0.5346617,0.4645319
433,0.0008699024,0.4994177,0.4997123
434,0.0009118722,0.4775252,0.5215629
435,0.0009387587,0.464493,0.5345684
436,0.0009552477,0.4574074,0.5416374
437,0.0009650703,0.4538998,0.5451351
438,0.0009708432,0.4523471,0.546682
439,0.0009742708,0.4517235,0.5473022
440,0.0009763964,0.4514271,0.5475966
441,0.0009778162,0.4511429,0.5478793
442,0.0009788348,0.450756,0.5482652
443,0.000979595,0.4502631,0.5487573
444,0.0009801585,0.4497186,0.5493012
445,0.0009828501,0.4488785,0.5501387
446,0.0009845573,0.4487462,0.5502692
447,0.0009859655,0.4485941,0.5504199
448,0.000987123,0.4484617,0.5505512
449,0.0009880923,0.4483444,0.5506675
450,0.0009889187,0.4482388,0.5507722
451,0.0009896342,0.4481437,0.5508667
452,0.0009902613,0.4480605,0.5509493
453,0.0009908162,0.4479912,0.551018
454,0.0009913133,0.4479353,0.5510733
455,0.0009917631,0.4478928,0.5511155
456,0.0009921737,0.4478632,0.5511447
457,0.0009816603,0.45212,0.5468983
458,0.0009752917,0.4535555,0.5454692
459,0.0009706435,0.4546795,0.5443498
460,0.0009672762,0.4555824,0.5434504
461,0.0009648943,0.4562904,0.5427447
462,0.0009632569,0.456836,0.5422007
463,0.0009621647,0.4572613,0.5417765
464,0.0009614591,0.4576086,0.5414299
465,0.00096102,0.4579148,0.5411242
466,0.0009607597,0.4582082,0.540831
467,0.000960616,0.4585099,0.5405295
468,0.000960546,0.4588359,0.5402036
469,0.0008587092,0.5161304,0.483011
470,0.0008085446,0.5433651,0.4558264
471,0.0007837475,0.5558224,0.4433939
472,0.0007712101,0.5613565,0.4378722
473,0.000764846,0.5635532,0.4356819
474,0.000761601,0.5641793,0.4350591
475,0.0007599026,0.5641202,0.4351199
476,0.0007589443,0.5638106,0.4354304
477,0.0007583214,0.5634523,0.4357894
478,0.0007578393,0.5631293,0.4361129
479,0.000757411,0.5628665,0.436376
480,0.0007570015,0.5626625,0.4365805
481,0.0008712529,0.4966732,0.5024555
482,0.0009551857,0.4493822,0.5496626
483,0.001012916,0.4189482,0.580039
484,0.001050723,0.4008365,0.5981128
485,0.00107438,0.391098,0.6078276
486,0.001088551,0.3866472,0.6122642
487,0.001096718,0.3852508,0.6136525
488,0.001101312,0.3853893,0.6135094
489,0.001103928,0.3860872,0.6128088
490,0.001105531,0.386779,0.6121155
491,0.001106655,0.3871804,0.6117129
492,0.001107549,0.3872049,0.6116875
493,0.001124463,0.378206,0.6206695
494,0.001135876,0.3721189,0.6267453
495,0.001143338,0.3680955,0.6307611
496,0.00114806,0.3655242,0.6333277
497,0.001150953,0.3639497,0.6348993
498,0.001152673,0.3630455,0.6358019
499,0.00115368,0.3625804,0.6362659
500,0.001154281,0.3623949,0.6364509
501,0.001154672,0.3623805,0.6364649
502,0.001154975,0.3624615,0.6363835
503,0.001155257,0.3625907,0.636254
504,0.00115555,0.3627408,0.6361036
505,0.001108412,0.3888513,0.6100403
506,0.001079204,0.4045988,0.594322
507,0.001062258,0.4132783,0.5856594
508,0.001052686,0.4178366,0.5811107
509,0.001047449,0.4200861,0.5788665
510,0.001044707,0.4210997,0.5778556
511,0.001043367,0.4214927,0.5774639
512,0.001042789,0.4216049,0.5773523
513,0.001042609,0.4216149,0.5773424
514,0.001042625,0.4216115,0.5773458
515,0.001042728,0.4216332,0.5773242
516,0.001042864,0.4216925,0.5772647
517,0.001102952,0.3890663,0.6098307
518,0.00114497,0.3672334,0.6316217
519,0.001173463,0.3534363,0.6453902
520,0.001192275,0.3452084,0.6535993
521,0.001204383,0.3406644,0.6581312
522,0.001212007,0.3384322,0.6603558
523,0.001216733,0.3375577,0.6612256
524,0.001219652,0.3374086,0.6613718
525,0.00122148,0.3375879,0.6611906
526,0.001222665,0.3378627,0.6609146
527,0.001223477,0.338109,0.6606675
528,0.00122407,0.3382723,0.6605036
529,0.001252008,0.3234775,0.6752704
530,0.001271884,0.3132413,0.6854868
531,0.001285524,0.3065671,0.6921474
532,0.001294683,0.3023689,0.6963364
533,0.001300701,0.2998337,0.6988656
534,0.001304573,0.2983721,0.7003233
535,0.001307018,0.2975745,0.7011185
536,0.001308536,0.2971687,0.7015228
537,0.001309469,0.2969822,0.7017083
538,0.00131004,0.2969109,0.7017791
539,0.001310393,0.2968957,0.7017939
540,0.001310618,0.2969053,0.7017841
541,0.00122537,0.3428272,0.6559474
542,0.00117021,0.3716882,0.6271415
543,0.001138375,0.3873074,0.6115542
544,0.001120316,0.3953189,0.6035608
545,0.001110208,0.3991537,0.599736
546,0.001104635,0.4007924,0.598103
547,0.001101612,0.4013427,0.5975556
548,0.001100002,0.4014034,0.5974966
549,0.001099158,0.4012836,0.5976172
550,0.001098723,0.4011313,0.59777
551,0.001098501,0.4010096,0.5978919
552,0.00109839,0.4009393,0.5979624
553,0.001126502,0.3852395,0.613634
554,0.001145384,0.3749767,0.6238781
555,0.001157494,0.3688245,0.630018
556,0.001165009,0.3653844,0.6334506
557,0.001169519,0.36365,0.6351805
558,0.001172137,0.3629322,0.6358957
559,0.001173615,0.3627819,0.6360445
560,0.001174433,0.3629208,0.6359048
561,0.00117489,0.3631857,0.6356394
562,0.00117516,0.3634868,0.6353381
563,0.00117534,0.363778,0.6350467
564,0.001175483,0.3640387,0.6347858
565,0.001136448,0.3851697,0.6136939
566,0.001111757,0.3980541,0.6008343
567,0.001097016,0.4052944,0.5936086
568,0.001088415,0.4091484,0.5897633
569,0.001083507,0.4110549,0.5878616
570,0.001080767,0.4118934,0.5870258
571,0.001079273,0.4121809,0.5867398
572,0.001078474,0.412209,0.5867125
573,0.001078055,0.4121341,0.5867878
574,0.001077837,0.4120345,0.5868877
575,0.001077722,0.4119451,0.5869771
576,0.001077659,0.4118783,0.5870441
577,0.001096198,0.4016284,0.5972754
578,0.001108368,0.395069,0.6038226
579,0.001115976,0.3912182,0.6076658
580,0.001120566,0.389106,0.6097734
581,0.001123234,0.3880584,0.6108183
582,0.001124723,0.3876268,0.6112484
583,0.00112552,0.3875271,0.6113474
584,0.001125928,0.3875885,0.6112856
585,0.00112613,0.3877144,0.6111594
586,0.00112623,0.3878541,0.6110198
587,0.001126285,0.3879835,0.6108902
588,0.001126325,0.3880937,0.61078
589,0.001113284,0.3953684,0.6035182
590,0.001104985,0.3998509,0.5990441
591,0.001099982,0.4023957,0.5965044
592,0.001097054,0.4037587,0.5951442
593,0.001095393,0.4044331,0.5944715
594,0.001094483,0.404727,0.5941785
595,0.001094004,0.404825,0.5940809
596,0.001093765,0.4048323,0.5940739
597,0.001093655,0.4048052,0.5941011
598,0.001093612,0.4047723,0.5941341
599,0.001093602,0.4047464,0.59416
600,0.001093608,0.4047318,0.5941747
601,0.001057463,0.4242041,0.5747384
602,0.001035559,0.4355761,0.5633883
603,0.001022906,0.4417132,0.5572639
604,0.001015759,0.4448321,0.5541521
605,0.001011818,0.446277,0.5527111
606,0.0010097,0.4468395,0.5521508
607,0.00100859,0.4469704,0.552021
608,0.001008019,0.4469167,0.5520753
609,0.001007723,0.4468066,0.5521857
610,0.00100756,0.446701,0.5522915
611,0.001007456,0.4466252,0.5523673
612,0.001007374,0.4465865,0.5524061
613,0.001053249,0.4217369,0.5772098
614,0.001084086,0.4056671,0.5932488
615,0.001104017,0.3959616,0.6029344
616,0.001116444,0.3905014,0.6083822
617,0.001123917,0.3877268,0.6111494
618,0.001128248,0.3865521,0.6123197
619,0.00113067,0.3862611,0.6126083
620,0.001131982,0.3864056,0.6124625
621,0.001132678,0.3867199,0.6121475
622,0.001133052,0.3870557,0.6118112
623,0.00113327,0.3873383,0.6115285
624,0.00113342,0.3875363,0.6113303
625,0.001122206,0.3936889,0.6051889
626,0.00111504,0.397461,0.6014239
627,0.001110701,0.3995653,0.599324
628,0.001108168,0.4006299,0.5982619
629,0.001106747,0.4010789,0.5978143
630,0.001105987,0.4011872,0.5977069
631,0.001105607,0.4011245,0.5977698
632,0.001105435,0.4009907,0.5979038
633,0.001105373,0.4008403,0.5980543
634,0.001105365,0.4007008,0.5981938
635,0.001105382,0.4005837,0.5983109
636,0.00110541,0.4004922,0.5984024
637,0.001083241,0.4122455,0.5866713
638,0.001069381,0.4193308,0.5795998
639,0.001061116,0.4232899,0.575649
640,0.00105632,0.4253729,0.5735708
641,0.001053613,0.4263815,0.5725649
642,0.001052126,0.4268085,0.5721393
643,0.001051332,0.4269445,0.5720043
644,0.001050918,0.4269528,0.5719963
645,0.001050703,0.4269202,0.5720291
646,0.001050588,0.4268895,0.5720599
647,0.001050518,0.4268789,0.5720705
648,0.001050465,0.4268935,0.572056
649,0.001064402,0.4195118,0.5794238
650,0.001073444,0.4149776,0.583949
651,0.001079108,0.412361,0.5865598
652,0.001082544,0.4109698,0.5879477
653,0.00108457,0.4103176,0.5885978
654,0.001085732,0.4100828,0.5888315
655,0.001086385,0.410063,0.5888506
656,0.001086748,0.4101366,0.5887766
657,0.001086952,0.4102346,0.5886784
658,0.001087073,0.4103203,0.5885926
659,0.001087154,0.4103765,0.5885363
660,0.001087215,0.4103977,0.5885151
661,0.001071845,0.4185767,0.5803514
662,0.00106224,0.4234706,0.5754672
663,0.001056499,0.4261704,0.5727731
664,0.001053163,0.4275413,0.5714056
665,0.001051277,0.4281452,0.5708036
666,0.001050239,0.4283319,0.5706179
667,0.001049678,0.4283099,0.5706404
668,0.001049376,0.4281971,0.5707535
669,0.001049208,0.4280569,0.5708939
670,0.001049105,0.427921,0.57103
671,0.001049031,0.427803,0.571148
672,0.001048969,0.427707,0.571244
673,0.001097249,0.4015948,0.5973079
674,0.001130192,0.3843455,0.6145244
675,0.001151844,0.3736619,0.6251862
676,0.001165609,0.3674256,0.6314088
677,0.001174064,0.3640576,0.6347683
678,0.001179078,0.3624398,0.6363811
679,0.001181948,0.3618205,0.6369975
680,0.001183537,0.3617201,0.6370963
681,0.001184391,0.3618502,0.6369654
682,0.001184843,0.3620497,0.6367655
683,0.001185087,0.3622366,0.6365783
684,0.001185227,0.3623765,0.6364383
685,0.00114654,0.383266,0.6155875
686,0.00112209,0.396014,0.6028639
687,0.001107611,0.403057,0.5958354
688,0.001099249,0.4067047,0.592196
689,0.001094541,0.4084191,0.5904864
690,0.00109196,0.4090907,0.5898173
691,0.001090584,0.4092408,0.5896685
692,0.00108987,0.4091612,0.5897489
693,0.001089507,0.409005,0.5899054
694,0.001089324,0.408845,0.5900656
695,0.001089229,0.4087114,0.5901994
696,0.001089175,0.4086126,0.5902982
697,0.001095082,0.405223,0.5936819
698,0.001098855,0.4030809,0.5958202
699,0.001101112,0.401873,0.5970259
700,0.0011024,0.4012471,0.5976505
701,0.001103094,0.4009681,0.5979288
702,0.001103439,0.4008845,0.598012
703,0.001103589,0.4009033,0.597993
704,0.001103635,0.4009701,0.5979262
705,0.001103631,0.4010551,0.5978413
706,0.001103605,0.4011422,0.5977543
707,0.001103573,0.4012237,0.5976726
708,0.001103543,0.4012966,0.5975999
709,0.001095221,0.4060519,0.5928528
710,0.001090006,0.4090385,0.5898715
711,0.001086988,0.4106855,0.5882275
712,0.001085318,0.4115315,0.5873831
713,0.001084447,0.4119152,0.5870004
714,0.001084029,0.4120458,0.5868701
715,0.001083856,0.4120474,0.5868687
716,0.001083805,0.4119897,0.5869265
717,0.001083811,0.4119098,0.5870064
718,0.001083836,0.4118272,0.5870889
719,0.001083863,0.4117506,0.5871655
720,0.001083886,0.4116828,0.5872334
721,0.001063255,0.422417,0.5765198
722,0.00105036,0.428803,0.5701466
723,0.001042577,0.4323891,0.5665683
724,0.001037987,0.4342769,0.5646852
725,0.001035335,0.4351837,0.563781
726,0.001033827,0.4355539,0.5634123
727,0.001032978,0.4356506,0.5633164
728,0.001032498,0.4356234,0.5633442
729,0.001032218,0.4355525,0.5634152
730,0.001032043,0.4354784,0.5634895
731,0.001031922,0.4354189,0.5635492
732,0.001031828,0.4353802,0.563588
733,0.001052868,0.4239865,0.5749606
734,0.001066554,0.4168781,0.5820553
735,0.001075114,0.4127288,0.5861961
736,0.001080294,0.4104733,0.5884464
737,0.001083329,0.4093677,0.5895489
738,0.001085055,0.4089199,0.5899951
739,0.001086011,0.4088208,0.5900931
740,0.001086532,0.4088862,0.5900273
741,0.001086817,0.4090114,0.5899017
742,0.001086982,0.4091407,0.5897723
743,0.001087089,0.4092473,0.5896655
744,0.00108717,0.4093211,0.5895917
745,0.001093429,0.4061931,0.5927134
746,0.001097548,0.4042318,0.5946707
747,0.001100191,0.4030332,0.5958667
748,0.001101845,0.4023284,0.5965698
749,0.00110286,0.4019237,0.5969735
750,0.001103474,0.4016912,0.5972054
751,0.00110384,0.4015512,0.5973449
752,0.001104058,0.4014577,0.5974383
753,0.001104185,0.4013852,0.5975107
754,0.001104259,0.4013205,0.5975752
755,0.001104298,0.4012582,0.5976375
756,0.001104316,0.4011972,0.5976985
757,0.001121276,0.3921055,0.6067732
758,0.001132559,0.3862858,0.6125817
759,0.001139783,0.3827689,0.6160913
760,0.001144273,0.3807539,0.6181018
761,0.001146986,0.3796703,0.6191826
762,0.00114858,0.3791342,0.6197172
763,0.001149493,0.3789004,0.6199501
764,0.001150001,0.3788202,0.6200298
765,0.001150277,0.3788084,0.6200414
766,0.001150423,0.3788197,0.6200299
767,0.001150496,0.3788323,0.6200172
768,0.00115053,0.3788375,0.620012
769,0.001127481,0.3909505,0.607922
770,0.001112663,0.3984291,0.6004582
771,0.00110358,0.4027174,0.596179
772,0.001098144,0.4050341,0.5938678
773,0.001094958,0.4061897,0.5927153
774,0.001093122,0.4066961,0.5922108
775,0.001092075,0.4068621,0.5920458
776,0.001091476,0.4068656,0.5920429
777,0.001091126,0.4068033,0.5921056
778,0.001090909,0.4067255,0.5921836
779,0.001090762,0.406655,0.5922543
780,0.001090649,0.4066002,0.5923091
781,0.001054213,0.4261606,0.5727853
782,0.001032151,0.4375286,0.5614393
783,0.001019374,0.4436494,0.5553312
784,0.001012113,0.4467507,0.5522372
785,0.001008061,0.4481794,0.5508126
786,0.001005834,0.4487251,0.5502691
787,0.001004618,0.4488363,0.550159
788,0.001003947,0.4487574,0.5502387
789,0.001003559,0.448614,0.5503824
790,0.001003312,0.4484666,0.5505301
791,0.001003131,0.4483399,0.550657
792,0.001002982,0.4482405,0.5507565
793,0.001025346,0.4358974,0.5630773
794,0.001039733,0.4281982,0.570762
795,0.001048587,0.4237309,0.5752205
796,0.00105383,0.4213103,0.5776359
797,0.001056809,0.4201185,0.5788248
798,0.001058425,0.4196195,0.5793222
799,0.001059257,0.4194804,0.5794604
800,0.001059657,0.4195049,0.5794355
801,0.001059834,0.419584,0.5793561
802,0.001059905,0.4196624,0.5792777
803,0.001059931,0.4197154,0.5792246
804,0.001059943,0.4197349,0.5792052
805,0.00107857,0.4096436,0.5892778
806,0.001090796,0.4032412,0.595668
807,0.00109851,0.3994192,0.5994822
808,0.001103232,0.3972523,0.6016445
809,0.001106039,0.3960941,0.6027998
810,0.001107663,0.3955176,0.6033748
811,0.001108581,0.3952542,0.6036372
812,0.001109092,0.3951447,0.6037461
813,0.001109376,0.3951,0.6037906
814,0.001109536,0.3950762,0.6038144
815,0.00110963,0.3950534,0.603837
816,0.00110969,0.3950251,0.6038652
817,0.001084348,0.4087328,0.5901828
818,0.001068547,0.4169656,0.5819659
819,0.001059182,0.4215178,0.577423
820,0.001053774,0.4238776,0.5750687
821,0.00105073,0.4249885,0.5739607
822,0.001049062,0.4254248,0.5735261
823,0.001048171,0.4255224,0.5734295
824,0.001047703,0.4254695,0.5734828
825,0.001047458,0.4253664,0.5735861
826,0.001047324,0.4252612,0.5736915
827,0.001047243,0.4251745,0.5737782
828,0.001047185,0.425113,0.5738398
829,0.00107614,0.4093577,0.5895661
830,0.001095374,0.3992642,0.5996404
831,0.001107654,0.3932192,0.6056731
832,0.001115239,0.389829,0.6090558
833,0.001119773,0.3880941,0.6107861
834,0.001122396,0.3873365,0.611541
835,0.00112387,0.3871194,0.6117567
836,0.001124677,0.3871756,0.6116998
837,0.001125114,0.3873505,0.6115245
838,0.001125356,0.3875587,0.6113159
839,0.001125502,0.3877576,0.6111169
840,0.001125604,0.3879283,0.6109461
841,0.001122987,0.3895476,0.6093294
842,0.001121311,0.3905724,0.6083063
843,0.001120302,0.3911773,0.6077024
844,0.001119726,0.3915131,0.6073671
845,0.001119419,0.3916833,0.6071972
846,0.001119275,0.3917554,0.6071253
847,0.001119223,0.3917723,0.6071085
848,0.001119223,0.3917601,0.6071206
849,0.001119247,0.3917346,0.6071461
850,0.001119281,0.3917048,0.6071759
851,0.001119318,0.3916754,0.6072052
852,0.001119352,0.3916495,0.6072311
853,0.001069606,0.4182438,0.5806866
854,0.001039611,0.4336677,0.5652927
855,0.001022394,0.4419255,0.5570521
856,0.001012683,0.4461016,0.5528857
857,0.001007305,0.4480329,0.5509597
858,0.001004382,0.4487856,0.55021
859,0.001002818,0.4489605,0.5500367
860,0.001001983,0.4488844,0.5501137
861,0.001001527,0.4487259,0.5502726
862,0.001001258,0.4485653,0.5504335
863,0.001001078,0.4484361,0.5505628
864,0.001000936,0.4483485,0.5506505
865,0.001078607,0.4063367,0.5925847
866,0.00113347,0.3778145,0.621052
867,0.001170973,0.3595063,0.6393228
868,0.001195832,0.3484028,0.6504014
869,0.001211815,0.3421378,0.6566504
870,0.001221789,0.338955,0.6598232
871,0.001227847,0.3376114,0.6611608
872,0.001231454,0.3372669,0.6615016
873,0.001233593,0.3373815,0.6613849
874,0.00123489,0.3376285,0.6611366
875,0.001235726,0.337829,0.6609353
876,0.001236315,0.3379026,0.6608611
877,0.00114757,0.3848827,0.6139697
878,0.001093855,0.412067,0.5868391
879,0.001063672,0.4261736,0.5727627
880,0.001046804,0.433115,0.5658382
881,0.001037431,0.436244,0.5627186
882,0.001032247,0.4374272,0.5615406
883,0.00102938,0.4376796,0.561291
884,0.001027778,0.4375335,0.5614386
885,0.001026857,0.4372533,0.5617199
886,0.001026298,0.4369612,0.5620125
887,0.001025929,0.4367061,0.562268
888,0.00102566,0.4365017,0.5624726
889,0.001021251,0.4384336,0.5605451
890,0.001018368,0.4395792,0.5594025
891,0.001016495,0.4402482,0.5587353
892,0.001015284,0.4406208,0.5583639
893,0.001014495,0.4408204,0.5581651
894,0.00101397,0.4409271,0.558059
895,0.001013608,0.4409901,0.5579963
896,0.001013345,0.4410383,0.5579484
897,0.001013142,0.4410875,0.5578994
898,0.001012976,0.441146,0.5578411
899,0.001012835,0.4412168,0.5577703
900,0.00101271,0.4413,0.5576873
901,0.001052553,0.4197624,0.5791849
902,0.001079195,0.4059387,0.5929821
903,0.001096338,0.3976341,0.6012696
904,0.001106993,0.3929815,0.6059115
905,0.001113395,0.3906149,0.6082717
906,0.00111712,0.3895893,0.6092936
907,0.001119233,0.3892848,0.6095959
908,0.001120419,0.3893165,0.6095631
909,0.001121101,0.3894593,0.6094196
910,0.001121525,0.3895929,0.6092857
911,0.001121826,0.3896619,0.6092162
912,0.001122073,0.3896511,0.6092269
913,0.001142019,0.3789494,0.6199085
914,0.001155493,0.3719007,0.6269439
915,0.00116425,0.3675174,0.6313184
916,0.001169783,0.3648993,0.633931
917,0.001173185,0.3634008,0.635426
918,0.001175221,0.3625803,0.6362444
919,0.001176408,0.3621509,0.6366727
920,0.001177082,0.3619352,0.6368877
921,0.001177455,0.361829,0.6369935
922,0.001177656,0.3617751,0.6370473
923,0.001177763,0.361744,0.6370783
924,0.00117782,0.3617221,0.6371
925,0.001098324,0.4044554,0.5944463
926,0.00105116,0.428887,0.5700619
927,0.001024978,0.4415219,0.5574532
928,0.001010581,0.4477297,0.5512598
929,0.001002771,0.4505212,0.5484761
930,0.0009986071,0.4515633,0.5474381
931,0.000996426,0.4517641,0.5472394
932,0.0009952965,0.4516043,0.5474004
933,0.0009947052,0.4513267,0.5476786
934,0.0009943775,0.451045,0.5479606
935,0.0009941704,0.4508058,0.5482
936,0.0009940137,0.4506227,0.5483834
937,0.0010248,0.4334432,0.565532
938,0.001044856,0.4225712,0.576384
939,0.001057354,0.416189,0.5827537
940,0.001064841,0.4127055,0.5862297
941,0.001069141,0.4109995,0.5879313
942,0.001071495,0.4103252,0.5886034
943,0.001072712,0.4102114,0.5887159
944,0.001073294,0.4103765,0.5885503
945,0.001073541,0.4106597,0.5882668
946,0.001073627,0.4109729,0.5879535
947,0.001073645,0.4112708,0.5876557
948,0.001073646,0.4115316,0.5873947
949,0.001089503,0.4032412,0.5956693
950,0.001099968,0.3980308,0.6008693
951,0.001106627,0.3949551,0.6039382
952,0.001110754,0.3932416,0.6056476
953,0.001113259,0.3923464,0.6065404
954,0.001114761,0.3919086,0.6069766
955,0.001115662,0.3917029,0.6071814
956,0.001116214,0.3915978,0.607286
957,0.001116565,0.3915231,0.6073604
958,0.001116803,0.3914456,0.6074376
959,0.001116971,0.3913549,0.6075282
960,0.001117095,0.3912516,0.6076313
961,0.001103514,0.3985418,0.6003547
962,0.001094849,0.402985,0.5959201
963,0.001089577,0.405477,0.5934334
964,0.00108645,0.4067767,0.5921369
965,0.001084638,0.4073833,0.5915321
966,0.001083606,0.4076097,0.5913066
967,0.001083024,0.4076434,0.5912735
968,0.001082695,0.4075905,0.5913267
969,0.001082504,0.4075073,0.5914102
970,0.001082387,0.4074229,0.5914947
971,0.001082306,0.40735,0.5915676
972,0.001082245,0.4072926,0.5916252
973,0.001118843,0.3876159,0.6112653
974,0.001143825,0.3746852,0.624171
975,0.001160293,0.3666547,0.632185
976,0.00117083,0.3619338,0.6368954
977,0.001177379,0.3593429,0.6394797
978,0.001181336,0.358054,0.6407647
979,0.001183666,0.3575146,0.6413018
980,0.001185009,0.3573742,0.6414409
981,0.001185774,0.357422,0.6413923
982,0.001186212,0.3575404,0.6412734
983,0.001186472,0.3576685,0.6411449
984,0.001186638,0.3577785,0.6410348
985,0.001171448,0.3658635,0.6329651
986,0.001161334,0.3710396,0.627799
987,0.001154928,0.3741362,0.6247089
988,0.001150982,0.3758896,0.6229594
989,0.001148613,0.3768181,0.6220333
990,0.001147226,0.3772647,0.621588
991,0.001146436,0.3774462,0.6214073
992,0.001145996,0.3774928,0.6213612
993,0.001145757,0.3774792,0.621375
994,0.001145631,0.3774459,0.6214085
995,0.001145566,0.3774128,0.6214417
996,0.001145533,0.3773888,0.6214657
997,0.001153495,0.3731227,0.6257238
998,0.001158852,0.3703702,0.6284709
999,0.001162307,0.3687109,0.6301269
1000,0.001164474,0.3677715,0.6310639
1001,0.001165801,0.3672844,0.6315498
1002,0.001166596,0.3670678,0.6317657
1003,0.001167066,0.3670042,0.6318287
1004,0.001167341,0.3670219,0.6318108
1005,0.001167505,0.3670787,0.6317539
1006,0.001167607,0.36715,0.6316824
1007,0.001167676,0.367223,0.6316094
1008,0.001167729,0.3672915,0.6315408
1009,0.001185185,0.3578359,0.6409789
1010,0.001197099,0.3515756,0.6472272
1011,0.001204867,0.3477406,0.6510546
1012,0.001209784,0.3455228,0.6532674
1013,0.001212802,0.3443332,0.654454
1014,0.001214602,0.3437626,0.6550228
1015,0.001215646,0.3435407,0.6552438
1016,0.001216238,0.3434977,0.6552861
1017,0.00121657,0.3435331,0.6552503
1018,0.001216758,0.3435908,0.6551924
1019,0.00121687,0.3436429,0.6551403
1020,0.001216943,0.343678,0.655105
1021,0.001224188,0.3400442,0.6587316
1022,0.001229277,0.3375953,0.6611754
1023,0.001232722,0.336012,0.6627553
1024,0.001235002,0.3350258,0.6637392
1025,0.001236481,0.3344325,0.6643311
1026,0.001237423,0.3340863,0.6646762
1027,0.001238015,0.3338887,0.6648733
1028,0.001238382,0.3337757,0.664986
1029,0.001238608,0.3337079,0.6650535
1030,0.001238747,0.3336634,0.6650978
1031,0.001238832,0.3336303,0.6651309
1032,0.001238884,0.3336028,0.6651583
1033,0.001177966,0.3658065,0.6330156
1034,0.00113894,0.3856869,0.6131741
1035,0.001115738,0.3967734,0.6021109
1036,0.001102219,0.402629,0.5962687
1037,0.001094481,0.4055062,0.5933993
1038,0.001090131,0.4067604,0.5921495
1039,0.001087729,0.4071793,0.591733
1040,0.001086422,0.4072039,0.5917097
1041,0.001085717,0.4070699,0.5918444
1042,0.001085331,0.4068964,0.5920182
1043,0.001085109,0.4067376,0.5921773
1044,0.001084968,0.4066137,0.5923013
1045,0.001085114,0.4064684,0.5924464
1046,0.001085221,0.4063742,0.5925406
1047,0.001085292,0.4063154,0.5925993
1048,0.001085328,0.4062912,0.5926234
1049,0.001085334,0.4062974,0.5926173
1050,0.001085317,0.4063285,0.5925862
1051,0.001085285,0.4063797,0.5925351
1052,0.001085241,0.4064461,0.5924686
1053,0.001085191,0.4065238,0.592391
1054,0.001085138,0.4066084,0.5923064
1055,0.001085086,0.4066962,0.5922187
1056,0.001085036,0.4067835,0.5921314
1057,0.001104764,0.3961821,0.602713
1058,0.00111786,0.3894062,0.6094759
1059,0.001126195,0.3853693,0.6135045
1060,0.001131329,0.3831133,0.6157554
1061,0.001134391,0.3819554,0.6169101
1062,0.00113616,0.3814341,0.6174298
1063,0.001137152,0.3812528,0.61761
1064,0.001137696,0.3812316,0.6176307
1065,0.001137993,0.3812679,0.6175941
1066,0.00113816,0.3813078,0.6175539
1067,0.001138262,0.3813272,0.6175345
1068,0.001138332,0.381319,0.6175427
1069,0.001127752,0.3870701,0.6118022
1070,0.001120913,0.3906078,0.6082713
