EwEVersion,"6.5.13829.0 (compiled 2016-05-17)"
Date,"2016-09-06 16:27:34"
ModelName,Baltic_Proper-SEALS
EcosimScenario,Proper1_SealVuln100_19742100_seal0_cofF03
TimeSeries,new_data_weights_19742100_BAU_WAR1_codF03_seal100
StartYear,1974

Data,"Prey of Temora sp"

TimeStep,"Cyanobacteria","Phytoplankton","microzooplankton","Detritus-water column",
1,0.04225926,0.6065167,0.1818384,0.1693856
2,0.03843141,0.6257736,0.1810654,0.1547296
3,0.0365148,0.6314564,0.1842176,0.1478111
4,0.03551377,0.6320713,0.1878981,0.1445169
5,0.03498649,0.6309366,0.1910353,0.1430416
6,0.03471035,0.6293929,0.1934095,0.1424873
7,0.03456669,0.6279414,0.1951074,0.1423845
8,0.03449094,0.6267245,0.1962997,0.1424848
9,0.03444799,0.6257406,0.1971526,0.1426588
10,0.03441905,0.6249409,0.1977991,0.142841
11,0.03439435,0.6242702,0.198335,0.1430005
12,0.03436902,0.623682,0.198825,0.1431241
13,0.03504702,0.6175472,0.2012598,0.146146
14,0.03547346,0.6146088,0.2018546,0.1480632
15,0.03571071,0.6132495,0.2019098,0.14913
16,0.03582743,0.6126233,0.2018863,0.1496628
17,0.03586937,0.6122902,0.2019732,0.1498673
18,0.03586669,0.6120398,0.2022164,0.1498771
19,0.03583881,0.6117857,0.2025973,0.1497781
20,0.03579811,0.6115038,0.2030724,0.1496255
21,0.03575267,0.611199,0.2035918,0.1494565
22,0.03570799,0.6108875,0.2041071,0.1492974
23,0.03566799,0.6105883,0.2045756,0.1491682
24,0.03563545,0.6103187,0.204962,0.1490838
25,0.03168522,0.6408311,0.1948486,0.132635
26,0.02964744,0.6499566,0.1960325,0.1243635
27,0.0286395,0.6517194,0.1990226,0.1206185
28,0.02812165,0.6510121,0.2018997,0.1189665
29,0.02786311,0.6496834,0.2040507,0.1184028
30,0.02774151,0.6484029,0.20546,0.1183956
31,0.02769012,0.6473576,0.2062961,0.1186562
32,0.02767263,0.64655,0.2067476,0.1190296
33,0.02766973,0.6459256,0.2069693,0.1194354
34,0.02767111,0.6454218,0.2070757,0.1198313
35,0.02767178,0.6449878,0.2071418,0.1201985
36,0.02766954,0.6445874,0.2072133,0.1205297
37,0.02845109,0.6369652,0.2103782,0.1242056
38,0.02894338,0.6335509,0.2109403,0.1265653
39,0.02922915,0.6321344,0.2106663,0.1279702
40,0.02938368,0.6316024,0.2102372,0.1287767
41,0.02945791,0.6313975,0.2099236,0.1292209
42,0.02948493,0.6312666,0.2097943,0.1294541
43,0.02948536,0.631112,0.209833,0.1295696
44,0.02947164,0.6309086,0.2099968,0.129623
45,0.02945112,0.6306612,0.2102404,0.1296472
46,0.0294286,0.6303864,0.2105206,0.1296643
47,0.02940696,0.630102,0.2108029,0.1296883
48,0.02938797,0.629823,0.2110612,0.1297279
49,0.03022137,0.621771,0.2145301,0.1334775
50,0.03075722,0.6181589,0.2152077,0.1358762
51,0.0310782,0.6167274,0.214903,0.1372914
52,0.0312649,0.6163185,0.2143048,0.1381118
53,0.03137182,0.6163386,0.2136969,0.1385927
54,0.03143433,0.6165078,0.2131615,0.1388964
55,0.03147399,0.616708,0.2126987,0.1391193
56,0.0315032,0.6168982,0.212284,0.1393147
57,0.03152857,0.6170697,0.2118928,0.139509
58,0.03155274,0.6172239,0.2115135,0.1397099
59,0.0315766,0.6173632,0.2111428,0.1399174
60,0.03160006,0.6174892,0.2107833,0.1401275
61,0.03194922,0.6139861,0.2123997,0.141665
62,0.03216113,0.6123073,0.2129683,0.1425634
63,0.03230232,0.6115549,0.2129701,0.1431727
64,0.03239315,0.6112732,0.2127598,0.1435739
65,0.03245208,0.6112143,0.2124862,0.1438474
66,0.03249157,0.6112514,0.2122104,0.1440466
67,0.03251944,0.6113232,0.2119536,0.1442037
68,0.03254034,0.6114015,0.2117212,0.144337
69,0.03255688,0.6114739,0.2115141,0.1444552
70,0.03257072,0.6115366,0.2113287,0.144564
71,0.03258265,0.6115885,0.2111632,0.1446657
72,0.03259307,0.6116302,0.2110162,0.1447605
73,0.03030401,0.6312861,0.2037389,0.1346709
74,0.02904119,0.6380054,0.203701,0.1292524
75,0.02836677,0.6397136,0.2053659,0.1265537
76,0.02800392,0.6395266,0.2072058,0.1252636
77,0.02781017,0.6387452,0.2087269,0.1247177
78,0.02770728,0.6378844,0.209853,0.1245553
79,0.02765162,0.6371161,0.2106545,0.1245777
80,0.02761905,0.6364709,0.2112332,0.1246769
81,0.02759642,0.6359281,0.2116798,0.1247956
82,0.02757679,0.6354556,0.2120627,0.124905
83,0.02755669,0.6350243,0.2124275,0.1249915
84,0.02753452,0.6346132,0.2128023,0.1250501
85,0.02758659,0.6344589,0.2124016,0.1255529
86,0.02762656,0.6344942,0.2118825,0.1259966
87,0.02762882,0.6345137,0.2116553,0.126202
88,0.02761395,0.6344552,0.2116396,0.1262912
89,0.02758896,0.6343102,0.2117955,0.1263053
90,0.02755711,0.6340895,0.2120893,0.1262641
91,0.02752015,0.6338085,0.212492,0.1261793
92,0.02747921,0.633483,0.2129785,0.1260593
93,0.0274353,0.633127,0.2135259,0.1259119
94,0.02738957,0.6327532,0.2141115,0.1257457
95,0.02734348,0.6323741,0.2147112,0.1255712
96,0.0272988,0.6320019,0.2152984,0.1254009
97,0.02674976,0.6367371,0.2135377,0.1229753
98,0.02642289,0.6384376,0.2135247,0.1216147
99,0.02622928,0.6388439,0.21404,0.1208869
100,0.02611997,0.6387477,0.2145708,0.1205615
101,0.0260634,0.6385122,0.214935,0.1204894
102,0.0260402,0.6382877,0.2150927,0.1205793
103,0.02603832,0.6381235,0.2150641,0.120774
104,0.02605009,0.6380225,0.2148913,0.1210361
105,0.02607037,0.63797,0.2146201,0.1213396
106,0.02609539,0.6379458,0.2142948,0.121664
107,0.02612229,0.6379318,0.2139529,0.121993
108,0.02614889,0.6379135,0.2136239,0.1223138
109,0.02715872,0.628536,0.2170938,0.1272113
110,0.02782937,0.6245597,0.2171494,0.1304614
111,0.02823782,0.6231818,0.2161831,0.1323973
112,0.02847921,0.6229626,0.2150434,0.1335147
113,0.02861697,0.6231715,0.2140788,0.1341327
114,0.02869282,0.6234723,0.2133772,0.1344576
115,0.02873287,0.6237319,0.2129185,0.1346167
116,0.02875281,0.6239138,0.2126483,0.1346851
117,0.02876174,0.6240219,0.2125105,0.1347058
118,0.02876473,0.6240726,0.2124608,0.1347019
119,0.02876464,0.6240831,0.212466,0.1346863
120,0.02876306,0.6240683,0.2125027,0.134666
121,0.02840233,0.6271317,0.2115198,0.1329462
122,0.02817756,0.628211,0.2117312,0.1318802
123,0.02805204,0.6284446,0.2121859,0.1313175
124,0.02798159,0.628346,0.2126468,0.1310256
125,0.02794281,0.628147,0.2130231,0.130887
126,0.02792186,0.6279442,0.213301,0.130833
127,0.02791063,0.6277705,0.2134951,0.1308238
128,0.02790448,0.6276315,0.2136271,0.1308369
129,0.02790091,0.6275222,0.2137164,0.1308605
130,0.02789855,0.6274355,0.2137778,0.1308881
131,0.02789668,0.6273651,0.2138215,0.1309167
132,0.02789495,0.627306,0.2138545,0.1309446
133,0.03065085,0.5983096,0.2276385,0.143401
134,0.03256273,0.5828114,0.2330687,0.1515572
135,0.03383421,0.5752503,0.2342731,0.1566423
136,0.03461135,0.5720226,0.2339525,0.1594136
137,0.03505506,0.5709565,0.2332959,0.1606926
138,0.03529407,0.5708637,0.2327275,0.1611147
139,0.03541952,0.5711622,0.2323028,0.1611155
140,0.03549045,0.5716034,0.231938,0.1609681
141,0.03554242,0.5721021,0.2315259,0.1608296
142,0.03559602,0.5726427,0.2309755,0.1607858
143,0.03566169,0.5732319,0.2302314,0.160875
144,0.03574386,0.5738794,0.2292692,0.1611076
145,0.03195019,0.6100616,0.2137857,0.1442025
146,0.03004842,0.6233385,0.2105123,0.1361007
147,0.02909881,0.628192,0.2103015,0.1324077
148,0.02862046,0.6297182,0.2108355,0.1308257
149,0.02838237,0.6299728,0.2113831,0.1302617
150,0.02826682,0.6298009,0.2117612,0.1301711
151,0.02821267,0.6295307,0.2119743,0.1302824
152,0.02818825,0.6292707,0.2120769,0.1304643
153,0.02817729,0.6290432,0.2121239,0.1306556
154,0.02817148,0.628841,0.2121577,0.1308298
155,0.02816665,0.6286499,0.2122072,0.1309763
156,0.0281607,0.6284575,0.2122902,0.1310916
157,0.03472828,0.5643544,0.2396912,0.1612262
158,0.04058484,0.5214308,0.2505952,0.1873892
159,0.04530258,0.4943511,0.2528248,0.2075215
160,0.04879257,0.4786167,0.2510624,0.2215284
161,0.05116981,0.4703909,0.2481976,0.2302417
162,0.05265837,0.4667407,0.2456858,0.2349151
163,0.05350786,0.4656243,0.2440389,0.2368289
164,0.05394026,0.4657604,0.2432369,0.2370625
165,0.05412736,0.466437,0.2430176,0.2364181
166,0.05419026,0.4673142,0.2430564,0.2354391
167,0.05420845,0.4682623,0.2430614,0.2344678
168,0.05423032,0.4692502,0.2428191,0.2337003
169,0.04855016,0.5170001,0.2255255,0.2089243
170,0.04541732,0.5389424,0.2198619,0.1957784
171,0.04405221,0.5494581,0.2156175,0.1908722
172,0.04341233,0.5552698,0.2122164,0.1891014
173,0.04309561,0.5586369,0.2097554,0.1885121
174,0.04294925,0.5606992,0.2079122,0.1884394
175,0.04288836,0.5620319,0.2065427,0.1885371
176,0.04286762,0.5629374,0.2055508,0.1886441
177,0.04286429,0.5635803,0.2048554,0.1887
178,0.04286774,0.5640528,0.2043864,0.1886931
179,0.04287313,0.5644095,0.2040873,0.1886301
180,0.04287818,0.5646853,0.2039153,0.1885211
181,0.04130099,0.5781647,0.1989375,0.1815969
182,0.04033046,0.5844142,0.1978659,0.1773894
183,0.03975451,0.5871081,0.19821,0.1749275
184,0.03941651,0.5880791,0.1990123,0.1734921
185,0.03921933,0.5882666,0.1998706,0.1726434
186,0.03910331,0.5881366,0.2006438,0.1721164
187,0.03903221,0.5879067,0.2013078,0.1717532
188,0.03898434,0.5876691,0.2018845,0.171462
189,0.03894685,0.5874543,0.2024089,0.1711899
190,0.03891242,0.5872657,0.2029139,0.1709079
191,0.0388769,0.5870962,0.2034263,0.1706006
192,0.038838,0.5869362,0.2039658,0.1702601
193,0.03790483,0.5944884,0.2015148,0.166092
194,0.03731602,0.597797,0.2014185,0.1634685
195,0.03694726,0.5990525,0.2021876,0.1618126
196,0.03671444,0.5993344,0.2032092,0.1607421
197,0.03656368,0.5991978,0.2042227,0.1600159
198,0.03646186,0.5989166,0.2051318,0.1594896
199,0.03638925,0.5986179,0.2059121,0.1590806
200,0.03633462,0.5983546,0.2065666,0.1587442
201,0.03629192,0.5981443,0.2071051,0.1584587
202,0.03625831,0.5979899,0.2075354,0.1582164
203,0.03623264,0.5978889,0.2078624,0.1580161
204,0.03621457,0.5978369,0.2080894,0.1578591
205,0.04006598,0.5647875,0.2208415,0.1743051
206,0.04298521,0.5459952,0.2246092,0.1864105
207,0.04501962,0.5361235,0.2244169,0.1944399
208,0.04635155,0.5316222,0.2226805,0.1993458
209,0.04717795,0.5301002,0.2206309,0.202091
210,0.04767157,0.5300758,0.2187681,0.2034846
211,0.0479641,0.5307089,0.2172056,0.2041213
212,0.04814629,0.5315693,0.2158874,0.2043971
213,0.04827527,0.532463,0.2147122,0.2045495
214,0.04838158,0.5333192,0.2136071,0.2046921
215,0.04847981,0.5341199,0.2125326,0.2048678
216,0.04857496,0.5348656,0.2114813,0.2050782
217,0.04356259,0.5754305,0.1969627,0.1840442
218,0.04081399,0.5921867,0.1941646,0.1728346
219,0.03934526,0.5987105,0.1948308,0.1671133
220,0.03855472,0.6008199,0.1963971,0.1642282
221,0.03813424,0.6011029,0.1979248,0.1628379
222,0.03791652,0.6007254,0.1991314,0.1622267
223,0.03780838,0.6001912,0.1999937,0.1620066
224,0.03775772,0.5996954,0.2005784,0.1619685
225,0.03773561,0.599293,0.2009694,0.1620021
226,0.03772626,0.5989819,0.2012408,0.162051
227,0.03772131,0.5987409,0.2014494,0.1620885
228,0.03771648,0.598546,0.2016346,0.1621028
229,0.03845241,0.591603,0.2048213,0.1651233
230,0.03891934,0.5880435,0.2061103,0.1669268
231,0.03920747,0.5862758,0.2065587,0.167958
232,0.03937257,0.5854444,0.2067177,0.1684653
233,0.03945802,0.5850636,0.2068371,0.1686413
234,0.03949425,0.5848758,0.2070108,0.1686192
235,0.03950149,0.5847553,0.2072571,0.1684861
236,0.03949277,0.5846487,0.2075611,0.1682975
237,0.03947629,0.5845395,0.2078959,0.1680882
238,0.03945729,0.5844294,0.2082326,0.1678807
239,0.03943906,0.5843266,0.2085448,0.1676895
240,0.03942364,0.5842413,0.208811,0.1675241
241,0.03773551,0.596797,0.2052789,0.1601886
242,0.03670697,0.6016741,0.2058674,0.1557515
243,0.03614175,0.6031883,0.2072479,0.153422
244,0.03583362,0.6033376,0.2085942,0.1522346
245,0.03567248,0.6030235,0.2096149,0.1516892
246,0.03559404,0.6026336,0.2102751,0.1514972
247,0.03556061,0.6023111,0.2106372,0.151491
248,0.03555028,0.6020886,0.2107871,0.151574
249,0.03555063,0.601954,0.2108032,0.1516922
250,0.03555526,0.6018831,0.2107432,0.1518185
251,0.03556089,0.6018521,0.2106471,0.15194
252,0.03556598,0.6018425,0.2105404,0.1520511
253,0.03504671,0.6080003,0.2067482,0.1502048
254,0.03475018,0.6111393,0.2047869,0.1493236
255,0.0345533,0.612717,0.2039497,0.14878
256,0.03443123,0.6134471,0.2036178,0.148504
257,0.03435694,0.6137356,0.2035162,0.1483913
258,0.0343115,0.6138014,0.2035189,0.1483682
259,0.03428273,0.6137574,0.2035712,0.1483887
260,0.03426309,0.6136599,0.2036514,0.1484256
261,0.03424811,0.6135356,0.2037522,0.1484641
262,0.03423524,0.6133968,0.2038715,0.1484964
263,0.03422305,0.613249,0.2040086,0.1485194
264,0.03421086,0.6130949,0.2041623,0.1485321
265,0.03769515,0.5811387,0.2179831,0.1631831
266,0.04021313,0.563128,0.2233623,0.1732966
267,0.04192865,0.5536494,0.2246081,0.1798138
268,0.04300784,0.5491511,0.2242841,0.183557
269,0.04363775,0.547319,0.2236259,0.1854173
270,0.04397866,0.5467799,0.22311,0.1861314
271,0.04415103,0.5467986,0.2228135,0.1862368
272,0.0442379,0.547031,0.2226363,0.1860947
273,0.04429255,0.5473477,0.2224294,0.1859304
274,0.04434565,0.5477201,0.2220677,0.1858666
275,0.04441259,0.548156,0.2214742,0.1859571
276,0.04449794,0.548667,0.2206282,0.1862069
277,0.04578295,0.5405953,0.2219913,0.1916304
278,0.0467487,0.5368668,0.2206657,0.1957188
279,0.04740926,0.5355586,0.2185771,0.198455
280,0.0478512,0.5355359,0.2163777,0.2002352
281,0.04814288,0.5361192,0.2143732,0.2013647
282,0.04833489,0.5369269,0.2126722,0.2020661
283,0.04846254,0.5377603,0.2112845,0.2024927
284,0.04854927,0.5385281,0.2101777,0.2027448
285,0.04861005,0.5391971,0.2093073,0.2028856
286,0.04865423,0.5397636,0.2086282,0.202954
287,0.04868753,0.5402371,0.2081015,0.2029739
288,0.04871339,0.5406314,0.2076955,0.2029596
289,0.04394899,0.5781224,0.1946239,0.1833048
290,0.04129864,0.5936531,0.19236,0.1726883
291,0.03985536,0.5996227,0.193357,0.167165
292,0.03906079,0.6014345,0.1951915,0.1643132
293,0.03862453,0.6015245,0.1969619,0.1628891
294,0.0383874,0.6009965,0.1983932,0.1622229
295,0.03825976,0.6003292,0.1994648,0.1619463
296,0.0381907,0.5997068,0.2002458,0.1618567
297,0.0381515,0.5991806,0.2008234,0.1618445
298,0.03812639,0.5987466,0.2012736,0.1618533
299,0.03810686,0.5983832,0.2016548,0.1618552
300,0.0380885,0.5980663,0.2020075,0.1618377
301,0.03434164,0.628301,0.1911789,0.1461784
302,0.03235529,0.6387722,0.1907244,0.1381481
303,0.03129273,0.6416461,0.1929563,0.1341048
304,0.03071149,0.6415693,0.1956256,0.1320935
305,0.03039031,0.6404919,0.1979693,0.1311486
306,0.03021065,0.6392131,0.1998164,0.1307599
307,0.03010715,0.6380253,0.2012164,0.1306511
308,0.03004368,0.6370037,0.2022793,0.1306732
309,0.03000048,0.6361387,0.2031131,0.1307478
310,0.02996677,0.6353943,0.2038048,0.1308341
311,0.02993708,0.6347346,0.2044149,0.1309134
312,0.02990883,0.6341313,0.2049811,0.1309788
313,0.03480098,0.5891019,0.2238842,0.152213
314,0.0387348,0.5623646,0.2300325,0.1688682
315,0.041584,0.5477586,0.2302817,0.1803756
316,0.0434786,0.5407402,0.2282554,0.1875257
317,0.04463513,0.5380005,0.2259336,0.1914308
318,0.04527982,0.5373899,0.2241489,0.1931814
319,0.0456031,0.5376698,0.2230677,0.1936595
320,0.04574573,0.5382257,0.2225307,0.1934979
321,0.04580339,0.5388182,0.2222621,0.1931163
322,0.04583465,0.5393996,0.2220032,0.1927625
323,0.04587236,0.5399976,0.2215627,0.1925673
324,0.04593156,0.5406518,0.2208365,0.19258
325,0.04552314,0.5456542,0.2180081,0.1908145
326,0.04531732,0.5487145,0.2159456,0.1900226
327,0.04523282,0.5507508,0.2142347,0.1897817
328,0.04522432,0.5522245,0.212677,0.1898742
329,0.04525696,0.5533779,0.2112344,0.1901307
330,0.04530786,0.5543303,0.2099213,0.1904404
331,0.04536336,0.5551372,0.2087604,0.1907389
332,0.04541603,0.5558245,0.2077663,0.1909931
333,0.04546233,0.5564065,0.2069417,0.1911895
334,0.04550172,0.5568938,0.2062745,0.19133
335,0.04553457,0.5572973,0.2057473,0.1914208
336,0.04556159,0.5576283,0.2053408,0.1914693
337,0.04596169,0.5548449,0.2061616,0.1930319
338,0.04622914,0.5534753,0.2062973,0.1939982
339,0.04640086,0.5528708,0.2061818,0.1945464
340,0.04650707,0.5526686,0.2060104,0.194814
341,0.04656973,0.5526593,0.2058719,0.194899
342,0.04660394,0.5527282,0.2058013,0.1948666
343,0.04661959,0.5528155,0.2058066,0.1947583
344,0.04662303,0.5528927,0.2058841,0.1946
345,0.04661836,0.5529485,0.206025,0.1944082
346,0.04660789,0.5529794,0.2062214,0.1941914
347,0.04659326,0.5529863,0.2064647,0.1939558
348,0.04657565,0.5529714,0.2067464,0.1937066
349,0.03834045,0.6139966,0.1883173,0.1593456
350,0.03444865,0.6320336,0.1900482,0.1434695
351,0.03257497,0.6361827,0.1950293,0.136213
352,0.03161592,0.6357162,0.1998838,0.132784
353,0.03111774,0.6339377,0.203706,0.1312386
354,0.03085928,0.6320583,0.2064444,0.130638
355,0.03072491,0.6304585,0.2083191,0.1304975
356,0.03065273,0.6291927,0.2095922,0.1305625
357,0.03060982,0.6282021,0.2104861,0.130702
358,0.03057901,0.6274051,0.2111649,0.130851
359,0.03055175,0.6267298,0.2117384,0.13098
360,0.03052408,0.6261231,0.2122751,0.1310778
361,0.0347202,0.5889479,0.2271142,0.1492177
362,0.03801474,0.5681388,0.2305993,0.1632472
363,0.04030514,0.5575331,0.2295922,0.1725695
364,0.04177118,0.5529606,0.2271083,0.1781599
365,0.04263161,0.5515547,0.2247161,0.1810975
366,0.04308785,0.5515675,0.2230142,0.1823304
367,0.04329746,0.5520588,0.2220664,0.1825774
368,0.04337094,0.5526025,0.2216963,0.1823302
369,0.04338037,0.5530614,0.2216556,0.1819027
370,0.04337099,0.5534391,0.2217008,0.1814892
371,0.04336926,0.5537918,0.2216382,0.1812008
372,0.0433889,0.5541807,0.2213392,0.1810912
373,0.0440392,0.5495871,0.2227409,0.1836328
374,0.04450769,0.5475636,0.2224849,0.1854438
375,0.04484801,0.5469693,0.2214195,0.1867632
376,0.04510245,0.5471666,0.2199619,0.1877691
377,0.04529976,0.5477757,0.21835,0.1885745
378,0.04545771,0.5485736,0.2167271,0.1892417
379,0.0455867,0.5494296,0.2151822,0.1898015
380,0.04569304,0.5502687,0.2137695,0.1902688
381,0.0457808,0.5510487,0.2125181,0.1906523
382,0.04585277,0.5517487,0.2114404,0.1909581
383,0.04591138,0.5523602,0.210535,0.1911934
384,0.04595886,0.5528839,0.2097902,0.1913671
385,0.04612168,0.5525349,0.2093088,0.1920346
386,0.04623877,0.5525413,0.2087309,0.1924891
387,0.04631573,0.5527109,0.2082231,0.1927502
388,0.04636546,0.5529346,0.2078196,0.1928803
389,0.04639665,0.553157,0.2075256,0.1929207
390,0.04641493,0.553353,0.2073345,0.1928975
391,0.0464237,0.5535136,0.2072361,0.1928265
392,0.04642493,0.5536371,0.2072218,0.1927161
393,0.04641968,0.5537246,0.207285,0.1925706
394,0.04640888,0.5537786,0.2074183,0.1923942
395,0.04639311,0.5538018,0.2076156,0.1921896
396,0.04637284,0.5537972,0.2078711,0.1919588
397,0.04774123,0.5446712,0.209873,0.1977146
398,0.04871857,0.5401424,0.2093698,0.2017691
399,0.04931664,0.5382264,0.208373,0.204084
400,0.04966267,0.5376673,0.2073921,0.205278
401,0.04984684,0.5377382,0.2066429,0.2057721
402,0.04993196,0.5380455,0.2061708,0.2058518
403,0.04995999,0.5383955,0.2059409,0.2057036
404,0.04995785,0.5387083,0.2058886,0.2054453
405,0.04994223,0.5389631,0.2059457,0.205149
406,0.04992294,0.5391667,0.206054,0.2048563
407,0.04990558,0.5393361,0.2061677,0.2045906
408,0.04989311,0.5394891,0.2062537,0.2043641
409,0.04361883,0.5863847,0.191252,0.1787445
410,0.04031393,0.6040908,0.1899648,0.1656304
411,0.03860372,0.6101704,0.1920393,0.1591866
412,0.03769667,0.6116108,0.1946684,0.1560241
413,0.03721716,0.6113046,0.196923,0.1545553
414,0.03696788,0.6104757,0.1985997,0.1539567
415,0.03684085,0.6096112,0.1997614,0.1537865
416,0.03677633,0.6088716,0.2005451,0.153807
417,0.03674151,0.6082802,0.2010849,0.1538934
418,0.0367188,0.607811,0.2014871,0.1539831
419,0.03669904,0.6074271,0.201827,0.1540468
420,0.03667779,0.6070958,0.2021534,0.154073
421,0.03693912,0.6041896,0.2036666,0.1552047
422,0.03708594,0.6026353,0.2044665,0.1558123
423,0.0371617,0.6017681,0.2049606,0.1561095
424,0.03718835,0.6012471,0.2053731,0.1561914
425,0.03718391,0.6008872,0.2057901,0.1561387
426,0.0371611,0.6005967,0.2062334,0.1560088
427,0.03712868,0.600336,0.2066941,0.1558413
428,0.03709268,0.6000925,0.2071504,0.1556644
429,0.03705749,0.5998671,0.2075763,0.1554991
430,0.03702633,0.5996664,0.2079454,0.1553618
431,0.03700158,0.5994987,0.2082347,0.1552649
432,0.03698483,0.5993713,0.2084267,0.1552172
433,0.04050035,0.5683716,0.2216178,0.1695103
434,0.04302582,0.5507718,0.2268986,0.1793038
435,0.04476206,0.5413964,0.2281265,0.185715
436,0.04586849,0.5368856,0.2277522,0.1894937
437,0.04653808,0.5350443,0.2268857,0.191532
438,0.04693495,0.5345634,0.22594,0.1925616
439,0.04718078,0.5347347,0.2249765,0.193108
440,0.04735727,0.5352149,0.2239154,0.1935124
441,0.04751313,0.5358592,0.2226601,0.1939675
442,0.04767029,0.5366115,0.2211748,0.1945435
443,0.04783356,0.5374432,0.2194898,0.1952334
444,0.04799772,0.538326,0.2176914,0.1959849
445,0.04813661,0.5373994,0.2181515,0.1963126
446,0.04818439,0.5368418,0.2187606,0.1962132
447,0.04823554,0.5364623,0.2191075,0.1961947
448,0.04828434,0.5362171,0.219289,0.1962097
449,0.04833101,0.5360686,0.2193522,0.1962481
450,0.04837578,0.5359904,0.2193307,0.1963031
451,0.04841857,0.5359629,0.2192502,0.1963683
452,0.04845904,0.5359717,0.2191318,0.1964375
453,0.04849673,0.5360053,0.2189933,0.1965047
454,0.04853161,0.536055,0.2188463,0.1965671
455,0.04856363,0.5361143,0.2186994,0.1966226
456,0.04859278,0.5361786,0.218559,0.1966696
457,0.04820617,0.5427192,0.2133996,0.1956751
458,0.04812815,0.5471107,0.2086408,0.1961203
459,0.04804667,0.5501601,0.2054711,0.1963221
460,0.04796785,0.5522641,0.2034107,0.1963574
461,0.04789791,0.5536793,0.202123,0.1962999
462,0.04783888,0.5545993,0.2013673,0.1961944
463,0.04778944,0.5551714,0.2009785,0.1960606
464,0.04774665,0.555503,0.2008471,0.1959034
465,0.04770723,0.5556695,0.2009026,0.1957205
466,0.04766833,0.5557228,0.201101,0.1955079
467,0.04762762,0.5556968,0.2014144,0.1952613
468,0.04758292,0.5556106,0.2018318,0.1949746
469,0.04106287,0.6033131,0.1873381,0.168286
470,0.03771978,0.6196365,0.1877078,0.154936
471,0.0360111,0.6242756,0.1912779,0.1484354
472,0.03510092,0.6245465,0.1951478,0.1452048
473,0.03460882,0.6233441,0.1984089,0.1436382
474,0.03434038,0.6218347,0.2008982,0.1429268
475,0.03419089,0.6204464,0.2027202,0.1426425
476,0.03410294,0.6192918,0.2040484,0.1425569
477,0.03404535,0.6183606,0.2050436,0.1425505
478,0.0340015,0.6176028,0.2058324,0.1425632
479,0.03396318,0.6169676,0.2065001,0.1425691
480,0.03392672,0.6164151,0.2070984,0.1425598
481,0.04036519,0.5624886,0.2275375,0.1696087
482,0.04589731,0.5278316,0.2338364,0.1924347
483,0.05013857,0.5069193,0.2337512,0.2091911
484,0.0531355,0.4955003,0.2309866,0.2203775
485,0.05507906,0.4901111,0.2277726,0.2270371
486,0.05622781,0.4881997,0.2251479,0.2304247
487,0.05683856,0.4880586,0.2233856,0.2317173
488,0.05712752,0.4886691,0.2223336,0.2318697
489,0.05725794,0.4895088,0.2216497,0.2315835
490,0.05733922,0.49037,0.2209768,0.231314
491,0.05743643,0.4912118,0.2200331,0.2313186
492,0.05757863,0.4920614,0.2186655,0.2316944
493,0.05891161,0.4843555,0.2198118,0.2369211
494,0.05996735,0.480226,0.2187259,0.2410807
495,0.06078001,0.4783293,0.216582,0.2443087
496,0.06139262,0.4778019,0.2140495,0.246756
497,0.06184661,0.4780572,0.2115249,0.2485712
498,0.06217799,0.4787091,0.2092281,0.2498848
499,0.06241681,0.4795133,0.2072613,0.2508086
500,0.0625871,0.4803255,0.2056523,0.2514351
501,0.06270766,0.4810684,0.2043844,0.2518395
502,0.06279346,0.4817079,0.2034129,0.2520857
503,0.0628554,0.4822373,0.2026858,0.2522214
504,0.06290108,0.4826652,0.2021524,0.2522812
505,0.05927962,0.508356,0.1946528,0.2377116
506,0.05692123,0.5216455,0.1930418,0.2283916
507,0.05551591,0.5279713,0.1935049,0.2230079
508,0.05469741,0.530707,0.1945997,0.2199959
509,0.05423252,0.531674,0.1957234,0.21837
510,0.05397632,0.5318311,0.1966643,0.2175283
511,0.05384003,0.5316656,0.1973839,0.2171105
512,0.05377011,0.5314109,0.1979123,0.2169068
513,0.05373495,0.5311676,0.1982988,0.2167986
514,0.05371627,0.5309705,0.1985919,0.2167212
515,0.05370398,0.5308236,0.1988303,0.216642
516,0.05369281,0.5307189,0.1990417,0.2165465
517,0.05795625,0.499744,0.2088246,0.2334752
518,0.06125685,0.4802673,0.2122661,0.2462098
519,0.06363287,0.4684933,0.2128845,0.2549894
520,0.06524766,0.461796,0.2123484,0.2606081
521,0.06628098,0.4582802,0.2115479,0.2638908
522,0.06690042,0.4566418,0.2108814,0.2655764
523,0.06724556,0.4560332,0.2104615,0.2662598
524,0.06742301,0.4559408,0.2102538,0.2663824
525,0.06750856,0.4560785,0.2101645,0.2662483
526,0.06755245,0.4563038,0.2100917,0.2660521
527,0.06758551,0.4565566,0.2099517,0.2659062
528,0.06762455,0.4568195,0.2096911,0.2658648
529,0.06995422,0.4418056,0.2133417,0.2748985
530,0.07179619,0.432228,0.2140464,0.2819295
531,0.07314814,0.4264114,0.2134884,0.286952
532,0.07410987,0.4230871,0.2123878,0.2904151
533,0.07477661,0.4213558,0.211136,0.2927316
534,0.07523102,0.4205976,0.2099226,0.2942487
535,0.07553885,0.420402,0.208824,0.2952351
536,0.07574907,0.4205086,0.2078587,0.2958837
537,0.07589595,0.4207597,0.2070197,0.2963247
538,0.07600241,0.4210652,0.2062915,0.2966409
539,0.0760831,0.4213771,0.2056577,0.2968821
540,0.07614698,0.4216721,0.2051047,0.2970762
541,0.06876986,0.4703124,0.1926999,0.2682179
542,0.06390812,0.4961935,0.1903554,0.249543
543,0.0611182,0.5083013,0.1913548,0.2392257
544,0.05954231,0.5135855,0.1931533,0.2337189
545,0.05866698,0.5155962,0.1948299,0.230907
546,0.05819223,0.5161144,0.1961261,0.2295673
547,0.0579427,0.5160189,0.1970381,0.2290003
548,0.0578163,0.515725,0.1976461,0.2288126
549,0.05775425,0.5154129,0.1980441,0.2287887
550,0.05772352,0.5151471,0.1983133,0.228816
551,0.0577061,0.5149395,0.1985146,0.2288398
552,0.05769261,0.514781,0.1986899,0.2288365
553,0.05984782,0.5002962,0.2023287,0.2375272
554,0.06145256,0.4917828,0.2028846,0.24388
555,0.0625362,0.4870939,0.2023689,0.2480009
556,0.06322759,0.4847384,0.2015512,0.2504827
557,0.06364095,0.4837191,0.200806,0.251834
558,0.06386787,0.4834034,0.2002775,0.2524512
559,0.06397637,0.4834147,0.1999881,0.2526208
560,0.06401379,0.4835454,0.1999038,0.252537
561,0.0640115,0.4836929,0.1999712,0.2523244
562,0.0639893,0.4838149,0.2001364,0.2520594
563,0.06395928,0.483901,0.2003529,0.2517869
564,0.06392849,0.4839557,0.200584,0.2515318
565,0.06090477,0.5045846,0.1948806,0.23963
566,0.05890496,0.5155421,0.1936084,0.2319446
567,0.05768447,0.5209509,0.1939419,0.2274227
568,0.05696113,0.5234136,0.1947461,0.2248792
569,0.05654606,0.5243856,0.1955395,0.2235288
570,0.05631716,0.5246547,0.1961572,0.2228709
571,0.05619737,0.5246297,0.1965766,0.2225964
572,0.0561392,0.5245103,0.1968304,0.2225202
573,0.05611414,0.5243847,0.1969653,0.2225358
574,0.05610562,0.5242845,0.1970248,0.222585
575,0.05610438,0.5242151,0.1970426,0.2226378
576,0.0561055,0.5241712,0.1970427,0.2226806
577,0.05748127,0.5148039,0.1995233,0.2281915
578,0.05847851,0.5095249,0.1998784,0.2321182
579,0.05913736,0.5067647,0.199481,0.234617
580,0.0595517,0.5054808,0.1988584,0.2361091
581,0.05979853,0.5050073,0.1982641,0.23693
582,0.05993643,0.5049394,0.1977951,0.237329
583,0.06000705,0.5050467,0.1974674,0.2374789
584,0.0600384,0.5052074,0.1972614,0.2374928
585,0.06004837,0.5053648,0.1971463,0.2374406
586,0.06004782,0.5054972,0.197092,0.237363
587,0.06004307,0.5056009,0.1970738,0.2372822
588,0.06003749,0.5056799,0.1970735,0.2372091
589,0.05902698,0.5124209,0.1954089,0.2331432
590,0.05834041,0.5160497,0.195169,0.230441
591,0.05791196,0.5178648,0.1954084,0.2288149
592,0.05765458,0.51869,0.1957704,0.227885
593,0.05750633,0.519006,0.1961014,0.2273863
594,0.05742511,0.519081,0.1963519,0.227142
595,0.05738342,0.519057,0.1965205,0.2270392
596,0.05736395,0.5190036,0.1966235,0.227009
597,0.05735622,0.518951,0.196681,0.2270117
598,0.05735404,0.5189097,0.1967116,0.2270246
599,0.05735397,0.5188804,0.1967293,0.2270362
600,0.05735417,0.5188605,0.196744,0.2270414
601,0.05475783,0.5369528,0.1914496,0.2168398
602,0.05309479,0.5459104,0.1905333,0.2104615
603,0.0521021,0.5499715,0.1911182,0.2068083
604,0.05152274,0.5515497,0.1921299,0.2047977
605,0.0511928,0.5519391,0.1931205,0.2037476
606,0.05100962,0.5518123,0.19394,0.2032381
607,0.05091006,0.5515028,0.1945702,0.2030168
608,0.05085602,0.5511634,0.1950443,0.2029362
609,0.05082507,0.5508541,0.1954079,0.2029129
610,0.05080454,0.5505905,0.1957023,0.2029026
611,0.0507875,0.5503694,0.1959597,0.2028834
612,0.05077043,0.5501812,0.1962026,0.2028459
613,0.05387823,0.5273562,0.2036343,0.2151313
614,0.05618108,0.5138972,0.2059203,0.2240014
615,0.05775826,0.5063742,0.206043,0.2298244
616,0.05877397,0.5025169,0.2053569,0.2333523
617,0.05938516,0.5007831,0.2045551,0.2352766
618,0.05972379,0.5001854,0.2039296,0.2361612
619,0.05989075,0.5001323,0.2035515,0.2364255
620,0.05995769,0.5002982,0.2033849,0.2363592
621,0.05997258,0.5005219,0.2033543,0.2361512
622,0.05996604,0.5007366,0.2033795,0.2359178
623,0.05995635,0.5009246,0.2033937,0.2357253
624,0.05995349,0.5010905,0.2033496,0.2356065
625,0.05912871,0.5070595,0.2014823,0.2323294
626,0.05857563,0.510389,0.2008408,0.2301945
627,0.05824289,0.5121693,0.2006092,0.2289786
628,0.0580598,0.51309,0.200475,0.2283752
629,0.05797338,0.5135591,0.2003102,0.2281573
630,0.05794591,0.5138068,0.2000826,0.2281647
631,0.05795177,0.5139552,0.1998027,0.2282903
632,0.05797437,0.5140639,0.1994956,0.2284661
633,0.05800351,0.5141585,0.1991868,0.2286513
634,0.05803326,0.5142468,0.1988964,0.2288236
635,0.05806047,0.5143295,0.1986379,0.2289721
636,0.05808366,0.5144044,0.198419,0.2290928
637,0.05651079,0.5257053,0.1947923,0.2229917
638,0.05546405,0.5316382,0.193872,0.2190257
639,0.05481731,0.5345309,0.1939812,0.2166707
640,0.05442994,0.5357869,0.1944471,0.2153361
641,0.05420461,0.5362087,0.1949679,0.2146188
642,0.05407687,0.5362374,0.1954295,0.2142561
643,0.05400547,0.5361043,0.195806,0.2140842
644,0.05396485,0.5359226,0.1961079,0.2140045
645,0.05393976,0.5357421,0.1963571,0.213961
646,0.05392142,0.5355803,0.196575,0.2139233
647,0.05390505,0.5354403,0.196778,0.2138766
648,0.05388829,0.5353189,0.1969775,0.2138153
649,0.05482728,0.5282207,0.1994941,0.2174579
650,0.05547301,0.524212,0.2004456,0.2198693
651,0.05588775,0.522047,0.2007294,0.2213359
652,0.05613782,0.5209545,0.2007629,0.2221448
653,0.05627785,0.5204515,0.2007419,0.2225288
654,0.05634876,0.5202514,0.2007408,0.222659
655,0.05637927,0.5201952,0.2007726,0.2226529
656,0.05638853,0.5202006,0.2008236,0.2225872
657,0.05638877,0.5202293,0.2008727,0.2225093
658,0.05638738,0.5202668,0.2008994,0.2224465
659,0.05638849,0.5203098,0.2008887,0.222413
660,0.05639411,0.5203593,0.2008318,0.2224148
661,0.05532573,0.5281416,0.1982728,0.2182598
662,0.05461882,0.532259,0.1975325,0.2155896
663,0.05418787,0.534314,0.197454,0.2140441
664,0.05393875,0.5352585,0.197578,0.2132247
665,0.0538045,0.5356393,0.1977053,0.212851
666,0.05373968,0.5357568,0.1977679,0.2127356
667,0.05371476,0.5357671,0.1977592,0.212759
668,0.05371123,0.5357449,0.1976955,0.2128484
669,0.05371792,0.5357218,0.197599,0.2129613
670,0.05372827,0.5357074,0.1974903,0.213074
671,0.05373872,0.5357015,0.1973854,0.2131744
672,0.05374748,0.5357003,0.1972946,0.2132576
673,0.05716787,0.511464,0.2046257,0.2267424
674,0.05976442,0.4968122,0.2066586,0.2367648
675,0.06158845,0.4883875,0.206466,0.2435581
676,0.06280205,0.4839166,0.2054141,0.2478673
677,0.06356575,0.4818165,0.2042177,0.2504
678,0.06401882,0.48104,0.2031908,0.2517503
679,0.06427053,0.4809354,0.2024236,0.2523706
680,0.06440011,0.4811246,0.2018961,0.2525791
681,0.06446128,0.4814074,0.2015465,0.2525848
682,0.06448823,0.4816903,0.2013068,0.2525147
683,0.06450146,0.4819389,0.2011193,0.2524404
684,0.06451221,0.4821481,0.2009427,0.252397
685,0.06150697,0.502592,0.1952916,0.2406094
686,0.05951367,0.5134282,0.1940903,0.2329678
687,0.0583149,0.5187271,0.1943948,0.2285632
688,0.05761862,0.521106,0.1951132,0.2261621
689,0.057231,0.5220179,0.1957956,0.2249555
690,0.05702699,0.5222439,0.1963003,0.2244289
691,0.05692796,0.5221865,0.1966203,0.2242653
692,0.05688582,0.5220402,0.1967974,0.2242767
693,0.05687215,0.5218894,0.1968815,0.2243571
694,0.05687104,0.5217629,0.1969147,0.2244513
695,0.05687398,0.5216646,0.196928,0.2245334
696,0.05687668,0.5215889,0.1969417,0.2245926
697,0.05733173,0.5185883,0.1976208,0.2264591
698,0.05765432,0.5169681,0.1976088,0.2277688
699,0.05785706,0.5161714,0.1974087,0.2285629
700,0.05797677,0.5158303,0.1971853,0.2290075
701,0.0580415,0.5157223,0.1970107,0.2292255
702,0.05807139,0.5157191,0.1969057,0.2293038
703,0.0580803,0.5157527,0.1968664,0.2293007
704,0.05807725,0.5157899,0.1968794,0.2292534
705,0.05806787,0.5158179,0.1969294,0.2291848
706,0.05805571,0.5158337,0.197002,0.2291087
707,0.05804281,0.5158387,0.1970854,0.2290331
708,0.05803039,0.5158365,0.1971705,0.2289626
709,0.05736899,0.5199209,0.1964489,0.2262612
710,0.05690419,0.521987,0.1967411,0.2243677
711,0.05661659,0.5228877,0.1972661,0.2232296
712,0.05644525,0.523183,0.1977951,0.2225766
713,0.05634831,0.5231914,0.1982324,0.2222279
714,0.05629741,0.523086,0.1985532,0.2220634
715,0.05627403,0.5229545,0.1987653,0.2220062
716,0.05626655,0.522836,0.1988886,0.2220089
717,0.05626782,0.5227438,0.1989454,0.222043
718,0.05627341,0.522679,0.1989564,0.2220912
719,0.05628083,0.5226375,0.1989378,0.2221438
720,0.05628868,0.5226133,0.1989021,0.2221959
721,0.05488546,0.5330174,0.195266,0.2168312
722,0.05396221,0.5385049,0.1941175,0.2134154
723,0.05338727,0.5412335,0.1939964,0.2113828
724,0.05304127,0.5424615,0.194257,0.2102403
725,0.05283956,0.5429143,0.194605,0.2096411
726,0.05272549,0.5429938,0.1949241,0.2093567
727,0.05266257,0.542912,0.1951824,0.209243
728,0.05262803,0.5427742,0.1953845,0.2092133
729,0.05260811,0.5426278,0.1955468,0.2092173
730,0.05259485,0.5424905,0.1956871,0.2092275
731,0.05258381,0.5423661,0.1958197,0.2092303
732,0.0525727,0.5422529,0.1959547,0.2092196
733,0.05401475,0.5317046,0.199367,0.2149137
734,0.05502864,0.525769,0.2003971,0.2188052
735,0.05569082,0.5226053,0.200466,0.2212379
736,0.05609966,0.5210549,0.2002005,0.222645
737,0.05633668,0.520385,0.1999014,0.223377
738,0.05646353,0.5201575,0.1996861,0.223693
739,0.05652367,0.5201271,0.1995779,0.2237714
740,0.05654614,0.5201674,0.1995583,0.223728
741,0.05654948,0.5202206,0.199595,0.2236348
742,0.05654506,0.5202655,0.199655,0.2235343
743,0.05653949,0.5202988,0.1997118,0.2234499
744,0.0565363,0.5203246,0.1997464,0.2233928
745,0.05695147,0.5171627,0.2009562,0.2249297
746,0.05724438,0.5153711,0.2014028,0.2259818
747,0.05744528,0.5144076,0.2014619,0.2266852
748,0.05758015,0.513941,0.2013348,0.227144
749,0.05767081,0.513759,0.2011241,0.227446
750,0.05773333,0.5137326,0.2008797,0.2276544
751,0.05777869,0.5137863,0.2006242,0.2278107
752,0.05781389,0.5138784,0.2003674,0.2279403
753,0.05784319,0.5139866,0.2001132,0.2280571
754,0.05786907,0.5140995,0.1998628,0.2281687
755,0.05789275,0.5142118,0.1996179,0.2282776
756,0.05791482,0.514321,0.19938,0.2283842
757,0.05916489,0.5057483,0.2018133,0.2332735
758,0.06006709,0.5008002,0.2024169,0.2367158
759,0.06067714,0.4981038,0.2022533,0.2389658
760,0.06107337,0.4967601,0.2018023,0.2403643
761,0.06132193,0.496186,0.2012993,0.2411927
762,0.06147361,0.4960215,0.2008428,0.2416621
763,0.06156471,0.4960561,0.2004601,0.241919
764,0.06161964,0.4961744,0.200147,0.242059
765,0.0616541,0.4963171,0.1998882,0.2421407
766,0.06167757,0.4964579,0.1996669,0.2421977
767,0.06169553,0.4965873,0.1994693,0.2422478
768,0.061711,0.4967041,0.1992855,0.2422994
769,0.06002845,0.508803,0.1953472,0.2358214
770,0.05888793,0.5154588,0.1941094,0.2315438
771,0.05817161,0.5189053,0.1939567,0.2289664
772,0.05773794,0.5205636,0.1941995,0.227499
773,0.05748497,0.5212739,0.1945207,0.2267204
774,0.05734336,0.5215124,0.1947952,0.226349
775,0.05726781,0.5215377,0.1949901,0.2262045
776,0.05722979,0.5214816,0.1951114,0.2261772
777,0.05721194,0.5214065,0.1951784,0.2262031
778,0.05720401,0.5213379,0.1952116,0.2262465
779,0.05720018,0.5212832,0.1952276,0.226289
780,0.05719744,0.5212419,0.1952382,0.2263224
781,0.05458141,0.5393492,0.1899986,0.2160708
782,0.05291246,0.5482785,0.1891058,0.2097033
783,0.05191569,0.552313,0.189706,0.2060653
784,0.05133255,0.5538718,0.1907266,0.204069
785,0.05099876,0.554249,0.1917203,0.203032
786,0.05081198,0.5541157,0.1925361,0.2025362
787,0.05070947,0.5538042,0.1931547,0.2023317
788,0.05065356,0.553466,0.1936074,0.202273
789,0.05062217,0.5531602,0.1939389,0.2022787
790,0.05060273,0.5529024,0.1941897,0.2023051
791,0.05058844,0.5526893,0.1943914,0.2023309
792,0.05057583,0.5525114,0.1945656,0.2023472
793,0.05209738,0.5413894,0.1980636,0.2084496
794,0.0531691,0.535257,0.1989166,0.2126572
795,0.05386661,0.5320906,0.1987462,0.2152966
796,0.05429708,0.5306257,0.198233,0.2168442
797,0.05454796,0.530071,0.1977018,0.2176792
798,0.0546848,0.529959,0.1972771,0.2180792
799,0.0547534,0.5300316,0.1969816,0.2182334
800,0.05478401,0.5301585,0.1967939,0.2182636
801,0.05479559,0.5302819,0.1966791,0.2182434
802,0.05479935,0.5303822,0.1966043,0.2182142
803,0.05480158,0.5304574,0.1965433,0.2181977
804,0.05480541,0.530513,0.1964786,0.2182031
805,0.05613829,0.5211915,0.1992004,0.2234697
806,0.05709379,0.5159296,0.1998137,0.2271629
807,0.05773415,0.5131423,0.1995654,0.2295581
808,0.05814751,0.5118124,0.1989976,0.2310425
809,0.05840632,0.5112908,0.1983766,0.2319264
810,0.05856514,0.5111841,0.1978132,0.2324375
811,0.05866228,0.5112674,0.1973389,0.2327314
812,0.05872314,0.5114202,0.1969491,0.2329076
813,0.0587636,0.5115839,0.1966269,0.2330256
814,0.05879286,0.5117338,0.1963561,0.2331172
815,0.05881603,0.5118626,0.1961234,0.233198
816,0.05883573,0.5119698,0.19592,0.2332744
817,0.05697708,0.5249904,0.1920859,0.2259466
818,0.05574861,0.5317663,0.1912646,0.2212206
819,0.05499821,0.5350248,0.1915232,0.2184538
820,0.05455422,0.536416,0.1921154,0.2169144
821,0.05430033,0.5368693,0.1927172,0.2161131
822,0.05416055,0.5368895,0.1932139,0.215736
823,0.0540868,0.5367374,0.1935866,0.2155892
824,0.05404941,0.5365389,0.1938554,0.2155563
825,0.05403063,0.536348,0.1940507,0.2155707
826,0.05402036,0.536182,0.1942007,0.2155969
827,0.05401309,0.5360422,0.1943276,0.2156171
828,0.05400592,0.5359233,0.1944471,0.2156236
829,0.05605461,0.5212256,0.1989699,0.2237499
830,0.05754252,0.5127043,0.2002414,0.2295118
831,0.05854342,0.5080294,0.2001888,0.2332383
832,0.05918141,0.5056751,0.1996591,0.2354844
833,0.05956509,0.5046371,0.1990757,0.2367221
834,0.05978021,0.5042894,0.1986158,0.2373146
835,0.05988937,0.504265,0.1983258,0.2375199
836,0.05993552,0.5043644,0.19819,0.2375102
837,0.05994662,0.5044897,0.1981697,0.2373939
838,0.05994038,0.5045999,0.1982225,0.2372372
839,0.05992726,0.5046832,0.1983121,0.2370774
840,0.0599133,0.5047418,0.1984105,0.2369344
841,0.05969416,0.5061719,0.198142,0.2359919
842,0.05954297,0.5069745,0.1981324,0.2353501
843,0.05944773,0.5074039,0.1981967,0.2349517
844,0.059392,0.5076247,0.1982605,0.2347227
845,0.05936312,0.5077373,0.1982923,0.2346072
846,0.0593518,0.5077996,0.1982837,0.2345649
847,0.05935157,0.5078428,0.1982373,0.2345683
848,0.05935802,0.5078825,0.1981608,0.2345987
849,0.05936816,0.5079253,0.198063,0.2346435
850,0.05938007,0.5079729,0.1979521,0.234695
851,0.05939251,0.5080248,0.197835,0.2347478
852,0.05940466,0.5080793,0.1977175,0.2347986
853,0.05580713,0.5334274,0.1900183,0.2207472
854,0.05353868,0.5459266,0.1884263,0.2121085
855,0.05220495,0.5515981,0.1889553,0.2072416
856,0.05143476,0.5538566,0.1901084,0.2046003
857,0.05099944,0.5544909,0.1912685,0.2032412
858,0.05075946,0.5544176,0.1922255,0.2025975
859,0.05063051,0.5540879,0.1929473,0.2023343
860,0.05056228,0.5537083,0.193471,0.2022583
861,0.05052544,0.5533614,0.1938517,0.2022614
862,0.05050336,0.5530698,0.1941404,0.2022864
863,0.050487,0.5528308,0.1943774,0.2023047
864,0.05047164,0.552633,0.1945912,0.2023041
865,0.05576886,0.5135641,0.2074298,0.2232372
866,0.05996241,0.4885711,0.2120883,0.2393782
867,0.06305102,0.4731861,0.212948,0.2508148
868,0.06519114,0.4642804,0.2121909,0.2583376
869,0.06658272,0.4595222,0.2110213,0.2628737
870,0.06742718,0.4572578,0.2100046,0.2653103
871,0.06790076,0.4563813,0.2093235,0.2663945
872,0.06814315,0.4562027,0.2089545,0.2666997
