EwEVersion,"6.5.13829.0 (compiled 2016-05-17)"
Date,"2016-09-06 16:27:34"
ModelName,Baltic_Proper-SEALS
EcosimScenario,Proper1_SealVuln100_19742100_seal0_cofF03
TimeSeries,new_data_weights_19742100_BAU_WAR1_codF03_seal100
StartYear,1974

Data,"Prey of Pseudocalanus sp."

Year,"Cyanobacteria","Phytoplankton","microzooplankton","Detritus-water column",
1974,0.03717319,0.4731519,0.299258,0.1904169
1975,0.03672298,0.4583569,0.313118,0.1918021
1976,0.02963156,0.4926195,0.3195553,0.1581937
1977,0.03035833,0.4760118,0.3269667,0.1666631
1978,0.03215774,0.4616022,0.3284785,0.1777615
1979,0.0332525,0.4562207,0.3261681,0.1843586
1980,0.02915877,0.4810739,0.3259074,0.1638599
1981,0.02850005,0.477499,0.3308637,0.1631373
1982,0.02717161,0.4816816,0.3337063,0.1574404
1983,0.02933912,0.4679008,0.3309373,0.1718228
1984,0.0289123,0.4715985,0.3301133,0.1693759
1985,0.03466891,0.4191286,0.3481675,0.198035
1986,0.02973717,0.471163,0.3281913,0.1709086
1987,0.0475135,0.3361878,0.3521388,0.2641599
1988,0.04365578,0.4032901,0.3145329,0.2385212
1989,0.04004249,0.4336168,0.3062774,0.2200633
1990,0.03740478,0.444137,0.3140477,0.2044105
1991,0.04600732,0.385251,0.3231274,0.2456142
1992,0.03960302,0.4440296,0.3048948,0.2114725
1993,0.03987308,0.4320849,0.3152647,0.2127773
1994,0.0367002,0.4472538,0.3207059,0.1953401
1995,0.03539689,0.4584627,0.3149308,0.1912096
1996,0.04276085,0.3992089,0.3315797,0.2264505
1997,0.04752045,0.3874943,0.3167924,0.2481928
1998,0.04007797,0.4445966,0.3039173,0.2114081
1999,0.03208816,0.4831677,0.3112534,0.1734907
2000,0.04316191,0.3931689,0.3335623,0.2301069
2001,0.0453115,0.4019747,0.3147802,0.2379336
2002,0.04645519,0.4019103,0.3089361,0.2426984
2003,0.03307487,0.4747903,0.3172602,0.1748746
2004,0.04153982,0.403773,0.3351225,0.2195647
2005,0.04509307,0.3975667,0.3226008,0.2347395
2006,0.04630527,0.401935,0.3113435,0.2404164
2007,0.04919753,0.3892367,0.3081983,0.2533675
2008,0.03896895,0.4538313,0.3046229,0.2025769
2009,0.0379091,0.4466991,0.3164472,0.1989446
2010,0.04554659,0.3884386,0.3319224,0.2340925
2011,0.04779537,0.3852702,0.3244371,0.2424972
2012,0.04785416,0.4020973,0.3051951,0.2448533
2013,0.03643996,0.465177,0.3090186,0.1893644
2014,0.05204156,0.3534792,0.328105,0.2663742
2015,0.05964313,0.3373099,0.3035401,0.2995068
2016,0.05424783,0.3806494,0.2920661,0.2730367
2017,0.06274313,0.3230065,0.3028575,0.3113929
2018,0.07018265,0.2905628,0.2960408,0.3432138
2019,0.05868193,0.364047,0.2882608,0.2890103
2020,0.06134186,0.3431391,0.2925261,0.302993
2021,0.05632613,0.3748776,0.2903041,0.2784922
2022,0.0583919,0.361258,0.2913382,0.2890118
2023,0.05688268,0.3716385,0.2902658,0.281213
2024,0.05163575,0.400223,0.2911246,0.2570167
2025,0.05747898,0.358876,0.2994708,0.2841742
2026,0.05718021,0.3667044,0.2946822,0.2814332
2027,0.05410939,0.3864777,0.2915529,0.26786
2028,0.05535598,0.3741864,0.2969759,0.2734818
2029,0.05365211,0.3863469,0.2945464,0.2654545
2030,0.06106104,0.3428904,0.2958108,0.3002378
2031,0.05695888,0.3727663,0.2901996,0.2800753
2032,0.05708477,0.3698419,0.2913418,0.2817316
2033,0.05578444,0.3754346,0.2936983,0.2750826
2034,0.05290735,0.392747,0.2918601,0.2624856
2035,0.05534604,0.374672,0.2958538,0.2741283
2036,0.05668941,0.3679007,0.2959038,0.2795061
2037,0.05966326,0.3531889,0.2938897,0.2932582
2038,0.05702302,0.3731421,0.2885781,0.2812568
2039,0.05152049,0.4025353,0.2893731,0.256571
2040,0.05386171,0.3837458,0.2938326,0.2685598
2041,0.05726091,0.3668351,0.2917366,0.2841674
2042,0.05430697,0.3871478,0.2882374,0.2703079
2043,0.05802746,0.3615208,0.2924766,0.2879751
2044,0.05829404,0.3621793,0.2915255,0.2880011
2045,0.0516431,0.4020108,0.2889034,0.2574426
2046,0.06292496,0.3254743,0.302003,0.3095978
2047,0.0538365,0.3916366,0.2882272,0.2662997
2048,0.05172628,0.3992423,0.2898422,0.2591893
2049,0.05724734,0.3623427,0.2959053,0.2845046
2050,0.06183283,0.3428064,0.2903966,0.3049641
2051,0.05189161,0.4043295,0.2850169,0.258762
2052,0.05474103,0.3787012,0.2927147,0.273843
2053,0.05764114,0.3629139,0.2934614,0.2859837
2054,0.05643412,0.3750227,0.2881219,0.2804212
2055,0.06200449,0.3410709,0.2905244,0.3064003
2056,0.06087988,0.3531195,0.2856521,0.3003484
2057,0.06175311,0.3469542,0.2867181,0.3045745
2058,0.06493744,0.3300308,0.2860518,0.3189799
2059,0.06675691,0.3217324,0.2848647,0.326646
2060,0.0580696,0.3745891,0.2803644,0.286977
2061,0.0564932,0.3761618,0.2864566,0.2808884
2062,0.059328,0.3576892,0.2892589,0.2937239
2063,0.0584348,0.3665036,0.2857128,0.2893488
2064,0.06413329,0.3323807,0.2875881,0.315898
2065,0.05767684,0.3747468,0.2821538,0.2854226
2066,0.05258918,0.3987353,0.2856098,0.2630657
2067,0.05870054,0.3563336,0.2933241,0.2916417
2068,0.06155324,0.3474338,0.2869852,0.3040277
2069,0.0606354,0.3562696,0.2831345,0.2999605
2070,0.05777005,0.3709059,0.2846594,0.2866646
2071,0.06007601,0.3549652,0.2874407,0.2975182
2072,0.05800868,0.3692766,0.2852517,0.287463
2073,0.04917065,0.4184391,0.28536,0.2470302
2074,0.05422705,0.379667,0.2937774,0.2723286
2075,0.06190988,0.3387464,0.2926658,0.3066778
2076,0.06036909,0.3572677,0.2832743,0.299089
2077,0.05826012,0.3682762,0.2836169,0.2898467
2078,0.05837779,0.3639767,0.2876801,0.2899654
2079,0.05568936,0.3805946,0.2863211,0.277395
2080,0.0655208,0.3200461,0.2913616,0.3230715
2081,0.05839188,0.3714892,0.2811703,0.2889487
2082,0.05820606,0.3672224,0.2849953,0.2895763
2083,0.05503081,0.3836242,0.2873238,0.2740211
2084,0.0599435,0.3524872,0.2903968,0.2971725
2085,0.05932646,0.3608732,0.2864353,0.2933649
2086,0.05508609,0.3851003,0.2857443,0.2740693
2087,0.05260706,0.3939984,0.2905849,0.2628097
2088,0.0559882,0.3699352,0.2958519,0.2782248
2089,0.05973671,0.3528024,0.2924419,0.2950191
2090,0.05560395,0.3804503,0.2884239,0.2755219
2091,0.06144739,0.3422734,0.2933451,0.3029342
2092,0.06405362,0.3309432,0.2919352,0.3130679
2093,0.05931525,0.363049,0.2860337,0.291602
2094,0.06028609,0.3543488,0.2883719,0.2969933
2095,0.06431911,0.3309537,0.2898895,0.3148377
2096,0.06101716,0.3549941,0.2844345,0.2995543
2097,0.0608075,0.3535578,0.2862935,0.2993413
2098,0.06443854,0.3312735,0.2886996,0.3155883
