EwEVersion,"6.5.13829.0 (compiled 2016-05-17)"
Date,"2016-09-06 16:05:38"
ModelName,Baltic_Proper-SEALS
EcosimScenario,Proper1_SealVuln100_19742100_seal0_cofF03
TimeSeries,new_data_weights_19742100_BAU_WAR1_codF03_seal0
StartYear,1974

Data,"Prey of JuvSprat"

TimeStep,"Temora sp","Acartia sp","Pseudocalanus sp.","other mesozooplankton","Mysids",
1,0.3416938,0.2886033,0.1891636,0.1800687,0.0004705495
2,0.3482674,0.2841473,0.180382,0.1867539,0.0004494729
3,0.3504935,0.2783198,0.1777553,0.1929758,0.000455587
4,0.3508409,0.2745148,0.1778672,0.1963001,0.000476894
5,0.3503381,0.2715917,0.179495,0.1980676,0.0005075185
6,0.3492338,0.2692108,0.1817131,0.1992999,0.0005424759
7,0.3476536,0.2672599,0.1839657,0.2005426,0.0005779992
8,0.345695,0.2656451,0.185981,0.2020675,0.0006114295
9,0.3434241,0.2642711,0.1876572,0.2040067,0.0006409559
10,0.3408804,0.2630511,0.188981,0.2064222,0.0006653711
11,0.3380893,0.2619118,0.1899772,0.2093378,0.0006838776
12,0.3350734,0.2607949,0.1906818,0.2127539,0.0006959516
13,0.3422299,0.2583334,0.1877509,0.2109976,0.0006882314
14,0.3362069,0.2574781,0.19012,0.2154983,0.0006967135
15,0.3322332,0.2568059,0.1906997,0.2195713,0.0006899872
16,0.3288544,0.2554789,0.1907574,0.2242354,0.0006737925
17,0.3258283,0.2537415,0.1904924,0.229288,0.0006498788
18,0.3232094,0.2518364,0.1899556,0.2343789,0.0006197289
19,0.3211084,0.2500155,0.1891461,0.2391451,0.0005849207
20,0.3195709,0.2487809,0.1879573,0.2431438,0.0005468851
21,0.3185756,0.2487273,0.1862569,0.2459331,0.0005070794
22,0.3180169,0.2504243,0.1839456,0.2471462,0.0004670408
23,0.3177346,0.2542512,0.1810067,0.246579,0.0004283689
24,0.3176012,0.2601647,0.1775576,0.2442839,0.0003926795
25,0.2380596,0.2693504,0.1996187,0.2925477,0.0004236826
26,0.2625619,0.2737003,0.1828409,0.28053,0.0003670059
27,0.2669874,0.2787004,0.1768901,0.277069,0.0003530545
28,0.270396,0.2869774,0.1723363,0.2699395,0.0003510094
29,0.2742392,0.2913501,0.1702376,0.2638124,0.0003608056
30,0.278369,0.2916877,0.1700142,0.2595498,0.0003793488
31,0.2821794,0.2898529,0.1708087,0.2567559,0.0004030893
32,0.2852545,0.2876839,0.1718478,0.2547852,0.0004285468
33,0.2874958,0.2853883,0.1729837,0.2536781,0.000454093
34,0.2888958,0.2833683,0.1740046,0.2532534,0.0004779854
35,0.2895394,0.2816928,0.1748276,0.2534411,0.0004990316
36,0.2895321,0.2803111,0.1754304,0.25421,0.0005164272
37,0.2883649,0.2812726,0.1764547,0.2533773,0.00053064
38,0.284924,0.2810585,0.1786389,0.2548325,0.0005460685
39,0.282292,0.2807748,0.1794172,0.2569656,0.0005504439
40,0.2798591,0.2802824,0.179499,0.2598128,0.000546659
41,0.2774937,0.2798051,0.1791454,0.2630192,0.0005365404
42,0.275208,0.2794739,0.1785128,0.2662835,0.0005218071
43,0.2730548,0.2793608,0.1777012,0.2693791,0.0005040347
44,0.2711405,0.2789463,0.1771201,0.2723078,0.0004852753
45,0.2694177,0.27915,0.1763867,0.2745798,0.0004657468
46,0.2679645,0.2799451,0.1755176,0.2761263,0.0004464342
47,0.2668402,0.281319,0.1745254,0.2768873,0.0004280838
48,0.266093,0.2832029,0.1734384,0.2768544,0.0004113098
49,0.2656956,0.2900134,0.1716089,0.2722933,0.0003887971
50,0.2632295,0.2931137,0.1724719,0.2708077,0.0003772971
51,0.2626612,0.2953551,0.1724627,0.2691566,0.0003643902
52,0.2630394,0.2971739,0.1720313,0.2674034,0.00035205
53,0.2641016,0.2990353,0.1712964,0.2652255,0.000341131
54,0.2657774,0.3008489,0.1704401,0.2626011,0.0003324909
55,0.268026,0.3023397,0.1696402,0.2596673,0.0003267771
56,0.2707659,0.303656,0.1687926,0.2564615,0.0003240106
57,0.2739105,0.3041463,0.1682365,0.2533821,0.0003246409
58,0.2772435,0.3040041,0.1679548,0.2504693,0.0003283629
59,0.2805696,0.3033983,0.1679195,0.2477778,0.0003347796
60,0.2837314,0.3024903,0.1680886,0.2453462,0.0003433942
61,0.2583607,0.3106692,0.1763932,0.254206,0.0003709999
62,0.2577042,0.3120405,0.1775855,0.2522891,0.0003807743
63,0.2582424,0.3111455,0.1788372,0.251384,0.000390876
64,0.2593454,0.3105244,0.1795101,0.250221,0.0003990216
65,0.2607474,0.3100168,0.1798883,0.2489414,0.0004059563
66,0.2623196,0.3094819,0.1801486,0.2476376,0.0004122887
67,0.2639747,0.3088743,0.1803772,0.2463554,0.0004183952
68,0.2656454,0.3078579,0.1808646,0.2452072,0.0004249705
69,0.267214,0.3068527,0.1814156,0.2440859,0.000431791
70,0.268676,0.3057875,0.1820409,0.2430566,0.0004389279
71,0.2700049,0.3046716,0.1827326,0.2421446,0.0004463092
72,0.2711783,0.303526,0.1834791,0.2413627,0.0004538115
73,0.2454143,0.307161,0.1905587,0.2564,0.0004658319
74,0.2430644,0.3080632,0.1888249,0.2595911,0.0004563783
75,0.2452163,0.3042721,0.1887812,0.2612711,0.0004592668
76,0.2479246,0.301066,0.1892233,0.2613184,0.0004678687
77,0.2499925,0.2983987,0.1901027,0.2610262,0.0004798455
78,0.2510851,0.2961024,0.1912666,0.2610529,0.0004930914
79,0.2511693,0.2941245,0.1925464,0.261654,0.0005058468
80,0.2503315,0.292423,0.1938072,0.2629215,0.0005167205
81,0.2486616,0.2909706,0.1949846,0.2648583,0.0005247851
82,0.2462543,0.2897584,0.1960309,0.267427,0.000529399
83,0.2432028,0.2887762,0.1969172,0.2705736,0.0005301854
84,0.2395987,0.2880175,0.1976263,0.2742305,0.0005269856
85,0.2767705,0.2766792,0.1856492,0.26041,0.0004911063
86,0.2784725,0.2724291,0.1852953,0.263315,0.0004880627
87,0.2758487,0.2731571,0.1846097,0.2659057,0.0004787257
88,0.272568,0.2729254,0.184385,0.2696542,0.0004672961
89,0.2687273,0.2721291,0.1842963,0.2743943,0.000452984
90,0.2644052,0.2711072,0.1841313,0.2799212,0.0004351134
91,0.2597465,0.2699914,0.1838003,0.2860482,0.0004135123
92,0.2549452,0.2687356,0.1833927,0.292538,0.0003884488
93,0.2501658,0.2675488,0.1828073,0.2991174,0.0003606501
94,0.2456052,0.2666482,0.1820088,0.3054068,0.0003310865
95,0.2414342,0.2663652,0.1809604,0.3109394,0.0003008863
96,0.2377836,0.2671589,0.179609,0.3151773,0.0002712169
97,0.2455222,0.2667956,0.1740341,0.3134147,0.0002334718
98,0.2451541,0.269087,0.1712004,0.3143525,0.0002059759
99,0.2451141,0.2765207,0.1677332,0.3104481,0.000183928
100,0.2457259,0.2850784,0.1645559,0.3044716,0.0001683448
101,0.2474068,0.2926732,0.162008,0.2977532,0.0001588989
102,0.2503381,0.2980565,0.16029,0.2911601,0.0001551995
103,0.2544016,0.3008524,0.1594463,0.2851428,0.0001568847
104,0.2592063,0.30164,0.1592245,0.2797658,0.000163545
105,0.264331,0.300703,0.1596451,0.275146,0.0001749087
106,0.2692893,0.2987304,0.1605481,0.2712417,0.0001905192
107,0.2737117,0.2962612,0.1617872,0.2680302,0.0002097612
108,0.277378,0.2936476,0.163238,0.2655046,0.0002318297
109,0.3006513,0.2864922,0.1597775,0.2528246,0.0002544157
110,0.2974626,0.2856562,0.1642189,0.2523716,0.0002908366
111,0.2963691,0.2848526,0.1667717,0.2516868,0.0003198952
112,0.2957611,0.2833659,0.1686456,0.2518833,0.0003441158
113,0.2951792,0.2819206,0.1699949,0.2525415,0.0003638487
114,0.2945502,0.2806927,0.1709734,0.253404,0.0003797179
115,0.2938886,0.2796745,0.171711,0.2543334,0.0003924541
116,0.293171,0.2792804,0.1718804,0.255266,0.0004021269
117,0.2925365,0.2789406,0.1718859,0.2562274,0.0004095417
118,0.2919503,0.2787052,0.1717893,0.25714,0.0004150985
119,0.291408,0.2785938,0.1716203,0.2579587,0.0004191336
120,0.2909159,0.2786127,0.1713943,0.2586551,0.0004219223
121,0.2750189,0.2814895,0.1756493,0.2674053,0.0004369197
122,0.2764446,0.2819647,0.1739764,0.2671809,0.0004333496
123,0.2764696,0.2817396,0.173428,0.2679291,0.0004336556
124,0.2762843,0.2821756,0.1729065,0.2681997,0.0004339619
125,0.2760912,0.2827874,0.1724414,0.2682457,0.0004341891
126,0.2759299,0.2833805,0.1720322,0.2682232,0.0004342294
127,0.2757973,0.2839156,0.1716569,0.2681963,0.0004339272
128,0.2756737,0.2843664,0.1713935,0.2681329,0.0004334706
129,0.2755584,0.2847791,0.1711537,0.268076,0.0004327531
130,0.2754593,0.2851428,0.1709254,0.2680408,0.0004317287
131,0.2753748,0.2854632,0.1707014,0.2680301,0.000430378
132,0.2753013,0.2857519,0.1704763,0.2680418,0.0004287038
133,0.1681995,0.3187093,0.2027244,0.3098563,0.00051044
134,0.1461583,0.3338747,0.2106343,0.3088193,0.0005132924
135,0.1214252,0.339222,0.2203326,0.3185075,0.0005127456
136,0.1000721,0.3453368,0.2263881,0.3277107,0.0004923454
137,0.08232279,0.3535046,0.2292957,0.3344191,0.000457834
138,0.06845632,0.3639753,0.2297015,0.3374503,0.000416641
139,0.0586526,0.3760634,0.2283813,0.3365269,0.0003757868
140,0.05291595,0.3875679,0.2266325,0.3325427,0.0003408655
141,0.05121982,0.3973713,0.2248809,0.3262133,0.0003147415
142,0.0537435,0.4037428,0.2236742,0.3185407,0.000298875
143,0.06081823,0.4060426,0.2229885,0.3098577,0.0002930265
144,0.07272605,0.4043458,0.2224699,0.3001621,0.0002961502
145,0.112629,0.3853658,0.2113297,0.2903834,0.0002920947
146,0.1576259,0.3651001,0.1998392,0.2771364,0.0002983611
147,0.1983564,0.3444617,0.1930573,0.2638013,0.0003232247
148,0.227805,0.3285623,0.1904083,0.2528622,0.0003620962
149,0.2462635,0.31725,0.1908073,0.245269,0.0004101596
150,0.2569216,0.309316,0.1929044,0.2403959,0.0004621852
151,0.2627691,0.3036114,0.1957102,0.2373953,0.0005139662
152,0.2657777,0.2992944,0.1986779,0.2356869,0.0005631551
153,0.2670494,0.2958194,0.2015909,0.2349319,0.0006084268
154,0.2671706,0.2928713,0.204369,0.2349399,0.0006492347
155,0.2664342,0.2902621,0.2069997,0.2356185,0.0006854767
156,0.2649732,0.2878925,0.2094895,0.2369276,0.0007172206
157,0.2327805,0.3002962,0.2278323,0.2382755,0.0008154531
158,0.2047381,0.3055673,0.2543443,0.2344039,0.0009463532
159,0.1732674,0.3174149,0.2740868,0.2341962,0.00103473
160,0.1406661,0.3305126,0.2895381,0.2382006,0.001082724
161,0.1083459,0.3429564,0.3017194,0.2458888,0.001089546
162,0.0781371,0.3542586,0.3105697,0.2559813,0.00105325
163,0.0522272,0.3649814,0.3153949,0.266422,0.0009744025
164,0.03235518,0.3764528,0.315592,0.2747397,0.0008603363
165,0.01891511,0.3904439,0.3110753,0.2788396,0.0007260984
166,0.0108432,0.4075456,0.3030554,0.2779644,0.0005913657
167,0.006405582,0.4261334,0.293905,0.2730825,0.000473607
168,0.004088354,0.443212,0.2861982,0.266119,0.0003824193
169,0.02079156,0.4708022,0.2564363,0.2516857,0.0002842544
170,0.1044974,0.4283842,0.2317053,0.235184,0.0002290159
171,0.219121,0.3704011,0.2037095,0.2065678,0.0002006743
172,0.2879069,0.3356752,0.1898584,0.1863546,0.000204932
173,0.3244821,0.3152045,0.1861703,0.1739088,0.0002343735
174,0.3419645,0.3022067,0.1885198,0.1670262,0.0002828191
175,0.3492201,0.2933472,0.1936122,0.1634766,0.000343972
176,0.3509029,0.2871506,0.1996157,0.1619191,0.0004117916
177,0.3497509,0.2827976,0.2054778,0.1614925,0.0004811474
178,0.3473324,0.279649,0.2107437,0.1617265,0.0005483863
179,0.3444405,0.2772661,0.2152954,0.1623868,0.0006113172
180,0.341417,0.2753714,0.2191735,0.1633692,0.0006688518
181,0.3527242,0.2681861,0.2154297,0.1629592,0.000700742
182,0.3545495,0.265021,0.2144621,0.1652308,0.0007366317
183,0.3540033,0.2621991,0.2150864,0.1679371,0.000774069
184,0.3521664,0.2599485,0.216471,0.1706034,0.0008107081
185,0.3495888,0.2582285,0.2180869,0.1732513,0.0008444937
186,0.3465419,0.2569574,0.2196047,0.1760223,0.0008737767
187,0.3431589,0.2560688,0.2208311,0.1790442,0.0008972203
188,0.3394589,0.2556323,0.2215616,0.1824338,0.0009135132
189,0.3355225,0.2555443,0.2217866,0.1862246,0.0009218792
190,0.3313287,0.2558084,0.2215144,0.1904267,0.0009219265
191,0.3268541,0.2564588,0.2207518,0.1950217,0.0009135292
192,0.3220836,0.2575627,0.2194963,0.1999606,0.0008967903
193,0.3300062,0.254431,0.212287,0.2024261,0.0008496201
194,0.3266945,0.2554989,0.2084967,0.2084969,0.00081297
195,0.3229896,0.2574511,0.204998,0.2137878,0.0007734394
196,0.3194078,0.2596154,0.2018551,0.218389,0.0007326545
197,0.3161394,0.2619176,0.1989136,0.2223385,0.0006909354
198,0.3132782,0.2643496,0.1960688,0.2256547,0.0006487403
199,0.3108767,0.2669233,0.1932698,0.2283235,0.0006068177
200,0.3089818,0.2694963,0.1906342,0.2303213,0.0005663843
201,0.3075637,0.2723866,0.1880087,0.2315129,0.0005281038
202,0.3066615,0.2755115,0.1854229,0.2319112,0.0004930031
203,0.3062945,0.2787407,0.1829348,0.2315681,0.0004619629
204,0.3064642,0.2818953,0.1806222,0.2305826,0.0004356701
205,0.2958825,0.2967742,0.1824293,0.2244876,0.0004264385
206,0.2877157,0.3042512,0.1882131,0.2193909,0.0004291886
207,0.2841363,0.3088208,0.1913859,0.2152366,0.0004204292
208,0.2827073,0.3128528,0.1923725,0.2116648,0.0004026258
209,0.2826408,0.3171079,0.1917159,0.2081558,0.0003795928
210,0.2837299,0.3214627,0.1900375,0.2044143,0.000355621
211,0.2859793,0.3253895,0.1879298,0.2003669,0.0003344208
212,0.2894786,0.3289246,0.1854004,0.1958781,0.0003182131
213,0.2941283,0.3306088,0.1833894,0.1915641,0.0003093339
214,0.2994901,0.3307247,0.1820045,0.1874725,0.0003080475
215,0.3050558,0.3296389,0.1812765,0.1837146,0.0003141793
216,0.3103414,0.3278182,0.1811432,0.1803701,0.0003271515
217,0.3328881,0.3132893,0.1729303,0.1805623,0.0003299582
218,0.3423193,0.3066717,0.1680695,0.1825951,0.0003444637
219,0.347112,0.3000135,0.1672546,0.1852444,0.0003756428
220,0.3492679,0.2948837,0.16853,0.1869006,0.0004178126
221,0.3499381,0.2909567,0.1707953,0.1878438,0.0004662499
222,0.3497467,0.2879499,0.1733289,0.1884577,0.0005168
223,0.3490737,0.2856055,0.1757539,0.1890005,0.0005663745
224,0.348134,0.2836988,0.1779208,0.189633,0.0006132165
225,0.3470336,0.2820069,0.1798427,0.1904605,0.0006563336
226,0.3458054,0.2804003,0.1815657,0.1915332,0.0006953164
227,0.3444488,0.2788028,0.1831439,0.1928744,0.0007301318
228,0.3429516,0.2771709,0.1846234,0.1944931,0.0007609377
229,0.3154324,0.2841872,0.1954595,0.2040928,0.000828105
230,0.3104979,0.2843084,0.1985539,0.2057843,0.0008555314
231,0.3064969,0.2832731,0.2011512,0.2082015,0.0008773304
232,0.3029589,0.2821643,0.2030662,0.2109187,0.0008918476
233,0.2996406,0.2811891,0.2044782,0.2137924,0.0008996138
234,0.2964765,0.2804563,0.2054983,0.2166678,0.0009012258
235,0.293477,0.2800727,0.2061681,0.2193851,0.0008971243
236,0.2906798,0.280159,0.2064846,0.2217891,0.000887558
237,0.288121,0.2808837,0.2063998,0.2237227,0.0008728317
238,0.2858727,0.2822754,0.2059062,0.2250922,0.0008535295
239,0.2840163,0.2842663,0.2050319,0.225855,0.0008304786
240,0.282632,0.2866912,0.2038466,0.2260254,0.0008047521
241,0.2408291,0.2954924,0.216396,0.2464585,0.0008239804
242,0.2368432,0.3024782,0.2122045,0.2477017,0.0007724206
243,0.2361988,0.3031961,0.2104643,0.2494008,0.0007400658
244,0.2372952,0.3045057,0.2085949,0.2488908,0.0007133978
245,0.2392811,0.3056183,0.2070486,0.2473595,0.00069263
246,0.2416597,0.306157,0.2059575,0.2455485,0.0006772337
247,0.2440912,0.3062081,0.2052539,0.2437806,0.000666141
248,0.2463704,0.3057016,0.2049805,0.2422887,0.0006588362
249,0.2483391,0.3051607,0.2048841,0.2409622,0.0006538485
250,0.2500065,0.3045903,0.2049161,0.2398365,0.0006505179
251,0.2513912,0.3040248,0.2050309,0.2389047,0.0006482757
252,0.2525243,0.3034822,0.2051966,0.2381501,0.0006466869
253,0.3222354,0.281691,0.1828621,0.2126379,0.0005736262
254,0.3274287,0.2769442,0.1822942,0.212753,0.0005797924
255,0.3281676,0.2773399,0.1818655,0.2120418,0.0005850877
256,0.3288496,0.2765777,0.1822349,0.2117444,0.0005933719
257,0.3291968,0.2754249,0.1829787,0.2117963,0.0006032625
258,0.329187,0.2742677,0.1838127,0.2121192,0.0006133792
259,0.3288825,0.2732016,0.1846037,0.2126894,0.0006228415
260,0.3283343,0.2722897,0.1852919,0.213453,0.0006311219
261,0.3276278,0.2714424,0.1858765,0.2144154,0.0006379878
262,0.3267981,0.2706705,0.186348,0.2155402,0.0006432617
263,0.3258803,0.2699782,0.1867067,0.2167879,0.0006468816
264,0.3249083,0.2693727,0.1869558,0.2181144,0.0006488601
265,0.2405793,0.2971309,0.2171503,0.2443828,0.0007568084
266,0.2228923,0.3062431,0.2267556,0.2433313,0.0007778086
267,0.2049272,0.3111528,0.2357826,0.2473482,0.0007891966
268,0.1892426,0.3164012,0.2414755,0.2521031,0.0007776247
269,0.1756916,0.3225968,0.2444262,0.2565386,0.0007467619
270,0.1644814,0.3300248,0.2451386,0.2596528,0.000702409
271,0.1560943,0.33863,0.2439838,0.2606409,0.0006509968
272,0.1511291,0.3480928,0.2411761,0.2590036,0.0005982975
273,0.1501951,0.3563776,0.2376244,0.2552523,0.0005506725
274,0.1534767,0.3622091,0.2339098,0.2498925,0.0005118252
275,0.1607143,0.3648486,0.2304637,0.2434898,0.0004836492
276,0.1711043,0.3644068,0.2275055,0.236517,0.0004665333
277,0.2113447,0.3548563,0.2161275,0.217226,0.0004455603
278,0.2354341,0.3443252,0.2133715,0.2064175,0.0004516851
279,0.2493172,0.3399278,0.212249,0.1980403,0.0004656406
280,0.2588383,0.3364258,0.2123393,0.1919109,0.0004858359
281,0.2657742,0.3333083,0.2130481,0.1873593,0.0005100755
282,0.2709374,0.330472,0.2141006,0.1839531,0.0005369086
283,0.2748017,0.3278672,0.2153671,0.1813987,0.0005652728
284,0.2776825,0.3253502,0.2168487,0.1795239,0.0005946374
285,0.2797731,0.3229751,0.2184645,0.1781629,0.0006243279
286,0.2812379,0.3207281,0.2201733,0.177207,0.0006538599
287,0.282199,0.3185998,0.2219426,0.1765759,0.0006828615
288,0.2827471,0.3165825,0.2237476,0.1762118,0.0007110641
289,0.3083832,0.3038109,0.2116122,0.1755128,0.000681005
290,0.3198315,0.2959751,0.2051703,0.1783497,0.0006734165
291,0.3260047,0.2884642,0.2033246,0.1815195,0.0006870519
292,0.3287125,0.2828602,0.2040151,0.1836982,0.0007139374
293,0.329469,0.2787251,0.2059621,0.1850956,0.0007482435
294,0.3290943,0.2755799,0.2084086,0.1861314,0.0007858778
295,0.32801,0.2731028,0.2109428,0.1871201,0.0008241879
296,0.3264086,0.2711111,0.2133759,0.1882433,0.0008611744
297,0.3244399,0.2695031,0.2155849,0.1895765,0.0008957245
298,0.3221722,0.2681943,0.2175402,0.191166,0.0009272856
299,0.3196442,0.2671484,0.2192315,0.1930204,0.000955497
300,0.3168859,0.2663554,0.2206539,0.1951247,0.0009800828
301,0.3253587,0.2607685,0.212737,0.2001979,0.0009377855
302,0.3283519,0.2582006,0.2067769,0.2057629,0.0009077828
303,0.3286741,0.2550983,0.204868,0.2104568,0.0009028107
304,0.3273705,0.2532415,0.2047816,0.2136948,0.0009116348
305,0.3252696,0.2520666,0.2055201,0.2162152,0.0009282571
306,0.3227155,0.2512464,0.2065144,0.2185751,0.0009485658
307,0.3198664,0.2506518,0.2074541,0.2210579,0.0009697364
308,0.3169504,0.2499611,0.2083179,0.2237811,0.0009896051
309,0.3137836,0.2494981,0.2089633,0.226748,0.001007109
310,0.310468,0.2492507,0.2093358,0.2299242,0.001021383
311,0.3071001,0.249182,0.2094352,0.2332509,0.001031819
312,0.303766,0.2492515,0.2092891,0.2366554,0.001038011
313,0.2863548,0.2624662,0.215922,0.2341501,0.001106882
314,0.2672744,0.2678878,0.2309804,0.2326353,0.001221947
315,0.2539399,0.2710194,0.2401281,0.2336252,0.001287334
316,0.2433641,0.272208,0.2459039,0.2372166,0.001307426
317,0.2345566,0.2726008,0.2492907,0.2422687,0.001283307
318,0.2270853,0.2738319,0.2505443,0.2473201,0.001218422
319,0.2206969,0.2781065,0.2493706,0.2507064,0.001119632
320,0.2151628,0.2889399,0.244588,0.2503146,0.0009947598
321,0.2110821,0.3051022,0.2369296,0.2460246,0.0008613756
322,0.2094048,0.3235688,0.2276174,0.2386735,0.0007356118
323,0.2112956,0.33941,0.2185443,0.2301201,0.0006300079
324,0.217318,0.349005,0.2111683,0.2219587,0.0005498795
325,0.2403691,0.348961,0.2003209,0.2098832,0.0004657847
326,0.2568424,0.3431318,0.1959018,0.2037026,0.0004214819
327,0.270529,0.3383696,0.1929214,0.1977827,0.0003972382
328,0.2822157,0.3334137,0.191412,0.192569,0.0003896152
329,0.2916664,0.3289295,0.1909446,0.1880647,0.0003947988
330,0.2989082,0.3251247,0.1912259,0.1843313,0.0004098889
331,0.3041923,0.3219718,0.1920253,0.1813781,0.0004325148
332,0.3078326,0.3191271,0.1933373,0.1792422,0.0004607905
333,0.3101842,0.3167821,0.1948392,0.177702,0.0004926049
334,0.311606,0.3147502,0.1964391,0.176678,0.000526565
335,0.3123536,0.3129364,0.1980691,0.1760794,0.0005615038
336,0.3126085,0.3112611,0.1996985,0.1758352,0.0005965456
337,0.3080778,0.3106637,0.2035428,0.177072,0.0006436736
338,0.3059625,0.3101883,0.2059066,0.1772589,0.0006836276
339,0.3044112,0.3093397,0.2079038,0.1776256,0.0007197725
340,0.303038,0.3082376,0.2096986,0.1782732,0.0007526004
341,0.3016565,0.3069342,0.211411,0.1792157,0.0007827181
342,0.3001665,0.3054799,0.2131124,0.1804305,0.0008106435
343,0.2985169,0.3039269,0.2148352,0.1818841,0.0008367591
344,0.2966973,0.3025452,0.2163785,0.1835181,0.0008608488
345,0.2947355,0.3011235,0.2179033,0.1853544,0.0008833599
346,0.2926126,0.2997557,0.2194013,0.1873263,0.0009041422
347,0.2903461,0.2985044,0.2208508,0.1893757,0.0009230142
348,0.2879703,0.2974281,0.2222179,0.1914441,0.0009397477
349,0.2258242,0.3034939,0.2378704,0.2318402,0.0009714411
350,0.2100845,0.3108246,0.2310293,0.2471529,0.0009086665
351,0.2083146,0.3030139,0.2294701,0.2583086,0.0008927799
352,0.2108394,0.2980567,0.2282494,0.2619596,0.0008947896
353,0.2138834,0.2949225,0.227848,0.2624359,0.0009101225
354,0.2160161,0.2925456,0.2282033,0.2623009,0.0009341488
355,0.216815,0.2906359,0.2290202,0.2625663,0.000962631
356,0.2162597,0.2892955,0.2299928,0.26346,0.0009919197
357,0.2145661,0.2882401,0.231034,0.2651399,0.001020026
358,0.2118992,0.2874605,0.2320413,0.2675538,0.001045156
359,0.2084217,0.2869199,0.2329677,0.2706247,0.001065987
360,0.204278,0.2865823,0.2337927,0.2742656,0.0010815
361,0.2462586,0.286585,0.2191203,0.2469855,0.001050438
362,0.2435374,0.2815112,0.2299548,0.2438476,0.001149082
363,0.2322327,0.2858872,0.2366717,0.2440053,0.001203196
364,0.2216734,0.2882647,0.2415062,0.2473352,0.001220398
365,0.2118563,0.2892074,0.2450092,0.2527235,0.00120349
366,0.2027645,0.2902221,0.2471335,0.2587246,0.001155291
367,0.1945597,0.2929115,0.2475957,0.2638524,0.001080728
368,0.1875269,0.2984065,0.2461838,0.266895,0.0009878386
369,0.1819702,0.3082679,0.2423405,0.2665378,0.0008836435
370,0.1785454,0.3216839,0.2363581,0.2626345,0.0007781897
371,0.1780728,0.3359271,0.2292346,0.2560841,0.000681386
372,0.1812362,0.3475556,0.2222714,0.2483364,0.0006004405
373,0.1792413,0.3603081,0.2186335,0.2412853,0.0005319524
374,0.1860227,0.3629173,0.2161546,0.2344221,0.0004833266
375,0.1961287,0.3620146,0.2138558,0.2275524,0.0004485541
376,0.2077659,0.3594365,0.2116438,0.2207281,0.0004254984
377,0.219647,0.3560568,0.2096845,0.2141988,0.0004129228
378,0.2308318,0.3523908,0.2081513,0.2082165,0.000409663
379,0.240721,0.3487615,0.20714,0.202963,0.0004144957
380,0.2490521,0.3454221,0.2065869,0.1985129,0.0004260654
381,0.2557686,0.3423463,0.2065156,0.1949262,0.0004431938
382,0.2609576,0.3396021,0.2068354,0.1921402,0.0004645551
383,0.2648188,0.3371964,0.2074407,0.1900552,0.0004888647
384,0.2675913,0.3351006,0.208233,0.1885602,0.0005149397
385,0.275003,0.3306471,0.2077361,0.1860703,0.0005434926
386,0.2776549,0.3285001,0.2083539,0.1849164,0.0005746966
387,0.2787344,0.3270058,0.209255,0.1843993,0.0006055848
388,0.2789919,0.3256989,0.2102895,0.1843843,0.0006353765
389,0.2787026,0.3244601,0.2113877,0.1847859,0.0006635603
390,0.2779776,0.3232567,0.2125216,0.1855542,0.0006897878
391,0.2768653,0.3220825,0.213681,0.1866576,0.0007137947
392,0.2753687,0.3207298,0.2150557,0.18811,0.0007359519
393,0.2734784,0.3194326,0.2165048,0.1898285,0.0007557576
394,0.2712407,0.3181658,0.2180138,0.1918066,0.0007730952
395,0.2686849,0.3169413,0.2195632,0.1940227,0.0007878154
396,0.2658406,0.3157867,0.2211284,0.1964446,0.0007997539
397,0.31709,0.2985987,0.204318,0.1792484,0.0007447673
398,0.3221807,0.2925502,0.2060466,0.1784593,0.0007631223
399,0.3210345,0.2934443,0.2069821,0.1777679,0.0007713572
400,0.3195461,0.2938861,0.2078691,0.1779251,0.0007734855
401,0.3179913,0.2938912,0.2086373,0.17871,0.0007702548
402,0.3164111,0.2938609,0.2091686,0.1797973,0.0007620916
403,0.3148789,0.294034,0.2094114,0.1809261,0.0007496144
404,0.313433,0.2947747,0.2092431,0.1818162,0.0007330889
405,0.3122376,0.2958172,0.2087914,0.1824401,0.0007138385
406,0.3113468,0.2971483,0.2080851,0.1827269,0.0006927649
407,0.3108085,0.2986773,0.2071805,0.1826628,0.0006708218
408,0.3106526,0.3002825,0.2061453,0.1822706,0.0006489246
409,0.312309,0.2936632,0.2004594,0.1929684,0.0006000001
410,0.3195848,0.2913555,0.1910712,0.1974397,0.0005488425
411,0.3237005,0.2874244,0.1868591,0.2014872,0.0005288379
412,0.3261563,0.2851319,0.1851711,0.2030133,0.000527336
413,0.3277285,0.2830248,0.1852785,0.2034295,0.0005387249
414,0.3284652,0.2810072,0.1863508,0.2036191,0.0005576831
415,0.328389,0.2792324,0.1877904,0.2040082,0.0005799782
416,0.3276122,0.2777982,0.1891779,0.2048092,0.0006024545
417,0.3262566,0.2766782,0.1903622,0.2060803,0.0006226768
418,0.3244479,0.2757878,0.1912871,0.2078382,0.000638918
419,0.3222856,0.2750556,0.1919432,0.2100656,0.0006499631
420,0.3198485,0.2744253,0.1923433,0.2127279,0.000655022
421,0.3062144,0.2760864,0.1969037,0.2201186,0.0006768097
422,0.3029151,0.276759,0.1968433,0.2228101,0.0006725624
423,0.2994736,0.2763427,0.1969601,0.2265619,0.0006617579
424,0.2961806,0.2760574,0.1966779,0.2304415,0.000642653
425,0.2931414,0.2760052,0.1960479,0.2341887,0.000616757
426,0.290426,0.2762741,0.1951337,0.2375801,0.0005859532
427,0.2880903,0.2769888,0.1939656,0.2404032,0.0005521473
428,0.2861698,0.2783187,0.1925556,0.2424387,0.0005171085
429,0.2846941,0.2804905,0.1908511,0.2434819,0.0004823233
430,0.2837108,0.2834981,0.1888843,0.2434575,0.0004492477
431,0.2832861,0.2871532,0.186739,0.2424025,0.0004191481
432,0.2834995,0.2910946,0.184547,0.2404659,0.0003930564
433,0.1944786,0.3282411,0.2116478,0.2652074,0.0004250915
434,0.178919,0.3438926,0.2177279,0.259053,0.000407466
435,0.1629466,0.3502889,0.2259719,0.260401,0.0003916395
436,0.1501855,0.3585798,0.2304223,0.2604481,0.000364308
437,0.1409976,0.368541,0.2316687,0.2584623,0.0003304052
438,0.1361217,0.3786997,0.2305783,0.2543046,0.0002957491
439,0.1363147,0.3870802,0.228079,0.248261,0.000265049
440,0.1421139,0.3924533,0.2246036,0.2405881,0.0002410271
441,0.1533524,0.3930993,0.2211397,0.2321833,0.0002253351
442,0.1687188,0.3899505,0.2178138,0.2232992,0.0002178054
443,0.1862327,0.3843329,0.2148051,0.2144112,0.0002180489
444,0.2037244,0.37761,0.212346,0.2060941,0.0002256407
445,0.1514982,0.3922446,0.2344037,0.2215941,0.0002593665
446,0.1248384,0.4065383,0.2436203,0.2247218,0.0002811583
447,0.1090524,0.4129156,0.2509471,0.2267803,0.0003047007
448,0.09929176,0.4163637,0.2563554,0.2276603,0.0003287936
449,0.09318396,0.4181397,0.2604885,0.2278345,0.0003533601
450,0.08941877,0.4187842,0.2638006,0.2276181,0.0003783209
451,0.08720656,0.418616,0.2665755,0.2271985,0.0004035383
452,0.08601002,0.4176691,0.2691398,0.2267519,0.0004290419
453,0.0854698,0.4162716,0.2715143,0.2262898,0.0004545478
454,0.0853504,0.4145215,0.2737796,0.2258684,0.0004799337
455,0.08547599,0.4125156,0.2759845,0.2255189,0.0005050643
456,0.08571472,0.4103353,0.2781602,0.2252599,0.0005298122
457,0.218615,0.3593159,0.2333928,0.1881968,0.0004795147
458,0.2872605,0.3247014,0.2150352,0.172519,0.0004838895
459,0.3147969,0.310932,0.2078942,0.1658641,0.0005128094
460,0.3240702,0.3051901,0.2064112,0.1637755,0.000552992
461,0.3267491,0.3019141,0.2071284,0.1636126,0.0005957731
462,0.3266516,0.2995387,0.2087417,0.1644306,0.0006374451
463,0.3251629,0.2975855,0.2107054,0.1658701,0.0006761047
464,0.3228436,0.2958514,0.2127964,0.1677982,0.0007104039
465,0.319931,0.2943245,0.2148605,0.1701446,0.000739442
466,0.3165442,0.2929934,0.2168166,0.1728834,0.0007625251
467,0.3127537,0.291874,0.218603,0.1759903,0.000779011
468,0.3086425,0.2910145,0.2201086,0.1794461,0.0007883565
469,0.2874202,0.2908011,0.2210685,0.1999438,0.0007664266
470,0.2838233,0.2903867,0.2137844,0.2112931,0.0007125489
471,0.2835564,0.2840125,0.2109329,0.2208139,0.0006843069
472,0.2828786,0.2805254,0.2095692,0.2263588,0.0006679493
473,0.2816056,0.2787588,0.2092448,0.2297315,0.0006592216
474,0.2798097,0.2777015,0.2095347,0.2322995,0.0006546127
475,0.2775289,0.2770043,0.2100766,0.2347388,0.0006513516
476,0.2747634,0.2766797,0.210612,0.2372973,0.0006475535
477,0.2715763,0.2767605,0.210981,0.2400403,0.0006418906
478,0.2681021,0.2772295,0.2110894,0.2429454,0.0006335707
479,0.2644855,0.2780333,0.2109269,0.2459321,0.0006221869
480,0.2608643,0.2791188,0.2105129,0.2488963,0.0006076837
481,0.335999,0.25984,0.1865688,0.2170422,0.0005501037
482,0.3216055,0.2637209,0.1938363,0.2202493,0.000587987
483,0.3145874,0.2700548,0.1952031,0.2195632,0.000591476
484,0.3113709,0.2724963,0.1955149,0.2200368,0.0005810996
485,0.3094448,0.2736865,0.1950303,0.2212784,0.0005600878
486,0.3080806,0.2749689,0.1937937,0.222626,0.0005309026
487,0.3070812,0.2769034,0.191923,0.223596,0.0004963765
488,0.3064087,0.280294,0.1891464,0.223692,0.0004588026
489,0.3061514,0.2844366,0.1859897,0.2230009,0.0004214534
490,0.306403,0.2890733,0.1826484,0.2214888,0.0003864239
491,0.307265,0.2937146,0.1793634,0.2193015,0.000355418
492,0.3088149,0.2978434,0.1763544,0.2166577,0.0003295702
493,0.3133193,0.3019457,0.1737953,0.2106238,0.0003158495
494,0.312391,0.3064376,0.1739631,0.2068984,0.0003098326
495,0.3142318,0.3087538,0.1735681,0.2031427,0.0003036187
496,0.3170306,0.3099372,0.1729648,0.1997685,0.0002987759
497,0.3202159,0.310541,0.1722841,0.1966629,0.0002961046
498,0.3235341,0.3106683,0.1717032,0.193798,0.0002963011
499,0.3268262,0.3103452,0.1713503,0.1911785,0.0002997543
500,0.3299249,0.3092515,0.1715428,0.188974,0.0003068457
501,0.3327461,0.3080955,0.1719471,0.1868946,0.0003168084
502,0.3352587,0.3067575,0.1726038,0.1850505,0.0003294636
503,0.3374386,0.3052927,0.1734701,0.1834543,0.0003443285
504,0.3392833,0.3037617,0.1744931,0.1821011,0.0003608227
505,0.3442254,0.2965947,0.1747453,0.1840449,0.0003896956
506,0.3466522,0.2945958,0.1736191,0.1847207,0.0004121925
507,0.3478521,0.2916783,0.1741475,0.1858837,0.0004385092
508,0.3484532,0.289047,0.1753891,0.1866446,0.0004661201
509,0.3487187,0.2867333,0.1769693,0.1870851,0.0004936469
510,0.3487554,0.2846915,0.1786536,0.1873796,0.0005199269
511,0.3486159,0.2828751,0.1803021,0.1876628,0.0005440995
512,0.3483416,0.2814687,0.1816202,0.1880041,0.0005653984
513,0.3479617,0.2801575,0.1827668,0.1885303,0.0005837568
514,0.3474701,0.2789735,0.1837384,0.1892193,0.0005988635
515,0.3468687,0.2779131,0.1845477,0.19006,0.0006106353
516,0.3461617,0.2769763,0.1852048,0.1910381,0.000619091
517,0.3367592,0.2759306,0.1899841,0.1966715,0.0006545932
518,0.335714,0.2765985,0.1896621,0.1973628,0.0006626468
519,0.3344403,0.2762204,0.18986,0.1988116,0.0006677667
520,0.3331658,0.2759689,0.1899174,0.2002798,0.0006681159
521,0.3319295,0.2759263,0.1897939,0.201686,0.0006642943
522,0.3307472,0.2760857,0.1895023,0.2030078,0.0006570112
523,0.329636,0.2764408,0.1890545,0.2042218,0.0006469102
524,0.3286208,0.2769763,0.1884654,0.2053028,0.0006346632
525,0.3276887,0.2776692,0.1877679,0.2062533,0.0006209344
526,0.3268657,0.2785133,0.1869708,0.207044,0.0006062262
527,0.3261766,0.2794753,0.1860982,0.2076588,0.0005910535
528,0.3256423,0.2805152,0.1851791,0.2080875,0.0005759026
529,0.3320875,0.2800621,0.1820852,0.2052113,0.0005538951
530,0.3306856,0.2813041,0.1819924,0.2054744,0.0005435321
531,0.3304561,0.2826741,0.181285,0.2050533,0.0005313662
532,0.3305983,0.2837255,0.180554,0.2046022,0.0005199813
533,0.3309385,0.2846031,0.1798511,0.2040974,0.0005097336
534,0.3314302,0.2853446,0.1792116,0.2035126,0.000500904
535,0.3320495,0.2859424,0.1786695,0.2028448,0.0004937012
536,0.3327746,0.286382,0.1782485,0.2021067,0.0004882572
537,0.3335724,0.2866401,0.1779699,0.201333,0.0004846312
538,0.3344122,0.2867338,0.1778293,0.200542,0.0004827414
539,0.3352638,0.2866794,0.1778172,0.1997572,0.0004824564
540,0.3360991,0.2864984,0.177918,0.1990009,0.0004835959
541,0.3291967,0.2911939,0.1808127,0.1983063,0.0004904394
542,0.3284743,0.2915758,0.1830232,0.1964303,0.0004963374
543,0.3283684,0.292167,0.1842289,0.1947373,0.0004984662
544,0.3285777,0.292734,0.1847467,0.1934438,0.0004977393
545,0.3289668,0.2932146,0.1848423,0.1924812,0.0004951585
546,0.3294815,0.2935832,0.1847135,0.19173,0.0004917129
547,0.3300948,0.2938271,0.1844988,0.1910911,0.0004881929
548,0.3307934,0.2939269,0.1842925,0.1905023,0.0004849989
549,0.331587,0.293952,0.1841056,0.1898731,0.0004823588
550,0.3324597,0.29387,0.1839847,0.1892051,0.0004805416
551,0.33339,0.2936831,0.1839456,0.1885015,0.0004796428
552,0.334354,0.2934016,0.1839918,0.187773,0.0004796571
553,0.3312291,0.2932679,0.1859318,0.1890801,0.0004910639
554,0.3319324,0.2934036,0.185871,0.1882982,0.0004948878
555,0.3326909,0.2929181,0.1861318,0.18776,0.0004992354
556,0.3334638,0.2923945,0.1864488,0.1871895,0.0005034017
557,0.3342222,0.2918537,0.1868063,0.1866102,0.0005075489
558,0.3349361,0.2913019,0.1871987,0.1860515,0.0005117232
559,0.3355856,0.290751,0.187615,0.1855327,0.0005159057
560,0.336157,0.2902182,0.18804,0.1850649,0.0005200532
561,0.3366889,0.2897305,0.1884414,0.1846152,0.0005239748
562,0.3371893,0.2892657,0.1888273,0.1841901,0.0005276376
563,0.3376654,0.288823,0.1891958,0.1837849,0.0005309854
564,0.3381238,0.2884036,0.1895446,0.183394,0.0005339711
565,0.3374972,0.2886834,0.192511,0.1807525,0.0005559185
566,0.3341625,0.2906483,0.1963593,0.1782532,0.0005767709
567,0.3326662,0.2929635,0.1982608,0.1755241,0.0005854854
568,0.3321342,0.2949643,0.1989971,0.1733187,0.0005857291
569,0.3322037,0.2966482,0.1989719,0.1715962,0.0005799356
570,0.332731,0.2980178,0.1984985,0.1701822,0.0005704404
571,0.3336489,0.2990564,0.1978246,0.1689107,0.0005592574
572,0.334893,0.2997778,0.1971221,0.1676588,0.0005482623
573,0.3363901,0.3000705,0.1965751,0.1664256,0.0005386905
574,0.3380655,0.3000045,0.1962301,0.1651688,0.0005310434
575,0.3398488,0.299625,0.1961133,0.1638875,0.0005255467
576,0.3416725,0.2989824,0.1962263,0.1625966,0.0005221919
577,0.3490653,0.2935417,0.1918641,0.1650231,0.0005058675
578,0.3545136,0.2900955,0.1877462,0.1671512,0.0004934709
579,0.3577867,0.2854091,0.1867885,0.1695198,0.0004958162
580,0.3596809,0.2814295,0.187557,0.1708257,0.0005068155
581,0.3607519,0.2781728,0.1892716,0.171281,0.0005227446
582,0.3612496,0.2755375,0.1913844,0.1712878,0.0005407309
583,0.3613138,0.2734284,0.1935426,0.1711566,0.0005587485
584,0.3610622,0.2717317,0.1955513,0.1710785,0.0005763182
585,0.3605241,0.2703885,0.1973229,0.1711721,0.0005924243
586,0.3597583,0.2693499,0.1988061,0.1714793,0.000606364
587,0.3588074,0.2685738,0.1999875,0.1720135,0.0006177197
588,0.3577027,0.2680301,0.2008707,0.1727704,0.0006262558
589,0.3619485,0.2658818,0.1986497,0.1728995,0.0006204952
590,0.3618774,0.2650445,0.1978153,0.1746439,0.0006188327
591,0.3610341,0.2644,0.1974481,0.1764999,0.0006179214
592,0.359819,0.264008,0.1972802,0.1782761,0.0006167271
593,0.3584155,0.2638595,0.1971287,0.1799819,0.0006145157
594,0.3569146,0.2639318,0.1968817,0.1816611,0.0006108087
595,0.3553706,0.2642015,0.1964795,0.183343,0.0006053659
596,0.3538024,0.2646639,0.195899,0.1850373,0.0005973325
597,0.3522767,0.2653069,0.1951215,0.1867077,0.0005870908
598,0.3508125,0.2661004,0.1941763,0.1883357,0.0005751624
599,0.3494413,0.2670222,0.1930918,0.1898826,0.0005620395
600,0.3482,0.268046,0.1919021,0.1913038,0.0005482131
601,0.3424768,0.2710015,0.1916268,0.1943623,0.0005326606
602,0.3422633,0.2717879,0.189783,0.195652,0.0005137768
603,0.3417834,0.2725087,0.1883881,0.1968212,0.0004985685
604,0.3414252,0.2733752,0.1871591,0.1975547,0.0004857753
605,0.3412817,0.274243,0.1860939,0.1979061,0.000475244
606,0.3413647,0.2750307,0.185193,0.1979447,0.0004668769
607,0.3416597,0.2756969,0.1844537,0.1977291,0.0004605831
608,0.3420767,0.2762948,0.1838567,0.197315,0.0004568681
609,0.342604,0.2766999,0.1834356,0.1968049,0.0004555128
610,0.3432075,0.2769574,0.1831561,0.1962228,0.0004561794
611,0.3438523,0.277085,0.1829982,0.1956059,0.0004586075
612,0.3445055,0.2771012,0.1829416,0.1949891,0.0004625463
613,0.3444169,0.2821435,0.1841799,0.1887971,0.0004626414
614,0.3409205,0.2833154,0.189721,0.1855646,0.0004783869
615,0.3393973,0.2861624,0.1920104,0.1819475,0.0004824806
616,0.3388077,0.2889275,0.192555,0.1792303,0.0004794727
617,0.3387902,0.2913772,0.1920317,0.177329,0.0004719015
618,0.339196,0.293437,0.1909378,0.175967,0.0004621302
619,0.3399496,0.2950746,0.1896386,0.174885,0.0004521913
620,0.3410263,0.2962441,0.1883882,0.1738984,0.0004429765
621,0.3423966,0.2970431,0.1872859,0.1728389,0.0004355862
622,0.3439951,0.2974463,0.1864409,0.1716867,0.0004308407
623,0.3457412,0.2974832,0.185894,0.1704524,0.0004290938
624,0.3475476,0.297204,0.1856485,0.1691697,0.0004303805
625,0.3555507,0.2936373,0.1818041,0.1685885,0.0004194878
626,0.3599119,0.2909613,0.1795262,0.1691833,0.0004173098
627,0.3625866,0.2879885,0.1790587,0.1699414,0.0004247433
628,0.3642539,0.2853682,0.1796816,0.1702577,0.0004386334
629,0.365243,0.283145,0.1809249,0.1702305,0.000456504
630,0.3657185,0.2813075,0.1824406,0.1700571,0.0004762962
631,0.3657899,0.279824,0.1839973,0.1698924,0.0004964086
632,0.3655775,0.278615,0.1854635,0.1698285,0.0005155706
633,0.365134,0.2776654,0.1867608,0.1699068,0.0005329578
634,0.3645138,0.2769268,0.1878624,0.1701489,0.0005480484
635,0.3637524,0.2763651,0.1887629,0.1705592,0.0005605234
636,0.3628723,0.2759569,0.1894677,0.171133,0.0005702102
637,0.3596351,0.2745872,0.1919461,0.1732369,0.0005946161
638,0.3576681,0.2753898,0.1924399,0.1738959,0.0006061834
639,0.3561039,0.2757841,0.1927062,0.1747933,0.0006123807
640,0.3546714,0.2761526,0.1927135,0.1758488,0.000613765
641,0.3532842,0.276573,0.1925027,0.177029,0.0006111685
642,0.3519148,0.2770685,0.1921151,0.1782962,0.0006052988
643,0.3505631,0.2776471,0.1915808,0.1796122,0.000596769
644,0.3491882,0.2783661,0.1909142,0.1809452,0.0005861662
645,0.3478613,0.2791753,0.1901368,0.1822526,0.0005739449
646,0.3466013,0.2800625,0.189275,0.1835005,0.0005605857
647,0.345434,0.2810126,0.1883524,0.1846545,0.0005465405
648,0.3443876,0.2820041,0.1873935,0.1856825,0.0005322415
649,0.3503847,0.2789908,0.1818717,0.1882543,0.0004984881
650,0.3528218,0.277843,0.1775398,0.1913223,0.000473065
651,0.3534934,0.2764475,0.1755657,0.1940326,0.0004607451
652,0.353628,0.2754532,0.1748585,0.1956037,0.0004565884
653,0.3535456,0.2746493,0.1749177,0.1964297,0.0004577594
654,0.3533018,0.2739692,0.1753729,0.196894,0.0004619774
655,0.3529068,0.273406,0.1759749,0.1972447,0.0004675531
656,0.3523826,0.2729492,0.1765752,0.1976197,0.0004733131
657,0.3517172,0.272592,0.1771023,0.19811,0.0004785351
658,0.3509327,0.2723373,0.1775077,0.1987395,0.0004827069
659,0.3500499,0.2721784,0.1777734,0.1995127,0.0004855427
660,0.3490896,0.2721075,0.1778959,0.2004202,0.0004869081
661,0.3539123,0.2716258,0.1754943,0.1984942,0.0004734793
662,0.3525625,0.2712963,0.1758271,0.1998439,0.0004701636
663,0.3515902,0.2715122,0.1756013,0.2008311,0.0004651068
664,0.3506418,0.2717397,0.1752432,0.2019157,0.0004595472
665,0.3496889,0.2720004,0.1747811,0.2030762,0.0004534777
666,0.3487544,0.2723154,0.1742247,0.2042585,0.0004469178
667,0.3478666,0.2726894,0.1735897,0.2054143,0.0004399712
668,0.3470292,0.273146,0.1728892,0.2065027,0.0004327661
669,0.3462611,0.2736633,0.1721474,0.2075027,0.00042553
670,0.3455752,0.2742432,0.1713775,0.2083855,0.0004184579
671,0.3449844,0.2748761,0.1705966,0.2091311,0.0004117452
672,0.3444986,0.2755463,0.1698223,0.2097272,0.0004055751
673,0.3323472,0.2803796,0.1724516,0.2144153,0.0004063198
674,0.3337024,0.2806993,0.1711663,0.2140347,0.0003973375
675,0.3337006,0.2810026,0.1705386,0.2143664,0.0003918304
676,0.3336303,0.2816564,0.1698827,0.2144431,0.0003874442
677,0.3336676,0.2823772,0.1692683,0.2143027,0.000384269
678,0.3338364,0.2830411,0.1687399,0.2140002,0.0003824199
679,0.3341203,0.283602,0.1683171,0.2135787,0.0003819367
680,0.3344561,0.2841075,0.1679861,0.2130677,0.0003826074
681,0.3348842,0.2845064,0.1677387,0.2124863,0.0003843756
682,0.3353619,0.2847926,0.1675775,0.2118808,0.0003872069
683,0.3358564,0.2849751,0.1674956,0.2112819,0.0003909963
684,0.3363394,0.2850659,0.167483,0.2107161,0.0003956016
685,0.3309148,0.2881129,0.1708261,0.2097269,0.0004193686
686,0.327631,0.2906737,0.1738228,0.2074336,0.0004388738
687,0.326176,0.2925373,0.1753292,0.2055086,0.0004490127
688,0.3255011,0.294055,0.1758326,0.2041592,0.0004521772
689,0.3252623,0.2954075,0.1756905,0.2031892,0.0004505974
690,0.3253413,0.2966315,0.1751892,0.2023916,0.0004463734
691,0.3256933,0.2977093,0.1745396,0.2016166,0.0004412286
