EwEVersion,"6.5.13829.0 (compiled 2016-05-17)"
Date,"2016-09-06 16:05:38"
ModelName,Baltic_Proper-SEALS
EcosimScenario,Proper1_SealVuln100_19742100_seal0_cofF03
TimeSeries,new_data_weights_19742100_BAU_WAR1_codF03_seal0
StartYear,1974

Data,"Prey of other mesozooplankton"

TimeStep,"Cyanobacteria","Phytoplankton","microzooplankton","Detritus-water column",
1,0.04280682,0.5585232,0.1841945,0.2144755
2,0.03914408,0.5794344,0.1844229,0.1969986
3,0.03727721,0.5860372,0.1880639,0.1886217
4,0.03628786,0.5871349,0.1919936,0.1845836
5,0.03575879,0.5862401,0.1952522,0.1827489
6,0.03547649,0.5848047,0.1976785,0.1820404
7,0.03532583,0.5833926,0.1993923,0.1818893
8,0.03524353,0.5821813,0.2005829,0.1819923
9,0.03519486,0.5811884,0.201427,0.1821897
10,0.03516104,0.5803756,0.2020631,0.1824004
11,0.03513219,0.5796929,0.2025897,0.1825852
12,0.03510328,0.5790968,0.2030727,0.1827272
13,0.03574783,0.5726326,0.2052842,0.1863354
14,0.03615527,0.5694742,0.2057343,0.1886363
15,0.03638262,0.5679889,0.2057087,0.1899198
16,0.03649445,0.567299,0.205645,0.1905615
17,0.03653415,0.5669435,0.2057164,0.190806
18,0.03653048,0.5666971,0.2059588,0.1908136
19,0.03650214,0.5664628,0.2063472,0.1906879
20,0.03646115,0.5662091,0.2068337,0.1904961
21,0.03641541,0.5659351,0.2073657,0.1902837
22,0.03637033,0.5656534,0.207893,0.1900833
23,0.03632978,0.5653792,0.2083713,0.1899198
24,0.03629651,0.5651277,0.2087641,0.1898117
25,0.03250096,0.597572,0.199865,0.170062
26,0.03050136,0.6078882,0.2016787,0.1599318
27,0.02949767,0.6102251,0.2049862,0.1552909
28,0.02897471,0.609782,0.2080242,0.1532191
29,0.02870892,0.60855,0.2102448,0.1524962
30,0.02858025,0.6072789,0.2116719,0.1524689
31,0.0285226,0.6061999,0.2124981,0.1527794
32,0.02849969,0.6053397,0.2129267,0.1532339
33,0.02849206,0.6046565,0.2131204,0.1537312
34,0.02848924,0.6040948,0.2131981,0.1542178
35,0.02848608,0.6036071,0.2132374,0.1546695
36,0.02848028,0.6031583,0.2132848,0.1550767
37,0.02923621,0.5950386,0.2161837,0.1595414
38,0.0297146,0.5913022,0.216561,0.1624222
39,0.02999321,0.5896895,0.2161731,0.1641442
40,0.03014404,0.5890422,0.2156775,0.1651363
41,0.03021618,0.5887728,0.2153271,0.165684
42,0.03024171,0.5886083,0.215179,0.165971
43,0.03024082,0.5884383,0.2152093,0.1661117
44,0.03022576,0.5882294,0.2153701,0.1661748
45,0.03020383,0.5879815,0.2156137,0.1662009
46,0.03017984,0.5877077,0.2158946,0.1662179
47,0.03015666,0.5874233,0.216177,0.1662431
48,0.03013609,0.5871419,0.2164341,0.166288
49,0.03093774,0.5786451,0.2196153,0.1708018
50,0.03145641,0.5747375,0.2200999,0.1737062
51,0.03176896,0.5731229,0.2196795,0.1754287
52,0.0319519,0.572601,0.2190138,0.1764332
53,0.03205729,0.5725505,0.2183661,0.1770261
54,0.03211918,0.5726722,0.2178056,0.1774031
55,0.03215848,0.5728362,0.2173244,0.177681
56,0.03218728,0.5729944,0.2168936,0.1779248
57,0.03221211,0.5731344,0.2164866,0.1781669
58,0.03223561,0.5732563,0.2160911,0.1784169
59,0.03225869,0.5733628,0.2157038,0.1786747
60,0.03228132,0.5734558,0.2153275,0.1789355
61,0.03261458,0.5697933,0.216823,0.1807691
62,0.03281827,0.5680166,0.2173198,0.1818455
63,0.03295492,0.5671909,0.2172727,0.1825815
64,0.03304333,0.5668568,0.2170303,0.1830696
65,0.03310096,0.5667596,0.2167349,0.1834045
66,0.03313966,0.5667672,0.2164434,0.1836498
67,0.03316699,0.5668148,0.2161741,0.183844
68,0.03318742,0.5668722,0.2159314,0.184009
69,0.03320351,0.5669261,0.2157151,0.1841553
70,0.03321689,0.5669717,0.2155213,0.1842901
71,0.03322836,0.5670079,0.2153479,0.1844158
72,0.03323831,0.567035,0.2151936,0.184533
73,0.03104035,0.5878413,0.2086895,0.1724289
74,0.02980685,0.5952966,0.2090715,0.1658251
75,0.02913946,0.5973992,0.21096,0.1625013
76,0.02877577,0.5974122,0.2129169,0.1608952
77,0.02857861,0.5967223,0.2144943,0.1602048
78,0.02847176,0.595895,0.2156432,0.15999
79,0.02841237,0.5951313,0.21645,0.1600063
80,0.02837646,0.5944775,0.217026,0.16012
81,0.02835091,0.5939224,0.2174673,0.1602595
82,0.0283287,0.5934381,0.2178448,0.1603883
83,0.02830629,0.5929984,0.2182059,0.1604894
84,0.02828201,0.5925827,0.2185792,0.1605561
85,0.02833143,0.5923536,0.2181364,0.1611786
86,0.02836934,0.5923212,0.2175792,0.1617303
87,0.02837021,0.5923092,0.2173348,0.1619857
88,0.02835414,0.5922378,0.2173126,0.1620955
89,0.02832799,0.5920923,0.217469,0.1621108
90,0.02829501,0.5918803,0.2177684,0.1620563
91,0.02825693,0.5916154,0.2181809,0.1619467
92,0.0282149,0.5913118,0.2186805,0.1617928
93,0.02816995,0.5909821,0.2192435,0.1616044
94,0.02812321,0.590638,0.2198466,0.1613923
95,0.02807615,0.5902896,0.2204644,0.1611699
96,0.02803052,0.5899475,0.2210693,0.1609527
97,0.02749604,0.595001,0.2194951,0.1580077
98,0.02717387,0.5968937,0.2195935,0.156339
99,0.02698083,0.5974079,0.2201729,0.1554383
100,0.02687039,0.5973626,0.2207354,0.1550316
101,0.02681211,0.5971403,0.2211093,0.1549384
102,0.02678706,0.5969041,0.2212617,0.1550471
103,0.02678338,0.5967114,0.2212179,0.1552873
104,0.02679342,0.5965712,0.2210231,0.1556123
105,0.02681205,0.5964725,0.2207259,0.1559895
106,0.0268355,0.5963989,0.2203725,0.1563932
107,0.02686084,0.5963345,0.220002,0.1568026
108,0.02688593,0.5962672,0.2196452,0.1572018
109,0.02786474,0.5862501,0.2227373,0.1631479
110,0.02851846,0.5818404,0.2225263,0.1671148
111,0.02891897,0.5801945,0.2213977,0.1694888
112,0.02915725,0.5798128,0.2201632,0.1708668
113,0.02929422,0.5799268,0.2191451,0.1716339
114,0.02937024,0.5801747,0.2184149,0.1720401
115,0.02941075,0.5804066,0.2179417,0.1722409
116,0.02943115,0.5805755,0.217665,0.1723283
117,0.02944043,0.5806789,0.2175251,0.1723555
118,0.02944366,0.5807293,0.2174755,0.1723515
119,0.02944371,0.5807421,0.2174818,0.1723324
120,0.02944221,0.5807305,0.2175202,0.1723071
121,0.02909405,0.5840046,0.2166713,0.1702301
122,0.02887459,0.5852283,0.2169688,0.1689282
123,0.02875074,0.5855431,0.2174709,0.1682353
124,0.02868042,0.5854896,0.2179575,0.1678724
125,0.02864116,0.5853142,0.218347,0.1676977
126,0.02861954,0.5851222,0.2186307,0.1676276
127,0.02860763,0.5849522,0.2188266,0.1676135
128,0.02860086,0.5848132,0.2189583,0.1676276
129,0.02859674,0.5847018,0.2190464,0.1676551
130,0.02859388,0.5846123,0.219106,0.1676879
131,0.02859157,0.5845385,0.2191477,0.1677222
132,0.02858943,0.5844761,0.2191787,0.1677558
133,0.0312299,0.5541933,0.231939,0.1826377
134,0.03306174,0.537948,0.2366405,0.1923498
135,0.03428453,0.5299152,0.2373912,0.198409
136,0.035037,0.5264158,0.2368297,0.2017176
137,0.0354712,0.525213,0.2360654,0.2032503
138,0.03570895,0.5250673,0.2354631,0.2037607
139,0.03583683,0.525356,0.2350398,0.2037673
140,0.0359114,0.5258027,0.2346891,0.2035968
141,0.03596691,0.5263042,0.2342909,0.203438
142,0.03602333,0.5268335,0.2337482,0.2033949
143,0.03609094,0.5273923,0.2330026,0.2035142
144,0.03617411,0.5279883,0.232029,0.2038086
145,0.03258261,0.5655791,0.2180173,0.183821
146,0.03074454,0.5797991,0.2153892,0.1740672
147,0.02981455,0.5851305,0.2154743,0.1695806
148,0.02934049,0.5868734,0.2161397,0.1676464
149,0.02910131,0.5872094,0.2167376,0.1669517
150,0.02898305,0.5870535,0.2171268,0.1668367
151,0.02892597,0.58677,0.2173337,0.1669704
152,0.02889888,0.5864861,0.2174234,0.1671916
153,0.02888561,0.5862329,0.2174563,0.1674252
154,0.02887783,0.5860072,0.2174772,0.1676377
155,0.02887128,0.5857968,0.2175159,0.1678161
156,0.02886381,0.5855897,0.2175907,0.1679559
157,0.03511448,0.5187548,0.2423567,0.203774
158,0.0406074,0.4742914,0.2507344,0.2343667
159,0.04499038,0.4463129,0.2510824,0.2576142
160,0.04822012,0.4300012,0.2481168,0.2736617
161,0.05042366,0.4213924,0.2445785,0.2836054
162,0.05181392,0.4175052,0.2417459,0.288935
163,0.05261977,0.4162691,0.2399885,0.2911227
164,0.05304257,0.4163719,0.2391889,0.2913966
165,0.05323823,0.417068,0.2390256,0.2906682
166,0.05331711,0.4179859,0.2391401,0.289557
167,0.05335228,0.4189694,0.2392225,0.2884558
168,0.05338861,0.4199698,0.2390503,0.2875913
169,0.04829752,0.4675542,0.224352,0.2597964
170,0.0454196,0.4899721,0.2198729,0.2447354
171,0.04415079,0.500625,0.2161,0.2391242
172,0.04355186,0.5064132,0.2128985,0.2371365
173,0.0432538,0.5097157,0.2105253,0.2365051
174,0.04311581,0.5117031,0.2087185,0.2364626
175,0.04305885,0.512969,0.2073638,0.2366083
176,0.04304044,0.5138242,0.2063795,0.2367558
177,0.04303901,0.5144342,0.2056904,0.2368365
178,0.0430444,0.5148883,0.2052287,0.2368385
179,0.04305189,0.515239,0.2049383,0.2367708
180,0.04305924,0.5155179,0.2047764,0.2366465
181,0.04159889,0.5293952,0.2003724,0.2286335
182,0.04068775,0.5359922,0.1996188,0.2237012
183,0.04014154,0.5389307,0.2001396,0.2207882
184,0.03981823,0.5400659,0.2010406,0.2190754
185,0.03962822,0.5403633,0.2019543,0.2180542
186,0.03951576,0.5403093,0.2027602,0.2174148
187,0.0394467,0.5401363,0.2034456,0.2169714
188,0.03940037,0.5399458,0.204039,0.2166148
189,0.03936441,0.539775,0.204579,0.2162816
190,0.03933173,0.5396308,0.2051005,0.215937
191,0.03929827,0.5395085,0.2056311,0.2155621
192,0.03926174,0.5394,0.2061911,0.2151471
193,0.03838547,0.5472969,0.2040701,0.2102476
194,0.03782584,0.5508764,0.2041704,0.2071273
195,0.03747211,0.5523292,0.2050597,0.205139
196,0.03724705,0.5527534,0.2061571,0.2038424
197,0.03710047,0.5527223,0.2072209,0.2029564
198,0.03700113,0.5525224,0.2081658,0.2023107
199,0.03693027,0.5522889,0.2089736,0.2018072
200,0.03687708,0.5520797,0.2096505,0.2013928
201,0.03683569,0.5519149,0.2102082,0.2010412
202,0.03680331,0.5517985,0.2106549,0.2007432
203,0.03677879,0.5517282,0.2109956,0.2004974
204,0.03676174,0.5516996,0.2112334,0.2003053
205,0.04037965,0.5174627,0.2225704,0.2195871
206,0.043116,0.4978693,0.2252925,0.2337221
207,0.04502542,0.4874476,0.2244457,0.2430812
208,0.04628179,0.4825656,0.2223454,0.2488073
209,0.0470682,0.480788,0.2201176,0.2520261
210,0.04754404,0.4805979,0.2181829,0.2536753
211,0.04783093,0.4811231,0.2166025,0.2544433
212,0.04801306,0.4819075,0.21529,0.2547894
213,0.04814377,0.4827385,0.2141274,0.2549904
214,0.04825182,0.4835352,0.2130342,0.2551789
215,0.04835117,0.484275,0.2119686,0.2554052
216,0.04844679,0.4849584,0.2109233,0.2556714
217,0.04383881,0.5264356,0.1982116,0.2315141
218,0.04125236,0.5441337,0.1962501,0.2183638
219,0.03984936,0.5512556,0.1973271,0.211568
220,0.03908483,0.5537098,0.1990975,0.2081079
221,0.0386732,0.5541803,0.2007222,0.2064242
222,0.03845702,0.5538988,0.20197,0.2056741
223,0.0383476,0.55341,0.202846,0.2053964
224,0.03829483,0.5529328,0.2034316,0.2053407
225,0.03827067,0.5525366,0.2038189,0.2053739
226,0.0382596,0.5522271,0.2040858,0.2054275
227,0.03825336,0.5519873,0.2042908,0.2054684
228,0.03824765,0.5517958,0.2044743,0.2054822
229,0.0389392,0.5446293,0.2074142,0.2090172
230,0.03938116,0.5409283,0.208556,0.2111345
231,0.03965592,0.539074,0.2089212,0.2123488
232,0.03981476,0.5381993,0.2090393,0.2129466
233,0.03989799,0.5378065,0.2091434,0.2131522
234,0.03993416,0.5376276,0.2093166,0.2131217
235,0.03994239,0.537529,0.2095704,0.2129583
236,0.03993507,0.5374513,0.2098857,0.2127279
237,0.03992013,0.5373741,0.2102333,0.2124725
238,0.0399026,0.5372955,0.2105826,0.2122193
239,0.03988571,0.5372219,0.2109066,0.2119858
240,0.03987147,0.5371617,0.211183,0.2117839
241,0.03827935,0.5503618,0.2082374,0.2031215
242,0.03729473,0.5557347,0.2091637,0.1978068
243,0.03674734,0.5575411,0.2107206,0.194991
244,0.03644555,0.5578551,0.2121564,0.1935429
245,0.03628563,0.5576259,0.2132179,0.1928706
246,0.03620632,0.5572725,0.2138922,0.192629
247,0.03617128,0.5569586,0.2142545,0.1926157
248,0.03615926,0.5567296,0.214398,0.1927132
249,0.03615809,0.5565814,0.2144053,0.1928552
250,0.0361614,0.5564943,0.2143359,0.1930084
251,0.03616591,0.5564469,0.214231,0.1931563
252,0.03617003,0.5564219,0.2141162,0.1932919
253,0.035679,0.5626994,0.2104782,0.1911434
254,0.03539534,0.5658959,0.2085889,0.1901199
255,0.03520482,0.5675182,0.2077953,0.1894816
256,0.03508528,0.5682727,0.2074858,0.1891562
257,0.03501153,0.5685716,0.2073937,0.1890232
258,0.03496564,0.5686393,0.207399,0.188996
259,0.03493599,0.5685933,0.2074503,0.1890204
260,0.03491534,0.5684925,0.2075283,0.189064
261,0.03489934,0.5683653,0.2076265,0.1891089
262,0.03488547,0.5682247,0.2077437,0.1891461
263,0.03487237,0.5680767,0.2078793,0.1891716
264,0.03485934,0.5679238,0.2080323,0.1891845
265,0.03815434,0.5347435,0.2206384,0.2064637
266,0.04053209,0.515995,0.2251339,0.2183389
267,0.04215537,0.5060393,0.2258226,0.2259827
268,0.04318201,0.50125,0.2251925,0.2303755
269,0.0437867,0.4992612,0.2243893,0.2325629
270,0.04411872,0.4986556,0.2238206,0.2334052
271,0.04429054,0.4986603,0.2235176,0.2335316
272,0.0443802,0.4989005,0.2233525,0.2333667
273,0.04443815,0.4992244,0.2231605,0.2331771
274,0.04449365,0.4995889,0.2228088,0.2331086
275,0.04456158,0.4999952,0.2222171,0.2332262
276,0.04464648,0.5004532,0.2213647,0.2335357
277,0.04583967,0.4920591,0.2222664,0.2398349
278,0.04674293,0.4880002,0.2206384,0.2446183
279,0.04736538,0.4864207,0.2183747,0.2478392
280,0.04778556,0.4861829,0.2160809,0.2499507
281,0.04806584,0.486601,0.2140302,0.2513031
282,0.04825263,0.4872844,0.2123102,0.2521528
283,0.04837856,0.4880258,0.2109183,0.2526773
284,0.04846548,0.4887259,0.209815,0.2529936
285,0.04852739,0.4893456,0.2089514,0.2531757
286,0.04857315,0.4898765,0.2082806,0.2532698
287,0.04860825,0.4903248,0.2077626,0.2533043
288,0.04863598,0.4907021,0.2073655,0.2532964
289,0.04424678,0.5291269,0.1959426,0.2306836
290,0.04174939,0.5455748,0.1944595,0.2182163
291,0.04036885,0.5521346,0.1958482,0.2116484
292,0.03959925,0.5542957,0.1978822,0.2082229
293,0.03917143,0.5545834,0.1997507,0.2064945
294,0.03893562,0.5541632,0.2012265,0.2056746
295,0.0388065,0.5535527,0.2023151,0.2053256
296,0.0387351,0.5529597,0.2031003,0.2052049
297,0.03869359,0.5524493,0.2036769,0.2051802
298,0.03866649,0.5520259,0.2041249,0.2051827
299,0.03864537,0.5516719,0.2045045,0.2051781
300,0.0386258,0.5513662,0.2048571,0.2051509
301,0.03506302,0.5831809,0.1951948,0.1865612
302,0.03313507,0.5946972,0.1953209,0.1768469
303,0.0320887,0.598152,0.1978644,0.171895
304,0.0315087,0.5983846,0.2007036,0.169403
305,0.0311836,0.5974643,0.203137,0.1682151
306,0.03099864,0.5962598,0.2050283,0.1677132
307,0.03088989,0.5951027,0.2064477,0.1675598
308,0.03082166,0.5940898,0.2075173,0.1675712
309,0.03077427,0.5932237,0.2083519,0.1676502
310,0.03073687,0.5924754,0.2090423,0.1677454
311,0.03070391,0.5918118,0.2096509,0.1678333
312,0.03067269,0.5912061,0.2102163,0.1679049
313,0.03534894,0.5439796,0.2274094,0.1932621
314,0.03908291,0.515835,0.2320998,0.2129822
315,0.04178047,0.500315,0.2313697,0.2265348
316,0.04357782,0.4927038,0.2287763,0.2349421
317,0.04468211,0.4896061,0.2261714,0.2395404
318,0.04530511,0.488809,0.2242741,0.2416117
319,0.04562427,0.4890177,0.2231712,0.2421868
320,0.04577115,0.4895679,0.2226543,0.2420067
321,0.04583568,0.49018,0.2224188,0.2415656
322,0.04587344,0.4907783,0.2221911,0.2411571
323,0.04591593,0.4913732,0.2217732,0.2409378
324,0.04597778,0.4919962,0.2210588,0.2409673
325,0.04560986,0.4969942,0.2184234,0.2389726
326,0.04542531,0.5000201,0.2164603,0.2380944
327,0.04535177,0.5019992,0.2147981,0.237851
328,0.04534828,0.5033983,0.21326,0.2379934
329,0.04538288,0.5044704,0.2118221,0.2383246
330,0.04543433,0.5053433,0.2105073,0.238715
331,0.04548993,0.5060782,0.2093429,0.2390889
332,0.04554269,0.5067042,0.2083458,0.2394073
333,0.0455893,0.5072368,0.2075197,0.2396543
334,0.04562921,0.5076857,0.2068525,0.2398326
335,0.04566279,0.5080607,0.2063267,0.2399499
336,0.04569071,0.5083715,0.2059227,0.240015
337,0.04606222,0.5055076,0.2066125,0.2418176
338,0.04631326,0.5040749,0.2066727,0.2429391
339,0.04647637,0.5034276,0.2065173,0.2435787
340,0.04657876,0.5032004,0.2063279,0.2438929
341,0.04664049,0.5031809,0.2061847,0.2439939
342,0.04667542,0.5032508,0.2061169,0.2439568
343,0.04669273,0.5033479,0.2061295,0.2438298
344,0.04669835,0.5034418,0.2062167,0.2436431
345,0.04669615,0.5035192,0.2063688,0.2434158
346,0.04668833,0.5035762,0.2065773,0.2431581
347,0.04667646,0.5036125,0.2068334,0.2428777
348,0.04666167,0.5036297,0.2071282,0.2425805
349,0.03896314,0.5672441,0.1913757,0.202417
350,0.03520881,0.5872549,0.1942419,0.1832943
351,0.03336852,0.5924369,0.1997804,0.1744141
352,0.03241317,0.5924971,0.2049242,0.1701655
353,0.03190977,0.5909755,0.2088909,0.1682237
354,0.03164407,0.589211,0.2116945,0.1674504
355,0.03150272,0.5876533,0.2135927,0.1672513
356,0.03142447,0.5863943,0.2148691,0.1673121
357,0.03137647,0.5853962,0.2157579,0.1674695
358,0.03134136,0.5845879,0.2164293,0.1676415
359,0.03131042,0.5839025,0.2169964,0.1677906
360,0.03127951,0.5832896,0.2175286,0.1679023
361,0.03529324,0.5442436,0.2308626,0.1896006
362,0.03843123,0.5221483,0.2331257,0.2062947
363,0.04061145,0.5107002,0.2313371,0.2173513
364,0.04201188,0.5055881,0.228417,0.2239832
365,0.04284012,0.5038657,0.2258151,0.2274791
366,0.04328523,0.5037219,0.2240358,0.228957
367,0.04349506,0.5041619,0.2230798,0.2292633
368,0.04357374,0.5047148,0.222733,0.2289785
369,0.04358972,0.5052094,0.2227253,0.2284757
370,0.04358632,0.5056243,0.2228015,0.2279879
371,0.04358915,0.5059996,0.2227619,0.2276493
372,0.04361163,0.5063869,0.2224754,0.227526
373,0.04421847,0.5016585,0.2236476,0.2304754
374,0.04466033,0.4994921,0.2232478,0.2325997
375,0.04498449,0.4987579,0.2220932,0.2341644
376,0.0452291,0.4988209,0.2205795,0.2353704
377,0.04542033,0.4993031,0.2189311,0.2363454
378,0.04557437,0.4999831,0.2172833,0.2371593
379,0.04570086,0.5007321,0.215721,0.2378459
380,0.0458056,0.5014765,0.2142961,0.2384218
381,0.04589243,0.5021749,0.2130362,0.2388965
382,0.04596398,0.5028062,0.2119532,0.2392765
383,0.04602258,0.5033619,0.2110449,0.2395706
384,0.04607037,0.5038412,0.2102992,0.2397892
385,0.04622437,0.503423,0.2097749,0.2405778
386,0.04633648,0.5033717,0.209172,0.2411198
387,0.04641129,0.5035011,0.2086527,0.2414349
388,0.04646055,0.5036987,0.2082459,0.2415949
389,0.04649229,0.5039064,0.2079534,0.2416479
390,0.04651169,0.5040969,0.2077667,0.2416246
391,0.046522,0.5042596,0.2076749,0.2415435
392,0.04652504,0.5043918,0.2076687,0.2414146
393,0.04652185,0.5044938,0.2077412,0.2412431
394,0.0465133,0.5045677,0.207885,0.2410339
395,0.04649998,0.5046158,0.2080938,0.2407903
396,0.04648234,0.5046406,0.2083619,0.2405151
397,0.04774539,0.4951987,0.2098913,0.2471647
398,0.04865346,0.4903822,0.20909,0.2518743
399,0.04921373,0.4882756,0.2079382,0.2545726
400,0.04954176,0.4875984,0.2068871,0.2559728
401,0.04971967,0.4876057,0.2061157,0.2565589
402,0.04980498,0.4878881,0.2056465,0.2566604
403,0.04983636,0.4882392,0.2054312,0.2564932
404,0.04983884,0.4885681,0.2053982,0.2561949
405,0.04982809,0.4888467,0.2054751,0.2558502
406,0.0498134,0.4890761,0.2056019,0.2555085
407,0.04980015,0.4892696,0.2057322,0.255198
408,0.04979121,0.4894429,0.2058325,0.2549334
409,0.04399817,0.5377129,0.1929152,0.2253737
410,0.04086602,0.5566942,0.1925664,0.2098734
411,0.03921841,0.5635328,0.1950971,0.2021517
412,0.03833281,0.5653925,0.1979534,0.1983213
413,0.03785827,0.5653045,0.2003152,0.1965221
414,0.03760752,0.5645806,0.2020361,0.1957758
415,0.03747693,0.5637604,0.2032105,0.1955522
416,0.03740855,0.563035,0.2039926,0.1955639
417,0.03737026,0.562445,0.2045259,0.1956588
418,0.03734469,0.561974,0.2049215,0.1957597
419,0.03732267,0.5615901,0.2052567,0.1958306
420,0.03729966,0.5612628,0.2055809,0.1958567
421,0.03754453,0.5582653,0.2070046,0.1971855
422,0.03768253,0.5566633,0.2077557,0.1978985
423,0.03775363,0.5557758,0.2082253,0.1982452
424,0.03777811,0.5552564,0.20863,0.1983355
425,0.03777284,0.554913,0.2090495,0.1982647
426,0.03774991,0.5546481,0.2095011,0.1981009
427,0.03771766,0.5544175,0.2099729,0.1978918
428,0.03768195,0.5542051,0.2104412,0.1976717
429,0.03764699,0.5540087,0.2108784,0.1974659
430,0.03761595,0.5538324,0.2112568,0.1972948
431,0.03759115,0.5536826,0.2115527,0.1971736
432,0.03757415,0.553565,0.2117477,0.1971131
433,0.04088024,0.5215479,0.2236965,0.2138753
434,0.04325265,0.5033411,0.2280948,0.2253114
435,0.04488725,0.4935551,0.2287646,0.232793
436,0.04593437,0.4887789,0.2280794,0.2372074
437,0.04657336,0.4867725,0.2270577,0.2395965
438,0.04695638,0.4861885,0.2260432,0.2408119
439,0.04719661,0.4862854,0.225052,0.241466
440,0.04737043,0.4866942,0.2239776,0.2419577
441,0.04752371,0.4872532,0.2227097,0.2425134
442,0.04767729,0.4879003,0.2212073,0.2432151
443,0.04783595,0.4886091,0.2195009,0.244054
444,0.04799496,0.4893591,0.2176789,0.2449671
445,0.04812584,0.4884357,0.2181027,0.2453358
446,0.04817237,0.4879162,0.218706,0.2452053
447,0.04822206,0.4875567,0.2190463,0.2451748
448,0.0482696,0.4873212,0.219222,0.2451872
449,0.04831515,0.487175,0.2192802,0.2452296
450,0.04835889,0.4870938,0.2192541,0.2452932
451,0.04840075,0.4870596,0.2191695,0.2453701
452,0.04844041,0.4870595,0.2190476,0.2454525
453,0.04847742,0.4870834,0.2189061,0.245533
454,0.04851175,0.4871233,0.2187567,0.2456083
455,0.04854335,0.487173,0.218608,0.2456756
456,0.04857218,0.4872286,0.2184664,0.2457329
457,0.04822639,0.4935881,0.2134891,0.2446965
458,0.04816221,0.4977253,0.2087885,0.2453239
459,0.04809159,0.5006131,0.2056632,0.2456321
460,0.04802147,0.5026194,0.203638,0.2457211
461,0.04795831,0.5039795,0.2023779,0.2456843
462,0.04790448,0.5048726,0.2016435,0.2455793
463,0.04785907,0.5054367,0.2012714,0.2454329
464,0.04781954,0.5057736,0.2011537,0.2452531
465,0.04778299,0.5059562,0.2012217,0.2450392
466,0.04774679,0.506034,0.201432,0.2447872
467,0.04770884,0.5060403,0.2017579,0.2444928
468,0.04766713,0.5059943,0.202189,0.2441496
469,0.04159425,0.5555638,0.1897623,0.2130796
470,0.0383954,0.5733957,0.1910699,0.197139
471,0.03673265,0.5788947,0.1951105,0.1892621
472,0.03583467,0.5796381,0.1992271,0.1853002
473,0.03534246,0.5786888,0.2026149,0.1833539
474,0.03506979,0.5773116,0.2051653,0.1824533
475,0.03491515,0.5759902,0.2070144,0.1820801
476,0.03482236,0.5748693,0.2083529,0.1819554
477,0.03476061,0.5739562,0.2093514,0.1819318
478,0.03471329,0.5732107,0.2101414,0.1819346
479,0.03467208,0.5725865,0.2108102,0.1819311
480,0.03463316,0.5720458,0.2114107,0.1819104
481,0.03699564,0.5508891,0.217472,0.1946432
482,0.03869656,0.5401012,0.2174695,0.2037327
483,0.03977488,0.5352397,0.2157415,0.209244
484,0.04042204,0.5335129,0.2136963,0.2123687
485,0.04078368,0.5332724,0.2119842,0.2139596
486,0.0409678,0.5336196,0.2107828,0.2146298
487,0.04104842,0.5341138,0.2100478,0.21479
488,0.0410733,0.534572,0.2096555,0.2146993
489,0.04107203,0.5349419,0.2094705,0.2145156
490,0.04106173,0.5352295,0.2093816,0.2143272
491,0.04105218,0.5354599,0.209305,0.2141829
492,0.04104856,0.5356592,0.2091851,0.2141071
493,0.04227707,0.525066,0.21224,0.2204169
494,0.043129,0.5197252,0.2124563,0.2246896
495,0.0436844,0.517316,0.211632,0.2273675
496,0.04403941,0.5164809,0.2104733,0.2290065
497,0.04426582,0.5164297,0.2092977,0.2300068
498,0.04441386,0.5167271,0.2082197,0.2306394
499,0.0445161,0.5171481,0.2072627,0.2310731
500,0.04459211,0.5175855,0.2064192,0.2314032
501,0.04465281,0.5179937,0.2056758,0.2316776
502,0.04470474,0.518357,0.2050146,0.2319235
503,0.044751,0.5186743,0.2044243,0.2321504
504,0.04479291,0.5189496,0.2038975,0.2323599
505,0.04315415,0.5336562,0.199211,0.2239786
506,0.04214842,0.5404463,0.1984264,0.2189789
507,0.0415659,0.543336,0.1988679,0.2162302
508,0.04123705,0.5443524,0.1996161,0.2147944
509,0.0410577,0.5445278,0.2003084,0.2141062
510,0.04096422,0.5443715,0.2008375,0.2138268
511,0.04091829,0.5441204,0.2012039,0.2137575
512,0.04089733,0.5438736,0.201444,0.2137851
513,0.04088846,0.5436637,0.2015999,0.2138479
514,0.04088427,0.5434946,0.201709,0.2139121
515,0.04088093,0.5433586,0.2017988,0.2139618
516,0.04087655,0.5432457,0.2018873,0.2139904
517,0.04086106,0.5430472,0.2021833,0.2139084
518,0.0408413,0.5428432,0.2025328,0.2137828
519,0.04082754,0.5426423,0.2028323,0.2136979
520,0.04081479,0.5424612,0.2031046,0.2136195
521,0.04080177,0.5423008,0.2033584,0.213539
522,0.04078812,0.542159,0.2035985,0.2134544
523,0.04077392,0.5420329,0.203827,0.2133661
524,0.0407594,0.5419205,0.2040441,0.2132759
525,0.04074491,0.5418203,0.2042486,0.2131862
526,0.04073071,0.5417312,0.204439,0.213099
527,0.04071718,0.5416528,0.2046132,0.2130168
528,0.04070465,0.5415847,0.2047684,0.2129423
529,0.04094459,0.5394669,0.2053793,0.2142093
530,0.04110182,0.5384662,0.2054035,0.2150285
531,0.04119393,0.5380519,0.2052689,0.2154853
532,0.0412467,0.5379258,0.2050946,0.2157329
533,0.04127617,0.5379308,0.2049303,0.2158627
534,0.04129273,0.5379879,0.204787,0.2159324
535,0.04130286,0.5380601,0.2046603,0.2159767
536,0.04131032,0.5381321,0.2045419,0.2160156
537,0.04131721,0.5381994,0.2044243,0.2160591
538,0.04132447,0.5382614,0.204303,0.2161111
539,0.04133243,0.5383193,0.2041763,0.216172
540,0.04134107,0.5383739,0.2040448,0.2162403
541,0.04256771,0.5275642,0.2073108,0.2225574
542,0.04340995,0.5220157,0.2077986,0.2267758
543,0.0439543,0.5194023,0.2072588,0.2293845
544,0.04429205,0.5183781,0.2064234,0.2309065
545,0.04449445,0.5181493,0.205617,0.2317391
546,0.04461255,0.5182757,0.2049513,0.2321603
547,0.04468057,0.5185295,0.2044387,0.2323512
548,0.04472024,0.518804,0.2040529,0.2324229
549,0.04474477,0.5190566,0.203758,0.2324406
550,0.04476197,0.5192761,0.203521,0.2324409
551,0.04477611,0.5194647,0.2033172,0.232442
552,0.04478931,0.5196291,0.2031299,0.2324517
553,0.04473029,0.5202974,0.2028941,0.2320782
554,0.04469362,0.5206575,0.2028192,0.2318296
555,0.04467823,0.5208545,0.2027568,0.2317105
556,0.04467528,0.5209756,0.2026832,0.2316659
557,0.04467963,0.5210651,0.2025905,0.2316648
558,0.04468789,0.521144,0.202481,0.2316872
559,0.04469795,0.5212213,0.2023604,0.2317204
560,0.04470846,0.5212997,0.2022355,0.2317565
561,0.04471871,0.5213791,0.202111,0.2317912
562,0.0447285,0.5214583,0.2019895,0.2318237
563,0.04473777,0.5215365,0.2018721,0.2318536
564,0.04474653,0.5216129,0.2017592,0.2318813
565,0.04693017,0.5031475,0.2068677,0.2430546
566,0.04850283,0.4929326,0.2076906,0.250874
567,0.04955785,0.4876719,0.206891,0.2558793
568,0.05023359,0.4852929,0.2055878,0.2588857
569,0.05064873,0.4844796,0.2043046,0.2605671
570,0.05089533,0.4844439,0.2032308,0.26143
571,0.0510391,0.4847452,0.2023905,0.2618252
572,0.05112389,0.4851563,0.2017407,0.2619791
573,0.05117717,0.4855731,0.2012227,0.262027
574,0.05121488,0.4859575,0.2007854,0.2620422
575,0.05124584,0.4863018,0.2003917,0.2620607
576,0.05127442,0.4866107,0.2000181,0.2620968
577,0.047697,0.5165864,0.191783,0.2439337
578,0.04555412,0.5302686,0.1908153,0.2333621
579,0.04433847,0.5360383,0.191974,0.2276492
580,0.04365494,0.5381108,0.1935783,0.224656
581,0.04327768,0.5385422,0.195003,0.2231772
582,0.043075,0.5383238,0.1960787,0.2225225
583,0.04296977,0.537913,0.1968199,0.2222973
584,0.04291712,0.5375018,0.1973015,0.2222797
585,0.04289144,0.5371544,0.1976055,0.2223486
586,0.04287835,0.5368802,0.1978013,0.2224402
587,0.04287005,0.5366672,0.1979399,0.2225229
588,0.04286258,0.5364981,0.1980562,0.2225831
589,0.04217023,0.5423715,0.1963156,0.2191427
590,0.04172564,0.545092,0.1961693,0.2170129
591,0.04145022,0.5462028,0.196582,0.215765
592,0.0412811,0.5465114,0.1971526,0.215055
593,0.04117665,0.5464498,0.1977146,0.214659
594,0.04111031,0.5462389,0.1982137,0.2144371
595,0.04106563,0.5459847,0.1986444,0.2143053
596,0.04103274,0.5457335,0.199019,0.2142148
597,0.04100584,0.5455025,0.1993529,0.2141387
598,0.04098189,0.5452946,0.1996591,0.2140644
599,0.04095942,0.5451072,0.1999463,0.213987
600,0.04093784,0.5449368,0.2002189,0.2139064
601,0.04059617,0.5474405,0.199828,0.2121353
602,0.04037163,0.5484996,0.2001262,0.2110025
603,0.04023192,0.5488373,0.2005941,0.2103367
604,0.04014551,0.5488368,0.2010602,0.2099575
605,0.04009261,0.5486968,0.2014551,0.2097556
606,0.04006074,0.548515,0.2017602,0.209664
607,0.0400422,0.5483367,0.2019789,0.2096422
608,0.04003228,0.5481784,0.2021234,0.209666
609,0.04002805,0.5480432,0.2022082,0.2097206
610,0.04002762,0.5479296,0.2022467,0.2097962
611,0.04002976,0.547834,0.20225,0.2098862
612,0.04003361,0.5477524,0.2022279,0.2099862
613,0.04298369,0.5216778,0.2099989,0.2253396
614,0.04515423,0.5071967,0.2112688,0.2363802
615,0.0466325,0.4997492,0.2100227,0.2435956
616,0.04758628,0.4964274,0.2079857,0.2480006
617,0.04817111,0.4953445,0.2059917,0.2504926
618,0.04851347,0.495355,0.2043546,0.251777
619,0.04870623,0.4958139,0.2031239,0.2523558
620,0.04881235,0.4963923,0.2022369,0.2525584
621,0.04887181,0.4969437,0.2015982,0.2525863
622,0.04890875,0.4974172,0.201119,0.2525551
623,0.0489366,0.4978082,0.2007313,0.252524
624,0.04896213,0.4981302,0.2003898,0.2525179
625,0.04696263,0.515423,0.1953706,0.2422438
626,0.04571812,0.5237541,0.1945004,0.2360274
627,0.04498832,0.5274991,0.1949692,0.2325433
628,0.04457228,0.5289735,0.1957705,0.2306836
629,0.04434363,0.529387,0.1965073,0.2297621
630,0.04422396,0.5293533,0.1970619,0.2293608
631,0.04416549,0.5291681,0.1974351,0.2292314
632,0.04413969,0.5289622,0.1976676,0.2292304
633,0.04413007,0.5287845,0.1978067,0.2292788
634,0.04412733,0.5286458,0.1978922,0.2293348
635,0.04412651,0.5285412,0.197954,0.2293783
636,0.04412507,0.5284622,0.198012,0.2294007
637,0.04432887,0.5266091,0.1986039,0.2304583
638,0.04445789,0.5256451,0.1988076,0.2310894
639,0.04453473,0.5251623,0.1988695,0.2314335
640,0.04457601,0.5249348,0.1989043,0.2315848
641,0.04459403,0.5248337,0.1989604,0.2316119
642,0.04459718,0.5247891,0.199053,0.2315607
643,0.04459106,0.5247656,0.1991823,0.2314611
644,0.0445792,0.5247469,0.1993424,0.2313316
645,0.04456384,0.5247266,0.199526,0.2311836
646,0.04454654,0.5247031,0.1997248,0.2310255
647,0.04452839,0.5246771,0.1999313,0.2308632
648,0.04451019,0.52465,0.2001382,0.2307016
649,0.04192638,0.5466384,0.1940024,0.2174327
650,0.04039275,0.556087,0.1937398,0.2097805
651,0.03951517,0.5597178,0.1951574,0.2056096
652,0.0390168,0.5607119,0.1968659,0.2034053
653,0.03873796,0.560602,0.198353,0.2023071
654,0.03858474,0.5601081,0.1994901,0.2018171
655,0.03850186,0.5595469,0.2003026,0.2016486
656,0.0384571,0.5590399,0.2008641,0.2016389
657,0.03843198,0.5586185,0.2012514,0.2016982
658,0.03841617,0.5582771,0.2015282,0.2017786
659,0.03840408,0.5579985,0.2017413,0.2018561
660,0.03839289,0.5577644,0.2019224,0.2019202
661,0.0384603,0.5569833,0.2021508,0.2024057
662,0.03850021,0.5565779,0.2021901,0.2027318
663,0.03851626,0.5563556,0.2022202,0.2029079
664,0.03851821,0.5562125,0.2022738,0.2029955
665,0.03851163,0.5560982,0.2023623,0.2030279
666,0.03850006,0.5559896,0.2024839,0.2030265
667,0.03848576,0.5558777,0.2026314,0.2030051
668,0.03847022,0.5557607,0.2027965,0.2029727
669,0.03845434,0.5556394,0.2029711,0.2029352
670,0.03843876,0.5555158,0.2031487,0.2028967
671,0.0384239,0.555392,0.2033236,0.2028605
672,0.03841012,0.5552695,0.2034913,0.2028291
673,0.03838312,0.5550077,0.2039405,0.2026687
674,0.03835998,0.5547613,0.2043439,0.2025349
675,0.03834723,0.554536,0.204637,0.2024798
676,0.03833869,0.5543453,0.2048575,0.2024585
677,0.03833306,0.5541857,0.2050202,0.2024611
678,0.03832977,0.5540518,0.2051355,0.2024829
679,0.03832852,0.5539385,0.2052116,0.2025213
680,0.03832905,0.5538417,0.2052553,0.202574
681,0.03833105,0.5537583,0.2052722,0.2026384
682,0.03833434,0.5536855,0.2052672,0.202713
683,0.03833866,0.553621,0.2052449,0.2027954
684,0.03834368,0.5535631,0.20521,0.2028833
685,0.04022766,0.5364694,0.2105474,0.2127555
686,0.04154352,0.5275573,0.2114339,0.2194653
687,0.04240175,0.5232952,0.2106542,0.2236488
688,0.042935,0.5215784,0.2093975,0.2260891
689,0.04325213,0.5211421,0.2081974,0.2274084
690,0.04343382,0.5212765,0.2072346,0.2280551
691,0.04353527,0.5216141,0.2065235,0.2283271
692,0.04359196,0.5219837,0.206014,0.2284103
693,0.04362554,0.5223187,0.2056426,0.2284133
694,0.0436485,0.5226026,0.2053533,0.2283956
695,0.04366759,0.5228406,0.2051056,0.2283861
696,0.04368607,0.523044,0.2048737,0.2283962
697,0.04121812,0.544955,0.1982071,0.2156197
698,0.03976394,0.5544776,0.1974375,0.208321
699,0.03894097,0.5582652,0.1983889,0.2044049
700,0.03848141,0.5594432,0.1996867,0.2023888
701,0.03823064,0.5595151,0.2008248,0.2014295
702,0.03809785,0.5591876,0.2016746,0.20104
703,0.03802974,0.5587721,0.2022573,0.2009408
704,0.03799544,0.5583892,0.2026404,0.2009749
705,0.03797748,0.5580714,0.2028943,0.201057
706,0.03796624,0.5578156,0.2030756,0.2011426
707,0.03795661,0.5576069,0.2032257,0.2012107
708,0.0379461,0.55743,0.2033718,0.2012521
709,0.03892214,0.5482765,0.2063806,0.2064207
710,0.03956673,0.5437077,0.2069894,0.2097361
711,0.03996335,0.5415999,0.2067609,0.2116758
712,0.04019233,0.5407647,0.2063366,0.2127064
713,0.04031365,0.5405306,0.2059875,0.2131682
714,0.04036907,0.5405423,0.2057949,0.2132937
715,0.04038635,0.5406274,0.205752,0.2132342
716,0.04038322,0.5407126,0.205819,0.2130853
717,0.0403708,0.5407742,0.2059491,0.2129059
718,0.04035589,0.540812,0.2061003,0.2127318
719,0.04034262,0.5408337,0.2062387,0.2125849
720,0.04033346,0.5408493,0.206339,0.2124781
721,0.04178075,0.5278885,0.2103862,0.2199445
722,0.0427807,0.5211855,0.2110916,0.2249422
723,0.04343103,0.5180098,0.2105212,0.2280379
724,0.04383991,0.5167559,0.2095406,0.2298637
725,0.04409244,0.5164736,0.2085319,0.230902
726,0.04424971,0.5166354,0.2076257,0.2314892
727,0.04435225,0.5169684,0.2068382,0.2318412
728,0.04442515,0.5173438,0.2061456,0.2320855
729,0.04448285,0.5177085,0.2055183,0.2322903
730,0.04453283,0.5180461,0.2049348,0.2324862
731,0.04457851,0.5183555,0.2043831,0.2326829
732,0.04462106,0.5186404,0.2038595,0.232879
733,0.04224277,0.5398963,0.1972242,0.2206368
734,0.04082754,0.5493762,0.1962115,0.2135847
735,0.04002023,0.553286,0.1969184,0.2097755
736,0.03956627,0.554606,0.1980247,0.2078031
737,0.03931648,0.5547969,0.1990304,0.2068561
738,0.03918263,0.5545576,0.1997966,0.2064632
739,0.03911269,0.5542033,0.2003309,0.2063531
740,0.03907641,0.5538612,0.2006892,0.2063731
741,0.03905656,0.5535704,0.2009334,0.2064397
742,0.03904354,0.5533323,0.2011151,0.2065091
743,0.03903226,0.5531352,0.2012726,0.2065601
744,0.03902014,0.5529652,0.2014312,0.2065834
745,0.04230417,0.523244,0.2106777,0.2237741
746,0.04473938,0.506443,0.212639,0.2361785
747,0.04640556,0.4976127,0.2117114,0.2442704
748,0.04747451,0.4935298,0.2098828,0.2491129
749,0.048115,0.4920611,0.2081265,0.2516974
750,0.04846945,0.4918886,0.2068107,0.2528314
751,0.04864593,0.4922604,0.2059837,0.2531101
752,0.04872048,0.4927881,0.2055495,0.2529418
753,0.04874366,0.4932983,0.2053661,0.2525919
754,0.04874748,0.4937329,0.2052956,0.252224
755,0.04875117,0.4940898,0.2052263,0.2519328
756,0.0487651,0.4943884,0.2050811,0.2517655
757,0.0471037,0.508945,0.2008182,0.2431331
758,0.04607204,0.5160925,0.199909,0.2379266
759,0.04547994,0.5194226,0.2000073,0.2350902
760,0.04515888,0.5208555,0.2003033,0.2336824
761,0.04499976,0.5214013,0.2004977,0.2331013
762,0.04493318,0.5215735,0.2005241,0.2329692
763,0.04491632,0.5216175,0.2004085,0.2330576
764,0.04492358,0.521639,0.2002035,0.2332339
765,0.04494039,0.5216746,0.1999591,0.233426
766,0.044959,0.5217296,0.1997132,0.2335982
767,0.04497555,0.5217979,0.1994911,0.2337355
768,0.0449884,0.521871,0.1993074,0.2338334
769,0.04212882,0.5465215,0.1921587,0.2191909
770,0.04044289,0.5570927,0.1916562,0.2108082
771,0.0394831,0.5611628,0.193083,0.2062712
772,0.0389375,0.5622929,0.1948961,0.2038736
773,0.03862915,0.5621858,0.1965231,0.2026619
774,0.0384554,0.5616392,0.1978124,0.2020929
775,0.03835637,0.5610051,0.1987822,0.2018564
776,0.03829725,0.5604191,0.1995063,0.2017772
777,0.03825817,0.5599186,0.200064,0.2017592
778,0.03822814,0.5594991,0.2005211,0.2017517
779,0.0382012,0.5591427,0.2009262,0.2017299
780,0.03817437,0.5588307,0.2013122,0.2016827
781,0.0381221,0.5587043,0.2017054,0.2014682
782,0.03807615,0.5584928,0.2021607,0.2012704
783,0.03803599,0.5582433,0.2026267,0.201094
784,0.03799888,0.5579823,0.2030944,0.2009243
785,0.03796387,0.5577227,0.203555,0.2007584
786,0.0379309,0.5574712,0.2039992,0.2005987
787,0.03790036,0.557232,0.2044174,0.2004502
788,0.0378729,0.557008,0.2047996,0.2003195
789,0.03784921,0.5568015,0.2051365,0.2002129
790,0.03782994,0.5566143,0.2054193,0.2001364
791,0.03781566,0.5564483,0.205641,0.2000951
792,0.03780667,0.5563047,0.2057964,0.2000922
793,0.03889241,0.546542,0.2087027,0.2058628
794,0.03963187,0.5417905,0.2088346,0.2097431
795,0.04009768,0.5397297,0.208067,0.2121057
796,0.04038382,0.5390469,0.2070638,0.2135055
797,0.04055646,0.5390085,0.206117,0.2143181
798,0.04066095,0.5392278,0.2053174,0.2147939
799,0.04072637,0.5395169,0.2046677,0.215089
800,0.04077045,0.539795,0.2041396,0.2152949
801,0.04080328,0.5400347,0.203701,0.215461
802,0.04083021,0.5402328,0.2033266,0.2156105
803,0.04085379,0.5403949,0.2029988,0.2157526
804,0.04087506,0.5405285,0.2027074,0.215889
805,0.03732282,0.5722891,0.1929764,0.1974116
806,0.03537028,0.5844876,0.1925439,0.1875982
807,0.03430872,0.5885822,0.1945297,0.1825793
808,0.03372665,0.5893137,0.1968774,0.1800823
809,0.03340897,0.588772,0.1988846,0.1789344
810,0.03323703,0.5878653,0.2003989,0.1784987
811,0.03314405,0.5869583,0.2014742,0.1784235
812,0.03309235,0.58617,0.2022223,0.1785154
813,0.03306092,0.5855158,0.2027532,0.1786701
814,0.03303837,0.5849735,0.203154,0.1788341
815,0.03301867,0.5845131,0.2034872,0.1789811
816,0.03299876,0.5841075,0.2037949,0.179099
817,0.03507568,0.5635697,0.2109998,0.1903548
818,0.03651426,0.5530699,0.2124505,0.1979654
819,0.03743565,0.5481849,0.2117502,0.2026293
820,0.03798643,0.5462887,0.2104938,0.2052311
821,0.03828973,0.5458264,0.2093926,0.2064913
822,0.03843766,0.5459498,0.2086765,0.206936
823,0.03849394,0.5462401,0.2083438,0.2069222
824,0.03850047,0.5465185,0.2082999,0.2066811
825,0.03848393,0.5467299,0.2084278,0.2063584
826,0.03846091,0.5468747,0.2086205,0.2060439
827,0.03844152,0.5469742,0.2087918,0.2057926
828,0.03843161,0.5470525,0.2088807,0.2056351
829,0.03911523,0.5409893,0.2106994,0.2091961
830,0.03958371,0.5381128,0.2107122,0.2115915
831,0.03989099,0.5369335,0.2100609,0.2131146
832,0.04009544,0.5366241,0.209174,0.2141065
833,0.04023623,0.5367272,0.2082506,0.214786
834,0.04033863,0.5370018,0.2073712,0.2152883
835,0.04041779,0.5373286,0.2065642,0.2156895
836,0.04048223,0.5376529,0.2058364,0.2160284
837,0.04053651,0.5379527,0.2051877,0.2163232
838,0.04058295,0.5382213,0.2046151,0.2165806
839,0.04062274,0.5384586,0.2041157,0.216803
840,0.04065656,0.5386667,0.2036858,0.2169908
841,0.03993283,0.5454906,0.2014096,0.2131669
842,0.03948169,0.5486655,0.201007,0.2108458
843,0.03921694,0.550021,0.2012113,0.2095508
844,0.03906549,0.5504941,0.2015803,0.20886
845,0.03898104,0.5505696,0.2019368,0.2085125
846,0.03893467,0.5504876,0.2022289,0.2083488
847,0.03890876,0.5503595,0.2024581,0.2082736
848,0.03889281,0.5502316,0.2026435,0.2082321
849,0.03888077,0.5501189,0.2028066,0.2081937
850,0.03886935,0.5500221,0.2029653,0.2081432
851,0.03885685,0.5499376,0.2031324,0.2080731
852,0.03884253,0.5498604,0.2033159,0.2079812
853,0.03964168,0.5424104,0.205776,0.2121719
854,0.04016785,0.5387235,0.2062786,0.2148301
855,0.04048787,0.5370554,0.2061238,0.2163329
856,0.04067013,0.5364288,0.2058181,0.217083
857,0.04076466,0.5362945,0.2055733,0.2173675
858,0.04080624,0.5363623,0.2054491,0.2173824
859,0.04081795,0.5364912,0.2054352,0.2172557
860,0.04081461,0.5366208,0.2054964,0.2170682
861,0.04080549,0.5367312,0.2055934,0.2168699
862,0.04079622,0.5368217,0.205691,0.2166911
863,0.04079012,0.5368989,0.2057621,0.2165489
864,0.04078888,0.5369703,0.2057889,0.216452
865,0.03795283,0.5626192,0.1978417,0.2015863
866,0.03634342,0.5730277,0.197207,0.1934218
867,0.03545247,0.5768124,0.1985815,0.1891535
868,0.03496375,0.5777367,0.2002789,0.1870207
869,0.03470167,0.5775285,0.2017131,0.1860567
870,0.03456584,0.5769622,0.2027556,0.1857164
871,0.0344984,0.5763598,0.2034505,0.1856913
872,0.03446625,0.5758333,0.2038909,0.1858096
