EwEVersion,"6.5.13829.0 (compiled 2016-05-17)"
Date,"2016-09-06 16:05:38"
ModelName,Baltic_Proper-SEALS
EcosimScenario,Proper1_SealVuln100_19742100_seal0_cofF03
TimeSeries,new_data_weights_19742100_BAU_WAR1_codF03_seal0
StartYear,1974

Data,"Prey of Pseudocalanus sp."

TimeStep,"Cyanobacteria","Phytoplankton","microzooplankton","Detritus-water column",
1,0.04366293,0.4557547,0.2818175,0.2187649
2,0.0400933,0.4747883,0.2833427,0.2017757
3,0.03816162,0.4799529,0.2887887,0.1930968
4,0.03708254,0.4799942,0.2942973,0.1886259
5,0.03647449,0.4783788,0.2987401,0.1864066
6,0.03613125,0.4764783,0.3019903,0.1854002
7,0.0359361,0.474777,0.3042554,0.1850316
8,0.03582186,0.4733878,0.3058116,0.1849787
9,0.03574984,0.4722825,0.306905,0.1850626
10,0.03569806,0.4713918,0.3077239,0.1851862
11,0.0356543,0.4706463,0.3084007,0.1852987
12,0.03561193,0.4699903,0.3090228,0.185375
13,0.03617777,0.4636159,0.3116299,0.1885765
14,0.03655842,0.4606593,0.3120425,0.1907397
15,0.03677773,0.4593259,0.311914,0.1919824
16,0.03688683,0.4587188,0.311784,0.1926104
17,0.03692295,0.4583818,0.3118585,0.1928366
18,0.0369129,0.4581036,0.3121724,0.1928111
19,0.03687529,0.4578028,0.3126848,0.1926372
20,0.03682293,0.4574618,0.313329,0.1923863
21,0.03676482,0.4570924,0.3140332,0.1921095
22,0.03670745,0.4567172,0.3147301,0.1918453
23,0.03665565,0.4563604,0.3153605,0.1916234
24,0.03661297,0.4560439,0.3158765,0.1914666
25,0.0331501,0.4876059,0.3057854,0.1734587
26,0.0311473,0.4966094,0.3089246,0.1633187
27,0.0300859,0.4979153,0.3136111,0.1583877
28,0.02950414,0.4967392,0.3177379,0.1560188
29,0.02919316,0.4950518,0.3206867,0.1550684
30,0.02903376,0.4935321,0.322546,0.1548883
31,0.02895668,0.4923404,0.3235983,0.1551046
32,0.02892208,0.4914491,0.3241238,0.155505
33,0.02890749,0.4907782,0.3243417,0.1559726
34,0.02890019,0.4902472,0.3244103,0.1564424
35,0.02889356,0.489793,0.3244314,0.1568819
36,0.02888434,0.4893726,0.3244662,0.1572769
37,0.02955887,0.4812846,0.3278544,0.1613022
38,0.03001414,0.4778103,0.3281161,0.1640595
39,0.03029162,0.4764452,0.3274859,0.1657773
40,0.03044759,0.4759791,0.3267741,0.1667992
41,0.03052419,0.4758197,0.3262832,0.1673729
42,0.03055126,0.4757065,0.3260723,0.1676699
43,0.03054884,0.4755455,0.326102,0.1678037
44,0.03052986,0.475318,0.3263055,0.1678467
45,0.03050243,0.4750355,0.326618,0.167844
46,0.03047219,0.4747207,0.326979,0.167828
47,0.03044269,0.4743961,0.3273412,0.16782
48,0.03041627,0.4740805,0.3276694,0.1678339
49,0.03112202,0.4656735,0.3313853,0.1718192
50,0.03161122,0.4620529,0.3317747,0.1745611
51,0.0319217,0.4607026,0.3311035,0.1762721
52,0.03211288,0.4603889,0.330176,0.1773222
53,0.03222897,0.4604934,0.3293034,0.1779742
54,0.03230108,0.4607324,0.3285586,0.1784078
55,0.0323495,0.460991,0.3279229,0.1787364
56,0.03238652,0.461233,0.3273543,0.1790261
57,0.03241906,0.4614532,0.3268161,0.1793116
58,0.03244996,0.4616546,0.3262921,0.1796034
59,0.03248022,0.4618402,0.3257777,0.1799018
60,0.03250977,0.4620113,0.325277,0.1802018
61,0.03279651,0.4583774,0.3270487,0.1817774
62,0.0329813,0.4566708,0.3275991,0.1827489
63,0.03311393,0.4559421,0.3274815,0.1834625
64,0.03320458,0.4556984,0.327134,0.1839629
65,0.03326678,0.4556791,0.326731,0.1843233
66,0.0333106,0.4557526,0.3263398,0.1845971
67,0.0333429,0.4558569,0.3259811,0.1848191
68,0.0333679,0.455964,0.3256585,0.1850096
69,0.03338807,0.4560619,0.3253711,0.185179
70,0.03340508,0.4561472,0.3251136,0.1853342
71,0.03341977,0.4562193,0.3248827,0.1854781
72,0.03343256,0.4562791,0.3246769,0.1856114
73,0.03145631,0.476575,0.3172291,0.1747396
74,0.03024613,0.4832559,0.318229,0.168269
75,0.0295532,0.4847052,0.320933,0.1648086
76,0.02915549,0.4842364,0.3235898,0.1630183
77,0.02892856,0.4832236,0.3256813,0.1621666
78,0.02879884,0.4821925,0.3271807,0.161828
79,0.02872261,0.4813037,0.3282202,0.1617535
80,0.02867417,0.4805715,0.3289544,0.1617999
81,0.02863875,0.4799619,0.3295128,0.1618866
82,0.02860806,0.4794323,0.3299896,0.16197
83,0.02857768,0.4789471,0.3304471,0.1620281
84,0.02854539,0.4784811,0.3309223,0.1620513
85,0.02860034,0.4783809,0.3303104,0.1627084
86,0.02864648,0.4784861,0.3295572,0.1633102
87,0.02865083,0.4785344,0.3292269,0.1635879
88,0.0286345,0.4784752,0.3291921,0.1636983
89,0.028605,0.4783057,0.3293933,0.163696
90,0.02856615,0.4780417,0.3297829,0.1636092
91,0.02852024,0.4777028,0.3303211,0.1634559
92,0.0284689,0.477308,0.3309737,0.1632493
93,0.02841358,0.4768748,0.3317096,0.1630021
94,0.02835585,0.476419,0.3324977,0.1627274
95,0.02829759,0.4759564,0.333305,0.1624411
96,0.02824106,0.4755028,0.3340946,0.1621616
97,0.02775283,0.4804463,0.3323175,0.1594834
98,0.02743677,0.4821347,0.3325769,0.1578515
99,0.02723672,0.4824591,0.3333917,0.1569125
100,0.02711729,0.4822811,0.3341454,0.1564561
101,0.02705215,0.4819891,0.3346333,0.1563255
102,0.02702351,0.4817384,0.3348223,0.1564157
103,0.02701934,0.4815749,0.3347503,0.1566554
104,0.02703136,0.4814954,0.334479,0.1569943
105,0.02705368,0.4814784,0.3340727,0.1573953
106,0.02708176,0.4814976,0.3335923,0.1578284
107,0.02711206,0.4815294,0.3330894,0.1582692
108,0.0271419,0.4815552,0.3326045,0.1586984
109,0.02802958,0.4717747,0.3360825,0.1641131
110,0.02866479,0.4678607,0.3355022,0.1679723
111,0.02907423,0.4666475,0.3338796,0.1703987
112,0.02932973,0.4665942,0.3321984,0.1718776
113,0.02948329,0.4669358,0.3308393,0.1727416
114,0.02957214,0.4673304,0.3298746,0.1732228
115,0.02962137,0.4676505,0.3292538,0.1734743
116,0.02964705,0.4678678,0.3288928,0.1735925
117,0.02965911,0.4679937,0.3287113,0.1736357
118,0.0296634,0.4680508,0.3286479,0.1736379
119,0.02966344,0.4680608,0.3286573,0.1736185
120,0.02966128,0.4680413,0.3287081,0.1735892
121,0.02934244,0.4711924,0.3277817,0.1716835
122,0.02912392,0.4722255,0.3282636,0.170387
123,0.02899351,0.4723898,0.3289608,0.1696559
124,0.02891519,0.4722258,0.3296125,0.1692466
125,0.02886891,0.4719748,0.330125,0.1690312
126,0.02884188,0.4717343,0.3304939,0.1689299
127,0.02882604,0.4715347,0.3307461,0.1688932
128,0.02881651,0.4713781,0.3309138,0.1688915
129,0.02881043,0.4712569,0.3310248,0.1689079
130,0.02880616,0.4711621,0.331099,0.1689329
131,0.0288028,0.4710858,0.3311502,0.1689613
132,0.02879984,0.471022,0.3311877,0.1689904
133,0.03107048,0.4410915,0.3461326,0.1817054
134,0.03271073,0.4257894,0.3511922,0.1903076
135,0.03385416,0.4186106,0.3516169,0.1959184
136,0.03458286,0.4156741,0.35064,0.199103
137,0.03501633,0.4147823,0.3495573,0.2006439
138,0.03526049,0.4147786,0.3487591,0.2012018
139,0.0353962,0.4151172,0.3482248,0.2012618
140,0.03547912,0.4155788,0.3477961,0.201146
141,0.03554447,0.4160981,0.3473088,0.2010486
142,0.03561351,0.416672,0.3466334,0.201081
143,0.03569744,0.4173138,0.3456933,0.2012954
144,0.03580118,0.4180361,0.3444554,0.2017074
145,0.03271698,0.4543293,0.3283747,0.1845791
146,0.03100077,0.467705,0.3257764,0.1755179
147,0.03009409,0.4724934,0.3262419,0.1711706
148,0.02961607,0.4739083,0.3272547,0.1692209
149,0.02936776,0.4740688,0.3280831,0.1684803
150,0.02924176,0.4738349,0.3285974,0.1683259
151,0.02917945,0.4735295,0.3288573,0.1684336
152,0.02914914,0.473252,0.3289594,0.1686395
153,0.02913379,0.4730157,0.3289869,0.1688636
154,0.0291243,0.4728071,0.3290001,0.1690685
155,0.02911589,0.472608,0.3290382,0.1692379
156,0.02910605,0.4724034,0.3291252,0.1693655
157,0.03451301,0.4078952,0.3573082,0.2002835
158,0.03940519,0.3681998,0.3649669,0.2274282
159,0.04341533,0.3445505,0.3634386,0.2485955
160,0.04645223,0.331389,0.3585303,0.2636285
161,0.0485772,0.3247692,0.3534335,0.2732201
162,0.04994729,0.3219715,0.3495553,0.2785259
163,0.05075501,0.3212138,0.3472255,0.2808057
164,0.05118357,0.3214234,0.346209,0.281184
165,0.05138332,0.3220294,0.3460464,0.2805409
166,0.05146573,0.3227775,0.3462544,0.2795024
167,0.05150741,0.3235855,0.3464257,0.2784813
168,0.05155673,0.3244478,0.346272,0.2777234
169,0.04741255,0.3671896,0.3303617,0.2550361
170,0.0448836,0.3873519,0.3259173,0.2418472
171,0.04380365,0.397351,0.3216014,0.237244
172,0.043328,0.4030481,0.3177063,0.2359176
173,0.04311069,0.4064235,0.3147432,0.2357226
174,0.04302894,0.4085378,0.312447,0.2359863
175,0.04301205,0.4099292,0.3107077,0.2363511
176,0.04302215,0.4108848,0.3094378,0.2366552
177,0.04304079,0.4115644,0.3085485,0.2368463
178,0.04306005,0.4120604,0.307955,0.2369246
179,0.04307681,0.4124298,0.3075855,0.2369079
180,0.04309006,0.4127095,0.3073845,0.2368159
181,0.04183706,0.425941,0.3022795,0.2299425
182,0.04099062,0.4319857,0.3016572,0.2253664
183,0.04045369,0.4344973,0.302544,0.2225051
184,0.04011884,0.4353145,0.3038375,0.2207292
185,0.0399114,0.4353798,0.3050963,0.2196125
186,0.03978157,0.4351549,0.3061862,0.2188773
187,0.03969697,0.4348505,0.3071045,0.218348
188,0.03963698,0.4345508,0.3078965,0.2179157
189,0.03958869,0.4342804,0.308617,0.2175139
190,0.03954431,0.434038,0.3093136,0.2171041
191,0.03949916,0.4338132,0.3100235,0.2166641
192,0.03945049,0.4335945,0.3107736,0.2161814
193,0.03867259,0.4411125,0.3083947,0.2118202
194,0.03813435,0.4442956,0.3087534,0.2088166
195,0.03777187,0.4453981,0.3100501,0.20678
196,0.03752746,0.4455318,0.3115637,0.205377
197,0.03735952,0.4452653,0.3130017,0.2043735
198,0.03724027,0.4448748,0.3142668,0.2036182
199,0.0371521,0.4444852,0.3153432,0.2030195
200,0.0370844,0.4441468,0.3162438,0.202525
201,0.03703117,0.4438751,0.3169857,0.2021081
202,0.03698945,0.4436715,0.3175806,0.2017586
203,0.03695795,0.4435328,0.3180351,0.2014741
204,0.03693619,0.4434541,0.3183538,0.2012559
205,0.04006742,0.4107692,0.3312742,0.2178892
206,0.04255964,0.393156,0.3335781,0.2307062
207,0.04437167,0.3842961,0.3317804,0.2395518
208,0.04561312,0.3804748,0.3286995,0.2452126
209,0.04642287,0.3793569,0.3256495,0.2485707
210,0.0469352,0.3795547,0.3230833,0.2504267
211,0.04726018,0.3803057,0.321027,0.2514072
212,0.04747829,0.381232,0.3193382,0.2519515
213,0.04764275,0.3821719,0.3178486,0.2523369
214,0.04778305,0.3830702,0.3164469,0.2526999
215,0.04791375,0.3839151,0.3150765,0.2530946
216,0.04803989,0.3847082,0.3137277,0.2535241
217,0.04411147,0.4237678,0.2991666,0.232954
218,0.0416986,0.4400159,0.2975595,0.2207259
219,0.04031652,0.4461746,0.2994606,0.2140483
220,0.03952726,0.4479822,0.3020269,0.2104637
221,0.0390826,0.4480375,0.3042705,0.2086094
222,0.03883742,0.4475022,0.3059518,0.2077086
223,0.03870597,0.4468655,0.3071126,0.207316
224,0.03863757,0.4463053,0.3078786,0.2071786
225,0.03860256,0.4458627,0.3083797,0.207155
226,0.0385838,0.4455252,0.3087228,0.2071682
227,0.03857166,0.4452642,0.308986,0.2071781
228,0.03856084,0.4450513,0.309223,0.2071648
229,0.03914348,0.4379893,0.3127536,0.2101137
230,0.03953565,0.4344403,0.3140613,0.2119628
231,0.03978937,0.4327106,0.3144365,0.2130635
232,0.03993937,0.4319071,0.3145404,0.2136131
233,0.04001762,0.4315353,0.3146558,0.2137913
234,0.04004898,0.4313388,0.3148777,0.2137345
235,0.04005134,0.4311962,0.3152131,0.2135392
236,0.04003705,0.4310591,0.3156326,0.2132712
237,0.04001449,0.4309154,0.3160954,0.2129748
238,0.03998929,0.4307701,0.3165602,0.2126803
239,0.03996528,0.4306349,0.3169911,0.2124087
240,0.039945,0.4305219,0.3173587,0.2121745
241,0.03850861,0.4429264,0.3142269,0.2043381
242,0.03754118,0.4475258,0.3158191,0.199114
243,0.03697465,0.448792,0.3180362,0.1961972
244,0.03664685,0.4487489,0.3199922,0.194612
245,0.0364649,0.4483047,0.3214069,0.1938235
246,0.03637028,0.447837,0.3222913,0.1935014
247,0.0363262,0.4474751,0.3227581,0.1934406
248,0.03630983,0.4472383,0.3229362,0.1935157
249,0.03630744,0.4471044,0.3229364,0.1936518
250,0.0363114,0.4470421,0.3228375,0.193809
251,0.03631749,0.4470233,0.3226933,0.1939659
252,0.03632354,0.4470267,0.3225375,0.1941123
253,0.0359414,0.4534702,0.3180393,0.1925491
254,0.03571264,0.456775,0.3156881,0.1918242
255,0.03554628,0.4584182,0.3147162,0.1913195
256,0.03543652,0.4591693,0.3143443,0.1910499
257,0.03536581,0.4594599,0.3142385,0.1909359
258,0.03531984,0.4595197,0.3142499,0.1909106
259,0.03528865,0.4594663,0.3143166,0.1909285
260,0.03526567,0.4593574,0.3144159,0.190961
261,0.03524686,0.45922,0.3145411,0.1909921
262,0.03522977,0.4590662,0.3146911,0.1910129
263,0.03521308,0.4589015,0.3148656,0.1910198
264,0.03519611,0.4587285,0.3150631,0.1910122
265,0.03802617,0.4263578,0.3298459,0.2057701
266,0.04015591,0.4089649,0.3345667,0.2163125
267,0.04166771,0.4001483,0.3348155,0.2233685
268,0.04265537,0.3961095,0.3336692,0.2275659
269,0.04325286,0.3945394,0.3324803,0.2297275
270,0.04358784,0.3941243,0.3316911,0.2305967
271,0.0437642,0.3941874,0.331292,0.2307564
272,0.04385845,0.3944283,0.3310901,0.2306232
273,0.04392269,0.3947469,0.330858,0.2304724
274,0.04398837,0.3951325,0.3304178,0.2304614
275,0.04407195,0.3956011,0.3296633,0.2306636
276,0.04417856,0.3961665,0.3285669,0.2310881
277,0.04526386,0.3887025,0.3292115,0.2368221
278,0.04615586,0.385497,0.3268011,0.2415461
279,0.0468082,0.3845591,0.3237089,0.2449238
280,0.04727481,0.3847891,0.320657,0.2472791
281,0.04760431,0.385543,0.3179626,0.2488901
282,0.04783653,0.3864659,0.3157191,0.2499785
283,0.04800155,0.3873781,0.313912,0.2507083
284,0.04812082,0.3882003,0.3124844,0.2511945
285,0.04820888,0.3889071,0.31137,0.251514
286,0.04827553,0.3894999,0.3105066,0.251718
287,0.04832716,0.3899915,0.3098418,0.2518395
288,0.0483679,0.3903979,0.3093338,0.2519003
289,0.04459705,0.4266526,0.2962407,0.2325098
290,0.04225155,0.4417097,0.2951976,0.2208411
291,0.04087996,0.4473002,0.2974918,0.2143281
292,0.04007688,0.4487852,0.3004035,0.2107344
293,0.03960876,0.44862,0.3029713,0.2087999
294,0.03933763,0.4479079,0.3049563,0.2077982
295,0.03918079,0.4471134,0.3063998,0.207306
296,0.03908853,0.446404,0.3074302,0.2070773
297,0.03903126,0.4458164,0.3081816,0.2069708
298,0.03899179,0.445336,0.3087633,0.2069089
299,0.03896025,0.4449336,0.3092563,0.2068499
300,0.03893119,0.4445806,0.3097153,0.2067729
301,0.03574353,0.4755995,0.2984748,0.1901821
302,0.03385547,0.4861015,0.2993512,0.1806918
303,0.03276691,0.4886353,0.3030696,0.1755281
304,0.03212961,0.4881411,0.3069881,0.1727413
305,0.03175275,0.4866952,0.3102668,0.1712853
306,0.03152632,0.4851279,0.3127777,0.1705682
307,0.03138567,0.4837233,0.3146418,0.1702491
308,0.0312929,0.4825386,0.3160353,0.1701333
309,0.03122607,0.4815464,0.3171161,0.1701115
310,0.03117247,0.4806975,0.3180073,0.1701227
311,0.03112524,0.4799464,0.3187918,0.1701365
312,0.03108088,0.479259,0.3195207,0.1701394
313,0.03517626,0.4330579,0.3394478,0.192318
314,0.03858582,0.4074194,0.3437215,0.2102733
315,0.04113782,0.3940955,0.3417163,0.2230504
316,0.042898,0.388014,0.337811,0.231277
317,0.04401464,0.3858339,0.3341893,0.2359621
318,0.04466307,0.3855056,0.3316438,0.2381877
319,0.04500402,0.3858957,0.3302059,0.2388943
320,0.04516532,0.3864704,0.3295609,0.2388035
321,0.04523971,0.3870452,0.3292903,0.2384247
322,0.04528742,0.387607,0.3290291,0.2380764
323,0.04534404,0.3882025,0.3285165,0.2379369
324,0.04542674,0.3888797,0.3276141,0.2380794
325,0.04516664,0.3937317,0.3244514,0.2366503
326,0.04505469,0.3967523,0.3220412,0.2361517
327,0.04503655,0.398808,0.3199576,0.2361978
328,0.04508004,0.4003365,0.3179978,0.2365856
329,0.04515632,0.4015617,0.316147,0.2371349
330,0.04524498,0.4025898,0.314445,0.2377202
331,0.04533326,0.4034683,0.312933,0.2382655
332,0.04541407,0.4042186,0.3116362,0.2387312
333,0.04548411,0.4048531,0.3105613,0.2391014
334,0.04554318,0.4053827,0.3096937,0.2393804
335,0.04559207,0.405819,0.3090107,0.2395782
336,0.04563197,0.4061745,0.3084871,0.2397065
337,0.04596089,0.4035165,0.309237,0.2412857
338,0.04619677,0.4022457,0.3092294,0.2423281
339,0.04635708,0.4017085,0.3089809,0.2429536
340,0.04646149,0.4015469,0.3087127,0.243279
341,0.0465262,0.4015584,0.3085193,0.2433961
342,0.04656328,0.4016334,0.3084326,0.2433708
343,0.04658115,0.4017162,0.3084555,0.2432472
344,0.04658562,0.4017811,0.3085784,0.2430549
345,0.04658061,0.4018187,0.3087873,0.2428135
346,0.04656848,0.4018269,0.3090706,0.242534
347,0.04655103,0.4018073,0.3094165,0.2422251
348,0.04652961,0.4017634,0.309813,0.2418939
349,0.03966767,0.4620009,0.2922543,0.2060771
350,0.03593946,0.4795533,0.2974092,0.187098
351,0.03400084,0.4829307,0.3053493,0.1777192
352,0.03294146,0.4817232,0.3123963,0.172939
353,0.03235463,0.4793716,0.3177048,0.170569
354,0.03202824,0.4770915,0.3213969,0.1694833
355,0.03184454,0.4752238,0.3238655,0.1690661
356,0.0317369,0.4737795,0.325508,0.1689756
357,0.03166782,0.4726655,0.326642,0.1690245
358,0.03161651,0.471776,0.3274941,0.1691133
359,0.03157191,0.4710232,0.3282129,0.1691919
360,0.03152838,0.4703444,0.328889,0.1692382
361,0.03506244,0.4325476,0.3440292,0.1883607
362,0.03797052,0.4127111,0.3454966,0.2038217
363,0.04006937,0.4031067,0.3423738,0.2144501
364,0.041469,0.399244,0.3381982,0.2210889
365,0.04232651,0.3982599,0.3346618,0.2247518
366,0.04280269,0.3984852,0.3323075,0.2264047
367,0.04303426,0.3990566,0.3310747,0.2268344
368,0.04312423,0.3996065,0.3306529,0.2266163
369,0.04314443,0.4000387,0.3306751,0.2261417
370,0.04314298,0.4003851,0.3308029,0.2256689
371,0.04314983,0.4007199,0.3307752,0.225355
372,0.04318153,0.4011143,0.330422,0.2252821
373,0.04371608,0.3967671,0.33166,0.2278569
374,0.04414273,0.3949625,0.3309908,0.229904
375,0.04448206,0.3945499,0.3294191,0.231549
376,0.044758,0.3949002,0.327423,0.2329188
377,0.04498822,0.3956424,0.3252725,0.234097
378,0.04518375,0.3965582,0.3231315,0.2351266
379,0.04535101,0.3975192,0.3211046,0.2360252
380,0.04549384,0.3984507,0.3192564,0.2367991
381,0.04561494,0.3993108,0.3176222,0.2374521
382,0.0457164,0.4000784,0.3162174,0.2379877
383,0.04580044,0.4007459,0.3150394,0.2384143
384,0.0458694,0.4013147,0.3140728,0.2387432
385,0.04603091,0.4010529,0.3133454,0.2395709
386,0.04615593,0.4011283,0.3125355,0.2401803
387,0.0462436,0.4013455,0.3118483,0.2405626
388,0.04630389,0.4016002,0.3113155,0.2407803
389,0.04634419,0.4018411,0.3109365,0.2408782
390,0.04636962,0.4020457,0.3106981,0.2408866
391,0.04638351,0.4022068,0.3105851,0.2408245
392,0.04638791,0.4023241,0.3105849,0.2407031
393,0.046384,0.4023992,0.3106885,0.2405283
394,0.04637284,0.4024352,0.3108859,0.2403061
395,0.04635517,0.4024356,0.3111688,0.2400405
396,0.04633162,0.4024036,0.3115295,0.2397353
397,0.04746506,0.393833,0.3129885,0.2457135
398,0.04834076,0.3897844,0.3116193,0.2502555
399,0.04890494,0.3881696,0.3099502,0.2529753
400,0.04925,0.3877815,0.3085032,0.2544653
401,0.0494459,0.3879367,0.3074711,0.2551463
402,0.04954508,0.3882738,0.30686,0.2553211
403,0.04958507,0.3886218,0.3065931,0.2551999
404,0.04959159,0.3889156,0.3065688,0.2549239
405,0.04958175,0.389144,0.306689,0.2545853
406,0.04956628,0.3893198,0.306873,0.2542409
407,0.04955178,0.3894637,0.3070592,0.2539253
408,0.04954213,0.3895956,0.3072042,0.2536581
409,0.04449135,0.4349922,0.2926165,0.2279
410,0.04149069,0.452163,0.2932648,0.2130815
411,0.03982202,0.457765,0.2971499,0.205263
412,0.03888109,0.4587837,0.3011773,0.2011579
413,0.03835315,0.4581553,0.3044005,0.199091
414,0.03806037,0.4571031,0.3067033,0.1981332
415,0.03789939,0.4560923,0.3082517,0.1977566
416,0.03780972,0.4552586,0.3092704,0.1976612
417,0.03775636,0.4546048,0.3099586,0.1976802
418,0.03771939,0.4540902,0.3104665,0.197724
419,0.03768785,0.4536679,0.3108975,0.1977467
420,0.03765596,0.4532994,0.311317,0.1977276
421,0.03785306,0.4502824,0.3130586,0.1988059
422,0.03796555,0.4486755,0.3139741,0.1993849
423,0.03802139,0.4477741,0.3145533,0.1996512
424,0.03803431,0.4472177,0.3150674,0.1996806
425,0.03801835,0.4468158,0.3156125,0.1995534
426,0.03798461,0.4464773,0.3162056,0.1993326
427,0.0379414,0.4461651,0.3168278,0.1990657
428,0.03789493,0.44587,0.3174461,0.1987889
429,0.03784996,0.4455965,0.318023,0.1985305
430,0.03781023,0.4453542,0.3185218,0.1983137
431,0.03777853,0.445154,0.3189108,0.1981565
432,0.03775686,0.4450055,0.3191662,0.1980716
433,0.04057436,0.4141165,0.3330341,0.212275
434,0.0426816,0.3973566,0.3376251,0.2223367
435,0.04419466,0.3887519,0.3378523,0.2292012
436,0.04519836,0.3847578,0.3366373,0.2334066
437,0.04583206,0.3832197,0.3351654,0.2357829
438,0.04622674,0.3829071,0.3337962,0.23707
439,0.0464868,0.3831776,0.3325011,0.2378345
440,0.04668647,0.3837337,0.3311156,0.2384643
441,0.04687199,0.384457,0.3294834,0.2391877
442,0.04706434,0.3853022,0.3275451,0.2400883
443,0.04726739,0.3862414,0.3253379,0.2411532
444,0.04747428,0.3872402,0.3229761,0.2423095
445,0.04758507,0.3863579,0.323478,0.2425791
446,0.04761198,0.3857923,0.3242428,0.2423529
447,0.0476497,0.3854158,0.3246697,0.2422648
448,0.04769032,0.3851782,0.3248867,0.2422447
449,0.04773256,0.3850406,0.3249542,0.2422726
450,0.04777563,0.3849751,0.3249146,0.2423347
451,0.04781866,0.3849616,0.3248006,0.2424192
452,0.04786072,0.3849847,0.3246394,0.2425151
453,0.04790086,0.3850323,0.3244539,0.2426128
454,0.04793869,0.3850952,0.324259,0.2427071
455,0.04797392,0.3851667,0.3240655,0.2427938
456,0.04800631,0.3852418,0.3238818,0.2428701
457,0.04784235,0.391726,0.3176836,0.242748
458,0.04792978,0.3962587,0.3116715,0.24414
459,0.04796165,0.3994084,0.3076614,0.2449685
460,0.04795935,0.4015754,0.305062,0.2454033
461,0.04793946,0.4030252,0.3034475,0.2455878
462,0.0479118,0.4039598,0.3025115,0.2456169
463,0.04788069,0.404532,0.3020435,0.2455438
464,0.04784719,0.4048529,0.301905,0.2453949
465,0.04781073,0.405,0.3020078,0.2451815
466,0.04777024,0.405026,0.3022964,0.2449074
467,0.04772454,0.4049656,0.3027365,0.2445734
468,0.0476721,0.4048377,0.3033152,0.244175
469,0.04228052,0.4517842,0.28934,0.2165953
470,0.0391448,0.4676697,0.2921988,0.2009867
471,0.03741448,0.4717121,0.2980982,0.1927751
472,0.03642897,0.4714009,0.3037969,0.1883733
473,0.03585993,0.4697294,0.3083722,0.1860384
474,0.03552737,0.4678753,0.3117634,0.1848339
475,0.03532816,0.4662429,0.3141949,0.184234
476,0.03520246,0.4649153,0.3159408,0.1839415
477,0.03511583,0.4638571,0.3172362,0.1837909
478,0.03504876,0.4630001,0.3182583,0.1836928
479,0.03499092,0.4622817,0.3191233,0.1836041
480,0.03493725,0.4616548,0.3199005,0.1835076
481,0.03704905,0.4413476,0.3266791,0.1949243
482,0.03866893,0.4317725,0.3259713,0.2035873
483,0.03974217,0.4278397,0.3233462,0.2090719
484,0.04041615,0.4267482,0.3204978,0.2123378
485,0.04081072,0.4269007,0.3181871,0.2141014
486,0.04102246,0.4274653,0.3165961,0.2149162
487,0.04112238,0.428061,0.3156395,0.2151771
488,0.04115918,0.4285518,0.3151408,0.2151482
489,0.04116477,0.4289199,0.3149153,0.215
490,0.04115865,0.4291944,0.3148138,0.2148331
491,0.04115256,0.4294154,0.3147253,0.2147067
492,0.04115305,0.4296183,0.3145765,0.2146521
493,0.04223032,0.4195884,0.318008,0.2201733
494,0.04303075,0.414833,0.3179585,0.2241778
495,0.04358186,0.4128814,0.316703,0.2268338
496,0.04395411,0.4123845,0.3150985,0.228563
497,0.04420557,0.4125814,0.3135192,0.2296937
498,0.04437993,0.4130659,0.312091,0.2304632
499,0.04450712,0.413635,0.3108314,0.2310265
500,0.04460582,0.4141957,0.3097241,0.2314744
501,0.0446868,0.4147105,0.3087486,0.231854
502,0.04475684,0.4151689,0.3078804,0.2321939
503,0.04481925,0.4155722,0.3071041,0.2325045
504,0.04487552,0.4159256,0.3064104,0.2327885
505,0.04346386,0.429989,0.3009611,0.225586
506,0.04252588,0.4362291,0.3003051,0.22094
507,0.04195327,0.4387196,0.3010818,0.2182454
508,0.04161417,0.4394645,0.3021626,0.2167588
509,0.04142018,0.4394681,0.3031152,0.2159965
510,0.04131354,0.439211,0.3038253,0.2156502
511,0.0412575,0.438905,0.3043078,0.2155296
512,0.04122934,0.438631,0.304619,0.2155206
513,0.04121541,0.4384089,0.3048179,0.2155579
514,0.04120752,0.4382334,0.3049558,0.2156034
515,0.04120116,0.4380919,0.3050693,0.2156377
516,0.04119396,0.4379714,0.3051826,0.2156521
517,0.04117057,0.4377285,0.3055722,0.2155287
518,0.04114171,0.4374691,0.3060338,0.2153553
519,0.04111999,0.4372235,0.3064278,0.2152287
520,0.04110001,0.4370017,0.3067859,0.2151124
521,0.04108033,0.4368026,0.3071202,0.2149969
522,0.04106046,0.4366231,0.3074368,0.2148796
523,0.0410404,0.4364604,0.3077387,0.2147606
524,0.04102037,0.4363123,0.3080258,0.2146415
525,0.04100074,0.4361779,0.3082966,0.2145248
526,0.04098179,0.4360566,0.308549,0.2144127
527,0.04096394,0.4359484,0.3087799,0.2143078
528,0.04094758,0.4358536,0.3089857,0.2142131
529,0.04115877,0.433831,0.3096804,0.2153298
530,0.041308,0.4329339,0.3096509,0.2161072
531,0.04139992,0.432594,0.3094431,0.2165629
532,0.04145554,0.4325195,0.3091996,0.2168253
533,0.04148863,0.4325598,0.3089777,0.2169739
534,0.04150875,0.4326418,0.3087874,0.217062
535,0.04152216,0.4327337,0.3086206,0.2171235
536,0.04153274,0.4328237,0.3084649,0.2171787
537,0.04154268,0.4329093,0.3083098,0.2172382
538,0.04155304,0.4329909,0.3081496,0.2173065
539,0.04156418,0.4330701,0.3079817,0.217384
540,0.04157607,0.4331475,0.3078071,0.2174695
541,0.04264692,0.4228368,0.3115448,0.2229715
542,0.04343183,0.417823,0.311855,0.2268901
543,0.04396533,0.4156262,0.3109663,0.2294421
544,0.0443126,0.4148949,0.3097788,0.2310136
545,0.04453102,0.4148603,0.3086791,0.2319297
546,0.04466524,0.4151102,0.3077901,0.2324345
547,0.04474709,0.4154412,0.3071146,0.2326971
548,0.04479793,0.4157642,0.3066111,0.2328267
549,0.04483139,0.4160492,0.3062287,0.2328906
550,0.04485593,0.4162929,0.3059224,0.2329288
551,0.04487637,0.4165023,0.3056587,0.2329625
552,0.0448953,0.416687,0.305416,0.2330018
553,0.04484744,0.4173282,0.3051383,0.232686
554,0.0448156,0.4176629,0.3050591,0.2324624
555,0.04480334,0.4178504,0.3049869,0.2323594
556,0.04480312,0.4179732,0.3048947,0.2323288
557,0.04481037,0.4180719,0.3047751,0.2323427
558,0.04482182,0.4181648,0.3046318,0.2323816
559,0.04483531,0.4182586,0.3044736,0.2324325
560,0.04484937,0.4183542,0.3043093,0.2324869
561,0.04486317,0.4184508,0.304146,0.23254
562,0.04487645,0.4185466,0.3039864,0.2325905
563,0.0448891,0.4186406,0.3038325,0.2326379
564,0.04490112,0.4187321,0.3036844,0.2326824
565,0.04679893,0.4013923,0.3094338,0.2423749
566,0.04824909,0.3922831,0.3099062,0.2495616
567,0.04926663,0.3878449,0.3085128,0.2543757
568,0.04994712,0.3860204,0.3066232,0.2574094
569,0.05038389,0.385557,0.3048545,0.2592046
570,0.05065589,0.3857319,0.3034121,0.2602001
571,0.05082329,0.3861564,0.3023022,0.2607181
572,0.05092837,0.3866407,0.3014538,0.2609772
573,0.05099884,0.3871049,0.3007822,0.261114
574,0.05105145,0.3875254,0.300217,0.261206
575,0.05109584,0.3879028,0.2997078,0.2612937
576,0.05113702,0.3882453,0.2992232,0.2613945
577,0.04805383,0.4163609,0.2898267,0.2457586
578,0.0460443,0.4287797,0.2893028,0.2358732
579,0.04484161,0.433697,0.2912288,0.2302325
580,0.04413302,0.4352032,0.2935474,0.2271164
581,0.04372396,0.4352765,0.2955208,0.2254786
582,0.04349364,0.4348446,0.2969766,0.2246852
583,0.04336757,0.4343143,0.297963,0.2243552
584,0.0433003,0.4338408,0.2985946,0.2242643
585,0.04326474,0.4334635,0.298988,0.2242838
586,0.04324486,0.4331755,0.2992381,0.2243416
587,0.04323162,0.4329548,0.299414,0.2243996
588,0.04322008,0.4327782,0.2995622,0.2244396
589,0.04260981,0.4384201,0.297543,0.2214271
590,0.0421869,0.4408943,0.2975069,0.2194119
591,0.04190911,0.4417998,0.2981374,0.2181536
592,0.04172868,0.4419495,0.2989352,0.2173866
593,0.04161076,0.4417686,0.2996986,0.216922
594,0.04153147,0.441468,0.3003666,0.2166339
595,0.04147518,0.4411439,0.3009383,0.2164426
596,0.04143202,0.4408352,0.3014335,0.2162993
597,0.04139594,0.4405538,0.3018743,0.2161759
598,0.04136365,0.4402994,0.3022785,0.2160584
599,0.04133341,0.4400677,0.3026581,0.2159409
600,0.04130454,0.4398545,0.3030185,0.2158225
601,0.04098859,0.4421859,0.3026395,0.214186
602,0.04076446,0.4430694,0.3031104,0.2130557
603,0.04061658,0.4432678,0.3037679,0.2123477
604,0.0405198,0.4431631,0.3044021,0.211915
605,0.0404572,0.4429491,0.3049306,0.2116631
606,0.04041734,0.4427181,0.3053342,0.2115303
607,0.04039272,0.4425094,0.3056206,0.2114774
608,0.04037847,0.4423352,0.3058071,0.2114792
609,0.04037138,0.4421952,0.305914,0.2115195
610,0.04036924,0.4420849,0.3059592,0.2115867
611,0.04037055,0.4419984,0.3059579,0.2116732
612,0.04037422,0.4419302,0.3059227,0.2117728
613,0.04295517,0.4170654,0.3147893,0.2251902
614,0.04496559,0.4040623,0.3155794,0.2353927
615,0.04639765,0.3977859,0.3134476,0.2423688
616,0.04736332,0.3952811,0.3105169,0.2468386
617,0.04798268,0.3947256,0.307779,0.2495128
618,0.04836324,0.3950568,0.3055826,0.2509973
619,0.04858966,0.3957018,0.3039567,0.2517519
620,0.04872271,0.3963845,0.3027982,0.2520946
621,0.04880298,0.3969951,0.3019715,0.2522305
622,0.04885617,0.397506,0.3013542,0.2522836
623,0.04889728,0.3979266,0.300855,0.2523211
624,0.04893429,0.3982776,0.3004138,0.2523744
625,0.04721757,0.4145768,0.2946468,0.2435588
626,0.04606362,0.4221699,0.2939554,0.2378111
627,0.04535182,0.425409,0.2948169,0.2344223
628,0.04492763,0.4265526,0.295997,0.2325228
629,0.04468429,0.4267631,0.2970254,0.2315272
630,0.04455094,0.4266138,0.2977785,0.2310567
631,0.04448203,0.4263685,0.2982752,0.2308743
632,0.04444899,0.4261351,0.2985792,0.2308367
633,0.0444346,0.4259468,0.2987575,0.230861
634,0.04442869,0.4258048,0.2988655,0.230901
635,0.04442554,0.4256985,0.2989432,0.2309328
636,0.04442209,0.4256157,0.2990173,0.2309449
637,0.04459734,0.4238387,0.29971,0.231854
638,0.04471388,0.4229375,0.2999285,0.23242
639,0.04478542,0.4224948,0.2999835,0.2327362
640,0.0448241,0.4222851,0.3000171,0.2328737
641,0.04484004,0.4221834,0.300087,0.2328896
642,0.04484072,0.422124,0.3002101,0.2328253
643,0.04483143,0.4220756,0.3003841,0.2327089
644,0.04481574,0.422025,0.3006002,0.2325591
645,0.04479599,0.421968,0.3008481,0.2323879
646,0.04477391,0.421905,0.3011164,0.2322047
647,0.04475079,0.4218381,0.3013948,0.2320163
648,0.0447276,0.4217701,0.3016737,0.2318285
649,0.04244963,0.4427685,0.2946355,0.2201463
650,0.04098072,0.4513452,0.2948399,0.2128341
651,0.04009107,0.4543003,0.2970025,0.2086062
652,0.03955913,0.4548047,0.2994036,0.2062327
653,0.03924595,0.4543629,0.3014312,0.20496
654,0.03906431,0.4536558,0.3029543,0.2043255
655,0.03895995,0.4529636,0.3040287,0.2040478
656,0.03889961,0.4523782,0.3047632,0.2039591
657,0.03886328,0.45191,0.3052649,0.2039617
658,0.03883918,0.4515395,0.3056209,0.2040004
659,0.03882059,0.4512402,0.3058939,0.2040453
660,0.03880388,0.4509883,0.306126,0.2040818
661,0.03886139,0.4502336,0.3063885,0.2045165
662,0.03889776,0.4498601,0.3064169,0.2048252
663,0.03891163,0.4496534,0.3064441,0.2049908
664,0.03891144,0.4495126,0.3065082,0.2050678
665,0.03890215,0.4493898,0.3066214,0.2050867
666,0.03888722,0.4492645,0.3067801,0.2050682
667,0.038869,0.4491306,0.3069739,0.2050266
668,0.03884914,0.4489879,0.307191,0.2049719
669,0.03882873,0.4488393,0.3074209,0.204911
670,0.03880855,0.4486881,0.3076546,0.2048487
671,0.03878916,0.4485372,0.3078847,0.204789
672,0.03877101,0.4483894,0.3081048,0.2047348
673,0.03873293,0.4480527,0.3086986,0.2045157
674,0.03869978,0.4477403,0.3092309,0.204329
675,0.03867943,0.447472,0.3096147,0.2042339
676,0.03866504,0.4472512,0.3099019,0.2041819
677,0.03865494,0.4470713,0.3101126,0.2041611
678,0.03864833,0.4469252,0.3102607,0.2041658
679,0.0386447,0.4468065,0.3103568,0.204192
680,0.03864363,0.4467099,0.3104099,0.2042366
681,0.03864467,0.4466313,0.3104276,0.2042964
682,0.03864753,0.4465671,0.3104163,0.2043691
683,0.0386518,0.4465143,0.310382,0.2044518
684,0.03865709,0.4464703,0.310331,0.2045416
685,0.04030909,0.4300443,0.3164604,0.2131862
686,0.04153498,0.4219591,0.3170857,0.2194202
687,0.04237344,0.4183567,0.3157704,0.2234995
688,0.04291855,0.4171029,0.313976,0.2260025
689,0.04325774,0.4169677,0.3123366,0.2274379
690,0.04346154,0.4172874,0.3110504,0.2282006
691,0.04358151,0.4177346,0.3101143,0.2285697
692,0.04365263,0.4181681,0.309451,0.2287282
693,0.0436973,0.4185424,0.3089713,0.228789
694,0.04372912,0.4188544,0.308599,0.2288174
695,0.04375577,0.4191171,0.3082798,0.2288473
696,0.04378115,0.4193459,0.3079795,0.2288934
697,0.04162973,0.4403176,0.3002797,0.2177729
698,0.0402541,0.4490501,0.2998069,0.210889
699,0.03943223,0.4522466,0.3013375,0.2069836
700,0.03895057,0.4530112,0.303182,0.2048563
701,0.03867504,0.4528152,0.3047388,0.2037709
702,0.03852159,0.4523258,0.3058766,0.203276
703,0.03843817,0.4518186,0.3066443,0.2030989
704,0.0383931,0.4513866,0.307142,0.2030783
705,0.03836756,0.4510429,0.3074674,0.2031221
706,0.03835071,0.4507715,0.3076982,0.2031796
707,0.03833648,0.4505498,0.3078894,0.2032243
708,0.03832165,0.4503576,0.3080769,0.2032439
709,0.03917541,0.4414754,0.3115853,0.2077639
710,0.03977542,0.4372604,0.3121218,0.2108424
711,0.04016173,0.4354308,0.311681,0.2127266
712,0.04039368,0.434779,0.3110554,0.2137719
713,0.04052079,0.4346465,0.310569,0.2142636
714,0.04058053,0.4346991,0.3103094,0.214411
715,0.04059947,0.4347843,0.3102567,0.2143595
716,0.04059565,0.4348456,0.3103525,0.2142062
717,0.04058102,0.4348722,0.3105322,0.2140146
718,0.04056325,0.4348727,0.310739,0.2138249
719,0.04054728,0.4348619,0.3109274,0.2136634
720,0.04053616,0.4348539,0.311064,0.2135459
721,0.04179683,0.4224733,0.3157008,0.2200291
722,0.04272478,0.4164034,0.3162236,0.2246482
723,0.04335911,0.4137217,0.3152588,0.2276603
724,0.04377778,0.4128188,0.3138655,0.2295379
725,0.04404965,0.412778,0.3124944,0.230678
726,0.04422823,0.4131076,0.3112873,0.2313769
727,0.04435112,0.4135642,0.3102494,0.2318353
728,0.04444275,0.414039,0.3093408,0.2321774
729,0.04451768,0.4144911,0.3085189,0.2324722
730,0.04458373,0.4149106,0.3077536,0.232752
731,0.04464455,0.4152989,0.3070289,0.2330276
732,0.04470144,0.4156599,0.3063401,0.2332986
733,0.04264219,0.4360012,0.2986336,0.2227231
734,0.04131377,0.4447353,0.2978225,0.2161284
735,0.04051441,0.4480946,0.2990251,0.2123659
736,0.04004313,0.4490322,0.300617,0.2103076
737,0.03977164,0.4489757,0.3020019,0.2092508
738,0.03961896,0.4485864,0.3030323,0.2087623
739,0.03953473,0.4481466,0.3037389,0.2085798
740,0.03948818,0.447758,0.304206,0.2085478
741,0.03946093,0.4474414,0.3045206,0.2085771
742,0.03944226,0.4471864,0.3047534,0.208618
743,0.03942615,0.4469737,0.3049556,0.2086446
744,0.0394094,0.4467853,0.3051611,0.2086443
745,0.04227499,0.4183065,0.3157986,0.2236198
746,0.04451542,0.4031264,0.317362,0.2349963
747,0.04611351,0.3955848,0.3155685,0.2427332
748,0.04718031,0.3923773,0.3128733,0.2475692
749,0.04784463,0.3914368,0.3104355,0.2502831
750,0.04822698,0.3915423,0.3086641,0.2515666
751,0.04842608,0.3920286,0.3075792,0.2519662
752,0.04851588,0.392575,0.3070295,0.2518797
753,0.04854832,0.3930572,0.3068147,0.2515797
754,0.04855804,0.3934514,0.3067467,0.2512439
755,0.04856684,0.3937773,0.3066755,0.2509803
756,0.04858713,0.3940673,0.306499,0.2508467
757,0.04716879,0.4077186,0.3016436,0.2434691
758,0.04622291,0.414226,0.3008455,0.2387057
759,0.04565712,0.417157,0.3011798,0.2360061
760,0.04534113,0.418366,0.3016675,0.2346255
761,0.0451819,0.4188095,0.3019639,0.2340448
762,0.04511602,0.4189567,0.3020101,0.2339172
763,0.04510211,0.4190201,0.3018562,0.2340216
764,0.04511423,0.4190823,0.3015798,0.2342238
765,0.04513697,0.4191652,0.3012507,0.2344471
766,0.04516174,0.4192658,0.3009208,0.2346516
767,0.04518402,0.4193733,0.3006238,0.2348189
768,0.04520178,0.4194769,0.3003789,0.2349424
769,0.04269342,0.4430769,0.2921011,0.2221285
770,0.0410834,0.4527324,0.2920373,0.2141469
771,0.0401125,0.4560867,0.2942414,0.2095594
772,0.03953088,0.4566894,0.2967992,0.2069805
773,0.03918461,0.4562158,0.2990235,0.2055761
774,0.03897856,0.455424,0.3007552,0.2048422
775,0.03885408,0.4546278,0.3020424,0.2044757
776,0.03877538,0.4539326,0.3029956,0.2042964
777,0.03872095,0.4533533,0.303726,0.2041997
778,0.03867832,0.4528703,0.3043237,0.2041276
779,0.03864036,0.4524565,0.3048542,0.204049
780,0.03860324,0.4520872,0.3053609,0.2039486
781,0.03854174,0.4518836,0.3058887,0.2036859
782,0.03848479,0.4515893,0.3064954,0.2034304
783,0.0384332,0.4512586,0.3071141,0.2031941
784,0.03838461,0.4509173,0.3077342,0.2029639
785,0.03833832,0.450579,0.3083441,0.2027386
786,0.03829449,0.450252,0.308932,0.2025215
787,0.03825373,0.4499421,0.3094851,0.2023191
788,0.03821692,0.4496541,0.3099899,0.2021391
789,0.03818494,0.4493923,0.310434,0.2019887
790,0.03815861,0.4491602,0.3108061,0.2018752
791,0.03813865,0.448961,0.3110962,0.2018042
792,0.0381255,0.4487969,0.3112979,0.2017796
793,0.03908616,0.4394118,0.3146137,0.2068883
794,0.03978866,0.4351472,0.3144912,0.2105729
795,0.04025517,0.4334797,0.3133263,0.2129388
796,0.04055729,0.43309,0.31193,0.2144226
797,0.04074974,0.4332619,0.3106489,0.2153395
798,0.04087294,0.4336314,0.3095819,0.2159137
799,0.04095447,0.4340309,0.308721,0.2162937
800,0.04101197,0.4343943,0.3080234,0.2165703
801,0.04105604,0.434704,0.3074443,0.2167957
802,0.04109251,0.4349627,0.3069492,0.2169956
803,0.04112436,0.4351792,0.3065149,0.2171815
804,0.04115291,0.4353623,0.3061281,0.2173566
805,0.03800577,0.4662089,0.2947614,0.2010239
806,0.03611518,0.4774375,0.2948984,0.191549
807,0.03502503,0.4806967,0.2978869,0.1863913
808,0.03439474,0.4807898,0.301166,0.1836495
809,0.03403217,0.4798038,0.3038918,0.1822722
810,0.03382467,0.4786074,0.3059132,0.1816547
811,0.03370539,0.4775195,0.3073297,0.1814454
812,0.03363463,0.4766204,0.3083042,0.1814407
813,0.03358915,0.4758968,0.3089892,0.1815249
814,0.03355572,0.475307,0.3095028,0.1816345
815,0.03352691,0.4748081,0.309929,0.181736
816,0.03349869,0.4743653,0.3103236,0.1818123
817,0.03533055,0.4541318,0.3187996,0.1917381
818,0.03667521,0.4444063,0.3200805,0.198838
819,0.03757701,0.4402039,0.3188246,0.2033944
820,0.0381394,0.4387908,0.3170121,0.2060576
821,0.03846161,0.4386213,0.3154989,0.2074182
822,0.03862505,0.4388892,0.3145409,0.2079449
823,0.03869032,0.4392216,0.3141102,0.2079779
824,0.03869991,0.4394798,0.3140686,0.2077518
825,0.03868245,0.4396402,0.3142545,0.2074229
826,0.03865669,0.4397268,0.3145236,0.2070928
827,0.03863465,0.4397779,0.3147611,0.2068265
828,0.03862358,0.4398281,0.3148861,0.2066623
829,0.03922695,0.4340276,0.3169519,0.2097936
830,0.03967362,0.431468,0.3167862,0.2120721
831,0.03998521,0.4305613,0.3158356,0.2136179
832,0.04020551,0.4304779,0.3146224,0.2146943
833,0.04036621,0.4307688,0.313385,0.2154799
834,0.04048903,0.4312032,0.3122167,0.216091
835,0.04058759,0.4316688,0.311148,0.2165956
836,0.04066981,0.4321154,0.3101853,0.2170294
837,0.04074007,0.4325233,0.3093271,0.2174095
838,0.04080069,0.4328872,0.3085695,0.2177426
839,0.0408529,0.4332075,0.3079083,0.2180313
840,0.04089746,0.4334868,0.3073392,0.2182766
841,0.04027084,0.4400863,0.3046717,0.2149712
842,0.03984948,0.4430213,0.3043192,0.21281
843,0.03958901,0.4441915,0.3046805,0.2115389
844,0.03943255,0.4445334,0.3052116,0.2108225
845,0.03934083,0.444521,0.305701,0.2104371
846,0.0392876,0.444382,0.3060931,0.2102374
847,0.03925589,0.4442158,0.3063966,0.2101317
848,0.03923512,0.4440596,0.3066406,0.2100648
849,0.03921885,0.443922,0.3068551,0.2100041
850,0.03920343,0.4437997,0.3070647,0.2099322
851,0.03918685,0.4436865,0.3072864,0.2098403
852,0.03916817,0.4435763,0.3075307,0.2097249
853,0.03986469,0.4363694,0.3104004,0.2133655
854,0.04035369,0.4329728,0.3108495,0.215824
855,0.04066473,0.4315211,0.3105363,0.2172779
856,0.0408489,0.4310295,0.3100843,0.2180373
857,0.04094779,0.4309629,0.3097453,0.218344
858,0.04099267,0.4310502,0.3095815,0.2183755
859,0.04100578,0.431168,0.3095709,0.2182554
860,0.04100224,0.4312701,0.3096617,0.2180661
861,0.04099197,0.4313474,0.3097996,0.2178611
862,0.0409814,0.4314069,0.309937,0.2176747
863,0.04097445,0.4314602,0.3100379,0.2175275
864,0.04097323,0.4315178,0.3100786,0.2174304
865,0.03847622,0.4563024,0.3008551,0.2043663
866,0.03693444,0.4658772,0.3006212,0.1965672
867,0.03603156,0.4689874,0.3027379,0.1922432
868,0.03551089,0.4694222,0.3051196,0.1899473
869,0.03521758,0.4688916,0.307068,0.1888228
870,0.03505715,0.4681305,0.3084562,0.1883561
871,0.03497215,0.4674198,0.3093667,0.1882414
872,0.03492803,0.4668388,0.309934,0.1882991
873,0.03490449,0.4663847,0.3102834,0.1884274
