EwEVersion,"6.5.13829.0 (compiled 2016-05-17)"
Date,"2016-09-06 16:05:38"
ModelName,Baltic_Proper-SEALS
EcosimScenario,Proper1_SealVuln100_19742100_seal0_cofF03
TimeSeries,new_data_weights_19742100_BAU_WAR1_codF03_seal0
StartYear,1974

Data,"Prey of Temora sp"

TimeStep,"Cyanobacteria","Phytoplankton","microzooplankton","Detritus-water column",
1,0.04225925,0.6065168,0.1818384,0.1693856
2,0.03843141,0.6257736,0.1810653,0.1547296
3,0.0365148,0.6314564,0.1842176,0.1478112
4,0.03551377,0.6320712,0.1878981,0.1445169
5,0.03498649,0.6309366,0.1910353,0.1430416
6,0.03471035,0.629393,0.1934095,0.1424873
7,0.03456669,0.6279414,0.1951074,0.1423845
8,0.03449095,0.6267245,0.1962997,0.1424848
9,0.03444798,0.6257406,0.1971526,0.1426588
10,0.03441905,0.6249409,0.1977991,0.142841
11,0.03439435,0.6242702,0.198335,0.1430005
12,0.03436902,0.623682,0.198825,0.1431241
13,0.03504702,0.6175472,0.2012598,0.146146
14,0.03547345,0.6146087,0.2018546,0.1480632
15,0.03571072,0.6132495,0.2019097,0.14913
16,0.03582743,0.6126233,0.2018863,0.1496628
17,0.03586937,0.6122901,0.2019731,0.1498673
18,0.03586669,0.6120398,0.2022164,0.1498771
19,0.03583881,0.6117858,0.2025973,0.1497781
20,0.03579811,0.6115038,0.2030724,0.1496255
21,0.03575266,0.611199,0.2035918,0.1494565
22,0.03570799,0.6108875,0.2041071,0.1492974
23,0.03566799,0.6105883,0.2045756,0.1491682
24,0.03563545,0.6103187,0.204962,0.1490838
25,0.03168523,0.6408312,0.1948486,0.132635
26,0.02964744,0.6499566,0.1960325,0.1243635
27,0.0286395,0.6517194,0.1990227,0.1206185
28,0.02812166,0.6510121,0.2018997,0.1189665
29,0.02786311,0.6496834,0.2040507,0.1184028
30,0.02774151,0.6484029,0.20546,0.1183956
31,0.02769012,0.6473576,0.2062961,0.1186562
32,0.02767263,0.6465501,0.2067477,0.1190296
33,0.02766973,0.6459256,0.2069694,0.1194354
34,0.02767111,0.6454219,0.2070757,0.1198313
35,0.02767179,0.6449879,0.2071419,0.1201985
36,0.02766954,0.6445873,0.2072133,0.1205297
37,0.02845109,0.6369651,0.2103782,0.1242056
38,0.02894338,0.6335509,0.2109403,0.1265653
39,0.02922915,0.6321344,0.2106663,0.1279702
40,0.02938368,0.6316023,0.2102372,0.1287767
41,0.02945792,0.6313975,0.2099236,0.129221
42,0.02948493,0.6312666,0.2097943,0.1294542
43,0.02948535,0.631112,0.209833,0.1295696
44,0.02947163,0.6309086,0.2099968,0.129623
45,0.02945112,0.6306612,0.2102404,0.1296472
46,0.0294286,0.6303865,0.2105206,0.1296643
47,0.02940696,0.6301019,0.2108028,0.1296883
48,0.02938797,0.6298229,0.2110611,0.1297279
49,0.03022137,0.6217711,0.2145301,0.1334775
50,0.03075722,0.6181589,0.2152077,0.1358762
51,0.0310782,0.6167275,0.214903,0.1372914
52,0.0312649,0.6163185,0.2143048,0.1381118
53,0.03137182,0.6163386,0.2136969,0.1385927
54,0.03143433,0.6165078,0.2131615,0.1388964
55,0.03147399,0.6167079,0.2126987,0.1391193
56,0.03150321,0.6168982,0.212284,0.1393147
57,0.03152856,0.6170697,0.2118927,0.139509
58,0.03155274,0.6172239,0.2115135,0.1397099
59,0.03157659,0.6173632,0.2111429,0.1399174
60,0.03160006,0.6174892,0.2107833,0.1401275
61,0.03194922,0.6139861,0.2123997,0.141665
62,0.03216113,0.6123073,0.2129683,0.1425634
63,0.03230232,0.6115549,0.2129701,0.1431727
64,0.03239315,0.6112732,0.2127598,0.1435739
65,0.03245207,0.6112143,0.2124862,0.1438474
66,0.03249156,0.6112514,0.2122104,0.1440466
67,0.03251944,0.6113232,0.2119536,0.1442037
68,0.03254034,0.6114015,0.2117212,0.144337
69,0.03255688,0.6114739,0.2115141,0.1444552
70,0.03257072,0.6115365,0.2113287,0.144564
71,0.03258265,0.6115885,0.2111632,0.1446657
72,0.03259307,0.6116302,0.2110162,0.1447606
73,0.03030401,0.6312862,0.203739,0.1346709
74,0.02904118,0.6380054,0.203701,0.1292524
75,0.02836676,0.6397136,0.2053659,0.1265537
76,0.02800392,0.6395266,0.2072059,0.1252636
77,0.02781017,0.6387452,0.2087269,0.1247177
78,0.02770728,0.6378844,0.209853,0.1245553
79,0.02765162,0.6371161,0.2106545,0.1245777
80,0.02761905,0.6364709,0.2112332,0.1246769
81,0.02759641,0.6359282,0.2116799,0.1247956
82,0.02757679,0.6354555,0.2120627,0.124905
83,0.02755669,0.6350243,0.2124275,0.1249915
84,0.02753453,0.6346131,0.2128023,0.1250501
85,0.02758659,0.6344588,0.2124017,0.125553
86,0.02762656,0.6344942,0.2118825,0.1259967
87,0.02762882,0.6345137,0.2116553,0.1262021
88,0.02761395,0.6344552,0.2116396,0.1262912
89,0.02758897,0.6343101,0.2117956,0.1263053
90,0.02755711,0.6340894,0.2120894,0.1262641
91,0.02752015,0.6338085,0.212492,0.1261793
92,0.02747921,0.6334829,0.2129785,0.1260593
93,0.0274353,0.6331269,0.2135259,0.1259119
94,0.02738957,0.6327533,0.2141115,0.1257457
95,0.02734348,0.6323741,0.2147113,0.1255712
96,0.0272988,0.6320019,0.2152984,0.1254009
97,0.02674976,0.6367371,0.2135377,0.1229753
98,0.02642289,0.6384377,0.2135248,0.1216147
99,0.02622928,0.6388438,0.21404,0.1208869
100,0.02611996,0.6387477,0.2145708,0.1205615
101,0.0260634,0.6385121,0.214935,0.1204894
102,0.02604019,0.6382877,0.2150927,0.1205793
103,0.02603832,0.6381235,0.2150642,0.120774
104,0.02605009,0.6380225,0.2148913,0.1210361
105,0.02607037,0.63797,0.2146201,0.1213396
106,0.02609539,0.6379458,0.2142948,0.121664
107,0.02612229,0.6379318,0.213953,0.121993
108,0.02614889,0.6379134,0.2136239,0.1223138
109,0.02715873,0.628536,0.2170939,0.1272114
110,0.02782937,0.6245598,0.2171495,0.1304615
111,0.02823783,0.6231818,0.2161831,0.1323974
112,0.02847922,0.6229626,0.2150435,0.1335147
113,0.02861697,0.6231715,0.2140788,0.1341327
114,0.02869282,0.6234723,0.2133772,0.1344577
115,0.02873287,0.6237319,0.2129185,0.1346167
116,0.02875281,0.6239138,0.2126483,0.1346851
117,0.02876174,0.6240219,0.2125105,0.1347058
118,0.02876473,0.6240725,0.2124609,0.1347019
119,0.02876464,0.6240831,0.212466,0.1346863
120,0.02876306,0.6240683,0.2125027,0.134666
121,0.02840233,0.6271316,0.2115198,0.1329463
122,0.02817755,0.628211,0.2117312,0.1318802
123,0.02805204,0.6284446,0.2121859,0.1313175
124,0.02798159,0.628346,0.2126468,0.1310256
125,0.02794281,0.628147,0.2130232,0.130887
126,0.02792186,0.6279442,0.213301,0.130833
127,0.02791063,0.6277705,0.2134951,0.1308238
128,0.02790448,0.6276315,0.2136271,0.130837
129,0.02790091,0.6275222,0.2137164,0.1308605
130,0.02789854,0.6274354,0.2137778,0.1308881
131,0.02789668,0.6273651,0.2138216,0.1309167
132,0.02789495,0.627306,0.2138545,0.1309446
133,0.03065085,0.5983096,0.2276385,0.143401
134,0.03256272,0.5828113,0.2330687,0.1515572
135,0.03383421,0.5752503,0.2342731,0.1566423
136,0.03461134,0.5720225,0.2339525,0.1594136
137,0.03505505,0.5709563,0.2332959,0.1606926
138,0.03529408,0.5708637,0.2327275,0.1611148
139,0.03541951,0.5711621,0.2323028,0.1611156
140,0.03549045,0.5716034,0.2319381,0.1609682
141,0.03554242,0.5721021,0.2315258,0.1608296
142,0.03559602,0.5726427,0.2309755,0.1607859
143,0.03566169,0.5732319,0.2302314,0.160875
144,0.03574385,0.5738793,0.2292692,0.1611076
145,0.03195019,0.6100616,0.2137857,0.1442025
146,0.03004842,0.6233385,0.2105124,0.1361008
147,0.0290988,0.6281919,0.2103016,0.1324077
148,0.02862046,0.6297182,0.2108356,0.1308258
149,0.02838237,0.6299728,0.2113831,0.1302617
150,0.02826682,0.6298009,0.2117612,0.1301711
151,0.02821266,0.6295305,0.2119744,0.1302824
152,0.02818824,0.6292706,0.2120769,0.1304643
153,0.02817729,0.6290432,0.2121239,0.1306557
154,0.02817148,0.6288409,0.2121578,0.1308299
155,0.02816665,0.6286498,0.2122072,0.1309763
156,0.0281607,0.6284574,0.2122902,0.1310916
157,0.03472828,0.5643542,0.2396912,0.1612262
158,0.04058484,0.5214307,0.2505952,0.1873892
159,0.04530258,0.4943511,0.2528248,0.2075215
160,0.04879257,0.4786166,0.2510624,0.2215284
161,0.05116981,0.4703908,0.2481977,0.2302417
162,0.05265837,0.4667406,0.2456858,0.2349152
163,0.05350786,0.4656242,0.244039,0.2368289
164,0.05394024,0.4657603,0.2432369,0.2370626
165,0.05412736,0.4664369,0.2430176,0.2364182
166,0.05419026,0.4673142,0.2430564,0.2354392
167,0.05420844,0.4682622,0.2430615,0.2344679
168,0.05423032,0.4692501,0.2428192,0.2337003
169,0.04855016,0.517,0.2255256,0.2089243
170,0.04541731,0.5389423,0.2198619,0.1957784
171,0.04405222,0.5494581,0.2156175,0.1908723
172,0.04341232,0.5552698,0.2122164,0.1891014
173,0.04309561,0.5586368,0.2097554,0.1885122
174,0.04294924,0.5606991,0.2079123,0.1884394
175,0.04288836,0.5620317,0.2065428,0.1885371
176,0.04286762,0.5629374,0.2055509,0.1886442
177,0.04286428,0.5635803,0.2048554,0.1887
178,0.04286774,0.5640528,0.2043864,0.1886932
179,0.04287312,0.5644094,0.2040873,0.1886301
180,0.04287818,0.5646853,0.2039154,0.1885212
181,0.04130099,0.5781646,0.1989375,0.181597
182,0.04033046,0.5844141,0.197866,0.1773895
183,0.03975451,0.587108,0.1982099,0.1749275
184,0.03941651,0.588079,0.1990123,0.1734921
185,0.03921933,0.5882666,0.1998706,0.1726435
186,0.0391033,0.5881365,0.2006438,0.1721164
187,0.03903221,0.5879067,0.2013078,0.1717532
188,0.03898433,0.5876689,0.2018846,0.1714621
189,0.03894685,0.5874543,0.202409,0.1711899
190,0.03891242,0.5872657,0.2029139,0.170908
191,0.03887689,0.5870962,0.2034263,0.1706006
192,0.038838,0.5869362,0.2039658,0.1702601
193,0.03790483,0.5944883,0.2015148,0.166092
194,0.03731602,0.5977969,0.2014186,0.1634685
195,0.03694727,0.5990524,0.2021876,0.1618126
196,0.03671444,0.5993343,0.2032092,0.1607421
197,0.03656368,0.5991977,0.2042227,0.1600159
198,0.03646185,0.5989167,0.2051319,0.1594897
199,0.03638925,0.598618,0.2059122,0.1590807
200,0.03633462,0.5983545,0.2065666,0.1587442
201,0.03629191,0.5981442,0.2071051,0.1584587
202,0.03625831,0.5979899,0.2075354,0.1582164
203,0.03623264,0.5978888,0.2078624,0.1580161
204,0.03621457,0.5978369,0.2080894,0.1578592
205,0.04006597,0.5647874,0.2208415,0.1743051
206,0.04298522,0.5459951,0.2246092,0.1864105
207,0.04501963,0.5361235,0.2244169,0.1944399
208,0.04635154,0.5316222,0.2226805,0.1993458
209,0.04717795,0.5301,0.2206309,0.2020911
210,0.04767157,0.5300758,0.2187681,0.2034846
211,0.0479641,0.530709,0.2172056,0.2041214
212,0.04814628,0.5315692,0.2158874,0.2043971
213,0.04827527,0.5324629,0.2147123,0.2045496
214,0.04838157,0.5333192,0.2136071,0.2046922
215,0.04847981,0.5341198,0.2125326,0.2048678
216,0.04857495,0.5348655,0.2114813,0.2050782
217,0.04356259,0.5754304,0.1969627,0.1840443
218,0.04081399,0.5921867,0.1941646,0.1728347
219,0.03934526,0.5987105,0.1948309,0.1671133
220,0.03855472,0.6008199,0.1963971,0.1642283
221,0.03813424,0.6011029,0.1979249,0.162838
222,0.03791652,0.6007254,0.1991314,0.1622268
223,0.03780838,0.6001912,0.1999938,0.1620067
224,0.03775772,0.5996954,0.2005784,0.1619686
225,0.03773561,0.5992929,0.2009693,0.1620021
226,0.03772626,0.5989819,0.2012408,0.162051
227,0.0377213,0.5987409,0.2014494,0.1620885
228,0.03771648,0.598546,0.2016347,0.1621029
229,0.03845241,0.5916029,0.2048213,0.1651234
230,0.03891934,0.5880435,0.2061103,0.1669268
231,0.03920747,0.5862758,0.2065587,0.167958
232,0.03937257,0.5854443,0.2067178,0.1684653
233,0.03945801,0.5850636,0.2068371,0.1686413
234,0.03949425,0.5848758,0.2070108,0.1686192
235,0.0395015,0.5847553,0.2072571,0.1684861
236,0.03949277,0.5846486,0.2075612,0.1682975
237,0.0394763,0.5845395,0.207896,0.1680882
238,0.0394573,0.5844293,0.2082326,0.1678808
239,0.03943906,0.5843266,0.2085449,0.1676896
240,0.03942364,0.5842412,0.208811,0.1675241
241,0.03773551,0.596797,0.2052789,0.1601886
242,0.03670697,0.6016741,0.2058674,0.1557515
243,0.03614174,0.6031883,0.2072479,0.153422
244,0.03583362,0.6033375,0.2085942,0.1522347
245,0.03567247,0.6030234,0.2096149,0.1516892
246,0.03559404,0.6026335,0.2102752,0.1514972
247,0.03556061,0.6023111,0.2106373,0.151491
248,0.03555027,0.6020886,0.2107871,0.151574
249,0.03555063,0.601954,0.2108032,0.1516922
250,0.03555526,0.601883,0.2107432,0.1518185
251,0.03556089,0.6018519,0.2106471,0.15194
252,0.03556598,0.6018425,0.2105404,0.1520511
253,0.03504671,0.6080002,0.2067482,0.1502048
254,0.03475018,0.6111393,0.2047869,0.1493236
255,0.0345533,0.6127169,0.2039497,0.14878
256,0.03443123,0.613447,0.2036178,0.148504
257,0.03435694,0.6137356,0.2035162,0.1483913
258,0.0343115,0.6138014,0.203519,0.1483682
259,0.03428273,0.6137574,0.2035712,0.1483887
260,0.03426309,0.6136599,0.2036514,0.1484257
261,0.03424811,0.6135355,0.2037522,0.1484641
262,0.03423523,0.6133968,0.2038716,0.1484964
263,0.03422305,0.613249,0.2040086,0.1485194
264,0.03421086,0.6130948,0.2041623,0.1485321
265,0.03769515,0.5811387,0.2179831,0.1631831
266,0.04021313,0.5631279,0.2233623,0.1732966
267,0.04192865,0.5536494,0.2246081,0.1798138
268,0.04300783,0.5491509,0.2242842,0.183557
269,0.04363774,0.5473189,0.2236259,0.1854173
270,0.04397867,0.5467799,0.2231101,0.1861314
271,0.04415103,0.5467985,0.2228135,0.1862368
272,0.0442379,0.5470309,0.2226364,0.1860948
273,0.04429255,0.5473476,0.2224294,0.1859305
274,0.04434566,0.54772,0.2220677,0.1858666
275,0.0444126,0.548156,0.2214742,0.1859572
276,0.04449794,0.548667,0.2206282,0.186207
277,0.04578295,0.5405952,0.2219913,0.1916305
278,0.0467487,0.5368667,0.2206657,0.1957188
279,0.04740926,0.5355586,0.2185771,0.1984551
280,0.04785121,0.5355359,0.2163777,0.2002352
281,0.04814288,0.536119,0.2143732,0.2013647
282,0.0483349,0.5369267,0.2126722,0.2020662
283,0.04846254,0.5377603,0.2112845,0.2024928
284,0.04854927,0.5385281,0.2101777,0.2027449
285,0.04861005,0.539197,0.2093073,0.2028856
286,0.04865422,0.5397635,0.2086282,0.202954
287,0.04868753,0.540237,0.2081015,0.202974
288,0.04871338,0.5406314,0.2076955,0.2029597
289,0.04394898,0.5781223,0.1946238,0.1833048
290,0.04129864,0.5936531,0.19236,0.1726883
291,0.03985536,0.5996226,0.193357,0.167165
292,0.03906079,0.6014345,0.1951915,0.1643132
293,0.03862453,0.6015244,0.1969619,0.1628892
294,0.0383874,0.6009965,0.1983932,0.1622229
295,0.03825976,0.6003292,0.1994648,0.1619463
296,0.03819069,0.5997068,0.2002458,0.1618567
297,0.0381515,0.5991806,0.2008235,0.1618445
298,0.03812639,0.5987466,0.2012737,0.1618533
299,0.03810686,0.598383,0.2016549,0.1618552
300,0.03808849,0.5980663,0.2020075,0.1618377
301,0.03434164,0.628301,0.1911789,0.1461784
302,0.03235529,0.6387722,0.1907244,0.1381481
303,0.03129273,0.6416461,0.1929563,0.1341049
304,0.0307115,0.6415693,0.1956256,0.1320936
305,0.03039031,0.6404918,0.1979693,0.1311486
306,0.03021065,0.639213,0.1998164,0.1307599
307,0.03010715,0.6380253,0.2012164,0.1306511
308,0.03004368,0.6370037,0.2022794,0.1306732
309,0.03000049,0.6361386,0.2031131,0.1307479
310,0.02996677,0.6353943,0.2038048,0.1308341
311,0.02993708,0.6347346,0.2044149,0.1309134
312,0.02990883,0.6341313,0.2049811,0.1309788
313,0.03480097,0.5891018,0.2238842,0.152213
314,0.0387348,0.5623646,0.2300325,0.1688682
315,0.041584,0.5477586,0.2302817,0.1803757
316,0.0434786,0.5407403,0.2282554,0.1875258
317,0.04463512,0.5380004,0.2259336,0.1914308
318,0.04527982,0.5373898,0.2241489,0.1931814
319,0.04560309,0.5376697,0.2230677,0.1936595
320,0.04574573,0.5382257,0.2225307,0.1934978
321,0.04580338,0.5388182,0.2222622,0.1931163
322,0.04583464,0.5393996,0.2220032,0.1927625
323,0.04587236,0.5399976,0.2215627,0.1925673
324,0.04593156,0.5406517,0.2208365,0.1925801
325,0.04552313,0.5456541,0.2180081,0.1908146
326,0.04531731,0.5487143,0.2159456,0.1900226
327,0.04523282,0.5507508,0.2142347,0.1897817
328,0.04522432,0.5522244,0.212677,0.1898742
329,0.04525696,0.5533779,0.2112344,0.1901307
330,0.04530786,0.5543303,0.2099214,0.1904404
331,0.04536336,0.5551372,0.2087605,0.190739
332,0.04541603,0.5558245,0.2077664,0.1909932
333,0.04546233,0.5564065,0.2069417,0.1911895
334,0.04550172,0.5568938,0.2062745,0.19133
335,0.04553456,0.5572973,0.2057473,0.1914208
336,0.04556158,0.5576283,0.2053408,0.1914693
337,0.04596169,0.5548448,0.2061616,0.1930319
338,0.04622914,0.5534753,0.2062973,0.1939983
339,0.04640086,0.5528708,0.2061818,0.1945464
340,0.04650707,0.5526686,0.2060104,0.1948141
341,0.04656973,0.5526593,0.2058719,0.194899
342,0.04660394,0.5527282,0.2058013,0.1948666
343,0.04661959,0.5528155,0.2058067,0.1947583
344,0.04662303,0.5528927,0.2058841,0.1946001
345,0.04661835,0.5529484,0.206025,0.1944082
346,0.04660789,0.5529794,0.2062214,0.1941914
347,0.04659325,0.5529861,0.2064648,0.1939558
348,0.04657565,0.5529714,0.2067464,0.1937066
349,0.03834045,0.6139966,0.1883173,0.1593457
350,0.03444864,0.6320336,0.1900482,0.1434695
351,0.03257497,0.6361826,0.1950293,0.136213
352,0.03161592,0.6357163,0.1998838,0.1327841
353,0.03111774,0.6339377,0.2037061,0.1312386
354,0.03085928,0.6320583,0.2064444,0.130638
355,0.03072491,0.6304585,0.2083191,0.1304975
356,0.03065273,0.6291926,0.2095922,0.1305625
357,0.03060982,0.628202,0.2104861,0.130702
358,0.03057901,0.6274051,0.2111649,0.130851
359,0.03055175,0.6267297,0.2117385,0.13098
360,0.03052409,0.626123,0.2122751,0.1310779
361,0.0347202,0.5889478,0.2271142,0.1492177
362,0.03801474,0.5681388,0.2305993,0.1632473
363,0.04030514,0.5575331,0.2295922,0.1725696
364,0.04177118,0.5529606,0.2271084,0.1781599
365,0.04263161,0.5515547,0.2247161,0.1810976
366,0.04308785,0.5515675,0.2230143,0.1823304
367,0.04329746,0.5520587,0.2220664,0.1825774
368,0.04337094,0.5526025,0.2216964,0.1823302
369,0.04338037,0.5530613,0.2216556,0.1819027
370,0.04337098,0.553439,0.2217008,0.1814892
371,0.04336926,0.5537918,0.2216382,0.1812008
372,0.0433889,0.5541808,0.2213392,0.1810912
373,0.04403919,0.5495871,0.2227409,0.1836328
374,0.04450769,0.5475636,0.2224849,0.1854438
375,0.04484801,0.5469693,0.2214195,0.1867632
376,0.04510245,0.5471665,0.2199619,0.1877691
377,0.04529978,0.5477756,0.2183501,0.1885745
378,0.0454577,0.5485734,0.2167271,0.1892418
379,0.0455867,0.5494295,0.2151822,0.1898015
380,0.04569304,0.5502687,0.2137695,0.1902688
381,0.0457808,0.5510488,0.2125181,0.1906524
382,0.04585277,0.5517487,0.2114404,0.1909581
383,0.04591138,0.5523602,0.210535,0.1911934
384,0.04595885,0.5528838,0.2097902,0.191367
385,0.04612167,0.552535,0.2093088,0.1920346
386,0.04623876,0.5525413,0.2087309,0.192489
387,0.04631573,0.5527109,0.2082232,0.1927502
388,0.04636546,0.5529345,0.2078196,0.1928803
389,0.04639665,0.553157,0.2075257,0.1929207
390,0.04641493,0.553353,0.2073345,0.1928975
391,0.0464237,0.5535136,0.2072362,0.1928265
392,0.04642493,0.5536371,0.2072218,0.1927161
393,0.04641969,0.5537246,0.207285,0.1925707
394,0.04640888,0.5537785,0.2074183,0.1923943
395,0.04639311,0.5538017,0.2076156,0.1921896
396,0.04637283,0.5537971,0.2078711,0.1919588
397,0.04774123,0.5446712,0.2098731,0.1977146
398,0.04871857,0.5401424,0.2093699,0.2017691
399,0.04931664,0.5382264,0.208373,0.204084
400,0.04966267,0.5376673,0.2073921,0.205278
401,0.04984684,0.5377381,0.2066429,0.2057721
402,0.04993196,0.5380453,0.2061708,0.2058518
403,0.04995999,0.5383955,0.2059409,0.2057037
404,0.04995784,0.5387083,0.2058886,0.2054453
405,0.04994222,0.5389631,0.2059458,0.205149
406,0.04992294,0.5391667,0.206054,0.2048563
407,0.04990558,0.5393361,0.2061677,0.2045906
408,0.04989311,0.5394891,0.2062537,0.2043641
409,0.04361884,0.5863847,0.191252,0.1787445
410,0.04031393,0.6040908,0.1899649,0.1656304
411,0.03860372,0.6101704,0.1920393,0.1591866
412,0.03769667,0.6116108,0.1946684,0.1560241
413,0.03721716,0.6113046,0.196923,0.1545553
414,0.03696788,0.6104757,0.1985997,0.1539568
415,0.03684085,0.6096112,0.1997615,0.1537866
416,0.03677633,0.6088716,0.2005451,0.1538071
417,0.03674151,0.6082802,0.2010848,0.1538935
418,0.0367188,0.607811,0.2014871,0.1539831
419,0.03669904,0.6074271,0.201827,0.1540468
420,0.03667779,0.6070958,0.2021534,0.154073
421,0.03693911,0.6041896,0.2036667,0.1552047
422,0.03708594,0.6026353,0.2044665,0.1558123
423,0.0371617,0.6017681,0.2049606,0.1561095
424,0.03718835,0.6012471,0.2053731,0.1561914
425,0.03718391,0.6008872,0.2057901,0.1561388
426,0.03716109,0.6005967,0.2062334,0.1560088
427,0.03712868,0.600336,0.2066941,0.1558413
428,0.03709269,0.6000925,0.2071504,0.1556644
429,0.03705749,0.599867,0.2075763,0.1554991
430,0.03702633,0.5996664,0.2079455,0.1553618
431,0.03700159,0.5994987,0.2082347,0.155265
432,0.03698483,0.5993713,0.2084267,0.1552172
433,0.04050035,0.5683716,0.2216178,0.1695103
434,0.04302581,0.5507717,0.2268986,0.1793039
435,0.04476206,0.5413964,0.2281265,0.185715
436,0.04586848,0.5368856,0.2277522,0.1894937
437,0.04653808,0.5350443,0.2268857,0.191532
438,0.04693495,0.5345634,0.22594,0.1925616
439,0.04718078,0.5347346,0.2249765,0.1931081
440,0.04735727,0.5352149,0.2239154,0.1935124
441,0.04751313,0.5358592,0.2226601,0.1939675
442,0.04767028,0.5366114,0.2211748,0.1945435
443,0.04783355,0.5374432,0.2194899,0.1952334
444,0.04799772,0.5383259,0.2176914,0.1959849
445,0.04813661,0.5373994,0.2181515,0.1963126
446,0.04818438,0.5368418,0.2187606,0.1962132
447,0.04823553,0.5364622,0.2191075,0.1961947
448,0.04828434,0.536217,0.219289,0.1962097
449,0.04833101,0.5360686,0.2193522,0.1962481
450,0.04837577,0.5359903,0.2193307,0.1963031
451,0.04841857,0.5359628,0.2192502,0.1963684
452,0.04845903,0.5359716,0.2191318,0.1964375
453,0.04849673,0.5360053,0.2189934,0.1965047
454,0.04853161,0.5360549,0.2188463,0.1965671
455,0.04856363,0.5361143,0.2186994,0.1966227
456,0.04859277,0.5361786,0.218559,0.1966696
457,0.04820616,0.5427192,0.2133996,0.1956751
458,0.04812814,0.5471107,0.2086409,0.1961203
459,0.04804667,0.55016,0.2054712,0.1963221
460,0.04796785,0.5522641,0.2034107,0.1963574
461,0.04789791,0.5536792,0.202123,0.1962999
462,0.04783887,0.5545993,0.2013674,0.1961944
463,0.04778944,0.5551714,0.2009785,0.1960606
464,0.04774664,0.5555029,0.2008471,0.1959034
465,0.04770723,0.5556695,0.2009027,0.1957205
466,0.04766833,0.5557228,0.201101,0.195508
467,0.04762762,0.5556967,0.2014144,0.1952613
468,0.04758292,0.5556106,0.2018319,0.1949746
469,0.04106287,0.6033131,0.1873381,0.168286
470,0.03771977,0.6196365,0.1877077,0.154936
471,0.03601109,0.6242756,0.1912779,0.1484354
472,0.03510092,0.6245465,0.1951478,0.1452048
473,0.03460881,0.623344,0.1984089,0.1436382
474,0.03434038,0.6218346,0.2008982,0.1429268
475,0.03419088,0.6204463,0.2027202,0.1426425
476,0.03410293,0.6192918,0.2040484,0.1425569
477,0.03404534,0.6183605,0.2050436,0.1425505
478,0.0340015,0.6176028,0.2058325,0.1425632
479,0.03396318,0.6169677,0.2065001,0.1425691
480,0.03392672,0.6164151,0.2070985,0.1425598
481,0.03640728,0.596341,0.2140135,0.1532382
482,0.03819003,0.5863344,0.2146228,0.1608527
483,0.03931586,0.5819691,0.2132517,0.1654633
484,0.03998708,0.5805492,0.2113968,0.1680668
485,0.04035849,0.5804842,0.2097742,0.1693832
486,0.04054467,0.5809191,0.2086058,0.1699305
487,0.04062376,0.581447,0.2078748,0.1700543
488,0.04064581,0.5819091,0.2074734,0.1699717
489,0.04064159,0.5822693,0.2072753,0.1698139
490,0.04062872,0.582544,0.2071736,0.1696536
491,0.04061719,0.5827647,0.2070872,0.1695308
492,0.04061219,0.5829616,0.2069615,0.1694648
493,0.04192394,0.5727482,0.2104672,0.1748607
494,0.04282772,0.5677041,0.2109721,0.178496
495,0.04341272,0.5655086,0.2103159,0.1807628
496,0.04378341,0.5648265,0.2092498,0.1821402
497,0.04401749,0.5648858,0.2081235,0.1829731
498,0.04416894,0.5652655,0.2070715,0.183494
499,0.04427259,0.5657511,0.206129,0.1838473
500,0.04434916,0.5662422,0.2052946,0.184114
501,0.04441015,0.5666968,0.2045582,0.1843349
502,0.04446238,0.5671015,0.2039032,0.184533
503,0.04450899,0.5674563,0.2033188,0.184716
504,0.0445513,0.5677657,0.2027977,0.1848853
505,0.04278746,0.5820339,0.1975183,0.1776603
506,0.04172082,0.5884599,0.1964134,0.1734059
507,0.04111009,0.5911155,0.1966871,0.1710872
508,0.04076916,0.5919937,0.1973513,0.1698859
509,0.04058562,0.5920936,0.1980053,0.1693155
510,0.04049161,0.5919001,0.1985204,0.1690879
511,0.04044665,0.5916337,0.1988848,0.1690349
512,0.04042716,0.591383,0.199128,0.1690618
513,0.04041971,0.5911744,0.1992888,0.1691171
514,0.04041677,0.5910078,0.1994025,0.1691728
515,0.0404144,0.5908737,0.1994959,0.169216
516,0.04041075,0.5907609,0.1995868,0.1692415
517,0.04039558,0.590547,0.1998801,0.1691773
518,0.04037585,0.5903224,0.2002246,0.1690771
519,0.04036237,0.5901058,0.2005213,0.1690106
520,0.04034986,0.5899102,0.200791,0.1689489
521,0.04033699,0.5897358,0.2010419,0.1688852
522,0.04032339,0.5895799,0.2012787,0.1688179
523,0.04030915,0.5894399,0.2015037,0.1687472
524,0.04029453,0.5893138,0.2017169,0.1686748
525,0.04027988,0.5892001,0.2019175,0.1686025
526,0.04026551,0.5890983,0.2021041,0.1685321
527,0.04025178,0.589008,0.2022745,0.1684657
528,0.04023908,0.5889292,0.2024263,0.1684053
529,0.0404949,0.5868962,0.2031236,0.1694853
530,0.04066101,0.5859604,0.2032006,0.1701779
531,0.04075749,0.5855865,0.2030941,0.1705619
532,0.04081221,0.5854852,0.2029342,0.1707683
533,0.0408424,0.5855055,0.2027767,0.1708754
534,0.04085912,0.5855724,0.2026365,0.1709319
535,0.04086921,0.5856519,0.2025116,0.1709673
536,0.04087661,0.5857307,0.2023945,0.1709982
537,0.0408835,0.5858051,0.2022785,0.171033
538,0.04089086,0.585875,0.2021593,0.1710748
539,0.040899,0.5859417,0.2020352,0.171124
540,0.04090788,0.5860059,0.2019067,0.1711795
541,0.04221961,0.575575,0.2056155,0.1765899
542,0.04311476,0.5703126,0.2063856,0.180187
543,0.04368939,0.5678992,0.2060097,0.1824017
544,0.04404292,0.5670086,0.2052623,0.1836861
545,0.04425252,0.5668652,0.204499,0.1843833
546,0.04437314,0.5670439,0.2038515,0.1847315
547,0.04444136,0.5673287,0.2033442,0.1848858
548,0.04448023,0.5676216,0.2029577,0.1849405
549,0.04450366,0.5678857,0.2026601,0.1849505
550,0.0445198,0.5681135,0.20242,0.1849467
551,0.04453304,0.5683093,0.2022135,0.1849442
552,0.04454553,0.568481,0.2020244,0.1849492
553,0.04448057,0.569132,0.2017614,0.184626
554,0.04444032,0.5694774,0.2016697,0.1844126
555,0.04442309,0.5696681,0.2015989,0.1843099
556,0.04441922,0.5697888,0.2015215,0.1842705
557,0.04442314,0.5698814,0.2014276,0.1842679
558,0.04443121,0.5699657,0.201318,0.1842851
559,0.04444116,0.5700496,0.2011979,0.1843113
560,0.04445158,0.570135,0.2010735,0.1843399
561,0.04446173,0.5702213,0.2009496,0.1843674
562,0.0444714,0.5703072,0.2008285,0.1843929
563,0.04448054,0.5703917,0.2007114,0.1844164
564,0.04448915,0.570474,0.2005987,0.184438
565,0.04685034,0.5525209,0.2065158,0.1941129
566,0.04854563,0.5427042,0.2078739,0.2008763
567,0.04967751,0.5377343,0.2073905,0.2051977
568,0.05039727,0.5355616,0.2062577,0.2077834
569,0.05083507,0.5348881,0.2050563,0.2092206
570,0.05109159,0.5349433,0.2040145,0.2099505
571,0.05123844,0.5353023,0.203181,0.2102783
572,0.05132303,0.5357507,0.2025266,0.2103997
573,0.05137486,0.5361937,0.202,0.2104314
574,0.05141089,0.5365992,0.2015539,0.2104361
575,0.05144038,0.5369627,0.2011525,0.2104444
576,0.05146785,0.537291,0.2007727,0.2104685
577,0.0475604,0.5666177,0.1912338,0.1945881
578,0.04526647,0.5796123,0.1896104,0.1855108
579,0.04398334,0.5849196,0.1904364,0.1806607
580,0.0432707,0.586712,0.1918745,0.1781429
581,0.04288235,0.5869851,0.1932217,0.1769108
582,0.04267692,0.5866836,0.1942666,0.1763728
583,0.04257249,0.5862336,0.1950002,0.1761936
584,0.04252191,0.5858073,0.1954846,0.1761862
585,0.04249851,0.5854568,0.1957953,0.1762493
586,0.04248746,0.5851846,0.1959981,0.1763299
587,0.04248083,0.5849742,0.1961428,0.1764021
588,0.04247465,0.5848068,0.1962637,0.1764549
589,0.04173581,0.5904627,0.1942933,0.1735082
590,0.0412673,0.5930149,0.1940145,0.1717033
591,0.04098029,0.5940115,0.1943533,0.170655
592,0.04080611,0.5942454,0.1948841,0.1700644
593,0.04069992,0.5941355,0.1954256,0.169739
594,0.04063341,0.5938926,0.1959144,0.1695596
595,0.04058922,0.5936156,0.1963399,0.1694553
596,0.04055698,0.5933467,0.1967115,0.1693849
597,0.0405307,0.5931002,0.1970431,0.169326
598,0.04050728,0.5928776,0.1973469,0.1692683
599,0.0404852,0.5926757,0.1976314,0.1692076
600,0.04046391,0.592491,0.197901,0.169144
601,0.04010223,0.5948577,0.1973967,0.1676434
602,0.03986733,0.5958129,0.1976264,0.1666934
603,0.03972282,0.5960815,0.1980557,0.1661401
604,0.03963453,0.5960363,0.198501,0.1658281
605,0.03958127,0.5958686,0.1988858,0.1656643
606,0.03954982,0.5956713,0.199187,0.165592
607,0.03953203,0.5954854,0.1994056,0.1655769
608,0.03952303,0.5953256,0.1995522,0.1655991
609,0.03951981,0.5951932,0.1996408,0.1656462
610,0.03952042,0.5950854,0.199684,0.1657102
611,0.03952361,0.5949977,0.1996928,0.1657859
612,0.03952851,0.5949256,0.1996764,0.1658694
613,0.04268065,0.5698001,0.2085184,0.1790008
614,0.04499927,0.5560017,0.2105438,0.1884552
615,0.046574,0.5490346,0.2097593,0.1946321
616,0.04758425,0.5460469,0.2079769,0.198392
617,0.04819829,0.5451866,0.206108,0.2005072
618,0.04855328,0.5453376,0.2045223,0.2015869
619,0.04874961,0.545881,0.2033048,0.2020645
620,0.04885498,0.5465084,0.2024135,0.2022232
621,0.04891206,0.5470883,0.2017643,0.2022354
622,0.0489464,0.5475802,0.2012738,0.2021996
623,0.04897205,0.5479858,0.2008767,0.2021655
624,0.04899596,0.5483218,0.2005282,0.2021539
625,0.04681779,0.5652168,0.1947681,0.1931974
626,0.04548297,0.5731664,0.1935,0.1878507
627,0.04470928,0.57665,0.1937599,0.1848808
628,0.04427297,0.5779635,0.1944559,0.1833076
629,0.04403598,0.5782856,0.195144,0.1825344
630,0.04391379,0.5782046,0.1956798,0.1822017
631,0.04385541,0.5779981,0.1960489,0.1820976
632,0.04383068,0.577785,0.1962838,0.1821005
633,0.04382232,0.5776066,0.1964272,0.1821439
634,0.04382069,0.5774693,0.196517,0.1821929
635,0.04382071,0.5773662,0.1965821,0.182231
636,0.04381981,0.577287,0.1966421,0.182251
637,0.04403955,0.5754893,0.1973077,0.1831633
638,0.04417751,0.5745631,0.1975538,0.1837056
639,0.04425902,0.5741021,0.1976383,0.1840005
640,0.04430237,0.5738837,0.1976833,0.1841305
641,0.04432096,0.5737821,0.1977421,0.1841549
642,0.04432384,0.57373,0.197833,0.1841132
643,0.04431699,0.5736942,0.1979581,0.1840308
644,0.04430413,0.57366,0.1981124,0.1839234
645,0.04428766,0.5736222,0.1982895,0.1838007
646,0.04426918,0.5735797,0.1984813,0.1836697
647,0.04424983,0.5735344,0.1986806,0.1835352
648,0.04423045,0.5734879,0.1988804,0.1834013
649,0.04146293,0.5946557,0.191858,0.1720234
650,0.03984872,0.6034569,0.1911304,0.165564
651,0.03893695,0.6066806,0.1923017,0.1620808
652,0.03842543,0.6074347,0.1938821,0.1602579
653,0.03814297,0.6071907,0.1953064,0.1593598
654,0.03799028,0.6066269,0.1964167,0.1589663
655,0.03790953,0.6060324,0.197221,0.158837
656,0.03786726,0.6055123,0.1977834,0.158837
657,0.03784455,0.6050881,0.1981752,0.1588922
658,0.03783085,0.6047482,0.1984576,0.1589634
659,0.03782056,0.6044722,0.198676,0.1590312
660,0.03781088,0.6042402,0.1988614,0.1590874
661,0.03788381,0.603498,0.1991207,0.1594974
662,0.03792708,0.6031217,0.1991802,0.1597711
663,0.03794503,0.602915,0.1992211,0.1599189
664,0.03794815,0.6027787,0.1992802,0.1599929
665,0.03794234,0.6026655,0.1993708,0.1600213
666,0.03793133,0.602554,0.1994927,0.1600219
667,0.0379175,0.6024369,0.1996395,0.1600061
668,0.03790237,0.6023132,0.1998031,0.1599814
669,0.03788691,0.6021844,0.1999761,0.1599525
670,0.03787173,0.6020533,0.200152,0.159923
671,0.03785729,0.6019222,0.2003253,0.1598952
672,0.03784393,0.6017931,0.2004917,0.1598714
673,0.03781711,0.6015058,0.2009331,0.159744
674,0.03779423,0.6012375,0.2013301,0.1596383
675,0.03778209,0.6010001,0.2016212,0.1595967
676,0.03777424,0.6008021,0.2018414,0.1595822
677,0.0377693,0.6006389,0.202005,0.1595868
678,0.03776672,0.6005043,0.2021222,0.1596068
679,0.0377662,0.6003928,0.2022009,0.1596401
680,0.03776746,0.6002998,0.202248,0.1596847
681,0.03777022,0.6002219,0.2022689,0.1597389
682,0.0377743,0.6001561,0.2022684,0.1598012
683,0.03777941,0.6000998,0.202251,0.1598698
684,0.03778523,0.6000508,0.2022212,0.1599427
685,0.0397862,0.5836403,0.2082369,0.1683366
686,0.04117857,0.575215,0.2095765,0.1740299
687,0.04208194,0.5712832,0.2090654,0.1775696
688,0.04263908,0.5697819,0.2079543,0.1796247
689,0.04296715,0.5694792,0.2068256,0.1807281
690,0.04315259,0.5696917,0.2058929,0.1812628
691,0.04325429,0.5700724,0.2051906,0.1814828
692,0.04330974,0.5704647,0.2046802,0.1815453
693,0.04334168,0.5708121,0.2043045,0.1815416
694,0.04336312,0.5711043,0.2040107,0.1815218
695,0.04338098,0.5713498,0.2037595,0.1815097
696,0.04339854,0.5715616,0.2035254,0.1815144
697,0.04075467,0.5927105,0.1959786,0.1705563
698,0.0392233,0.6016328,0.1947531,0.1643909
699,0.03836754,0.605049,0.1954675,0.161116
700,0.0378953,0.6060145,0.1966453,0.159445
701,0.03764097,0.6059736,0.1977273,0.1586581
702,0.03750855,0.605592,0.1985552,0.1583442
703,0.0374423,0.6051552,0.1991331,0.1582696
704,0.03741019,0.6047672,0.1995192,0.1583034
705,0.03739429,0.6044515,0.1997785,0.1583756
706,0.03738479,0.6041999,0.1999656,0.1584497
707,0.03737659,0.6039945,0.2001202,0.1585087
708,0.03736718,0.6038184,0.2002691,0.1585454
709,0.03840204,0.5950451,0.2036228,0.16293
710,0.03908119,0.5907394,0.2044494,0.1657299
711,0.03949631,0.5887975,0.2043446,0.1673616
712,0.03973399,0.5880579,0.2039836,0.1682246
713,0.03985848,0.5878705,0.2036619,0.1686091
714,0.03991423,0.5878972,0.2034762,0.1687124
715,0.0399305,0.5879778,0.2034296,0.168662
716,0.0399259,0.5880482,0.2034882,0.1685378
717,0.03991196,0.5880908,0.2036083,0.1683889
718,0.03989569,0.5881094,0.2037501,0.1682448
719,0.03988134,0.5881148,0.2038805,0.1681234
720,0.03987138,0.5881184,0.2039751,0.1680351
721,0.04141629,0.575612,0.208551,0.1744207
722,0.04247783,0.5692453,0.2095972,0.1786798
723,0.0431637,0.5663036,0.2092254,0.1813074
724,0.04359131,0.5652081,0.2083524,0.1828482
725,0.0438527,0.5650319,0.2073981,0.1837172
726,0.04401355,0.5652659,0.2065175,0.184203
727,0.04411716,0.5656511,0.2057419,0.1844899
728,0.04419018,0.5660683,0.2050552,0.1846863
729,0.04424777,0.5664698,0.2044322,0.1848502
730,0.04429772,0.5668423,0.2038529,0.1850071
731,0.04434353,0.5671856,0.2033058,0.1851651
732,0.04438633,0.5675034,0.2027871,0.1853232
733,0.04183022,0.5880861,0.1952981,0.1747856
734,0.04033461,0.5970179,0.1938426,0.1688048
735,0.03949208,0.6005825,0.1943196,0.1656056
736,0.03902384,0.6017029,0.1953099,0.1639634
737,0.0387695,0.6017864,0.1962615,0.1631826
738,0.03863543,0.6014943,0.1970064,0.1628639
739,0.03856698,0.6011179,0.1975358,0.1627792
740,0.03853266,0.6007696,0.1978966,0.1628011
741,0.03851469,0.6004792,0.1981456,0.1628605
742,0.03850328,0.6002432,0.1983322,0.1629213
743,0.03849329,0.6000471,0.1984934,0.1629663
744,0.03848217,0.5998756,0.1986541,0.1629882
745,0.04198635,0.5712443,0.209095,0.1776744
746,0.0445874,0.5551949,0.2119167,0.188301
747,0.0463635,0.5468778,0.2115195,0.1952392
748,0.04749681,0.5431379,0.2099814,0.1993839
749,0.04816959,0.5418813,0.2083627,0.2015864
750,0.0485363,0.5418237,0.2070959,0.2025441
751,0.04871393,0.5422433,0.2062716,0.2027711
752,0.04878437,0.5427777,0.2058191,0.2026188
753,0.04880165,0.5432738,0.2056105,0.202314
754,0.04879977,0.5436888,0.2055158,0.2019957
755,0.04879888,0.5440305,0.2054271,0.2017434
756,0.04880971,0.5443248,0.2052688,0.2015967
757,0.04699712,0.5585728,0.2003638,0.1940664
758,0.04588738,0.5654264,0.1991078,0.1895784
759,0.04525708,0.5685651,0.1990272,0.1871506
760,0.04491861,0.5698926,0.1992376,0.1859512
761,0.04475272,0.570393,0.199397,0.1854573
762,0.04468458,0.5705566,0.1994146,0.1853442
763,0.04466841,0.5706123,0.1993024,0.185417
764,0.04467709,0.5706546,0.199105,0.1855633
765,0.04469536,0.5707132,0.1988689,0.1857226
766,0.04471515,0.5707898,0.19863,0.185865
767,0.04473252,0.5708762,0.1984132,0.185978
768,0.04474586,0.5709631,0.1982328,0.1860581
769,0.04167811,0.5947422,0.190103,0.1734767
770,0.03990231,0.6046109,0.1890944,0.1663923
771,0.03890489,0.6082394,0.1902554,0.1626004
772,0.03834489,0.6091086,0.1919299,0.1606166
773,0.03803256,0.6088538,0.193488,0.1596256
774,0.0378593,0.6082264,0.194746,0.1591682
775,0.0377624,0.6075493,0.1957039,0.1589844
776,0.03770578,0.6069403,0.1964251,0.1589288
777,0.03766903,0.6064259,0.1969832,0.1589218
778,0.03764095,0.6059957,0.1974411,0.1589223
779,0.03761559,0.6056283,0.1978461,0.1589099
780,0.03758997,0.6053033,0.1982304,0.1588762
781,0.03753738,0.6051485,0.1986117,0.1587025
782,0.03749146,0.6049085,0.1990564,0.1585438
783,0.03745154,0.604632,0.1995132,0.1584032
784,0.03741471,0.6043448,0.1999722,0.1582683
785,0.03737997,0.6040593,0.2004242,0.1581365
786,0.03734725,0.6037828,0.2008603,0.1580096
787,0.03731697,0.6035203,0.201271,0.1578918
788,0.0372898,0.6032755,0.2016465,0.1577882
789,0.03726645,0.6030514,0.201978,0.1577042
790,0.03724761,0.6028508,0.2022572,0.1576445
791,0.03723384,0.6026759,0.2024771,0.1576132
792,0.03722551,0.6025285,0.2026329,0.1576131
793,0.03837505,0.593199,0.2059265,0.1624995
794,0.039153,0.5887686,0.2063113,0.1657671
795,0.03963977,0.5869226,0.2056909,0.1677468
796,0.03993638,0.586382,0.2047697,0.1689119
797,0.04011372,0.5864367,0.2038669,0.1695827
798,0.04021997,0.5867178,0.2030907,0.1699715
799,0.04028588,0.5870498,0.2024541,0.1702102
800,0.04033002,0.5873602,0.2019344,0.1703753
801,0.04036287,0.5876264,0.2015024,0.1705083
802,0.04038991,0.5878478,0.201134,0.1706284
803,0.04041371,0.5880313,0.2008121,0.1707429
804,0.04043532,0.5881848,0.2005267,0.1708532
805,0.03667201,0.618541,0.1896115,0.1551754
806,0.03464519,0.6297562,0.1885968,0.1470019
807,0.03355893,0.6332912,0.1902785,0.1428714
808,0.03297112,0.6337233,0.1924671,0.1408385
809,0.03265495,0.6330323,0.1943959,0.1399168
810,0.032487,0.6320596,0.1958768,0.1395766
811,0.03239852,0.6311311,0.1969423,0.1395281
812,0.03235106,0.6303433,0.1976924,0.1396132
813,0.03232338,0.6296991,0.1982301,0.1397474
814,0.03230409,0.6291696,0.1986388,0.1398876
815,0.0322872,0.6287206,0.1989793,0.1400128
816,0.03226975,0.6283237,0.1992927,0.1401139
817,0.0344458,0.6087942,0.2072108,0.1495492
818,0.03594935,0.5989648,0.2091637,0.1559221
819,0.03690813,0.5945064,0.2087664,0.1598192
820,0.03747739,0.5928648,0.207673,0.1619847
821,0.03778774,0.5925375,0.2066474,0.1630273
822,0.03793659,0.5927163,0.2059563,0.1633908
823,0.03799095,0.5930128,0.2056215,0.1633747
824,0.03799454,0.5932706,0.2055627,0.1631721
825,0.03797501,0.5934499,0.2056715,0.1629036
826,0.03794939,0.5935618,0.2058459,0.1626429
827,0.03792801,0.5936345,0.2060027,0.1624348
828,0.03791677,0.5936965,0.2060825,0.1623043
829,0.03864149,0.587881,0.2081476,0.1653299
830,0.03913394,0.5851983,0.208318,0.1673498
831,0.03945421,0.58416,0.2077609,0.1686249
832,0.03966542,0.5839558,0.2069307,0.1694482
833,0.03980964,0.5841405,0.2060427,0.1700071
834,0.03991384,0.5844817,0.2051875,0.1704169
835,0.03999404,0.5848648,0.2043986,0.1707425
836,0.04005921,0.5852383,0.2036856,0.1710169
837,0.04011407,0.5855814,0.2030494,0.1712551
838,0.04016102,0.5858881,0.2024878,0.1714631
839,0.04020122,0.5861585,0.2019977,0.1716426
840,0.04023536,0.5863947,0.2015757,0.1717943
841,0.03946261,0.5929741,0.199038,0.1685254
842,0.03898666,0.5959648,0.1984867,0.1665618
843,0.03871015,0.5972045,0.1986111,0.1654742
844,0.0385536,0.5976089,0.198939,0.1648986
845,0.03846733,0.5976453,0.1992756,0.1646117
846,0.03842064,0.5975419,0.199559,0.1644785
847,0.03839499,0.5974016,0.1997847,0.1644187
848,0.03837942,0.5972654,0.1999686,0.1643867
849,0.03836768,0.5971451,0.2001302,0.1643571
850,0.03835638,0.5970399,0.2002867,0.164317
851,0.03834384,0.5969448,0.2004506,0.1642608
852,0.03832931,0.5968547,0.2006295,0.1641866
853,0.03917911,0.5896892,0.2033748,0.1677569
854,0.03973449,0.5862026,0.2040531,0.1700099
855,0.04006958,0.5846577,0.2039943,0.1712784
856,0.04025843,0.5840985,0.2037346,0.1719084
857,0.04035481,0.583993,0.2035065,0.1721457
858,0.04039583,0.5840645,0.2033828,0.1721568
859,0.04040589,0.5841828,0.2033613,0.1720499
860,0.04040057,0.5842948,0.2034118,0.1718929
861,0.0403895,0.5843856,0.2034976,0.1717273
862,0.04037854,0.5844583,0.2035851,0.1715781
863,0.04037106,0.5845214,0.2036482,0.1714594
864,0.04036877,0.5845837,0.2036694,0.1713781
865,0.03735717,0.6091681,0.1947367,0.158738
866,0.03567913,0.6188092,0.1936025,0.1519091
867,0.03476242,0.6221437,0.1947163,0.1483774
868,0.03426577,0.6228238,0.1962808,0.1466297
869,0.03400319,0.6224943,0.1976531,0.1458494
870,0.03386971,0.621877,0.1986723,0.145581
871,0.03380546,0.6212614,0.199364,0.1455692
872,0.03377648,0.6207402,0.1998105,0.1456728
