EwEVersion,"6.5.13829.0 (compiled 2016-05-17)"
Date,"2016-09-06 16:05:38"
ModelName,Baltic_Proper-SEALS
EcosimScenario,Proper1_SealVuln100_19742100_seal0_cofF03
TimeSeries,new_data_weights_19742100_BAU_WAR1_codF03_seal0
StartYear,1974

Data,"Prey of microzooplankton"

TimeStep,"Cyanobacteria","Phytoplankton","Detritus-water column",
1,0.0008785255,0.5158164,0.483305
2,0.0008198718,0.5461308,0.4530492
3,0.0007911187,0.559675,0.4395338
4,0.0007766321,0.5654632,0.43376
5,0.0007692975,0.567544,0.4316867
6,0.0007655739,0.5678975,0.4313369
7,0.0007636456,0.5675095,0.4317269
8,0.0007625802,0.5668615,0.4323759
9,0.000761907,0.5661771,0.433061
10,0.0007613972,0.5655503,0.4336883
11,0.0007609448,0.5650129,0.4342261
12,0.0007605043,0.5645697,0.4346699
13,0.0007726948,0.5569893,0.442238
14,0.0007796324,0.5525923,0.446628
15,0.0007832795,0.5502692,0.4489475
16,0.0007850194,0.5491336,0.4500813
17,0.0007856891,0.5486611,0.4505533
18,0.0007857836,0.5485436,0.4506706
19,0.000785586,0.5486044,0.45061
20,0.0007852534,0.5487427,0.450472
21,0.0007848715,0.5488992,0.4503159
22,0.0007844871,0.5490368,0.4501787
23,0.0007841254,0.54913,0.4500859
24,0.0007838001,0.549161,0.4500553
25,0.0007128019,0.5897602,0.4095269
26,0.0006786226,0.6086188,0.3907025
27,0.0006622651,0.6165195,0.3828183
28,0.0006541656,0.6195205,0.3798254
29,0.0006501475,0.6201601,0.3791896
30,0.0006481193,0.6197114,0.3796404
31,0.000647025,0.6188141,0.3805389
32,0.0006463414,0.6177795,0.3815742
33,0.0006458191,0.6167487,0.3826056
34,0.0006453432,0.6157827,0.3835718
35,0.0006448679,0.6149006,0.3844546
36,0.0006443789,0.6141027,0.385253
37,0.0006596078,0.6041189,0.3952215
38,0.0006681603,0.5983189,0.401013
39,0.0006726586,0.5951243,0.404203
40,0.0006748312,0.593407,0.4059182
41,0.0006757187,0.5924977,0.4068265
42,0.0006759249,0.5920126,0.4073115
43,0.0006757871,0.5917385,0.4075857
44,0.0006754881,0.5915613,0.4077632
45,0.0006751236,0.591422,0.4079029
46,0.0006747452,0.591285,0.4080403
47,0.0006743785,0.5911316,0.408194
48,0.0006740356,0.590951,0.4083749
49,0.0006902047,0.580917,0.4183927
50,0.0006995352,0.5751517,0.4241487
51,0.0007046558,0.5720504,0.427245
52,0.0007073484,0.5704288,0.4288639
53,0.0007086944,0.5695848,0.4297064
54,0.0007093266,0.5691155,0.4301751
55,0.0007096,0.568802,0.4304884
56,0.0007097046,0.5685337,0.4307567
57,0.0007097368,0.5682601,0.4310302
58,0.0007097391,0.5679685,0.4313217
59,0.0007097299,0.5676601,0.4316302
60,0.0007097147,0.5673422,0.4319481
61,0.0007164612,0.5632625,0.436021
62,0.0007203277,0.5610325,0.4382473
63,0.0007226323,0.5596789,0.4395985
64,0.0007239575,0.5588756,0.4404004
65,0.0007247046,0.5583826,0.4408926
66,0.0007251186,0.5580565,0.4412184
67,0.0007253434,0.5578165,0.4414581
68,0.0007254616,0.5576205,0.4416541
69,0.0007255198,0.5574478,0.4418266
70,0.0007255449,0.5572874,0.4419871
71,0.0007255506,0.557135,0.4421394
72,0.0007255446,0.5569903,0.4422842
73,0.0006834582,0.5824491,0.4168674
74,0.0006619956,0.5949561,0.4043818
75,0.0006510922,0.600673,0.398676
76,0.0006455063,0.6030594,0.3962952
77,0.0006426264,0.6038128,0.3955446
78,0.000641102,0.6038028,0.395556
79,0.0006402352,0.6034724,0.3958874
80,0.0006396708,0.6030402,0.3963202
81,0.0006392344,0.6026087,0.3967521
82,0.0006388441,0.6022214,0.3971397
83,0.0006384642,0.6018935,0.3974681
84,0.0006380806,0.6016264,0.3977355
85,0.000638359,0.6006066,0.3987551
86,0.0006383623,0.5997742,0.3995874
87,0.000637987,0.5993912,0.3999708
88,0.0006374989,0.5992,0.4001625
89,0.0006369815,0.5991187,0.4002444
90,0.0006364623,0.5991138,0.4002498
91,0.0006359489,0.599169,0.4001952
92,0.0006354408,0.5992742,0.4000904
93,0.0006349368,0.5994202,0.3999448
94,0.0006344386,0.5995958,0.3997698
95,0.0006339511,0.5997854,0.3995807
96,0.0006334829,0.59997,0.3993965
97,0.0006227615,0.6064317,0.3929455
98,0.0006168393,0.6097193,0.3896638
99,0.000613515,0.6112985,0.388088
100,0.0006116547,0.6119034,0.387485
101,0.0006106101,0.6119584,0.387431
102,0.0006100217,0.6116984,0.3876915
103,0.0006096922,0.6112546,0.3881357
104,0.000609513,0.6107025,0.388688
105,0.0006094241,0.610088,0.3893026
106,0.0006093885,0.6094443,0.3899463
107,0.0006093818,0.6087966,0.390594
108,0.0006093866,0.6081647,0.3912258
109,0.0006286778,0.5952079,0.4041635
110,0.0006399935,0.5875785,0.4117814
111,0.0006462695,0.5834679,0.4158859
112,0.0006496438,0.5813385,0.418012
113,0.0006513968,0.5802956,0.419053
114,0.0006522772,0.5798237,0.419524
115,0.0006527055,0.5796369,0.4197104
116,0.0006529086,0.5795842,0.4197629
117,0.0006530036,0.579589,0.419758
118,0.0006530487,0.5796157,0.4197313
119,0.000653072,0.579648,0.4196989
120,0.0006530865,0.5796789,0.419668
121,0.0006465263,0.5839973,0.4153562
122,0.000642908,0.5863689,0.4129882
123,0.0006410362,0.5874959,0.4118631
124,0.0006400722,0.5879971,0.4113629
125,0.0006395831,0.5881768,0.4111835
126,0.0006393337,0.5881987,0.4111619
127,0.0006391992,0.588149,0.4112119
128,0.0006391153,0.588071,0.4112899
129,0.0006390518,0.5879853,0.4113756
130,0.0006389939,0.5879008,0.4114601
131,0.0006389361,0.5878209,0.4115402
132,0.0006388758,0.5877466,0.4116145
133,0.0006936348,0.5539035,0.4454029
134,0.0007288627,0.53367,0.4656011
135,0.0007507708,0.5221894,0.4770599
136,0.0007637936,0.5164051,0.4828311
137,0.000771332,0.5139412,0.4852875
138,0.0007756632,0.5132437,0.4859807
139,0.0007782071,0.5133715,0.4858502
140,0.0007798016,0.5137919,0.4854283
141,0.000780919,0.5142239,0.4849951
142,0.000781819,0.5145272,0.484691
143,0.0007826356,0.514645,0.4845723
144,0.0007834332,0.5145658,0.4846507
145,0.0007134795,0.5573161,0.4419704
146,0.0006796734,0.5767962,0.4225242
147,0.0006628306,0.5853823,0.4139548
148,0.0006542468,0.5888859,0.4104599
149,0.0006498031,0.5900308,0.4093194
150,0.0006474479,0.5901346,0.409218
151,0.0006461459,0.589825,0.409529
152,0.0006453752,0.5893883,0.4099663
153,0.000644874,0.5889466,0.4104085
154,0.0006445106,0.5885468,0.4108087
155,0.0006442192,0.5882028,0.411153
156,0.0006439659,0.5879158,0.4114402
157,0.0007674716,0.510212,0.4890205
158,0.0008618382,0.4529794,0.5461587
159,0.000929263,0.4148309,0.5842399
160,0.0009752011,0.3913345,0.6076903
161,0.001005397,0.3780965,0.6208981
162,0.001024707,0.371559,0.6274163
163,0.001036843,0.3691057,0.6298575
164,0.001044451,0.3689414,0.6300141
165,0.001049305,0.3699112,0.6290395
166,0.001052532,0.3713154,0.6276321
167,0.001054822,0.3727528,0.6261923
168,0.001056582,0.3740117,0.6249317
169,0.0009734678,0.4240736,0.5749529
170,0.0009275721,0.4502859,0.5487866
171,0.0009042084,0.4613762,0.5377197
172,0.0008911827,0.466313,0.5327958
173,0.0008836553,0.4685967,0.5305197
174,0.0008793157,0.4696118,0.5295089
175,0.0008768507,0.4700747,0.5290484
176,0.000875501,0.4703348,0.5287896
177,0.000874826,0.4705456,0.5285795
178,0.0008745681,0.4707633,0.528362
179,0.0008745719,0.471004,0.5281215
180,0.0008747405,0.4712693,0.5278559
181,0.0008495057,0.4864936,0.5126569
182,0.0008350876,0.495039,0.504126
183,0.0008270711,0.4996827,0.4994902
184,0.0008227373,0.5021558,0.4970214
185,0.0008204882,0.5034615,0.495718
186,0.0008193943,0.5041705,0.49501
187,0.0008189224,0.5046007,0.4945804
188,0.0008187723,0.5049235,0.4942577
189,0.0008187791,0.505229,0.4939522
190,0.0008188548,0.5055605,0.4936206
191,0.0008189543,0.5059379,0.4932432
192,0.000819055,0.5063688,0.4928121
193,0.0008038517,0.5157563,0.4834398
194,0.0007951643,0.5211167,0.4780881
195,0.0007902749,0.5241802,0.4750295
196,0.0007875798,0.5259527,0.4732598
197,0.0007861232,0.5270244,0.4721895
198,0.0007853495,0.5277283,0.4714863
199,0.0007849425,0.5282437,0.4709714
200,0.000784729,0.5286613,0.470554
201,0.0007846172,0.529022,0.4701934
202,0.0007845624,0.5293387,0.4698768
203,0.0007845444,0.529612,0.4696034
204,0.0007845556,0.5298377,0.4693778
205,0.0008512291,0.4908803,0.5082685
206,0.0008961976,0.4656861,0.5334177
207,0.0009251072,0.4506868,0.5483881
208,0.0009429719,0.4424431,0.5566139
209,0.0009536662,0.4383641,0.5606822
210,0.0009599429,0.4366602,0.5623798
211,0.000963629,0.4361841,0.5628523
212,0.0009658685,0.4362494,0.5627847
213,0.0009673383,0.4364784,0.5625543
214,0.0009684066,0.4367015,0.5623301
215,0.0009692678,0.4368591,0.5621716
216,0.0009700163,0.4369493,0.5620806
217,0.0008918723,0.4819497,0.5171585
218,0.0008505007,0.5048288,0.4943208
219,0.0008288735,0.5159796,0.4831915
220,0.000817567,0.5212066,0.4779759
221,0.0008117431,0.5234463,0.475742
222,0.0008088225,0.5242284,0.4749628
223,0.0008074142,0.5243458,0.4748469
224,0.0008067728,0.5241988,0.4749945
225,0.0008065052,0.52398,0.4752135
226,0.000806409,0.5237754,0.4754182
227,0.0008063844,0.5236176,0.4755761
228,0.000806385,0.5235143,0.4756793
229,0.0008198185,0.5159935,0.4831867
230,0.0008279663,0.5117719,0.4874002
231,0.0008328645,0.5094802,0.4896869
232,0.0008357364,0.5083712,0.490793
233,0.000837396,0.5079471,0.4912155
234,0.0008383551,0.5078992,0.4912624
235,0.0008389219,0.5080447,0.4911164
236,0.0008392758,0.5082787,0.490882
237,0.0008395182,0.5085427,0.4906178
238,0.0008397033,0.5088039,0.4903564
239,0.0008398597,0.5090445,0.4901157
240,0.0008400005,0.5092544,0.4899056
241,0.000812599,0.5257418,0.4734456
242,0.0007975001,0.5347655,0.464437
243,0.0007896521,0.5391374,0.460073
244,0.0007856179,0.5411289,0.4580854
245,0.0007835943,0.5418913,0.4573252
246,0.0007826,0.5420454,0.457172
247,0.0007821071,0.5419231,0.4572947
248,0.0007818404,0.5416957,0.4575224
249,0.0007816642,0.5414471,0.4577712
250,0.0007815179,0.5412114,0.4580071
251,0.0007813768,0.5410002,0.4582183
252,0.0007812338,0.5408151,0.4584037
253,0.0007698614,0.5463726,0.4528575
254,0.0007632274,0.549107,0.4501298
255,0.0007590745,0.5506487,0.4485922
256,0.000756528,0.5514033,0.4478401
257,0.0007549579,0.551708,0.4475371
258,0.000753968,0.5517735,0.4474726
259,0.0007533193,0.5517219,0.4475247
260,0.0007528701,0.5516214,0.4476256
261,0.0007525382,0.5515075,0.4477399
262,0.000752276,0.551398,0.4478497
263,0.0007520564,0.5513005,0.4479475
264,0.0007518639,0.5512172,0.4480309
265,0.0008157634,0.5144917,0.4846925
266,0.0008581139,0.4915911,0.5075508
267,0.0008851181,0.4781291,0.5209858
268,0.0009016037,0.4709553,0.528143
269,0.0009113508,0.4676099,0.5314789
270,0.0009170097,0.4664061,0.5326769
271,0.000920308,0.4662723,0.5328074
272,0.0009223092,0.4665667,0.532511
273,0.0009236324,0.4669297,0.5321467
274,0.0009246141,0.4671838,0.5318916
275,0.0009254243,0.4672602,0.5318144
276,0.0009261361,0.4671578,0.5319161
277,0.0009447123,0.4563393,0.5427161
278,0.0009565561,0.4493939,0.5496496
279,0.0009637089,0.4453583,0.5536779
280,0.000967895,0.4431429,0.5558892
281,0.0009702784,0.4420235,0.5570062
282,0.0009716123,0.4415369,0.5574914
283,0.0009723648,0.4413992,0.5576284
284,0.0009728147,0.441444,0.5575832
285,0.0009731212,0.4415788,0.5574481
286,0.0009733702,0.4417544,0.5572723
287,0.0009736052,0.441946,0.5570803
288,0.0009738457,0.4421432,0.556883
289,0.000899617,0.4841149,0.5149856
290,0.0008598764,0.5056533,0.4934868
291,0.0008388259,0.5162772,0.482884
292,0.0008276435,0.5213273,0.4778451
293,0.0008217465,0.5235375,0.4756409
294,0.0008186743,0.5243416,0.4748398
295,0.0008170917,0.5244908,0.4746921
296,0.0008162764,0.5243708,0.474813
297,0.0008158438,0.5241709,0.4750133
298,0.0008155956,0.5239769,0.4752075
299,0.0008154332,0.5238227,0.4753619
300,0.0008153087,0.5237178,0.4754669
301,0.0007498086,0.5611991,0.4380512
302,0.0007170184,0.5790964,0.4201866
303,0.0007002749,0.587409,0.4118908
304,0.000691598,0.5910391,0.4082693
305,0.0006870587,0.5923687,0.4069442
306,0.0006846352,0.592604,0.4067113
307,0.0006832749,0.5923571,0.4069596
308,0.0006824359,0.5919302,0.4073874
309,0.0006818447,0.5914647,0.4078535
310,0.0006813673,0.5910231,0.4082955
311,0.000680942,0.5906262,0.4086929
312,0.0006805431,0.5902761,0.4090435
313,0.0007729144,0.535242,0.4639851
314,0.0008380218,0.4977276,0.5014343
315,0.0008808967,0.4746874,0.5244317
316,0.0009076463,0.4617954,0.537297
317,0.0009235946,0.4554147,0.5436618
318,0.0009327667,0.4528742,0.5461929
319,0.000937931,0.452389,0.5466731
320,0.0009408512,0.4528502,0.546209
321,0.000942581,0.4536106,0.5454468
322,0.0009437047,0.4543314,0.5447249
323,0.0009445257,0.4548565,0.5441989
324,0.0009451889,0.4551398,0.543915
325,0.0009375188,0.4597112,0.5393512
326,0.0009329669,0.4621344,0.5369326
327,0.0009302669,0.463371,0.5356987
328,0.0009286982,0.4639146,0.5351567
329,0.0009277982,0.464098,0.5349742
330,0.0009272918,0.4641212,0.5349516
331,0.000927023,0.4640935,0.5349795
332,0.000926905,0.4640701,0.535003
333,0.0009268889,0.4640748,0.5349983
334,0.0009269501,0.4641098,0.5349633
335,0.0009270713,0.4641718,0.5349011
336,0.0009272396,0.4642563,0.5348164
337,0.0009334639,0.4609914,0.5380751
338,0.0009374319,0.4591367,0.5399259
339,0.0009399483,0.4581644,0.5408956
340,0.0009415549,0.457732,0.5413265
341,0.0009426069,0.4576191,0.5414382
342,0.0009433298,0.457691,0.5413656
343,0.000943862,0.4578678,0.5411884
344,0.0009442865,0.4581039,0.5409518
345,0.0009446521,0.4583734,0.540682
346,0.0009449857,0.4586639,0.540391
347,0.0009453036,0.458968,0.5400866
348,0.0009456146,0.4592802,0.5397741
349,0.0008152933,0.5341244,0.4650602
350,0.0007557583,0.5672451,0.4319991
351,0.0007278759,0.5815338,0.4177383
352,0.0007142774,0.5875492,0.4117365
353,0.0007075843,0.5897073,0.4095851
354,0.0007042627,0.5901002,0.4091955
355,0.0007025567,0.5897489,0.4095485
356,0.0007015951,0.5891431,0.4101553
357,0.0007009566,0.5885041,0.4107949
358,0.0007004465,0.5879216,0.4113779
359,0.0006999818,0.5874227,0.4118774
360,0.0006995308,0.5870076,0.4122929
361,0.0007783372,0.54011,0.4591117
362,0.0008320922,0.5087373,0.4904307
363,0.0008661503,0.4901436,0.5089902
364,0.0008865728,0.4801221,0.5189913
365,0.0008982287,0.4754048,0.523697
366,0.0009045976,0.4737172,0.5253782
367,0.0009079649,0.4736001,0.5254919
368,0.0009097275,0.474182,0.5249084
369,0.0009106872,0.4749732,0.5241161
370,0.0009112805,0.4757101,0.5233786
371,0.0009117262,0.4762651,0.5228232
372,0.000912122,0.4765907,0.5224972
373,0.0009226587,0.4710403,0.528037
374,0.0009292375,0.4676771,0.5313937
375,0.0009332814,0.4656421,0.5334246
376,0.0009357259,0.4643953,0.5346689
377,0.0009371819,0.4636075,0.5354553
378,0.0009380357,0.4630912,0.5359708
379,0.0009385289,0.4627446,0.5363168
380,0.0009388131,0.4625127,0.5365485
381,0.0009389833,0.4623643,0.5366967
382,0.0009390981,0.4622816,0.5367794
383,0.000939195,0.4622508,0.53681
384,0.0009392956,0.4622605,0.5368001
385,0.0009411325,0.4612382,0.5378207
386,0.000942315,0.4606536,0.538404
387,0.00094306,0.4603929,0.5386641
388,0.0009435526,0.4603256,0.5387309
389,0.0009439057,0.4603733,0.5386828
390,0.000944184,0.4604909,0.5385649
391,0.0009444234,0.4606543,0.5384013
392,0.0009446424,0.4608517,0.5382036
393,0.0009448508,0.4610783,0.5379768
394,0.0009450546,0.46133,0.537725
395,0.0009452561,0.4616046,0.5374501
396,0.0009454572,0.4619008,0.5371538
397,0.0009651309,0.4504503,0.5485846
398,0.0009775334,0.4433689,0.5556536
399,0.0009847928,0.4396794,0.5593358
400,0.0009889111,0.4379864,0.5610247
401,0.000991179,0.4374266,0.5615823
402,0.000992406,0.4374712,0.5615364
403,0.0009930814,0.437808,0.5611989
404,0.0009934861,0.4382598,0.5607467
405,0.0009937737,0.4387312,0.5602751
406,0.00099402,0.4391753,0.5598307
407,0.0009942595,0.4395719,0.5594338
408,0.0009945034,0.4399143,0.5590912
409,0.0008981579,0.4939479,0.505154
410,0.0008489662,0.520424,0.4787269
411,0.0008240122,0.5328138,0.4663622
412,0.0008111617,0.538393,0.4607958
413,0.0008045589,0.54062,0.4585755
414,0.0008011843,0.5412478,0.457951
415,0.0007994511,0.5411716,0.458029
416,0.0007985276,0.5408379,0.4583636
417,0.0007979859,0.5404577,0.4587443
418,0.0007976122,0.5401219,0.4590804
419,0.0007973042,0.5398627,0.45934
420,0.0007970151,0.5396851,0.4595179
421,0.0008020544,0.5366738,0.4625242
422,0.0008048934,0.5350612,0.4641339
423,0.0008064432,0.5342288,0.4649647
424,0.0008071976,0.5338827,0.4653102
425,0.0008074859,0.5338175,0.465375
426,0.0008075122,0.5339043,0.4652882
427,0.0008073988,0.5340635,0.4651292
428,0.0008072178,0.534245,0.4649478
429,0.0008070128,0.5344159,0.4647771
430,0.0008068103,0.5345524,0.4646408
431,0.0008066256,0.5346379,0.4645554
432,0.0008064678,0.5346617,0.464532
433,0.0008699024,0.4994177,0.4997124
434,0.0009118721,0.4775251,0.5215631
435,0.0009387585,0.4644929,0.5345683
436,0.0009552474,0.4574073,0.5416374
437,0.0009650703,0.4538998,0.5451351
438,0.0009708432,0.4523471,0.5466821
439,0.0009742707,0.4517235,0.5473022
440,0.0009763964,0.451427,0.5475966
441,0.0009778162,0.4511428,0.5478793
442,0.0009788348,0.4507559,0.5482652
443,0.0009795949,0.4502631,0.5487573
444,0.0009801583,0.4497186,0.5493013
445,0.00098285,0.4488785,0.5501387
446,0.0009845571,0.4487462,0.5502692
447,0.0009859654,0.4485941,0.5504199
448,0.0009871228,0.4484617,0.5505512
449,0.0009880923,0.4483444,0.5506675
450,0.0009889186,0.4482388,0.5507723
451,0.0009896342,0.4481436,0.5508667
452,0.0009902611,0.4480603,0.5509494
453,0.0009908162,0.4479911,0.551018
454,0.0009913131,0.4479353,0.5510734
455,0.000991763,0.4478927,0.5511156
456,0.0009921736,0.4478631,0.5511447
457,0.0009816604,0.45212,0.5468984
458,0.0009752915,0.4535554,0.5454693
459,0.0009706435,0.4546795,0.5443498
460,0.0009672763,0.4555824,0.5434504
461,0.0009648942,0.4562904,0.5427448
462,0.0009632568,0.456836,0.5422007
463,0.0009621646,0.4572612,0.5417766
464,0.000961459,0.4576086,0.54143
465,0.0009610199,0.4579147,0.5411242
466,0.0009607596,0.4582082,0.540831
467,0.0009606159,0.4585098,0.5405296
468,0.000960546,0.4588359,0.5402036
469,0.0008587091,0.5161302,0.4830111
470,0.0008085444,0.543365,0.4558264
471,0.0007837474,0.5558223,0.4433939
472,0.0007712101,0.5613565,0.4378723
473,0.000764846,0.5635532,0.435682
474,0.000761601,0.5641793,0.4350592
475,0.0007599025,0.5641202,0.43512
476,0.0007589441,0.5638106,0.4354305
477,0.0007583213,0.5634522,0.4357894
478,0.0007578392,0.5631293,0.4361129
479,0.0007574109,0.5628665,0.4363761
480,0.0007570014,0.5626624,0.4365806
481,0.0008007916,0.5365938,0.4626054
482,0.0008283877,0.5202941,0.4788775
483,0.0008444674,0.5113696,0.487786
484,0.000853387,0.5068569,0.4922898
485,0.0008580473,0.504878,0.494264
486,0.0008603028,0.5042582,0.4948814
487,0.000861274,0.5043027,0.494836
488,0.000861603,0.5046222,0.4945162
489,0.0008616401,0.5050088,0.4941296
490,0.000861564,0.5053625,0.493776
491,0.0008614628,0.5056381,0.4935004
492,0.0008613752,0.5058196,0.493319
493,0.0008831267,0.4935653,0.5055516
494,0.0008966213,0.4862123,0.512891
495,0.0009046664,0.4820926,0.5170027
496,0.0009093304,0.4798959,0.5191948
497,0.0009119763,0.478783,0.520305
498,0.0009134643,0.4782411,0.5208454
499,0.0009143135,0.4779752,0.5211104
500,0.0009148223,0.4778299,0.5212553
501,0.0009151557,0.4777308,0.521354
502,0.0009154059,0.477641,0.5214435
503,0.0009156176,0.4775497,0.5215347
504,0.0009158108,0.4774571,0.521627
505,0.0008870232,0.4936129,0.5055
506,0.0008707249,0.5024176,0.4967117
507,0.0008617594,0.5069088,0.4922294
508,0.0008569355,0.5090416,0.4901015
509,0.0008544133,0.5099246,0.4892209
510,0.0008531392,0.5101796,0.4889672
511,0.0008525192,0.5101458,0.4890017
512,0.0008522265,0.5100004,0.4891474
513,0.0008520868,0.5098307,0.4893172
514,0.0008520096,0.5096782,0.4894698
515,0.0008519519,0.5095577,0.4895903
516,0.0008518949,0.5094724,0.4896756
517,0.0008518909,0.5094768,0.4896712
518,0.0008518873,0.5095298,0.4896184
519,0.0008519266,0.5095364,0.4896116
520,0.0008519589,0.5095447,0.4896033
521,0.0008519728,0.509565,0.4895831
522,0.0008519669,0.5095986,0.4895494
523,0.000851944,0.5096439,0.4895042
524,0.0008519072,0.5096977,0.4894505
525,0.0008518602,0.5097565,0.4893916
526,0.0008518055,0.5098177,0.4893305
527,0.0008517463,0.5098779,0.4892704
528,0.0008516849,0.509934,0.4892144
529,0.0008559166,0.5074721,0.491672
530,0.0008583943,0.5060539,0.4930878
531,0.0008597504,0.5053309,0.4938093
532,0.0008604645,0.5049852,0.4941543
533,0.0008608187,0.5048372,0.494302
534,0.0008609806,0.504783,0.494356
535,0.0008610456,0.5047652,0.4943737
536,0.0008610661,0.5047536,0.4943852
537,0.0008610695,0.5047346,0.4944043
538,0.0008610682,0.5047033,0.4944356
539,0.0008610675,0.5046598,0.4944791
540,0.0008610687,0.5046062,0.4945327
541,0.0008827856,0.4923374,0.5067798
542,0.0008962684,0.4850035,0.5141002
543,0.0009043446,0.4808936,0.5182021
544,0.000909024,0.47875,0.520341
545,0.0009116561,0.4777412,0.5213471
546,0.0009131022,0.4773487,0.5217382
547,0.0009138874,0.4772655,0.5218205
548,0.0009143198,0.4773202,0.5217655
549,0.0009145719,0.4774225,0.5216629
550,0.000914738,0.4775275,0.5215577
551,0.0009148656,0.4776167,0.5214683
552,0.000914977,0.4776852,0.5213998
553,0.0009139767,0.4784071,0.520679
554,0.000913435,0.478847,0.5202395
555,0.0009131993,0.4790696,0.5200173
556,0.0009131288,0.4791756,0.5199113
557,0.0009131447,0.4792197,0.5198672
558,0.0009132014,0.4792333,0.5198536
559,0.0009132736,0.4792344,0.5198523
560,0.0009133484,0.4792331,0.5198536
561,0.0009134197,0.4792337,0.5198529
562,0.0009134866,0.4792367,0.5198499
563,0.0009135488,0.4792418,0.5198447
564,0.0009136065,0.4792485,0.5198379
565,0.0009504659,0.4585559,0.5404937
566,0.0009744135,0.4456319,0.5533937
567,0.0009893695,0.4381132,0.5608975
568,0.0009984004,0.4340373,0.5649644
569,0.001003691,0.4320353,0.566961
570,0.001006714,0.4312055,0.5677878
571,0.001008419,0.430987,0.5680047
572,0.001009387,0.4310503,0.5679403
573,0.001009959,0.4312156,0.5677744
574,0.001010324,0.4313953,0.5675943
575,0.001010585,0.4315514,0.567438
576,0.001010792,0.4316732,0.567316
577,0.0009524541,0.4642036,0.534844
578,0.0009197129,0.4817626,0.5173177
579,0.000901886,0.4906586,0.5084397
580,0.0008922669,0.4949322,0.5041756
581,0.0008871551,0.4967843,0.5023286
582,0.0008844858,0.4974181,0.5016974
583,0.0008831104,0.4974811,0.5016357
584,0.0008824001,0.4973103,0.5018073
585,0.0008820188,0.4970715,0.5020465
586,0.0008817912,0.4968413,0.502277
587,0.0008816298,0.4966493,0.502469
588,0.0008814944,0.4965031,0.5026153
589,0.0008692965,0.5031197,0.496011
590,0.0008621198,0.5068122,0.4923257
591,0.0008579771,0.5087628,0.4903792
592,0.0008556141,0.509728,0.4894164
593,0.0008542702,0.5101607,0.488985
594,0.0008534943,0.5103229,0.4888236
595,0.0008530264,0.5103604,0.4887865
596,0.0008527198,0.5103512,0.4887961
597,0.0008524935,0.5103343,0.4888132
598,0.0008523065,0.5103259,0.4888219
599,0.0008521395,0.5103304,0.4888175
600,0.0008519838,0.5103465,0.4888016
601,0.0008463199,0.5135691,0.4855846
602,0.0008429912,0.5153894,0.4837676
603,0.0008410934,0.5163327,0.4828262
604,0.0008400199,0.5167832,0.4823768
605,0.000839414,0.5169598,0.4822007
606,0.0008390679,0.5169864,0.4821745
607,0.0008388629,0.5169314,0.4822298
608,0.0008387343,0.516831,0.4823303
609,0.0008386474,0.5167046,0.4824568
610,0.0008385823,0.5165631,0.4825984
611,0.000838529,0.5164124,0.4827491
612,0.0008384814,0.5162565,0.482905
613,0.0008906547,0.4864302,0.5126791
614,0.0009248451,0.4674762,0.5315989
615,0.0009462351,0.4563258,0.542728
616,0.0009590666,0.4502309,0.5488101
617,0.0009664614,0.4472165,0.5518171
618,0.0009705683,0.4459568,0.5530726
619,0.0009727821,0.4456176,0.5534096
620,0.0009739604,0.4457068,0.5533193
621,0.0009746038,0.4459533,0.5530721
622,0.0009749921,0.4462188,0.5528062
623,0.000975271,0.4464432,0.5525816
624,0.0009755105,0.4466085,0.552416
625,0.0009422799,0.4653758,0.5336819
626,0.0009230303,0.4758474,0.5232297
627,0.0009122514,0.4813367,0.517751
628,0.0009063562,0.4840391,0.5150545
629,0.0009032276,0.4852346,0.5138622
630,0.0009016292,0.4856557,0.5134426
631,0.0009008524,0.4857097,0.5133895
632,0.0009004987,0.4856137,0.5134857
633,0.0009003519,0.4854773,0.5136224
634,0.0009002978,0.4853508,0.5137488
635,0.0009002797,0.4852542,0.5138456
636,0.0009002704,0.4851925,0.5139071
637,0.0009038213,0.4831664,0.5159297
638,0.0009059706,0.482026,0.517068
639,0.0009072384,0.481425,0.5176677
640,0.0009079605,0.4811535,0.5179384
641,0.0009083564,0.4810762,0.5180155
642,0.0009085616,0.48111,0.5179814
643,0.0009086592,0.4812061,0.5178853
644,0.0009086965,0.4813368,0.5177546
645,0.0009087016,0.4814867,0.5176046
646,0.0009086905,0.4816462,0.5174451
647,0.0009086724,0.4818091,0.5172821
648,0.0009086531,0.481971,0.5171204
649,0.0008641982,0.507036,0.4920999
650,0.0008397975,0.5202671,0.4788931
651,0.0008266295,0.5269007,0.4722726
652,0.0008195952,0.5300296,0.4691508
653,0.0008158942,0.53133,0.4678542
654,0.0008139731,0.531715,0.4674711
655,0.0008129766,0.531674,0.4675131
656,0.0008124418,0.5314606,0.4677269
657,0.0008121252,0.5312,0.4679879
658,0.0008119036,0.5309489,0.4682391
659,0.0008117172,0.5307292,0.4684591
660,0.0008115408,0.5305458,0.4686426
661,0.0008126527,0.5295989,0.4695884
662,0.0008131936,0.5290167,0.4701701
663,0.000813372,0.5287011,0.4704856
664,0.0008133586,0.5285295,0.4706571
665,0.0008132471,0.5284386,0.4707482
666,0.0008130893,0.5283918,0.4707952
667,0.0008129144,0.5283681,0.470819
668,0.0008127378,0.5283555,0.4708317
669,0.0008125671,0.5283473,0.4708402
670,0.0008124059,0.5283391,0.4708485
671,0.0008122562,0.5283281,0.4708596
672,0.000812119,0.5283119,0.470876
673,0.0008120532,0.5283915,0.4707964
674,0.000812007,0.5284454,0.4707426
675,0.0008120153,0.5284119,0.4707761
676,0.0008120225,0.5283524,0.4708356
677,0.000812022,0.5282776,0.4709104
678,0.0008120149,0.5281906,0.4709974
679,0.0008120037,0.5280925,0.4710956
680,0.0008119902,0.5279843,0.4712038
681,0.0008119753,0.5278676,0.4713204
682,0.0008119608,0.5277432,0.4714448
683,0.0008119462,0.527613,0.4715751
684,0.0008119315,0.5274791,0.471709
685,0.0008461515,0.5077862,0.4913677
686,0.0008676789,0.4958358,0.5032966
687,0.0008806668,0.4890881,0.5100312
688,0.0008882143,0.4855551,0.5135567
689,0.0008924571,0.4838921,0.5152153
690,0.0008947801,0.4832469,0.5158583
691,0.0008960363,0.4831103,0.5159936
692,0.0008967267,0.4831958,0.5159075
693,0.0008971325,0.4833525,0.5157503
694,0.0008974046,0.4835073,0.5155953
695,0.0008976181,0.4836311,0.5154713
696,0.0008978081,0.4837169,0.5153852
697,0.000854452,0.5083616,0.490784
698,0.0008307535,0.52129,0.4778793
699,0.0008180095,0.5277215,0.4714605
700,0.0008112328,0.530717,0.4684716
701,0.0008076891,0.531933,0.4672593
702,0.0008058648,0.5322698,0.4669243
703,0.0008049288,0.5322081,0.466987
704,0.0008044332,0.5319957,0.4672
705,0.0008041435,0.5317527,0.4674432
706,0.0008039414,0.5315327,0.4676633
707,0.0008037706,0.5313556,0.4678406
708,0.000803606,0.5312256,0.4679708
709,0.0008215518,0.5207754,0.4784031
710,0.0008323626,0.5147075,0.4844602
711,0.0008386155,0.511437,0.4877245
712,0.000842081,0.5098373,0.4893206
713,0.0008439102,0.5091867,0.4899694
714,0.0008448167,0.5090446,0.4901105
715,0.0008452254,0.5091534,0.4900014
716,0.0008453816,0.5093671,0.4897875
717,0.0008454215,0.5096058,0.4895487
718,0.0008454177,0.5098275,0.4893271
719,0.0008454084,0.5100101,0.4891446
720,0.000845412,0.5101427,0.4890119
721,0.0008714005,0.4954459,0.5036827
722,0.0008876625,0.4866366,0.5124757
723,0.0008974753,0.4816959,0.5174065
724,0.0009032286,0.4790999,0.519997
725,0.0009065346,0.4778383,0.5212552
726,0.000908425,0.4772823,0.5218093
727,0.0009095268,0.4770637,0.5220267
728,0.0009102044,0.4769818,0.522108
729,0.0009106596,0.4769374,0.5221519
730,0.0009109973,0.4768895,0.5221995
731,0.0009112688,0.4768276,0.5222612
732,0.0009114976,0.4767543,0.5223341
733,0.0008698461,0.5002798,0.4988504
734,0.0008467921,0.5127504,0.4864028
735,0.0008342547,0.5190166,0.4801492
736,0.0008275104,0.5219699,0.4772026
737,0.0008239342,0.5231962,0.4759799
738,0.0008220603,0.5235634,0.4756145
739,0.0008210771,0.5235375,0.4756414
740,0.0008205434,0.5233598,0.4758197
741,0.0008202263,0.5231487,0.4760311
742,0.0008200064,0.5229577,0.4762222
743,0.0008198261,0.5228075,0.4763726
744,0.0008196593,0.5227029,0.4764774
745,0.0008784329,0.4889249,0.5101966
746,0.0009174094,0.4673221,0.5317604
747,0.0009420562,0.4545804,0.5444776
748,0.0009569754,0.4476785,0.5513645
749,0.0009656365,0.4443904,0.5546439
750,0.0009704693,0.4431931,0.5558364
751,0.0009730772,0.4431066,0.5559204
752,0.0009744642,0.4435342,0.5554914
753,0.0009752288,0.4441305,0.5548943
754,0.0009757121,0.4447072,0.5543171
755,0.000976097,0.4451704,0.5538535
756,0.0009764719,0.4454833,0.5535402
757,0.0009487983,0.46132,0.5377313
758,0.0009327349,0.4701764,0.5288908
759,0.0009237807,0.474769,0.5243073
760,0.000918947,0.4769546,0.5221264
761,0.0009164439,0.4778377,0.5212459
762,0.0009152151,0.4780618,0.5210229
763,0.0009146542,0.4779885,0.5210968
764,0.0009144234,0.4778104,0.5212752
765,0.0009143431,0.4776222,0.5214635
766,0.0009143236,0.4774646,0.5216211
767,0.0009143223,0.4773509,0.5217348
768,0.0009143226,0.4772814,0.5218043
769,0.000865019,0.5049708,0.4941641
770,0.0008380842,0.5194999,0.4796621
771,0.0008235874,0.5267444,0.472432
772,0.0008158307,0.5301601,0.4690242
773,0.0008117197,0.531598,0.4675902
774,0.000809553,0.5320567,0.4671338
775,0.0008083975,0.5320675,0.4671241
776,0.0008077492,0.5319054,0.4672869
777,0.0008073431,0.5317057,0.4674869
778,0.000807045,0.5315285,0.4676644
779,0.000806791,0.5313971,0.4677961
780,0.0008065519,0.5313165,0.4678769
781,0.0008059466,0.5315254,0.4676687
782,0.0008055079,0.5316759,0.4675187
783,0.0008051801,0.5317829,0.4674119
784,0.0008049127,0.5318767,0.4673183
785,0.0008046813,0.5319665,0.4672288
786,0.0008044751,0.5320525,0.467143
787,0.0008042897,0.5321301,0.4670657
788,0.0008041243,0.5321924,0.4670035
789,0.0008039803,0.5322326,0.4669634
790,0.0008038584,0.532244,0.4669521
791,0.0008037601,0.5322213,0.4669749
792,0.0008036851,0.5321606,0.4670357
793,0.0008233459,0.5206593,0.4785173
794,0.0008352342,0.5138161,0.4853486
795,0.0008420852,0.510065,0.489093
796,0.0008459045,0.5081046,0.4910496
797,0.0008479638,0.5071371,0.492015
798,0.0008490439,0.5066843,0.4924667
799,0.000849603,0.5064749,0.4926755
800,0.000849899,0.5063645,0.4927856
801,0.0008500686,0.5062827,0.4928671
802,0.0008501805,0.506201,0.4929488
803,0.0008502656,0.5061114,0.4930383
804,0.0008503366,0.5060152,0.4931345
805,0.0007863044,0.5425556,0.4566581
806,0.0007535919,0.5603838,0.4388627
807,0.0007367489,0.5687674,0.4304959
808,0.0007280306,0.5724472,0.4268248
809,0.000723527,0.5737879,0.4254886
810,0.0007211904,0.5740083,0.4252705
811,0.000719941,0.5737348,0.4255453
812,0.0007192155,0.5732809,0.4259999
813,0.0007187274,0.5727965,0.4264847
814,0.0007183373,0.5723459,0.4269358
815,0.000717981,0.5719527,0.4273293
816,0.000717631,0.571622,0.4276605
817,0.0007576285,0.5477853,0.4514571
818,0.000782539,0.5333793,0.4658382
819,0.0007972757,0.525367,0.4738357
820,0.0008055593,0.5213192,0.4778753
821,0.0008099665,0.5195794,0.4796107
822,0.0008121589,0.519098,0.4800898
823,0.0008131487,0.5192467,0.4799401
824,0.0008135263,0.5196645,0.4795221
825,0.0008136227,0.5201505,0.4790359
826,0.000813618,0.5205967,0.4785896
827,0.0008136063,0.5209465,0.4782398
828,0.0008136338,0.5211731,0.4780133
829,0.0008260286,0.5141033,0.4850707
830,0.0008335622,0.5099263,0.4892401
831,0.000838013,0.5075852,0.4915768
832,0.0008406267,0.5062802,0.4928791
833,0.0008421767,0.505536,0.4936218
834,0.0008431268,0.5050799,0.4940769
835,0.0008437439,0.5047666,0.4943897
836,0.0008441748,0.5045249,0.4946309
837,0.0008444984,0.5043234,0.4948321
838,0.0008447548,0.5041508,0.4950044
839,0.0008449653,0.5040047,0.4951504
840,0.0008451406,0.5038846,0.4952703
841,0.0008320598,0.5114748,0.4876931
842,0.0008245914,0.5156599,0.4835156
843,0.0008204581,0.5178148,0.4813648
844,0.000818226,0.5188541,0.4803276
845,0.0008170534,0.5193042,0.4798788
846,0.0008164532,0.5194633,0.4797202
847,0.0008161503,0.5194954,0.4796884
848,0.0008159926,0.5194873,0.4796967
849,0.0008158989,0.5194821,0.479702
850,0.0008158289,0.5194989,0.4796853
851,0.0008157638,0.5195445,0.4796398
852,0.0008156956,0.5196198,0.4795646
853,0.0008302863,0.5112301,0.4879397
854,0.0008390839,0.5064136,0.4927473
855,0.0008441771,0.5038953,0.4952605
856,0.0008470176,0.5027378,0.4964152
857,0.0008485394,0.5023473,0.4968041
858,0.0008493215,0.5023614,0.4967893
859,0.0008497085,0.5025669,0.4965834
860,0.0008499001,0.5028427,0.4963074
861,0.0008500075,0.5031223,0.4960276
862,0.0008500903,0.5033705,0.4957794
863,0.0008501781,0.5035703,0.4955795
864,0.0008502841,0.5037152,0.4954345
865,0.0007991753,0.53312,0.4660808
866,0.0007722734,0.5479406,0.4512872
867,0.0007581622,0.5550891,0.4441527
868,0.0007508107,0.5582838,0.4409654
869,0.0007470354,0.5594699,0.4397831
870,0.0007451216,0.5596802,0.4395746
871,0.0007441478,0.5594568,0.4397991
872,0.0007436266,0.5590752,0.4401812
873,0.0007433071,0.558668,0.4405887
874,0.0007430672,0.5582925,0.4409644
875,0.0007428504,0.5579692,0.4412879
876,0.0007426335,0.557702,0.4415554
877,0.0008012741,0.5231757,0.476023
878,0.0008396851,0.5013072,0.4978531
879,0.0008635336,0.4886118,0.5105247
880,0.0008776261,0.4818918,0.5172306
881,0.0008855653,0.4788034,0.5203111
882,0.0008898283,0.4777704,0.5213397
883,0.0008920107,0.4778014,0.5213066
884,0.0008930865,0.4783054,0.5208015
885,0.0008936241,0.4789477,0.5201587
886,0.000893937,0.4795499,0.5195562
887,0.0008941895,0.4800248,0.5190809
888,0.0008944582,0.4803402,0.5187654
889,0.000849904,0.5060626,0.4930875
890,0.0008257819,0.5194376,0.4797366
891,0.0008129706,0.5259912,0.4731959
892,0.0008062936,0.5289416,0.4702521
893,0.000802913,0.5300394,0.4691576
894,0.000801262,0.5302388,0.4689599
895,0.0008004843,0.5300478,0.4691517
896,0.0008001244,0.5297244,0.4694754
897,0.0007999489,0.5293898,0.4698102
898,0.0007998449,0.5290934,0.4701067
899,0.0007997606,0.5288506,0.4703497
900,0.0007996755,0.5286613,0.4705391
901,0.0008061036,0.5247656,0.4744283
902,0.0008098657,0.5225325,0.4766576
903,0.0008119802,0.5213332,0.4778548
904,0.0008131114,0.5207437,0.4784432
905,0.0008136747,0.5205026,0.4786838
906,0.00081392,0.5204542,0.4787319
907,0.0008139943,0.5205095,0.4786766
908,0.0008139798,0.5206185,0.4785676
909,0.0008139216,0.5207543,0.4784318
910,0.0008138439,0.5209027,0.4782835
911,0.0008137595,0.5210548,0.4781314
912,0.0008136761,0.5212047,0.4779817
913,0.0008429434,0.5043548,0.4948021
914,0.0008611972,0.4942798,0.5048591
915,0.0008721055,0.4887361,0.5103919
916,0.0008783943,0.4859454,0.5131763
917,0.0008819085,0.4847288,0.5143893
918,0.0008838324,0.484344,0.5147722
919,0.0008848907,0.4843485,0.5147665
920,0.000885507,0.4844937,0.5146207
921,0.0008859168,0.4846509,0.5144632
922,0.0008862403,0.4847646,0.5143491
923,0.0008865335,0.4848184,0.5142952
924,0.000886817,0.4848161,0.5142971
925,0.0008808849,0.4883539,0.5107653
926,0.0008774851,0.4903284,0.5087941
927,0.0008756481,0.4913283,0.507796
928,0.0008747175,0.4917819,0.5073434
929,0.0008742955,0.4919451,0.5071805
930,0.0008741457,0.4919683,0.5071575
931,0.0008741317,0.4919361,0.5071898
932,0.0008741781,0.4918941,0.5072317
933,0.0008742441,0.4918653,0.5072604
934,0.0008743121,0.4918575,0.5072681
935,0.0008743745,0.4918731,0.5072526
936,0.0008744291,0.4919111,0.5072144
937,0.0008295722,0.5176053,0.4815651
938,0.0008052555,0.5309858,0.468209
939,0.0007922105,0.5376521,0.4615557
940,0.0007852596,0.5407925,0.4584222
941,0.0007815946,0.5421137,0.4571047
942,0.0007796736,0.5425354,0.4566849
943,0.0007786538,0.5425464,0.456675
944,0.0007780823,0.542398,0.4568239
945,0.0007777222,0.5422131,0.4570092
946,0.0007774536,0.5420472,0.4571753
947,0.000777219,0.5419214,0.4573013
948,0.0007769938,0.5418399,0.4573831
949,0.0008067333,0.5244281,0.4747652
950,0.0008250471,0.5140797,0.4850954
951,0.0008358101,0.5084257,0.4907385
952,0.0008418583,0.5056248,0.4935333
953,0.0008450997,0.5044597,0.4946952
954,0.0008467473,0.5041687,0.4949845
955,0.0008475378,0.504298,0.4948545
956,0.0008478989,0.504589,0.4945631
957,0.0008480704,0.5049013,0.4942506
958,0.0008481804,0.5051615,0.4939903
959,0.0008482916,0.5053372,0.4938145
960,0.0008484303,0.5054197,0.4937318
961,0.0008503638,0.504386,0.4947637
962,0.0008516122,0.5037181,0.4954304
963,0.0008524292,0.5032716,0.495876
964,0.000852987,0.5029455,0.4962015
965,0.0008533857,0.5026871,0.4964595
966,0.0008536844,0.50247,0.4966763
967,0.000853916,0.5022826,0.4968635
968,0.0008540993,0.5021206,0.4970253
969,0.0008542461,0.5019826,0.4971632
970,0.0008543636,0.5018675,0.4972781
971,0.0008544574,0.501775,0.4973705
972,0.0008545319,0.5017038,0.4974416
973,0.0007805268,0.544196,0.4550235
974,0.0007435046,0.5645714,0.4346852
975,0.0007247364,0.5740331,0.4252421
976,0.0007151054,0.57818,0.4211049
977,0.0007101519,0.5797147,0.4195752
978,0.0007075825,0.5800052,0.4192873
979,0.0007062022,0.5797469,0.4195468
980,0.0007053946,0.5792858,0.4200088
981,0.000704848,0.5787861,0.4205091
982,0.0007044111,0.5783205,0.4209751
983,0.000704014,0.5779165,0.4213795
984,0.0007036271,0.5775809,0.4217155
985,0.0007171624,0.5690556,0.4302272
986,0.0007249027,0.5641865,0.4350886
987,0.0007290728,0.5616263,0.4376447
988,0.0007311591,0.5604005,0.4388684
989,0.0007320715,0.5599218,0.4393462
990,0.0007323489,0.5598457,0.439422
991,0.000732299,0.5599755,0.4392922
992,0.0007320933,0.5602001,0.4390678
993,0.0007318253,0.560455,0.4388131
994,0.0007315484,0.5606991,0.4385693
995,0.0007312938,0.5609034,0.4383653
996,0.0007310804,0.5610462,0.4382227
997,0.000747635,0.5513739,0.4478785
998,0.0007574193,0.5458686,0.453374
999,0.0007630652,0.5428484,0.4563885
1000,0.0007662344,0.5412607,0.4579731
1001,0.000768004,0.5404206,0.4588114
1002,0.0007690194,0.53993,0.4593011
1003,0.0007696457,0.5395761,0.4596543
1004,0.0007700766,0.5392589,0.4599711
1005,0.000770407,0.5389416,0.460288
1006,0.0007706797,0.538618,0.4606114
1007,0.000770909,0.5382971,0.460932
1008,0.0007710986,0.5379915,0.4612375
1009,0.0008145896,0.5121768,0.4870087
1010,0.0008424165,0.4961968,0.5029607
1011,0.0008594487,0.4870393,0.5121012
1012,0.0008694857,0.4821728,0.5169578
1013,0.0008752106,0.4798499,0.519275
1014,0.000878397,0.478944,0.5201775
1015,0.0008801533,0.4787726,0.5203473
1016,0.000881139,0.478945,0.5201738
1017,0.0008817295,0.4792512,0.5198671
1018,0.0008821291,0.4795862,0.5195317
1019,0.0008824423,0.4799026,0.5192149
1020,0.0008827203,0.4801841,0.5189331
1021,0.0008371531,0.5069576,0.4922052
1022,0.0008123957,0.5210074,0.4781801
1023,0.0007991486,0.5280576,0.4711432
1024,0.0007921378,0.5314221,0.4677858
1025,0.0007884988,0.532876,0.4663356
1026,0.0007866541,0.5333788,0.4658346
1027,0.0007857391,0.5334423,0.4657719
1028,0.0007852884,0.53333,0.4658847
1029,0.0007850573,0.533171,0.4660439
1030,0.0007849216,0.5330247,0.4661904
1031,0.000784821,0.5329141,0.4663011
1032,0.0007847289,0.5328449,0.4663704
1033,0.0007980845,0.5249084,0.4742936
1034,0.000806022,0.5203437,0.4788502
1035,0.0008105307,0.5179517,0.4812378
1036,0.0008129857,0.5168315,0.4823556
1037,0.0008142529,0.5164267,0.482759
1038,0.00081486,0.5164045,0.4827807
1039,0.0008151155,0.5165722,0.4826126
1040,0.0008151957,0.5168228,0.4823621
1041,0.0008151971,0.5170979,0.4820869
1042,0.0008151712,0.5173662,0.4818186
1043,0.0008151455,0.517611,0.4815738
1044,0.0008151331,0.517823,0.4813619
1045,0.0008101438,0.5208831,0.4783068
1046,0.0008072669,0.5226163,0.4765765
1047,0.0008056652,0.5235481,0.4756462
1048,0.0008048192,0.5240076,0.4751876
1049,0.0008044091,0.5241963,0.4749994
1050,0.0008042441,0.524234,0.4749618
1051,0.0008042127,0.5241906,0.4750052
1052,0.0008042504,0.5241064,0.4750893
1053,0.0008043204,0.5240043,0.4751913
1054,0.0008044035,0.5238963,0.4752993
1055,0.0008044884,0.5237898,0.4754057
