EwEVersion,"6.5.13829.0 (compiled 2016-05-17)"
Date,"2016-09-06 16:05:38"
ModelName,Baltic_Proper-SEALS
EcosimScenario,Proper1_SealVuln100_19742100_seal0_cofF03
TimeSeries,new_data_weights_19742100_BAU_WAR1_codF03_seal0
StartYear,1974

Data,"Prey of JuvSprat"

Year,"Temora sp","Acartia sp","Pseudocalanus sp.","other mesozooplankton","Mysids",
1974,0.3451402,0.2707768,0.1844684,0.1990497,0.0005648402
1975,0.3250975,0.2538365,0.1871371,0.23335,0.0005787756
1976,0.2761258,0.2833386,0.1759867,0.264131,0.0004178401
1977,0.275221,0.2803826,0.1771964,0.2667021,0.0004977536
1978,0.269896,0.2996313,0.1700786,0.2600493,0.0003448435
1979,0.2636178,0.3084541,0.1802727,0.2472409,0.0004145102
1980,0.2468263,0.2965945,0.1925558,0.263527,0.0004963504
1981,0.2605394,0.2704063,0.1834121,0.2852356,0.0004065908
1982,0.2564649,0.2900038,0.1636426,0.2897026,0.0001861056
1983,0.294487,0.281399,0.169222,0.2545244,0.0003677589
1984,0.2757836,0.2835797,0.1722284,0.2679752,0.0004331055
1985,0.08639252,0.3691464,0.222342,0.3217172,0.0004018953
1986,0.2328146,0.3183172,0.1995986,0.248779,0.0004904668
1987,0.08856414,0.3633146,0.290276,0.2570094,0.0008358572
1988,0.281819,0.3265213,0.2083598,0.1829248,0.0003751279
1989,0.3423318,0.258968,0.2187569,0.179093,0.0008504399
1990,0.3146132,0.2665181,0.1952927,0.2229427,0.0006333584
1991,0.2917738,0.3195312,0.1864415,0.201893,0.0003604368
1992,0.3457266,0.2901208,0.1753132,0.1882999,0.0005394365
1993,0.2963585,0.2824939,0.2035037,0.2167773,0.0008666607
1994,0.2437358,0.3038847,0.2075773,0.2441069,0.0006953361
1995,0.3272914,0.2741001,0.1843192,0.2136744,0.0006149562
1996,0.1783773,0.3348428,0.2354494,0.2506794,0.0006510487
1997,0.2641739,0.3309515,0.2164816,0.1878323,0.0005606441
1998,0.3232546,0.2784025,0.2113185,0.1862132,0.0008111238
1999,0.3191396,0.2523681,0.2078328,0.2196933,0.0009662083
2000,0.2331279,0.2920122,0.2350823,0.2387512,0.001026382
2001,0.291609,0.3262299,0.1947613,0.1869374,0.0004624444
2002,0.2986826,0.3045106,0.2135968,0.1823982,0.0008117422
2003,0.2131002,0.2943326,0.2309599,0.260634,0.0009732638
2004,0.2050195,0.3022025,0.2369483,0.2548302,0.0009995102
2005,0.2298789,0.3501294,0.2100729,0.2094634,0.0004553359
2006,0.2748786,0.3227256,0.2136242,0.1880817,0.0006898889
2007,0.3156343,0.2955805,0.2076565,0.1803959,0.0007328444
2008,0.3238987,0.2817154,0.1898412,0.2039572,0.0005875364
2009,0.2914834,0.2795891,0.1930091,0.2353625,0.0005557937
2010,0.1628422,0.3710641,0.2222337,0.2435594,0.0003006304
2011,0.09854258,0.4129096,0.2620641,0.2260914,0.0003923032
2012,0.3086684,0.3054363,0.2143745,0.1708776,0.0006431889
2013,0.2763678,0.2805844,0.2115278,0.2308576,0.0006624419
2014,0.3119344,0.278086,0.188781,0.2207111,0.0004874751
2015,0.3251834,0.307649,0.1728071,0.1940456,0.0003148755
2016,0.3475064,0.285142,0.1793086,0.1875228,0.0005201613
2017,0.3306155,0.2771934,0.1885213,0.2030323,0.0006375099
2018,0.3325306,0.2847158,0.1794526,0.2027947,0.0005062329
2019,0.3304787,0.2930941,0.1839322,0.1920062,0.0004887705
2020,0.3349904,0.2910276,0.1875044,0.1859643,0.0005133657
2021,0.3354928,0.2966202,0.1969742,0.1703562,0.000556606
2022,0.358518,0.2771407,0.1933911,0.1703966,0.0005536063
2023,0.3558261,0.2652055,0.1959895,0.182381,0.0005978754
2024,0.3423751,0.2748152,0.1857572,0.1965756,0.0004769333
2025,0.3418488,0.2921549,0.1887276,0.1768139,0.0004548402
2026,0.3634087,0.2823134,0.1838125,0.1699773,0.0004880578
2027,0.3514427,0.2778186,0.1910064,0.1791456,0.0005866384
2028,0.3520212,0.2744103,0.176913,0.196182,0.0004735985
2029,0.3486138,0.2728878,0.1734662,0.2045903,0.0004418949
2030,0.3343252,0.2830171,0.1690538,0.2132145,0.0003893621
2031,0.3273675,0.295992,0.1738911,0.2023113,0.0004381769
2032,0.3462872,0.2828777,0.169673,0.2006766,0.0004854115
2033,0.3276439,0.2818362,0.1769438,0.2130725,0.0005034822
2034,0.3249677,0.2995008,0.1752765,0.1998352,0.0004198611
2035,0.3545249,0.276111,0.1799262,0.1888982,0.0005398231
2036,0.3240866,0.2905675,0.1935136,0.1912903,0.0005419777
2037,0.346708,0.2909885,0.18389,0.177933,0.0004804087
2038,0.3579038,0.2644096,0.1893717,0.1876671,0.0006477156
2039,0.3324916,0.2698129,0.181064,0.2160994,0.0005321318
2040,0.345681,0.2846717,0.1690713,0.2001673,0.0004088058
2041,0.3660041,0.2641885,0.1680251,0.2012899,0.0004924841
2042,0.3256384,0.2726029,0.1751594,0.2261306,0.0004687046
2043,0.3410593,0.2940543,0.1628174,0.2017331,0.0003358707
2044,0.3520024,0.2758513,0.177591,0.1940224,0.0005327718
2045,0.3341343,0.2799022,0.178035,0.2074582,0.000470292
2046,0.3528792,0.27207,0.1663312,0.208286,0.00043356
2047,0.3199698,0.2882465,0.1794645,0.2118844,0.0004347917
2048,0.3491011,0.284627,0.1673279,0.1985306,0.0004134314
2049,0.3436235,0.2731089,0.1806673,0.2020398,0.0005604679
2050,0.3325038,0.2890499,0.1764656,0.201563,0.0004176185
2051,0.3490553,0.283527,0.1824206,0.1845081,0.0004888857
2052,0.3573854,0.2657207,0.1813747,0.1949775,0.0005416549
2053,0.332871,0.2781103,0.1781607,0.2104167,0.0004413936
2054,0.3484834,0.286541,0.1718783,0.1926844,0.0004129886
2055,0.3601834,0.2599935,0.1755284,0.203711,0.0005836257
2056,0.3290686,0.2555719,0.1733897,0.2414614,0.0005084419
2057,0.3198654,0.2907838,0.1573028,0.2317397,0.0003082595
2058,0.3353386,0.2919017,0.1736537,0.1986172,0.0004888033
2059,0.3527567,0.2770044,0.1710884,0.1986482,0.0005022402
2060,0.3434537,0.2738154,0.1753458,0.2069151,0.0004698861
2061,0.3461352,0.2803888,0.1669652,0.2061543,0.0003565547
2062,0.3481397,0.2735988,0.1738577,0.2039373,0.0004664525
2063,0.3378524,0.2775489,0.1759318,0.2081844,0.0004825196
2064,0.3429964,0.2794506,0.1737679,0.2033018,0.000483265
2065,0.3522555,0.2651646,0.1713855,0.2106696,0.0005248046
2066,0.3405637,0.2594223,0.1663178,0.2332258,0.0004704378
2067,0.3189501,0.288313,0.1613848,0.2310206,0.0003314851
2068,0.3403558,0.2909279,0.1683415,0.1999435,0.0004312982
2069,0.352738,0.2709334,0.1723103,0.2035002,0.0005180382
2070,0.3370527,0.2720498,0.1693517,0.2211155,0.0004302034
2071,0.342834,0.2766875,0.1656631,0.2144251,0.0003902689
2072,0.3419044,0.2726666,0.1717797,0.2131796,0.0004697256
2073,0.3407998,0.2781753,0.1668479,0.213759,0.0004179464
2074,0.3374631,0.2795605,0.1663642,0.2161757,0.000436384
2075,0.3375149,0.2668928,0.1639423,0.2311642,0.0004858009
2076,0.3157795,0.2833908,0.1628053,0.237662,0.0003623531
2077,0.3527659,0.2786229,0.1573783,0.2108286,0.0004042859
2078,0.3421932,0.2638863,0.1683621,0.2250605,0.0004979486
2079,0.3201417,0.2848262,0.1634346,0.2312654,0.0003320155
2080,0.3488884,0.2756177,0.166401,0.2086418,0.0004510873
2081,0.3392019,0.260714,0.1708755,0.2286756,0.0005329973
2082,0.3229137,0.2754462,0.1609931,0.2402669,0.0003800811
2083,0.3396851,0.2778176,0.1598125,0.2222523,0.0004325175
2084,0.3353674,0.2701864,0.1645221,0.2294412,0.0004829736
2085,0.334744,0.2720378,0.159745,0.2330415,0.0004316551
2086,0.3374378,0.2712537,0.1606809,0.230194,0.0004336684
2087,0.3346028,0.2747,0.1613962,0.228886,0.0004151008
2088,0.3447888,0.2655481,0.1604361,0.2287659,0.0004611327
2089,0.3349907,0.2599031,0.1596226,0.2450362,0.0004474241
2090,0.3309065,0.2712234,0.1500843,0.2474437,0.0003420816
2091,0.3406474,0.2594362,0.1499272,0.2495428,0.0004464108
2092,0.3110409,0.2467161,0.1601142,0.2817448,0.0003841289
2093,0.3411168,0.2887222,0.1463638,0.2234686,0.0003287016
2094,0.3319708,0.2711473,0.1657337,0.2306472,0.0005010832
2095,0.3322653,0.2757384,0.1587377,0.2328555,0.0004029753
2096,0.3345428,0.2816945,0.1681101,0.2151934,0.0004592171
2097,0.3555522,0.2633968,0.1642867,0.216274,0.0004902532
2098,0.3251081,0.2729084,0.1712944,0.2302315,0.0004574424
