EwEVersion,"6.5.13829.0 (compiled 2016-05-17)"
Date,"2016-09-06 18:01:02"
ModelName,Baltic_Proper-SEALS
EcosimScenario,Proper1_SealVuln100_19742100_seal100_cofF1
TimeSeries,new_data_weights_19742100_seal100_codF1
StartYear,1974

Data,"Prey of Temora sp"

Year,"Cyanobacteria","Phytoplankton","microzooplankton","Detritus-water column",
1974,0.03575868,0.6257873,0.1919152,0.1465388
1975,0.03568297,0.6123868,0.2028339,0.1490963
1976,0.02831195,0.647203,0.2035632,0.1209219
1977,0.02929848,0.6316591,0.2103662,0.1286761
1978,0.03128025,0.6173812,0.2130099,0.1383286
1979,0.03242605,0.6117117,0.212041,0.1438213
1980,0.02806403,0.6366475,0.209121,0.1261676
1981,0.02750571,0.6336558,0.2128818,0.1259567
1982,0.02617924,0.6381227,0.2143457,0.1213523
1983,0.0284629,0.624148,0.2140361,0.1333531
1984,0.02799036,0.6277713,0.2130584,0.13118
1985,0.03462185,0.5754029,0.2317666,0.1582086
1986,0.02878701,0.627073,0.2117842,0.1323558
1987,0.04978675,0.483211,0.2456073,0.2213949
1988,0.04372634,0.5551419,0.2100189,0.1911128
1989,0.03939299,0.5865414,0.2008706,0.173195
1990,0.03663578,0.5981349,0.205063,0.1601663
1991,0.04659115,0.5363125,0.2181145,0.1989819
1992,0.03873276,0.5970353,0.1987732,0.1654588
1993,0.03930788,0.5856872,0.2071966,0.1678084
1994,0.035919,0.601882,0.2092531,0.1529458
1995,0.03440941,0.6127945,0.2040963,0.1486999
1996,0.04303323,0.5522404,0.2224186,0.1823077
1997,0.04799558,0.5381433,0.213321,0.2005401
1998,0.03917495,0.5974805,0.1980298,0.1653147
1999,0.03077218,0.6371185,0.1990067,0.1331027
2000,0.04360867,0.5458432,0.2245666,0.1859815
2001,0.04539183,0.5536866,0.2102377,0.1906839
2002,0.04649252,0.5530701,0.2061227,0.1943147
2003,0.03188327,0.6293363,0.2039171,0.1348633
2004,0.04172572,0.5574864,0.2243534,0.1764345
2005,0.04533653,0.5496146,0.2162433,0.1888055
2006,0.04635803,0.5532904,0.2077993,0.1925524
2007,0.04956663,0.5392125,0.207006,0.2042149
2008,0.03790604,0.6069278,0.1975255,0.1576407
2009,0.03708431,0.6008464,0.2063765,0.1556929
2010,0.04609853,0.5404351,0.2239274,0.1895389
2011,0.04838416,0.5362722,0.218956,0.1963876
2012,0.04785064,0.5528255,0.2034573,0.1958665
2013,0.0352562,0.6188362,0.1993352,0.1465725
2014,0.03987909,0.583361,0.2096544,0.1671055
2015,0.04386152,0.5667045,0.2071933,0.1822408
2016,0.04077012,0.5900247,0.1992168,0.1699884
2017,0.0401819,0.5888193,0.2032224,0.1677763
2018,0.0406207,0.5847344,0.2053807,0.1692642
2019,0.04384248,0.5675439,0.2069213,0.1816924
2020,0.04419619,0.5687949,0.2047605,0.1822484
2021,0.05006839,0.536661,0.2090228,0.2042478
2022,0.04312111,0.5821405,0.1981356,0.1766028
2023,0.04046208,0.5917704,0.2006136,0.1671539
2024,0.03923545,0.5936371,0.2047525,0.162375
2025,0.04726351,0.5486048,0.2100708,0.1940609
2026,0.04405433,0.5754074,0.199817,0.1807211
2027,0.04390615,0.572988,0.2028843,0.1802216
2028,0.03825654,0.6036277,0.1998989,0.1582169
2029,0.03769016,0.6018075,0.2031848,0.1573175
2030,0.03749403,0.5995004,0.2062619,0.1567438
2031,0.04240506,0.5714216,0.2097599,0.1764135
2032,0.03779034,0.6028989,0.201335,0.1579757
2033,0.03936407,0.5878676,0.2080697,0.1646987
2034,0.04334633,0.5658897,0.211122,0.179642
2035,0.0388944,0.5984216,0.2003806,0.1623033
2036,0.04685372,0.5449875,0.2152042,0.1929545
2037,0.04477635,0.5675857,0.2039839,0.1836541
2038,0.0381611,0.604977,0.1982532,0.1586087
2039,0.03691766,0.6015757,0.2074816,0.154025
2040,0.0397777,0.5870676,0.2067982,0.1663564
2041,0.03290704,0.6290566,0.1982103,0.139826
2042,0.03693338,0.5934477,0.2126881,0.1569308
2043,0.03959628,0.5845149,0.2085059,0.1673829
2044,0.03834405,0.5960826,0.2031482,0.1624252
2045,0.03976212,0.5834478,0.2094642,0.1673259
2046,0.03421961,0.6191306,0.2010911,0.1455587
2047,0.04155489,0.5674384,0.2157996,0.1752071
2048,0.03755062,0.6004108,0.2036606,0.158378
2049,0.03783025,0.5963592,0.2053999,0.1604107
2050,0.04166484,0.5708111,0.2130511,0.1744729
2051,0.04197267,0.5781429,0.2043529,0.1755316
2052,0.03626991,0.6103187,0.2005016,0.1529098
2053,0.03928965,0.5846741,0.2109477,0.1650886
2054,0.04044907,0.584447,0.205447,0.169657
2055,0.03219995,0.6321294,0.1982478,0.137423
2056,0.03257472,0.617187,0.2098046,0.1404335
2057,0.03486961,0.6034905,0.2112871,0.1503527
2058,0.04155966,0.5689231,0.2119569,0.1775603
2059,0.0368106,0.6032258,0.2029164,0.1570472
2060,0.03781538,0.5933093,0.2074948,0.1613806
2061,0.03733636,0.5970536,0.2067458,0.1588641
2062,0.03638821,0.6034359,0.2048463,0.1553296
2063,0.03765574,0.5931156,0.209058,0.1601707
2064,0.03809861,0.5932451,0.2068319,0.1618244
2065,0.03282612,0.6245663,0.2015155,0.1410922
2066,0.0307832,0.6286046,0.2064773,0.134135
2067,0.03642744,0.5903139,0.2153814,0.1578773
2068,0.03906433,0.5841596,0.2087971,0.1679789
2069,0.03552059,0.6080226,0.20342,0.1530367
2070,0.03507945,0.6055987,0.2080862,0.1512357
2071,0.03449512,0.6094699,0.2069388,0.1490962
2072,0.03520908,0.6045954,0.2078632,0.1523324
2073,0.03662583,0.5964178,0.2091778,0.1577787
2074,0.03508363,0.60759,0.2060327,0.1512937
2075,0.03146778,0.6264744,0.2049654,0.1370924
2076,0.03591172,0.5932389,0.2151002,0.1557491
2077,0.03321684,0.6177809,0.2041777,0.1448246
2078,0.03237117,0.6184747,0.2070743,0.1420799
2079,0.03610578,0.5916294,0.2153704,0.1568944
2080,0.03397723,0.6132826,0.2044198,0.1483204
2081,0.0314793,0.6232808,0.2069138,0.1383261
2082,0.03340063,0.607074,0.212964,0.1465614
2083,0.03270498,0.6163301,0.2068224,0.1441426
2084,0.03240696,0.6151537,0.2094249,0.1430144
2085,0.03170983,0.6188281,0.2090973,0.1403648
2086,0.03194429,0.617253,0.2088194,0.1419833
2087,0.03299572,0.6094393,0.2113809,0.1461841
2088,0.02969667,0.6317763,0.2057499,0.1327772
2089,0.0292642,0.6288547,0.2098215,0.1320596
2090,0.02914272,0.6275654,0.2111632,0.1321287
2091,0.02553976,0.6503488,0.2059845,0.118127
2092,0.03080024,0.6025055,0.2255513,0.141143
2093,0.0315674,0.6129763,0.2109327,0.1445237
2094,0.03280964,0.6052849,0.2128764,0.1490291
2095,0.03311768,0.6046557,0.2134071,0.1488196
2096,0.03675763,0.587391,0.2122321,0.1636193
2097,0.03080981,0.6275086,0.204277,0.1374045
2098,0.03567244,0.5905684,0.2157685,0.1579907
