EwEVersion,"6.5.13829.0 (compiled 2016-05-17)"
Date,"2016-09-06 18:01:02"
ModelName,Baltic_Proper-SEALS
EcosimScenario,Proper1_SealVuln100_19742100_seal100_cofF1
TimeSeries,new_data_weights_19742100_seal100_codF1
StartYear,1974

Data,"Prey of Cod larvae"

TimeStep,"Temora sp","Acartia sp","Pseudocalanus sp.",
1,0.1079211,0.1002682,0.7918108
2,0.1141324,0.1024312,0.7834364
3,0.1163488,0.1016293,0.7820219
4,0.1165552,0.1003183,0.7831265
5,0.1157019,0.09866478,0.7856334
6,0.1143675,0.09697758,0.7886549
7,0.1128841,0.09545804,0.7916578
8,0.111417,0.09417874,0.7944042
9,0.1100314,0.09313829,0.7968302
10,0.1087406,0.0923044,0.798955
11,0.1075361,0.09163691,0.8008271
12,0.1064044,0.09109852,0.8024971
13,0.1098771,0.09123518,0.7988878
14,0.1071032,0.09022532,0.8026716
15,0.1057372,0.08990476,0.804358
16,0.1047978,0.08955628,0.805646
17,0.1041138,0.08918739,0.8066989
18,0.1036688,0.08885361,0.8074777
19,0.1034872,0.08863278,0.80788
20,0.1036145,0.08872848,0.807657
21,0.1040879,0.08939307,0.806519
22,0.1049105,0.09087364,0.8042159
23,0.1060425,0.09334076,0.8006167
24,0.1074082,0.0967824,0.7958094
25,0.07486401,0.09317464,0.8319614
26,0.08790673,0.1007995,0.8112938
27,0.09150035,0.105066,0.8034337
28,0.09421314,0.1099896,0.7957972
29,0.09619442,0.112416,0.7913896
30,0.09759028,0.1124855,0.7899242
31,0.09850062,0.1112971,0.7902023
32,0.09907398,0.1099095,0.7910165
33,0.09934278,0.108476,0.7921813
34,0.09939011,0.1072373,0.7933726
35,0.09927996,0.1062484,0.7944717
36,0.09905796,0.1054935,0.7954485
37,0.09820619,0.1053699,0.7964239
38,0.09620634,0.1043913,0.7994024
39,0.09508106,0.104027,0.8008919
40,0.09432162,0.1039107,0.8017677
41,0.09376384,0.1039994,0.8022368
42,0.09333955,0.104265,0.8023954
43,0.09302047,0.1046856,0.802294
44,0.09268633,0.1048901,0.8024236
45,0.09245197,0.1053708,0.8021772
46,0.09233657,0.1061114,0.8015521
47,0.09235531,0.1071032,0.8005415
48,0.09251558,0.1083108,0.7991737
49,0.09293159,0.1115809,0.7954875
50,0.09167203,0.1122874,0.7960405
51,0.09141757,0.1130761,0.7955063
52,0.09165569,0.1139048,0.7944395
53,0.0922389,0.1148837,0.7928774
54,0.09307378,0.1158912,0.791035
55,0.09408239,0.1167399,0.7891777
56,0.09527981,0.1175388,0.7871813
57,0.09651151,0.1178815,0.785607
58,0.0977051,0.1178495,0.7844454
59,0.0988009,0.1175239,0.7836752
60,0.09975962,0.1169907,0.7832496
61,0.08794246,0.1163223,0.7957352
62,0.08722456,0.1161772,0.7965982
63,0.08693175,0.1152145,0.7978537
64,0.0870295,0.1146242,0.7983462
65,0.08732835,0.1142124,0.7984592
66,0.08772467,0.1138463,0.798429
67,0.08815973,0.1134704,0.7983699
68,0.08851041,0.1128327,0.7986569
69,0.08880329,0.1121741,0.7990227
70,0.08903539,0.111467,0.7994977
71,0.08920179,0.1107201,0.800078
72,0.08930011,0.1099476,0.8007523
73,0.07894265,0.1086852,0.8123721
74,0.0788036,0.1098645,0.811332
75,0.07956827,0.1086039,0.8118278
76,0.08031572,0.1072841,0.8124002
77,0.08070356,0.1059633,0.8133332
78,0.08069181,0.104675,0.8146331
79,0.08033495,0.1034813,0.8161837
80,0.07971007,0.102424,0.817866
81,0.07886851,0.1015165,0.819615
82,0.07785497,0.10077,0.821375
83,0.07670555,0.1001872,0.8231073
84,0.07545082,0.09976796,0.8247812
85,0.09099716,0.1000638,0.808939
86,0.09178802,0.09877565,0.8094364
87,0.0912513,0.09939699,0.8093517
88,0.09036075,0.09952714,0.8101121
89,0.08926187,0.099431,0.8113071
90,0.08804942,0.09930937,0.8126413
91,0.08679496,0.09924018,0.8139648
92,0.08552168,0.09916243,0.8153159
93,0.0843099,0.09918509,0.816505
94,0.08322545,0.09939166,0.8173829
95,0.08232471,0.09990829,0.817767
96,0.08165591,0.1009179,0.8174261
97,0.0862852,0.1031376,0.8105772
98,0.08724124,0.1053339,0.8074249
99,0.08841681,0.1097203,0.801863
100,0.08967531,0.1144403,0.7958844
101,0.09107753,0.1185155,0.7904069
102,0.09263119,0.1213169,0.7860518
103,0.09427576,0.1226384,0.7830859
104,0.09595919,0.1228351,0.7812057
105,0.09750737,0.1220168,0.7804758
106,0.09879863,0.1205602,0.7806411
107,0.09975763,0.1187737,0.7814686
108,0.1003617,0.1168732,0.7827652
109,0.1099947,0.1152959,0.7747094
110,0.1066909,0.1127019,0.7806072
111,0.1050979,0.1111153,0.7837868
112,0.1040487,0.1096569,0.7862945
113,0.1032732,0.108498,0.7882288
114,0.1026585,0.1076117,0.7897298
115,0.1021433,0.1069234,0.7909333
116,0.1018552,0.1067321,0.7914127
117,0.1016678,0.1066369,0.7916953
118,0.101539,0.1066257,0.7918352
119,0.1014529,0.1066909,0.7918562
120,0.101404,0.106827,0.791769
121,0.09442579,0.1063122,0.799262
122,0.09557892,0.1072362,0.7971849
123,0.09583579,0.1074289,0.7967354
124,0.09599178,0.1078425,0.7961658
125,0.09611448,0.1082901,0.7955954
126,0.09622356,0.1087039,0.7950726
127,0.09632906,0.109081,0.7945899
128,0.0963909,0.1093734,0.7942357
129,0.09644631,0.1096409,0.7939128
130,0.09650367,0.1098858,0.7936106
131,0.0965654,0.1101134,0.7933212
132,0.09663244,0.1103308,0.7930368
133,0.05247235,0.1093687,0.8381589
134,0.04422392,0.1111246,0.8446515
135,0.03556017,0.1092778,0.8551621
136,0.02875415,0.1091498,0.862096
137,0.02345354,0.1107838,0.8657627
138,0.01948621,0.1139668,0.866547
139,0.01676238,0.118223,0.8650146
140,0.01519349,0.1224085,0.862398
141,0.01476639,0.1260159,0.8592178
142,0.01552286,0.1282753,0.8562018
143,0.01756365,0.1289868,0.8534495
144,0.0209833,0.1283303,0.8506864
145,0.03374866,0.1270201,0.8392313
146,0.04913973,0.1252016,0.8256587
147,0.06325433,0.1208308,0.8159148
148,0.0731855,0.1161107,0.8107038
149,0.07882933,0.1117074,0.8094633
150,0.08146587,0.1078873,0.8106468
151,0.08236007,0.1046775,0.8129625
152,0.08233303,0.1019875,0.8156795
153,0.08181319,0.09968986,0.818497
154,0.08101399,0.0976879,0.8212981
155,0.0800321,0.09590853,0.8240594
156,0.07890753,0.09430604,0.8267864
157,0.06497584,0.0922036,0.8428205
158,0.05234007,0.08592809,0.8617318
159,0.04170196,0.08403488,0.8742632
160,0.03240049,0.08374189,0.8838576
161,0.02416124,0.08412752,0.8917112
162,0.01704634,0.0850133,0.8979404
163,0.01127131,0.08664455,0.9020841
164,0.006989672,0.08945741,0.9035528
165,0.004137987,0.09395757,0.9019045
166,0.002422768,0.1001667,0.8974105
167,0.001465715,0.1072578,0.8912765
168,0.0009541954,0.1137871,0.8852587
169,0.005280762,0.1315348,0.8631845
170,0.02865681,0.1292255,0.8421176
171,0.06587477,0.1224898,0.8116354
172,0.09072662,0.1163576,0.7929158
173,0.1033868,0.1104739,0.7861392
174,0.1077785,0.1047726,0.7874489
175,0.1078556,0.09965938,0.7924849
176,0.1059401,0.0953621,0.7986978
177,0.1033535,0.09192515,0.8047214
178,0.1007364,0.08921685,0.8100469
179,0.09833441,0.08707245,0.8145931
180,0.09619998,0.08534956,0.8184505
181,0.1006972,0.08421915,0.8150837
182,0.1016384,0.08357068,0.8147909
183,0.1013475,0.08257139,0.8160812
184,0.1004181,0.08153494,0.818047
185,0.09920373,0.08060598,0.8201903
186,0.09790373,0.07985411,0.8222421
187,0.09662335,0.07931149,0.8240651
188,0.0954337,0.07905383,0.8255125
189,0.09435492,0.07905,0.8265951
190,0.09337278,0.0792992,0.827328
191,0.09247313,0.07981269,0.8277142
192,0.09164711,0.08061685,0.827736
193,0.0963994,0.08175512,0.8218455
194,0.0969146,0.0833737,0.8197117
195,0.0971974,0.08522236,0.8175802
196,0.09737528,0.08706153,0.8155631
197,0.09756026,0.08891024,0.8135295
198,0.09782103,0.09079739,0.8113816
199,0.0981954,0.09274322,0.8090614
200,0.09865619,0.09465356,0.8066903
201,0.0992503,0.09668855,0.8040612
202,0.09998303,0.09880964,0.8012073
203,0.1008428,0.1009483,0.798209
204,0.1018039,0.1030067,0.7951894
205,0.09732744,0.1073828,0.7952897
206,0.09231178,0.1073788,0.8003094
207,0.08990864,0.1074914,0.8025999
208,0.08900353,0.1083435,0.802653
209,0.08909725,0.1099586,0.8009441
210,0.08990435,0.1120467,0.798049
211,0.09123474,0.1141884,0.7945769
212,0.09312756,0.1163994,0.790473
213,0.09524081,0.1177588,0.7870004
214,0.09738263,0.1182928,0.7843245
215,0.09936292,0.1181071,0.7825299
216,0.1010346,0.1173968,0.7815686
217,0.1121079,0.1160583,0.7718337
218,0.1177535,0.1160403,0.7662062
219,0.1199522,0.1140438,0.766004
220,0.1201402,0.1115766,0.7682832
221,0.1192885,0.109101,0.7716105
222,0.1180133,0.1068776,0.7751091
223,0.1166492,0.1049842,0.7783666
224,0.1153454,0.103396,0.7812586
225,0.1141296,0.1020185,0.7838519
226,0.1129884,0.1007798,0.7862318
227,0.1118943,0.09962611,0.7884796
228,0.1108206,0.09852082,0.7906585
229,0.0980071,0.09712888,0.804864
230,0.09540062,0.09608926,0.8085102
231,0.09333162,0.09488566,0.8117827
232,0.09167857,0.0939245,0.814397
233,0.0902831,0.09319592,0.8165209
234,0.08907343,0.09268636,0.8182402
235,0.088028,0.09240814,0.8195639
236,0.08714994,0.09239524,0.8204548
237,0.0864576,0.09271449,0.820828
238,0.08597023,0.09337725,0.8206525
239,0.08570199,0.09435517,0.8199429
240,0.08565713,0.09557609,0.8187668
241,0.07013548,0.09466028,0.8352042
242,0.07003225,0.09838387,0.8315839
243,0.07031818,0.09929019,0.8303916
244,0.07111543,0.1003836,0.828501
245,0.07208396,0.101275,0.8266411
246,0.07305335,0.1018058,0.8251408
247,0.07394122,0.1020337,0.824025
248,0.07467466,0.1019237,0.8234017
249,0.07526919,0.1017404,0.8229904
250,0.07574092,0.1015052,0.8227539
251,0.07610776,0.1012466,0.8226456
252,0.07638759,0.1009824,0.82263
253,0.1054584,0.1014083,0.7931333
254,0.1074236,0.09994657,0.7926298
255,0.1078255,0.1002376,0.7919369
256,0.1078816,0.09980671,0.7923117
257,0.1076798,0.09910021,0.79322
258,0.1073336,0.09836945,0.794297
259,0.1069203,0.09770023,0.7953795
260,0.10648,0.09713503,0.7963849
261,0.1060408,0.09664131,0.7973178
262,0.1056161,0.09622418,0.7981598
263,0.1052149,0.09588279,0.7989023
264,0.1048448,0.09561637,0.7995389
265,0.06982789,0.09486611,0.835306
266,0.06252318,0.09449418,0.8429826
267,0.0558077,0.09320962,0.8509827
268,0.05063263,0.09311987,0.8562475
269,0.04660338,0.0941281,0.8592685
270,0.04355584,0.0961322,0.860312
271,0.0414912,0.09901178,0.8594971
272,0.04051349,0.1026453,0.8568411
273,0.04068729,0.1061955,0.8531172
274,0.04202634,0.1091016,0.848872
275,0.0444406,0.1109764,0.844583
276,0.0477001,0.1117475,0.8405524
277,0.06097607,0.1126194,0.8264046
278,0.06840026,0.1100398,0.82156
279,0.07255657,0.1088188,0.8186246
280,0.07517722,0.107483,0.8173398
281,0.07690352,0.1060895,0.817007
282,0.07803647,0.1047022,0.8172613
283,0.07874611,0.1033476,0.8179063
284,0.07912385,0.1019771,0.818899
285,0.0792478,0.1006336,0.8201186
286,0.07917738,0.09932462,0.821498
287,0.07895739,0.09805629,0.8229863
288,0.07862128,0.0968326,0.8245462
289,0.0894623,0.09694946,0.8135883
290,0.09505983,0.0967662,0.808174
291,0.09766532,0.0950607,0.807274
292,0.09830882,0.09305523,0.808636
293,0.09789063,0.09109518,0.8110142
294,0.09695573,0.08930862,0.8137357
295,0.09579592,0.0877362,0.8164679
296,0.09454262,0.08637857,0.8190789
297,0.09328232,0.08523573,0.8214819
298,0.09204267,0.08428364,0.8236737
299,0.09083421,0.08350793,0.8256578
300,0.08966257,0.08290149,0.8274359
301,0.0948123,0.08358916,0.8215985
302,0.09793394,0.08471175,0.8173543
303,0.09886717,0.08440867,0.8167241
304,0.09860829,0.08390764,0.8174841
305,0.0977871,0.08335778,0.8188551
306,0.09673657,0.08284444,0.820419
307,0.09562597,0.08242723,0.8219469
308,0.09453455,0.08200951,0.8234559
309,0.09345404,0.08173873,0.8248072
310,0.09242944,0.08162485,0.8259457
311,0.0914847,0.08165403,0.8268613
312,0.0906317,0.08180341,0.827565
313,0.08332297,0.08400911,0.8326679
314,0.07376878,0.08133189,0.8448994
315,0.06799871,0.07982939,0.8521719
316,0.06401354,0.07876058,0.8572258
317,0.06110997,0.07812396,0.8607661
318,0.05900209,0.07826276,0.8627351
319,0.05760026,0.07984211,0.8625576
320,0.05700396,0.08420503,0.858791
321,0.05725463,0.09103264,0.8517127
322,0.05846119,0.09936654,0.8421723
323,0.0606994,0.1072534,0.8320472
324,0.06392009,0.1129187,0.8231612
325,0.0733038,0.1170624,0.8096338
326,0.07950362,0.1168352,0.8036612
327,0.08455286,0.1163318,0.7991154
328,0.08858671,0.1151234,0.7962899
329,0.09160147,0.1136348,0.7947636
330,0.09367626,0.1120816,0.7942421
331,0.09496292,0.1105647,0.7944724
332,0.09556537,0.1089788,0.7954558
333,0.09571072,0.1075213,0.7967681
334,0.09554832,0.1061637,0.798288
335,0.09518348,0.1048972,0.7999194
336,0.09468389,0.1037033,0.8016127
337,0.09203598,0.1020894,0.8058747
338,0.09062732,0.1010669,0.8083058
339,0.08953175,0.1000794,0.8103889
340,0.08857557,0.09910488,0.8123196
341,0.08766238,0.09811571,0.8142219
342,0.08673893,0.09710175,0.8161593
343,0.0857795,0.09606749,0.8181531
344,0.08483944,0.09516277,0.8199978
345,0.08387831,0.09426589,0.8218558
346,0.08289143,0.09340642,0.8237022
347,0.08188825,0.09260807,0.8255036
348,0.08088605,0.09189684,0.8272171
349,0.06083356,0.0899322,0.8492342
350,0.05813356,0.09461085,0.8472555
351,0.05814298,0.09303209,0.848825
352,0.05916316,0.09200072,0.8488362
353,0.0601139,0.09117973,0.8487064
354,0.06064125,0.09033758,0.8490213
355,0.06070323,0.0895085,0.8497883
356,0.06036423,0.08882561,0.8508102
357,0.05970908,0.08823201,0.8520589
358,0.05880615,0.08775348,0.8534404
359,0.05770965,0.08738943,0.854901
360,0.05646197,0.08713174,0.8564063
361,0.07105994,0.09096609,0.837974
362,0.06763439,0.08599835,0.8463672
363,0.06304981,0.08537834,0.8515718
364,0.05927971,0.08479623,0.8559241
365,0.05608976,0.08422561,0.8596846
366,0.05339742,0.08407205,0.8625305
367,0.05122485,0.08483146,0.8639436
368,0.04963065,0.08687349,0.8634958
369,0.0487489,0.09084177,0.8604093
370,0.04871828,0.09655289,0.8547289
371,0.04966274,0.1030554,0.8472818
372,0.05164437,0.1089419,0.8394138
373,0.05160797,0.1141157,0.8342763
374,0.05392068,0.1157151,0.8303642
375,0.05720409,0.1161461,0.8266498
376,0.06096304,0.1160131,0.8230239
377,0.06478766,0.1155258,0.8196866
378,0.06835221,0.1147821,0.8168657
379,0.07143933,0.113853,0.8147077
380,0.07397041,0.1128524,0.8131772
381,0.07591141,0.1117682,0.8123204
382,0.07730446,0.1106618,0.8120337
383,0.07823423,0.109578,0.8121877
384,0.07879799,0.1085453,0.8126568
385,0.08107772,0.1072313,0.811691
386,0.08165549,0.1062694,0.8120751
387,0.08169959,0.1054332,0.8128672
388,0.08147582,0.1046276,0.8138966
389,0.08108583,0.1038384,0.8150759
390,0.08057062,0.103064,0.8163654
391,0.07994789,0.1023053,0.8177468
392,0.07916745,0.1014295,0.8194031
393,0.07826651,0.1005599,0.8211735
394,0.07726418,0.09969412,0.8230417
395,0.07617524,0.09884214,0.8249826
396,0.07501521,0.09801996,0.8269649
397,0.09455841,0.09794859,0.807493
398,0.09546879,0.09535751,0.8091737
399,0.09478546,0.09530337,0.8099113
400,0.09404741,0.09514481,0.8108078
401,0.09335268,0.09490536,0.8117419
402,0.09274099,0.09474459,0.8125144
403,0.09224117,0.09474831,0.8130106
404,0.09189464,0.09506667,0.8130388
405,0.09170646,0.09557202,0.8127216
406,0.09168142,0.09625047,0.8120682
407,0.09181613,0.09705569,0.8111282
408,0.09209954,0.09792762,0.8099728
409,0.09486822,0.09812475,0.807007
410,0.1007409,0.1010265,0.7982326
411,0.1038729,0.1014554,0.7946717
412,0.10542,0.1013761,0.7932039
413,0.1059049,0.1006049,0.7934902
414,0.1057082,0.09947855,0.7948132
415,0.1051069,0.0983108,0.7965823
416,0.1043229,0.09730648,0.7983706
417,0.1034594,0.09651133,0.8000293
418,0.1025778,0.09591269,0.8015095
419,0.10171,0.09548513,0.8028049
420,0.1008717,0.09520109,0.8039272
421,0.09511314,0.0943306,0.8105562
422,0.09418661,0.09465918,0.8111542
423,0.09318467,0.09458596,0.8122294
424,0.09237117,0.09470479,0.8129241
425,0.09175082,0.09502608,0.813223
426,0.09131638,0.09555338,0.8131303
427,0.09106965,0.09631635,0.812614
428,0.09101338,0.09736804,0.8116186
429,0.09117257,0.09880903,0.8100184
430,0.09155372,0.1006336,0.8078127
431,0.09215526,0.1027546,0.8050902
432,0.09296568,0.1050019,0.8020324
433,0.05787167,0.1074434,0.834685
434,0.05196979,0.1098778,0.8381523
435,0.04599021,0.1087525,0.8452573
436,0.04173659,0.1096143,0.848649
437,0.03898513,0.1120898,0.8489251
438,0.037722,0.1154397,0.8468383
439,0.03802537,0.1187748,0.8431998
440,0.04002661,0.1215886,0.8383848
441,0.04360903,0.1229648,0.8334262
442,0.04842183,0.1231062,0.828472
443,0.05388968,0.1223348,0.8237756
444,0.05933746,0.1209824,0.8196802
445,0.04106174,0.1169445,0.8419938
446,0.03284588,0.1176595,0.8494947
447,0.02804078,0.1167909,0.8551683
448,0.02510681,0.1158094,0.8590838
449,0.02326462,0.1148335,0.8619018
450,0.02209926,0.1138497,0.864051
451,0.02137095,0.1128452,0.8657838
452,0.020915,0.1117208,0.8673642
453,0.02063616,0.1105568,0.8688071
454,0.02046905,0.1093533,0.8701776
455,0.02036661,0.1081204,0.871513
456,0.02029451,0.1068697,0.8728359
457,0.05897327,0.1066214,0.8344054
458,0.0822084,0.1022156,0.815576
459,0.09226047,0.1002405,0.8074991
460,0.09544534,0.09887326,0.8056814
461,0.09599172,0.09756531,0.806443
462,0.09543961,0.09626968,0.8082907
463,0.09438723,0.09502039,0.8105924
464,0.09307943,0.09382702,0.8130935
465,0.09163831,0.09273417,0.8156276
466,0.09012422,0.0917609,0.8181148
467,0.08857464,0.09092744,0.8204979
468,0.08704308,0.0902788,0.8226781
469,0.08125816,0.0904354,0.8283065
470,0.08258995,0.09294982,0.8244602
471,0.08360879,0.09211761,0.8242735
472,0.08396815,0.09159659,0.8244353
473,0.08377717,0.09122328,0.8249995
474,0.08322105,0.09085342,0.8259255
475,0.08244134,0.09051403,0.8270446
476,0.08152359,0.09030137,0.8281751
477,0.08053513,0.09027974,0.8291851
478,0.0795408,0.09047358,0.8299856
479,0.07858171,0.09086762,0.8305507
480,0.07768848,0.09143735,0.8308741
481,0.1085822,0.09236749,0.7990503
482,0.101117,0.09121037,0.8076726
483,0.09834249,0.09285837,0.8087991
484,0.09720977,0.09356754,0.8092228
485,0.09679587,0.09414601,0.8090581
486,0.0968319,0.09502231,0.8081459
487,0.09720252,0.0963463,0.8064511
488,0.09799426,0.09851823,0.8034875
489,0.09905663,0.1011428,0.7998006
490,0.1003571,0.1040877,0.7955552
491,0.1018494,0.1071043,0.7910464
492,0.103483,0.1099125,0.7866046
493,0.1058824,0.1124885,0.7816291
494,0.1052889,0.1140587,0.7806524
495,0.1058702,0.1150123,0.7791175
496,0.1068861,0.1156565,0.7774575
497,0.1080861,0.1161566,0.7757573
498,0.1093087,0.1164734,0.7742178
499,0.1104436,0.1165524,0.773004
500,0.1112843,0.1160994,0.7726163
501,0.1119516,0.1155572,0.7724912
502,0.112416,0.1148545,0.7727296
503,0.1126877,0.1140303,0.773282
504,0.1127884,0.1131314,0.7740803
505,0.1145322,0.1105154,0.7749524
506,0.1159586,0.1105261,0.7735152
507,0.1161937,0.1094795,0.7743269
508,0.1158746,0.1082078,0.7759176
509,0.1152678,0.1068884,0.7778438
510,0.1145271,0.1056177,0.7798551
511,0.1137409,0.1044456,0.7818134
512,0.1130752,0.1035937,0.7833311
513,0.1124478,0.1028365,0.7847158
514,0.1118571,0.1021895,0.7859534
515,0.111296,0.1016436,0.7870603
516,0.1107596,0.1011921,0.7880483
517,0.1052578,0.09903657,0.7957056
518,0.1052797,0.09958059,0.7951397
519,0.1047686,0.09944389,0.7957876
520,0.1042717,0.09940771,0.7963206
521,0.1038454,0.09951766,0.796637
522,0.1034987,0.09977406,0.7967272
523,0.1032386,0.1001806,0.7965808
524,0.1030721,0.1007385,0.7961894
525,0.102999,0.1014612,0.7955397
526,0.1030264,0.1023493,0.7946243
527,0.1031555,0.1033864,0.7934582
528,0.103383,0.1045434,0.7920736
529,0.1078059,0.1061429,0.7860512
530,0.1069653,0.1071551,0.7858797
531,0.1071816,0.1084694,0.7843491
532,0.1076121,0.1096021,0.7827858
533,0.1081329,0.1106239,0.7812432
534,0.1086945,0.1115394,0.7797661
535,0.1092622,0.1123213,0.7784165
536,0.1098098,0.1129406,0.7772497
537,0.1103139,0.1133775,0.7763087
538,0.1107613,0.1136412,0.7755974
539,0.1111422,0.1137488,0.7751091
540,0.1114521,0.1137249,0.774823
541,0.1070452,0.1147032,0.7782516
542,0.1060518,0.1139674,0.7799808
543,0.1054651,0.1134781,0.7810568
544,0.105241,0.1133202,0.7814388
545,0.10525,0.1133935,0.7813564
546,0.1054007,0.113598,0.7810012
547,0.1056316,0.1138537,0.7805147
548,0.1058981,0.1140904,0.7800115
549,0.1061852,0.1143064,0.7795084
550,0.1064724,0.1144686,0.779059
551,0.1067473,0.1145653,0.7786874
552,0.1070015,0.1145954,0.778403
553,0.1046496,0.1138146,0.7815357
554,0.1050722,0.114106,0.7808219
555,0.105211,0.1139607,0.7808283
556,0.1053118,0.1137965,0.7808918
557,0.1053889,0.1136071,0.781004
558,0.1054384,0.1133904,0.7811713
559,0.1054582,0.1131536,0.7813882
560,0.1054506,0.1129125,0.7816369
561,0.1054263,0.1126756,0.7818981
562,0.1053854,0.1124416,0.782173
563,0.1053316,0.1122167,0.7824517
564,0.1052692,0.1120071,0.7827236
565,0.1044237,0.1113076,0.7842687
566,0.1011623,0.1107941,0.7880436
567,0.09953839,0.1107456,0.789716
568,0.0986995,0.1109381,0.7903624
569,0.09836566,0.1114253,0.790209
570,0.09839442,0.1121642,0.7894413
571,0.09869449,0.1130572,0.7882482
572,0.09920467,0.1140248,0.7867705
573,0.09984301,0.1148546,0.7853024
574,0.100557,0.1154822,0.7839609
575,0.101295,0.1158588,0.7828463
576,0.1020112,0.1159708,0.782018
577,0.1066692,0.1150902,0.7782406
578,0.1108914,0.1156821,0.7734265
579,0.1129259,0.1147766,0.7722974
580,0.1137147,0.1133741,0.7729112
581,0.1137214,0.111682,0.7745965
582,0.1132647,0.1099566,0.7767786
583,0.1125576,0.108364,0.7790784
584,0.1117221,0.1069295,0.7813483
585,0.1108418,0.1057248,0.7834334
586,0.1099493,0.1047191,0.7853317
587,0.1090611,0.1038905,0.7870484
588,0.1081859,0.1032215,0.7885926
589,0.1113761,0.1028533,0.7857706
590,0.1111039,0.1025447,0.7863514
591,0.1106539,0.1023266,0.7870195
592,0.1100627,0.1021046,0.7878327
593,0.1094108,0.1019169,0.7886724
594,0.1087592,0.1017961,0.7894446
595,0.1081531,0.1017666,0.7900803
596,0.1076261,0.1018848,0.7904891
597,0.1071947,0.1021389,0.7906665
598,0.1068885,0.1025718,0.7905397
599,0.1067291,0.1032166,0.7900543
600,0.1067309,0.1041007,0.7891685
601,0.1025863,0.1056248,0.7917889
602,0.1045072,0.1070381,0.7884547
603,0.1053004,0.1084668,0.7862328
604,0.1060149,0.1102341,0.783751
605,0.1067167,0.1119918,0.7812915
606,0.1074129,0.1135204,0.7790667
607,0.1080929,0.1146932,0.777214
608,0.1087564,0.1155928,0.7756507
609,0.1093664,0.1160439,0.7745897
610,0.1098996,0.1161128,0.7739877
611,0.1103367,0.1158803,0.773783
612,0.1106671,0.1154329,0.7739
613,0.1108706,0.1178878,0.7712415
614,0.1062047,0.1155455,0.7782498
615,0.1041133,0.1144343,0.7814524
616,0.1031427,0.114039,0.7828183
617,0.1028436,0.1142416,0.7829148
618,0.1029796,0.1148542,0.7821662
619,0.1034035,0.1156901,0.7809063
620,0.1040035,0.1165237,0.7794728
621,0.1047174,0.1173081,0.7779745
622,0.1054829,0.1179232,0.7765938
623,0.1062481,0.1183023,0.7754496
624,0.1069684,0.1184227,0.7746089
625,0.1120804,0.1183022,0.7696174
626,0.1148333,0.1182481,0.7669186
627,0.1162653,0.1175958,0.7661389
628,0.1168453,0.116519,0.7666358
629,0.11685,0.115197,0.767953
630,0.116488,0.1138215,0.7696906
631,0.1159086,0.1125181,0.7715732
632,0.1152027,0.1112999,0.7734974
633,0.1144399,0.1102323,0.7753277
634,0.1136549,0.1093017,0.7770433
635,0.1128683,0.1084974,0.7786343
636,0.1120929,0.1078096,0.7800975
637,0.1096596,0.1057663,0.7845742
638,0.1087034,0.1057773,0.7855192
639,0.1078231,0.1054938,0.786683
640,0.1070801,0.105279,0.7876409
641,0.1064613,0.1051919,0.7883469
642,0.1059578,0.1052499,0.7887923
643,0.1055701,0.1054641,0.7889658
644,0.1053098,0.1059261,0.7887641
645,0.1051751,0.1065603,0.7882647
646,0.1051669,0.1073714,0.7874616
647,0.1052816,0.1083406,0.7863778
648,0.1055105,0.1094264,0.7850631
649,0.1108322,0.1099205,0.7792473
650,0.1140953,0.1114435,0.7744612
651,0.1159363,0.1129092,0.7711545
652,0.1169319,0.1137121,0.7693561
653,0.1173055,0.1136989,0.7689955
654,0.1172643,0.1131378,0.7695979
655,0.1169651,0.1123238,0.7707111
656,0.1165125,0.1114389,0.7720485
657,0.1159735,0.1106042,0.7734224
658,0.1153931,0.109869,0.774738
659,0.1147988,0.1092482,0.775953
660,0.1142079,0.1087402,0.7770518
661,0.1179468,0.1092756,0.7727776
662,0.1163799,0.1085483,0.7750717
663,0.1157337,0.1083696,0.7758967
664,0.1152368,0.1082145,0.7765487
665,0.1148146,0.1081084,0.7770769
666,0.1144658,0.1080757,0.7774585
667,0.1142008,0.1081318,0.7776674
668,0.1140404,0.1083355,0.777624
669,0.1139893,0.1086887,0.7773219
670,0.1140599,0.1092247,0.7767153
671,0.1142543,0.109963,0.7757826
672,0.1145673,0.1109104,0.7745223
673,0.1053631,0.1123109,0.7823259
674,0.1087008,0.1136934,0.7776059
675,0.1095731,0.1146237,0.7758032
676,0.1102616,0.1159904,0.773748
677,0.1109255,0.1174676,0.7716069
678,0.1115841,0.1188248,0.7695911
679,0.1122264,0.1199182,0.7678553
680,0.1128566,0.1207732,0.7663702
681,0.1134249,0.1212483,0.7653267
682,0.1139218,0.1213952,0.7646829
683,0.1143301,0.1212766,0.7643933
684,0.1146406,0.1209644,0.764395
685,0.1110076,0.1208591,0.7681333
686,0.1082023,0.120285,0.7715127
687,0.1066447,0.1193532,0.7740021
688,0.1058742,0.1187681,0.7753577
689,0.1055938,0.1186403,0.7757659
690,0.1056247,0.1188899,0.7754855
691,0.1058571,0.1193912,0.7747518
692,0.1061868,0.1198963,0.7739169
693,0.1066036,0.1204715,0.772925
694,0.1070641,0.1210048,0.7719312
695,0.107541,0.1214358,0.7710232
696,0.1080118,0.1217325,0.7702557
697,0.1135212,0.1204032,0.7660755
698,0.1167236,0.1210233,0.7622532
699,0.118296,0.1211273,0.7605767
700,0.1189576,0.1206694,0.760373
701,0.1190088,0.1197206,0.7612706
702,0.1186808,0.118542,0.7627772
703,0.1181313,0.117336,0.7645327
704,0.1174441,0.1161692,0.7663867
705,0.1166812,0.1151046,0.7682142
706,0.1158674,0.114135,0.7699976
707,0.1150191,0.1132504,0.7717305
708,0.1141482,0.112436,0.7734159
709,0.1101503,0.1110567,0.778793
710,0.1081099,0.1104328,0.7814572
711,0.1065462,0.1095378,0.783916
712,0.1053563,0.1086416,0.7860021
713,0.1044861,0.1078845,0.7876294
714,0.103921,0.1073865,0.7886925
715,0.1036621,0.1072863,0.7890517
716,0.1037133,0.1077985,0.7884882
717,0.1040535,0.1090817,0.7868648
718,0.1046393,0.1112187,0.7841419
719,0.1054159,0.1141222,0.7804618
720,0.1063278,0.1174919,0.7761803
721,0.1048179,0.120715,0.7744672
722,0.1033409,0.1242796,0.7723795
723,0.102843,0.1258581,0.7712989
724,0.1031059,0.1267066,0.7701876
725,0.1038357,0.1272544,0.7689099
726,0.1048031,0.1275094,0.7676876
727,0.1058411,0.1273719,0.7667871
728,0.1068256,0.1267868,0.7663875
729,0.1076752,0.1258189,0.7665058
730,0.1083407,0.1245851,0.7670742
731,0.1088057,0.1232128,0.7679815
732,0.1090785,0.1218064,0.7691151
733,0.1147542,0.1200129,0.765233
734,0.1173664,0.1191544,0.7634792
735,0.1182809,0.117877,0.7638422
736,0.118301,0.1164018,0.7652972
737,0.1178132,0.1148484,0.7673384
738,0.1170529,0.113358,0.7695891
739,0.1161562,0.1120101,0.7718337
740,0.1151858,0.1107992,0.7740149
741,0.1141756,0.1097333,0.776091
742,0.113136,0.1087802,0.7780837
743,0.1120729,0.1079095,0.7800176
744,0.110994,0.1070923,0.7819138
745,0.1049935,0.1079186,0.7870879
746,0.09892268,0.1060228,0.7950546
747,0.09513667,0.104027,0.8008363
748,0.09255099,0.1015433,0.8059057
749,0.09092816,0.09866726,0.8104046
750,0.09024565,0.09588084,0.8138735
751,0.09048216,0.09427121,0.8152466
752,0.09149696,0.09555302,0.81295
753,0.09301083,0.1011426,0.8058466
754,0.09479032,0.1108585,0.7943512
755,0.0967894,0.122053,0.7811576
756,0.09910635,0.1309054,0.7699882
757,0.1045502,0.1331042,0.7623456
758,0.1090208,0.1334555,0.7575238
759,0.112061,0.1310686,0.7568704
760,0.1137358,0.127152,0.7591122
761,0.1142745,0.1229503,0.7627752
762,0.1140258,0.1191365,0.7668376
763,0.1133158,0.1159227,0.7707615
764,0.1123787,0.1133005,0.7743207
765,0.1113545,0.1111757,0.7774698
766,0.1103135,0.1094564,0.7802301
767,0.109284,0.1080582,0.7826578
768,0.1082716,0.1069116,0.7848167
769,0.1125062,0.1055911,0.7819027
770,0.114561,0.1057453,0.7796937
771,0.1146917,0.1049109,0.7803974
772,0.1140689,0.1039966,0.7819346
773,0.1130932,0.1030647,0.7838421
774,0.1119423,0.102135,0.7859228
775,0.1107059,0.1012143,0.7880798
776,0.1094302,0.1002934,0.7902764
777,0.1081513,0.09934506,0.7925037
778,0.1068999,0.09831896,0.7947811
779,0.1057215,0.09715773,0.7971208
780,0.1046811,0.09580506,0.7995138
781,0.101373,0.09384082,0.8047862
782,0.1017984,0.09214319,0.8060583
783,0.1018677,0.09012038,0.8080118
784,0.1023287,0.08839837,0.8092729
785,0.1032377,0.08748342,0.8092789
786,0.1045068,0.08804615,0.8074471
787,0.1059584,0.09072016,0.8033215
788,0.1074109,0.09602629,0.7965628
789,0.1086778,0.1033039,0.7880183
790,0.109732,0.1112818,0.7789862
791,0.110643,0.1183536,0.7710034
792,0.1115034,0.1232849,0.7652118
793,0.1222467,0.1287593,0.7489939
794,0.1185456,0.1279187,0.7535357
795,0.117765,0.1260646,0.7561705
796,0.1176803,0.1238528,0.758467
797,0.1177834,0.121897,0.7603196
798,0.1178778,0.1202861,0.7618362
799,0.1178955,0.1189526,0.7631518
800,0.1178047,0.1177559,0.7644395
801,0.1176481,0.116753,0.7655989
802,0.1174344,0.1158897,0.7666759
803,0.1171799,0.1151402,0.7676799
804,0.1168991,0.1144899,0.768611
805,0.1221364,0.1144347,0.763429
806,0.1260087,0.1143315,0.7596597
807,0.1271896,0.1138957,0.7589147
808,0.1272536,0.1132319,0.7595145
809,0.1266477,0.1122355,0.7611169
810,0.1256824,0.1110658,0.7632518
811,0.1245481,0.1098651,0.7655867
812,0.1233509,0.108757,0.7678922
813,0.1221157,0.1076736,0.7702106
814,0.1208591,0.106598,0.7725429
815,0.1195869,0.1054887,0.7749243
816,0.1183099,0.1042927,0.7773974
817,0.1069491,0.103764,0.789287
818,0.1048595,0.1020382,0.7931022
819,0.102107,0.09790884,0.7999841
820,0.1002348,0.09196346,0.8078018
821,0.09959896,0.08409265,0.8163084
822,0.1004352,0.07449611,0.8250687
823,0.1027803,0.06446073,0.832759
824,0.1062522,0.05714935,0.8365985
825,0.109997,0.05716713,0.8328359
826,0.1130731,0.06702914,0.8198978
827,0.1150193,0.08493742,0.8000433
828,0.1160301,0.1056586,0.7783113
829,0.1205003,0.1237134,0.7557864
830,0.1189634,0.1337459,0.7472907
831,0.1191634,0.1366755,0.7441612
832,0.1199267,0.1355612,0.744512
833,0.1206956,0.13297,0.7463344
834,0.1211918,0.1301559,0.7486523
835,0.1213516,0.1275641,0.7510843
836,0.1211818,0.1251898,0.7536284
837,0.1208092,0.1231778,0.7560129
838,0.1202984,0.121454,0.7582476
839,0.1197066,0.1199767,0.7603167
840,0.1190713,0.1187087,0.76222
841,0.1169732,0.1172815,0.7657453
842,0.1176214,0.1166765,0.7657021
843,0.1173572,0.1157565,0.7668862
844,0.1168017,0.1148989,0.7682994
845,0.1161036,0.1140927,0.7698037
846,0.1153272,0.1133303,0.7713426
847,0.1145082,0.1126145,0.7728773
848,0.1136672,0.1119408,0.774392
849,0.1128101,0.1112883,0.7759016
850,0.1119592,0.1106603,0.7773805
851,0.1111382,0.110062,0.7787997
852,0.110376,0.109507,0.780117
853,0.1092199,0.1098033,0.7809768
854,0.1072997,0.1092149,0.7834854
855,0.1062423,0.1086067,0.785151
856,0.1057005,0.1081825,0.786117
857,0.1056201,0.1082944,0.7860855
858,0.1059441,0.1092251,0.7848307
859,0.1065923,0.1111279,0.7822797
860,0.1074924,0.1140829,0.7784247
861,0.1085419,0.1176466,0.7738115
862,0.1096723,0.1212595,0.7690682
863,0.1108326,0.1243067,0.7648607
864,0.111975,0.1263419,0.7616832
865,0.1222549,0.124544,0.7532011
866,0.1256649,0.1247917,0.7495434
867,0.1277545,0.1248774,0.7473681
868,0.1283474,0.1234841,0.7481685
869,0.1279067,0.1211498,0.7509435
870,0.1268973,0.1185909,0.7545117
871,0.1256279,0.1162099,0.7581623
872,0.1242549,0.1140948,0.7616503
873,0.1228708,0.1123117,0.7648174
874,0.121499,0.1107944,0.7677066
875,0.1201377,0.1094676,0.7703946
876,0.1187757,0.1082546,0.7729697
877,0.1080469,0.1105873,0.7813658
878,0.1028048,0.1078464,0.7893488
879,0.09886243,0.1047563,0.7963812
880,0.09596368,0.1008583,0.803178
881,0.09400591,0.09566238,0.8103317
882,0.09311894,0.08894202,0.817939
883,0.09348726,0.08118022,0.8253325
884,0.09512726,0.07451115,0.8303616
885,0.09763211,0.0726749,0.829693
886,0.1003082,0.07958176,0.8201101
887,0.1026347,0.09560689,0.8017584
888,0.1046776,0.1157868,0.7795357
889,0.114932,0.1273036,0.7577643
890,0.1197765,0.1362626,0.743961
891,0.1235119,0.1388424,0.7376457
892,0.1254677,0.1358075,0.7387247
893,0.1258574,0.1307703,0.7433724
894,0.1251733,0.1258451,0.7489815
895,0.1239256,0.1217036,0.7543707
896,0.1224519,0.1183329,0.7592152
897,0.1209702,0.1156766,0.7633532
898,0.1195467,0.1135513,0.766902
899,0.1181919,0.1118161,0.769992
900,0.1168899,0.1103624,0.7727477
901,0.1140031,0.1092275,0.7767694
902,0.1124195,0.1079819,0.7795986
903,0.110987,0.1069144,0.7820985
904,0.1096366,0.1059153,0.7844481
905,0.1083395,0.1049221,0.7867383
906,0.1071023,0.1038929,0.7890049
907,0.1059597,0.1028005,0.7912398
908,0.10497,0.101666,0.793364
909,0.1041855,0.100485,0.7953295
910,0.1036914,0.0993738,0.7969348
911,0.1035569,0.09853411,0.797909
912,0.103819,0.09828215,0.7978989
913,0.1051081,0.100725,0.7941669
914,0.1023648,0.1032106,0.7944246
915,0.1015038,0.1053547,0.7931415
916,0.1017605,0.1083397,0.7898998
917,0.1027678,0.1130408,0.7841913
918,0.1042015,0.1192108,0.7765877
919,0.1058617,0.1255096,0.7686287
920,0.1076685,0.1303356,0.761996
921,0.1095133,0.1325462,0.7579404
922,0.1112359,0.1322488,0.7565153
923,0.1126491,0.1302756,0.7570753
924,0.113623,0.1275221,0.7588549
925,0.1127714,0.1242476,0.7629811
926,0.1135387,0.1217123,0.764749
927,0.1135623,0.1192257,0.767212
928,0.1132343,0.1170378,0.7697279
929,0.112705,0.1151419,0.7721531
930,0.1120668,0.1135273,0.774406
931,0.1113755,0.1121707,0.7764539
932,0.1106661,0.1110586,0.7782753
933,0.1099475,0.1101238,0.7799288
934,0.1092268,0.1093421,0.7814311
935,0.1085076,0.1086908,0.7828016
936,0.1077937,0.1081521,0.7840542
937,0.1135207,0.1085375,0.7779418
938,0.1155857,0.1084355,0.7759789
939,0.1161571,0.1082599,0.775583
940,0.1160626,0.1080304,0.7759069
941,0.11557,0.107627,0.776803
942,0.1148492,0.1070864,0.7780644
943,0.1140139,0.1064802,0.7795059
944,0.1131316,0.105802,0.7810664
945,0.1122586,0.105155,0.7825863
946,0.1114365,0.104554,0.7840094
947,0.1107052,0.1040191,0.7852757
948,0.1101041,0.1035773,0.7863186
949,0.1084491,0.1039914,0.7875594
950,0.105267,0.1038805,0.7908525
951,0.1035451,0.1027937,0.7936612
952,0.102895,0.1015818,0.7955233
953,0.1031549,0.1011082,0.7957369
954,0.1041184,0.1021453,0.7937363
955,0.1055318,0.1052042,0.789264
956,0.1071795,0.1104515,0.782369
957,0.108868,0.116854,0.774278
958,0.1105299,0.1229037,0.7665665
959,0.1121574,0.1272172,0.7606254
960,0.1137173,0.1291994,0.7570833
961,0.1160467,0.1289107,0.7550426
962,0.1166885,0.1276272,0.7556843
963,0.1172681,0.1256334,0.7570985
964,0.1175765,0.1234399,0.7589837
965,0.1176224,0.1213484,0.7610292
966,0.1174529,0.119468,0.7630792
967,0.1171258,0.1178217,0.7650524
968,0.1166718,0.1163252,0.7670029
969,0.1161544,0.1150537,0.7687918
970,0.1155982,0.1139619,0.7704399
971,0.1150218,0.1130218,0.7719564
972,0.1144372,0.1122113,0.7733516
973,0.1164906,0.10939,0.7741194
974,0.1210663,0.1104947,0.7684391
975,0.1220417,0.1099422,0.7680162
976,0.1218897,0.109214,0.7688963
977,0.1211275,0.1082058,0.7706667
978,0.1200357,0.1070206,0.7729437
979,0.1187758,0.1057721,0.7754521
980,0.1174306,0.1045635,0.778006
981,0.1160086,0.1032973,0.7806941
982,0.1145203,0.1019309,0.7835487
983,0.1129711,0.1003729,0.7866561
984,0.111379,0.09848744,0.7901337
985,0.1139072,0.09713618,0.7889565
986,0.1093323,0.09378017,0.7968875
987,0.1067442,0.08879533,0.8044605
988,0.1051335,0.08112688,0.8137395
989,0.1047083,0.06975836,0.8255334
990,0.1059394,0.05342497,0.8406357
991,0.1092707,0.03170307,0.8590262
992,0.1143706,0.01088687,0.8747425
993,0.1168852,0.02914528,0.8539695
994,0.1220393,0.01635738,0.8616033
995,0.1257223,0.03170327,0.8425744
996,0.1290294,0.04029698,0.8306736
997,0.1184741,0.06112666,0.8203992
998,0.1198427,0.08496874,0.7951885
999,0.1183893,0.1045778,0.777033
1000,0.1173733,0.1191041,0.7635225
1001,0.1171472,0.1279586,0.7548942
1002,0.1175139,0.1319451,0.750541
1003,0.1181527,0.1325996,0.7492478
1004,0.1187517,0.1313268,0.7499215
1005,0.1191986,0.1293808,0.7514206
1006,0.1194248,0.1273208,0.7532544
1007,0.1194418,0.1254049,0.7551532
1008,0.1192918,0.1237245,0.7569838
1009,0.1181393,0.1232632,0.7585974
1010,0.113299,0.1214488,0.7652522
1011,0.1109312,0.1202454,0.7688234
1012,0.1096448,0.119503,0.7708521
1013,0.1089442,0.1191638,0.7718919
1014,0.108599,0.1191633,0.7722377
1015,0.1084934,0.1194411,0.7720655
1016,0.108572,0.1199714,0.7714566
1017,0.1087937,0.1206798,0.7705264
1018,0.1091346,0.1215216,0.7693437
1019,0.1095729,0.1224365,0.7679906
1020,0.1100857,0.1233505,0.7665638
1021,0.115446,0.1234065,0.7611475
1022,0.1192818,0.124221,0.7564972
1023,0.121406,0.1249591,0.753635
1024,0.122512,0.1249672,0.7525209
1025,0.1228599,0.1241482,0.752992
1026,0.1227042,0.122835,0.7544608
1027,0.1222342,0.1213406,0.7564251
1028,0.1215532,0.119778,0.7586689
1029,0.1207464,0.1182872,0.7609665
1030,0.1198539,0.1168843,0.7632618
1031,0.118903,0.1155719,0.765525
1032,0.1179136,0.1143455,0.767741
1033,0.1193164,0.1146944,0.7659892
1034,0.116481,0.112969,0.7705499
1035,0.1149221,0.1118127,0.7732652
1036,0.1137471,0.1107515,0.7755015
1037,0.1128327,0.1098398,0.7773274
1038,0.1121664,0.1091411,0.7786925
1039,0.1117588,0.1087245,0.7795167
1040,0.1116396,0.1088021,0.7795582
1041,0.1118027,0.1094109,0.7787864
1042,0.1122305,0.1106568,0.7771127
1043,0.1128837,0.1125717,0.7745447
1044,0.1137074,0.1150667,0.7712259
1045,0.1165517,0.1180341,0.7654142
1046,0.1175514,0.120757,0.7616916
1047,0.1187809,0.123426,0.757793
1048,0.1198467,0.1253276,0.7548257
1049,0.1207135,0.1262969,0.7529896
1050,0.1213731,0.1264318,0.7521951
1051,0.1218211,0.1259483,0.7522306
1052,0.1220375,0.1249822,0.7529803
1053,0.1220744,0.1238629,0.7540627
1054,0.1219489,0.1226873,0.7553637
1055,0.1216942,0.1215295,0.7567763
1056,0.1213436,0.1204374,0.7582189
1057,0.1171236,0.1177697,0.7651067
1058,0.1181059,0.1175512,0.7643428
1059,0.1179338,0.1168402,0.7652259
1060,0.1175495,0.1161941,0.7662565
1061,0.1170771,0.1155815,0.7673414
1062,0.1165667,0.1150033,0.7684301
1063,0.1160491,0.1144772,0.7694736
1064,0.1155493,0.1140378,0.7704129
1065,0.1150734,0.1136648,0.7712618
1066,0.1146355,0.1133703,0.7719944
1067,0.114247,0.1131624,0.7725905
1068,0.1139197,0.1130503,0.7730301
1069,0.1093972,0.112919,0.7776837
1070,0.1091191,0.1131673,0.7777137
1071,0.1085625,0.1130039,0.7784336
1072,0.1082976,0.1130876,0.7786147
1073,0.1083264,0.1135824,0.7780912
1074,0.1085991,0.1145365,0.7768645
1075,0.1090595,0.115908,0.7750325
1076,0.1096622,0.1176132,0.7727246
1077,0.1103498,0.1194067,0.7702435
1078,0.1110816,0.1210744,0.7678439
1079,0.1118201,0.122422,0.7657579
1080,0.1125311,0.1233217,0.7641472
1081,0.1151448,0.1225166,0.7623386
1082,0.1149271,0.1229281,0.7621449
1083,0.1151093,0.1227606,0.7621301
1084,0.1152959,0.1221674,0.7625366
1085,0.1154219,0.1213623,0.7632158
1086,0.1154674,0.1204696,0.7640629
1087,0.1154311,0.1195619,0.765007
1088,0.1153151,0.1186637,0.7660212
1089,0.1151387,0.1178252,0.7670361
1090,0.114912,0.1170556,0.7680324
1091,0.1146466,0.1163617,0.7689917
1092,0.1143538,0.115747,0.7698992
1093,0.1174957,0.1139626,0.7685417
1094,0.1205189,0.1141851,0.7652959
1095,0.1215188,0.1141593,0.764322
1096,0.1216533,0.1138769,0.7644698
1097,0.1212271,0.1131993,0.7655736
1098,0.1204653,0.1122552,0.7672794
1099,0.1195167,0.1111899,0.7692934
1100,0.1184581,0.110035,0.7715069
1101,0.1173411,0.1088768,0.7737821
1102,0.1161952,0.1076984,0.7761065
1103,0.115047,0.1064656,0.7784874
1104,0.1139288,0.1051343,0.780937
1105,0.1186136,0.1040171,0.7773693
1106,0.1166792,0.1022228,0.7810981
1107,0.1161145,0.1011168,0.7827687
1108,0.1158511,0.1000529,0.7840959
1109,0.1157565,0.09891086,0.7853327
1110,0.1158611,0.09770478,0.7864342
1111,0.1162173,0.0965407,0.7872421
1112,0.1169034,0.09599466,0.7871019
1113,0.1178384,0.09608577,0.7860758
1114,0.1189639,0.09711842,0.7839177
1115,0.1201734,0.09930523,0.7805213
1116,0.1213472,0.1026829,0.77597
1117,0.1133139,0.1133143,0.7733718
1118,0.1118581,0.1201961,0.7679458
1119,0.1091167,0.1224048,0.7684785
1120,0.1080306,0.1233847,0.7685846
1121,0.1083864,0.1248167,0.7667969
1122,0.1096205,0.1273558,0.7630237
