EwEVersion,"6.5.13829.0 (compiled 2016-05-17)"
Date,"2016-09-06 18:01:02"
ModelName,Baltic_Proper-SEALS
EcosimScenario,Proper1_SealVuln100_19742100_seal100_cofF1
TimeSeries,new_data_weights_19742100_seal100_codF1
StartYear,1974

Data,"Prey of other mesozooplankton"

TimeStep,"Cyanobacteria","Phytoplankton","microzooplankton","Detritus-water column",
1,0.04280682,0.5585232,0.1841945,0.2144755
2,0.03914408,0.5794344,0.1844229,0.1969986
3,0.03727721,0.5860372,0.1880639,0.1886217
4,0.03628786,0.5871349,0.1919936,0.1845836
5,0.03575879,0.5862401,0.1952522,0.1827489
6,0.03547649,0.5848047,0.1976785,0.1820404
7,0.03532583,0.5833926,0.1993923,0.1818893
8,0.03524353,0.5821813,0.2005829,0.1819923
9,0.03519486,0.5811884,0.201427,0.1821897
10,0.03516104,0.5803756,0.2020631,0.1824004
11,0.03513219,0.5796929,0.2025897,0.1825852
12,0.03510328,0.5790968,0.2030727,0.1827272
13,0.03574783,0.5726326,0.2052842,0.1863354
14,0.03615527,0.5694742,0.2057343,0.1886363
15,0.03638262,0.5679889,0.2057087,0.1899198
16,0.03649445,0.567299,0.205645,0.1905615
17,0.03653415,0.5669435,0.2057164,0.190806
18,0.03653048,0.5666971,0.2059588,0.1908136
19,0.03650214,0.5664628,0.2063472,0.1906879
20,0.03646115,0.5662091,0.2068337,0.1904961
21,0.03641541,0.5659351,0.2073657,0.1902837
22,0.03637033,0.5656534,0.207893,0.1900833
23,0.03632978,0.5653792,0.2083713,0.1899198
24,0.03629651,0.5651277,0.2087641,0.1898117
25,0.03250096,0.597572,0.199865,0.170062
26,0.03050136,0.6078882,0.2016787,0.1599318
27,0.02949767,0.6102251,0.2049862,0.1552909
28,0.02897471,0.609782,0.2080242,0.1532191
29,0.02870892,0.60855,0.2102448,0.1524962
30,0.02858025,0.6072789,0.2116719,0.1524689
31,0.0285226,0.6061999,0.2124981,0.1527794
32,0.02849969,0.6053397,0.2129267,0.1532339
33,0.02849206,0.6046565,0.2131204,0.1537312
34,0.02848924,0.6040948,0.2131981,0.1542178
35,0.02848608,0.6036071,0.2132374,0.1546695
36,0.02848028,0.6031583,0.2132848,0.1550767
37,0.02923621,0.5950386,0.2161837,0.1595414
38,0.0297146,0.5913022,0.216561,0.1624222
39,0.02999321,0.5896895,0.2161731,0.1641442
40,0.03014404,0.5890422,0.2156775,0.1651363
41,0.03021618,0.5887728,0.2153271,0.165684
42,0.03024171,0.5886083,0.215179,0.165971
43,0.03024082,0.5884383,0.2152093,0.1661117
44,0.03022576,0.5882294,0.2153701,0.1661748
45,0.03020383,0.5879815,0.2156137,0.1662009
46,0.03017984,0.5877077,0.2158946,0.1662179
47,0.03015666,0.5874233,0.216177,0.1662431
48,0.03013609,0.5871419,0.2164341,0.166288
49,0.03093774,0.5786451,0.2196153,0.1708018
50,0.03145641,0.5747375,0.2200999,0.1737062
51,0.03176896,0.5731229,0.2196795,0.1754287
52,0.0319519,0.572601,0.2190138,0.1764332
53,0.03205729,0.5725505,0.2183661,0.1770261
54,0.03211918,0.5726722,0.2178056,0.1774031
55,0.03215848,0.5728362,0.2173244,0.177681
56,0.03218728,0.5729944,0.2168936,0.1779248
57,0.03221211,0.5731344,0.2164866,0.1781669
58,0.03223561,0.5732563,0.2160911,0.1784169
59,0.03225869,0.5733628,0.2157038,0.1786747
60,0.03228132,0.5734558,0.2153275,0.1789355
61,0.03261458,0.5697933,0.216823,0.1807691
62,0.03281827,0.5680166,0.2173198,0.1818455
63,0.03295492,0.5671909,0.2172727,0.1825815
64,0.03304333,0.5668568,0.2170303,0.1830696
65,0.03310096,0.5667596,0.2167349,0.1834045
66,0.03313966,0.5667672,0.2164434,0.1836498
67,0.03316699,0.5668148,0.2161741,0.183844
68,0.03318742,0.5668722,0.2159314,0.184009
69,0.03320351,0.5669261,0.2157151,0.1841553
70,0.03321689,0.5669717,0.2155213,0.1842901
71,0.03322836,0.5670079,0.2153479,0.1844158
72,0.03323831,0.567035,0.2151936,0.184533
73,0.03104035,0.5878413,0.2086895,0.1724289
74,0.02980685,0.5952966,0.2090715,0.1658251
75,0.02913946,0.5973992,0.21096,0.1625013
76,0.02877577,0.5974122,0.2129169,0.1608952
77,0.02857861,0.5967223,0.2144943,0.1602048
78,0.02847176,0.595895,0.2156432,0.15999
79,0.02841237,0.5951313,0.21645,0.1600063
80,0.02837646,0.5944775,0.217026,0.16012
81,0.02835091,0.5939224,0.2174673,0.1602595
82,0.0283287,0.5934381,0.2178448,0.1603883
83,0.02830629,0.5929984,0.2182059,0.1604894
84,0.02828201,0.5925827,0.2185792,0.1605561
85,0.02833143,0.5923536,0.2181364,0.1611786
86,0.02836934,0.5923212,0.2175792,0.1617303
87,0.02837021,0.5923092,0.2173348,0.1619857
88,0.02835414,0.5922378,0.2173126,0.1620955
89,0.02832799,0.5920923,0.217469,0.1621108
90,0.02829501,0.5918803,0.2177684,0.1620563
91,0.02825693,0.5916154,0.2181809,0.1619467
92,0.0282149,0.5913118,0.2186805,0.1617928
93,0.02816995,0.5909821,0.2192435,0.1616044
94,0.02812321,0.590638,0.2198466,0.1613923
95,0.02807615,0.5902896,0.2204644,0.1611699
96,0.02803052,0.5899475,0.2210693,0.1609527
97,0.02749604,0.595001,0.2194951,0.1580077
98,0.02717387,0.5968937,0.2195935,0.156339
99,0.02698083,0.5974079,0.2201729,0.1554383
100,0.02687039,0.5973626,0.2207354,0.1550316
101,0.02681211,0.5971403,0.2211093,0.1549384
102,0.02678706,0.5969041,0.2212617,0.1550471
103,0.02678338,0.5967114,0.2212179,0.1552873
104,0.02679342,0.5965712,0.2210231,0.1556123
105,0.02681205,0.5964725,0.2207259,0.1559895
106,0.0268355,0.5963989,0.2203725,0.1563932
107,0.02686084,0.5963345,0.220002,0.1568026
108,0.02688593,0.5962672,0.2196452,0.1572018
109,0.02786474,0.5862501,0.2227373,0.1631479
110,0.02851846,0.5818404,0.2225263,0.1671148
111,0.02891897,0.5801945,0.2213977,0.1694888
112,0.02915725,0.5798128,0.2201632,0.1708668
113,0.02929422,0.5799268,0.2191451,0.1716339
114,0.02937024,0.5801747,0.2184149,0.1720401
115,0.02941075,0.5804066,0.2179417,0.1722409
116,0.02943115,0.5805755,0.217665,0.1723283
117,0.02944043,0.5806789,0.2175251,0.1723555
118,0.02944366,0.5807293,0.2174755,0.1723515
119,0.02944371,0.5807421,0.2174818,0.1723324
120,0.02944221,0.5807305,0.2175202,0.1723071
121,0.02909405,0.5840046,0.2166713,0.1702301
122,0.02887459,0.5852283,0.2169688,0.1689282
123,0.02875074,0.5855431,0.2174709,0.1682353
124,0.02868042,0.5854896,0.2179575,0.1678724
125,0.02864116,0.5853142,0.218347,0.1676977
126,0.02861954,0.5851222,0.2186307,0.1676276
127,0.02860763,0.5849522,0.2188266,0.1676135
128,0.02860086,0.5848132,0.2189583,0.1676276
129,0.02859674,0.5847018,0.2190464,0.1676551
130,0.02859388,0.5846123,0.219106,0.1676879
131,0.02859157,0.5845385,0.2191477,0.1677222
132,0.02858943,0.5844761,0.2191787,0.1677558
133,0.0312299,0.5541933,0.231939,0.1826377
134,0.03306174,0.537948,0.2366405,0.1923498
135,0.03428453,0.5299152,0.2373912,0.198409
136,0.035037,0.5264158,0.2368297,0.2017176
137,0.0354712,0.525213,0.2360654,0.2032503
138,0.03570895,0.5250673,0.2354631,0.2037607
139,0.03583683,0.525356,0.2350398,0.2037673
140,0.0359114,0.5258027,0.2346891,0.2035968
141,0.03596691,0.5263042,0.2342909,0.203438
142,0.03602333,0.5268335,0.2337482,0.2033949
143,0.03609094,0.5273923,0.2330026,0.2035142
144,0.03617411,0.5279883,0.232029,0.2038086
145,0.03258261,0.5655791,0.2180173,0.183821
146,0.03074454,0.5797991,0.2153892,0.1740672
147,0.02981455,0.5851305,0.2154743,0.1695806
148,0.02934049,0.5868734,0.2161397,0.1676464
149,0.02910131,0.5872094,0.2167376,0.1669517
150,0.02898305,0.5870535,0.2171268,0.1668367
151,0.02892597,0.58677,0.2173337,0.1669704
152,0.02889888,0.5864861,0.2174234,0.1671916
153,0.02888561,0.5862329,0.2174563,0.1674252
154,0.02887783,0.5860072,0.2174772,0.1676377
155,0.02887128,0.5857968,0.2175159,0.1678161
156,0.02886381,0.5855897,0.2175907,0.1679559
157,0.03511448,0.5187548,0.2423567,0.203774
158,0.0406074,0.4742914,0.2507344,0.2343667
159,0.04499038,0.4463129,0.2510824,0.2576142
160,0.04822012,0.4300012,0.2481168,0.2736617
161,0.05042366,0.4213924,0.2445785,0.2836054
162,0.05181392,0.4175052,0.2417459,0.288935
163,0.05261977,0.4162691,0.2399885,0.2911227
164,0.05304257,0.4163719,0.2391889,0.2913966
165,0.05323823,0.417068,0.2390256,0.2906682
166,0.05331711,0.4179859,0.2391401,0.289557
167,0.05335228,0.4189694,0.2392225,0.2884558
168,0.05338861,0.4199698,0.2390503,0.2875913
169,0.04829752,0.4675542,0.224352,0.2597964
170,0.0454196,0.4899721,0.2198729,0.2447354
171,0.04415079,0.500625,0.2161,0.2391242
172,0.04355186,0.5064132,0.2128985,0.2371365
173,0.0432538,0.5097157,0.2105253,0.2365051
174,0.04311581,0.5117031,0.2087185,0.2364626
175,0.04305885,0.512969,0.2073638,0.2366083
176,0.04304044,0.5138242,0.2063795,0.2367558
177,0.04303901,0.5144342,0.2056904,0.2368365
178,0.0430444,0.5148883,0.2052287,0.2368385
179,0.04305189,0.515239,0.2049383,0.2367708
180,0.04305924,0.5155179,0.2047764,0.2366465
181,0.04159889,0.5293952,0.2003724,0.2286335
182,0.04068775,0.5359922,0.1996188,0.2237012
183,0.04014154,0.5389307,0.2001396,0.2207882
184,0.03981823,0.5400659,0.2010406,0.2190754
185,0.03962822,0.5403633,0.2019543,0.2180542
186,0.03951576,0.5403093,0.2027602,0.2174148
187,0.0394467,0.5401363,0.2034456,0.2169714
188,0.03940037,0.5399458,0.204039,0.2166148
189,0.03936441,0.539775,0.204579,0.2162816
190,0.03933173,0.5396308,0.2051005,0.215937
191,0.03929827,0.5395085,0.2056311,0.2155621
192,0.03926174,0.5394,0.2061911,0.2151471
193,0.03838547,0.5472969,0.2040701,0.2102476
194,0.03782584,0.5508764,0.2041704,0.2071273
195,0.03747211,0.5523292,0.2050597,0.205139
196,0.03724705,0.5527534,0.2061571,0.2038424
197,0.03710047,0.5527223,0.2072209,0.2029564
198,0.03700113,0.5525224,0.2081658,0.2023107
199,0.03693027,0.5522889,0.2089736,0.2018072
200,0.03687708,0.5520797,0.2096505,0.2013928
201,0.03683569,0.5519149,0.2102082,0.2010412
202,0.03680331,0.5517985,0.2106549,0.2007432
203,0.03677879,0.5517282,0.2109956,0.2004974
204,0.03676174,0.5516996,0.2112334,0.2003053
205,0.04037965,0.5174627,0.2225704,0.2195871
206,0.043116,0.4978693,0.2252925,0.2337221
207,0.04502542,0.4874476,0.2244457,0.2430812
208,0.04628179,0.4825656,0.2223454,0.2488073
209,0.0470682,0.480788,0.2201176,0.2520261
210,0.04754404,0.4805979,0.2181829,0.2536753
211,0.04783093,0.4811231,0.2166025,0.2544433
212,0.04801306,0.4819075,0.21529,0.2547894
213,0.04814377,0.4827385,0.2141274,0.2549904
214,0.04825182,0.4835352,0.2130342,0.2551789
215,0.04835117,0.484275,0.2119686,0.2554052
216,0.04844679,0.4849584,0.2109233,0.2556714
217,0.04383881,0.5264356,0.1982116,0.2315141
218,0.04125236,0.5441337,0.1962501,0.2183638
219,0.03984936,0.5512556,0.1973271,0.211568
220,0.03908483,0.5537098,0.1990975,0.2081079
221,0.0386732,0.5541803,0.2007222,0.2064242
222,0.03845702,0.5538988,0.20197,0.2056741
223,0.0383476,0.55341,0.202846,0.2053964
224,0.03829483,0.5529328,0.2034316,0.2053407
225,0.03827067,0.5525366,0.2038189,0.2053739
226,0.0382596,0.5522271,0.2040858,0.2054275
227,0.03825336,0.5519873,0.2042908,0.2054684
228,0.03824765,0.5517958,0.2044743,0.2054822
229,0.0389392,0.5446293,0.2074142,0.2090172
230,0.03938116,0.5409283,0.208556,0.2111345
231,0.03965592,0.539074,0.2089212,0.2123488
232,0.03981476,0.5381993,0.2090393,0.2129466
233,0.03989799,0.5378065,0.2091434,0.2131522
234,0.03993416,0.5376276,0.2093166,0.2131217
235,0.03994239,0.537529,0.2095704,0.2129583
236,0.03993507,0.5374513,0.2098857,0.2127279
237,0.03992013,0.5373741,0.2102333,0.2124725
238,0.0399026,0.5372955,0.2105826,0.2122193
239,0.03988571,0.5372219,0.2109066,0.2119858
240,0.03987147,0.5371617,0.211183,0.2117839
241,0.03827935,0.5503618,0.2082374,0.2031215
242,0.03729473,0.5557347,0.2091637,0.1978068
243,0.03674734,0.5575411,0.2107206,0.194991
244,0.03644555,0.5578551,0.2121564,0.1935429
245,0.03628563,0.5576259,0.2132179,0.1928706
246,0.03620632,0.5572725,0.2138922,0.192629
247,0.03617128,0.5569586,0.2142545,0.1926157
248,0.03615926,0.5567296,0.214398,0.1927132
249,0.03615809,0.5565814,0.2144053,0.1928552
250,0.0361614,0.5564943,0.2143359,0.1930084
251,0.03616591,0.5564469,0.214231,0.1931563
252,0.03617003,0.5564219,0.2141162,0.1932919
253,0.035679,0.5626994,0.2104782,0.1911434
254,0.03539534,0.5658959,0.2085889,0.1901199
255,0.03520482,0.5675182,0.2077953,0.1894816
256,0.03508528,0.5682727,0.2074858,0.1891562
257,0.03501153,0.5685716,0.2073937,0.1890232
258,0.03496564,0.5686393,0.207399,0.188996
259,0.03493599,0.5685933,0.2074503,0.1890204
260,0.03491534,0.5684925,0.2075283,0.189064
261,0.03489934,0.5683653,0.2076265,0.1891089
262,0.03488547,0.5682247,0.2077437,0.1891461
263,0.03487237,0.5680767,0.2078793,0.1891716
264,0.03485934,0.5679238,0.2080323,0.1891845
265,0.03815434,0.5347435,0.2206384,0.2064637
266,0.04053209,0.515995,0.2251339,0.2183389
267,0.04215537,0.5060393,0.2258226,0.2259827
268,0.04318201,0.50125,0.2251925,0.2303755
269,0.0437867,0.4992612,0.2243893,0.2325629
270,0.04411872,0.4986556,0.2238206,0.2334052
271,0.04429054,0.4986603,0.2235176,0.2335316
272,0.0443802,0.4989005,0.2233525,0.2333667
273,0.04443815,0.4992244,0.2231605,0.2331771
274,0.04449365,0.4995889,0.2228088,0.2331086
275,0.04456158,0.4999952,0.2222171,0.2332262
276,0.04464648,0.5004532,0.2213647,0.2335357
277,0.04583967,0.4920591,0.2222664,0.2398349
278,0.04674293,0.4880002,0.2206384,0.2446183
279,0.04736538,0.4864207,0.2183747,0.2478392
280,0.04778556,0.4861829,0.2160809,0.2499507
281,0.04806584,0.486601,0.2140302,0.2513031
282,0.04825263,0.4872844,0.2123102,0.2521528
283,0.04837856,0.4880258,0.2109183,0.2526773
284,0.04846548,0.4887259,0.209815,0.2529936
285,0.04852739,0.4893456,0.2089514,0.2531757
286,0.04857315,0.4898765,0.2082806,0.2532698
287,0.04860825,0.4903248,0.2077626,0.2533043
288,0.04863598,0.4907021,0.2073655,0.2532964
289,0.04424678,0.5291269,0.1959426,0.2306836
290,0.04174939,0.5455748,0.1944595,0.2182163
291,0.04036885,0.5521346,0.1958482,0.2116484
292,0.03959925,0.5542957,0.1978822,0.2082229
293,0.03917143,0.5545834,0.1997507,0.2064945
294,0.03893562,0.5541632,0.2012265,0.2056746
295,0.0388065,0.5535527,0.2023151,0.2053256
296,0.0387351,0.5529597,0.2031003,0.2052049
297,0.03869359,0.5524493,0.2036769,0.2051802
298,0.03866649,0.5520259,0.2041249,0.2051827
299,0.03864537,0.5516719,0.2045045,0.2051781
300,0.0386258,0.5513662,0.2048571,0.2051509
301,0.03506302,0.5831809,0.1951948,0.1865612
302,0.03313507,0.5946972,0.1953209,0.1768469
303,0.0320887,0.598152,0.1978644,0.171895
304,0.0315087,0.5983846,0.2007036,0.169403
305,0.0311836,0.5974643,0.203137,0.1682151
306,0.03099864,0.5962598,0.2050283,0.1677132
307,0.03088989,0.5951027,0.2064477,0.1675598
308,0.03082166,0.5940898,0.2075173,0.1675712
309,0.03077427,0.5932237,0.2083519,0.1676502
310,0.03073687,0.5924754,0.2090423,0.1677454
311,0.03070391,0.5918118,0.2096509,0.1678333
312,0.03067269,0.5912061,0.2102163,0.1679049
313,0.03534894,0.5439796,0.2274094,0.1932621
314,0.03908291,0.515835,0.2320998,0.2129822
315,0.04178047,0.500315,0.2313697,0.2265348
316,0.04357782,0.4927038,0.2287763,0.2349421
317,0.04468211,0.4896061,0.2261714,0.2395404
318,0.04530511,0.488809,0.2242741,0.2416117
319,0.04562427,0.4890177,0.2231712,0.2421868
320,0.04577115,0.4895679,0.2226543,0.2420067
321,0.04583568,0.49018,0.2224188,0.2415656
322,0.04587344,0.4907783,0.2221911,0.2411571
323,0.04591593,0.4913732,0.2217732,0.2409378
324,0.04597778,0.4919962,0.2210588,0.2409673
325,0.04560986,0.4969942,0.2184234,0.2389726
326,0.04542531,0.5000201,0.2164603,0.2380944
327,0.04535177,0.5019992,0.2147981,0.237851
328,0.04534828,0.5033983,0.21326,0.2379934
329,0.04538288,0.5044704,0.2118221,0.2383246
330,0.04543433,0.5053433,0.2105073,0.238715
331,0.04548993,0.5060782,0.2093429,0.2390889
332,0.04554269,0.5067042,0.2083458,0.2394073
333,0.0455893,0.5072368,0.2075197,0.2396543
334,0.04562921,0.5076857,0.2068525,0.2398326
335,0.04566279,0.5080607,0.2063267,0.2399499
336,0.04569071,0.5083715,0.2059227,0.240015
337,0.04606222,0.5055076,0.2066125,0.2418176
338,0.04631326,0.5040749,0.2066727,0.2429391
339,0.04647637,0.5034276,0.2065173,0.2435787
340,0.04657876,0.5032004,0.2063279,0.2438929
341,0.04664049,0.5031809,0.2061847,0.2439939
342,0.04667542,0.5032508,0.2061169,0.2439568
343,0.04669273,0.5033479,0.2061295,0.2438298
344,0.04669835,0.5034418,0.2062167,0.2436431
345,0.04669615,0.5035192,0.2063688,0.2434158
346,0.04668833,0.5035762,0.2065773,0.2431581
347,0.04667646,0.5036125,0.2068334,0.2428777
348,0.04666167,0.5036297,0.2071282,0.2425805
349,0.03896314,0.5672441,0.1913757,0.202417
350,0.03520881,0.5872549,0.1942419,0.1832943
351,0.03336852,0.5924369,0.1997804,0.1744141
352,0.03241317,0.5924971,0.2049242,0.1701655
353,0.03190977,0.5909755,0.2088909,0.1682237
354,0.03164407,0.589211,0.2116945,0.1674504
355,0.03150272,0.5876533,0.2135927,0.1672513
356,0.03142447,0.5863943,0.2148691,0.1673121
357,0.03137647,0.5853962,0.2157579,0.1674695
358,0.03134136,0.5845879,0.2164293,0.1676415
359,0.03131042,0.5839025,0.2169964,0.1677906
360,0.03127951,0.5832896,0.2175286,0.1679023
361,0.03529324,0.5442436,0.2308626,0.1896006
362,0.03843123,0.5221483,0.2331257,0.2062947
363,0.04061145,0.5107002,0.2313371,0.2173513
364,0.04201188,0.5055881,0.228417,0.2239832
365,0.04284012,0.5038657,0.2258151,0.2274791
366,0.04328523,0.5037219,0.2240358,0.228957
367,0.04349506,0.5041619,0.2230798,0.2292633
368,0.04357374,0.5047148,0.222733,0.2289785
369,0.04358972,0.5052094,0.2227253,0.2284757
370,0.04358632,0.5056243,0.2228015,0.2279879
371,0.04358915,0.5059996,0.2227619,0.2276493
372,0.04361163,0.5063869,0.2224754,0.227526
373,0.04421847,0.5016585,0.2236476,0.2304754
374,0.04466033,0.4994921,0.2232478,0.2325997
375,0.04498449,0.4987579,0.2220932,0.2341644
376,0.0452291,0.4988209,0.2205795,0.2353704
377,0.04542033,0.4993031,0.2189311,0.2363454
378,0.04557437,0.4999831,0.2172833,0.2371593
379,0.04570086,0.5007321,0.215721,0.2378459
380,0.0458056,0.5014765,0.2142961,0.2384218
381,0.04589243,0.5021749,0.2130362,0.2388965
382,0.04596398,0.5028062,0.2119532,0.2392765
383,0.04602258,0.5033619,0.2110449,0.2395706
384,0.04607037,0.5038412,0.2102992,0.2397892
385,0.04622437,0.503423,0.2097749,0.2405778
386,0.04633648,0.5033717,0.209172,0.2411198
387,0.04641129,0.5035011,0.2086527,0.2414349
388,0.04646055,0.5036987,0.2082459,0.2415949
389,0.04649229,0.5039064,0.2079534,0.2416479
390,0.04651169,0.5040969,0.2077667,0.2416246
391,0.046522,0.5042596,0.2076749,0.2415435
392,0.04652504,0.5043918,0.2076687,0.2414146
393,0.04652185,0.5044938,0.2077412,0.2412431
394,0.0465133,0.5045677,0.207885,0.2410339
395,0.04649998,0.5046158,0.2080938,0.2407903
396,0.04648234,0.5046406,0.2083619,0.2405151
397,0.04774539,0.4951987,0.2098913,0.2471647
398,0.04865346,0.4903822,0.20909,0.2518743
399,0.04921373,0.4882756,0.2079382,0.2545726
400,0.04954176,0.4875984,0.2068871,0.2559728
401,0.04971967,0.4876057,0.2061157,0.2565589
402,0.04980498,0.4878881,0.2056465,0.2566604
403,0.04983636,0.4882392,0.2054312,0.2564932
404,0.04983884,0.4885681,0.2053982,0.2561949
405,0.04982809,0.4888467,0.2054751,0.2558502
406,0.0498134,0.4890761,0.2056019,0.2555085
407,0.04980015,0.4892696,0.2057322,0.255198
408,0.04979121,0.4894429,0.2058325,0.2549334
409,0.04399817,0.5377129,0.1929152,0.2253737
410,0.04086602,0.5566942,0.1925664,0.2098734
411,0.03921841,0.5635328,0.1950971,0.2021517
412,0.03833281,0.5653925,0.1979534,0.1983213
413,0.03785827,0.5653045,0.2003152,0.1965221
414,0.03760752,0.5645806,0.2020361,0.1957758
415,0.03747693,0.5637604,0.2032105,0.1955522
416,0.03740855,0.563035,0.2039926,0.1955639
417,0.03737026,0.562445,0.2045259,0.1956588
418,0.03734469,0.561974,0.2049215,0.1957597
419,0.03732267,0.5615901,0.2052567,0.1958306
420,0.03729966,0.5612628,0.2055809,0.1958567
421,0.03754453,0.5582653,0.2070046,0.1971855
422,0.03768253,0.5566633,0.2077557,0.1978985
423,0.03775363,0.5557758,0.2082253,0.1982452
424,0.03777811,0.5552564,0.20863,0.1983355
425,0.03777284,0.554913,0.2090495,0.1982647
426,0.03774991,0.5546481,0.2095011,0.1981009
427,0.03771766,0.5544175,0.2099729,0.1978918
428,0.03768195,0.5542051,0.2104412,0.1976717
429,0.03764699,0.5540087,0.2108784,0.1974659
430,0.03761595,0.5538324,0.2112568,0.1972948
431,0.03759115,0.5536826,0.2115527,0.1971736
432,0.03757415,0.553565,0.2117477,0.1971131
433,0.04088024,0.5215479,0.2236965,0.2138753
434,0.04325265,0.5033411,0.2280948,0.2253114
435,0.04488725,0.4935551,0.2287646,0.232793
436,0.04593437,0.4887789,0.2280794,0.2372074
437,0.04657336,0.4867725,0.2270577,0.2395965
438,0.04695638,0.4861885,0.2260432,0.2408119
439,0.04719661,0.4862854,0.225052,0.241466
440,0.04737043,0.4866942,0.2239776,0.2419577
441,0.04752371,0.4872532,0.2227097,0.2425134
442,0.04767729,0.4879003,0.2212073,0.2432151
443,0.04783595,0.4886091,0.2195009,0.244054
444,0.04799496,0.4893591,0.2176789,0.2449671
445,0.04812584,0.4884357,0.2181027,0.2453358
446,0.04817237,0.4879162,0.218706,0.2452053
447,0.04822206,0.4875567,0.2190463,0.2451748
448,0.0482696,0.4873212,0.219222,0.2451872
449,0.04831515,0.487175,0.2192802,0.2452296
450,0.04835889,0.4870938,0.2192541,0.2452932
451,0.04840075,0.4870596,0.2191695,0.2453701
452,0.04844041,0.4870595,0.2190476,0.2454525
453,0.04847742,0.4870834,0.2189061,0.245533
454,0.04851175,0.4871233,0.2187567,0.2456083
455,0.04854335,0.487173,0.218608,0.2456756
456,0.04857218,0.4872286,0.2184664,0.2457329
457,0.04822639,0.4935881,0.2134891,0.2446965
458,0.04816221,0.4977253,0.2087885,0.2453239
459,0.04809159,0.5006131,0.2056632,0.2456321
460,0.04802147,0.5026194,0.203638,0.2457211
461,0.04795831,0.5039795,0.2023779,0.2456843
462,0.04790448,0.5048726,0.2016435,0.2455793
463,0.04785907,0.5054367,0.2012714,0.2454329
464,0.04781954,0.5057736,0.2011537,0.2452531
465,0.04778299,0.5059562,0.2012217,0.2450392
466,0.04774679,0.506034,0.201432,0.2447872
467,0.04770884,0.5060403,0.2017579,0.2444928
468,0.04766713,0.5059943,0.202189,0.2441496
469,0.04159425,0.5555638,0.1897623,0.2130796
470,0.0383954,0.5733957,0.1910699,0.197139
471,0.03673265,0.5788947,0.1951105,0.1892621
472,0.03583467,0.5796381,0.1992271,0.1853002
473,0.03534246,0.5786888,0.2026149,0.1833539
474,0.03506979,0.5773116,0.2051653,0.1824533
475,0.03491515,0.5759902,0.2070144,0.1820801
476,0.03482236,0.5748693,0.2083529,0.1819554
477,0.03476061,0.5739562,0.2093514,0.1819318
478,0.03471329,0.5732107,0.2101414,0.1819346
479,0.03467208,0.5725865,0.2108102,0.1819311
480,0.03463316,0.5720458,0.2114107,0.1819104
481,0.03699564,0.5508891,0.217472,0.1946432
482,0.03869658,0.5401012,0.2174694,0.2037328
483,0.03977493,0.5352393,0.2157415,0.2092443
484,0.04042209,0.5335118,0.2136973,0.2123689
485,0.04078362,0.5332701,0.2119878,0.2139585
486,0.04096743,0.5336152,0.2107912,0.2146261
487,0.04104753,0.5341066,0.2100641,0.2147818
488,0.04107163,0.5345607,0.2096831,0.2146846
489,0.04106931,0.5349255,0.2095131,0.2144922
490,0.04105768,0.5352068,0.2094428,0.2142927
491,0.04104652,0.53543,0.2093881,0.2141354
492,0.04104111,0.5356213,0.2092927,0.2140448
493,0.04226738,0.5250212,0.2123751,0.2203362
494,0.04311698,0.5196735,0.2126198,0.2245897
495,0.04366984,0.5172571,0.2118264,0.2272468
496,0.04402189,0.5164137,0.2107026,0.2288618
497,0.04424495,0.5163535,0.2095665,0.2298349
498,0.04438927,0.5166408,0.2085325,0.2304375
499,0.04448754,0.5170509,0.2076227,0.2308388
500,0.04455941,0.5174769,0.2068288,0.2311349
501,0.04461587,0.5178733,0.2061369,0.231374
502,0.04466359,0.5182244,0.2055278,0.2315842
503,0.0447057,0.5185294,0.2049897,0.2317753
504,0.04474356,0.5187922,0.2045152,0.2319491
505,0.04310385,0.5334752,0.1998657,0.2235552
506,0.04209744,0.5402415,0.1991176,0.2185433
507,0.041514,0.5431121,0.1995947,0.2157793
508,0.04118388,0.5441131,0.2003783,0.2143247
509,0.04100293,0.5442755,0.2011071,0.2136145
510,0.04090745,0.5441069,0.2016759,0.2133097
511,0.04085908,0.5438434,0.2020863,0.2132112
512,0.04083524,0.5435833,0.2023758,0.2132057
513,0.04082302,0.5433585,0.2025869,0.2132316
514,0.04081495,0.5431727,0.2027579,0.2132545
515,0.04080717,0.5430179,0.202917,0.213258
516,0.04079778,0.5428839,0.2030825,0.2132357
517,0.04077622,0.5426533,0.2034769,0.2130936
518,0.04074886,0.5424132,0.2039424,0.2128956
519,0.04072817,0.5421721,0.2043575,0.2127422
520,0.04070805,0.5419497,0.2047506,0.2125915
521,0.04068722,0.5417472,0.2051305,0.2124351
522,0.04066538,0.5415623,0.2055009,0.2122714
523,0.04064273,0.5413926,0.2058627,0.212102
524,0.04061966,0.5412364,0.2062141,0.2119298
525,0.04059668,0.5410932,0.2065516,0.2117586
526,0.04057433,0.5409628,0.2068704,0.2115925
527,0.04055319,0.5408459,0.207165,0.2114359
528,0.04053387,0.5407432,0.2074296,0.2112934
529,0.040768,0.5386078,0.2081265,0.2124977
530,0.04092197,0.5375941,0.2082091,0.2132749
531,0.0410101,0.537173,0.2081304,0.2136865
532,0.04105999,0.5370421,0.2079996,0.2138982
533,0.04108787,0.5370453,0.2078644,0.2140025
534,0.04110412,0.5371038,0.2077356,0.2140565
535,0.04111505,0.5371814,0.2076095,0.2140941
536,0.04112427,0.5372626,0.2074795,0.2141336
537,0.04113365,0.5373426,0.2073404,0.2141833
538,0.04114388,0.5374201,0.2071906,0.2142454
539,0.04115508,0.5374953,0.2070312,0.2143185
540,0.04116698,0.5375683,0.2068653,0.2143995
541,0.04238742,0.5268033,0.2101624,0.2206469
542,0.04322273,0.5212933,0.210689,0.2247951
543,0.04376196,0.5187012,0.2101855,0.2273512
544,0.04409539,0.5176848,0.2093911,0.2288288
545,0.04429411,0.5174541,0.2086288,0.229623
546,0.04440905,0.5175731,0.2080079,0.23001
547,0.04447432,0.5178169,0.207539,0.2301698
548,0.04451154,0.5180813,0.2071947,0.2302125
549,0.04453382,0.5183245,0.2069396,0.2302021
550,0.04454877,0.5185357,0.2067415,0.230174
551,0.04456057,0.518717,0.2065767,0.2301457
552,0.0445713,0.5188748,0.2064293,0.2301245
553,0.0445093,0.5195285,0.2062454,0.2297168
554,0.04446876,0.519872,0.2062332,0.229426
555,0.0444507,0.5200514,0.2062258,0.2292721
556,0.04444518,0.5201573,0.2062049,0.2291925
557,0.0444469,0.5202337,0.2061636,0.2291557
558,0.04445247,0.5203013,0.2061046,0.2291417
559,0.04445972,0.5203687,0.2060339,0.2291377
560,0.04446733,0.5204383,0.2059587,0.2291357
561,0.04447456,0.5205094,0.2058847,0.2291314
562,0.04448108,0.5205806,0.2058153,0.2291229
563,0.04448675,0.5206509,0.2057531,0.2291093
564,0.04449152,0.520719,0.2056991,0.2290904
565,0.04665629,0.50231,0.2109708,0.2400629
566,0.04820955,0.4921443,0.2119553,0.2476908
567,0.04924238,0.4869119,0.2113476,0.2524982
568,0.04989585,0.4845296,0.2102587,0.2553158
569,0.05029005,0.4836849,0.2092022,0.2568228
570,0.05051805,0.4835983,0.2083538,0.2575299
571,0.05064633,0.4838381,0.2077243,0.2577913
572,0.05071929,0.4841862,0.2072584,0.2578361
573,0.05076474,0.4845451,0.2068877,0.2578023
574,0.05079881,0.4848813,0.2065557,0.2577643
575,0.05083008,0.4851893,0.2062232,0.2577574
576,0.05086255,0.4854752,0.2058692,0.257793
577,0.04733211,0.5152596,0.1973885,0.2400198
578,0.04523311,0.5288206,0.1961689,0.2297774
579,0.04405231,0.5345864,0.1970498,0.2243115
580,0.04339546,0.5367263,0.1983783,0.2214999
581,0.04303824,0.5372581,0.1995511,0.2201525
582,0.04284989,0.5371484,0.2004145,0.2195873
583,0.04275402,0.5368397,0.2009907,0.2194156
584,0.04270641,0.5365164,0.2013572,0.2194201
585,0.04268195,0.5362399,0.201595,0.2194831
586,0.04266687,0.5360186,0.2017697,0.2195449
587,0.04265379,0.5358412,0.2019286,0.2195765
588,0.04263895,0.5356919,0.2021034,0.2195658
589,0.04194497,0.5415525,0.2003867,0.2161159
590,0.04149758,0.5442575,0.2002853,0.2139596
591,0.04121478,0.5453576,0.2007819,0.2126457
592,0.04103545,0.5456546,0.2014652,0.2118447
593,0.04091852,0.5455774,0.2021658,0.2113383
594,0.04083779,0.5453452,0.2028269,0.2109902
595,0.04077718,0.5450629,0.2034401,0.2107198
596,0.04072729,0.5447769,0.2040136,0.2104823
597,0.04068289,0.5445045,0.2045574,0.2102551
598,0.04064141,0.5442505,0.2050786,0.2100295
599,0.040602,0.5440142,0.2055783,0.2098056
600,0.04056486,0.5437944,0.2060519,0.2095889
601,0.04020867,0.5462259,0.2058599,0.2077055
602,0.03997011,0.5472226,0.2063481,0.2064592
603,0.03982486,0.5475072,0.206931,0.205737
604,0.03973732,0.5474762,0.2074543,0.2053322
605,0.03968759,0.5473271,0.2078491,0.2051362
606,0.03966295,0.547156,0.2081001,0.2050809
607,0.03965528,0.5470048,0.2082169,0.2051231
608,0.03965925,0.5468879,0.2082185,0.2052344
609,0.03967132,0.5468063,0.2081266,0.2053958
610,0.03968875,0.5467558,0.2079642,0.2055913
611,0.0397094,0.5467298,0.207753,0.2058078
612,0.03973149,0.5467215,0.207513,0.2060339
613,0.04266933,0.5208768,0.2152817,0.2211721
614,0.04482934,0.5066099,0.2165123,0.2320485
615,0.04629416,0.4993213,0.2152695,0.2391151
616,0.04723441,0.4960926,0.2132765,0.2433965
617,0.04780719,0.4950462,0.2113554,0.2457913
618,0.04813994,0.4950528,0.2098033,0.247004
619,0.048326,0.4954855,0.2086535,0.247535
620,0.04842839,0.4960293,0.2078307,0.2477117
621,0.04848691,0.4965469,0.2072334,0.2477328
622,0.04852536,0.4969939,0.2067695,0.2477111
623,0.04855679,0.4973687,0.2063712,0.2477033
624,0.04858761,0.497685,0.2059952,0.2477322
625,0.04661604,0.5148763,0.2007697,0.2377379
626,0.04539984,0.5231453,0.1996864,0.2317684
627,0.04469331,0.5268946,0.1999379,0.2284742
628,0.04429624,0.528416,0.2005256,0.2267622
629,0.04408257,0.5288977,0.2010659,0.2259538
630,0.04397416,0.5289378,0.2014525,0.2256357
631,0.04392347,0.5288221,0.2016918,0.2255627
632,0.04390228,0.5286761,0.2018276,0.225594
633,0.04389426,0.5285458,0.2019078,0.2256521
634,0.04389045,0.5284411,0.2019711,0.2256973
635,0.04388611,0.5283577,0.2020449,0.2257112
636,0.04387893,0.5282873,0.2021468,0.2256869
637,0.04407502,0.5264241,0.2028312,0.2266697
638,0.04419354,0.5254372,0.2031615,0.2272078
639,0.04425881,0.5249196,0.2033688,0.2274528
640,0.04428734,0.5246481,0.2035669,0.2274976
641,0.04429196,0.5244956,0.2037982,0.2274142
642,0.04428165,0.5243943,0.2040715,0.2272526
643,0.04426257,0.5243115,0.2043793,0.2270467
644,0.04423894,0.5242333,0.2047077,0.22682
645,0.04421373,0.5241561,0.2050404,0.2265897
646,0.04418905,0.5240809,0.2053618,0.2263683
647,0.04416648,0.5240107,0.2056572,0.2261656
648,0.04414725,0.5239491,0.2059141,0.2259896
649,0.04159585,0.545763,0.199578,0.2130633
650,0.04009528,0.5551187,0.1990777,0.2057083
651,0.03924563,0.5587565,0.2002265,0.2017714
652,0.03877201,0.5598188,0.2016434,0.1997658
653,0.03851501,0.5598083,0.2028371,0.1988396
654,0.03838056,0.5594234,0.2036985,0.1984976
655,0.03831333,0.5589674,0.2042657,0.1984536
656,0.0382811,0.5585538,0.2046195,0.1985456
657,0.03826552,0.5582105,0.2048393,0.1986847
658,0.03825641,0.5579305,0.2049891,0.198824
659,0.03824841,0.5576968,0.2051139,0.1989409
660,0.03823885,0.5574919,0.2052434,0.1990258
661,0.03830673,0.5567401,0.2054338,0.1995193
662,0.03834603,0.5563526,0.2054545,0.1998469
663,0.03835734,0.5561374,0.2055103,0.199995
664,0.03835242,0.5559874,0.2056216,0.2000387
665,0.03833726,0.555854,0.2057949,0.2000139
666,0.03831565,0.5557165,0.2060241,0.1999439
667,0.03829017,0.5555681,0.2062974,0.1998444
668,0.03826264,0.5554091,0.2066011,0.1997272
669,0.03823447,0.5552425,0.206921,0.199602
670,0.03820679,0.5550728,0.2072436,0.1994769
671,0.03818061,0.5549042,0.207556,0.1993593
672,0.03815681,0.5547407,0.2078464,0.199256
673,0.03811639,0.5544232,0.2084583,0.1990022
674,0.03807761,0.5541277,0.2090371,0.1987576
675,0.0380594,0.553855,0.2094212,0.1986644
676,0.03804918,0.5536349,0.209683,0.198633
677,0.03804521,0.5534641,0.2098398,0.1986509
678,0.03804673,0.5533357,0.2099052,0.1987124
679,0.0380531,0.5532427,0.2098918,0.1988123
680,0.03806368,0.5531785,0.2098123,0.1989455
681,0.03807773,0.5531375,0.2096786,0.1991061
682,0.03809422,0.553114,0.2095056,0.1992862
683,0.03811212,0.5531029,0.209307,0.1994779
684,0.03813045,0.5530997,0.2090963,0.1996736
685,0.04001335,0.5361295,0.2143881,0.2094691
686,0.0413279,0.5273147,0.215231,0.2161263
687,0.04218462,0.5231134,0.2144242,0.2202778
688,0.04271597,0.5214234,0.2131625,0.2226981
689,0.04303125,0.5209885,0.211974,0.2240063
690,0.04321127,0.5211086,0.2110323,0.2246478
691,0.04331118,0.5214245,0.2103461,0.2249181
692,0.04336635,0.5217708,0.2098625,0.2250003
693,0.04339813,0.5220838,0.2095178,0.2250003
694,0.04341912,0.5223485,0.2092546,0.2249778
695,0.04343615,0.5225701,0.2090313,0.2249624
696,0.04345261,0.5227603,0.208821,0.2249661
697,0.04100213,0.544551,0.2020283,0.2124186
698,0.0395654,0.5539987,0.2011319,0.205304
699,0.03875554,0.5577722,0.2019566,0.2015156
700,0.03830598,0.5589719,0.2031309,0.1995913
701,0.03806263,0.5590824,0.2041572,0.1986977
702,0.03793496,0.5587976,0.2049142,0.1983533
703,0.03786994,0.5584212,0.2054269,0.198282
704,0.03783689,0.5580695,0.2057645,0.1983292
705,0.03781843,0.5577734,0.2059977,0.1984104
706,0.03780502,0.5575293,0.2061834,0.1984822
707,0.03779162,0.5573224,0.2063622,0.1985238
708,0.03777574,0.5571373,0.2065605,0.1985264
709,0.03873908,0.5479937,0.2097059,0.2035614
710,0.03936791,0.543416,0.2104828,0.2067334
711,0.03974761,0.5412757,0.2104447,0.2085319
712,0.03995857,0.5403858,0.2102357,0.2094199
713,0.04006121,0.5400786,0.2101215,0.2097387
714,0.04009799,0.5400048,0.210174,0.2097231
715,0.04009733,0.5399977,0.2103759,0.209529
716,0.04007788,0.5399899,0.2106747,0.2092575
717,0.04005178,0.5399636,0.2110097,0.208975
718,0.04002688,0.5399236,0.2113246,0.2087249
719,0.0400082,0.539883,0.2115733,0.2085355
720,0.03999868,0.5398549,0.2117228,0.2084236
721,0.0414348,0.5269384,0.2158763,0.2157504
722,0.04242994,0.5202714,0.2166246,0.220674
723,0.04308141,0.5171176,0.2160452,0.2237558
724,0.04349665,0.5158726,0.2150147,0.2256161
725,0.04376044,0.515594,0.2139149,0.2267307
726,0.04393289,0.5157623,0.2128793,0.2274256
727,0.04405293,0.5161103,0.211933,0.2279038
728,0.04414391,0.516511,0.2110657,0.2282794
729,0.04421858,0.5169101,0.2102629,0.2286084
730,0.04428323,0.5172878,0.2095165,0.2289125
731,0.04434051,0.517639,0.2088254,0.2291951
732,0.04439122,0.5179635,0.2081931,0.2294522
733,0.04203662,0.5391602,0.2013298,0.2174734
734,0.04064075,0.5486152,0.2001299,0.2106142
735,0.0398454,0.5525443,0.2006893,0.206921
736,0.03939794,0.5539051,0.2016859,0.2050111
737,0.0391504,0.5541413,0.2026211,0.2040871
738,0.03901539,0.5539418,0.203356,0.2036868
739,0.03894152,0.5536162,0.203897,0.2035452
740,0.03889892,0.5532898,0.2042982,0.2035131
741,0.03887052,0.5530009,0.2046196,0.203509
742,0.03884688,0.5527512,0.2049118,0.2034901
743,0.03882287,0.5525296,0.2052118,0.2034356
744,0.03879593,0.5523232,0.2055443,0.2033366
745,0.04203616,0.522685,0.2152276,0.2200512
746,0.04441756,0.5059607,0.2176801,0.2319416
747,0.04601884,0.4971685,0.217329,0.2394836
748,0.04701521,0.4930555,0.2161729,0.2437565
749,0.04757955,0.4914811,0.2151688,0.2457705
750,0.0478593,0.4911372,0.2146442,0.2463593
751,0.04796854,0.4912924,0.2145858,0.2461534
752,0.04799022,0.4915847,0.2148207,0.2456045
753,0.04798186,0.4918709,0.2151234,0.2450239
754,0.04798086,0.4921233,0.215284,0.2446118
755,0.04800834,0.4923638,0.2151508,0.2444771
756,0.04807238,0.4926246,0.2146507,0.2446524
757,0.04651526,0.507077,0.209599,0.2368087
758,0.04559026,0.5142466,0.2077799,0.2323833
759,0.04509428,0.517732,0.2069277,0.230246
760,0.04485527,0.519393,0.2063144,0.2294372
761,0.04476102,0.5201952,0.2057082,0.2293356
762,0.04474153,0.52062,0.2050791,0.2295593
763,0.04475556,0.5208921,0.2044626,0.2298897
764,0.04478026,0.5211051,0.2039025,0.2302122
765,0.04480409,0.5212898,0.203432,0.230474
766,0.0448218,0.5214519,0.2030697,0.2306567
767,0.04483153,0.521588,0.2028224,0.2307581
768,0.04483302,0.5216941,0.2026896,0.2307833
769,0.0419739,0.5462434,0.1955107,0.2162719
770,0.04028933,0.5567169,0.1950263,0.2079675
771,0.0393268,0.5607265,0.1965037,0.2034429
772,0.0387742,0.5618197,0.1984003,0.2010058
773,0.03845533,0.5616843,0.2001442,0.1997162
774,0.03826805,0.5611078,0.2015855,0.1990387
775,0.0381527,0.5604355,0.202744,0.1986678
776,0.03807468,0.5597996,0.2036945,0.1984313
777,0.0380142,0.559235,0.2045159,0.1982349
778,0.03796041,0.558737,0.2052728,0.1980298
779,0.03790765,0.5582883,0.2060102,0.1977939
780,0.0378534,0.5578716,0.2067545,0.1975206
781,0.03777185,0.5576185,0.2075424,0.1970674
782,0.03769512,0.5572726,0.2084124,0.19662
783,0.03762845,0.5568854,0.2092603,0.1962259
784,0.03756854,0.5564954,0.2100684,0.1958677
785,0.03751627,0.5561222,0.2108051,0.1955564
786,0.03747345,0.5557804,0.2114377,0.1953084
787,0.03744208,0.5554818,0.2119353,0.1951408
788,0.03742377,0.5552362,0.2122726,0.1950674
789,0.03741942,0.5550506,0.2124332,0.1950968
790,0.03742865,0.5549273,0.2124165,0.1952275
791,0.03744999,0.5548643,0.2122354,0.1954503
792,0.03748123,0.5548552,0.2119139,0.1957496
793,0.0385984,0.5453434,0.2143448,0.2017134
794,0.03937536,0.5408326,0.2139356,0.2058564
795,0.03987457,0.5389802,0.2126764,0.2084688
796,0.04019072,0.5384688,0.2112376,0.2101029
797,0.04038912,0.538569,0.2099188,0.211123
798,0.04051404,0.5388997,0.2088172,0.2117691
799,0.04059387,0.5392763,0.2079395,0.2121903
800,0.04064601,0.53962,0.207259,0.2124749
801,0.04068077,0.5399045,0.2067422,0.2126726
802,0.04070424,0.5401272,0.2063565,0.212812
803,0.04071993,0.5402952,0.2060763,0.2129086
804,0.0407298,0.5404178,0.2058818,0.2129705
805,0.03718114,0.5720107,0.1961197,0.1946885
806,0.03523323,0.584097,0.1956727,0.184997
807,0.03417302,0.5881459,0.1976486,0.1800325
808,0.03358945,0.5888706,0.1999948,0.1775451
809,0.03326827,0.5883396,0.2020137,0.1763786
810,0.0330913,0.5874468,0.2035575,0.1759044
811,0.03299196,0.5865496,0.204683,0.1757754
812,0.03293274,0.5857631,0.205503,0.1758013
813,0.0328927,0.5851009,0.2061269,0.1758795
814,0.0328604,0.5845407,0.2066424,0.1759566
815,0.03282978,0.5840521,0.2071114,0.1760067
816,0.03279779,0.5836088,0.2075749,0.1760184
817,0.03484057,0.5630986,0.2151623,0.1868985
818,0.03623715,0.5525931,0.2170658,0.1941041
819,0.03711756,0.5476555,0.2168229,0.1984041
820,0.03762623,0.5456542,0.2160621,0.2006575
821,0.0378887,0.54504,0.2154763,0.2015949
822,0.03800045,0.5449807,0.215258,0.2017609
823,0.03802874,0.5450774,0.2153598,0.2015342
824,0.03801886,0.545173,0.2156402,0.2011679
825,0.03800065,0.5452359,0.2159336,0.2008299
826,0.03799369,0.5452951,0.2160778,0.2006334
827,0.03800813,0.5453947,0.2159612,0.200636
828,0.03804504,0.5455595,0.2155609,0.2008346
829,0.03877378,0.5396986,0.2168132,0.2047144
830,0.03929344,0.5370384,0.2161786,0.2074895
831,0.03964918,0.5360695,0.2148978,0.2093834
832,0.03989716,0.5359516,0.2134357,0.2107155
833,0.04007483,0.5362223,0.2120142,0.2116887
834,0.04020624,0.5366393,0.2107271,0.2124272
835,0.04030603,0.5370835,0.209608,0.2130025
836,0.04038285,0.5375006,0.2086627,0.2134538
837,0.04044197,0.5378689,0.2078854,0.2138037
838,0.0404871,0.5381827,0.2072615,0.2140687
839,0.04052081,0.5384434,0.2067749,0.214261
840,0.04054501,0.5386556,0.2064094,0.2143899
841,0.03981058,0.5454383,0.2042211,0.2105301
842,0.03934752,0.5485619,0.2039434,0.2081473
843,0.03907126,0.5498648,0.2042831,0.2067808
844,0.03890724,0.5502891,0.2048008,0.2060028
845,0.03880905,0.5503178,0.205319,0.2055542
846,0.03874784,0.550189,0.2057858,0.2052774
847,0.03870608,0.5500126,0.2062024,0.2050789
848,0.03867337,0.5498332,0.2065877,0.2049057
849,0.03864377,0.5496656,0.2069622,0.2047284
850,0.03861407,0.5495103,0.2073433,0.2045324
851,0.0385827,0.5493637,0.2077415,0.204312
852,0.03854923,0.5492218,0.2081614,0.2040675
853,0.03932074,0.5417538,0.2109185,0.208007
854,0.03981923,0.5380402,0.2117126,0.210428
855,0.04011213,0.5363282,0.2118492,0.2117105
856,0.04026974,0.5356402,0.2118233,0.2122668
857,0.04034378,0.5354341,0.2118289,0.2123932
858,0.04037058,0.5354297,0.2119045,0.2122953
859,0.04037455,0.5354956,0.2120202,0.2121095
860,0.04037147,0.5355806,0.2121246,0.2119233
861,0.04037109,0.5356712,0.2121675,0.2117901
862,0.04037871,0.5357704,0.2121132,0.2117376
863,0.04039652,0.5358846,0.2119437,0.2117753
864,0.04042459,0.5360183,0.2116578,0.2118994
865,0.03765951,0.561583,0.2030809,0.1976766
866,0.03610887,0.5720366,0.2018391,0.1900155
867,0.03526082,0.5759601,0.202669,0.1861101
868,0.03480539,0.577051,0.2038874,0.1842562
869,0.03456827,0.5770053,0.2049245,0.1835019
870,0.03445002,0.5765809,0.2056571,0.1833119
871,0.03439388,0.5760931,0.2061257,0.1833873
