EwEVersion,"6.5.13829.0 (compiled 2016-05-17)"
Date,"2016-09-06 18:01:02"
ModelName,Baltic_Proper-SEALS
EcosimScenario,Proper1_SealVuln100_19742100_seal100_cofF1
TimeSeries,new_data_weights_19742100_seal100_codF1
StartYear,1974

Data,"Prey of Pseudocalanus sp."

Year,"Cyanobacteria","Phytoplankton","microzooplankton","Detritus-water column",
1974,0.03717319,0.4731519,0.299258,0.1904169
1975,0.03672298,0.4583569,0.313118,0.1918021
1976,0.02963156,0.4926195,0.3195553,0.1581937
1977,0.03035833,0.4760118,0.3269667,0.1666631
1978,0.03215774,0.4616022,0.3284785,0.1777615
1979,0.0332525,0.4562207,0.3261682,0.1843586
1980,0.02915877,0.4810738,0.3259074,0.16386
1981,0.02850005,0.477499,0.3308637,0.1631373
1982,0.02717161,0.4816816,0.3337063,0.1574405
1983,0.02933912,0.4679007,0.3309373,0.1718229
1984,0.02891231,0.4715985,0.3301133,0.1693759
1985,0.03466891,0.4191286,0.3481675,0.198035
1986,0.02973717,0.4711629,0.3281913,0.1709086
1987,0.0475135,0.3361877,0.3521388,0.2641599
1988,0.04365578,0.40329,0.314533,0.2385212
1989,0.04004248,0.4336167,0.3062775,0.2200634
1990,0.03740478,0.444137,0.3140477,0.2044106
1991,0.04600732,0.3852509,0.3231275,0.2456143
1992,0.03960302,0.4440295,0.3048949,0.2114726
1993,0.03987307,0.4320849,0.3152647,0.2127773
1994,0.0367002,0.4472537,0.3207059,0.1953401
1995,0.03539689,0.4584627,0.3149308,0.1912096
1996,0.04276084,0.3992089,0.3315797,0.2264505
1997,0.04752045,0.3874943,0.3167924,0.2481929
1998,0.04007797,0.4445966,0.3039173,0.2114081
1999,0.03208815,0.4831676,0.3112535,0.1734908
2000,0.04316191,0.3931689,0.3335622,0.230107
2001,0.04531148,0.4019747,0.3147802,0.2379337
2002,0.04645519,0.4019103,0.3089361,0.2426984
2003,0.03307486,0.4747903,0.3172602,0.1748746
2004,0.04153982,0.403773,0.3351225,0.2195647
2005,0.04509307,0.3975666,0.3226008,0.2347395
2006,0.04630527,0.4019349,0.3113435,0.2404164
2007,0.04919753,0.3892366,0.3081983,0.2533675
2008,0.03896894,0.4538313,0.3046229,0.2025769
2009,0.0379091,0.446699,0.3164473,0.1989446
2010,0.04554659,0.3884385,0.3319224,0.2340925
2011,0.04779537,0.3852702,0.3244372,0.2424973
2012,0.04785416,0.4020973,0.3051951,0.2448534
2013,0.03643995,0.465177,0.3090186,0.1893645
2014,0.04038242,0.4296367,0.3184628,0.2115181
2015,0.0440997,0.4143878,0.3124746,0.2290379
2016,0.04155115,0.4373381,0.3045545,0.2165563
2017,0.0408782,0.4356528,0.3101143,0.2133547
2018,0.04121697,0.4315039,0.3125932,0.214686
2019,0.04410235,0.4152113,0.3122246,0.2284618
2020,0.04451597,0.4166622,0.309363,0.2294588
2021,0.04960938,0.3867455,0.3106748,0.2529703
2022,0.04379927,0.4300737,0.3019003,0.2242268
2023,0.0412584,0.4388475,0.3068397,0.2130544
2024,0.03999258,0.4400671,0.3130549,0.2068854
2025,0.04707497,0.3974385,0.313877,0.2416096
2026,0.04458097,0.4234984,0.303318,0.2286027
2027,0.04433945,0.4208313,0.3073288,0.2275003
2028,0.03924156,0.4503191,0.3075759,0.2028635
2029,0.03858568,0.4480773,0.3120179,0.2013191
2030,0.03830547,0.4454361,0.3160884,0.20017
2031,0.04269681,0.4184547,0.3168142,0.2220344
2032,0.03872913,0.4493813,0.3095139,0.2023757
2033,0.03996788,0.4341053,0.3168949,0.209032
2034,0.04351416,0.4131548,0.3179092,0.2254219
2035,0.03978607,0.4452117,0.3074713,0.2075308
2036,0.04651183,0.3935493,0.3204999,0.2394391
2037,0.04508603,0.415664,0.3080927,0.2311573
2038,0.03918817,0.4518336,0.3053816,0.2035966
2039,0.03774127,0.4472698,0.3181624,0.1968266
2040,0.04038867,0.4335146,0.3149572,0.2111395
2041,0.03418895,0.4753269,0.3088939,0.1815901
2042,0.03754224,0.4387485,0.3243102,0.1993991
2043,0.04013129,0.43084,0.3169729,0.2120558
2044,0.03914204,0.4425375,0.3110636,0.2072569
2045,0.04026757,0.4297237,0.3181921,0.2118166
2046,0.03534674,0.4651288,0.3115825,0.187942
2047,0.04167679,0.4139726,0.3246946,0.2196559
2048,0.03840629,0.4466435,0.3124641,0.2024862
2049,0.03859606,0.4424962,0.3143349,0.2045728
2050,0.04189599,0.4174494,0.3213532,0.2193015
2051,0.04246593,0.4254103,0.3101307,0.2219931
2052,0.03731342,0.4566458,0.3094046,0.1966361
2053,0.03979446,0.4306968,0.3204958,0.209013
2054,0.0410343,0.4312007,0.3126252,0.2151397
2055,0.03350415,0.4783564,0.3094051,0.1787345
2056,0.03352373,0.461946,0.3238739,0.1806564
2057,0.03563093,0.4484817,0.3238429,0.1920445
2058,0.04175797,0.4157633,0.3194687,0.2230101
2059,0.0377066,0.4494098,0.3117957,0.2010879
2060,0.03849735,0.4392823,0.3168565,0.2053639
2061,0.03808836,0.4429671,0.3163646,0.2025799
2062,0.03725697,0.4493403,0.3146052,0.1987975
2063,0.03831409,0.4389011,0.3190709,0.2037139
2064,0.03879393,0.4393249,0.3159089,0.2059723
2065,0.0339921,0.4703703,0.3130085,0.1826291
2066,0.0318889,0.4735852,0.3208351,0.1736907
2067,0.03693708,0.4353512,0.3276038,0.2001079
2068,0.03957597,0.4304061,0.3172944,0.2127235
2069,0.03646302,0.4539373,0.3132282,0.1963714
2070,0.03591673,0.4509478,0.3195787,0.1935568
2071,0.03539686,0.4548383,0.3185226,0.1912423
2072,0.0360333,0.4499997,0.319094,0.1948731
2073,0.03732096,0.4419911,0.3197214,0.2009664
2074,0.0359782,0.4531526,0.31693,0.1939392
2075,0.03257889,0.4717052,0.3183,0.1774158
2076,0.03646851,0.4381597,0.3276663,0.1977056
2077,0.03425017,0.463286,0.3158007,0.1866632
2078,0.03335944,0.4635297,0.3200889,0.1830219
2079,0.03663455,0.4365871,0.327788,0.1989903
2080,0.0349544,0.4588601,0.3154525,0.1907329
2081,0.03251861,0.4682565,0.3206088,0.1786161
2082,0.03416743,0.4516462,0.3267787,0.1874076
2083,0.03366928,0.4614582,0.3193816,0.1854908
2084,0.03331668,0.4599429,0.3229541,0.1837863
2085,0.03266128,0.4635612,0.323057,0.1807206
2086,0.03287925,0.4620503,0.3223968,0.1826737
2087,0.03380615,0.454116,0.3248595,0.1872184
2088,0.03081292,0.4767499,0.3202272,0.1722099
2089,0.03028113,0.4732413,0.3256668,0.1708108
2090,0.03012295,0.4717626,0.3273982,0.1707162
2091,0.02673915,0.4951904,0.3234788,0.1545916
2092,0.03130566,0.4454511,0.3439137,0.1793295
2093,0.03239635,0.4575111,0.3246925,0.1854
2094,0.03352645,0.4498275,0.3262886,0.1903575
2095,0.03382836,0.4491837,0.3269715,0.1900164
2096,0.03724809,0.4328996,0.3225991,0.2072531
2097,0.03191478,0.472756,0.3174136,0.1779156
2098,0.03616523,0.4354724,0.3281445,0.2002179
