EwEVersion,"6.5.13829.0 (compiled 2016-05-17)"
Date,"2016-09-06 18:01:02"
ModelName,Baltic_Proper-SEALS
EcosimScenario,Proper1_SealVuln100_19742100_seal100_cofF1
TimeSeries,new_data_weights_19742100_seal100_codF1
StartYear,1974

Data,"Prey of Pseudocalanus sp."

TimeStep,"Cyanobacteria","Phytoplankton","microzooplankton","Detritus-water column",
1,0.04366293,0.4557547,0.2818175,0.2187649
2,0.0400933,0.4747883,0.2833427,0.2017757
3,0.03816162,0.4799529,0.2887887,0.1930968
4,0.03708254,0.4799942,0.2942973,0.1886259
5,0.03647449,0.4783788,0.2987401,0.1864066
6,0.03613125,0.4764783,0.3019903,0.1854002
7,0.0359361,0.474777,0.3042554,0.1850316
8,0.03582186,0.4733878,0.3058116,0.1849787
9,0.03574984,0.4722825,0.306905,0.1850626
10,0.03569806,0.4713918,0.3077239,0.1851862
11,0.0356543,0.4706463,0.3084007,0.1852987
12,0.03561193,0.4699903,0.3090228,0.185375
13,0.03617777,0.4636159,0.3116299,0.1885765
14,0.03655842,0.4606593,0.3120425,0.1907397
15,0.03677773,0.4593259,0.311914,0.1919824
16,0.03688683,0.4587188,0.311784,0.1926104
17,0.03692295,0.4583818,0.3118585,0.1928366
18,0.0369129,0.4581036,0.3121724,0.1928111
19,0.03687529,0.4578028,0.3126848,0.1926372
20,0.03682293,0.4574618,0.313329,0.1923863
21,0.03676482,0.4570924,0.3140332,0.1921095
22,0.03670745,0.4567172,0.3147301,0.1918453
23,0.03665565,0.4563604,0.3153605,0.1916234
24,0.03661297,0.4560439,0.3158765,0.1914666
25,0.0331501,0.4876059,0.3057854,0.1734587
26,0.0311473,0.4966094,0.3089246,0.1633187
27,0.0300859,0.4979153,0.3136111,0.1583877
28,0.02950414,0.4967392,0.3177379,0.1560188
29,0.02919316,0.4950518,0.3206867,0.1550684
30,0.02903376,0.4935321,0.322546,0.1548883
31,0.02895668,0.4923404,0.3235983,0.1551046
32,0.02892208,0.4914491,0.3241238,0.155505
33,0.02890749,0.4907782,0.3243417,0.1559726
34,0.02890019,0.4902472,0.3244103,0.1564424
35,0.02889356,0.489793,0.3244314,0.1568819
36,0.02888434,0.4893726,0.3244662,0.1572769
37,0.02955887,0.4812846,0.3278544,0.1613022
38,0.03001414,0.4778103,0.3281161,0.1640595
39,0.03029162,0.4764452,0.3274859,0.1657773
40,0.03044759,0.4759791,0.3267741,0.1667992
41,0.03052419,0.4758197,0.3262832,0.1673729
42,0.03055126,0.4757065,0.3260723,0.1676699
43,0.03054884,0.4755455,0.326102,0.1678037
44,0.03052986,0.475318,0.3263055,0.1678467
45,0.03050243,0.4750355,0.326618,0.167844
46,0.03047219,0.4747207,0.326979,0.167828
47,0.03044269,0.4743961,0.3273412,0.16782
48,0.03041627,0.4740805,0.3276694,0.1678339
49,0.03112202,0.4656735,0.3313853,0.1718192
50,0.03161122,0.4620529,0.3317747,0.1745611
51,0.0319217,0.4607026,0.3311035,0.1762721
52,0.03211288,0.4603889,0.330176,0.1773222
53,0.03222897,0.4604934,0.3293034,0.1779742
54,0.03230108,0.4607324,0.3285586,0.1784078
55,0.0323495,0.460991,0.3279229,0.1787364
56,0.03238652,0.461233,0.3273543,0.1790261
57,0.03241906,0.4614532,0.3268161,0.1793116
58,0.03244996,0.4616546,0.3262921,0.1796034
59,0.03248022,0.4618402,0.3257777,0.1799018
60,0.03250977,0.4620113,0.325277,0.1802018
61,0.03279651,0.4583774,0.3270487,0.1817774
62,0.0329813,0.4566708,0.3275991,0.1827489
63,0.03311393,0.4559421,0.3274815,0.1834625
64,0.03320458,0.4556984,0.327134,0.1839629
65,0.03326678,0.4556791,0.326731,0.1843233
66,0.0333106,0.4557526,0.3263398,0.1845971
67,0.0333429,0.4558569,0.3259811,0.1848191
68,0.0333679,0.455964,0.3256585,0.1850096
69,0.03338807,0.4560619,0.3253711,0.185179
70,0.03340508,0.4561472,0.3251136,0.1853342
71,0.03341977,0.4562193,0.3248827,0.1854781
72,0.03343256,0.4562791,0.3246769,0.1856114
73,0.03145631,0.476575,0.3172291,0.1747396
74,0.03024613,0.4832559,0.318229,0.168269
75,0.0295532,0.4847052,0.320933,0.1648086
76,0.02915549,0.4842364,0.3235898,0.1630183
77,0.02892856,0.4832236,0.3256813,0.1621666
78,0.02879884,0.4821925,0.3271807,0.161828
79,0.02872261,0.4813037,0.3282202,0.1617535
80,0.02867417,0.4805715,0.3289544,0.1617999
81,0.02863875,0.4799619,0.3295128,0.1618866
82,0.02860806,0.4794323,0.3299896,0.16197
83,0.02857768,0.4789471,0.3304471,0.1620281
84,0.02854539,0.4784811,0.3309223,0.1620513
85,0.02860034,0.4783809,0.3303104,0.1627084
86,0.02864648,0.4784861,0.3295572,0.1633102
87,0.02865083,0.4785344,0.3292269,0.1635879
88,0.0286345,0.4784752,0.3291921,0.1636983
89,0.028605,0.4783057,0.3293933,0.163696
90,0.02856615,0.4780417,0.3297829,0.1636092
91,0.02852024,0.4777028,0.3303211,0.1634559
92,0.0284689,0.477308,0.3309737,0.1632493
93,0.02841358,0.4768748,0.3317096,0.1630021
94,0.02835585,0.476419,0.3324977,0.1627274
95,0.02829759,0.4759564,0.333305,0.1624411
96,0.02824106,0.4755028,0.3340946,0.1621616
97,0.02775283,0.4804463,0.3323175,0.1594834
98,0.02743677,0.4821347,0.3325769,0.1578515
99,0.02723672,0.4824591,0.3333917,0.1569125
100,0.02711729,0.4822811,0.3341454,0.1564561
101,0.02705215,0.4819891,0.3346333,0.1563255
102,0.02702351,0.4817384,0.3348223,0.1564157
103,0.02701934,0.4815749,0.3347503,0.1566554
104,0.02703136,0.4814954,0.334479,0.1569943
105,0.02705368,0.4814784,0.3340727,0.1573953
106,0.02708176,0.4814976,0.3335923,0.1578284
107,0.02711206,0.4815294,0.3330894,0.1582692
108,0.0271419,0.4815552,0.3326045,0.1586984
109,0.02802958,0.4717747,0.3360825,0.1641131
110,0.02866479,0.4678607,0.3355022,0.1679723
111,0.02907423,0.4666475,0.3338796,0.1703987
112,0.02932973,0.4665942,0.3321984,0.1718776
113,0.02948329,0.4669358,0.3308393,0.1727416
114,0.02957214,0.4673304,0.3298746,0.1732228
115,0.02962137,0.4676505,0.3292538,0.1734743
116,0.02964705,0.4678678,0.3288928,0.1735925
117,0.02965911,0.4679937,0.3287113,0.1736357
118,0.0296634,0.4680508,0.3286479,0.1736379
119,0.02966344,0.4680608,0.3286573,0.1736185
120,0.02966128,0.4680413,0.3287081,0.1735892
121,0.02934244,0.4711924,0.3277817,0.1716835
122,0.02912392,0.4722255,0.3282636,0.170387
123,0.02899351,0.4723898,0.3289608,0.1696559
124,0.02891519,0.4722258,0.3296125,0.1692466
125,0.02886891,0.4719748,0.330125,0.1690312
126,0.02884188,0.4717343,0.3304939,0.1689299
127,0.02882604,0.4715347,0.3307461,0.1688932
128,0.02881651,0.4713781,0.3309138,0.1688915
129,0.02881043,0.4712569,0.3310248,0.1689079
130,0.02880616,0.4711621,0.331099,0.1689329
131,0.0288028,0.4710858,0.3311502,0.1689613
132,0.02879984,0.471022,0.3311877,0.1689904
133,0.03107048,0.4410915,0.3461326,0.1817054
134,0.03271073,0.4257894,0.3511922,0.1903076
135,0.03385416,0.4186106,0.3516169,0.1959184
136,0.03458286,0.4156741,0.35064,0.199103
137,0.03501633,0.4147823,0.3495573,0.2006439
138,0.03526049,0.4147786,0.3487591,0.2012018
139,0.0353962,0.4151172,0.3482248,0.2012618
140,0.03547912,0.4155788,0.3477961,0.201146
141,0.03554447,0.4160981,0.3473088,0.2010486
142,0.03561351,0.416672,0.3466334,0.201081
143,0.03569744,0.4173138,0.3456933,0.2012954
144,0.03580118,0.4180361,0.3444554,0.2017074
145,0.03271698,0.4543293,0.3283747,0.1845791
146,0.03100077,0.467705,0.3257764,0.1755179
147,0.03009409,0.4724934,0.3262419,0.1711706
148,0.02961607,0.4739083,0.3272547,0.1692209
149,0.02936776,0.4740688,0.3280831,0.1684803
150,0.02924176,0.4738349,0.3285974,0.1683259
151,0.02917945,0.4735295,0.3288573,0.1684336
152,0.02914914,0.473252,0.3289594,0.1686395
153,0.02913379,0.4730157,0.3289869,0.1688636
154,0.0291243,0.4728071,0.3290001,0.1690685
155,0.02911589,0.472608,0.3290382,0.1692379
156,0.02910605,0.4724034,0.3291252,0.1693655
157,0.03451301,0.4078952,0.3573082,0.2002835
158,0.03940519,0.3681998,0.3649669,0.2274282
159,0.04341533,0.3445505,0.3634386,0.2485955
160,0.04645223,0.331389,0.3585303,0.2636285
161,0.0485772,0.3247692,0.3534335,0.2732201
162,0.04994729,0.3219715,0.3495553,0.2785259
163,0.05075501,0.3212138,0.3472255,0.2808057
164,0.05118357,0.3214234,0.346209,0.281184
165,0.05138332,0.3220294,0.3460464,0.2805409
166,0.05146573,0.3227775,0.3462544,0.2795024
167,0.05150741,0.3235855,0.3464257,0.2784813
168,0.05155673,0.3244478,0.346272,0.2777234
169,0.04741255,0.3671896,0.3303617,0.2550361
170,0.0448836,0.3873519,0.3259173,0.2418472
171,0.04380365,0.397351,0.3216014,0.237244
172,0.043328,0.4030481,0.3177063,0.2359176
173,0.04311069,0.4064235,0.3147432,0.2357226
174,0.04302894,0.4085378,0.312447,0.2359863
175,0.04301205,0.4099292,0.3107077,0.2363511
176,0.04302215,0.4108848,0.3094378,0.2366552
177,0.04304079,0.4115644,0.3085485,0.2368463
178,0.04306005,0.4120604,0.307955,0.2369246
179,0.04307681,0.4124298,0.3075855,0.2369079
180,0.04309006,0.4127095,0.3073845,0.2368159
181,0.04183706,0.425941,0.3022795,0.2299425
182,0.04099062,0.4319857,0.3016572,0.2253664
183,0.04045369,0.4344973,0.302544,0.2225051
184,0.04011884,0.4353145,0.3038375,0.2207292
185,0.0399114,0.4353798,0.3050963,0.2196125
186,0.03978157,0.4351549,0.3061862,0.2188773
187,0.03969697,0.4348505,0.3071045,0.218348
188,0.03963698,0.4345508,0.3078965,0.2179157
189,0.03958869,0.4342804,0.308617,0.2175139
190,0.03954431,0.434038,0.3093136,0.2171041
191,0.03949916,0.4338132,0.3100235,0.2166641
192,0.03945049,0.4335945,0.3107736,0.2161814
193,0.03867259,0.4411125,0.3083947,0.2118202
194,0.03813435,0.4442956,0.3087534,0.2088166
195,0.03777187,0.4453981,0.3100501,0.20678
196,0.03752746,0.4455318,0.3115637,0.205377
197,0.03735952,0.4452653,0.3130017,0.2043735
198,0.03724027,0.4448748,0.3142668,0.2036182
199,0.0371521,0.4444852,0.3153432,0.2030195
200,0.0370844,0.4441468,0.3162438,0.202525
201,0.03703117,0.4438751,0.3169857,0.2021081
202,0.03698945,0.4436715,0.3175806,0.2017586
203,0.03695795,0.4435328,0.3180351,0.2014741
204,0.03693619,0.4434541,0.3183538,0.2012559
205,0.04006742,0.4107692,0.3312742,0.2178892
206,0.04255964,0.393156,0.3335781,0.2307062
207,0.04437167,0.3842961,0.3317804,0.2395518
208,0.04561312,0.3804748,0.3286995,0.2452126
209,0.04642287,0.3793569,0.3256495,0.2485707
210,0.0469352,0.3795547,0.3230833,0.2504267
211,0.04726018,0.3803057,0.321027,0.2514072
212,0.04747829,0.381232,0.3193382,0.2519515
213,0.04764275,0.3821719,0.3178486,0.2523369
214,0.04778305,0.3830702,0.3164469,0.2526999
215,0.04791375,0.3839151,0.3150765,0.2530946
216,0.04803989,0.3847082,0.3137277,0.2535241
217,0.04411147,0.4237678,0.2991666,0.232954
218,0.0416986,0.4400159,0.2975595,0.2207259
219,0.04031652,0.4461746,0.2994606,0.2140483
220,0.03952726,0.4479822,0.3020269,0.2104637
221,0.0390826,0.4480375,0.3042705,0.2086094
222,0.03883742,0.4475022,0.3059518,0.2077086
223,0.03870597,0.4468655,0.3071126,0.207316
224,0.03863757,0.4463053,0.3078786,0.2071786
225,0.03860256,0.4458627,0.3083797,0.207155
226,0.0385838,0.4455252,0.3087228,0.2071682
227,0.03857166,0.4452642,0.308986,0.2071781
228,0.03856084,0.4450513,0.309223,0.2071648
229,0.03914348,0.4379893,0.3127536,0.2101137
230,0.03953565,0.4344403,0.3140613,0.2119628
231,0.03978937,0.4327106,0.3144365,0.2130635
232,0.03993937,0.4319071,0.3145404,0.2136131
233,0.04001762,0.4315353,0.3146558,0.2137913
234,0.04004898,0.4313388,0.3148777,0.2137345
235,0.04005134,0.4311962,0.3152131,0.2135392
236,0.04003705,0.4310591,0.3156326,0.2132712
237,0.04001449,0.4309154,0.3160954,0.2129748
238,0.03998929,0.4307701,0.3165602,0.2126803
239,0.03996528,0.4306349,0.3169911,0.2124087
240,0.039945,0.4305219,0.3173587,0.2121745
241,0.03850861,0.4429264,0.3142269,0.2043381
242,0.03754118,0.4475258,0.3158191,0.199114
243,0.03697465,0.448792,0.3180362,0.1961972
244,0.03664685,0.4487489,0.3199922,0.194612
245,0.0364649,0.4483047,0.3214069,0.1938235
246,0.03637028,0.447837,0.3222913,0.1935014
247,0.0363262,0.4474751,0.3227581,0.1934406
248,0.03630983,0.4472383,0.3229362,0.1935157
249,0.03630744,0.4471044,0.3229364,0.1936518
250,0.0363114,0.4470421,0.3228375,0.193809
251,0.03631749,0.4470233,0.3226933,0.1939659
252,0.03632354,0.4470267,0.3225375,0.1941123
253,0.0359414,0.4534702,0.3180393,0.1925491
254,0.03571264,0.456775,0.3156881,0.1918242
255,0.03554628,0.4584182,0.3147162,0.1913195
256,0.03543652,0.4591693,0.3143443,0.1910499
257,0.03536581,0.4594599,0.3142385,0.1909359
258,0.03531984,0.4595197,0.3142499,0.1909106
259,0.03528865,0.4594663,0.3143166,0.1909285
260,0.03526567,0.4593574,0.3144159,0.190961
261,0.03524686,0.45922,0.3145411,0.1909921
262,0.03522977,0.4590662,0.3146911,0.1910129
263,0.03521308,0.4589015,0.3148656,0.1910198
264,0.03519611,0.4587285,0.3150631,0.1910122
265,0.03802617,0.4263578,0.3298459,0.2057701
266,0.04015591,0.4089649,0.3345667,0.2163125
267,0.04166771,0.4001483,0.3348155,0.2233685
268,0.04265537,0.3961095,0.3336692,0.2275659
269,0.04325286,0.3945394,0.3324803,0.2297275
270,0.04358784,0.3941243,0.3316911,0.2305967
271,0.0437642,0.3941874,0.331292,0.2307564
272,0.04385845,0.3944283,0.3310901,0.2306232
273,0.04392269,0.3947469,0.330858,0.2304724
274,0.04398837,0.3951325,0.3304178,0.2304614
275,0.04407195,0.3956011,0.3296633,0.2306636
276,0.04417856,0.3961665,0.3285669,0.2310881
277,0.04526386,0.3887025,0.3292115,0.2368221
278,0.04615586,0.385497,0.3268011,0.2415461
279,0.0468082,0.3845591,0.3237089,0.2449238
280,0.04727481,0.3847891,0.320657,0.2472791
281,0.04760431,0.385543,0.3179626,0.2488901
282,0.04783653,0.3864659,0.3157191,0.2499785
283,0.04800155,0.3873781,0.313912,0.2507083
284,0.04812082,0.3882003,0.3124844,0.2511945
285,0.04820888,0.3889071,0.31137,0.251514
286,0.04827553,0.3894999,0.3105066,0.251718
287,0.04832716,0.3899915,0.3098418,0.2518395
288,0.0483679,0.3903979,0.3093338,0.2519003
289,0.04459705,0.4266526,0.2962407,0.2325098
290,0.04225155,0.4417097,0.2951976,0.2208411
291,0.04087996,0.4473002,0.2974918,0.2143281
292,0.04007688,0.4487852,0.3004035,0.2107344
293,0.03960876,0.44862,0.3029713,0.2087999
294,0.03933763,0.4479079,0.3049563,0.2077982
295,0.03918079,0.4471134,0.3063998,0.207306
296,0.03908853,0.446404,0.3074302,0.2070773
297,0.03903126,0.4458164,0.3081816,0.2069708
298,0.03899179,0.445336,0.3087633,0.2069089
299,0.03896025,0.4449336,0.3092563,0.2068499
300,0.03893119,0.4445806,0.3097153,0.2067729
301,0.03574353,0.4755995,0.2984748,0.1901821
302,0.03385547,0.4861015,0.2993512,0.1806918
303,0.03276691,0.4886353,0.3030696,0.1755281
304,0.03212961,0.4881411,0.3069881,0.1727413
305,0.03175275,0.4866952,0.3102668,0.1712853
306,0.03152632,0.4851279,0.3127777,0.1705682
307,0.03138567,0.4837233,0.3146418,0.1702491
308,0.0312929,0.4825386,0.3160353,0.1701333
309,0.03122607,0.4815464,0.3171161,0.1701115
310,0.03117247,0.4806975,0.3180073,0.1701227
311,0.03112524,0.4799464,0.3187918,0.1701365
312,0.03108088,0.479259,0.3195207,0.1701394
313,0.03517626,0.4330579,0.3394478,0.192318
314,0.03858582,0.4074194,0.3437215,0.2102733
315,0.04113782,0.3940955,0.3417163,0.2230504
316,0.042898,0.388014,0.337811,0.231277
317,0.04401464,0.3858339,0.3341893,0.2359621
318,0.04466307,0.3855056,0.3316438,0.2381877
319,0.04500402,0.3858957,0.3302059,0.2388943
320,0.04516532,0.3864704,0.3295609,0.2388035
321,0.04523971,0.3870452,0.3292903,0.2384247
322,0.04528742,0.387607,0.3290291,0.2380764
323,0.04534404,0.3882025,0.3285165,0.2379369
324,0.04542674,0.3888797,0.3276141,0.2380794
325,0.04516664,0.3937317,0.3244514,0.2366503
326,0.04505469,0.3967523,0.3220412,0.2361517
327,0.04503655,0.398808,0.3199576,0.2361978
328,0.04508004,0.4003365,0.3179978,0.2365856
329,0.04515632,0.4015617,0.316147,0.2371349
330,0.04524498,0.4025898,0.314445,0.2377202
331,0.04533326,0.4034683,0.312933,0.2382655
332,0.04541407,0.4042186,0.3116362,0.2387312
333,0.04548411,0.4048531,0.3105613,0.2391014
334,0.04554318,0.4053827,0.3096937,0.2393804
335,0.04559207,0.405819,0.3090107,0.2395782
336,0.04563197,0.4061745,0.3084871,0.2397065
337,0.04596089,0.4035165,0.309237,0.2412857
338,0.04619677,0.4022457,0.3092294,0.2423281
339,0.04635708,0.4017085,0.3089809,0.2429536
340,0.04646149,0.4015469,0.3087127,0.243279
341,0.0465262,0.4015584,0.3085193,0.2433961
342,0.04656328,0.4016334,0.3084326,0.2433708
343,0.04658115,0.4017162,0.3084555,0.2432472
344,0.04658562,0.4017811,0.3085784,0.2430549
345,0.04658061,0.4018187,0.3087873,0.2428135
346,0.04656848,0.4018269,0.3090706,0.242534
347,0.04655103,0.4018073,0.3094165,0.2422251
348,0.04652961,0.4017634,0.309813,0.2418939
349,0.03966767,0.4620009,0.2922543,0.2060771
350,0.03593946,0.4795533,0.2974092,0.187098
351,0.03400084,0.4829307,0.3053493,0.1777192
352,0.03294146,0.4817232,0.3123963,0.172939
353,0.03235463,0.4793716,0.3177048,0.170569
354,0.03202824,0.4770915,0.3213969,0.1694833
355,0.03184454,0.4752238,0.3238655,0.1690661
356,0.0317369,0.4737795,0.325508,0.1689756
357,0.03166782,0.4726655,0.326642,0.1690245
358,0.03161651,0.471776,0.3274941,0.1691133
359,0.03157191,0.4710232,0.3282129,0.1691919
360,0.03152838,0.4703444,0.328889,0.1692382
361,0.03506244,0.4325476,0.3440292,0.1883607
362,0.03797052,0.4127111,0.3454966,0.2038217
363,0.04006937,0.4031067,0.3423738,0.2144501
364,0.041469,0.399244,0.3381982,0.2210889
365,0.04232651,0.3982599,0.3346618,0.2247518
366,0.04280269,0.3984852,0.3323075,0.2264047
367,0.04303426,0.3990566,0.3310747,0.2268344
368,0.04312423,0.3996065,0.3306529,0.2266163
369,0.04314443,0.4000387,0.3306751,0.2261417
370,0.04314298,0.4003851,0.3308029,0.2256689
371,0.04314983,0.4007199,0.3307752,0.225355
372,0.04318153,0.4011143,0.330422,0.2252821
373,0.04371608,0.3967671,0.33166,0.2278569
374,0.04414273,0.3949625,0.3309908,0.229904
375,0.04448206,0.3945499,0.3294191,0.231549
376,0.044758,0.3949002,0.327423,0.2329188
377,0.04498822,0.3956424,0.3252725,0.234097
378,0.04518375,0.3965582,0.3231315,0.2351266
379,0.04535101,0.3975192,0.3211046,0.2360252
380,0.04549384,0.3984507,0.3192564,0.2367991
381,0.04561494,0.3993108,0.3176222,0.2374521
382,0.0457164,0.4000784,0.3162174,0.2379877
383,0.04580044,0.4007459,0.3150394,0.2384143
384,0.0458694,0.4013147,0.3140728,0.2387432
385,0.04603091,0.4010529,0.3133454,0.2395709
386,0.04615593,0.4011283,0.3125355,0.2401803
387,0.0462436,0.4013455,0.3118483,0.2405626
388,0.04630389,0.4016002,0.3113155,0.2407803
389,0.04634419,0.4018411,0.3109365,0.2408782
390,0.04636962,0.4020457,0.3106981,0.2408866
391,0.04638351,0.4022068,0.3105851,0.2408245
392,0.04638791,0.4023241,0.3105849,0.2407031
393,0.046384,0.4023992,0.3106885,0.2405283
394,0.04637284,0.4024352,0.3108859,0.2403061
395,0.04635517,0.4024356,0.3111688,0.2400405
396,0.04633162,0.4024036,0.3115295,0.2397353
397,0.04746506,0.393833,0.3129885,0.2457135
398,0.04834076,0.3897844,0.3116193,0.2502555
399,0.04890494,0.3881696,0.3099502,0.2529753
400,0.04925,0.3877815,0.3085032,0.2544653
401,0.0494459,0.3879367,0.3074711,0.2551463
402,0.04954508,0.3882738,0.30686,0.2553211
403,0.04958507,0.3886218,0.3065931,0.2551999
404,0.04959159,0.3889156,0.3065688,0.2549239
405,0.04958175,0.389144,0.306689,0.2545853
406,0.04956628,0.3893198,0.306873,0.2542409
407,0.04955178,0.3894637,0.3070592,0.2539253
408,0.04954213,0.3895956,0.3072042,0.2536581
409,0.04449135,0.4349922,0.2926165,0.2279
410,0.04149069,0.452163,0.2932648,0.2130815
411,0.03982202,0.457765,0.2971499,0.205263
412,0.03888109,0.4587837,0.3011773,0.2011579
413,0.03835315,0.4581553,0.3044005,0.199091
414,0.03806037,0.4571031,0.3067033,0.1981332
415,0.03789939,0.4560923,0.3082517,0.1977566
416,0.03780972,0.4552586,0.3092704,0.1976612
417,0.03775636,0.4546048,0.3099586,0.1976802
418,0.03771939,0.4540902,0.3104665,0.197724
419,0.03768785,0.4536679,0.3108975,0.1977467
420,0.03765596,0.4532994,0.311317,0.1977276
421,0.03785306,0.4502824,0.3130586,0.1988059
422,0.03796555,0.4486755,0.3139741,0.1993849
423,0.03802139,0.4477741,0.3145533,0.1996512
424,0.03803431,0.4472177,0.3150674,0.1996806
425,0.03801835,0.4468158,0.3156125,0.1995534
426,0.03798461,0.4464773,0.3162056,0.1993326
427,0.0379414,0.4461651,0.3168278,0.1990657
428,0.03789493,0.44587,0.3174461,0.1987889
429,0.03784996,0.4455965,0.318023,0.1985305
430,0.03781023,0.4453542,0.3185218,0.1983137
431,0.03777853,0.445154,0.3189108,0.1981565
432,0.03775686,0.4450055,0.3191662,0.1980716
433,0.04057436,0.4141165,0.3330341,0.212275
434,0.0426816,0.3973566,0.3376251,0.2223367
435,0.04419466,0.3887519,0.3378523,0.2292012
436,0.04519836,0.3847578,0.3366373,0.2334066
437,0.04583206,0.3832197,0.3351654,0.2357829
438,0.04622674,0.3829071,0.3337962,0.23707
439,0.0464868,0.3831776,0.3325011,0.2378345
440,0.04668647,0.3837337,0.3311156,0.2384643
441,0.04687199,0.384457,0.3294834,0.2391877
442,0.04706434,0.3853022,0.3275451,0.2400883
443,0.04726739,0.3862414,0.3253379,0.2411532
444,0.04747428,0.3872402,0.3229761,0.2423095
445,0.04758507,0.3863579,0.323478,0.2425791
446,0.04761198,0.3857923,0.3242428,0.2423529
447,0.0476497,0.3854158,0.3246697,0.2422648
448,0.04769032,0.3851782,0.3248867,0.2422447
449,0.04773256,0.3850406,0.3249542,0.2422726
450,0.04777563,0.3849751,0.3249146,0.2423347
451,0.04781866,0.3849616,0.3248006,0.2424192
452,0.04786072,0.3849847,0.3246394,0.2425151
453,0.04790086,0.3850323,0.3244539,0.2426128
454,0.04793869,0.3850952,0.324259,0.2427071
455,0.04797392,0.3851667,0.3240655,0.2427938
456,0.04800631,0.3852418,0.3238818,0.2428701
457,0.04784235,0.391726,0.3176836,0.242748
458,0.04792978,0.3962587,0.3116715,0.24414
459,0.04796165,0.3994084,0.3076614,0.2449685
460,0.04795935,0.4015754,0.305062,0.2454033
461,0.04793946,0.4030252,0.3034475,0.2455878
462,0.0479118,0.4039598,0.3025115,0.2456169
463,0.04788069,0.404532,0.3020435,0.2455438
464,0.04784719,0.4048529,0.301905,0.2453949
465,0.04781073,0.405,0.3020078,0.2451815
466,0.04777024,0.405026,0.3022964,0.2449074
467,0.04772454,0.4049656,0.3027365,0.2445734
468,0.0476721,0.4048377,0.3033152,0.244175
469,0.04228052,0.4517842,0.28934,0.2165953
470,0.0391448,0.4676697,0.2921988,0.2009867
471,0.03741448,0.4717121,0.2980982,0.1927751
472,0.03642897,0.4714009,0.3037969,0.1883733
473,0.03585993,0.4697294,0.3083722,0.1860384
474,0.03552737,0.4678753,0.3117634,0.1848339
475,0.03532816,0.4662429,0.3141949,0.184234
476,0.03520246,0.4649153,0.3159408,0.1839415
477,0.03511583,0.4638571,0.3172362,0.1837909
478,0.03504876,0.4630001,0.3182583,0.1836928
479,0.03499092,0.4622817,0.3191233,0.1836041
480,0.03493725,0.4616548,0.3199005,0.1835076
481,0.03704905,0.4413476,0.3266791,0.1949243
482,0.03866895,0.4317724,0.3259713,0.2035873
483,0.03974223,0.4278394,0.3233462,0.2090723
484,0.04041618,0.426747,0.3204991,0.2123378
485,0.04081056,0.4268979,0.3181917,0.2140999
486,0.04102188,0.4274596,0.3166071,0.2149114
487,0.04112111,0.4280511,0.315661,0.2151668
488,0.04115685,0.4285359,0.3151772,0.21513
489,0.04116103,0.4288962,0.3149716,0.2149712
490,0.04115314,0.4291611,0.3148948,0.214791
491,0.04114494,0.429371,0.3148352,0.2146488
492,0.04114305,0.4295615,0.314719,0.2145765
493,0.04221743,0.4195206,0.3181862,0.2200758
494,0.04301481,0.4147536,0.318174,0.2240575
495,0.04356259,0.4127894,0.3169592,0.2266887
496,0.04393101,0.4122782,0.3154014,0.2283894
497,0.04417812,0.412459,0.3138751,0.2294878
498,0.04434766,0.4129253,0.3125056,0.2302215
499,0.0444697,0.4134749,0.3113092,0.2307462
500,0.04456301,0.414015,0.3102684,0.2311536
501,0.04463846,0.4145085,0.3093619,0.2314911
502,0.04470297,0.4149452,0.3085635,0.2317884
503,0.0447599,0.4153265,0.3078573,0.2320563
504,0.04481081,0.4156576,0.3072338,0.2322978
505,0.0433973,0.4296858,0.3018397,0.2250772
506,0.04245788,0.4358937,0.3012338,0.2204145
507,0.04188363,0.4383582,0.3020577,0.2177005
508,0.04154253,0.4390813,0.303185,0.2161912
509,0.04134616,0.4390652,0.3041859,0.2154026
510,0.04123667,0.4387886,0.3049484,0.2150263
511,0.04117719,0.4384621,0.3054895,0.2148712
512,0.041145,0.4381655,0.3058665,0.2148231
513,0.04112645,0.4379179,0.3061391,0.2148166
514,0.04111324,0.437714,0.3063597,0.214813
515,0.04110084,0.4375406,0.3065659,0.2147927
516,0.04108685,0.4373844,0.3067822,0.2147466
517,0.04105507,0.4370914,0.3073027,0.2145508
518,0.04101593,0.4367746,0.3079186,0.2142909
519,0.04098455,0.4364681,0.3084659,0.2140814
520,0.04095437,0.4361833,0.3089844,0.2138779
521,0.04092392,0.4359192,0.3094858,0.213671
522,0.04089283,0.4356731,0.3099754,0.2134587
523,0.04086122,0.4354424,0.310454,0.2132422
524,0.04082953,0.4352263,0.3109194,0.2130248
525,0.04079833,0.4350248,0.3113664,0.2128105
526,0.04076827,0.4348389,0.3117889,0.2126039
527,0.04074005,0.4346704,0.3121794,0.2124102
528,0.04071439,0.4345211,0.3125301,0.2122343
529,0.04091769,0.4324684,0.313336,0.2132779
530,0.04106217,0.4315487,0.3133836,0.2140056
531,0.04114873,0.4311913,0.3132511,0.2144089
532,0.04120042,0.4311032,0.3130665,0.2146298
533,0.04123122,0.4311352,0.3128844,0.2147492
534,0.04125068,0.4312152,0.3127144,0.2148198
535,0.04126489,0.4313114,0.3125494,0.2148744
536,0.04127752,0.4314119,0.312379,0.2149315
537,0.04129047,0.4315131,0.3121965,0.2149999
538,0.0413045,0.4316145,0.3119993,0.2150818
539,0.04131967,0.4317159,0.3117888,0.2151756
540,0.04133567,0.4318168,0.3115695,0.215278
541,0.04239926,0.4215604,0.3153318,0.2207085
542,0.04317584,0.4165823,0.3156907,0.2245512
543,0.04370285,0.4144005,0.3148525,0.2270442
544,0.04404436,0.4136685,0.3137231,0.228564
545,0.04425766,0.4136227,0.3126857,0.229434
546,0.04438733,0.4138559,0.3118593,0.2298975
547,0.04446515,0.4141682,0.3112444,0.2301223
548,0.04451238,0.4144728,0.3107979,0.2302168
549,0.0445425,0.4147405,0.31047,0.230247
550,0.04456375,0.4149681,0.3102167,0.2302515
551,0.04458085,0.4151625,0.3100061,0.2302505
552,0.04459628,0.4153326,0.3098175,0.2302535
553,0.04454418,0.4159485,0.3096105,0.2298968
554,0.04450693,0.4162547,0.3096155,0.229623
555,0.04449062,0.4164148,0.3096165,0.229478
556,0.0444865,0.4165128,0.309595,0.2294057
557,0.04448983,0.416589,0.3095441,0.2293771
558,0.04449731,0.416661,0.3094688,0.2293729
559,0.04450675,0.4167354,0.3093778,0.2293801
560,0.04451666,0.4168126,0.3092808,0.22939
561,0.04452618,0.4168909,0.3091854,0.2293974
562,0.0445349,0.4169684,0.3090966,0.2294001
563,0.04454258,0.4170435,0.3090171,0.2293968
564,0.04454918,0.4171151,0.3089485,0.2293872
565,0.04642307,0.3998395,0.3148744,0.238863
566,0.04784835,0.3907656,0.315551,0.245835
567,0.04883745,0.3863263,0.3144144,0.2504219
568,0.04948888,0.384462,0.3128157,0.2532333
569,0.04989764,0.3839287,0.3113548,0.2548189
570,0.0501441,0.3840149,0.3102173,0.2556236
571,0.05028956,0.3843438,0.3093914,0.2559752
572,0.05037712,0.3847358,0.3087904,0.2560967
573,0.05043516,0.3851194,0.3083169,0.2561285
574,0.05048069,0.3854758,0.3078933,0.2561502
575,0.05052322,0.3858082,0.3074673,0.2562013
576,0.05056725,0.3861254,0.307011,0.2562963
577,0.04753926,0.4140118,0.2973787,0.2410703
578,0.04558317,0.4263306,0.2965306,0.2315556
579,0.04442514,0.4312886,0.2980763,0.22621
580,0.04375231,0.432912,0.3000143,0.2233214
581,0.04337115,0.4331313,0.3016421,0.2218555
582,0.04316162,0.4328449,0.3028088,0.2211848
583,0.04304989,0.4324437,0.3035724,0.220934
584,0.04299121,0.4320754,0.30405,0.2208834
585,0.04295906,0.431777,0.3043558,0.2209081
586,0.04293819,0.4315417,0.3045791,0.220941
587,0.04292005,0.431349,0.3047838,0.2209472
588,0.04290007,0.4311779,0.3050116,0.2209104
589,0.04228823,0.4367874,0.3030398,0.2178845
590,0.04186215,0.4392312,0.3030673,0.2158394
591,0.04157568,0.4401065,0.30381,0.2145078
592,0.04138299,0.4402208,0.3047573,0.2136389
593,0.04124985,0.4399962,0.3057043,0.2130496
594,0.04115283,0.4396419,0.3065874,0.2126179
595,0.04107674,0.4392536,0.3074019,0.2122678
596,0.04101227,0.438871,0.3081616,0.2119551
597,0.04095409,0.4385076,0.3088816,0.2116568
598,0.04089951,0.4381656,0.3095716,0.2113634
599,0.04084764,0.4378444,0.3102331,0.2110749
600,0.04079875,0.4375439,0.31086,0.2107974
601,0.0404642,0.4397579,0.3107523,0.2090256
602,0.04022232,0.4405405,0.3114753,0.2077619
603,0.0400667,0.4406655,0.3122814,0.2069863
604,0.03996785,0.4405219,0.3129868,0.2065235
605,0.03990871,0.4403014,0.3135107,0.2062792
606,0.03987754,0.4400931,0.313839,0.2061904
607,0.03986627,0.4399322,0.3139871,0.2062145
608,0.03986929,0.4398275,0.3139819,0.2063214
609,0.03988261,0.4397749,0.3138527,0.2064897
610,0.03990299,0.4397657,0.3136302,0.2067011
611,0.03992778,0.4397892,0.3133433,0.2069397
612,0.03995474,0.4398349,0.3130186,0.2071917
613,0.04252196,0.4152624,0.3218074,0.2204083
614,0.04452062,0.4024968,0.322532,0.2304505
615,0.04593719,0.396377,0.3204145,0.2372714
616,0.04688651,0.3939511,0.3175585,0.2416039
617,0.04749049,0.3934135,0.314933,0.2441631
618,0.047858,0.3937227,0.3128619,0.2455574
619,0.04807458,0.3943262,0.311352,0.2462472
620,0.04820137,0.3949633,0.3102849,0.2465505
621,0.04827895,0.3955338,0.3095169,0.2466703
622,0.0483327,0.3960166,0.308923,0.2467277
623,0.0483772,0.3964235,0.308412,0.2467873
624,0.04842003,0.3967749,0.3079273,0.2468778
625,0.04673709,0.4129708,0.3019367,0.2383553
626,0.04561815,0.4205289,0.30097,0.2328829
627,0.04493641,0.4238085,0.3015382,0.2297169
628,0.04453764,0.4250367,0.3024276,0.227998
629,0.04431507,0.4253498,0.3031896,0.2271456
630,0.04419785,0.4253027,0.3037159,0.2267835
631,0.04414058,0.4251488,0.3040331,0.2266776
632,0.04411497,0.42499,0.3042082,0.2266869
633,0.04410398,0.424857,0.3043088,0.2267302
634,0.04409784,0.4247504,0.3043881,0.2267637
635,0.04409109,0.4246604,0.3044829,0.2267655
636,0.044081,0.4245761,0.3046167,0.2267262
637,0.04424621,0.4227751,0.3054286,0.2275501
638,0.04434905,0.421829,0.3058146,0.2280073
639,0.04440531,0.4213259,0.3060631,0.2282057
640,0.04442712,0.4210432,0.3063141,0.2282156
641,0.04442523,0.4208591,0.3066172,0.2280985
642,0.0444079,0.4207116,0.30698,0.2279005
643,0.04438118,0.4205732,0.3073905,0.2276551
644,0.04434948,0.4204347,0.3078289,0.2273868
645,0.04431614,0.4202962,0.3082731,0.2271146
646,0.0442836,0.4201618,0.3087018,0.2268527
647,0.04425381,0.4200375,0.3090959,0.2266128
648,0.0442283,0.4199289,0.3094383,0.2264045
649,0.04198902,0.4407372,0.3021966,0.2150772
650,0.04056111,0.4492546,0.302086,0.2080983
651,0.03970774,0.4522687,0.3038763,0.2041473
652,0.03920888,0.4529013,0.3058732,0.2020167
653,0.0389254,0.4526187,0.3074976,0.2009584
654,0.03876964,0.4520755,0.3086451,0.2005098
655,0.03868707,0.4515361,0.3093874,0.2003895
656,0.0386444,0.4510837,0.309842,0.2004299
657,0.0386217,0.4507252,0.310119,0.2005341
658,0.03860741,0.4504396,0.3103047,0.2006482
659,0.03859508,0.4502014,0.3104596,0.200744
660,0.03858132,0.4499879,0.3106224,0.2008083
661,0.03864023,0.4492698,0.3108336,0.2012564
662,0.03867645,0.4489173,0.3108373,0.201569
663,0.03868509,0.4487115,0.3108994,0.201704
664,0.03867679,0.4485517,0.3110409,0.2017305
665,0.03865707,0.4483928,0.3112676,0.2016825
666,0.03862975,0.4482177,0.3115696,0.201583
667,0.03859759,0.4480229,0.3119307,0.2014489
668,0.03856271,0.4478118,0.312332,0.2012935
669,0.03852681,0.4475904,0.3127546,0.2011281
670,0.03849135,0.4473655,0.3131806,0.2009625
671,0.03845761,0.447144,0.3135928,0.2008056
672,0.03842675,0.4469322,0.3139753,0.2006657
673,0.03837177,0.4465102,0.3147825,0.2003355
674,0.03831928,0.4461157,0.3155458,0.2000191
675,0.03829145,0.4457856,0.3160472,0.1998757
676,0.03827444,0.4455301,0.3163865,0.199809
677,0.03826611,0.4453422,0.3165873,0.1998044
678,0.03826539,0.4452128,0.3166674,0.1998545
679,0.03827134,0.4451326,0.3166434,0.1999526
680,0.03828302,0.445093,0.316532,0.2000919
681,0.03829941,0.4450862,0.3163491,0.2002653
682,0.03831915,0.4451039,0.316114,0.2004629
683,0.0383409,0.4451385,0.3158452,0.2006753
684,0.03836338,0.4451828,0.3155605,0.2008934
685,0.04001462,0.4289173,0.3215924,0.2094758
686,0.04123912,0.4209457,0.3221531,0.2156621
687,0.04207566,0.4174099,0.3208055,0.2197089
688,0.0426181,0.4161829,0.3190112,0.2221878
689,0.04295439,0.4160463,0.317393,0.2236062
690,0.0431554,0.4163479,0.3161392,0.2243574
691,0.04327275,0.4167695,0.3152392,0.2247185
692,0.04334133,0.4171759,0.3146122,0.2248705
693,0.04338328,0.4175242,0.3141692,0.2249233
694,0.04341227,0.4178129,0.3138325,0.2249424
695,0.04343608,0.4180554,0.3135464,0.2249621
696,0.04345876,0.4182675,0.3132758,0.224998
697,0.04132846,0.439108,0.3054543,0.2141092
698,0.03997449,0.4477815,0.3048173,0.2074268
699,0.0391698,0.4509875,0.3061731,0.2036697
700,0.03870185,0.4517989,0.3078452,0.201654
701,0.03843692,0.4516642,0.3092472,0.2006516
702,0.03829115,0.4512357,0.3102575,0.2002157
703,0.03821273,0.4507808,0.3109296,0.2000769
704,0.03817018,0.4503882,0.3113655,0.2000762
705,0.03814479,0.4500695,0.3116632,0.2001226
706,0.03812581,0.4498082,0.3118995,0.2001665
707,0.03810728,0.449582,0.3121288,0.200182
708,0.03808604,0.449371,0.3123859,0.2001571
709,0.0389238,0.4404854,0.3160588,0.204532
710,0.03950386,0.4362342,0.3168146,0.2074473
711,0.03986852,0.4343379,0.3166274,0.2091662
712,0.04007716,0.4335918,0.3162896,0.2100415
713,0.04017994,0.4333434,0.3161164,0.2103603
714,0.04021516,0.4332664,0.3161824,0.210336
715,0.04021039,0.4332162,0.3164536,0.2101198
716,0.0401848,0.4331444,0.316855,0.2098158
717,0.04015166,0.4330482,0.3173039,0.2094962
718,0.04012006,0.4329444,0.3177248,0.2092108
719,0.040096,0.4328543,0.3180565,0.2089932
720,0.04008324,0.4327969,0.3182555,0.2088643
721,0.04132939,0.4204784,0.3229907,0.2152016
722,0.04225003,0.4144524,0.3235592,0.2197384
723,0.04288418,0.4118001,0.3225842,0.2227314
724,0.04330899,0.4109176,0.3211307,0.2246428
725,0.0435931,0.4108979,0.3196454,0.2258637
726,0.04378894,0.411258,0.3182727,0.2266804
727,0.04393235,0.4117582,0.3170294,0.22728
728,0.04404565,0.4122891,0.3158939,0.2277714
729,0.04414135,0.4128059,0.3148436,0.2282092
730,0.04422571,0.4132927,0.3138665,0.2286151
731,0.0443013,0.413745,0.3129611,0.2289925
732,0.04436887,0.414162,0.3121324,0.2293366
733,0.04234008,0.4344418,0.3041748,0.2190433
734,0.04103708,0.4431723,0.3031225,0.2126682
735,0.04025456,0.4465744,0.3041252,0.2090458
736,0.03979341,0.447572,0.3055657,0.207069
737,0.0395266,0.4475729,0.3068523,0.2060482
738,0.03937409,0.4472278,0.3078386,0.2055595
739,0.03928625,0.4468137,0.308553,0.2053471
740,0.03923275,0.4464305,0.3090771,0.2052597
741,0.03919547,0.446099,0.3094953,0.2052102
742,0.03916387,0.4458095,0.309876,0.2051507
743,0.03913201,0.4455435,0.3102688,0.2050556
744,0.03909668,0.4452839,0.3107066,0.2049128
745,0.04190722,0.4168654,0.3218511,0.2193763
746,0.04408044,0.4016964,0.3240419,0.2301812
747,0.04559793,0.394097,0.3230119,0.2372932
748,0.0465739,0.390742,0.3212157,0.2414684
749,0.04714169,0.3895665,0.3197831,0.2435087
750,0.04742796,0.3893687,0.3190645,0.244139
751,0.04753905,0.3895148,0.3189967,0.2439494
752,0.04755775,0.3897239,0.3193272,0.2433912
753,0.04754504,0.3899144,0.3197474,0.2427932
754,0.04754263,0.3901029,0.3199767,0.2423777
755,0.04757527,0.390338,0.319815,0.2422718
756,0.04765301,0.3906616,0.3191673,0.2425181
757,0.04635837,0.4042935,0.3133381,0.23601
758,0.04554286,0.4109696,0.3113458,0.2321418
759,0.045098,0.4142198,0.3104173,0.230265
760,0.04488765,0.4158145,0.309695,0.2296029
761,0.04481412,0.4166499,0.3089283,0.2296077
762,0.04481253,0.4171569,0.3081069,0.2299236
763,0.04484287,0.4175267,0.3072922,0.2303382
764,0.04488213,0.4178324,0.3065496,0.2307359
765,0.04491827,0.4180947,0.3059257,0.2310614
766,0.04494564,0.4183142,0.3054461,0.231294
767,0.0449622,0.4184867,0.3051204,0.2314307
768,0.04496766,0.4186087,0.3049473,0.2314763
769,0.04246193,0.4420756,0.2966759,0.2187865
770,0.04085435,0.4516194,0.2966421,0.2108841
771,0.03988088,0.4549013,0.2989084,0.2063093
772,0.03929142,0.4554512,0.3015703,0.2036871
773,0.03893283,0.454927,0.3039441,0.202196
774,0.03871046,0.4540758,0.305874,0.2013397
775,0.03856594,0.4532045,0.30741,0.2008196
776,0.03846364,0.4524148,0.3086631,0.2004585
777,0.03838225,0.4517196,0.309744,0.2001542
778,0.03830945,0.4510996,0.3107403,0.1998506
779,0.03823851,0.4505289,0.3117124,0.1995202
780,0.03816625,0.4499858,0.3126949,0.1991531
781,0.03806696,0.4495801,0.3137459,0.198607
782,0.03797033,0.449073,0.3149012,0.1980555
783,0.03788405,0.4485346,0.3160226,0.1975588
784,0.03780538,0.448003,0.3170891,0.1971025
785,0.03773595,0.4475031,0.3180595,0.1967016
786,0.03767831,0.447055,0.3188905,0.1963762
787,0.0376351,0.4466763,0.3195419,0.1961468
788,0.03760845,0.4463811,0.3199803,0.1960301
789,0.03759966,0.4461792,0.3201846,0.1960365
790,0.03760831,0.4460729,0.3201541,0.1961647
791,0.03763271,0.4460571,0.3199064,0.1964039
792,0.03767011,0.446121,0.3194728,0.1967361
793,0.03867172,0.4371036,0.322128,0.2020967
794,0.03942261,0.4331853,0.3212886,0.2061035
795,0.03993278,0.4318137,0.3194803,0.2087732
796,0.04027427,0.4316708,0.3175152,0.2105397
797,0.04050067,0.4320453,0.3157479,0.2117061
798,0.04065108,0.4325781,0.3142854,0.2124854
799,0.04075221,0.4331039,0.3131259,0.213018
800,0.04082131,0.433558,0.3122295,0.2133912
801,0.04086916,0.4339239,0.3115495,0.2136574
802,0.04090251,0.4342065,0.3110424,0.2138486
803,0.04092541,0.4344173,0.3106743,0.2139829
804,0.04094034,0.4345692,0.3104191,0.2140714
805,0.03779886,0.4652112,0.2990669,0.197923
806,0.035915,0.4763197,0.2991886,0.1885768
807,0.03482795,0.4795343,0.3021549,0.1834829
808,0.03419736,0.4796226,0.3054217,0.1807584
809,0.03383195,0.4786463,0.3081547,0.179367
810,0.03361947,0.4774586,0.3102099,0.1787121
811,0.0334933,0.4763702,0.31169,0.1784465
812,0.03341393,0.4754576,0.3127585,0.17837
813,0.03335827,0.474706,0.3135667,0.1783689
814,0.03331302,0.4740737,0.314233,0.1783802
815,0.03327076,0.473518,0.3148403,0.1783709
816,0.03322757,0.473005,0.3154424,0.178325
817,0.035017,0.4527602,0.3243779,0.1878449
818,0.03630925,0.4429539,0.3262465,0.1944903
819,0.03715916,0.4386155,0.3255989,0.1986265
820,0.03766765,0.437004,0.3244499,0.2008784
821,0.03793687,0.4365864,0.3236255,0.2018512
822,0.03805247,0.4365814,0.323329,0.2020371
823,0.0380796,0.4366451,0.3234717,0.2018037
824,0.03806508,0.4366687,0.3238536,0.2014125
825,0.03804175,0.4366605,0.3242506,0.2010471
826,0.03803248,0.4366815,0.3244477,0.2008383
827,0.03804992,0.4367955,0.324298,0.2008565
828,0.03809576,0.4370295,0.3237724,0.2011024
829,0.03875568,0.4315574,0.3250681,0.2046189
830,0.03926667,0.4293381,0.324047,0.2073482
831,0.03963987,0.4287549,0.322271,0.2093342
832,0.03991601,0.4289639,0.3203049,0.2108151
833,0.04012447,0.4295093,0.3184153,0.211951
834,0.04028537,0.4301564,0.3167128,0.2128453
835,0.04041161,0.4307923,0.3152356,0.2135605
836,0.04051122,0.4313674,0.313989,0.2141324
837,0.04058935,0.4318632,0.3129645,0.2145828
838,0.04064993,0.4322777,0.3121427,0.2149297
839,0.04069584,0.4326155,0.3115022,0.2151865
840,0.04072936,0.4328839,0.311022,0.2153648
841,0.04009029,0.4394164,0.308484,0.2120093
842,0.03965447,0.4422729,0.3083015,0.209771
843,0.03937966,0.443364,0.3088434,0.208413
844,0.03920746,0.4436283,0.3095717,0.2075925
845,0.03909853,0.4435382,0.3102758,0.2070875
846,0.03902668,0.4433187,0.3109001,0.2067546
847,0.03897505,0.4430678,0.3114531,0.2065041
848,0.03893316,0.4428215,0.3119632,0.2062822
849,0.03889472,0.4425881,0.3124594,0.2060578
850,0.03885616,0.4423643,0.3129648,0.2058147
851,0.03881567,0.4421448,0.3134939,0.2055457
852,0.03877269,0.4419245,0.3140523,0.2052505
853,0.03943476,0.4346599,0.3172952,0.2086102
854,0.0398891,0.4311874,0.3181262,0.2107973
855,0.04016598,0.4296387,0.3182006,0.2119948
856,0.04031878,0.429034,0.3181219,0.2125253
857,0.04039113,0.4288501,0.3181162,0.2126425
858,0.04041639,0.4288298,0.3182175,0.2125362
859,0.04041857,0.4288636,0.3183771,0.2123407
860,0.04041406,0.4289165,0.3185226,0.2121468
861,0.04041354,0.4289876,0.3185859,0.2120129
862,0.04042307,0.4290872,0.3185194,0.2119703
863,0.04044525,0.4292249,0.3182991,0.2120308
864,0.04048023,0.4294049,0.3179237,0.2121911
865,0.03806976,0.4541605,0.3079398,0.19983
866,0.03660255,0.4638861,0.3068979,0.1926134
867,0.03575631,0.4672428,0.3082754,0.1887254
868,0.0352805,0.4679423,0.3100058,0.1867713
869,0.0350214,0.4676551,0.3114161,0.1859073
870,0.03488566,0.4670977,0.3123866,0.18563
871,0.03481711,0.4665456,0.3129933,0.1856439
872,0.03478253,0.4660783,0.3133597,0.1857794
873,0.03476267,0.4656957,0.3135996,0.185942
