EwEVersion,"6.5.13829.0 (compiled 2016-05-17)"
Date,"2016-09-06 18:01:02"
ModelName,Baltic_Proper-SEALS
EcosimScenario,Proper1_SealVuln100_19742100_seal100_cofF1
TimeSeries,new_data_weights_19742100_seal100_codF1
StartYear,1974

Data,"Prey of microzooplankton"

TimeStep,"Cyanobacteria","Phytoplankton","Detritus-water column",
1,0.0008785255,0.5158164,0.483305
2,0.0008198718,0.5461308,0.4530492
3,0.0007911187,0.559675,0.4395338
4,0.0007766321,0.5654632,0.43376
5,0.0007692975,0.567544,0.4316867
6,0.0007655739,0.5678975,0.4313369
7,0.0007636456,0.5675095,0.4317269
8,0.0007625802,0.5668615,0.4323759
9,0.000761907,0.5661771,0.433061
10,0.0007613972,0.5655503,0.4336883
11,0.0007609448,0.5650129,0.4342261
12,0.0007605043,0.5645697,0.4346699
13,0.0007726948,0.5569893,0.442238
14,0.0007796324,0.5525923,0.446628
15,0.0007832795,0.5502692,0.4489475
16,0.0007850194,0.5491336,0.4500813
17,0.0007856891,0.5486611,0.4505533
18,0.0007857836,0.5485436,0.4506706
19,0.000785586,0.5486044,0.45061
20,0.0007852534,0.5487427,0.450472
21,0.0007848715,0.5488992,0.4503159
22,0.0007844871,0.5490368,0.4501787
23,0.0007841254,0.54913,0.4500859
24,0.0007838001,0.549161,0.4500553
25,0.0007128019,0.5897602,0.4095269
26,0.0006786226,0.6086188,0.3907025
27,0.0006622651,0.6165195,0.3828183
28,0.0006541656,0.6195205,0.3798254
29,0.0006501475,0.6201601,0.3791896
30,0.0006481193,0.6197114,0.3796404
31,0.000647025,0.6188141,0.3805389
32,0.0006463414,0.6177795,0.3815742
33,0.0006458191,0.6167487,0.3826056
34,0.0006453432,0.6157827,0.3835718
35,0.0006448679,0.6149006,0.3844546
36,0.0006443789,0.6141027,0.385253
37,0.0006596078,0.6041189,0.3952215
38,0.0006681603,0.5983189,0.401013
39,0.0006726586,0.5951243,0.404203
40,0.0006748312,0.593407,0.4059182
41,0.0006757187,0.5924977,0.4068265
42,0.0006759249,0.5920126,0.4073115
43,0.0006757871,0.5917385,0.4075857
44,0.0006754881,0.5915613,0.4077632
45,0.0006751236,0.591422,0.4079029
46,0.0006747452,0.591285,0.4080403
47,0.0006743785,0.5911316,0.408194
48,0.0006740356,0.590951,0.4083749
49,0.0006902047,0.580917,0.4183927
50,0.0006995352,0.5751517,0.4241487
51,0.0007046558,0.5720504,0.427245
52,0.0007073484,0.5704288,0.4288639
53,0.0007086944,0.5695848,0.4297064
54,0.0007093266,0.5691155,0.4301751
55,0.0007096,0.568802,0.4304884
56,0.0007097046,0.5685337,0.4307567
57,0.0007097368,0.5682601,0.4310302
58,0.0007097391,0.5679685,0.4313217
59,0.0007097299,0.5676601,0.4316302
60,0.0007097147,0.5673422,0.4319481
61,0.0007164612,0.5632625,0.436021
62,0.0007203277,0.5610325,0.4382473
63,0.0007226323,0.5596789,0.4395985
64,0.0007239575,0.5588756,0.4404004
65,0.0007247046,0.5583826,0.4408926
66,0.0007251186,0.5580565,0.4412184
67,0.0007253434,0.5578165,0.4414581
68,0.0007254616,0.5576205,0.4416541
69,0.0007255198,0.5574478,0.4418266
70,0.0007255449,0.5572874,0.4419871
71,0.0007255506,0.557135,0.4421394
72,0.0007255446,0.5569903,0.4422842
73,0.0006834582,0.5824491,0.4168674
74,0.0006619956,0.5949561,0.4043818
75,0.0006510922,0.600673,0.398676
76,0.0006455063,0.6030594,0.3962952
77,0.0006426264,0.6038128,0.3955446
78,0.000641102,0.6038028,0.395556
79,0.0006402352,0.6034724,0.3958874
80,0.0006396708,0.6030402,0.3963202
81,0.0006392344,0.6026087,0.3967521
82,0.0006388441,0.6022214,0.3971397
83,0.0006384642,0.6018935,0.3974681
84,0.0006380806,0.6016264,0.3977355
85,0.000638359,0.6006066,0.3987551
86,0.0006383623,0.5997742,0.3995874
87,0.000637987,0.5993912,0.3999708
88,0.0006374989,0.5992,0.4001625
89,0.0006369815,0.5991187,0.4002444
90,0.0006364623,0.5991138,0.4002498
91,0.0006359489,0.599169,0.4001952
92,0.0006354408,0.5992742,0.4000904
93,0.0006349368,0.5994202,0.3999448
94,0.0006344386,0.5995958,0.3997698
95,0.0006339511,0.5997854,0.3995807
96,0.0006334829,0.59997,0.3993965
97,0.0006227615,0.6064317,0.3929455
98,0.0006168393,0.6097193,0.3896638
99,0.000613515,0.6112985,0.388088
100,0.0006116547,0.6119034,0.387485
101,0.0006106101,0.6119584,0.387431
102,0.0006100217,0.6116984,0.3876915
103,0.0006096922,0.6112546,0.3881357
104,0.000609513,0.6107025,0.388688
105,0.0006094241,0.610088,0.3893026
106,0.0006093885,0.6094443,0.3899463
107,0.0006093818,0.6087966,0.390594
108,0.0006093866,0.6081647,0.3912258
109,0.0006286778,0.5952079,0.4041635
110,0.0006399935,0.5875785,0.4117814
111,0.0006462695,0.5834679,0.4158859
112,0.0006496438,0.5813385,0.418012
113,0.0006513968,0.5802956,0.419053
114,0.0006522772,0.5798237,0.419524
115,0.0006527055,0.5796369,0.4197104
116,0.0006529086,0.5795842,0.4197629
117,0.0006530036,0.579589,0.419758
118,0.0006530487,0.5796157,0.4197313
119,0.000653072,0.579648,0.4196989
120,0.0006530865,0.5796789,0.419668
121,0.0006465263,0.5839973,0.4153562
122,0.000642908,0.5863689,0.4129882
123,0.0006410362,0.5874959,0.4118631
124,0.0006400722,0.5879971,0.4113629
125,0.0006395831,0.5881768,0.4111835
126,0.0006393337,0.5881987,0.4111619
127,0.0006391992,0.588149,0.4112119
128,0.0006391153,0.588071,0.4112899
129,0.0006390518,0.5879853,0.4113756
130,0.0006389939,0.5879008,0.4114601
131,0.0006389361,0.5878209,0.4115402
132,0.0006388758,0.5877466,0.4116145
133,0.0006936348,0.5539035,0.4454029
134,0.0007288627,0.53367,0.4656011
135,0.0007507708,0.5221894,0.4770599
136,0.0007637936,0.5164051,0.4828311
137,0.000771332,0.5139412,0.4852875
138,0.0007756632,0.5132437,0.4859807
139,0.0007782071,0.5133715,0.4858502
140,0.0007798016,0.5137919,0.4854283
141,0.000780919,0.5142239,0.4849951
142,0.000781819,0.5145272,0.484691
143,0.0007826356,0.514645,0.4845723
144,0.0007834332,0.5145658,0.4846507
145,0.0007134795,0.5573161,0.4419704
146,0.0006796734,0.5767962,0.4225242
147,0.0006628306,0.5853823,0.4139548
148,0.0006542468,0.5888859,0.4104599
149,0.0006498031,0.5900308,0.4093194
150,0.0006474479,0.5901346,0.409218
151,0.0006461459,0.589825,0.409529
152,0.0006453752,0.5893883,0.4099663
153,0.000644874,0.5889466,0.4104085
154,0.0006445106,0.5885468,0.4108087
155,0.0006442192,0.5882028,0.411153
156,0.0006439659,0.5879158,0.4114402
157,0.0007674716,0.510212,0.4890205
158,0.0008618382,0.4529794,0.5461587
159,0.000929263,0.4148309,0.5842399
160,0.0009752011,0.3913345,0.6076903
161,0.001005397,0.3780965,0.6208981
162,0.001024707,0.371559,0.6274163
163,0.001036843,0.3691057,0.6298575
164,0.001044451,0.3689414,0.6300141
165,0.001049305,0.3699112,0.6290395
166,0.001052532,0.3713154,0.6276321
167,0.001054822,0.3727528,0.6261923
168,0.001056582,0.3740117,0.6249317
169,0.0009734678,0.4240736,0.5749529
170,0.0009275721,0.4502859,0.5487866
171,0.0009042084,0.4613762,0.5377197
172,0.0008911827,0.466313,0.5327958
173,0.0008836553,0.4685967,0.5305197
174,0.0008793157,0.4696118,0.5295089
175,0.0008768507,0.4700747,0.5290484
176,0.000875501,0.4703348,0.5287896
177,0.000874826,0.4705456,0.5285795
178,0.0008745681,0.4707633,0.528362
179,0.0008745719,0.471004,0.5281215
180,0.0008747405,0.4712693,0.5278559
181,0.0008495057,0.4864936,0.5126569
182,0.0008350876,0.495039,0.504126
183,0.0008270711,0.4996827,0.4994902
184,0.0008227373,0.5021558,0.4970214
185,0.0008204882,0.5034615,0.495718
186,0.0008193943,0.5041705,0.49501
187,0.0008189224,0.5046007,0.4945804
188,0.0008187723,0.5049235,0.4942577
189,0.0008187791,0.505229,0.4939522
190,0.0008188548,0.5055605,0.4936206
191,0.0008189543,0.5059379,0.4932432
192,0.000819055,0.5063688,0.4928121
193,0.0008038517,0.5157563,0.4834398
194,0.0007951643,0.5211167,0.4780881
195,0.0007902749,0.5241802,0.4750295
196,0.0007875798,0.5259527,0.4732598
197,0.0007861232,0.5270244,0.4721895
198,0.0007853495,0.5277283,0.4714863
199,0.0007849425,0.5282437,0.4709714
200,0.000784729,0.5286613,0.470554
201,0.0007846172,0.529022,0.4701934
202,0.0007845624,0.5293387,0.4698768
203,0.0007845444,0.529612,0.4696034
204,0.0007845556,0.5298377,0.4693778
205,0.0008512291,0.4908803,0.5082685
206,0.0008961976,0.4656861,0.5334177
207,0.0009251072,0.4506868,0.5483881
208,0.0009429719,0.4424431,0.5566139
209,0.0009536662,0.4383641,0.5606822
210,0.0009599429,0.4366602,0.5623798
211,0.000963629,0.4361841,0.5628523
212,0.0009658685,0.4362494,0.5627847
213,0.0009673383,0.4364784,0.5625543
214,0.0009684066,0.4367015,0.5623301
215,0.0009692678,0.4368591,0.5621716
216,0.0009700163,0.4369493,0.5620806
217,0.0008918723,0.4819497,0.5171585
218,0.0008505007,0.5048288,0.4943208
219,0.0008288735,0.5159796,0.4831915
220,0.000817567,0.5212066,0.4779759
221,0.0008117431,0.5234463,0.475742
222,0.0008088225,0.5242284,0.4749628
223,0.0008074142,0.5243458,0.4748469
224,0.0008067728,0.5241988,0.4749945
225,0.0008065052,0.52398,0.4752135
226,0.000806409,0.5237754,0.4754182
227,0.0008063844,0.5236176,0.4755761
228,0.000806385,0.5235143,0.4756793
229,0.0008198185,0.5159935,0.4831867
230,0.0008279663,0.5117719,0.4874002
231,0.0008328645,0.5094802,0.4896869
232,0.0008357364,0.5083712,0.490793
233,0.000837396,0.5079471,0.4912155
234,0.0008383551,0.5078992,0.4912624
235,0.0008389219,0.5080447,0.4911164
236,0.0008392758,0.5082787,0.490882
237,0.0008395182,0.5085427,0.4906178
238,0.0008397033,0.5088039,0.4903564
239,0.0008398597,0.5090445,0.4901157
240,0.0008400005,0.5092544,0.4899056
241,0.000812599,0.5257418,0.4734456
242,0.0007975001,0.5347655,0.464437
243,0.0007896521,0.5391374,0.460073
244,0.0007856179,0.5411289,0.4580854
245,0.0007835943,0.5418913,0.4573252
246,0.0007826,0.5420454,0.457172
247,0.0007821071,0.5419231,0.4572947
248,0.0007818404,0.5416957,0.4575224
249,0.0007816642,0.5414471,0.4577712
250,0.0007815179,0.5412114,0.4580071
251,0.0007813768,0.5410002,0.4582183
252,0.0007812338,0.5408151,0.4584037
253,0.0007698614,0.5463726,0.4528575
254,0.0007632274,0.549107,0.4501298
255,0.0007590745,0.5506487,0.4485922
256,0.000756528,0.5514033,0.4478401
257,0.0007549579,0.551708,0.4475371
258,0.000753968,0.5517735,0.4474726
259,0.0007533193,0.5517219,0.4475247
260,0.0007528701,0.5516214,0.4476256
261,0.0007525382,0.5515075,0.4477399
262,0.000752276,0.551398,0.4478497
263,0.0007520564,0.5513005,0.4479475
264,0.0007518639,0.5512172,0.4480309
265,0.0008157634,0.5144917,0.4846925
266,0.0008581139,0.4915911,0.5075508
267,0.0008851181,0.4781291,0.5209858
268,0.0009016037,0.4709553,0.528143
269,0.0009113508,0.4676099,0.5314789
270,0.0009170097,0.4664061,0.5326769
271,0.000920308,0.4662723,0.5328074
272,0.0009223092,0.4665667,0.532511
273,0.0009236324,0.4669297,0.5321467
274,0.0009246141,0.4671838,0.5318916
275,0.0009254243,0.4672602,0.5318144
276,0.0009261361,0.4671578,0.5319161
277,0.0009447123,0.4563393,0.5427161
278,0.0009565561,0.4493939,0.5496496
279,0.0009637089,0.4453583,0.5536779
280,0.000967895,0.4431429,0.5558892
281,0.0009702784,0.4420235,0.5570062
282,0.0009716123,0.4415369,0.5574914
283,0.0009723648,0.4413992,0.5576284
284,0.0009728147,0.441444,0.5575832
285,0.0009731212,0.4415788,0.5574481
286,0.0009733702,0.4417544,0.5572723
287,0.0009736052,0.441946,0.5570803
288,0.0009738457,0.4421432,0.556883
289,0.000899617,0.4841149,0.5149856
290,0.0008598764,0.5056533,0.4934868
291,0.0008388259,0.5162772,0.482884
292,0.0008276435,0.5213273,0.4778451
293,0.0008217465,0.5235375,0.4756409
294,0.0008186743,0.5243416,0.4748398
295,0.0008170917,0.5244908,0.4746921
296,0.0008162764,0.5243708,0.474813
297,0.0008158438,0.5241709,0.4750133
298,0.0008155956,0.5239769,0.4752075
299,0.0008154332,0.5238227,0.4753619
300,0.0008153087,0.5237178,0.4754669
301,0.0007498086,0.5611991,0.4380512
302,0.0007170184,0.5790964,0.4201866
303,0.0007002749,0.587409,0.4118908
304,0.000691598,0.5910391,0.4082693
305,0.0006870587,0.5923687,0.4069442
306,0.0006846352,0.592604,0.4067113
307,0.0006832749,0.5923571,0.4069596
308,0.0006824359,0.5919302,0.4073874
309,0.0006818447,0.5914647,0.4078535
310,0.0006813673,0.5910231,0.4082955
311,0.000680942,0.5906262,0.4086929
312,0.0006805431,0.5902761,0.4090435
313,0.0007729144,0.535242,0.4639851
314,0.0008380218,0.4977276,0.5014343
315,0.0008808967,0.4746874,0.5244317
316,0.0009076463,0.4617954,0.537297
317,0.0009235946,0.4554147,0.5436618
318,0.0009327667,0.4528742,0.5461929
319,0.000937931,0.452389,0.5466731
320,0.0009408512,0.4528502,0.546209
321,0.000942581,0.4536106,0.5454468
322,0.0009437047,0.4543314,0.5447249
323,0.0009445257,0.4548565,0.5441989
324,0.0009451889,0.4551398,0.543915
325,0.0009375188,0.4597112,0.5393512
326,0.0009329669,0.4621344,0.5369326
327,0.0009302669,0.463371,0.5356987
328,0.0009286982,0.4639146,0.5351567
329,0.0009277982,0.464098,0.5349742
330,0.0009272918,0.4641212,0.5349516
331,0.000927023,0.4640935,0.5349795
332,0.000926905,0.4640701,0.535003
333,0.0009268889,0.4640748,0.5349983
334,0.0009269501,0.4641098,0.5349633
335,0.0009270713,0.4641718,0.5349011
336,0.0009272396,0.4642563,0.5348164
337,0.0009334639,0.4609914,0.5380751
338,0.0009374319,0.4591367,0.5399259
339,0.0009399483,0.4581644,0.5408956
340,0.0009415549,0.457732,0.5413265
341,0.0009426069,0.4576191,0.5414382
342,0.0009433298,0.457691,0.5413656
343,0.000943862,0.4578678,0.5411884
344,0.0009442865,0.4581039,0.5409518
345,0.0009446521,0.4583734,0.540682
346,0.0009449857,0.4586639,0.540391
347,0.0009453036,0.458968,0.5400866
348,0.0009456146,0.4592802,0.5397741
349,0.0008152933,0.5341244,0.4650602
350,0.0007557583,0.5672451,0.4319991
351,0.0007278759,0.5815338,0.4177383
352,0.0007142774,0.5875492,0.4117365
353,0.0007075843,0.5897073,0.4095851
354,0.0007042627,0.5901002,0.4091955
355,0.0007025567,0.5897489,0.4095485
356,0.0007015951,0.5891431,0.4101553
357,0.0007009566,0.5885041,0.4107949
358,0.0007004465,0.5879216,0.4113779
359,0.0006999818,0.5874227,0.4118774
360,0.0006995308,0.5870076,0.4122929
361,0.0007783372,0.54011,0.4591117
362,0.0008320922,0.5087373,0.4904307
363,0.0008661503,0.4901436,0.5089902
364,0.0008865728,0.4801221,0.5189913
365,0.0008982287,0.4754048,0.523697
366,0.0009045976,0.4737172,0.5253782
367,0.0009079649,0.4736001,0.5254919
368,0.0009097275,0.474182,0.5249084
369,0.0009106872,0.4749732,0.5241161
370,0.0009112805,0.4757101,0.5233786
371,0.0009117262,0.4762651,0.5228232
372,0.000912122,0.4765907,0.5224972
373,0.0009226587,0.4710403,0.528037
374,0.0009292375,0.4676771,0.5313937
375,0.0009332814,0.4656421,0.5334246
376,0.0009357259,0.4643953,0.5346689
377,0.0009371819,0.4636075,0.5354553
378,0.0009380357,0.4630912,0.5359708
379,0.0009385289,0.4627446,0.5363168
380,0.0009388131,0.4625127,0.5365485
381,0.0009389833,0.4623643,0.5366967
382,0.0009390981,0.4622816,0.5367794
383,0.000939195,0.4622508,0.53681
384,0.0009392956,0.4622605,0.5368001
385,0.0009411325,0.4612382,0.5378207
386,0.000942315,0.4606536,0.538404
387,0.00094306,0.4603929,0.5386641
388,0.0009435526,0.4603256,0.5387309
389,0.0009439057,0.4603733,0.5386828
390,0.000944184,0.4604909,0.5385649
391,0.0009444234,0.4606543,0.5384013
392,0.0009446424,0.4608517,0.5382036
393,0.0009448508,0.4610783,0.5379768
394,0.0009450546,0.46133,0.537725
395,0.0009452561,0.4616046,0.5374501
396,0.0009454572,0.4619008,0.5371538
397,0.0009651309,0.4504503,0.5485846
398,0.0009775334,0.4433689,0.5556536
399,0.0009847928,0.4396794,0.5593358
400,0.0009889111,0.4379864,0.5610247
401,0.000991179,0.4374266,0.5615823
402,0.000992406,0.4374712,0.5615364
403,0.0009930814,0.437808,0.5611989
404,0.0009934861,0.4382598,0.5607467
405,0.0009937737,0.4387312,0.5602751
406,0.00099402,0.4391753,0.5598307
407,0.0009942595,0.4395719,0.5594338
408,0.0009945034,0.4399143,0.5590912
409,0.0008981579,0.4939479,0.505154
410,0.0008489662,0.520424,0.4787269
411,0.0008240122,0.5328138,0.4663622
412,0.0008111617,0.538393,0.4607958
413,0.0008045589,0.54062,0.4585755
414,0.0008011843,0.5412478,0.457951
415,0.0007994511,0.5411716,0.458029
416,0.0007985276,0.5408379,0.4583636
417,0.0007979859,0.5404577,0.4587443
418,0.0007976122,0.5401219,0.4590804
419,0.0007973042,0.5398627,0.45934
420,0.0007970151,0.5396851,0.4595179
421,0.0008020544,0.5366738,0.4625242
422,0.0008048934,0.5350612,0.4641339
423,0.0008064432,0.5342288,0.4649647
424,0.0008071976,0.5338827,0.4653102
425,0.0008074859,0.5338175,0.465375
426,0.0008075122,0.5339043,0.4652882
427,0.0008073988,0.5340635,0.4651292
428,0.0008072178,0.534245,0.4649478
429,0.0008070128,0.5344159,0.4647771
430,0.0008068103,0.5345524,0.4646408
431,0.0008066256,0.5346379,0.4645554
432,0.0008064678,0.5346617,0.464532
433,0.0008699024,0.4994177,0.4997124
434,0.0009118721,0.4775251,0.5215631
435,0.0009387585,0.4644929,0.5345683
436,0.0009552474,0.4574073,0.5416374
437,0.0009650703,0.4538998,0.5451351
438,0.0009708432,0.4523471,0.5466821
439,0.0009742707,0.4517235,0.5473022
440,0.0009763964,0.451427,0.5475966
441,0.0009778162,0.4511428,0.5478793
442,0.0009788348,0.4507559,0.5482652
443,0.0009795949,0.4502631,0.5487573
444,0.0009801583,0.4497186,0.5493013
445,0.00098285,0.4488785,0.5501387
446,0.0009845571,0.4487462,0.5502692
447,0.0009859654,0.4485941,0.5504199
448,0.0009871228,0.4484617,0.5505512
449,0.0009880923,0.4483444,0.5506675
450,0.0009889186,0.4482388,0.5507723
451,0.0009896342,0.4481436,0.5508667
452,0.0009902611,0.4480603,0.5509494
453,0.0009908162,0.4479911,0.551018
454,0.0009913131,0.4479353,0.5510734
455,0.000991763,0.4478927,0.5511156
456,0.0009921736,0.4478631,0.5511447
457,0.0009816604,0.45212,0.5468984
458,0.0009752915,0.4535554,0.5454693
459,0.0009706435,0.4546795,0.5443498
460,0.0009672763,0.4555824,0.5434504
461,0.0009648942,0.4562904,0.5427448
462,0.0009632568,0.456836,0.5422007
463,0.0009621646,0.4572612,0.5417766
464,0.000961459,0.4576086,0.54143
465,0.0009610199,0.4579147,0.5411242
466,0.0009607596,0.4582082,0.540831
467,0.0009606159,0.4585098,0.5405296
468,0.000960546,0.4588359,0.5402036
469,0.0008587091,0.5161302,0.4830111
470,0.0008085444,0.543365,0.4558264
471,0.0007837474,0.5558223,0.4433939
472,0.0007712101,0.5613565,0.4378723
473,0.000764846,0.5635532,0.435682
474,0.000761601,0.5641793,0.4350592
475,0.0007599025,0.5641202,0.43512
476,0.0007589441,0.5638106,0.4354305
477,0.0007583213,0.5634522,0.4357894
478,0.0007578392,0.5631293,0.4361129
479,0.0007574109,0.5628665,0.4363761
480,0.0007570014,0.5626624,0.4365806
481,0.0008007916,0.5365938,0.4626054
482,0.0008283879,0.520294,0.4788776
483,0.0008444682,0.511369,0.4877865
484,0.0008533889,0.5068562,0.4922904
485,0.00085805,0.5048782,0.4942638
486,0.0008603061,0.5042606,0.4948792
487,0.0008612776,0.5043088,0.49483
488,0.0008616063,0.5046339,0.4945044
489,0.0008616429,0.5050283,0.49411
490,0.0008615659,0.505392,0.4937465
491,0.0008614629,0.5056795,0.493459
492,0.0008613736,0.5058746,0.493264
493,0.0008831252,0.4936355,0.5054814
494,0.0008966195,0.4862986,0.5128047
495,0.0009046631,0.4821967,0.5168986
496,0.000909324,0.4800211,0.5190696
497,0.0009119654,0.4789326,0.5201554
498,0.0009134486,0.4784178,0.5206687
499,0.0009142926,0.4781814,0.5209044
500,0.0009147967,0.4780668,0.5210183
501,0.0009151264,0.4779999,0.521085
502,0.0009153742,0.4779424,0.5211423
503,0.0009155851,0.4778832,0.5212011
504,0.0009157801,0.4778226,0.5212616
505,0.0008869861,0.4940007,0.5051122
506,0.0008706989,0.5028203,0.496309
507,0.000861749,0.5073273,0.491811
508,0.0008569418,0.5094785,0.4896646
509,0.0008544365,0.510383,0.4887626
510,0.0008531784,0.5106628,0.488484
511,0.0008525735,0.5106575,0.4884899
512,0.0008522955,0.5105445,0.4886031
513,0.0008521698,0.510411,0.4887367
514,0.0008521058,0.510299,0.488849
515,0.0008520605,0.5102237,0.4889243
516,0.0008520152,0.5101882,0.4889598
517,0.0008520279,0.5102485,0.4888995
518,0.000852036,0.5103701,0.4887778
519,0.000852097,0.510439,0.4887089
520,0.00085215,0.5105135,0.4886344
521,0.0008521831,0.510604,0.4885438
522,0.0008521955,0.5107112,0.4884367
523,0.00085219,0.5108323,0.4883156
524,0.0008521698,0.510963,0.4881848
525,0.0008521396,0.5110987,0.4880491
526,0.0008521019,0.5112345,0.4879134
527,0.0008520601,0.5113654,0.4877826
528,0.0008520174,0.5114864,0.4876617
529,0.0008562842,0.5090773,0.4900664
530,0.0008587987,0.5076939,0.4914473
531,0.0008601729,0.5070161,0.4921237
532,0.0008609049,0.5067075,0.4924316
533,0.0008612797,0.506587,0.4925517
534,0.0008614653,0.5065511,0.4925874
535,0.0008615567,0.5065433,0.4925952
536,0.0008616056,0.506535,0.4926034
537,0.0008616382,0.5065142,0.4926242
538,0.0008616666,0.5064778,0.4926606
539,0.000861695,0.5064275,0.4927108
540,0.0008617241,0.506367,0.4927712
541,0.0008835212,0.4941297,0.5049868
542,0.0008970363,0.486847,0.5122558
543,0.0009051363,0.4827774,0.5163175
544,0.0009098341,0.4806699,0.5184202
545,0.0009124841,0.4796934,0.519394
546,0.0009139489,0.47933,0.519756
547,0.0009147542,0.479274,0.5198113
548,0.0009152068,0.4793547,0.51973
549,0.0009154797,0.4794829,0.5196016
550,0.0009156659,0.4796148,0.5194695
551,0.0009158132,0.4797326,0.5193516
552,0.0009159436,0.4798314,0.5192527
553,0.0009149594,0.4805881,0.5184969
554,0.0009144365,0.4810691,0.5180164
555,0.0009142315,0.4813227,0.5177631
556,0.0009141925,0.4814601,0.5176257
557,0.0009142392,0.4815367,0.517549
558,0.0009143254,0.4815844,0.5175013
559,0.0009144259,0.481621,0.5174646
560,0.0009145273,0.4816565,0.5174291
561,0.0009146245,0.4816951,0.5173903
562,0.0009147158,0.4817385,0.5173467
563,0.000914801,0.481787,0.5172982
564,0.0009148804,0.4818402,0.5172449
565,0.000951984,0.4612155,0.5378324
566,0.0009760768,0.4483899,0.550634
567,0.0009910997,0.4410027,0.5580062
568,0.001000169,0.4370608,0.5619389
569,0.001005494,0.4351837,0.5638108
570,0.001008561,0.4344632,0.5645282
571,0.001010323,0.4343351,0.5646546
572,0.001011362,0.4344684,0.5645201
573,0.001012016,0.4346824,0.5643056
574,0.001012473,0.4348886,0.5640989
575,0.001012832,0.4350511,0.5639361
576,0.001013139,0.4351617,0.5638252
577,0.0009545035,0.4675848,0.5314607
578,0.0009217756,0.4849419,0.5141364
579,0.000904011,0.4936685,0.5054276
580,0.0008944424,0.4978213,0.5012842
581,0.0008893594,0.4995953,0.4995152
582,0.0008866984,0.5001877,0.4989256
583,0.0008853162,0.5002401,0.4988745
584,0.0008845886,0.500085,0.4990304
585,0.0008841836,0.4998846,0.4992311
586,0.0008839295,0.4997115,0.4994046
587,0.0008837415,0.499593,0.4995233
588,0.000883579,0.4995355,0.4995809
589,0.0008712882,0.506215,0.4929138
590,0.0008640674,0.5099668,0.4891692
591,0.0008598806,0.5120109,0.4871292
592,0.0008574768,0.5130901,0.4860525
593,0.0008560924,0.5136529,0.4854911
594,0.0008552758,0.5139583,0.4851864
595,0.0008547666,0.5141495,0.4849958
596,0.0008544192,0.5143001,0.4848455
597,0.0008541549,0.5144449,0.4847009
598,0.0008539339,0.5145966,0.4845495
599,0.0008537383,0.5147544,0.4843918
600,0.0008535627,0.5149116,0.4842348
601,0.0008478111,0.5182798,0.4808724
602,0.0008444234,0.5202372,0.4789184
603,0.0008425408,0.5212416,0.4779159
604,0.0008415064,0.5217189,0.4774395
605,0.0008409568,0.5218894,0.4772696
606,0.0008406807,0.521879,0.4772804
607,0.000840557,0.5217589,0.4774006
608,0.000840517,0.5215703,0.4775892
609,0.0008405223,0.5213371,0.4778223
610,0.0008405495,0.5210768,0.4780826
611,0.0008405839,0.5208026,0.4783569
612,0.0008406159,0.5205249,0.4786344
613,0.0008932836,0.4907058,0.5084009
614,0.0009277365,0.4717897,0.5272826
615,0.0009492227,0.4607174,0.5383334
616,0.0009620758,0.4547012,0.5443366
617,0.0009694687,0.4517507,0.5472798
618,0.0009735753,0.4505344,0.548492
619,0.0009757994,0.4502184,0.5488058
620,0.0009769994,0.4503126,0.5487103
621,0.0009776738,0.4505492,0.5484731
622,0.0009780984,0.4507933,0.5482286
623,0.0009784155,0.4509873,0.5480342
624,0.0009786928,0.4511158,0.5479055
625,0.0009451812,0.4697808,0.529274
626,0.0009258639,0.4800956,0.5189785
627,0.0009150699,0.485454,0.5136309
628,0.0009091721,0.4880539,0.5110369
629,0.0009060381,0.4891745,0.5099194
630,0.0009044277,0.4895459,0.5095497
631,0.0009036319,0.4895725,0.5095239
632,0.0009032544,0.4894691,0.5096276
633,0.0009030802,0.4893435,0.5097535
634,0.0009029972,0.4892439,0.5098531
635,0.0009029493,0.4891892,0.5099078
636,0.0009029101,0.4891828,0.5099143
637,0.0009064925,0.4872143,0.5118791
638,0.0009086538,0.486153,0.5129383
639,0.0009099268,0.4856375,0.5134526
640,0.0009106495,0.4854588,0.5136306
641,0.0009110445,0.4854775,0.5136114
642,0.0009112507,0.4856067,0.513482
643,0.0009113524,0.4857934,0.5132952
644,0.0009113994,0.4860055,0.5130831
645,0.0009114206,0.4862222,0.5128664
646,0.0009114326,0.4864304,0.5126581
647,0.0009114453,0.4866206,0.512468
648,0.0009114644,0.4867856,0.5123029
649,0.0008666655,0.5117031,0.4874302
650,0.0008422103,0.5247177,0.4744402
651,0.0008290548,0.5311621,0.4680088
652,0.0008220521,0.5341227,0.4650552
653,0.0008183802,0.5352751,0.4639065
654,0.0008164781,0.5355331,0.4636504
655,0.0008154886,0.535386,0.4637985
656,0.0008149508,0.5350871,0.464098
657,0.0008146224,0.5347605,0.4644249
658,0.0008143819,0.5344617,0.464724
659,0.0008141716,0.5342115,0.4649743
660,0.0008139664,0.5340142,0.4651718
661,0.000815057,0.5330623,0.4661226
662,0.0008155711,0.5324808,0.4667036
663,0.0008156971,0.5322003,0.466984
664,0.0008156267,0.5320789,0.4671054
665,0.0008154556,0.5320501,0.4671344
666,0.000815237,0.5320759,0.4671089
667,0.0008150006,0.5321333,0.4670516
668,0.0008147624,0.5322081,0.4669771
669,0.0008145315,0.5322897,0.4668958
670,0.0008143131,0.5323697,0.4668159
671,0.0008141113,0.532441,0.466745
672,0.0008139285,0.5324966,0.4666895
673,0.000813799,0.5326712,0.466515
674,0.000813669,0.5328445,0.4663418
675,0.0008136716,0.5328389,0.4663475
676,0.0008136856,0.5327793,0.466407
677,0.0008137002,0.5326801,0.4665062
678,0.0008137157,0.5325455,0.4666408
679,0.0008137338,0.5323786,0.4668078
680,0.0008137557,0.5321832,0.467003
681,0.0008137812,0.5319639,0.4672222
682,0.0008138078,0.5317284,0.4674577
683,0.0008138325,0.5314843,0.4677019
684,0.0008138526,0.531239,0.4679472
685,0.0008483598,0.5115138,0.4876378
686,0.0008700397,0.4995492,0.4995808
687,0.0008830999,0.4927925,0.5063244
688,0.0008906765,0.4892521,0.5098572
689,0.0008949292,0.4875794,0.5115256
690,0.0008972544,0.486922,0.5121807
691,0.0008985083,0.4867726,0.5123289
692,0.0008991928,0.4868468,0.512254
693,0.0008995885,0.4869963,0.5121041
694,0.0008998471,0.4871476,0.5119525
695,0.0009000453,0.4872705,0.5118295
696,0.0009002187,0.4873571,0.5117427
697,0.0008565424,0.5119098,0.4872336
698,0.0008327474,0.5247096,0.4744576
699,0.0008199641,0.5310439,0.4681361
700,0.0008131667,0.5339683,0.4652185
701,0.0008096056,0.5351348,0.4640556
702,0.0008077623,0.5354404,0.4637519
703,0.0008068042,0.5353626,0.4638305
704,0.0008062839,0.5351472,0.4640465
705,0.0008059664,0.5349138,0.4642802
706,0.0008057339,0.5347152,0.4644791
707,0.0008055302,0.534571,0.4646235
708,0.0008053301,0.5344852,0.4647094
709,0.0008233687,0.5241229,0.4750537
710,0.0008341999,0.5181705,0.4809952
711,0.0008404374,0.5150216,0.484138
712,0.0008438688,0.5135486,0.4856076
713,0.0008456566,0.5130261,0.4861282
714,0.000846522,0.51301,0.4861434
715,0.0008468951,0.5132377,0.4859154
716,0.0008470241,0.5135577,0.4855953
717,0.0008470495,0.5138828,0.4852702
718,0.0008470475,0.5141631,0.4849899
719,0.000847058,0.5143708,0.4847822
720,0.0008470998,0.5144917,0.4846611
721,0.0008733583,0.499804,0.4993226
722,0.0008898028,0.4909801,0.5081301
723,0.0008997457,0.4859949,0.5131053
724,0.0009056063,0.4833243,0.51577
725,0.0009090148,0.4819584,0.5171325
726,0.0009110064,0.4812756,0.5178134
727,0.0009122039,0.4809193,0.5181684
728,0.0009129654,0.4807017,0.5183854
729,0.0009134865,0.4805349,0.5185516
730,0.0009138699,0.4803854,0.5187007
731,0.0009141671,0.4802468,0.518839
732,0.0009144043,0.4801233,0.5189623
733,0.0008724398,0.5035447,0.4955828
734,0.0008492696,0.5158985,0.4832523
735,0.0008366617,0.5220972,0.4770662
736,0.0008298612,0.5250247,0.4741455
737,0.0008262319,0.5262582,0.4729156
738,0.0008243058,0.5266584,0.4725173
739,0.0008232717,0.5266858,0.4724909
740,0.0008226885,0.5265784,0.4725989
741,0.0008223225,0.5264537,0.4727241
742,0.0008220539,0.5263643,0.4728136
743,0.0008218238,0.5263313,0.4728468
744,0.0008216049,0.5263597,0.4728186
745,0.0008808091,0.4928461,0.5062732
746,0.0009200022,0.4715888,0.5274913
747,0.0009446755,0.4592648,0.5397905
748,0.0009595142,0.4528156,0.546225
749,0.0009680511,0.4499843,0.5490476
750,0.0009727639,0.4492174,0.5498098
751,0.0009752921,0.4495011,0.5495236
752,0.000976668,0.4501996,0.5488237
753,0.00097751,0.4509286,0.5480939
754,0.000978165,0.4514718,0.5475501
755,0.0009788038,0.4517286,0.5472925
756,0.0009794894,0.451682,0.5473385
757,0.0009518827,0.4669545,0.5320936
758,0.0009360991,0.4751533,0.5239105
759,0.0009274069,0.4791445,0.5199282
760,0.0009227629,0.4808231,0.5182543
761,0.0009203534,0.4813197,0.5177601
762,0.0009191275,0.4812805,0.5178003
763,0.0009184999,0.4810525,0.518029
764,0.0009181589,0.480805,0.5182768
765,0.0009179491,0.48061,0.5184721
766,0.0009177974,0.48049,0.5185922
767,0.0009176722,0.4804455,0.5186368
768,0.0009175611,0.4804692,0.5186133
769,0.0008677747,0.5081903,0.4909419
770,0.0008406328,0.5227129,0.4764465
771,0.0008260187,0.5299866,0.4691873
772,0.0008181746,0.5334733,0.4657085
773,0.0008139886,0.5350158,0.4641702
774,0.0008117514,0.5356062,0.4635819
775,0.0008105271,0.5357724,0.463417
776,0.0008098097,0.5357867,0.4634035
777,0.0008093332,0.5357823,0.4634084
778,0.0008089627,0.5358183,0.4633727
779,0.0008086335,0.5359151,0.4632763
780,0.0008083181,0.5360732,0.4631185
781,0.0008076325,0.5365316,0.4626607
782,0.0008071098,0.5369423,0.4622505
783,0.0008067316,0.5372683,0.4619249
784,0.0008064316,0.5375482,0.4616454
785,0.0008061928,0.5377768,0.4614171
786,0.0008060116,0.5379393,0.4612547
787,0.0008058891,0.5380191,0.461175
788,0.0008058267,0.5380028,0.4611914
789,0.0008058222,0.5378823,0.461312
790,0.0008058678,0.5376607,0.4615333
791,0.000805952,0.5373493,0.4618448
792,0.0008060606,0.5369651,0.4622288
793,0.0008260372,0.5251857,0.4739882
794,0.0008381325,0.5180402,0.4811217
795,0.000845089,0.514034,0.4851208
796,0.0008489695,0.5118462,0.4873049
797,0.0008510621,0.5106824,0.4884665
798,0.0008521512,0.5100722,0.4890756
799,0.0008526955,0.5097502,0.4893972
800,0.0008529528,0.5095746,0.4895725
801,0.0008530639,0.5094739,0.4896731
802,0.0008531025,0.5094132,0.4897337
803,0.0008531062,0.5093775,0.4897693
804,0.0008530926,0.5093615,0.4897853
805,0.0007884967,0.5458759,0.4533356
806,0.0007555545,0.5636519,0.4355925
807,0.0007385837,0.5720237,0.4272378
808,0.0007297736,0.5757284,0.4235418
809,0.0007251952,0.5771189,0.4221559
810,0.0007227935,0.5774064,0.4218708
811,0.0007214848,0.5772133,0.4220653
812,0.0007207036,0.5768507,0.4224286
813,0.0007201624,0.5764667,0.4228131
814,0.0007197196,0.5761263,0.423154
815,0.0007193091,0.5758532,0.4234275
816,0.0007189027,0.5756518,0.4236293
817,0.0007591243,0.5521088,0.447132
818,0.0007840898,0.5380588,0.4611571
819,0.0007988046,0.5303727,0.4688285
820,0.0008070094,0.5266451,0.4725479
821,0.0008113244,0.5252013,0.4739873
822,0.0008134444,0.5249681,0.4742185
823,0.0008144078,0.5252919,0.4738938
824,0.0008148228,0.5257885,0.4733967
825,0.0008150319,0.526236,0.472949
826,0.0008152134,0.5265068,0.472678
827,0.0008154396,0.526549,0.4726356
828,0.0008157193,0.5263776,0.4728068
829,0.000828449,0.5189093,0.4802623
830,0.0008362374,0.514313,0.4848508
831,0.000840861,0.5115919,0.4875673
832,0.0008435936,0.5099522,0.4892042
833,0.0008452198,0.5089269,0.4902279
834,0.0008462069,0.5082508,0.490903
835,0.0008468233,0.5077819,0.4913714
836,0.0008472197,0.5074469,0.4917059
837,0.0008474813,0.5072088,0.4919436
838,0.0008476585,0.507045,0.4921073
839,0.0008477807,0.5069417,0.4922105
840,0.0008478659,0.5068899,0.4922623
841,0.0008345903,0.5145565,0.4846089
842,0.0008269899,0.5188251,0.4803479
843,0.000822769,0.5210614,0.4781158
844,0.0008204636,0.5221947,0.4769849
845,0.0008192234,0.5227518,0.476429
846,0.000818558,0.5230297,0.4761517
847,0.0008181902,0.523191,0.4759908
848,0.0008179678,0.5233206,0.4758615
849,0.0008178097,0.5234604,0.4757218
850,0.0008176748,0.5236287,0.4755535
851,0.0008175442,0.523831,0.4753516
852,0.0008174111,0.5240649,0.4751177
853,0.0008320543,0.5158751,0.4832928
854,0.0008408377,0.5112655,0.4878937
855,0.0008458782,0.5089501,0.490204
856,0.00084866,0.507973,0.4911785
857,0.0008501363,0.5077274,0.4914225
858,0.0008508971,0.5078401,0.491309
859,0.0008512933,0.5080894,0.4910594
860,0.000851527,0.5083481,0.4908003
861,0.0008517084,0.5085472,0.4906011
862,0.0008518922,0.5086553,0.4904929
863,0.0008521011,0.508664,0.4904839
864,0.0008523395,0.5085799,0.4905679
865,0.0008010314,0.5375282,0.4616708
866,0.0007741797,0.5519049,0.4473209
867,0.0007601222,0.5587222,0.4405177
868,0.0007528188,0.5616563,0.4375909
869,0.0007490689,0.5626476,0.4366033
870,0.0007471552,0.5627224,0.4365303
871,0.00074616,0.5624139,0.43684
872,0.000745602,0.5619883,0.4372661
873,0.0007452353,0.5615715,0.4376833
874,0.0007449409,0.5612158,0.4380392
875,0.0007446639,0.5609393,0.438316
876,0.0007443811,0.5607444,0.4385113
877,0.0008033398,0.5264597,0.4727369
878,0.0008418726,0.5049148,0.4942434
879,0.0008656934,0.4925879,0.5065464
880,0.0008796553,0.4862841,0.5128362
881,0.0008874055,0.4836476,0.5154649
882,0.0008914571,0.4830861,0.5160225
883,0.000893437,0.4835831,0.5155236
884,0.0008943514,0.4845116,0.5145941
885,0.0008948,0.4854888,0.5136164
886,0.0008951197,0.4862843,0.5128205
887,0.0008954756,0.4867734,0.5123311
888,0.0008959179,0.4869228,0.5121813
889,0.0008511769,0.5121409,0.4870079
890,0.0008272581,0.5248405,0.4743323
891,0.0008146762,0.530783,0.4684023
892,0.00080824,0.5331679,0.4660239
893,0.0008050676,0.5337831,0.4654118
894,0.0008035658,0.5336039,0.4655925
895,0.0008028722,0.5331395,0.4660577
896,0.0008025395,0.5326355,0.466562
897,0.0008023497,0.5321955,0.4670021
898,0.0008022049,0.5318515,0.4673463
899,0.0008020654,0.531605,0.467593
900,0.0008019175,0.5314472,0.4677509
901,0.0008083194,0.5276286,0.471563
902,0.0008120276,0.525507,0.4736809
903,0.000814077,0.5244427,0.4747432
904,0.000815134,0.5240148,0.4751701
905,0.0008156145,0.5239634,0.475221
906,0.0008157693,0.5241339,0.4750504
907,0.0008157445,0.5244361,0.4747482
908,0.0008156237,0.5248169,0.4743674
909,0.0008154546,0.525243,0.4739415
910,0.0008152654,0.5256903,0.4734945
911,0.0008150761,0.5261369,0.473048
912,0.0008149015,0.5265611,0.4726241
913,0.0008443597,0.5100461,0.4891095
914,0.0008627065,0.5002657,0.4988717
915,0.0008736224,0.4949878,0.5041385
916,0.0008799177,0.4923816,0.5067384
917,0.0008834855,0.4912352,0.5078814
918,0.00088553,0.4907908,0.5083238
919,0.0008867735,0.4906095,0.5085037
920,0.0008876228,0.4904622,0.5086502
921,0.0008882906,0.4902498,0.5088618
922,0.0008888745,0.4899513,0.5091598
923,0.0008894092,0.4895868,0.5095237
924,0.0008898978,0.4891936,0.5099165
925,0.0008840663,0.4923847,0.5067312
926,0.0008807455,0.4940818,0.5050374
927,0.0008789537,0.4948722,0.5042487
928,0.0008780282,0.4951881,0.5039338
929,0.0008775783,0.4952763,0.5038462
930,0.0008773776,0.4952751,0.5038475
931,0.0008772995,0.495258,0.5038648
932,0.0008772761,0.4952605,0.5038623
933,0.0008772726,0.4952986,0.5038242
934,0.0008772725,0.4953776,0.5037452
935,0.0008772683,0.4954976,0.5036251
936,0.0008772578,0.4956568,0.5034659
937,0.0008319647,0.52139,0.477778
938,0.0008074663,0.5347655,0.464427
939,0.0007943079,0.5414683,0.4577374
940,0.0007872682,0.5446791,0.4545336
941,0.0007835238,0.5460951,0.4531215
942,0.0007815271,0.5466293,0.4525892
943,0.0007804338,0.5467657,0.4524539
944,0.0007797906,0.5467524,0.4524678
945,0.0007793605,0.5467098,0.452511
946,0.0007790247,0.5466895,0.4525315
947,0.0007787272,0.5467089,0.4525123
948,0.0007784445,0.5467677,0.4524538
949,0.0008083945,0.5295846,0.469607
950,0.0008267965,0.5194651,0.479708
951,0.0008375583,0.5140352,0.4851273
952,0.0008435791,0.5114253,0.487731
953,0.0008468077,0.5103946,0.4887586
954,0.000848481,0.5101633,0.4889883
955,0.0008493443,0.5102671,0.4888834
956,0.000849825,0.5104447,0.4887055
957,0.0008501554,0.5105593,0.4885906
958,0.0008504483,0.5105534,0.4885962
959,0.0008507508,0.510416,0.4887332
960,0.0008510734,0.5101631,0.4889858
961,0.0008531908,0.5087953,0.4903515
962,0.0008545899,0.507812,0.4913334
963,0.0008555106,0.5070971,0.4920474
964,0.0008561282,0.5065556,0.4925883
965,0.0008565466,0.5061385,0.493005
966,0.0008568299,0.5058177,0.4933254
967,0.0008570195,0.5055763,0.4935667
968,0.0008571421,0.5054025,0.4937403
969,0.0008572168,0.5052881,0.4938547
970,0.0008572574,0.5052248,0.4939179
971,0.0008572742,0.5052062,0.4939365
972,0.0008572737,0.5052271,0.4939156
973,0.0007826595,0.5476607,0.4515566
974,0.0007454323,0.5679466,0.4313081
975,0.0007265784,0.57736,0.4219134
976,0.0007168896,0.5815106,0.4177725
977,0.0007118885,0.5830837,0.4162044
978,0.0007092752,0.5834375,0.4158533
979,0.0007078522,0.583262,0.41603
980,0.0007070012,0.5829005,0.4163924
981,0.0007064095,0.5825155,0.4167781
982,0.0007059247,0.5821787,0.4171154
983,0.0007054761,0.5819166,0.4173779
984,0.0007050337,0.5817353,0.4175597
985,0.0007186058,0.573418,0.4258634
986,0.0007263427,0.5687404,0.4305332
987,0.0007304412,0.5664074,0.4328621
988,0.0007324382,0.5654067,0.4338608
989,0.0007332664,0.5651338,0.434133
990,0.0007334799,0.5652292,0.4340374
991,0.0007334,0.5654849,0.4337817
992,0.0007332084,0.5658033,0.4334635
993,0.0007329881,0.5662651,0.4330019
994,0.0007330236,0.5661703,0.4330967
995,0.0007329652,0.5661862,0.4330808
996,0.0007330386,0.5658758,0.4333911
997,0.0007499039,0.5558503,0.4433998
998,0.00075987,0.5499967,0.4492434
999,0.0007656629,0.5465925,0.4526418
1000,0.0007689186,0.5446598,0.4545713
1001,0.0007707247,0.5435315,0.4556978
1002,0.0007717368,0.5428137,0.4564146
1003,0.0007723273,0.5422939,0.4569337
1004,0.0007726947,0.5418693,0.457358
1005,0.0007729386,0.5414989,0.4577281
1006,0.0007731078,0.541169,0.4580579
1007,0.0007732239,0.5408792,0.4583476
1008,0.0007732977,0.5406326,0.4585941
1009,0.0008169871,0.5149482,0.4842347
1010,0.0008448852,0.4991252,0.5000299
1011,0.0008618876,0.4901607,0.5089774
1012,0.0008718508,0.4854945,0.5136337
1013,0.0008774887,0.4833676,0.515755
1014,0.0008805893,0.4826506,0.5164689
1015,0.0008822657,0.4826606,0.5164571
1016,0.0008831801,0.4830059,0.5161109
1017,0.0008837096,0.4834734,0.5156429
1018,0.0008840594,0.483954,0.515162
1019,0.0008843371,0.4843957,0.51472
1020,0.0008845958,0.4847772,0.5143383
1021,0.0008386637,0.5115023,0.4876591
1022,0.0008138305,0.5254192,0.4737669
1023,0.0008005914,0.5323449,0.4668545
1024,0.0007936193,0.5355952,0.4636112
1025,0.0007900273,0.5369464,0.4622636
1026,0.0007882279,0.537361,0.4618508
1027,0.0007873522,0.5373515,0.4618611
1028,0.0007869325,0.5371832,0.4620299
1029,0.0007867233,0.5369863,0.462227
1030,0.0007866014,0.5368195,0.4623939
1031,0.0007865072,0.5367052,0.4625083
1032,0.0007864152,0.5366487,0.4625649
1033,0.000799847,0.5287763,0.4704237
1034,0.0008078042,0.5242869,0.4749053
1035,0.0008122856,0.5219992,0.4771886
1036,0.0008146999,0.5209914,0.4781939
1037,0.0008159241,0.5207033,0.4784809
1038,0.0008164906,0.520799,0.4783846
1039,0.0008167103,0.5210834,0.4780999
1040,0.0008167607,0.5214447,0.4777385
1041,0.0008167406,0.5218185,0.4773647
1042,0.0008167035,0.5221673,0.477016
1043,0.0008166781,0.5224682,0.4767151
1044,0.000816679,0.5227076,0.4764757
1045,0.00081168,0.5257419,0.4734464
1046,0.0008088285,0.5274124,0.4717788
1047,0.0008072628,0.5282645,0.4709283
1048,0.0008064631,0.5286226,0.470571
1049,0.0008061039,0.528695,0.4704989
1050,0.0008059904,0.5286086,0.4705854
1051,0.0008060081,0.5284401,0.4707538
1052,0.0008060898,0.5282369,0.4709571
1053,0.0008061968,0.5280281,0.4711657
1054,0.000806308,0.5278307,0.471363
1055,0.0008064113,0.527655,0.4715385
1056,0.0008065001,0.5275071,0.4716864
