EwEVersion,"6.5.13829.0 (compiled 2016-05-17)"
Date,"2016-09-06 18:01:02"
ModelName,Baltic_Proper-SEALS
EcosimScenario,Proper1_SealVuln100_19742100_seal100_cofF1
TimeSeries,new_data_weights_19742100_seal100_codF1
StartYear,1974

Data,"Prey of Temora sp"

TimeStep,"Cyanobacteria","Phytoplankton","microzooplankton","Detritus-water column",
1,0.04225925,0.6065168,0.1818384,0.1693856
2,0.03843141,0.6257736,0.1810653,0.1547296
3,0.0365148,0.6314564,0.1842176,0.1478112
4,0.03551377,0.6320712,0.1878981,0.1445169
5,0.03498649,0.6309366,0.1910353,0.1430416
6,0.03471035,0.629393,0.1934095,0.1424873
7,0.03456669,0.6279414,0.1951074,0.1423845
8,0.03449095,0.6267245,0.1962997,0.1424848
9,0.03444798,0.6257406,0.1971526,0.1426588
10,0.03441905,0.6249409,0.1977991,0.142841
11,0.03439435,0.6242702,0.198335,0.1430005
12,0.03436902,0.623682,0.198825,0.1431241
13,0.03504702,0.6175472,0.2012598,0.146146
14,0.03547345,0.6146087,0.2018546,0.1480632
15,0.03571072,0.6132495,0.2019097,0.14913
16,0.03582743,0.6126233,0.2018863,0.1496628
17,0.03586937,0.6122901,0.2019731,0.1498673
18,0.03586669,0.6120398,0.2022164,0.1498771
19,0.03583881,0.6117858,0.2025973,0.1497781
20,0.03579811,0.6115038,0.2030724,0.1496255
21,0.03575266,0.611199,0.2035918,0.1494565
22,0.03570799,0.6108875,0.2041071,0.1492974
23,0.03566799,0.6105883,0.2045756,0.1491682
24,0.03563545,0.6103187,0.204962,0.1490838
25,0.03168523,0.6408312,0.1948486,0.132635
26,0.02964744,0.6499566,0.1960325,0.1243635
27,0.0286395,0.6517194,0.1990227,0.1206185
28,0.02812166,0.6510121,0.2018997,0.1189665
29,0.02786311,0.6496834,0.2040507,0.1184028
30,0.02774151,0.6484029,0.20546,0.1183956
31,0.02769012,0.6473576,0.2062961,0.1186562
32,0.02767263,0.6465501,0.2067477,0.1190296
33,0.02766973,0.6459256,0.2069694,0.1194354
34,0.02767111,0.6454219,0.2070757,0.1198313
35,0.02767179,0.6449879,0.2071419,0.1201985
36,0.02766954,0.6445873,0.2072133,0.1205297
37,0.02845109,0.6369651,0.2103782,0.1242056
38,0.02894338,0.6335509,0.2109403,0.1265653
39,0.02922915,0.6321344,0.2106663,0.1279702
40,0.02938368,0.6316023,0.2102372,0.1287767
41,0.02945792,0.6313975,0.2099236,0.129221
42,0.02948493,0.6312666,0.2097943,0.1294542
43,0.02948535,0.631112,0.209833,0.1295696
44,0.02947163,0.6309086,0.2099968,0.129623
45,0.02945112,0.6306612,0.2102404,0.1296472
46,0.0294286,0.6303865,0.2105206,0.1296643
47,0.02940696,0.6301019,0.2108028,0.1296883
48,0.02938797,0.6298229,0.2110611,0.1297279
49,0.03022137,0.6217711,0.2145301,0.1334775
50,0.03075722,0.6181589,0.2152077,0.1358762
51,0.0310782,0.6167275,0.214903,0.1372914
52,0.0312649,0.6163185,0.2143048,0.1381118
53,0.03137182,0.6163386,0.2136969,0.1385927
54,0.03143433,0.6165078,0.2131615,0.1388964
55,0.03147399,0.6167079,0.2126987,0.1391193
56,0.03150321,0.6168982,0.212284,0.1393147
57,0.03152856,0.6170697,0.2118927,0.139509
58,0.03155274,0.6172239,0.2115135,0.1397099
59,0.03157659,0.6173632,0.2111429,0.1399174
60,0.03160006,0.6174892,0.2107833,0.1401275
61,0.03194922,0.6139861,0.2123997,0.141665
62,0.03216113,0.6123073,0.2129683,0.1425634
63,0.03230232,0.6115549,0.2129701,0.1431727
64,0.03239315,0.6112732,0.2127598,0.1435739
65,0.03245207,0.6112143,0.2124862,0.1438474
66,0.03249156,0.6112514,0.2122104,0.1440466
67,0.03251944,0.6113232,0.2119536,0.1442037
68,0.03254034,0.6114015,0.2117212,0.144337
69,0.03255688,0.6114739,0.2115141,0.1444552
70,0.03257072,0.6115365,0.2113287,0.144564
71,0.03258265,0.6115885,0.2111632,0.1446657
72,0.03259307,0.6116302,0.2110162,0.1447606
73,0.03030401,0.6312862,0.203739,0.1346709
74,0.02904118,0.6380054,0.203701,0.1292524
75,0.02836676,0.6397136,0.2053659,0.1265537
76,0.02800392,0.6395266,0.2072059,0.1252636
77,0.02781017,0.6387452,0.2087269,0.1247177
78,0.02770728,0.6378844,0.209853,0.1245553
79,0.02765162,0.6371161,0.2106545,0.1245777
80,0.02761905,0.6364709,0.2112332,0.1246769
81,0.02759641,0.6359282,0.2116799,0.1247956
82,0.02757679,0.6354555,0.2120627,0.124905
83,0.02755669,0.6350243,0.2124275,0.1249915
84,0.02753453,0.6346131,0.2128023,0.1250501
85,0.02758659,0.6344588,0.2124017,0.125553
86,0.02762656,0.6344942,0.2118825,0.1259967
87,0.02762882,0.6345137,0.2116553,0.1262021
88,0.02761395,0.6344552,0.2116396,0.1262912
89,0.02758897,0.6343101,0.2117956,0.1263053
90,0.02755711,0.6340894,0.2120894,0.1262641
91,0.02752015,0.6338085,0.212492,0.1261793
92,0.02747921,0.6334829,0.2129785,0.1260593
93,0.0274353,0.6331269,0.2135259,0.1259119
94,0.02738957,0.6327533,0.2141115,0.1257457
95,0.02734348,0.6323741,0.2147113,0.1255712
96,0.0272988,0.6320019,0.2152984,0.1254009
97,0.02674976,0.6367371,0.2135377,0.1229753
98,0.02642289,0.6384377,0.2135248,0.1216147
99,0.02622928,0.6388438,0.21404,0.1208869
100,0.02611996,0.6387477,0.2145708,0.1205615
101,0.0260634,0.6385121,0.214935,0.1204894
102,0.02604019,0.6382877,0.2150927,0.1205793
103,0.02603832,0.6381235,0.2150642,0.120774
104,0.02605009,0.6380225,0.2148913,0.1210361
105,0.02607037,0.63797,0.2146201,0.1213396
106,0.02609539,0.6379458,0.2142948,0.121664
107,0.02612229,0.6379318,0.213953,0.121993
108,0.02614889,0.6379134,0.2136239,0.1223138
109,0.02715873,0.628536,0.2170939,0.1272114
110,0.02782937,0.6245598,0.2171495,0.1304615
111,0.02823783,0.6231818,0.2161831,0.1323974
112,0.02847922,0.6229626,0.2150435,0.1335147
113,0.02861697,0.6231715,0.2140788,0.1341327
114,0.02869282,0.6234723,0.2133772,0.1344577
115,0.02873287,0.6237319,0.2129185,0.1346167
116,0.02875281,0.6239138,0.2126483,0.1346851
117,0.02876174,0.6240219,0.2125105,0.1347058
118,0.02876473,0.6240725,0.2124609,0.1347019
119,0.02876464,0.6240831,0.212466,0.1346863
120,0.02876306,0.6240683,0.2125027,0.134666
121,0.02840233,0.6271316,0.2115198,0.1329463
122,0.02817755,0.628211,0.2117312,0.1318802
123,0.02805204,0.6284446,0.2121859,0.1313175
124,0.02798159,0.628346,0.2126468,0.1310256
125,0.02794281,0.628147,0.2130232,0.130887
126,0.02792186,0.6279442,0.213301,0.130833
127,0.02791063,0.6277705,0.2134951,0.1308238
128,0.02790448,0.6276315,0.2136271,0.130837
129,0.02790091,0.6275222,0.2137164,0.1308605
130,0.02789854,0.6274354,0.2137778,0.1308881
131,0.02789668,0.6273651,0.2138216,0.1309167
132,0.02789495,0.627306,0.2138545,0.1309446
133,0.03065085,0.5983096,0.2276385,0.143401
134,0.03256272,0.5828113,0.2330687,0.1515572
135,0.03383421,0.5752503,0.2342731,0.1566423
136,0.03461134,0.5720225,0.2339525,0.1594136
137,0.03505505,0.5709563,0.2332959,0.1606926
138,0.03529408,0.5708637,0.2327275,0.1611148
139,0.03541951,0.5711621,0.2323028,0.1611156
140,0.03549045,0.5716034,0.2319381,0.1609682
141,0.03554242,0.5721021,0.2315258,0.1608296
142,0.03559602,0.5726427,0.2309755,0.1607859
143,0.03566169,0.5732319,0.2302314,0.160875
144,0.03574385,0.5738793,0.2292692,0.1611076
145,0.03195019,0.6100616,0.2137857,0.1442025
146,0.03004842,0.6233385,0.2105124,0.1361008
147,0.0290988,0.6281919,0.2103016,0.1324077
148,0.02862046,0.6297182,0.2108356,0.1308258
149,0.02838237,0.6299728,0.2113831,0.1302617
150,0.02826682,0.6298009,0.2117612,0.1301711
151,0.02821266,0.6295305,0.2119744,0.1302824
152,0.02818824,0.6292706,0.2120769,0.1304643
153,0.02817729,0.6290432,0.2121239,0.1306557
154,0.02817148,0.6288409,0.2121578,0.1308299
155,0.02816665,0.6286498,0.2122072,0.1309763
156,0.0281607,0.6284574,0.2122902,0.1310916
157,0.03472828,0.5643542,0.2396912,0.1612262
158,0.04058484,0.5214307,0.2505952,0.1873892
159,0.04530258,0.4943511,0.2528248,0.2075215
160,0.04879257,0.4786166,0.2510624,0.2215284
161,0.05116981,0.4703908,0.2481977,0.2302417
162,0.05265837,0.4667406,0.2456858,0.2349152
163,0.05350786,0.4656242,0.244039,0.2368289
164,0.05394024,0.4657603,0.2432369,0.2370626
165,0.05412736,0.4664369,0.2430176,0.2364182
166,0.05419026,0.4673142,0.2430564,0.2354392
167,0.05420844,0.4682622,0.2430615,0.2344679
168,0.05423032,0.4692501,0.2428192,0.2337003
169,0.04855016,0.517,0.2255256,0.2089243
170,0.04541731,0.5389423,0.2198619,0.1957784
171,0.04405222,0.5494581,0.2156175,0.1908723
172,0.04341232,0.5552698,0.2122164,0.1891014
173,0.04309561,0.5586368,0.2097554,0.1885122
174,0.04294924,0.5606991,0.2079123,0.1884394
175,0.04288836,0.5620317,0.2065428,0.1885371
176,0.04286762,0.5629374,0.2055509,0.1886442
177,0.04286428,0.5635803,0.2048554,0.1887
178,0.04286774,0.5640528,0.2043864,0.1886932
179,0.04287312,0.5644094,0.2040873,0.1886301
180,0.04287818,0.5646853,0.2039154,0.1885212
181,0.04130099,0.5781646,0.1989375,0.181597
182,0.04033046,0.5844141,0.197866,0.1773895
183,0.03975451,0.587108,0.1982099,0.1749275
184,0.03941651,0.588079,0.1990123,0.1734921
185,0.03921933,0.5882666,0.1998706,0.1726435
186,0.0391033,0.5881365,0.2006438,0.1721164
187,0.03903221,0.5879067,0.2013078,0.1717532
188,0.03898433,0.5876689,0.2018846,0.1714621
189,0.03894685,0.5874543,0.202409,0.1711899
190,0.03891242,0.5872657,0.2029139,0.170908
191,0.03887689,0.5870962,0.2034263,0.1706006
192,0.038838,0.5869362,0.2039658,0.1702601
193,0.03790483,0.5944883,0.2015148,0.166092
194,0.03731602,0.5977969,0.2014186,0.1634685
195,0.03694727,0.5990524,0.2021876,0.1618126
196,0.03671444,0.5993343,0.2032092,0.1607421
197,0.03656368,0.5991977,0.2042227,0.1600159
198,0.03646185,0.5989167,0.2051319,0.1594897
199,0.03638925,0.598618,0.2059122,0.1590807
200,0.03633462,0.5983545,0.2065666,0.1587442
201,0.03629191,0.5981442,0.2071051,0.1584587
202,0.03625831,0.5979899,0.2075354,0.1582164
203,0.03623264,0.5978888,0.2078624,0.1580161
204,0.03621457,0.5978369,0.2080894,0.1578592
205,0.04006597,0.5647874,0.2208415,0.1743051
206,0.04298522,0.5459951,0.2246092,0.1864105
207,0.04501963,0.5361235,0.2244169,0.1944399
208,0.04635154,0.5316222,0.2226805,0.1993458
209,0.04717795,0.5301,0.2206309,0.2020911
210,0.04767157,0.5300758,0.2187681,0.2034846
211,0.0479641,0.530709,0.2172056,0.2041214
212,0.04814628,0.5315692,0.2158874,0.2043971
213,0.04827527,0.5324629,0.2147123,0.2045496
214,0.04838157,0.5333192,0.2136071,0.2046922
215,0.04847981,0.5341198,0.2125326,0.2048678
216,0.04857495,0.5348655,0.2114813,0.2050782
217,0.04356259,0.5754304,0.1969627,0.1840443
218,0.04081399,0.5921867,0.1941646,0.1728347
219,0.03934526,0.5987105,0.1948309,0.1671133
220,0.03855472,0.6008199,0.1963971,0.1642283
221,0.03813424,0.6011029,0.1979249,0.162838
222,0.03791652,0.6007254,0.1991314,0.1622268
223,0.03780838,0.6001912,0.1999938,0.1620067
224,0.03775772,0.5996954,0.2005784,0.1619686
225,0.03773561,0.5992929,0.2009693,0.1620021
226,0.03772626,0.5989819,0.2012408,0.162051
227,0.0377213,0.5987409,0.2014494,0.1620885
228,0.03771648,0.598546,0.2016347,0.1621029
229,0.03845241,0.5916029,0.2048213,0.1651234
230,0.03891934,0.5880435,0.2061103,0.1669268
231,0.03920747,0.5862758,0.2065587,0.167958
232,0.03937257,0.5854443,0.2067178,0.1684653
233,0.03945801,0.5850636,0.2068371,0.1686413
234,0.03949425,0.5848758,0.2070108,0.1686192
235,0.0395015,0.5847553,0.2072571,0.1684861
236,0.03949277,0.5846486,0.2075612,0.1682975
237,0.0394763,0.5845395,0.207896,0.1680882
238,0.0394573,0.5844293,0.2082326,0.1678808
239,0.03943906,0.5843266,0.2085449,0.1676896
240,0.03942364,0.5842412,0.208811,0.1675241
241,0.03773551,0.596797,0.2052789,0.1601886
242,0.03670697,0.6016741,0.2058674,0.1557515
243,0.03614174,0.6031883,0.2072479,0.153422
244,0.03583362,0.6033375,0.2085942,0.1522347
245,0.03567247,0.6030234,0.2096149,0.1516892
246,0.03559404,0.6026335,0.2102752,0.1514972
247,0.03556061,0.6023111,0.2106373,0.151491
248,0.03555027,0.6020886,0.2107871,0.151574
249,0.03555063,0.601954,0.2108032,0.1516922
250,0.03555526,0.601883,0.2107432,0.1518185
251,0.03556089,0.6018519,0.2106471,0.15194
252,0.03556598,0.6018425,0.2105404,0.1520511
253,0.03504671,0.6080002,0.2067482,0.1502048
254,0.03475018,0.6111393,0.2047869,0.1493236
255,0.0345533,0.6127169,0.2039497,0.14878
256,0.03443123,0.613447,0.2036178,0.148504
257,0.03435694,0.6137356,0.2035162,0.1483913
258,0.0343115,0.6138014,0.203519,0.1483682
259,0.03428273,0.6137574,0.2035712,0.1483887
260,0.03426309,0.6136599,0.2036514,0.1484257
261,0.03424811,0.6135355,0.2037522,0.1484641
262,0.03423523,0.6133968,0.2038716,0.1484964
263,0.03422305,0.613249,0.2040086,0.1485194
264,0.03421086,0.6130948,0.2041623,0.1485321
265,0.03769515,0.5811387,0.2179831,0.1631831
266,0.04021313,0.5631279,0.2233623,0.1732966
267,0.04192865,0.5536494,0.2246081,0.1798138
268,0.04300783,0.5491509,0.2242842,0.183557
269,0.04363774,0.5473189,0.2236259,0.1854173
270,0.04397867,0.5467799,0.2231101,0.1861314
271,0.04415103,0.5467985,0.2228135,0.1862368
272,0.0442379,0.5470309,0.2226364,0.1860948
273,0.04429255,0.5473476,0.2224294,0.1859305
274,0.04434566,0.54772,0.2220677,0.1858666
275,0.0444126,0.548156,0.2214742,0.1859572
276,0.04449794,0.548667,0.2206282,0.186207
277,0.04578295,0.5405952,0.2219913,0.1916305
278,0.0467487,0.5368667,0.2206657,0.1957188
279,0.04740926,0.5355586,0.2185771,0.1984551
280,0.04785121,0.5355359,0.2163777,0.2002352
281,0.04814288,0.536119,0.2143732,0.2013647
282,0.0483349,0.5369267,0.2126722,0.2020662
283,0.04846254,0.5377603,0.2112845,0.2024928
284,0.04854927,0.5385281,0.2101777,0.2027449
285,0.04861005,0.539197,0.2093073,0.2028856
286,0.04865422,0.5397635,0.2086282,0.202954
287,0.04868753,0.540237,0.2081015,0.202974
288,0.04871338,0.5406314,0.2076955,0.2029597
289,0.04394898,0.5781223,0.1946238,0.1833048
290,0.04129864,0.5936531,0.19236,0.1726883
291,0.03985536,0.5996226,0.193357,0.167165
292,0.03906079,0.6014345,0.1951915,0.1643132
293,0.03862453,0.6015244,0.1969619,0.1628892
294,0.0383874,0.6009965,0.1983932,0.1622229
295,0.03825976,0.6003292,0.1994648,0.1619463
296,0.03819069,0.5997068,0.2002458,0.1618567
297,0.0381515,0.5991806,0.2008235,0.1618445
298,0.03812639,0.5987466,0.2012737,0.1618533
299,0.03810686,0.598383,0.2016549,0.1618552
300,0.03808849,0.5980663,0.2020075,0.1618377
301,0.03434164,0.628301,0.1911789,0.1461784
302,0.03235529,0.6387722,0.1907244,0.1381481
303,0.03129273,0.6416461,0.1929563,0.1341049
304,0.0307115,0.6415693,0.1956256,0.1320936
305,0.03039031,0.6404918,0.1979693,0.1311486
306,0.03021065,0.639213,0.1998164,0.1307599
307,0.03010715,0.6380253,0.2012164,0.1306511
308,0.03004368,0.6370037,0.2022794,0.1306732
309,0.03000049,0.6361386,0.2031131,0.1307479
310,0.02996677,0.6353943,0.2038048,0.1308341
311,0.02993708,0.6347346,0.2044149,0.1309134
312,0.02990883,0.6341313,0.2049811,0.1309788
313,0.03480097,0.5891018,0.2238842,0.152213
314,0.0387348,0.5623646,0.2300325,0.1688682
315,0.041584,0.5477586,0.2302817,0.1803757
316,0.0434786,0.5407403,0.2282554,0.1875258
317,0.04463512,0.5380004,0.2259336,0.1914308
318,0.04527982,0.5373898,0.2241489,0.1931814
319,0.04560309,0.5376697,0.2230677,0.1936595
320,0.04574573,0.5382257,0.2225307,0.1934978
321,0.04580338,0.5388182,0.2222622,0.1931163
322,0.04583464,0.5393996,0.2220032,0.1927625
323,0.04587236,0.5399976,0.2215627,0.1925673
324,0.04593156,0.5406517,0.2208365,0.1925801
325,0.04552313,0.5456541,0.2180081,0.1908146
326,0.04531731,0.5487143,0.2159456,0.1900226
327,0.04523282,0.5507508,0.2142347,0.1897817
328,0.04522432,0.5522244,0.212677,0.1898742
329,0.04525696,0.5533779,0.2112344,0.1901307
330,0.04530786,0.5543303,0.2099214,0.1904404
331,0.04536336,0.5551372,0.2087605,0.190739
332,0.04541603,0.5558245,0.2077664,0.1909932
333,0.04546233,0.5564065,0.2069417,0.1911895
334,0.04550172,0.5568938,0.2062745,0.19133
335,0.04553456,0.5572973,0.2057473,0.1914208
336,0.04556158,0.5576283,0.2053408,0.1914693
337,0.04596169,0.5548448,0.2061616,0.1930319
338,0.04622914,0.5534753,0.2062973,0.1939983
339,0.04640086,0.5528708,0.2061818,0.1945464
340,0.04650707,0.5526686,0.2060104,0.1948141
341,0.04656973,0.5526593,0.2058719,0.194899
342,0.04660394,0.5527282,0.2058013,0.1948666
343,0.04661959,0.5528155,0.2058067,0.1947583
344,0.04662303,0.5528927,0.2058841,0.1946001
345,0.04661835,0.5529484,0.206025,0.1944082
346,0.04660789,0.5529794,0.2062214,0.1941914
347,0.04659325,0.5529861,0.2064648,0.1939558
348,0.04657565,0.5529714,0.2067464,0.1937066
349,0.03834045,0.6139966,0.1883173,0.1593457
350,0.03444864,0.6320336,0.1900482,0.1434695
351,0.03257497,0.6361826,0.1950293,0.136213
352,0.03161592,0.6357163,0.1998838,0.1327841
353,0.03111774,0.6339377,0.2037061,0.1312386
354,0.03085928,0.6320583,0.2064444,0.130638
355,0.03072491,0.6304585,0.2083191,0.1304975
356,0.03065273,0.6291926,0.2095922,0.1305625
357,0.03060982,0.628202,0.2104861,0.130702
358,0.03057901,0.6274051,0.2111649,0.130851
359,0.03055175,0.6267297,0.2117385,0.13098
360,0.03052409,0.626123,0.2122751,0.1310779
361,0.0347202,0.5889478,0.2271142,0.1492177
362,0.03801474,0.5681388,0.2305993,0.1632473
363,0.04030514,0.5575331,0.2295922,0.1725696
364,0.04177118,0.5529606,0.2271084,0.1781599
365,0.04263161,0.5515547,0.2247161,0.1810976
366,0.04308785,0.5515675,0.2230143,0.1823304
367,0.04329746,0.5520587,0.2220664,0.1825774
368,0.04337094,0.5526025,0.2216964,0.1823302
369,0.04338037,0.5530613,0.2216556,0.1819027
370,0.04337098,0.553439,0.2217008,0.1814892
371,0.04336926,0.5537918,0.2216382,0.1812008
372,0.0433889,0.5541808,0.2213392,0.1810912
373,0.04403919,0.5495871,0.2227409,0.1836328
374,0.04450769,0.5475636,0.2224849,0.1854438
375,0.04484801,0.5469693,0.2214195,0.1867632
376,0.04510245,0.5471665,0.2199619,0.1877691
377,0.04529978,0.5477756,0.2183501,0.1885745
378,0.0454577,0.5485734,0.2167271,0.1892418
379,0.0455867,0.5494295,0.2151822,0.1898015
380,0.04569304,0.5502687,0.2137695,0.1902688
381,0.0457808,0.5510488,0.2125181,0.1906524
382,0.04585277,0.5517487,0.2114404,0.1909581
383,0.04591138,0.5523602,0.210535,0.1911934
384,0.04595885,0.5528838,0.2097902,0.191367
385,0.04612167,0.552535,0.2093088,0.1920346
386,0.04623876,0.5525413,0.2087309,0.192489
387,0.04631573,0.5527109,0.2082232,0.1927502
388,0.04636546,0.5529345,0.2078196,0.1928803
389,0.04639665,0.553157,0.2075257,0.1929207
390,0.04641493,0.553353,0.2073345,0.1928975
391,0.0464237,0.5535136,0.2072362,0.1928265
392,0.04642493,0.5536371,0.2072218,0.1927161
393,0.04641969,0.5537246,0.207285,0.1925707
394,0.04640888,0.5537785,0.2074183,0.1923943
395,0.04639311,0.5538017,0.2076156,0.1921896
396,0.04637283,0.5537971,0.2078711,0.1919588
397,0.04774123,0.5446712,0.2098731,0.1977146
398,0.04871857,0.5401424,0.2093699,0.2017691
399,0.04931664,0.5382264,0.208373,0.204084
400,0.04966267,0.5376673,0.2073921,0.205278
401,0.04984684,0.5377381,0.2066429,0.2057721
402,0.04993196,0.5380453,0.2061708,0.2058518
403,0.04995999,0.5383955,0.2059409,0.2057037
404,0.04995784,0.5387083,0.2058886,0.2054453
405,0.04994222,0.5389631,0.2059458,0.205149
406,0.04992294,0.5391667,0.206054,0.2048563
407,0.04990558,0.5393361,0.2061677,0.2045906
408,0.04989311,0.5394891,0.2062537,0.2043641
409,0.04361884,0.5863847,0.191252,0.1787445
410,0.04031393,0.6040908,0.1899649,0.1656304
411,0.03860372,0.6101704,0.1920393,0.1591866
412,0.03769667,0.6116108,0.1946684,0.1560241
413,0.03721716,0.6113046,0.196923,0.1545553
414,0.03696788,0.6104757,0.1985997,0.1539568
415,0.03684085,0.6096112,0.1997615,0.1537866
416,0.03677633,0.6088716,0.2005451,0.1538071
417,0.03674151,0.6082802,0.2010848,0.1538935
418,0.0367188,0.607811,0.2014871,0.1539831
419,0.03669904,0.6074271,0.201827,0.1540468
420,0.03667779,0.6070958,0.2021534,0.154073
421,0.03693911,0.6041896,0.2036667,0.1552047
422,0.03708594,0.6026353,0.2044665,0.1558123
423,0.0371617,0.6017681,0.2049606,0.1561095
424,0.03718835,0.6012471,0.2053731,0.1561914
425,0.03718391,0.6008872,0.2057901,0.1561388
426,0.03716109,0.6005967,0.2062334,0.1560088
427,0.03712868,0.600336,0.2066941,0.1558413
428,0.03709269,0.6000925,0.2071504,0.1556644
429,0.03705749,0.599867,0.2075763,0.1554991
430,0.03702633,0.5996664,0.2079455,0.1553618
431,0.03700159,0.5994987,0.2082347,0.155265
432,0.03698483,0.5993713,0.2084267,0.1552172
433,0.04050035,0.5683716,0.2216178,0.1695103
434,0.04302581,0.5507717,0.2268986,0.1793039
435,0.04476206,0.5413964,0.2281265,0.185715
436,0.04586848,0.5368856,0.2277522,0.1894937
437,0.04653808,0.5350443,0.2268857,0.191532
438,0.04693495,0.5345634,0.22594,0.1925616
439,0.04718078,0.5347346,0.2249765,0.1931081
440,0.04735727,0.5352149,0.2239154,0.1935124
441,0.04751313,0.5358592,0.2226601,0.1939675
442,0.04767028,0.5366114,0.2211748,0.1945435
443,0.04783355,0.5374432,0.2194899,0.1952334
444,0.04799772,0.5383259,0.2176914,0.1959849
445,0.04813661,0.5373994,0.2181515,0.1963126
446,0.04818438,0.5368418,0.2187606,0.1962132
447,0.04823553,0.5364622,0.2191075,0.1961947
448,0.04828434,0.536217,0.219289,0.1962097
449,0.04833101,0.5360686,0.2193522,0.1962481
450,0.04837577,0.5359903,0.2193307,0.1963031
451,0.04841857,0.5359628,0.2192502,0.1963684
452,0.04845903,0.5359716,0.2191318,0.1964375
453,0.04849673,0.5360053,0.2189934,0.1965047
454,0.04853161,0.5360549,0.2188463,0.1965671
455,0.04856363,0.5361143,0.2186994,0.1966227
456,0.04859277,0.5361786,0.218559,0.1966696
457,0.04820616,0.5427192,0.2133996,0.1956751
458,0.04812814,0.5471107,0.2086409,0.1961203
459,0.04804667,0.55016,0.2054712,0.1963221
460,0.04796785,0.5522641,0.2034107,0.1963574
461,0.04789791,0.5536792,0.202123,0.1962999
462,0.04783887,0.5545993,0.2013674,0.1961944
463,0.04778944,0.5551714,0.2009785,0.1960606
464,0.04774664,0.5555029,0.2008471,0.1959034
465,0.04770723,0.5556695,0.2009027,0.1957205
466,0.04766833,0.5557228,0.201101,0.195508
467,0.04762762,0.5556967,0.2014144,0.1952613
468,0.04758292,0.5556106,0.2018319,0.1949746
469,0.04106287,0.6033131,0.1873381,0.168286
470,0.03771977,0.6196365,0.1877077,0.154936
471,0.03601109,0.6242756,0.1912779,0.1484354
472,0.03510092,0.6245465,0.1951478,0.1452048
473,0.03460881,0.623344,0.1984089,0.1436382
474,0.03434038,0.6218346,0.2008982,0.1429268
475,0.03419088,0.6204463,0.2027202,0.1426425
476,0.03410293,0.6192918,0.2040484,0.1425569
477,0.03404534,0.6183605,0.2050436,0.1425505
478,0.0340015,0.6176028,0.2058325,0.1425632
479,0.03396318,0.6169677,0.2065001,0.1425691
480,0.03392672,0.6164151,0.2070985,0.1425598
481,0.03640728,0.596341,0.2140135,0.1532382
482,0.03819004,0.5863344,0.2146228,0.1608528
483,0.03931591,0.5819687,0.2132518,0.1654636
484,0.03998713,0.580548,0.2113978,0.1680669
485,0.04035843,0.5804816,0.2097777,0.1693823
486,0.0405443,0.5809142,0.2086141,0.1699275
487,0.04062285,0.5814386,0.2078908,0.1700477
488,0.04064409,0.5818958,0.2075003,0.1699599
489,0.04063877,0.5822496,0.2073168,0.1697949
490,0.04062453,0.5825167,0.2072332,0.1696256
491,0.04061134,0.5827285,0.2071681,0.1694921
492,0.04060447,0.5829153,0.2070661,0.1694141
493,0.04191384,0.5726928,0.2105988,0.1747946
494,0.04281515,0.5676394,0.2111314,0.178414
495,0.04339746,0.5654339,0.2105051,0.1806635
496,0.04376503,0.5647407,0.2094732,0.1820212
497,0.04399556,0.5647875,0.2083854,0.1828316
498,0.0441431,0.5651533,0.207376,0.1833276
499,0.04424255,0.5656239,0.2064794,0.1836541
500,0.04431475,0.5660992,0.2056933,0.1838927
501,0.04437127,0.5665376,0.2050067,0.1840844
502,0.04441903,0.5669256,0.2044024,0.1842529
503,0.04446125,0.5672636,0.2038688,0.1844064
504,0.04449928,0.5675558,0.2033986,0.1845462
505,0.04273477,0.5817981,0.1981544,0.1773128
506,0.04166762,0.5881982,0.1970847,0.1730496
507,0.041056,0.5908323,0.1973927,0.170719
508,0.04071378,0.5916926,0.1980911,0.1695026
509,0.04052855,0.5917765,0.1987805,0.1689145
510,0.04043242,0.5915675,0.199334,0.1686661
511,0.04038487,0.5912849,0.1997409,0.1685893
512,0.04036231,0.5910166,0.200032,0.1685892
513,0.04035132,0.5907883,0.2002461,0.1686143
514,0.04034428,0.5905998,0.2004197,0.1686362
515,0.04033723,0.5904409,0.2005801,0.1686417
516,0.0403283,0.5903006,0.2007456,0.1686255
517,0.04030678,0.5900465,0.2011344,0.1685123
518,0.04027912,0.5897764,0.2015914,0.1683531
519,0.0402584,0.5895104,0.2020004,0.1682307
520,0.04023821,0.589264,0.2023875,0.1681103
521,0.04021717,0.5890375,0.2027607,0.1679847
522,0.04019502,0.5888281,0.203124,0.1678529
523,0.04017196,0.5886337,0.2034782,0.1677162
524,0.04014841,0.5884531,0.2038217,0.1675769
525,0.0401249,0.5882857,0.2041512,0.1674382
526,0.04010201,0.5881321,0.2044623,0.1673035
527,0.04008034,0.5879937,0.2047495,0.1671765
528,0.04006052,0.5878714,0.2050073,0.1670608
529,0.04031003,0.5858131,0.2057885,0.1680885
530,0.04047254,0.584859,0.2059224,0.1687461
531,0.04056469,0.5844728,0.20587,0.1690925
532,0.04061627,0.5843625,0.2057519,0.1692694
533,0.04064468,0.5843777,0.2056223,0.1693553
534,0.04066094,0.5844443,0.2054958,0.1693989
535,0.04067174,0.5845285,0.2053711,0.1694286
536,0.04068087,0.5846169,0.2052424,0.1694598
537,0.04069021,0.5847049,0.2051053,0.1694995
538,0.04070053,0.584792,0.2049581,0.1695494
539,0.04071189,0.5848779,0.2048017,0.1696085
540,0.04072402,0.5849625,0.2046395,0.169674
541,0.04202804,0.5745705,0.2083806,0.1750209
542,0.042915,0.5693402,0.2091891,0.1785557
543,0.04348367,0.566943,0.208849,0.1807244
544,0.04383228,0.5660554,0.2081416,0.1819707
545,0.04403777,0.5659056,0.2074214,0.1826353
546,0.04415492,0.5660724,0.2068176,0.182955
547,0.04422015,0.5663434,0.2063529,0.1830835
548,0.04425637,0.5666225,0.2060069,0.1831142
549,0.04427735,0.5668736,0.2057479,0.1831011
550,0.04429105,0.5670895,0.2055455,0.183074
551,0.04430173,0.5672743,0.2053768,0.1830471
552,0.04431152,0.5674357,0.2052261,0.1830266
553,0.04424341,0.5680676,0.2050134,0.1826756
554,0.04419905,0.5683908,0.2049824,0.1824276
555,0.04417897,0.5685595,0.2049651,0.1822964
556,0.04417232,0.5686604,0.204939,0.1822284
557,0.04417336,0.5687354,0.2048948,0.1821964
558,0.04417848,0.5688038,0.2048342,0.1821835
559,0.04418536,0.5688732,0.2047625,0.182179
560,0.04419259,0.5689451,0.2046862,0.1821761
561,0.04419943,0.5690183,0.204611,0.1821712
562,0.04420552,0.5690913,0.2045403,0.1821628
563,0.04421073,0.5691625,0.2044765,0.1821502
564,0.04421501,0.5692311,0.2044207,0.1821333
565,0.046553,0.551318,0.2105038,0.1916252
566,0.04822516,0.5415341,0.212024,0.1982168
567,0.04933159,0.5365734,0.2117305,0.2023646
568,0.05002642,0.5343773,0.210809,0.2047872
569,0.05044117,0.5336522,0.2098309,0.2060756
570,0.05067748,0.533637,0.2090114,0.2066741
571,0.05080762,0.5339168,0.2083858,0.2068898
572,0.05087949,0.534287,0.2079131,0.2069204
573,0.05092291,0.5346603,0.2075324,0.2068844
574,0.05095496,0.5350091,0.2071906,0.2068454
575,0.05098469,0.5353317,0.2068505,0.2068331
576,0.05101616,0.5356357,0.206491,0.2068572
577,0.04716598,0.5647963,0.1966958,0.1913419
578,0.04492195,0.5777012,0.1948195,0.1825574
579,0.04367685,0.583033,0.1953703,0.1779198
580,0.0429925,0.5849168,0.1965362,0.1755545
581,0.04262498,0.5853092,0.197635,0.1744308
582,0.04243415,0.5851304,0.19847,0.1739654
583,0.04233906,0.5847922,0.1990399,0.1738288
584,0.0422933,0.5844592,0.1994094,0.1738381
585,0.04227077,0.5841813,0.1996529,0.173895
586,0.04225727,0.5839602,0.1998327,0.1739498
587,0.04224532,0.5837808,0.1999949,0.173979
588,0.04223117,0.5836255,0.2001706,0.1739728
589,0.04149139,0.5892659,0.1982197,0.1710231
590,0.04102035,0.5917984,0.197982,0.1691993
591,0.0407258,0.5927762,0.1983997,0.1680983
592,0.04054099,0.5929877,0.1990377,0.1674336
593,0.04042172,0.592849,0.1997113,0.1670179
594,0.04034013,0.5925694,0.2003552,0.1667352
595,0.04027924,0.5922475,0.2009558,0.1665173
596,0.0402292,0.5919258,0.2015185,0.1663265
597,0.04018462,0.5916193,0.2020521,0.166144
598,0.04014287,0.5913317,0.202563,0.1659625
599,0.0401031,0.5910625,0.2030523,0.1657821
600,0.04006558,0.5908113,0.2035158,0.1656073
601,0.03968946,0.59309,0.2032017,0.1640188
602,0.03944041,0.5939676,0.2036135,0.1629785
603,0.03929037,0.5941751,0.2041538,0.1623806
604,0.039201,0.5940959,0.2046544,0.1620488
605,0.03915099,0.5939198,0.2050389,0.1618902
606,0.03912694,0.5937378,0.2052878,0.1618475
607,0.03912028,0.5935875,0.2054077,0.1618845
608,0.0391255,0.5934805,0.2054162,0.1619778
609,0.03913897,0.5934156,0.2053338,0.1621117
610,0.03915787,0.5933867,0.2051825,0.162273
611,0.03918002,0.5933853,0.2049833,0.1624513
612,0.0392036,0.5934033,0.2047559,0.1626372
613,0.04233684,0.5685,0.2136042,0.175559
614,0.04463957,0.5549117,0.2155958,0.184853
615,0.04619671,0.5480974,0.2148164,0.1908894
616,0.04719051,0.5451949,0.2130783,0.1945363
617,0.04779063,0.5443622,0.2112822,0.1965649
618,0.04813492,0.5445011,0.2097814,0.1975825
619,0.04832399,0.5450115,0.2086448,0.1980198
620,0.04842545,0.5455991,0.2078182,0.1981573
621,0.04848167,0.5461425,0.207211,0.1981648
622,0.04851773,0.5466074,0.206737,0.1981378
623,0.04854725,0.5469981,0.2063307,0.1981238
624,0.04857681,0.547332,0.2059495,0.1981417
625,0.04643308,0.5641412,0.1999818,0.1894439
626,0.04513081,0.5720499,0.1985032,0.184316
627,0.04438286,0.5755583,0.1985491,0.1815097
628,0.04396696,0.5769368,0.199035,0.1800613
629,0.04374577,0.5773425,0.1995298,0.179382
630,0.04363525,0.5773474,0.1998999,0.1791174
631,0.04358483,0.5772195,0.2001368,0.1790589
632,0.0435647,0.5770721,0.2002757,0.1790875
633,0.04355781,0.576944,0.2003602,0.1791379
634,0.04355488,0.5768409,0.2004269,0.1791773
635,0.04355105,0.5767562,0.2005023,0.1791904
636,0.04354402,0.5766805,0.2006039,0.1791715
637,0.04375523,0.5748651,0.2013596,0.18002
638,0.04388188,0.573905,0.2017288,0.1804844
639,0.04395108,0.573397,0.2019548,0.1806971
640,0.043981,0.5731211,0.2021588,0.1807392
641,0.04398552,0.5729536,0.2023882,0.1806727
642,0.04397431,0.5728303,0.2026551,0.1805403
643,0.04395393,0.5727211,0.2029542,0.1803708
644,0.04392883,0.5726144,0.2032727,0.180184
645,0.04390213,0.5725083,0.2035954,0.1799942
646,0.04387601,0.5724052,0.203907,0.1798118
647,0.04385215,0.5723095,0.2041936,0.1796448
648,0.04383178,0.5722257,0.2044427,0.1794998
649,0.04110409,0.5932419,0.1972185,0.1684355
650,0.03952726,0.60198,0.1962575,0.1622353
651,0.03864579,0.6052381,0.1971662,0.15895
652,0.03816035,0.6060859,0.1984623,0.1572914
653,0.03790052,0.6059647,0.199601,0.1565338
654,0.03776711,0.6055302,0.2004427,0.1562599
655,0.03770232,0.6050586,0.2010081,0.156231
656,0.03767283,0.6046464,0.2013681,0.1563127
657,0.03765979,0.6043117,0.2015968,0.1564317
658,0.0376529,0.6040418,0.2017553,0.15655
659,0.03764676,0.6038167,0.2018875,0.1566492
660,0.03763874,0.6036171,0.2020224,0.1567218
661,0.037712,0.6029062,0.2022444,0.1571373
662,0.03775457,0.6025484,0.2022855,0.1574115
663,0.03776761,0.6023457,0.2023506,0.1575361
664,0.03776365,0.6021972,0.2024649,0.1575742
665,0.03774902,0.6020577,0.2026372,0.157556
666,0.03772774,0.6019086,0.2028629,0.1575007
667,0.03770246,0.6017449,0.203131,0.1574216
668,0.03767508,0.6015682,0.2034285,0.1573281
669,0.03764703,0.6013829,0.2037418,0.1572282
670,0.03761948,0.6011943,0.2040578,0.1571284
671,0.03759345,0.6010077,0.2043641,0.1570347
672,0.03756986,0.6008282,0.2046492,0.1569528
673,0.03752936,0.600473,0.2052478,0.1567499
674,0.03749046,0.6001415,0.2058138,0.1565543
675,0.03747285,0.5998513,0.2061937,0.1564822
676,0.03746337,0.5996222,0.2064547,0.1564599
677,0.03746021,0.5994493,0.2066132,0.1564771
678,0.03746264,0.5993252,0.2066828,0.1565294
679,0.03747,0.5992417,0.2066756,0.1566127
680,0.03748164,0.5991917,0.206604,0.1567227
681,0.03749681,0.5991686,0.2064797,0.1568548
682,0.03751447,0.5991659,0.2063172,0.1570026
683,0.03753355,0.5991771,0.2061296,0.1571598
684,0.03755306,0.5991969,0.2059301,0.15732
685,0.03954986,0.5829112,0.2119048,0.1656342
686,0.04093873,0.5745841,0.2132043,0.1712729
687,0.0418392,0.570713,0.2126684,0.1747793
688,0.04239367,0.5692379,0.2115541,0.1768142
689,0.0427195,0.5689355,0.2104383,0.1779068
690,0.04290317,0.5691324,0.2095276,0.1784369
691,0.04300332,0.5694901,0.208851,0.1786555
692,0.04305732,0.5698581,0.2083671,0.1787176
693,0.04308753,0.5701821,0.2080183,0.178712
694,0.04310706,0.5704536,0.2077507,0.1786887
695,0.04312289,0.5706815,0.2075237,0.1786719
696,0.04313844,0.5708787,0.2073111,0.1786717
697,0.04051709,0.59192,0.1996384,0.1679245
698,0.03900609,0.6007839,0.1982886,0.1619214
699,0.03816497,0.6042,0.1988792,0.1587559
700,0.03770351,0.6051986,0.1999361,0.1571617
701,0.037457,0.6052054,0.2009088,0.1564289
702,0.03732987,0.6048729,0.2016457,0.1561515
703,0.03726675,0.6044794,0.2021549,0.1560991
704,0.03723586,0.6041251,0.202496,0.156143
705,0.03721937,0.6038319,0.2027347,0.156214
706,0.03720759,0.6035907,0.2029251,0.1562765
707,0.03719547,0.6033839,0.2031069,0.1563137
708,0.03718054,0.6031948,0.2033059,0.1563187
709,0.03820094,0.5944194,0.2067928,0.1605869
710,0.03886288,0.5900894,0.2077827,0.1632651
711,0.03925996,0.5880984,0.2078628,0.1647787
712,0.03947872,0.5872862,0.2077111,0.1655241
713,0.03958382,0.5870072,0.2076176,0.1657915
714,0.03962033,0.5869294,0.2076704,0.1657799
715,0.03961819,0.5868995,0.207862,0.1656202
716,0.03959688,0.5868601,0.2081462,0.1653968
717,0.03956898,0.5868002,0.2084661,0.1651647
718,0.03954259,0.5867301,0.2087677,0.1649596
719,0.03952282,0.5866663,0.2090065,0.1648044
720,0.03951265,0.5866245,0.20915,0.1647128
721,0.04104309,0.5741528,0.2138355,0.1709687
722,0.04209768,0.5678172,0.2149283,0.1751568
723,0.04278361,0.5648973,0.2145518,0.1777672
724,0.04321728,0.5638153,0.2136338,0.1793336
725,0.04349022,0.5636513,0.212594,0.1802645
726,0.04366691,0.5639037,0.2115904,0.1808389
727,0.04378887,0.5643184,0.2106626,0.1812301
728,0.04388083,0.5647762,0.2098078,0.1815352
729,0.04395619,0.5652271,0.2090152,0.1818015
730,0.04402147,0.565653,0.208278,0.1820475
731,0.04407934,0.5660492,0.2075954,0.1822761
732,0.04413059,0.5664147,0.2069708,0.182484
733,0.04160306,0.5869593,0.1992533,0.1721843
734,0.04012954,0.5958859,0.1976126,0.166372
735,0.0393003,0.5994837,0.1979438,0.1632722
736,0.03883911,0.6006532,0.1988252,0.1616825
737,0.03858715,0.600786,0.1997061,0.1609208
738,0.03845181,0.600534,0.2004185,0.1605956
739,0.03837917,0.6001836,0.2009525,0.1604846
740,0.03833817,0.5998452,0.2013531,0.1604635
741,0.03831124,0.5995486,0.2016755,0.1604646
742,0.03828873,0.5992904,0.2019677,0.1604532
743,0.0382655,0.5990569,0.2022657,0.160412
744,0.03823898,0.5988336,0.2025935,0.160334
745,0.04169186,0.5702443,0.2134647,0.1745991
746,0.04423145,0.5542247,0.216768,0.1847758
747,0.04593522,0.5458918,0.2169342,0.1912388
748,0.04698917,0.5420606,0.2160531,0.1948972
749,0.04757983,0.5406325,0.2151701,0.1966175
750,0.04786686,0.5403364,0.2146781,0.1971186
751,0.04797341,0.5404764,0.2146075,0.1969427
752,0.04798841,0.5407228,0.2148126,0.1964762
753,0.04797311,0.5409593,0.2150841,0.1959834
754,0.04796695,0.5411787,0.2152216,0.1956327
755,0.04799197,0.5414156,0.2150774,0.195515
756,0.04805642,0.5417072,0.2145795,0.195657
757,0.04636014,0.5559247,0.2089,0.1888152
758,0.04536578,0.5628861,0.2067568,0.1849913
759,0.04483762,0.5662639,0.2057501,0.1831484
760,0.04458544,0.5678955,0.2050733,0.1824457
761,0.04448731,0.5687158,0.2044503,0.1823466
762,0.04446805,0.5691814,0.2038256,0.1825249
763,0.0444837,0.5695009,0.2032206,0.1827947
764,0.04451017,0.5697582,0.2026727,0.1830589
765,0.04453535,0.5699795,0.2022118,0.1832733
766,0.04455385,0.5701682,0.2018557,0.1834223
767,0.04456382,0.5703207,0.2016113,0.1835041
768,0.04456506,0.5704337,0.2014781,0.1835231
769,0.04150202,0.5941128,0.1933128,0.1710724
770,0.03973001,0.603887,0.1923188,0.1640643
771,0.03873096,0.6074541,0.1935265,0.1602885
772,0.0381643,0.6082808,0.1952796,0.1582753
773,0.03784134,0.607988,0.1969487,0.1572219
774,0.03765417,0.6073174,0.1983517,0.1566766
775,0.03754042,0.6065856,0.1994904,0.1563836
776,0.03746423,0.6059071,0.2004287,0.1562
777,0.03740537,0.6053063,0.2012404,0.156048
778,0.03735276,0.6047724,0.2019869,0.1558879
779,0.03730076,0.6042854,0.202712,0.1557018
780,0.03724691,0.6038266,0.2034418,0.1554847
781,0.03716426,0.6035138,0.2042039,0.1551179
782,0.03708677,0.6031069,0.205049,0.1547574
783,0.03701971,0.6026642,0.205875,0.1544411
784,0.03695959,0.6022227,0.2066634,0.1541543
785,0.03690726,0.6018041,0.2073832,0.1539055
786,0.03686459,0.6014251,0.2080023,0.1537081
787,0.03683358,0.6010997,0.2084911,0.1535756
788,0.03681593,0.6008399,0.2088249,0.1535193
789,0.03681254,0.6006535,0.2089879,0.1535461
790,0.03682301,0.6005428,0.2089793,0.1536548
791,0.03684586,0.6005047,0.2088117,0.1538378
792,0.0368788,0.6005307,0.2085079,0.1540827
793,0.03805828,0.5914836,0.2113454,0.1591127
794,0.03887343,0.5873322,0.2112085,0.1625858
795,0.03939379,0.5857299,0.2101121,0.1647642
796,0.03972096,0.5853927,0.2087686,0.1661177
797,0.0399247,0.585614,0.207505,0.1669563
798,0.04005199,0.5860292,0.2064357,0.1674831
799,0.04013275,0.5864657,0.2055775,0.167824
800,0.04018521,0.5868526,0.2049094,0.1680528
801,0.04022001,0.5871684,0.2044006,0.168211
802,0.04024344,0.5874139,0.2040204,0.1683223
803,0.04025905,0.587598,0.2037439,0.168399
804,0.04026881,0.5877315,0.2035516,0.1684481
805,0.03651426,0.6179264,0.1926021,0.1529573
806,0.03449468,0.6290389,0.1915711,0.1448953
807,0.03341098,0.6325336,0.1932411,0.1408143
808,0.03282213,0.6329603,0.1954262,0.1387914
809,0.03250257,0.6322781,0.1973641,0.1378552
810,0.03232949,0.6313153,0.1988713,0.1374838
811,0.03223445,0.6303904,0.1999834,0.1373917
812,0.03217922,0.6295967,0.200801,0.1374231
813,0.03214268,0.6289353,0.2014268,0.1374953
814,0.03211335,0.6283769,0.2019446,0.1375651
815,0.03208527,0.6278879,0.2024146,0.1376122
816,0.03205548,0.62744,0.2028768,0.1376277
817,0.03419328,0.6079008,0.211165,0.1467409
818,0.0356511,0.5980217,0.2135552,0.1527719
819,0.03656597,0.5934687,0.2136008,0.1563645
820,0.03709086,0.5916794,0.2129878,0.158242
821,0.03735876,0.5911585,0.2124625,0.1590202
822,0.03747039,0.591117,0.2122554,0.1591573
823,0.03749625,0.5911897,0.2123443,0.1589698
824,0.03748345,0.5912451,0.2126035,0.158668
825,0.03746277,0.5912703,0.2128772,0.1583898
826,0.03745424,0.5913081,0.2130099,0.1582278
827,0.03746812,0.5914106,0.2128929,0.1582283
828,0.03750537,0.5916029,0.2125032,0.1583886
829,0.03827517,0.5860342,0.2140251,0.1616655
830,0.03881961,0.5836187,0.2135718,0.16399
831,0.03918948,0.5828397,0.2124063,0.1655646
832,0.03944542,0.5828717,0.2110191,0.1666638
833,0.03962764,0.5832627,0.2096484,0.1674612
834,0.03976176,0.5837776,0.2083976,0.1680631
835,0.03986323,0.5843015,0.2073052,0.16853
836,0.03994113,0.5847834,0.2063803,0.1688952
837,0.04000091,0.5852032,0.2056183,0.1691775
838,0.04004641,0.5855572,0.2050055,0.1693909
839,0.04008023,0.5858479,0.2045267,0.1695451
840,0.04010435,0.5860815,0.2041661,0.1696479
841,0.0393215,0.5926112,0.2017123,0.166355
842,0.03883386,0.5955409,0.2012811,0.1643441
843,0.03854587,0.5967178,0.2015361,0.1632002
844,0.03837655,0.5970616,0.2020074,0.1625544
845,0.0382762,0.5970383,0.2025,0.1621856
846,0.03821424,0.5968735,0.2029519,0.1619603
847,0.03817222,0.5966691,0.2033584,0.1618003
848,0.03813933,0.5964648,0.203735,0.1616609
849,0.03810944,0.5962719,0.2041006,0.1615181
850,0.03807925,0.5960895,0.2044716,0.1613597
851,0.03804723,0.5959133,0.2048583,0.1611812
852,0.03801292,0.5957389,0.2052654,0.1609828
853,0.03883246,0.5885291,0.2082993,0.1643392
854,0.03935802,0.584989,0.2092604,0.1663926
855,0.03966428,0.5833743,0.209484,0.1674774
856,0.03982723,0.5827297,0.2094957,0.1679474
857,0.03990227,0.5825319,0.2095107,0.1680551
858,0.03992801,0.582516,0.2095815,0.1679744
859,0.03993022,0.5825627,0.2096869,0.1678201
860,0.03992537,0.5826287,0.2097806,0.1676652
861,0.03992359,0.5827068,0.2098157,0.167554
862,0.03993031,0.5828029,0.2097577,0.1675091
863,0.03994777,0.5829248,0.2095893,0.1675382
864,0.03997598,0.5830768,0.2093089,0.1676383
865,0.03704374,0.6076406,0.1997603,0.1555555
866,0.03542862,0.617386,0.1980366,0.1491486
867,0.03455677,0.6209058,0.1986223,0.1459152
868,0.03409439,0.6217893,0.1997225,0.1443938
869,0.03385726,0.621651,0.2007096,0.1437821
870,0.03374159,0.6211967,0.201428,0.1436338
871,0.03368872,0.6207098,0.2018996,0.1437019
872,0.03366582,0.6202828,0.2021995,0.143852
