EwEVersion,"6.5.13829.0 (compiled 2016-05-17)"
Date,"2016-09-06 18:01:02"
ModelName,Baltic_Proper-SEALS
EcosimScenario,Proper1_SealVuln100_19742100_seal100_cofF1
TimeSeries,new_data_weights_19742100_seal100_codF1
StartYear,1974

Data,"Prey of JuvSprat"

Year,"Temora sp","Acartia sp","Pseudocalanus sp.","other mesozooplankton","Mysids",
1974,0.3451402,0.2707768,0.1844684,0.1990497,0.0005648402
1975,0.3250975,0.2538365,0.1871371,0.23335,0.0005787756
1976,0.2761258,0.2833386,0.1759867,0.264131,0.0004178401
1977,0.275221,0.2803826,0.1771964,0.2667021,0.0004977536
1978,0.269896,0.2996313,0.1700786,0.2600493,0.0003448435
1979,0.2636178,0.3084541,0.1802727,0.2472409,0.0004145102
1980,0.2468263,0.2965945,0.1925558,0.263527,0.0004963504
1981,0.2605394,0.2704063,0.1834121,0.2852356,0.0004065908
1982,0.2564649,0.2900038,0.1636426,0.2897026,0.0001861056
1983,0.294487,0.281399,0.169222,0.2545244,0.0003677589
1984,0.2757836,0.2835797,0.1722284,0.2679752,0.0004331055
1985,0.08639252,0.3691464,0.222342,0.3217172,0.0004018953
1986,0.2328146,0.3183172,0.1995986,0.248779,0.0004904668
1987,0.08856414,0.3633146,0.290276,0.2570094,0.0008358572
1988,0.281819,0.3265213,0.2083598,0.1829248,0.0003751279
1989,0.3423318,0.258968,0.2187569,0.179093,0.0008504399
1990,0.3146132,0.2665181,0.1952927,0.2229427,0.0006333584
1991,0.2917738,0.3195312,0.1864415,0.201893,0.0003604368
1992,0.3457266,0.2901208,0.1753132,0.1882999,0.0005394365
1993,0.2963585,0.2824939,0.2035037,0.2167773,0.0008666607
1994,0.2437358,0.3038847,0.2075773,0.2441069,0.0006953361
1995,0.3272914,0.2741001,0.1843192,0.2136744,0.0006149562
1996,0.1783773,0.3348428,0.2354494,0.2506794,0.0006510487
1997,0.2641739,0.3309515,0.2164816,0.1878323,0.0005606441
1998,0.3232546,0.2784025,0.2113185,0.1862132,0.0008111238
1999,0.3191396,0.2523681,0.2078328,0.2196933,0.0009662083
2000,0.2331279,0.2920122,0.2350823,0.2387512,0.001026382
2001,0.291609,0.3262299,0.1947613,0.1869374,0.0004624444
2002,0.2986826,0.3045106,0.2135968,0.1823982,0.0008117422
2003,0.2131002,0.2943326,0.2309599,0.260634,0.0009732638
2004,0.2050195,0.3022025,0.2369483,0.2548302,0.0009995102
2005,0.2298789,0.3501294,0.2100729,0.2094634,0.0004553359
2006,0.2748786,0.3227256,0.2136242,0.1880817,0.0006898889
2007,0.3156343,0.2955805,0.2076565,0.1803959,0.0007328444
2008,0.3238987,0.2817154,0.1898412,0.2039572,0.0005875364
2009,0.2914834,0.2795891,0.1930091,0.2353625,0.0005557937
2010,0.1628422,0.3710641,0.2222337,0.2435594,0.0003006304
2011,0.09854258,0.4129096,0.2620641,0.2260914,0.0003923032
2012,0.3086684,0.3054363,0.2143745,0.1708776,0.0006431889
2013,0.2763678,0.2805844,0.2115278,0.2308576,0.0006624419
2014,0.3116859,0.2777891,0.1889483,0.2210876,0.0004890161
2015,0.3226502,0.3083162,0.1725832,0.1961375,0.0003128646
2016,0.3414762,0.2880117,0.1767975,0.1932029,0.0005117492
2017,0.3183567,0.2808996,0.184034,0.2160875,0.0006222483
2018,0.3176904,0.2941099,0.1713731,0.2163631,0.0004635093
2019,0.3134276,0.3064231,0.1739622,0.2057363,0.0004508412
2020,0.313862,0.3067088,0.1758005,0.2031544,0.0004742252
2021,0.3088276,0.3168531,0.183031,0.1907827,0.0005055285
2022,0.3329432,0.2980383,0.17626,0.1922361,0.0005224052
2023,0.3262297,0.2793781,0.1785746,0.2152787,0.0005389164
2024,0.3087426,0.2939035,0.1691352,0.2278484,0.0003703359
2025,0.3126197,0.3145013,0.1748472,0.1976454,0.0003863291
2026,0.3366494,0.3019319,0.1708494,0.1901383,0.0004309782
2027,0.3216194,0.2919236,0.1794125,0.2065213,0.0005232636
2028,0.3287113,0.2882359,0.1660145,0.2166105,0.0004277227
2029,0.3252954,0.2798718,0.1657011,0.2287105,0.0004212963
2030,0.307631,0.2965188,0.1604385,0.2350913,0.0003204693
2031,0.3046951,0.3107793,0.1660703,0.2180579,0.0003973408
2032,0.3242041,0.296272,0.160284,0.2187948,0.0004451616
2033,0.3020267,0.2865469,0.1693849,0.2415922,0.0004493148
2034,0.2984425,0.3209707,0.1637026,0.216511,0.0003733062
2035,0.3288292,0.2929829,0.1658501,0.2118101,0.0005277275
2036,0.289756,0.2930536,0.1845306,0.2322174,0.000442354
2037,0.323539,0.3152371,0.1692784,0.1914987,0.0004468024
2038,0.3283141,0.2739783,0.1766123,0.220469,0.0006263417
2039,0.3052235,0.2579472,0.1735845,0.2628319,0.0004128759
2040,0.326223,0.3028643,0.1587756,0.2117475,0.0003894433
2041,0.3380606,0.2738154,0.158115,0.2295452,0.0004637453
2042,0.3131308,0.219648,0.1803163,0.2865186,0.0003862757
2043,0.3235461,0.3113587,0.1527797,0.2119919,0.0003236722
2044,0.3234531,0.2905103,0.1645531,0.2209694,0.0005141717
2045,0.3032414,0.2910011,0.1650314,0.2403733,0.0003527795
2046,0.3344819,0.2868886,0.154035,0.2241971,0.0003973735
2047,0.2965787,0.2554868,0.183027,0.2645333,0.0003742414
2048,0.3290529,0.3045281,0.154539,0.2115318,0.0003481619
2049,0.3132524,0.2740258,0.1737317,0.2384446,0.0005454338
2050,0.2990222,0.3033161,0.1642248,0.2331459,0.0002909733
2051,0.3242399,0.3023225,0.1703583,0.2025862,0.0004930358
2052,0.3247932,0.2766897,0.168228,0.2298033,0.00048584
2053,0.3035295,0.2844863,0.1674728,0.2441828,0.0003286001
2054,0.3266241,0.3045575,0.1616978,0.2067155,0.0004051441
2055,0.3298661,0.2691237,0.1640958,0.2363579,0.0005566
2056,0.340792,0.1433831,0.1886764,0.3266931,0.0004552951
2057,0.3163413,0.2812409,0.1540603,0.2480515,0.000305971
2058,0.3087352,0.3074169,0.1623512,0.2210391,0.000457567
2059,0.3250724,0.2965609,0.154529,0.2234358,0.0004018505
2060,0.3160063,0.2811371,0.1626871,0.239774,0.000395529
2061,0.321139,0.2987669,0.1521025,0.2277106,0.0002809611
2062,0.3199694,0.2881388,0.1598066,0.231671,0.0004142195
2063,0.3031229,0.292919,0.161273,0.2423175,0.0003676478
2064,0.316591,0.2994719,0.1588075,0.224719,0.0004106406
2065,0.3241467,0.275566,0.1589017,0.2409076,0.0004779263
2066,0.3168393,0.2434384,0.1593354,0.2800003,0.0003865544
2067,0.2957155,0.3062106,0.1502501,0.2475605,0.0002633629
2068,0.3144148,0.3095455,0.1565351,0.2191088,0.0003957865
2069,0.3242617,0.2845751,0.1577173,0.2330133,0.0004326293
2070,0.3109118,0.2782093,0.1575622,0.2529718,0.0003448997
2071,0.3166192,0.2945293,0.1516825,0.2368352,0.0003337412
2072,0.3110306,0.2851081,0.1578733,0.2456055,0.0003824654
2073,0.3153988,0.2949708,0.1523062,0.2370247,0.0002993887
2074,0.3135317,0.2929265,0.1556004,0.2375724,0.0003691333
2075,0.3136749,0.2720245,0.1542198,0.2596745,0.0004062922
2076,0.2975329,0.2789114,0.1566688,0.2666103,0.0002765574
2077,0.3336764,0.2943577,0.1451908,0.2264115,0.0003636779
2078,0.3148399,0.2449573,0.1627771,0.2769965,0.0004291568
2079,0.3129129,0.2575859,0.1590006,0.2702713,0.0002293251
2080,0.3273188,0.2902755,0.1538061,0.2281631,0.0004363798
2081,0.3125353,0.2354361,0.1649146,0.286688,0.0004260559
2082,0.3220795,0.2513096,0.154543,0.2717886,0.000279381
2083,0.3190831,0.2895666,0.1500534,0.2408888,0.0004081249
2084,0.3057989,0.266045,0.1554598,0.2723244,0.0003718154
2085,0.3125429,0.2900256,0.1445096,0.2525827,0.0003390889
2086,0.3124491,0.2780928,0.1498626,0.2592016,0.0003938683
2087,0.305006,0.2868172,0.1471023,0.2607638,0.0003107686
2088,0.3197491,0.2811134,0.1453141,0.2534297,0.0003937787
2089,0.3204904,0.2114339,0.1596949,0.3079988,0.0003820664
2090,0.3347402,0.2362271,0.1452506,0.2835189,0.0002633134
2091,0.3183803,0.2644984,0.1404638,0.2762585,0.0003990112
2092,0.251946,0.2670883,0.1532557,0.3274596,0.0002503196
2093,0.3225886,0.322434,0.1319429,0.2227377,0.0002966801
2094,0.3177132,0.1912266,0.1758246,0.3147816,0.0004539385
2095,0.3472064,0.2258136,0.1544699,0.2721975,0.0003126256
2096,0.3099705,0.2905156,0.1584069,0.24066,0.0004469875
2097,0.3262418,0.2766128,0.1472736,0.2494992,0.0003726052
2098,0.305507,0.2509628,0.1661253,0.2770385,0.0003664535
