EwEVersion,"6.5.13829.0 (compiled 2016-05-17)"
Date,"2016-09-06 16:58:36"
ModelName,Baltic_Proper-SEALS
EcosimScenario,Proper1_SealVuln100_19742100_seal1_cofF03
TimeSeries,new_data_weights_19742100_BAU_WAR1_codF03_seal100
StartYear,1974

Data,"Prey of microzooplankton"

Year,"Cyanobacteria","Phytoplankton","Detritus-water column",
1974,0.000781,0.5598506,0.4393683
1975,0.0007833519,0.5499803,0.4492364
1976,0.0006566581,0.6143683,0.3849751
1977,0.0006730384,0.5936307,0.4056962
1978,0.0007064992,0.5704847,0.4288089
1979,0.0007238474,0.5586322,0.4406439
1980,0.0006466925,0.6003013,0.3990519
1981,0.0006361542,0.599535,0.3998289
1982,0.000611849,0.6101218,0.3892664
1983,0.0006488403,0.582122,0.4172291
1984,0.0006403026,0.5874924,0.4118673
1985,0.0007642394,0.5198733,0.4793625
1986,0.0006563811,0.5851144,0.4142293
1987,0.0009882011,0.3954209,0.6035908
1988,0.0008925385,0.4636875,0.5354199
1989,0.0008239686,0.5019687,0.4972073
1990,0.0007880246,0.5263729,0.4728391
1991,0.0009444701,0.4453453,0.5537103
1992,0.0008207709,0.5179227,0.4812566
1993,0.0008357848,0.5094527,0.4897115
1994,0.0007867753,0.5394003,0.4598129
1995,0.0007560451,0.550815,0.4484289
1996,0.0009026154,0.4742129,0.5248845
1997,0.0009678238,0.4440051,0.5550271
1998,0.0008301612,0.5183168,0.480853
1999,0.0006934002,0.5876162,0.4116904
2000,0.0009092186,0.4667433,0.5323475
2001,0.0009288849,0.4635106,0.5355605
2002,0.0009422534,0.4585494,0.5405083
2003,0.0007191767,0.5816674,0.4176134
2004,0.0008857907,0.484963,0.5141511
2005,0.0009358363,0.4641557,0.5349085
2006,0.0009439862,0.4609078,0.5381482
2007,0.0009885898,0.4399869,0.5590245
2008,0.0008146614,0.534132,0.4650533
2009,0.0008064267,0.5345121,0.4646815
2010,0.0009565638,0.4591767,0.5398667
2011,0.0009886223,0.4482625,0.5507488
2012,0.000965799,0.4564502,0.542584
2013,0.0007748398,0.5570374,0.4421878
2014,0.0009373138,0.4652953,0.5337674
2015,0.0008442804,0.5172021,0.4819536
2016,0.0009679338,0.4495609,0.5494711
2017,0.0008316183,0.5249237,0.4742446
2018,0.0009071166,0.4815093,0.5175836
2019,0.001015,0.4286654,0.5703196
2020,0.001013665,0.4326251,0.5663612
2021,0.0009138821,0.4853525,0.5137336
2022,0.0008895281,0.4966617,0.5024488
2023,0.0008944899,0.4929957,0.5061098
2024,0.0008351186,0.5228551,0.4763097
2025,0.0009037486,0.4856599,0.5134364
2026,0.0009069363,0.4863819,0.5127112
2027,0.00101117,0.4327131,0.5662758
2028,0.0008989045,0.4949085,0.5041927
2029,0.0009130808,0.4845067,0.5145802
2030,0.0008721772,0.5072364,0.4918914
2031,0.0008991185,0.491178,0.5079228
2032,0.0006987065,0.594186,0.4051153
2033,0.0008026078,0.5301471,0.4690504
2034,0.0008349127,0.5142222,0.4849429
2035,0.0008360973,0.5121359,0.4870279
2036,0.000913509,0.4742554,0.5248309
2037,0.0007398272,0.5675119,0.4317483
2038,0.0007868026,0.5369937,0.4622195
2039,0.0007074857,0.579855,0.4194375
2040,0.0006955198,0.579011,0.4202935
2041,0.0007866622,0.5279139,0.4712994
2042,0.0007928209,0.5257657,0.4734415
2043,0.000693969,0.5799748,0.4193312
2044,0.0007390601,0.5532346,0.4460263
2045,0.0007348808,0.5546769,0.4445882
2046,0.0007364175,0.5528693,0.4463943
2047,0.0006803428,0.5845856,0.4147341
2048,0.0006975374,0.5705925,0.42871
2049,0.0006893384,0.5746905,0.4246202
2050,0.0007744457,0.5256688,0.4735568
2051,0.0007973057,0.5178784,0.4813243
2052,0.0007688405,0.5365272,0.4627039
2053,0.0007508817,0.5478638,0.4513853
2054,0.0007205018,0.5638454,0.4354341
2055,0.0006265633,0.613107,0.3862665
2056,0.0007322172,0.5479476,0.4513201
2057,0.0006004669,0.6226451,0.3767545
2058,0.0006487747,0.5870343,0.4123169
2059,0.0006855128,0.5674488,0.4318657
2060,0.0007274092,0.5421911,0.4570816
2061,0.0006218784,0.6067331,0.392645
2062,0.0007178264,0.5488237,0.4504585
2063,0.0006671243,0.5800273,0.4193057
2064,0.0006979638,0.5611539,0.4381481
2065,0.0006576848,0.5867916,0.4125508
2066,0.0006476989,0.5887166,0.4106357
2067,0.0006704768,0.575628,0.4237016
2068,0.0006869957,0.5656278,0.4336852
2069,0.0006780056,0.5713233,0.4279986
2070,0.0006836208,0.5692884,0.430028
2071,0.0006953853,0.5627661,0.4365384
2072,0.0006871862,0.5692359,0.4300769
2073,0.000689654,0.5681736,0.4311368
2074,0.0006665404,0.5816057,0.4177277
2075,0.0006087794,0.6124546,0.3869366
2076,0.0005988348,0.6137264,0.3856748
2077,0.0006211919,0.5966545,0.4027243
2078,0.0005774137,0.6206545,0.378768
2079,0.0007018025,0.546319,0.4529792
2080,0.0006938213,0.5544333,0.4448729
2081,0.0006188977,0.5999362,0.3994448
2082,0.0005997618,0.6091232,0.3902771
2083,0.0006406572,0.5815927,0.4177667
2084,0.000592663,0.6106277,0.3887797
2085,0.0006228306,0.5897697,0.4096074
2086,0.0006219571,0.5913178,0.4080603
2087,0.0005585085,0.6283436,0.3710979
2088,0.0006142113,0.5928803,0.4065055
2089,0.0005667137,0.6201947,0.3792386
2090,0.0005246857,0.6429648,0.3565105
2091,0.00051582,0.6446202,0.3548639
2092,0.0005475248,0.6160846,0.3833678
2093,0.0005876319,0.5966094,0.402803
2094,0.0005421481,0.6210402,0.3784177
2095,0.0006554997,0.5571084,0.4422361
2096,0.0006490682,0.5624829,0.4368681
2097,0.0005767191,0.6108098,0.3886135
2098,0.0006731399,0.5551314,0.4441955
