EwEVersion,"6.5.13829.0 (compiled 2016-05-17)"
Date,"2016-09-06 16:58:36"
ModelName,Baltic_Proper-SEALS
EcosimScenario,Proper1_SealVuln100_19742100_seal1_cofF03
TimeSeries,new_data_weights_19742100_BAU_WAR1_codF03_seal100
StartYear,1974

Data,"Prey of other mesozooplankton"

TimeStep,"Cyanobacteria","Phytoplankton","microzooplankton","Detritus-water column",
1,0.04280683,0.5585232,0.1841945,0.2144754
2,0.03914407,0.5794344,0.184423,0.1969986
3,0.03727721,0.5860372,0.1880639,0.1886217
4,0.03628786,0.5871349,0.1919937,0.1845836
5,0.03575879,0.58624,0.1952522,0.1827489
6,0.03547649,0.5848045,0.1976785,0.1820404
7,0.03532583,0.5833926,0.1993923,0.1818893
8,0.03524353,0.5821813,0.200583,0.1819923
9,0.03519486,0.5811884,0.2014271,0.1821897
10,0.03516104,0.5803755,0.2020631,0.1824004
11,0.03513219,0.5796929,0.2025897,0.1825852
12,0.03510328,0.5790967,0.2030727,0.1827272
13,0.03574783,0.5726325,0.2052842,0.1863354
14,0.03615526,0.5694741,0.2057343,0.1886363
15,0.03638261,0.5679889,0.2057087,0.1899198
16,0.03649445,0.5672991,0.205645,0.1905615
17,0.03653415,0.5669435,0.2057164,0.190806
18,0.03653048,0.5666971,0.2059588,0.1908136
19,0.03650215,0.5664629,0.2063472,0.1906879
20,0.03646115,0.5662091,0.2068337,0.1904961
21,0.03641541,0.5659351,0.2073657,0.1902837
22,0.03637033,0.5656533,0.207893,0.1900833
23,0.03632978,0.5653792,0.2083713,0.1899198
24,0.03629651,0.5651276,0.2087641,0.1898117
25,0.03250096,0.597572,0.199865,0.170062
26,0.03050136,0.6078881,0.2016787,0.1599318
27,0.02949767,0.6102252,0.2049862,0.1552909
28,0.02897472,0.609782,0.2080242,0.1532192
29,0.02870892,0.6085501,0.2102448,0.1524962
30,0.02858026,0.6072788,0.2116719,0.1524689
31,0.0285226,0.6061998,0.2124982,0.1527794
32,0.02849969,0.6053397,0.2129267,0.1532339
33,0.02849206,0.6046565,0.2131204,0.1537311
34,0.02848924,0.6040949,0.2131981,0.1542178
35,0.02848608,0.6036071,0.2132374,0.1546695
36,0.02848028,0.6031583,0.2132848,0.1550767
37,0.02923621,0.5950387,0.2161837,0.1595414
38,0.0297146,0.5913022,0.216561,0.1624222
39,0.02999321,0.5896895,0.2161731,0.1641441
40,0.03014404,0.5890422,0.2156775,0.1651363
41,0.03021618,0.5887728,0.2153271,0.165684
42,0.03024171,0.5886083,0.215179,0.165971
43,0.03024082,0.5884383,0.2152093,0.1661117
44,0.03022575,0.5882294,0.2153701,0.1661748
45,0.03020383,0.5879816,0.2156138,0.1662009
46,0.03017984,0.5877076,0.2158946,0.1662178
47,0.03015666,0.5874233,0.2161769,0.1662431
48,0.03013609,0.5871419,0.216434,0.1662879
49,0.03093774,0.5786451,0.2196153,0.1708018
50,0.03145641,0.5747375,0.2200999,0.1737062
51,0.03176897,0.5731229,0.2196795,0.1754287
52,0.0319519,0.5726011,0.2190138,0.1764332
53,0.03205729,0.5725505,0.2183661,0.1770261
54,0.03211918,0.5726722,0.2178055,0.1774031
55,0.03215848,0.5728361,0.2173244,0.177681
56,0.03218728,0.5729944,0.2168936,0.1779247
57,0.03221211,0.5731344,0.2164866,0.1781669
58,0.03223561,0.5732563,0.2160911,0.1784169
59,0.03225869,0.5733628,0.2157038,0.1786747
60,0.03228131,0.5734558,0.2153274,0.1789355
61,0.03261459,0.5697934,0.216823,0.1807691
62,0.03281827,0.5680166,0.2173197,0.1818454
63,0.03295492,0.5671909,0.2172727,0.1825815
64,0.03304333,0.5668569,0.2170303,0.1830695
65,0.03310096,0.5667597,0.2167349,0.1834045
66,0.03313967,0.5667672,0.2164434,0.1836498
67,0.03316699,0.5668148,0.2161742,0.183844
68,0.03318742,0.5668722,0.2159314,0.1840089
69,0.03320351,0.5669261,0.2157151,0.1841553
70,0.03321689,0.5669717,0.2155213,0.1842901
71,0.03322836,0.5670079,0.2153479,0.1844158
72,0.03323831,0.5670351,0.2151937,0.1845329
73,0.03104035,0.5878412,0.2086895,0.1724289
74,0.02980685,0.5952966,0.2090715,0.1658251
75,0.02913947,0.5973992,0.21096,0.1625013
76,0.02877578,0.5974122,0.2129169,0.1608952
77,0.02857861,0.5967223,0.2144943,0.1602048
78,0.02847176,0.595895,0.2156432,0.15999
79,0.02841237,0.5951313,0.21645,0.1600063
80,0.02837647,0.5944776,0.217026,0.16012
81,0.02835091,0.5939225,0.2174672,0.1602595
82,0.02832871,0.5934382,0.2178448,0.1603883
83,0.02830628,0.5929984,0.2182059,0.1604894
84,0.028282,0.5925828,0.2185792,0.160556
85,0.02833143,0.5923537,0.2181364,0.1611785
86,0.02836933,0.5923212,0.2175792,0.1617302
87,0.02837021,0.5923094,0.2173348,0.1619856
88,0.02835414,0.5922378,0.2173126,0.1620955
89,0.02832799,0.5920923,0.2174689,0.1621107
90,0.02829501,0.5918803,0.2177684,0.1620562
91,0.02825693,0.5916155,0.2181809,0.1619467
92,0.0282149,0.5913118,0.2186805,0.1617928
93,0.02816995,0.5909822,0.2192435,0.1616044
94,0.02812321,0.5906379,0.2198465,0.1613923
95,0.02807615,0.5902896,0.2204644,0.1611698
96,0.02803053,0.5899476,0.2210693,0.1609527
97,0.02749604,0.5950012,0.2194952,0.1580077
98,0.02717387,0.5968937,0.2195934,0.156339
99,0.02698083,0.5974081,0.2201729,0.1554383
100,0.0268704,0.5973628,0.2207354,0.1550316
101,0.02681211,0.5971403,0.2211093,0.1549383
102,0.02678706,0.596904,0.2212617,0.1550471
103,0.02678338,0.5967114,0.2212179,0.1552873
104,0.02679342,0.5965712,0.2210231,0.1556123
105,0.02681205,0.5964726,0.2207258,0.1559895
106,0.02683549,0.5963989,0.2203725,0.1563931
107,0.02686084,0.5963345,0.220002,0.1568026
108,0.02688593,0.5962672,0.2196452,0.1572017
109,0.02786474,0.5862501,0.2227373,0.1631479
110,0.02851846,0.5818405,0.2225263,0.1671148
111,0.02891897,0.5801946,0.2213977,0.1694887
112,0.02915725,0.5798129,0.2201632,0.1708668
113,0.02929423,0.5799267,0.2191451,0.1716338
114,0.02937025,0.5801747,0.2184149,0.1720401
115,0.02941075,0.5804067,0.2179417,0.1722408
116,0.02943115,0.5805755,0.217665,0.1723282
117,0.02944043,0.580679,0.2175251,0.1723555
118,0.02944366,0.5807294,0.2174755,0.1723515
119,0.02944371,0.5807421,0.2174819,0.1723324
120,0.02944221,0.5807304,0.2175202,0.1723071
121,0.02909405,0.5840046,0.2166713,0.1702301
122,0.02887459,0.5852284,0.2169689,0.1689282
123,0.02875074,0.5855431,0.2174709,0.1682353
124,0.02868043,0.5854896,0.2179575,0.1678724
125,0.02864116,0.5853142,0.218347,0.1676977
126,0.02861954,0.5851222,0.2186307,0.1676276
127,0.02860763,0.5849522,0.2188266,0.1676135
128,0.02860087,0.5848132,0.2189583,0.1676276
129,0.02859674,0.5847019,0.2190464,0.167655
130,0.02859388,0.5846123,0.2191059,0.1676879
131,0.02859158,0.5845386,0.2191477,0.1677222
132,0.02858944,0.5844761,0.2191787,0.1677557
133,0.03122991,0.5541934,0.231939,0.1826377
134,0.03306174,0.5379481,0.2366405,0.1923497
135,0.03428454,0.5299152,0.2373912,0.198409
136,0.035037,0.5264158,0.2368297,0.2017176
137,0.0354712,0.5252131,0.2360654,0.2032503
138,0.03570895,0.5250673,0.2354631,0.2037607
139,0.03583683,0.5253561,0.2350398,0.2037673
140,0.0359114,0.5258028,0.234689,0.2035967
141,0.03596691,0.5263042,0.2342909,0.203438
142,0.03602333,0.5268336,0.2337482,0.2033949
143,0.03609094,0.5273923,0.2330026,0.2035142
144,0.03617411,0.5279884,0.232029,0.2038085
145,0.03258261,0.5655791,0.2180173,0.183821
146,0.03074454,0.5797992,0.2153892,0.1740672
147,0.02981455,0.5851305,0.2154743,0.1695806
148,0.02934049,0.5868734,0.2161397,0.1676463
149,0.02910132,0.5872095,0.2167376,0.1669517
150,0.02898305,0.5870535,0.2171268,0.1668366
151,0.02892597,0.5867699,0.2173336,0.1669704
152,0.02889888,0.5864862,0.2174233,0.1671916
153,0.02888562,0.586233,0.2174563,0.1674252
154,0.02887783,0.5860073,0.2174772,0.1676377
155,0.02887128,0.5857968,0.2175158,0.167816
156,0.02886381,0.5855896,0.2175906,0.1679559
157,0.03511449,0.5187548,0.2423567,0.2037739
158,0.0406074,0.4742915,0.2507344,0.2343667
159,0.04499039,0.446313,0.2510824,0.2576142
160,0.04822013,0.4300014,0.2481168,0.2736617
161,0.05042367,0.4213925,0.2445784,0.2836054
162,0.05181393,0.4175053,0.2417458,0.2889349
163,0.05261977,0.4162692,0.2399884,0.2911226
164,0.05304258,0.416372,0.2391889,0.2913966
165,0.05323823,0.4170681,0.2390256,0.2906681
166,0.05331711,0.4179859,0.23914,0.2895569
167,0.05335228,0.4189695,0.2392225,0.2884558
168,0.05338861,0.4199699,0.2390503,0.2875912
169,0.04829752,0.4675542,0.2243519,0.2597963
170,0.04541961,0.4899722,0.2198729,0.2447353
171,0.04415079,0.500625,0.2160999,0.2391241
172,0.04355187,0.5064132,0.2128985,0.2371365
173,0.04325381,0.5097159,0.2105253,0.2365051
174,0.0431158,0.5117031,0.2087185,0.2364626
175,0.04305885,0.5129691,0.2073638,0.2366082
176,0.04304044,0.5138243,0.2063794,0.2367557
177,0.04303901,0.5144342,0.2056904,0.2368364
178,0.04304441,0.5148885,0.2052287,0.2368384
179,0.0430519,0.5152391,0.2049383,0.2367707
180,0.04305924,0.515518,0.2047764,0.2366465
181,0.04159889,0.5293954,0.2003724,0.2286334
182,0.04068775,0.5359923,0.1996188,0.2237012
183,0.04014154,0.5389307,0.2001396,0.2207881
184,0.03981824,0.5400659,0.2010406,0.2190753
185,0.03962822,0.5403633,0.2019543,0.2180542
186,0.03951577,0.5403093,0.2027602,0.2174148
187,0.03944671,0.5401363,0.2034456,0.2169714
188,0.03940037,0.5399458,0.204039,0.2166148
189,0.03936441,0.539775,0.204579,0.2162816
190,0.03933174,0.5396308,0.2051004,0.215937
191,0.03929827,0.5395085,0.2056311,0.2155621
192,0.03926174,0.5394,0.2061911,0.2151471
193,0.03838548,0.5472969,0.2040701,0.2102476
194,0.03782584,0.5508765,0.2041703,0.2071273
195,0.0374721,0.5523293,0.2050597,0.2051389
196,0.03724705,0.5527534,0.2061571,0.2038424
197,0.03710047,0.5527223,0.2072209,0.2029563
198,0.03700113,0.5525225,0.2081657,0.2023106
199,0.03693028,0.5522891,0.2089735,0.2018072
200,0.03687708,0.5520797,0.2096505,0.2013927
201,0.03683569,0.5519149,0.2102082,0.2010412
202,0.03680332,0.5517986,0.2106549,0.2007432
203,0.03677879,0.5517283,0.2109955,0.2004974
204,0.03676173,0.5516996,0.2112334,0.2003053
205,0.04037965,0.5174628,0.2225704,0.2195871
206,0.043116,0.4978694,0.2252925,0.2337221
207,0.04502542,0.4874477,0.2244457,0.2430811
208,0.0462818,0.4825656,0.2223454,0.2488072
209,0.0470682,0.4807881,0.2201176,0.2520261
210,0.04754405,0.4805979,0.2181828,0.2536753
211,0.04783094,0.4811233,0.2166026,0.2544433
212,0.04801307,0.4819076,0.21529,0.2547894
213,0.04814377,0.4827385,0.2141273,0.2549903
214,0.04825182,0.4835352,0.2130341,0.2551789
215,0.04835117,0.4842751,0.2119686,0.2554052
216,0.0484468,0.4849585,0.2109233,0.2556714
217,0.04383881,0.5264355,0.1982116,0.231514
218,0.04125236,0.5441338,0.1962501,0.2183638
219,0.03984936,0.5512557,0.197327,0.2115679
220,0.03908483,0.5537099,0.1990974,0.2081079
221,0.03867321,0.5541805,0.2007221,0.2064242
222,0.03845702,0.5538989,0.20197,0.2056741
223,0.0383476,0.55341,0.202846,0.2053964
224,0.03829483,0.5529328,0.2034316,0.2053407
225,0.03827067,0.5525365,0.2038188,0.2053738
226,0.03825961,0.5522271,0.2040858,0.2054275
227,0.03825336,0.5519874,0.2042908,0.2054684
228,0.03824765,0.5517958,0.2044743,0.2054822
229,0.03893921,0.5446295,0.2074142,0.2090171
230,0.03938116,0.5409284,0.208556,0.2111344
231,0.03965592,0.5390741,0.2089212,0.2123488
232,0.03981475,0.5381994,0.2090393,0.2129466
233,0.03989799,0.5378066,0.2091434,0.2131521
234,0.03993415,0.5376276,0.2093165,0.2131217
235,0.03994239,0.537529,0.2095703,0.2129583
236,0.03993507,0.5374513,0.2098857,0.2127279
237,0.03992013,0.5373741,0.2102333,0.2124725
238,0.0399026,0.5372956,0.2105826,0.2122192
239,0.0398857,0.5372219,0.2109066,0.2119858
240,0.03987148,0.5371617,0.2111829,0.2117838
241,0.03827935,0.5503618,0.2082374,0.2031215
242,0.03729473,0.5557348,0.2091637,0.1978068
243,0.03674734,0.5575412,0.2107206,0.1949909
244,0.03644555,0.5578552,0.2121563,0.1935429
245,0.03628563,0.5576259,0.2132178,0.1928706
246,0.03620631,0.5572725,0.2138921,0.1926289
247,0.03617128,0.5569586,0.2142544,0.1926156
248,0.03615926,0.5567297,0.2143979,0.1927131
249,0.03615809,0.5565816,0.2144053,0.1928552
250,0.0361614,0.5564944,0.2143359,0.1930084
251,0.0361659,0.556447,0.2142309,0.1931563
252,0.03617003,0.5564219,0.2141162,0.1932918
253,0.035679,0.5626995,0.2104782,0.1911434
254,0.03539535,0.565896,0.2085888,0.1901199
255,0.03520482,0.5675183,0.2077953,0.1894816
256,0.03508529,0.5682728,0.2074857,0.1891562
257,0.03501153,0.5685716,0.2073937,0.1890232
258,0.03496564,0.5686395,0.207399,0.188996
259,0.034936,0.5685934,0.2074503,0.1890204
260,0.03491534,0.5684925,0.2075282,0.1890639
261,0.03489934,0.5683652,0.2076265,0.1891089
262,0.03488548,0.5682247,0.2077437,0.1891461
263,0.03487238,0.5680768,0.2078793,0.1891716
264,0.03485934,0.567924,0.2080323,0.1891845
265,0.03815434,0.5347436,0.2206385,0.2064637
266,0.04053209,0.515995,0.2251339,0.2183389
267,0.04215537,0.5060394,0.2258226,0.2259827
268,0.04318202,0.50125,0.2251925,0.2303755
269,0.0437867,0.4992612,0.2243893,0.2325628
270,0.04411872,0.4986556,0.2238205,0.2334052
271,0.04429054,0.4986604,0.2235176,0.2335316
272,0.0443802,0.4989006,0.2233525,0.2333667
273,0.04443814,0.4992244,0.2231605,0.233177
274,0.04449365,0.4995891,0.2228087,0.2331086
275,0.04456157,0.4999952,0.2222171,0.2332261
276,0.04464649,0.5004533,0.2213647,0.2335356
277,0.04583968,0.4920592,0.2222664,0.2398348
278,0.04674292,0.4880004,0.2206384,0.2446183
279,0.04736538,0.4864207,0.2183747,0.2478391
280,0.04778556,0.4861829,0.2160809,0.2499506
281,0.04806583,0.486601,0.2140301,0.251303
282,0.04825262,0.4872844,0.2123102,0.2521527
283,0.04837857,0.4880258,0.2109183,0.2526773
284,0.04846548,0.4887259,0.2098149,0.2529936
285,0.04852739,0.4893456,0.2089513,0.2531757
286,0.04857316,0.4898765,0.2082806,0.2532698
287,0.04860825,0.4903249,0.2077626,0.2533043
288,0.04863598,0.4907021,0.2073655,0.2532964
289,0.04424679,0.529127,0.1959426,0.2306836
290,0.04174938,0.5455748,0.1944595,0.2182163
291,0.04036885,0.5521346,0.1958482,0.2116484
292,0.03959924,0.5542957,0.1978822,0.2082228
293,0.03917144,0.5545834,0.1997507,0.2064944
294,0.03893563,0.5541633,0.2012265,0.2056746
295,0.0388065,0.5535528,0.2023151,0.2053256
296,0.03873511,0.5529597,0.2031003,0.2052049
297,0.0386936,0.5524494,0.2036769,0.2051802
298,0.03866649,0.5520259,0.2041249,0.2051827
299,0.03864538,0.551672,0.2045045,0.2051781
300,0.0386258,0.5513663,0.2048571,0.2051508
301,0.03506302,0.583181,0.1951948,0.1865612
302,0.03313507,0.5946972,0.1953209,0.1768469
303,0.03208869,0.598152,0.1978643,0.171895
304,0.0315087,0.5983847,0.2007036,0.169403
305,0.0311836,0.5974644,0.203137,0.1682151
306,0.03099864,0.5962598,0.2050283,0.1677132
307,0.03088989,0.5951027,0.2064477,0.1675597
308,0.03082166,0.5940899,0.2075173,0.1675712
309,0.03077427,0.5932238,0.2083518,0.1676502
310,0.03073687,0.5924754,0.2090423,0.1677454
311,0.03070391,0.5918119,0.2096509,0.1678333
312,0.03067269,0.5912062,0.2102163,0.1679049
313,0.03534894,0.5439796,0.2274094,0.1932621
314,0.03908292,0.5158351,0.2320998,0.2129822
315,0.04178047,0.5003151,0.2313697,0.2265348
316,0.04357782,0.4927038,0.2287763,0.2349421
317,0.04468212,0.4896061,0.2261714,0.2395404
318,0.04530511,0.4888091,0.2242741,0.2416117
319,0.04562428,0.4890178,0.2231712,0.2421868
320,0.04577115,0.4895679,0.2226542,0.2420066
321,0.04583568,0.4901801,0.2224188,0.2415655
322,0.04587344,0.4907784,0.2221911,0.2411571
323,0.04591593,0.4913732,0.2217731,0.2409378
324,0.04597778,0.4919963,0.2210588,0.2409673
325,0.04560986,0.4969942,0.2184234,0.2389725
326,0.04542531,0.5000201,0.2164602,0.2380943
327,0.04535178,0.5019993,0.214798,0.237851
328,0.04534829,0.5033984,0.21326,0.2379934
329,0.04538288,0.5044704,0.2118221,0.2383246
330,0.04543433,0.5053433,0.2105073,0.238715
331,0.04548993,0.5060782,0.2093429,0.2390889
332,0.0455427,0.5067042,0.2083458,0.2394073
333,0.0455893,0.5072368,0.2075196,0.2396543
334,0.04562922,0.5076857,0.2068525,0.2398326
335,0.04566279,0.5080607,0.2063267,0.2399498
336,0.04569072,0.5083715,0.2059227,0.240015
337,0.04606223,0.5055077,0.2066125,0.2418176
338,0.04631326,0.5040749,0.2066727,0.242939
339,0.04647637,0.5034276,0.2065173,0.2435787
340,0.04657876,0.5032004,0.2063279,0.2438929
341,0.04664049,0.5031809,0.2061847,0.2439939
342,0.04667543,0.5032509,0.2061169,0.2439568
343,0.04669273,0.5033479,0.2061295,0.2438298
344,0.04669836,0.5034419,0.2062167,0.2436431
345,0.04669615,0.5035193,0.2063688,0.2434157
346,0.04668834,0.5035762,0.2065773,0.2431581
347,0.04667646,0.5036125,0.2068334,0.2428777
348,0.04666168,0.5036297,0.2071282,0.2425804
349,0.03896314,0.5672442,0.1913757,0.202417
350,0.03520881,0.587255,0.1942419,0.1832943
351,0.03336853,0.592437,0.1997804,0.1744141
352,0.03241317,0.5924971,0.2049242,0.1701655
353,0.03190977,0.5909756,0.2088909,0.1682237
354,0.03164406,0.589211,0.2116945,0.1674504
355,0.03150271,0.5876533,0.2135926,0.1672513
356,0.03142447,0.5863944,0.2148691,0.1673121
357,0.03137647,0.5853962,0.2157579,0.1674695
358,0.03134136,0.5845879,0.2164293,0.1676415
359,0.03131042,0.5839025,0.2169963,0.1677906
360,0.03127951,0.5832897,0.2175286,0.1679023
361,0.03529324,0.5442437,0.2308625,0.1896006
362,0.03843123,0.5221483,0.2331257,0.2062947
363,0.04061145,0.5107002,0.2313371,0.2173513
364,0.04201188,0.5055881,0.228417,0.2239831
365,0.04284012,0.5038657,0.2258151,0.227479
366,0.04328523,0.503722,0.2240358,0.228957
367,0.04349506,0.504162,0.2230798,0.2292632
368,0.04357374,0.5047148,0.222733,0.2289784
369,0.04358972,0.5052093,0.2227253,0.2284757
370,0.04358632,0.5056244,0.2228015,0.2279879
371,0.04358915,0.5059996,0.2227619,0.2276493
372,0.04361163,0.506387,0.2224754,0.227526
373,0.04421847,0.5016585,0.2236476,0.2304754
374,0.04466033,0.4994922,0.2232479,0.2325997
375,0.04498449,0.4987579,0.2220932,0.2341644
376,0.04522911,0.498821,0.2205795,0.2353704
377,0.04542033,0.4993031,0.2189311,0.2363455
378,0.04557437,0.499983,0.2172833,0.2371593
379,0.04570086,0.5007322,0.215721,0.2378459
380,0.0458056,0.5014765,0.2142961,0.2384218
381,0.04589243,0.5021749,0.2130362,0.2388965
382,0.04596398,0.5028062,0.2119533,0.2392765
383,0.04602259,0.5033619,0.2110449,0.2395706
384,0.04607037,0.5038412,0.2102992,0.2397892
385,0.04622437,0.503423,0.2097749,0.2405778
386,0.04633648,0.5033718,0.209172,0.2411198
387,0.04641129,0.5035012,0.2086527,0.2414349
388,0.04646056,0.5036988,0.2082458,0.2415949
389,0.04649229,0.5039065,0.2079534,0.2416479
390,0.0465117,0.504097,0.2077667,0.2416246
391,0.046522,0.5042596,0.2076749,0.2415435
392,0.04652504,0.5043918,0.2076686,0.2414146
393,0.04652185,0.5044938,0.2077412,0.2412431
394,0.0465133,0.5045677,0.207885,0.2410339
395,0.04649998,0.5046158,0.2080938,0.2407903
396,0.04648234,0.5046407,0.2083619,0.2405151
397,0.04774539,0.4951987,0.2098913,0.2471647
398,0.04865346,0.4903823,0.20909,0.2518743
399,0.04921373,0.4882756,0.2079381,0.2545726
400,0.04954176,0.4875984,0.2068871,0.2559727
401,0.04971968,0.4876058,0.2061157,0.256559
402,0.04980498,0.4878882,0.2056465,0.2566604
403,0.04983636,0.4882392,0.2054312,0.2564932
404,0.04983885,0.4885682,0.2053982,0.2561948
405,0.04982809,0.4888467,0.2054751,0.2558501
406,0.0498134,0.4890761,0.205602,0.2555085
407,0.04980015,0.4892697,0.2057322,0.2551979
408,0.04979122,0.4894429,0.2058325,0.2549334
409,0.04399817,0.5377129,0.1929152,0.2253737
410,0.04086602,0.5566943,0.1925663,0.2098734
411,0.03921841,0.5635328,0.1950971,0.2021516
412,0.03833281,0.5653926,0.1979534,0.1983213
413,0.03785827,0.5653045,0.2003151,0.1965221
414,0.03760754,0.5645806,0.2020361,0.1957758
415,0.03747693,0.5637605,0.2032104,0.1955522
416,0.03740855,0.563035,0.2039926,0.1955639
417,0.03737026,0.562445,0.204526,0.1956588
418,0.03734469,0.5619741,0.2049215,0.1957597
419,0.03732267,0.5615901,0.2052566,0.1958306
420,0.03729966,0.5612628,0.2055808,0.1958566
421,0.03754454,0.5582654,0.2070046,0.1971855
422,0.03768253,0.5566633,0.2077556,0.1978985
423,0.03775363,0.5557759,0.2082253,0.1982451
424,0.03777811,0.5552564,0.20863,0.1983355
425,0.03777284,0.554913,0.2090495,0.1982647
426,0.03774991,0.5546482,0.2095011,0.1981009
427,0.03771766,0.5544176,0.2099729,0.1978918
428,0.03768195,0.5542051,0.2104412,0.1976717
429,0.03764699,0.5540087,0.2108784,0.1974659
430,0.03761595,0.5538325,0.2112568,0.1972948
431,0.03759115,0.5536826,0.2115526,0.1971736
432,0.03757415,0.5535651,0.2117478,0.1971131
433,0.04088024,0.521548,0.2236965,0.2138753
434,0.04325264,0.5033413,0.2280948,0.2253114
435,0.04488726,0.4935552,0.2287646,0.232793
436,0.04593438,0.4887789,0.2280794,0.2372074
437,0.04657336,0.4867725,0.2270576,0.2395965
438,0.04695638,0.4861885,0.2260432,0.2408119
439,0.04719661,0.4862854,0.225052,0.241466
440,0.04737043,0.4866943,0.2239776,0.2419577
441,0.04752371,0.4872532,0.2227097,0.2425133
442,0.0476773,0.4879003,0.2212073,0.2432151
443,0.04783596,0.4886093,0.2195009,0.244054
444,0.04799497,0.4893592,0.2176789,0.244967
445,0.04812585,0.4884357,0.2181027,0.2453358
446,0.04817237,0.4879163,0.218706,0.2452053
447,0.04822207,0.4875567,0.2190463,0.2451748
448,0.0482696,0.4873212,0.219222,0.2451872
449,0.04831515,0.487175,0.2192802,0.2452296
450,0.04835889,0.4870938,0.2192541,0.2452931
451,0.04840075,0.4870597,0.2191695,0.2453701
452,0.04844041,0.4870596,0.2190475,0.2454524
453,0.04847743,0.4870834,0.2189061,0.245533
454,0.04851176,0.4871233,0.2187567,0.2456083
455,0.04854335,0.4871731,0.218608,0.2456756
456,0.04857218,0.4872286,0.2184663,0.2457328
457,0.04822639,0.4935881,0.2134891,0.2446965
458,0.04816221,0.4977254,0.2087885,0.2453239
459,0.04809158,0.5006131,0.2056632,0.2456321
460,0.04802147,0.5026194,0.203638,0.2457211
461,0.04795831,0.5039796,0.2023779,0.2456843
462,0.04790448,0.5048727,0.2016435,0.2455793
463,0.04785907,0.5054367,0.2012714,0.2454329
464,0.04781954,0.5057737,0.2011537,0.2452531
465,0.04778299,0.5059562,0.2012216,0.2450391
466,0.04774679,0.506034,0.2014319,0.2447872
467,0.04770885,0.5060404,0.2017579,0.2444928
468,0.04766713,0.5059943,0.202189,0.2441495
469,0.04159425,0.5555638,0.1897623,0.2130796
470,0.03839541,0.5733957,0.1910699,0.197139
471,0.03673266,0.5788947,0.1951105,0.1892621
472,0.03583467,0.5796381,0.1992271,0.1853001
473,0.03534246,0.5786889,0.2026148,0.1833538
474,0.0350698,0.5773116,0.2051653,0.1824532
475,0.03491515,0.5759903,0.2070144,0.1820801
476,0.03482237,0.5748693,0.2083529,0.1819554
477,0.03476061,0.5739563,0.2093514,0.1819317
478,0.0347133,0.5732108,0.2101414,0.1819346
479,0.03467208,0.5725867,0.2108102,0.1819311
480,0.03463316,0.5720458,0.2114107,0.1819103
481,0.03872324,0.5347423,0.2229449,0.2035896
482,0.04190948,0.5134,0.2244773,0.2202133
483,0.04411966,0.5022375,0.2224284,0.2312145
484,0.0455506,0.4972098,0.2193336,0.2379059
485,0.04640922,0.4955524,0.2164973,0.241541
486,0.0468822,0.4955316,0.2143884,0.2431978
487,0.04711609,0.4961613,0.2130279,0.2436948
488,0.0472152,0.4969463,0.2122394,0.2435991
489,0.04724917,0.4976805,0.2117898,0.2432805
490,0.0472607,0.4983112,0.21147,0.2429581
491,0.04727459,0.4988519,0.21112,0.2427535
492,0.0473033,0.4993367,0.2106389,0.242721
493,0.04380564,0.5301072,0.2011575,0.2249297
494,0.04180314,0.5436262,0.1994442,0.2151264
495,0.04071079,0.5492762,0.1998846,0.2101285
496,0.04012819,0.551365,0.200753,0.2077538
497,0.03983163,0.5519062,0.201468,0.2067942
498,0.03969247,0.5518357,0.2019073,0.2065644
499,0.03963652,0.5515722,0.2021119,0.2066793
500,0.03962156,0.5512869,0.2021633,0.2069282
501,0.0396243,0.5510369,0.2021364,0.2072023
502,0.03963251,0.5508304,0.2020862,0.2074509
503,0.0396401,0.550658,0.2020485,0.2076533
504,0.0396443,0.5505074,0.2020443,0.207804
505,0.04290578,0.5213757,0.2109763,0.2247422
506,0.04532185,0.5049036,0.2128167,0.2369579
507,0.04697435,0.4962312,0.2118609,0.2449336
508,0.04803577,0.4922026,0.2100351,0.2497266
509,0.04867393,0.4907317,0.2082815,0.2523129
510,0.04902944,0.4905316,0.2069582,0.2534807
511,0.04920828,0.4908687,0.2061169,0.2538061
512,0.04928458,0.4913635,0.2056701,0.2536818
513,0.04930743,0.4918464,0.2054846,0.2533616
514,0.04930739,0.492262,0.2054324,0.2529982
515,0.04930288,0.4926086,0.2054076,0.2526809
516,0.04930421,0.4929056,0.2053334,0.2524568
517,0.04439844,0.5342001,0.193961,0.2274404
518,0.04167088,0.5511705,0.1931964,0.2139623
519,0.04021256,0.5575987,0.1950341,0.2071546
520,0.03942981,0.5595355,0.197223,0.2038116
521,0.03901799,0.559651,0.1990214,0.2023097
522,0.0388094,0.5591351,0.2002887,0.2017667
523,0.03870964,0.5584928,0.2011009,0.2016967
524,0.03866556,0.5579113,0.2015884,0.2018348
525,0.03864779,0.5574375,0.2018731,0.2020417
526,0.03864055,0.5570627,0.2020488,0.202248
527,0.03863574,0.5567614,0.2021804,0.2024223
528,0.03862948,0.5565079,0.2023093,0.2025533
529,0.04087812,0.5359683,0.2088805,0.2142731
530,0.04246511,0.5250001,0.2102071,0.2223276
531,0.04350113,0.5195822,0.2095727,0.227344
532,0.04413597,0.5172622,0.2083951,0.2302067
533,0.04449775,0.5165291,0.2073274,0.2316457
534,0.04468459,0.5165157,0.2065952,0.2322045
535,0.04476575,0.5167642,0.2062125,0.2322576
536,0.04478732,0.5170594,0.2061049,0.2320483
537,0.04477876,0.5173181,0.2061737,0.2317296
538,0.04475839,0.5175226,0.2063247,0.2313944
539,0.04473731,0.5176833,0.206481,0.2310984
540,0.04472195,0.5178192,0.206586,0.2308729
541,0.04717789,0.4971501,0.2123073,0.2433648
542,0.04897987,0.4856607,0.2130467,0.2523128
543,0.050199,0.4797596,0.2119463,0.258095
544,0.05099267,0.4771318,0.2102227,0.2616529
545,0.0514938,0.4763001,0.2084643,0.2637419
546,0.05180681,0.4763703,0.2068876,0.2649352
547,0.05200623,0.4768364,0.2055297,0.2656278
548,0.05214103,0.4774335,0.2043578,0.2660676
549,0.05224084,0.4780369,0.2033273,0.266395
550,0.05232222,0.4785955,0.2024025,0.2666797
551,0.05239346,0.4790944,0.2015628,0.2669494
552,0.05245818,0.4795337,0.200799,0.2672091
553,0.05198539,0.4840059,0.1993095,0.2646993
554,0.05167489,0.486423,0.1988433,0.2630588
555,0.05149771,0.4876641,0.1986941,0.262144
556,0.0514051,0.488274,0.1986479,0.2616731
557,0.05136384,0.4885615,0.1986145,0.2614601
558,0.05135181,0.4886963,0.1985677,0.2613842
559,0.05135483,0.4887664,0.1985084,0.2613704
560,0.05136423,0.4888142,0.1984474,0.2613743
561,0.05137496,0.4888574,0.1983964,0.2613711
562,0.05138425,0.4889022,0.198365,0.2613485
563,0.0513907,0.4889488,0.1983595,0.2613009
564,0.05139373,0.488996,0.1983833,0.2612269
565,0.04838313,0.5138026,0.1917762,0.246038
566,0.04653489,0.5253732,0.1911328,0.2369591
567,0.0454578,0.5303237,0.1923343,0.2318842
568,0.04483621,0.532093,0.1939553,0.2291154
569,0.04448173,0.5324177,0.1954466,0.2276539
570,0.0442815,0.5321563,0.19665,0.2269122
571,0.04416806,0.5317141,0.1975702,0.2265476
572,0.04410146,0.5312661,0.1982686,0.2263638
573,0.04405858,0.5308752,0.1988142,0.226252
574,0.04402656,0.5305525,0.1992649,0.2261561
575,0.04399849,0.5302895,0.199663,0.2260489
576,0.04397094,0.5300722,0.2000368,0.2259201
577,0.04362195,0.5327294,0.199482,0.2241667
578,0.04339106,0.5340064,0.1995524,0.2230501
579,0.04323494,0.534565,0.1998898,0.2223103
580,0.04312878,0.5347513,0.200302,0.2218179
581,0.04305439,0.5347606,0.2007076,0.2214773
582,0.04299997,0.5346959,0.2010751,0.2212289
583,0.04295829,0.5346091,0.2013946,0.2210381
584,0.04292519,0.5345239,0.2016647,0.2208862
585,0.04289843,0.5344501,0.2018865,0.2207649
586,0.04287685,0.5343908,0.2020615,0.2206709
587,0.04285993,0.534346,0.2021906,0.2206035
588,0.04284742,0.5343146,0.2022748,0.2205633
589,0.04307482,0.5324567,0.202676,0.2217925
590,0.04322764,0.5315999,0.2025471,0.2226253
591,0.04332098,0.5312718,0.202276,0.2231313
592,0.04337847,0.5312018,0.2019708,0.2234489
593,0.04341464,0.531246,0.2016803,0.2236591
594,0.04343875,0.5313302,0.2014194,0.2238117
595,0.04345647,0.5314189,0.2011886,0.2239361
596,0.04347105,0.5314968,0.200984,0.2240481
597,0.04348416,0.5315586,0.200802,0.2241552
598,0.04349647,0.5316039,0.2006407,0.2242589
599,0.04350814,0.5316336,0.2004993,0.2243589
600,0.04351911,0.5316493,0.2003782,0.2244534
601,0.04179202,0.5464847,0.1960377,0.2156856
602,0.04074253,0.5530077,0.1957309,0.2105189
603,0.04013598,0.5555445,0.1966216,0.2076978
604,0.03979184,0.5562217,0.197756,0.2062304
605,0.0396013,0.5560986,0.1987708,0.2055292
606,0.03949849,0.5556856,0.1995709,0.205245
607,0.03944395,0.5552124,0.2001704,0.2051732
608,0.03941451,0.5547698,0.2006185,0.2051973
609,0.0393969,0.5543832,0.2009667,0.2052531
610,0.03938377,0.554051,0.2012581,0.2053071
611,0.03937124,0.553762,0.2015233,0.2053434
612,0.03935745,0.5535041,0.2017829,0.2053556
613,0.04122841,0.5363369,0.207443,0.2149917
614,0.04252259,0.5272736,0.2087473,0.2214566
615,0.04335409,0.5228311,0.2084109,0.2254039
616,0.0438549,0.5209317,0.2076152,0.2275982
617,0.04413486,0.5203183,0.2068887,0.2286582
618,0.04427632,0.5202825,0.2064053,0.2290359
619,0.04433646,0.520457,0.2061681,0.2290385
620,0.04435287,0.5206729,0.2061108,0.2288634
621,0.04434922,0.5208673,0.2061514,0.2286321
622,0.04433972,0.5210282,0.2062167,0.2284154
623,0.04433247,0.5211644,0.2062515,0.2282516
624,0.04433154,0.5212898,0.2062206,0.2281581
625,0.0441399,0.5229779,0.2057865,0.2270957
626,0.04402261,0.523848,0.205668,0.2264613
627,0.04396581,0.5242951,0.2055551,0.2261839
628,0.04394676,0.5245436,0.2053843,0.2261253
629,0.04395106,0.5247059,0.2051428,0.2262001
630,0.04396878,0.5248354,0.2048463,0.2263495
631,0.04399326,0.524953,0.2045204,0.2265333
632,0.04402014,0.5250643,0.2041904,0.2267252
633,0.0440467,0.5251682,0.2038766,0.2269085
634,0.04407115,0.5252614,0.2035953,0.2270721
635,0.04409246,0.5253409,0.2033568,0.2272099
636,0.04411008,0.5254046,0.2031671,0.2273183
637,0.04676171,0.5030273,0.2093522,0.2408588
638,0.04870179,0.490481,0.2103074,0.2505099
639,0.05001205,0.483928,0.2093353,0.2567247
640,0.05084977,0.4809088,0.2078023,0.2604392
641,0.0513555,0.4798299,0.2063619,0.2624527
642,0.05164213,0.4797187,0.2052526,0.2633866
643,0.05179248,0.4800223,0.2045015,0.2636837
644,0.05186322,0.4804535,0.2040455,0.2636378
645,0.05189097,0.4808814,0.2037951,0.2634324
646,0.05189863,0.4812588,0.2036637,0.2631789
647,0.05189965,0.4815802,0.203581,0.2629391
648,0.05190151,0.481857,0.2034964,0.2627451
649,0.04789751,0.5146182,0.1950295,0.2424549
650,0.04553237,0.529188,0.1944906,0.2307891
651,0.04422154,0.5351387,0.1959991,0.2246407
652,0.04350103,0.5371863,0.1978094,0.2215033
653,0.04311585,0.53755,0.1993129,0.2200214
654,0.0429192,0.5372712,0.2003832,0.2194264
655,0.04282565,0.5368173,0.2010765,0.2192805
656,0.04278583,0.5363767,0.2014992,0.2193383
657,0.04277165,0.5360082,0.2017536,0.2194666
658,0.04276761,0.5357157,0.2019203,0.2195964
659,0.04276554,0.5354834,0.2020555,0.2196955
660,0.04276138,0.5352926,0.202195,0.219751
661,0.04355053,0.5288279,0.2036842,0.2239374
662,0.0440826,0.525645,0.2035505,0.2267218
663,0.04440087,0.5242496,0.2030438,0.2283057
664,0.044579,0.5237604,0.2025371,0.2291235
665,0.04466728,0.5236873,0.2021852,0.2294602
666,0.04470003,0.5237718,0.2020222,0.229506
667,0.04469987,0.5238896,0.202027,0.2293836
668,0.04468127,0.5239889,0.2021588,0.229171
669,0.04465336,0.5240554,0.2023741,0.228917
670,0.04462198,0.5240917,0.202633,0.2286534
671,0.0445909,0.5241072,0.202901,0.2284009
672,0.04456265,0.5241125,0.2031502,0.2281745
673,0.04327621,0.5344815,0.2007252,0.2215172
674,0.04246538,0.5391349,0.2010012,0.2173986
675,0.04199601,0.5409723,0.2019009,0.2151309
676,0.04173115,0.5415064,0.2028181,0.2139443
677,0.04159012,0.5414917,0.2035185,0.2133997
678,0.04152247,0.5412927,0.2039582,0.2132266
679,0.04149709,0.5410709,0.2041716,0.2132605
680,0.04149506,0.5408867,0.2042158,0.2134025
681,0.04150513,0.5407525,0.2041474,0.213595
682,0.04152048,0.5406613,0.2040153,0.213803
683,0.04153723,0.5406002,0.2038557,0.2140069
684,0.0415532,0.5405564,0.2036943,0.214196
685,0.04238165,0.5333061,0.2058366,0.2184756
686,0.04293866,0.5296369,0.2061374,0.2212872
687,0.043292,0.5279146,0.2057839,0.2230095
688,0.04350622,0.5272205,0.2052691,0.2240041
689,0.04363023,0.5270262,0.2048042,0.2245394
690,0.04369824,0.5270459,0.2044566,0.2247992
691,0.04373292,0.5271362,0.2042284,0.2249025
692,0.04374865,0.5272324,0.2040964,0.2249226
693,0.04375415,0.5273103,0.2040331,0.2249025
694,0.04375467,0.5273653,0.2040127,0.2248674
695,0.04375318,0.5274007,0.2040153,0.2248309
696,0.04375135,0.5274223,0.2040263,0.2248
697,0.03728517,0.5832747,0.187377,0.1920632
698,0.03411012,0.6017933,0.1875229,0.1765736
699,0.03250103,0.6070799,0.1911991,0.16922
700,0.03165364,0.6074544,0.1951518,0.1657401
701,0.03120355,0.6061735,0.1984004,0.1642226
702,0.03096492,0.6045343,0.2007973,0.1637034
703,0.03083801,0.6030096,0.2024782,0.1636741
704,0.0307683,0.6017255,0.2036427,0.1638635
705,0.03072604,0.6006731,0.2044716,0.1641292
706,0.03069529,0.5998019,0.2051041,0.1643987
707,0.03066772,0.5990574,0.2056375,0.1646372
708,0.03063913,0.5983954,0.2061362,0.1648293
709,0.03345165,0.5701789,0.2163487,0.1800208
710,0.03547338,0.5553691,0.2184478,0.1907097
711,0.03679419,0.5483479,0.2174712,0.1973866
712,0.03758822,0.5455728,0.2157131,0.201126
713,0.03801864,0.5448571,0.2142335,0.2028907
714,0.0382163,0.5449768,0.2133754,0.2034315
715,0.03827614,0.5453199,0.2131208,0.2032831
716,0.03826317,0.5456307,0.2132983,0.2028078
717,0.03822091,0.5458416,0.2136886,0.2022489
718,0.03817799,0.5459755,0.2140781,0.2017684
719,0.0381523,0.5460899,0.2142882,0.2014695
720,0.0381524,0.5462423,0.2142053,0.2014
721,0.03861667,0.5422509,0.2153414,0.2037911
722,0.03894838,0.5405141,0.2150147,0.2055229
723,0.03919582,0.5399804,0.2139501,0.2068737
724,0.03938438,0.5400923,0.212559,0.2079642
725,0.03953405,0.5405182,0.2110596,0.2088881
726,0.03965663,0.5410643,0.2095879,0.2096911
727,0.03975884,0.5416168,0.2082328,0.2103915
728,0.03984462,0.5421105,0.2070499,0.210995
729,0.03991639,0.5425127,0.2060671,0.2115038
730,0.03997606,0.5428145,0.2052868,0.2119226
731,0.04002498,0.5430223,0.2046957,0.2122571
732,0.04006423,0.5431503,0.2042712,0.2125143
733,0.04004344,0.5438466,0.2036372,0.2124727
734,0.04003427,0.5442391,0.2032447,0.2124819
735,0.04002749,0.5444469,0.2030491,0.2124765
736,0.04002205,0.5445378,0.2029831,0.212457
737,0.04001618,0.544557,0.2030099,0.2124169
738,0.04000852,0.5445325,0.2031079,0.2123512
739,0.03999815,0.5444813,0.2032638,0.2122567
740,0.03998457,0.5444142,0.2034689,0.2121323
741,0.03996756,0.5443375,0.2037168,0.2119781
742,0.03994719,0.5442555,0.2040011,0.2117962
743,0.03992375,0.5441709,0.2043159,0.2115894
744,0.03989765,0.5440862,0.2046546,0.2113616
745,0.04180832,0.5264167,0.2105941,0.2211809
746,0.04313342,0.5170323,0.2121078,0.2277265
747,0.04398466,0.5124219,0.2119358,0.2316576
748,0.04449573,0.5104694,0.2112691,0.2337657
749,0.04478008,0.5098829,0.2106334,0.2347036
750,0.04492434,0.5099269,0.2101907,0.234958
751,0.04498981,0.5102174,0.2099265,0.2348663
752,0.04501722,0.510577,0.2097578,0.234648
753,0.04503191,0.5109394,0.2095926,0.2344361
754,0.04504854,0.5112924,0.2093546,0.2343045
755,0.04507431,0.5116448,0.2089962,0.2342848
756,0.04511136,0.5120087,0.2084997,0.2343802
757,0.03937678,0.5628346,0.1927847,0.205004
758,0.03642331,0.5816208,0.1915268,0.1904292
759,0.03489357,0.588042,0.1937168,0.1833477
760,0.03408507,0.5895253,0.1964133,0.1799763
761,0.03366115,0.5891294,0.198693,0.1785165
762,0.03344514,0.5881397,0.2003793,0.1780359
763,0.0333401,0.5870731,0.2015534,0.1780335
764,0.03329183,0.5861111,0.202359,0.1782382
765,0.03327018,0.5852929,0.2029305,0.1785064
766,0.03325864,0.5846042,0.2033722,0.178765
767,0.0332485,0.5840149,0.2037575,0.1789791
768,0.03323527,0.5834951,0.2041356,0.179134
769,0.03480358,0.5677496,0.2098562,0.1875906
770,0.03585149,0.559844,0.2112186,0.193086
771,0.03649795,0.5561759,0.2110177,0.1963084
772,0.03686313,0.5546893,0.2104802,0.1979673
773,0.03704216,0.5542077,0.2101395,0.1986107
774,0.03710348,0.554109,0.210163,0.1986245
775,0.03709361,0.5540955,0.2105434,0.1982674
776,0.03704339,0.5540468,0.2111997,0.1977101
777,0.03697364,0.5539317,0.2120252,0.1970695
778,0.03689934,0.5537619,0.2129056,0.1964331
779,0.03683187,0.5535691,0.2137275,0.1958716
780,0.0367801,0.5533932,0.2143835,0.1954433
781,0.03441615,0.5753934,0.2071272,0.1830632
782,0.03310389,0.5840995,0.2063015,0.1764952
783,0.03238877,0.5872676,0.2071456,0.1731979
784,0.03201563,0.5881418,0.2080839,0.1717587
785,0.03183423,0.588162,0.2086672,0.1713367
786,0.03175825,0.5879274,0.2088654,0.171449
787,0.03173841,0.5876553,0.2087848,0.1718214
788,0.0317468,0.5874016,0.2085514,0.1723002
789,0.03176763,0.5871647,0.2082672,0.1728005
790,0.03179162,0.5869308,0.2080039,0.1732738
791,0.03181367,0.5866891,0.2078011,0.1736962
792,0.0318311,0.5864356,0.2076758,0.1740575
793,0.03178401,0.5868127,0.2073486,0.1740547
794,0.03175329,0.5868131,0.2073207,0.1741129
795,0.03173097,0.5866327,0.2074446,0.1741918
796,0.0317121,0.5863651,0.2076558,0.1742669
797,0.03169346,0.586059,0.2079247,0.1743228
798,0.03167314,0.5857388,0.2082377,0.1743503
799,0.03165013,0.5854155,0.2085888,0.1743455
800,0.03162402,0.5850939,0.2089745,0.1743076
801,0.03159479,0.5847762,0.2093911,0.174238
802,0.03156284,0.5844639,0.2098327,0.1741405
803,0.03152875,0.584159,0.2102915,0.1740208
804,0.03149331,0.5838637,0.2107572,0.1738857
805,0.03365341,0.5617683,0.2189485,0.1856298
806,0.03515358,0.5505312,0.2207759,0.1935393
807,0.03611004,0.5453853,0.2202032,0.1983014
808,0.03667808,0.5434693,0.2189714,0.2008812
809,0.03699283,0.5430974,0.2178165,0.2020932
810,0.03715697,0.5433659,0.2169347,0.2025424
811,0.03724139,0.5438438,0.2162767,0.2026381
812,0.03729111,0.5443591,0.2157157,0.2026342
813,0.03733186,0.5448655,0.2151331,0.2026695
814,0.03737643,0.5453656,0.2144515,0.2028065
815,0.03742928,0.5458721,0.2136413,0.2030573
816,0.03748995,0.5463912,0.2127138,0.2034049
817,0.03737403,0.5485656,0.2112248,0.2028355
818,0.03732371,0.5498576,0.2101573,0.2026614
819,0.03731734,0.5506839,0.2092521,0.2027466
820,0.03733525,0.5512522,0.2084501,0.2029624
821,0.03736515,0.5516623,0.2077435,0.2032291
822,0.03739943,0.5519618,0.2071408,0.203498
823,0.03743362,0.5521751,0.20665,0.2037413
824,0.03746507,0.5523183,0.2062725,0.2039442
825,0.0374923,0.5524045,0.2060034,0.2040999
826,0.03751437,0.5524457,0.2058346,0.2042054
827,0.03753085,0.5524524,0.2057561,0.2042606
828,0.03754155,0.5524334,0.205758,0.2042671
829,0.03467542,0.5790918,0.1973701,0.1888626
830,0.03308103,0.5892155,0.197163,0.1805405
831,0.03220165,0.5924798,0.1991384,0.1761803
832,0.0317118,0.5929053,0.2014556,0.1739274
833,0.03143793,0.5922744,0.2034802,0.1728075
834,0.03128302,0.5913581,0.205075,0.1722839
835,0.03119193,0.5904611,0.2062898,0.1720571
836,0.03113332,0.5896796,0.2072264,0.1719607
837,0.03108954,0.5890222,0.2079841,0.1719041
838,0.03105106,0.5884672,0.2086408,0.171841
839,0.03101293,0.5879866,0.2092511,0.1717493
840,0.03097281,0.5875571,0.209849,0.171621
841,0.03230457,0.5733197,0.2154728,0.1789029
842,0.03317102,0.5663576,0.2170089,0.1834624
843,0.03369165,0.563239,0.2170463,0.1860231
844,0.03397552,0.5620426,0.2167371,0.1872449
845,0.03411061,0.5617077,0.2165273,0.1876544
846,0.03416039,0.5617015,0.2165107,0.1876275
847,0.03416809,0.5617909,0.216623,0.187418
848,0.0341618,0.5619004,0.2167469,0.1871909
849,0.03415856,0.5620275,0.2167676,0.1870464
850,0.03416722,0.5621943,0.2166041,0.1870343
851,0.03419046,0.5624203,0.2162237,0.1871656
852,0.03422723,0.5627118,0.2156348,0.1874261
853,0.03399514,0.5658454,0.2138613,0.1862982
854,0.03387525,0.5674854,0.2128027,0.1858367
855,0.03382677,0.5684028,0.2119783,0.185792
856,0.03382162,0.5689559,0.2112315,0.185991
857,0.03384036,0.5693138,0.2105345,0.1863114
858,0.03387067,0.5695494,0.2099051,0.1866749
859,0.03390495,0.5696936,0.2093681,0.1870334
860,0.03393846,0.569763,0.2089404,0.1873581
861,0.03396824,0.5697718,0.2086273,0.1876327
862,0.03399257,0.5697331,0.2084249,0.1878494
863,0.03401056,0.5696591,0.2083241,0.1880062
864,0.03402186,0.5695598,0.2083144,0.188104
865,0.03407746,0.5689563,0.2085424,0.1884239
866,0.03410782,0.568606,0.2087045,0.1885817
867,0.03411919,0.5683774,0.2088875,0.188616
868,0.03411671,0.5682036,0.2091212,0.1885585
869,0.03410396,0.5680506,0.2094141,0.1884315
870,0.03408346,0.5679024,0.2097636,0.1882506
871,0.03405711,0.567753,0.2101621,0.1880278
