EwEVersion,"6.5.13829.0 (compiled 2016-05-17)"
Date,"2016-09-06 16:58:36"
ModelName,Baltic_Proper-SEALS
EcosimScenario,Proper1_SealVuln100_19742100_seal1_cofF03
TimeSeries,new_data_weights_19742100_BAU_WAR1_codF03_seal100
StartYear,1974

Data,"Prey of Acartia sp"

TimeStep,"Cyanobacteria","Phytoplankton","microzooplankton","Detritus-water column",
1,0.04394565,0.4587057,0.1890948,0.3082538
2,0.04065174,0.4814015,0.1915262,0.2864206
3,0.03890169,0.4892607,0.1962595,0.2755781
4,0.03794188,0.4911174,0.2007448,0.2701958
5,0.0374104,0.4906536,0.2042704,0.2676655
6,0.03711492,0.4894504,0.206808,0.2666267
7,0.03694871,0.4881553,0.2085525,0.2663436
8,0.03685172,0.4869973,0.2097357,0.2664154
9,0.03679014,0.4860257,0.2105572,0.266627
10,0.03674531,0.4852207,0.2111676,0.2668664
11,0.03670709,0.4845434,0.2116713,0.2670781
12,0.03667014,0.4839561,0.212137,0.2672368
13,0.03723703,0.47719,0.213836,0.271737
14,0.03760064,0.4737921,0.2139589,0.2746484
15,0.03780521,0.4721584,0.2137521,0.2762842
16,0.03790588,0.4713916,0.2135983,0.2771041
17,0.03794045,0.4710136,0.213635,0.277411
18,0.03793459,0.4707833,0.2138752,0.277407
19,0.0379053,0.4705904,0.2142792,0.2772252
20,0.03786375,0.4703922,0.2147903,0.2769538
21,0.03781743,0.4701794,0.2153495,0.2766536
22,0.03777155,0.4699568,0.2159024,0.2763692
23,0.03772984,0.4697342,0.2164015,0.2761345
24,0.03769502,0.4695218,0.2168079,0.2759753
25,0.03426526,0.5040089,0.2107146,0.2510113
26,0.03236579,0.5160368,0.2140065,0.2375909
27,0.03137812,0.5193012,0.2180539,0.2312668
28,0.03084611,0.5193328,0.2214599,0.2283612
29,0.03056454,0.5183072,0.2238341,0.2272941
30,0.03041968,0.5170907,0.2252951,0.2271946
31,0.03034733,0.5159851,0.2260927,0.2275748
32,0.03031154,0.5150591,0.2264635,0.2281659
33,0.03029262,0.5142942,0.2265885,0.2288246
34,0.03027974,0.5136489,0.2265972,0.2294741
35,0.03026743,0.5130825,0.226572,0.2300782
36,0.03025313,0.5125633,0.2265615,0.230622
37,0.03094405,0.5038384,0.2288121,0.2364055
38,0.03138728,0.4996699,0.2287515,0.2401912
39,0.03164776,0.4977755,0.2280981,0.2424786
40,0.03178926,0.4969531,0.2274488,0.2438088
41,0.03185616,0.4965828,0.227014,0.244547
42,0.03187811,0.4963668,0.2268226,0.2449326
43,0.03187414,0.4961761,0.2268328,0.2451169
44,0.03185602,0.495965,0.2269864,0.2451926
45,0.0318309,0.4957247,0.2272288,0.2452156
46,0.03180355,0.4954617,0.22751,0.2452248
47,0.03177688,0.495187,0.2277914,0.2452447
48,0.03175272,0.494911,0.2280445,0.2452917
49,0.03247745,0.4859544,0.2305451,0.2510231
50,0.03295469,0.48169,0.2305834,0.2547719
51,0.03324689,0.4798282,0.2298992,0.2570257
52,0.03342063,0.4791375,0.2290812,0.2583606
53,0.0335222,0.4789712,0.2283447,0.2591618
54,0.03358248,0.4790098,0.2277284,0.2596793
55,0.03362081,0.4791077,0.2272067,0.2600648
56,0.0336486,0.479207,0.2267407,0.2604037
57,0.03367213,0.4792896,0.2262989,0.2607393
58,0.03369404,0.4793537,0.2258677,0.2610846
59,0.03371528,0.4794017,0.2254436,0.2614395
60,0.0337359,0.4794365,0.22503,0.2617976
61,0.03403205,0.4756459,0.2262464,0.2640757
62,0.03421653,0.4737742,0.2265789,0.2654304
63,0.03434255,0.4728589,0.2264213,0.2663772
64,0.03442528,0.4724514,0.226107,0.2670163
65,0.03447981,0.4722949,0.2257632,0.2674622
66,0.03451666,0.4722536,0.2254368,0.2677929
67,0.03454266,0.4722598,0.2251405,0.2680571
68,0.03456198,0.4722808,0.2248749,0.2682823
69,0.03457702,0.4723022,0.2246384,0.2684824
70,0.03458934,0.4723182,0.2244262,0.2686663
71,0.03459974,0.4723272,0.2242355,0.2688375
72,0.0346086,0.4723294,0.2240653,0.2689967
73,0.03262585,0.4942941,0.2193491,0.253731
74,0.03146603,0.5027468,0.2207093,0.2450779
75,0.03081843,0.5054563,0.2231152,0.24061
76,0.03045456,0.5058123,0.2253386,0.2383945
77,0.03025031,0.5053021,0.2270411,0.2374064
78,0.03013469,0.5045592,0.228238,0.2370681
79,0.03006675,0.5038275,0.2290534,0.2370524
80,0.03002316,0.5031803,0.2296201,0.2371765
81,0.02999083,0.5026217,0.2300463,0.2373412
82,0.02996263,0.5021331,0.2304095,0.2374947
83,0.02993486,0.5016928,0.2307602,0.2376121
84,0.02990571,0.5012829,0.2311281,0.2376832
85,0.02994863,0.500933,0.2305879,0.2385304
86,0.0299815,0.5007853,0.2299438,0.2392894
87,0.02997912,0.5007199,0.2296602,0.2396408
88,0.02996028,0.5006287,0.2296225,0.2397886
89,0.02993155,0.5004871,0.2297792,0.2398023
90,0.02989605,0.500297,0.2300906,0.2397164
91,0.02985552,0.5000682,0.2305242,0.239552
92,0.02981114,0.499812,0.2310522,0.2393246
93,0.02976395,0.4995385,0.2316494,0.2390482
94,0.02971507,0.4992559,0.2322905,0.2387386
95,0.02966595,0.4989716,0.2329481,0.2384144
96,0.02961832,0.4986922,0.2335917,0.2380978
97,0.0291209,0.5041299,0.2324661,0.2342831
98,0.02881162,0.5062944,0.2328281,0.2320659
99,0.02862099,0.5069795,0.2335572,0.2308423
100,0.02850849,0.5070237,0.234192,0.2302758
101,0.02844643,0.5068311,0.2345869,0.2301356
102,0.02841712,0.5065818,0.2347261,0.2302749
103,0.02840916,0.506346,0.2346461,0.2305987
104,0.02841505,0.5061422,0.2344002,0.2310426
105,0.02842967,0.505967,0.2340426,0.2315608
106,0.0284492,0.50581,0.2336242,0.2321166
107,0.02847075,0.5056607,0.2331878,0.2326808
108,0.02849211,0.5055108,0.2327669,0.2332302
109,0.02939289,0.4947211,0.2349527,0.2409333
110,0.03000434,0.4897247,0.2341204,0.2461506
111,0.03038483,0.4876832,0.2326201,0.2493119
112,0.03061501,0.4870412,0.2311705,0.2511733
113,0.03074966,0.4869917,0.230033,0.2522256
114,0.03082581,0.4871421,0.2292393,0.2527928
115,0.03086722,0.4873196,0.2287346,0.2530787
116,0.03088859,0.4874608,0.2284439,0.2532068
117,0.03089864,0.4875526,0.2282994,0.2532494
118,0.03090241,0.4876009,0.2282501,0.2532467
119,0.0309028,0.4876167,0.2282592,0.2532213
120,0.03090147,0.487611,0.2283013,0.2531862
121,0.03058375,0.4911259,0.2277655,0.2505249
122,0.0303775,0.4925514,0.228262,0.2488092
123,0.03025803,0.4929927,0.228872,0.2478772
124,0.0301883,0.4930175,0.2294167,0.2473776
125,0.03014807,0.4928878,0.229835,0.2471291
126,0.03012499,0.4927207,0.2301311,0.2470232
127,0.03011155,0.492563,0.2303305,0.246995
128,0.03010338,0.4924285,0.230461,0.2470072
129,0.03009798,0.4923175,0.2305456,0.2470389
130,0.03009398,0.492226,0.2306007,0.2470793
131,0.03009066,0.4921491,0.2306378,0.2471224
132,0.03008758,0.4920832,0.2306641,0.2471651
133,0.03245622,0.4607641,0.2410466,0.2657331
134,0.03410712,0.4439659,0.2441227,0.2778043
135,0.03522213,0.4355257,0.2438832,0.2853689
136,0.0359205,0.4317521,0.2428016,0.2895258
137,0.03633386,0.430389,0.2418065,0.2914706
138,0.03656865,0.4301667,0.2411319,0.2921327
139,0.03670169,0.4304277,0.240712,0.2921587
140,0.03678399,0.4308632,0.2403916,0.2919613
141,0.03684702,0.4313464,0.2400241,0.2917826
142,0.03690948,0.4318347,0.2394982,0.2917576
143,0.03698118,0.4323211,0.2387499,0.2919478
144,0.03706646,0.4328103,0.2377527,0.2923705
145,0.03392563,0.4711135,0.2270038,0.2679571
146,0.03223823,0.4863746,0.2258536,0.2555336
147,0.03135712,0.4923238,0.2266227,0.2496963
148,0.03089502,0.4943737,0.2275913,0.24714
149,0.0306543,0.4948366,0.2283037,0.2462054
150,0.0305302,0.4947129,0.2287172,0.2460396
151,0.03046653,0.4944166,0.2289086,0.2462083
152,0.03043335,0.4941018,0.228968,0.2464967
153,0.03041476,0.4938136,0.228968,0.2468036
154,0.0304024,0.4935559,0.2289586,0.2470831
155,0.03039188,0.4933197,0.228972,0.2473164
156,0.0303809,0.4930947,0.2290272,0.2474971
157,0.03591325,0.4244441,0.2478697,0.2917729
158,0.0406526,0.3798555,0.2510134,0.3284785
159,0.04437871,0.3521961,0.2476687,0.3557565
160,0.04711461,0.3361144,0.2424283,0.3743427
161,0.0489948,0.3275612,0.2376478,0.3857963
162,0.05020374,0.3236247,0.2342333,0.3919383
163,0.05092917,0.322316,0.2322779,0.3944769
164,0.05133396,0.3223678,0.2314841,0.3948141
165,0.0515448,0.3230414,0.2314225,0.3939913
166,0.05165258,0.3239493,0.2316742,0.3927239
167,0.05171857,0.3249122,0.2318972,0.391472
168,0.05178118,0.3258604,0.231853,0.3905054
169,0.04780003,0.3701906,0.222041,0.3599684
170,0.04542416,0.3920171,0.2198949,0.3426638
171,0.04434928,0.4023005,0.2170714,0.3362788
172,0.04383363,0.4077517,0.2142759,0.3341389
173,0.04357368,0.4107883,0.2120822,0.3335557
174,0.0434528,0.4125622,0.2103499,0.3336351
175,0.04340393,0.4136642,0.2090256,0.3339062
176,0.04339028,0.4144007,0.2080569,0.3341521
177,0.04339276,0.41493,0.207381,0.3342963
178,0.04340214,0.4153341,0.2069343,0.3343294
179,0.04341395,0.4156577,0.2066617,0.3342667
180,0.04342597,0.4159269,0.2065204,0.3341268
181,0.04220776,0.4297152,0.2033052,0.3247718
182,0.04142166,0.4365282,0.2032194,0.3188306
183,0.04093865,0.4397061,0.2041139,0.3152414
184,0.04064674,0.4410425,0.2052236,0.3130871
185,0.0404721,0.4414963,0.2062549,0.3117767
186,0.04036735,0.4415626,0.2071297,0.3109402
187,0.04030269,0.4414857,0.2078602,0.3103514
188,0.04025964,0.4413771,0.2084888,0.3098744
189,0.04022697,0.4412822,0.2090618,0.3094291
190,0.04019806,0.4412135,0.209618,0.3089705
191,0.040169,0.44117,0.2101873,0.3084736
192,0.04013759,0.4411464,0.2107908,0.3079252
193,0.03938427,0.4492302,0.20938,0.3020055
194,0.03888845,0.4530814,0.2099059,0.2981242
195,0.03856783,0.454784,0.2110559,0.2955923
196,0.03836002,0.4554161,0.2123172,0.2939066
197,0.03822276,0.4555539,0.2134893,0.2927341
198,0.03812899,0.4554915,0.214511,0.2918684
199,0.03806204,0.4553716,0.2153777,0.2911885
200,0.03801207,0.4552572,0.2161031,0.2906276
201,0.03797363,0.4551719,0.216702,0.2901525
202,0.037944,0.455121,0.2171839,0.2897511
203,0.03792201,0.4551025,0.217554,0.2894214
204,0.0379072,0.4551122,0.2178153,0.2891653
205,0.04102196,0.4205553,0.2261107,0.312312
206,0.04337997,0.400734,0.2266718,0.3292142
207,0.04503699,0.3900585,0.2245035,0.3404011
208,0.04614291,0.3848941,0.2216782,0.3472849
209,0.04685022,0.3828492,0.2190982,0.3512025
210,0.04729102,0.3824321,0.2170217,0.3532552
211,0.04756681,0.3827732,0.2154064,0.3542535
212,0.04774882,0.3834043,0.2141051,0.3547418
213,0.04788288,0.3840981,0.212967,0.355052
214,0.04799434,0.384764,0.2118974,0.3553441
215,0.04809593,0.3853748,0.2108496,0.3556796
216,0.04819249,0.3859303,0.2098161,0.3560611
217,0.0444019,0.4265579,0.2007575,0.3282827
218,0.04215796,0.4448633,0.2005583,0.3124205
219,0.04089731,0.452602,0.2025163,0.3039844
220,0.04019001,0.4554935,0.2047272,0.2995893
221,0.03979816,0.4562407,0.2065609,0.2974003
222,0.03958561,0.4561232,0.2078972,0.2963939
223,0.03947352,0.4557269,0.2088017,0.2959979
224,0.03941623,0.4552997,0.2093888,0.2958953
225,0.03938761,0.4549302,0.2097674,0.2959149
226,0.03937285,0.4546363,0.2100241,0.2959667
227,0.03936382,0.4544089,0.2102212,0.2960061
228,0.03935617,0.4542307,0.2104005,0.2960126
229,0.03995072,0.4470218,0.2128022,0.3002254
230,0.04033847,0.4432622,0.2136258,0.3027736
231,0.0405843,0.4413555,0.2138122,0.304248
232,0.04072959,0.4404526,0.2138425,0.3049753
233,0.04080802,0.4400587,0.2139138,0.3052195
234,0.04084403,0.4399018,0.2140857,0.3051685
235,0.04085436,0.4398416,0.2143553,0.3049488
236,0.04085008,0.4398125,0.2146947,0.3046428
237,0.04083842,0.4397883,0.2150693,0.304304
238,0.04082405,0.4397625,0.2154455,0.3039678
239,0.04081006,0.4397377,0.2157944,0.3036579
240,0.04079836,0.4397193,0.2160923,0.30339
241,0.03941545,0.4533568,0.2144177,0.29281
242,0.03852858,0.4592964,0.2160836,0.2860913
243,0.03802151,0.4614986,0.2180271,0.2824528
244,0.03773433,0.4620655,0.2196585,0.2805417
245,0.03757743,0.4619823,0.2208086,0.2796317
246,0.03749629,0.461702,0.2215129,0.2792889
247,0.03745779,0.4614145,0.2218748,0.2792529
248,0.03744205,0.4611842,0.2220039,0.2793698
249,0.03743748,0.4610203,0.2219916,0.2795506
250,0.03743787,0.4609105,0.2219018,0.2797499
251,0.03743986,0.4608384,0.2217773,0.2799444
252,0.03744184,0.4607895,0.221645,0.2801237
253,0.03701458,0.4670106,0.2183571,0.2776179
254,0.0367603,0.470175,0.2166327,0.2764321
255,0.03658446,0.471807,0.2159385,0.2756701
256,0.03647089,0.4725722,0.2156798,0.275277
257,0.0363985,0.4728763,0.2156095,0.2751157
258,0.03635172,0.4729447,0.2156204,0.2750832
259,0.03632017,0.4728971,0.2156696,0.2751132
260,0.03629727,0.4727947,0.2157421,0.2751658
261,0.03627901,0.4726675,0.2158346,0.2752189
262,0.03626298,0.4725296,0.2159468,0.2752607
263,0.03624786,0.4723869,0.2160788,0.2752864
264,0.03623297,0.4722424,0.2162297,0.2752949
265,0.03910712,0.4384776,0.2261481,0.2962672
266,0.04118543,0.41945,0.2287629,0.3106017
267,0.04261626,0.4092575,0.2282915,0.3198346
268,0.04353463,0.4042746,0.2270314,0.3251594
269,0.0440877,0.4021545,0.2259317,0.327826
270,0.04440152,0.4014816,0.2252552,0.3288618
271,0.04457221,0.4014653,0.224939,0.3290234
272,0.04466757,0.4017049,0.2247987,0.3288288
273,0.04473222,0.4020225,0.2246373,0.3286081
274,0.04479261,0.4023567,0.2243058,0.3285448
275,0.04486254,0.4026978,0.2237179,0.3287218
276,0.04494657,0.4030535,0.2228525,0.3291474
277,0.04595355,0.3946252,0.2228185,0.3366028
278,0.04673137,0.3903038,0.2205839,0.3423809
279,0.04727785,0.3884175,0.2179712,0.3463336
280,0.04765482,0.3878821,0.2154896,0.3489734
281,0.04791246,0.3880387,0.2133472,0.3507016
282,0.04808892,0.388505,0.2115899,0.3518161
283,0.04821148,0.3890723,0.2101898,0.3525264
284,0.04829874,0.3896357,0.2090931,0.3529725
285,0.04836289,0.3901496,0.2082431,0.3532445
286,0.04841182,0.3905995,0.2075888,0.3533999
287,0.04845046,0.3909866,0.2070882,0.3534748
288,0.04848189,0.3913181,0.2067086,0.3534915
289,0.04485465,0.429117,0.1986345,0.3273938
290,0.04268105,0.4461997,0.1987989,0.3123203
291,0.04143657,0.4533905,0.2010282,0.3041448
292,0.04072195,0.4560088,0.2034925,0.2997768
293,0.04031306,0.4565971,0.2055723,0.2975176
294,0.04008044,0.4563657,0.2071431,0.2964107
295,0.03994823,0.4558711,0.2082675,0.2959131
296,0.03987186,0.4553498,0.2090606,0.2957177
297,0.03982534,0.4548864,0.2096342,0.295654
298,0.03979394,0.4544977,0.2100768,0.2956316
299,0.03976938,0.454174,0.2104526,0.2956041
300,0.03974718,0.4538988,0.2108045,0.2955494
301,0.03660068,0.4870047,0.2037549,0.2726398
302,0.03481308,0.499851,0.2052123,0.2601238
303,0.03380862,0.5041699,0.2084697,0.2535517
304,0.03323407,0.5049211,0.2116938,0.2501509
305,0.03290128,0.5042995,0.2143263,0.2484731
306,0.03270474,0.5032614,0.2163126,0.2477213
307,0.03258416,0.5021946,0.2177711,0.2474502
308,0.03250508,0.5012304,0.2188515,0.2474131
309,0.03244809,0.5003916,0.2196842,0.2474762
310,0.03240225,0.4996614,0.2203686,0.2475678
311,0.03236177,0.4990135,0.220971,0.2476537
312,0.03232377,0.498424,0.221532,0.2477202
313,0.0364983,0.4493337,0.2348036,0.2793643
314,0.03979826,0.4202212,0.2363479,0.3036326
315,0.04217902,0.4040702,0.2335768,0.3201741
316,0.04377762,0.3959703,0.2298252,0.3304269
317,0.04477637,0.3925112,0.2266485,0.336064
318,0.04535578,0.3914846,0.2245249,0.3386346
319,0.04566669,0.3915779,0.2233787,0.3393767
320,0.04582205,0.39209,0.2229019,0.3391861
321,0.04590039,0.3926977,0.2227328,0.3386692
322,0.04595122,0.3932886,0.2225678,0.3381924
323,0.04600332,0.3938467,0.2221952,0.3379548
324,0.04607049,0.3943906,0.2215045,0.3380344
325,0.04578429,0.3991159,0.2192587,0.335841
326,0.04564286,0.4019319,0.2174969,0.3349284
327,0.04559156,0.4037228,0.2159338,0.334752
328,0.04559826,0.4049387,0.2144356,0.3350274
329,0.04563681,0.4058345,0.2130073,0.3355214
330,0.0456894,0.4065443,0.2116891,0.3360772
331,0.04574519,0.4071345,0.2105176,0.3366027
332,0.04579815,0.4076372,0.2095145,0.3370502
333,0.04584537,0.4080687,0.2086853,0.3374006
334,0.04588637,0.4084375,0.2080182,0.3376579
335,0.04592144,0.4087507,0.2074954,0.3378325
336,0.04595118,0.4090157,0.2070966,0.3379364
337,0.04626461,0.406183,0.2075203,0.3400321
338,0.04648243,0.4047329,0.2074276,0.341357
339,0.0466281,0.4040569,0.2071915,0.3421234
340,0.0467228,0.4038053,0.206966,0.342506
341,0.04678265,0.4037716,0.2068131,0.3426326
342,0.04681903,0.4038394,0.2067511,0.3425904
343,0.0468397,0.4039459,0.2067783,0.3424361
344,0.04684974,0.4040591,0.2068852,0.342206
345,0.04685253,0.4041644,0.2070599,0.3419232
346,0.04685006,0.4042565,0.2072929,0.3416006
347,0.04684375,0.404334,0.2075747,0.3412475
348,0.04683467,0.4043975,0.2078961,0.3408717
349,0.04027124,0.4690305,0.1978007,0.2928976
350,0.03683443,0.4914953,0.2032102,0.26846
351,0.03507757,0.4982239,0.2100126,0.2566859
352,0.03413469,0.4991726,0.2158081,0.2508846
353,0.03362129,0.4981386,0.220095,0.2481452
354,0.03333981,0.4966285,0.2230387,0.2469931
355,0.03318276,0.4951945,0.2249836,0.2466392
356,0.03309072,0.4939899,0.2262622,0.2466571
357,0.03303104,0.4930128,0.2271354,0.2468208
358,0.03298608,0.4922125,0.227787,0.2470144
359,0.03294669,0.4915338,0.2283365,0.247183
360,0.03290838,0.4909314,0.2288563,0.2473039
361,0.03649798,0.4502573,0.2387431,0.2745017
362,0.03929219,0.4270768,0.2383484,0.2952828
363,0.04123826,0.414866,0.2349075,0.3089882
364,0.04250168,0.4091861,0.23108,0.3172323
365,0.0432633,0.4070745,0.2280457,0.3216165
366,0.04368545,0.4067036,0.2261073,0.3235036
367,0.0438957,0.4070447,0.2251346,0.323925
368,0.04398507,0.4075835,0.2248355,0.3235959
369,0.04401453,0.4081064,0.2248959,0.3229832
370,0.04402345,0.4085564,0.225036,0.3223841
371,0.04403568,0.4089465,0.2250439,0.3219739
372,0.04406404,0.4093121,0.2247832,0.3218407
373,0.04458143,0.4046211,0.2254834,0.3253141
374,0.04496875,0.4023533,0.2247896,0.3278884
375,0.04525993,0.4014495,0.2234531,0.3298374
376,0.04548455,0.4013106,0.2218253,0.3313796
377,0.04566337,0.4015799,0.2201026,0.3326541
378,0.04580951,0.4020502,0.2184043,0.333736
379,0.04593088,0.402602,0.2168068,0.3346603
380,0.04603238,0.4031675,0.2153571,0.3354431
381,0.04611732,0.4037085,0.2140802,0.336094
382,0.04618802,0.4042057,0.2129864,0.3366199
383,0.04624661,0.4046498,0.2120722,0.3370315
384,0.04629502,0.4050385,0.2113247,0.3373418
385,0.04643115,0.40454,0.2107133,0.3383155
386,0.04653315,0.4044066,0.2100598,0.3390004
387,0.04660359,0.4044699,0.2095172,0.3394093
388,0.04665191,0.4046187,0.2091035,0.3396259
389,0.04668473,0.4047938,0.2088141,0.3397073
390,0.04670645,0.4049661,0.2086367,0.3396908
391,0.04671983,0.4051232,0.208558,0.3395989
392,0.04672655,0.4052611,0.2085681,0.3394443
393,0.04672752,0.4053794,0.2086596,0.3392335
394,0.04672356,0.4054789,0.2088247,0.3389728
395,0.0467152,0.4055611,0.2090569,0.3386667
396,0.04670287,0.405628,0.2093504,0.3383186
397,0.04775369,0.3962279,0.2099278,0.3460907
398,0.04852374,0.3912599,0.2085325,0.3516839
399,0.04900916,0.3889968,0.2070738,0.3549202
400,0.04930168,0.3881885,0.2058846,0.3566252
401,0.04946728,0.3881044,0.2050693,0.3573591
402,0.04955293,0.3883353,0.2046057,0.357506
403,0.04959092,0.3886677,0.2044194,0.3573219
404,0.04960252,0.3890013,0.2044242,0.356972
405,0.04960137,0.389298,0.2045402,0.3565604
406,0.04959577,0.3895515,0.2047037,0.356149
407,0.04959061,0.3897689,0.2048665,0.3557739
408,0.04958866,0.3899615,0.2049951,0.3554547
409,0.04477697,0.4377849,0.19633,0.3211082
410,0.04201684,0.457897,0.1979892,0.302097
411,0.04050843,0.4656555,0.2015145,0.2923215
412,0.03967173,0.4681129,0.2048677,0.2873477
413,0.03920911,0.4683803,0.2074627,0.284948
414,0.03895562,0.467855,0.2092783,0.2839111
415,0.03881734,0.4671393,0.2104785,0.2835649
416,0.0387405,0.4664658,0.2112558,0.2835378
417,0.03869461,0.4659018,0.211774,0.2836296
418,0.03866274,0.4654467,0.212154,0.2837364
419,0.03863573,0.4650781,0.2124778,0.2838083
420,0.03860888,0.4647706,0.2127968,0.2838237
421,0.0388169,0.4617479,0.21402,0.2854152
422,0.0389352,0.4601347,0.214662,0.2862681
423,0.03899593,0.4592512,0.2150771,0.2866758
424,0.03901557,0.4587555,0.2154638,0.2867651
425,0.0390085,0.4584527,0.2158882,0.2866507
426,0.03898532,0.4582398,0.2163573,0.2864175
427,0.03895353,0.4580671,0.216853,0.2861264
428,0.03891848,0.4579131,0.2173468,0.2858215
429,0.0388841,0.4577712,0.217808,0.2855367
430,0.03885337,0.4576412,0.2182064,0.2852991
431,0.0388285,0.4575261,0.2185161,0.2851292
432,0.03881096,0.4574293,0.2187178,0.2850419
433,0.04166179,0.4252152,0.2279731,0.3051499
434,0.04371354,0.4069639,0.2305253,0.3187971
435,0.04513976,0.3970653,0.2300514,0.3277435
436,0.04606671,0.3921497,0.2287365,0.333047
437,0.04664407,0.3900093,0.2274024,0.3359443
438,0.04699929,0.3893063,0.2262497,0.3374447
439,0.04722828,0.3892894,0.225203,0.3382792
440,0.04739677,0.3895719,0.2241021,0.3389291
441,0.04754489,0.3899762,0.2228089,0.3396699
442,0.04769132,0.3904351,0.2212723,0.3406012
443,0.04784075,0.3909266,0.2195229,0.3417098
444,0.04798945,0.3914424,0.2176538,0.3429144
445,0.04810433,0.3905739,0.2180052,0.3433166
446,0.04814836,0.3901384,0.218597,0.3431163
447,0.04819515,0.3898277,0.218924,0.3430532
448,0.04824014,0.3896191,0.2190882,0.3430526
449,0.04828343,0.3894843,0.2191363,0.343096
450,0.04832513,0.3894031,0.2191011,0.3431707
451,0.04836515,0.3893611,0.2190083,0.3432654
452,0.04840318,0.3893483,0.2188792,0.3433693
453,0.04843884,0.3893567,0.2187319,0.3434726
454,0.04847207,0.3893798,0.2185778,0.3435704
455,0.04850282,0.3894131,0.2184255,0.3436587
456,0.04853106,0.3894529,0.2182814,0.3437347
457,0.04826688,0.395202,0.2136683,0.3428627
458,0.04823048,0.3987448,0.2090845,0.3439402
459,0.04818168,0.4012407,0.2060485,0.3445291
460,0.04812906,0.4029965,0.2040943,0.3447802
461,0.04807957,0.4042031,0.2028896,0.3448277
462,0.04803624,0.405009,0.2021981,0.3447567
463,0.04799895,0.4055312,0.2018596,0.3446102
464,0.04796601,0.4058582,0.2017698,0.3444059
465,0.04793521,0.4060545,0.2018627,0.3441477
466,0.04790449,0.4061644,0.2020972,0.3438339
467,0.04787213,0.4062179,0.2024484,0.3434615
468,0.04783642,0.4062332,0.2029071,0.3430233
469,0.04269935,0.4562595,0.194804,0.3062371
470,0.03982197,0.47576,0.198169,0.286249
471,0.03826613,0.4824496,0.2032558,0.2760285
472,0.0373982,0.483943,0.2079197,0.2707391
473,0.03690718,0.4834475,0.2115853,0.2680601
474,0.03662569,0.4823396,0.2142676,0.2667671
475,0.03645981,0.4811778,0.2161728,0.2661896
476,0.0363563,0.480154,0.2175309,0.2659587
477,0.03628527,0.4793047,0.2185339,0.2658761
478,0.03623019,0.4786071,0.2193241,0.2658386
479,0.03618251,0.4780244,0.2199938,0.2657992
480,0.03613813,0.4775231,0.2205975,0.2657412
481,0.03973703,0.4389938,0.2287817,0.2924875
482,0.04253019,0.4168031,0.2278019,0.3128648
483,0.04447374,0.4050145,0.2242135,0.3262981
484,0.04574637,0.3994775,0.2202763,0.3344998
485,0.04652526,0.3974333,0.2170386,0.3390028
486,0.04696802,0.397151,0.2147809,0.3411001
487,0.04719889,0.3976266,0.2134022,0.3417722
488,0.04730744,0.3983336,0.212654,0.3417049
489,0.04735449,0.3990318,0.2122618,0.3413518
490,0.04737815,0.3996397,0.2119955,0.3409866
491,0.0474011,0.4001496,0.211685,0.3407644
492,0.04743512,0.4005827,0.2112259,0.3407564
493,0.04452016,0.4310032,0.2044386,0.320038
494,0.04277301,0.4449911,0.2040715,0.3081645
495,0.04178911,0.45106,0.2051789,0.3019719
496,0.04124899,0.453412,0.2063601,0.298979
497,0.04096487,0.4540867,0.2071999,0.2977486
498,0.04082501,0.454065,0.2076683,0.2974416
499,0.04076333,0.4538022,0.2078577,0.2975768
500,0.04074138,0.4534944,0.2078771,0.2978872
501,0.04073751,0.4532143,0.2078153,0.2982329
502,0.04074006,0.4529788,0.2077335,0.2985475
503,0.04074302,0.4527835,0.2076701,0.2988034
504,0.04074356,0.4526176,0.2076465,0.2989924
505,0.04353168,0.4231853,0.214054,0.319229
506,0.04560449,0.4064418,0.2141438,0.3338098
507,0.04703422,0.3974909,0.2121309,0.343344
508,0.04796621,0.3931919,0.209731,0.3491109
509,0.04853904,0.3914975,0.2077043,0.3522592
510,0.04886886,0.3911401,0.2062804,0.3537107
511,0.04904404,0.3913844,0.205429,0.3541426
512,0.04912737,0.3918369,0.2050141,0.3540216
513,0.04916116,0.3923099,0.204875,0.3536539
514,0.04917232,0.3927309,0.2048696,0.3532272
515,0.04917744,0.3930843,0.204885,0.3528533
516,0.04918609,0.3933798,0.2048414,0.3525926
517,0.04511412,0.434249,0.1970876,0.3235493
518,0.04272399,0.4520797,0.1980788,0.3071174
519,0.04139896,0.4592399,0.2007883,0.298573
520,0.04066532,0.4616547,0.2034029,0.2942771
521,0.0402665,0.4620472,0.2053897,0.2922966
522,0.04005596,0.4616756,0.206722,0.2915464
523,0.03994884,0.4610974,0.2075387,0.2914151
524,0.03989629,0.4605358,0.208005,0.291563
525,0.03987065,0.4600604,0.2082606,0.2918084
526,0.03985671,0.4596765,0.208408,0.2920588
527,0.03984641,0.4593663,0.2085158,0.2922714
528,0.03983571,0.4591084,0.2086265,0.2924294
529,0.04177564,0.4381889,0.2134666,0.3065688
530,0.04315862,0.4268593,0.2136401,0.3163419
531,0.04407315,0.4211316,0.2123284,0.3224669
532,0.04464356,0.4185688,0.2107917,0.3259959
533,0.04497664,0.4176705,0.2095586,0.3277942
534,0.04515516,0.4175641,0.2087709,0.3285098
535,0.04523848,0.4177771,0.2083901,0.3285943
536,0.04526681,0.418076,0.2083115,0.3283457
537,0.04526635,0.4183609,0.2084187,0.327954
538,0.04525377,0.4186004,0.2086082,0.3275377
539,0.04523934,0.4187941,0.2087981,0.3271685
540,0.04522918,0.4189538,0.2089291,0.3268879
541,0.04727641,0.3985506,0.2127507,0.3414222
542,0.04879478,0.3870604,0.2122417,0.3519031
543,0.04983589,0.3810315,0.2104132,0.3587194
544,0.05052607,0.3782127,0.2082991,0.3629621
545,0.05097201,0.377179,0.2063519,0.3654971
546,0.05125834,0.3770617,0.2046974,0.3669825
547,0.0514463,0.377362,0.2033168,0.367875
548,0.05157676,0.3778135,0.2021463,0.3684635
549,0.05167497,0.3782871,0.2011248,0.3689131
550,0.05175534,0.3787283,0.2002096,0.3693067
551,0.0518254,0.3791201,0.1993774,0.3696771
552,0.05188861,0.3794617,0.1986188,0.3700309
553,0.05151769,0.3837211,0.1975164,0.3672449
554,0.05126787,0.3860735,0.1972771,0.3653816
555,0.05112324,0.3872945,0.1972493,0.3643329
556,0.05104703,0.3878984,0.1972642,0.3637905
557,0.05101329,0.3881818,0.197259,0.3635459
558,0.05100424,0.3883109,0.1972237,0.3634611
559,0.05100823,0.3883742,0.1971686,0.3634489
560,0.05101798,0.3884152,0.1971096,0.3634571
561,0.05102914,0.3884535,0.1970609,0.3634565
562,0.05103927,0.3884959,0.1970333,0.3634315
563,0.05104712,0.3885439,0.1970334,0.3633756
564,0.05105212,0.3885965,0.1970647,0.3632868
565,0.04859429,0.412836,0.1926132,0.3459564
566,0.04701876,0.4246689,0.1931202,0.3351921
567,0.04607105,0.4299826,0.194929,0.3290174
568,0.04550848,0.432057,0.1968635,0.3255711
569,0.04517847,0.4326059,0.198508,0.3237077
570,0.04498627,0.4325008,0.1997797,0.3227331
571,0.04487363,0.4321666,0.2007264,0.3222333
572,0.04480525,0.4317954,0.2014327,0.3219666
573,0.04476016,0.4314631,0.2019801,0.3217967
574,0.04472644,0.4311893,0.2024325,0.3216517
575,0.04469749,0.4309713,0.202835,0.3214962
576,0.04466986,0.4307982,0.2032163,0.3213156
577,0.04437088,0.4335007,0.2029069,0.3192215
578,0.04416758,0.4348503,0.2031236,0.3178585
579,0.04402693,0.4354858,0.2035514,0.3169358
580,0.04392932,0.4357416,0.2040199,0.3163092
581,0.04385971,0.4358105,0.2044618,0.315868
582,0.04380812,0.4357962,0.2048542,0.3155415
583,0.04376829,0.4357515,0.205192,0.3152882
584,0.04373652,0.4357016,0.2054763,0.3150856
585,0.04371075,0.4356564,0.2057094,0.3149235
586,0.04368991,0.4356194,0.2058931,0.3147976
587,0.04367346,0.435591,0.2060284,0.3147072
588,0.04366116,0.4355696,0.2061162,0.314653
589,0.0438543,0.4336736,0.2063436,0.3161285
590,0.0439873,0.4327536,0.2061065,0.3171526
591,0.04407026,0.4323685,0.2057746,0.3177867
592,0.04412242,0.4322495,0.2054346,0.3181935
593,0.04415581,0.4322524,0.2051234,0.3184683
594,0.04417836,0.4323016,0.2048488,0.3186713
595,0.04419494,0.4323596,0.2046074,0.318838
596,0.04420846,0.4324102,0.2043933,0.3189881
597,0.04422041,0.4324471,0.2042019,0.3191307
598,0.04423146,0.4324696,0.2040311,0.3192678
599,0.04424181,0.4324788,0.2038803,0.3193991
600,0.0442514,0.4324763,0.2037499,0.3195224
601,0.04277686,0.4474902,0.2006574,0.3090755
602,0.04184704,0.4543996,0.201037,0.3027164
603,0.04129342,0.4572524,0.2022918,0.2991624
604,0.04096981,0.4581502,0.2036103,0.2972697
605,0.04078438,0.4581696,0.204709,0.2963371
606,0.0406798,0.4578439,0.2055396,0.2959367
607,0.04062087,0.4574229,0.206143,0.2958132
608,0.04058644,0.4570121,0.2065836,0.2958179
609,0.04056415,0.4566468,0.206921,0.295868
610,0.04054695,0.4563318,0.2072021,0.2959191
611,0.04053104,0.4560598,0.2074598,0.2959494
612,0.04051448,0.4558209,0.2077149,0.2959497
613,0.04212443,0.4383945,0.2119514,0.3075297
614,0.04325235,0.429058,0.2123297,0.31536
615,0.04398772,0.4243779,0.2114569,0.3201774
616,0.04443913,0.4222974,0.2103811,0.3228824
617,0.04469807,0.4215666,0.2095288,0.3242065
618,0.04483414,0.42147,0.2090058,0.32469
619,0.04489658,0.4216258,0.2087727,0.3247049
620,0.04491836,0.4218491,0.2087387,0.3244939
621,0.04492063,0.4220628,0.2088075,0.3242091
622,0.04491642,0.422244,0.2088989,0.3239408
623,0.04491329,0.422394,0.2089538,0.3237389
624,0.0449152,0.4225225,0.2089356,0.3236267
625,0.04475562,0.4242184,0.208657,0.3223689
626,0.04465606,0.4251087,0.2086274,0.3216079
627,0.04460751,0.425558,0.2085553,0.3212792
628,0.04459149,0.4257913,0.2083974,0.3212198
629,0.04459596,0.4259242,0.208153,0.3213269
630,0.04461242,0.4260145,0.2078449,0.321528
631,0.04463499,0.4260884,0.2075038,0.3217729
632,0.04465979,0.4261552,0.2071575,0.3220276
633,0.04468435,0.4262168,0.2068281,0.3222707
634,0.04470703,0.4262722,0.2065329,0.3224879
635,0.04472687,0.4263198,0.2062827,0.3226706
636,0.04474335,0.4263582,0.2060839,0.3228145
637,0.04696185,0.4041443,0.2102483,0.3386455
638,0.04859935,0.3915595,0.209865,0.3499761
639,0.04971849,0.38487,0.2081065,0.357305
640,0.0504465,0.3816759,0.2061543,0.3617232
641,0.05089666,0.3804344,0.2045182,0.3641509
642,0.05116066,0.380197,0.203339,0.3653034
643,0.05130666,0.3804157,0.2025833,0.3656944
644,0.05138205,0.3807968,0.2021524,0.3656686
645,0.0514181,0.3811994,0.201938,0.3654445
646,0.0514347,0.3815655,0.2018431,0.3651568
647,0.05144388,0.3818809,0.2017932,0.3648821
648,0.0514525,0.3821508,0.2017359,0.3646608
649,0.0481838,0.4141554,0.1961952,0.3414657
650,0.04615649,0.4291534,0.1971565,0.3275336
651,0.04499415,0.4355907,0.1994234,0.3199918
652,0.04433615,0.4379992,0.2016068,0.3160579
653,0.04397339,0.4385931,0.2032771,0.3141564
654,0.04378096,0.4384472,0.2044067,0.313365
655,0.0436841,0.4380623,0.2051072,0.3131464
656,0.04363852,0.4376531,0.205515,0.3131935
657,0.0436185,0.4372967,0.2057482,0.3133366
658,0.04360947,0.4370088,0.205895,0.3134867
659,0.04360353,0.436781,0.2060148,0.3136006
660,0.04359661,0.4365985,0.2061443,0.3136605
661,0.04426724,0.4300247,0.2070362,0.3186719
662,0.04472848,0.4266773,0.2065329,0.3220612
663,0.04500975,0.425151,0.2058282,0.3240111
664,0.04517086,0.4245714,0.2052261,0.3250317
665,0.04525346,0.4244479,0.2048386,0.3254601
666,0.04528658,0.4245158,0.2046731,0.3255245
667,0.04528975,0.4246424,0.204693,0.3253749
668,0.04527571,0.4247681,0.2048483,0.3251078
669,0.0452527,0.4248715,0.2050904,0.3247854
670,0.04522606,0.4249495,0.2053762,0.3244483
671,0.04519932,0.4250069,0.2056695,0.3241243
672,0.04517489,0.4250506,0.2059413,0.3238332
673,0.04408244,0.4355512,0.2044647,0.3159016
674,0.04337041,0.4405001,0.205285,0.3108445
675,0.04294693,0.4425774,0.2064726,0.308003
676,0.04270148,0.443278,0.207534,0.3064864
677,0.04256653,0.4433635,0.2082965,0.3057735
678,0.04249857,0.4432139,0.2087528,0.3055348
679,0.04247008,0.443006,0.2089588,0.3055651
680,0.04246393,0.4428127,0.208984,0.3057393
681,0.04246972,0.4426557,0.2088919,0.3059826
682,0.04248101,0.4425352,0.208735,0.3062488
683,0.04249407,0.4424428,0.2085517,0.3065115
684,0.04250675,0.4423688,0.2083686,0.3067558
685,0.04321444,0.4350283,0.2098812,0.311876
686,0.04369958,0.4312181,0.2097903,0.3152921
687,0.04401289,0.4293644,0.2092106,0.3174122
688,0.04420656,0.428566,0.2085734,0.318654
689,0.04432117,0.4282979,0.2080475,0.3193334
690,0.04438575,0.4282704,0.2076734,0.3196704
691,0.04441993,0.4283337,0.2074366,0.3198097
692,0.04443642,0.4284168,0.2073049,0.3198419
693,0.04444307,0.4284903,0.2072456,0.3198211
694,0.04444471,0.4285459,0.2072302,0.3197792
695,0.04444419,0.4285841,0.2072374,0.3197344
696,0.04444308,0.428609,0.2072521,0.3196959
697,0.03883183,0.4859761,0.1951497,0.2800424
698,0.03589516,0.506629,0.1973363,0.2601395
699,0.03434639,0.5132392,0.2020551,0.2503593
700,0.03350282,0.5143532,0.2065524,0.2455915
701,0.0330387,0.5134592,0.2100687,0.2434333
702,0.03278187,0.5120057,0.2125796,0.2426328
703,0.03263739,0.5105559,0.2142927,0.242514
704,0.03255215,0.5092893,0.2154492,0.2427093
705,0.03249655,0.5082284,0.2162538,0.2430214
706,0.03245435,0.5073398,0.2168579,0.2433479
707,0.03241683,0.5065793,0.2173659,0.243638
708,0.03237943,0.5059075,0.2178447,0.2438683
709,0.03491921,0.4761547,0.2258402,0.263086
710,0.03675197,0.4603096,0.2263215,0.276617
711,0.03796014,0.4525793,0.2243625,0.285098
712,0.03869745,0.449338,0.2220788,0.2898857
713,0.03910638,0.4483569,0.2203629,0.2921738
714,0.03930192,0.4483665,0.2194368,0.2928947
715,0.03936865,0.4487079,0.2192039,0.2927195
716,0.03936553,0.4490802,0.2194434,0.2921109
717,0.0393328,0.4493766,0.219905,0.2913855
718,0.03929749,0.4495882,0.2203555,0.2907588
719,0.0392768,0.4497484,0.2206041,0.2903707
720,0.03927926,0.4499008,0.220532,0.2902879
721,0.03968555,0.4458081,0.2213019,0.2932045
722,0.0399837,0.4439056,0.2207302,0.2953805
723,0.040211,0.4431729,0.2194915,0.2971246
724,0.04038732,0.4430767,0.2179719,0.2985641
725,0.04052897,0.4432968,0.2163712,0.299803
726,0.0406458,0.4436483,0.2148158,0.3008901
727,0.04074348,0.4440241,0.2133897,0.3018427
728,0.04082541,0.4443639,0.2121465,0.3026642
729,0.04089379,0.4446375,0.2111129,0.3033558
730,0.04095043,0.444836,0.2102904,0.3039232
731,0.04099666,0.4449642,0.2096651,0.304374
732,0.04103362,0.4450339,0.2092137,0.3047188
733,0.04101888,0.4456756,0.2085977,0.3047079
734,0.04101263,0.4460314,0.2082116,0.3047444
735,0.04100752,0.4462218,0.2080206,0.3047502
736,0.04100304,0.4463081,0.2079584,0.3047304
737,0.04099786,0.4463328,0.2079901,0.3046791
738,0.0409909,0.4463226,0.2080951,0.3045915
739,0.04098144,0.4462932,0.2082607,0.3044646
740,0.04096905,0.4462548,0.2084787,0.3042975
741,0.04095357,0.4462132,0.2087425,0.3040907
742,0.04093506,0.4461717,0.2090459,0.3038473
743,0.0409138,0.4461325,0.2093826,0.3035711
744,0.04089016,0.4460969,0.2097456,0.3032674
745,0.04252317,0.428334,0.2141949,0.3149479
746,0.04367127,0.4187835,0.2147526,0.3227926
747,0.04442094,0.4140037,0.214038,0.3275374
748,0.04488115,0.4119129,0.2130991,0.3301068
749,0.04514554,0.4112353,0.2123524,0.3312667
750,0.04528673,0.4112323,0.2118863,0.3315947
751,0.04535706,0.4115059,0.2116401,0.3314969
752,0.04539198,0.411862,0.211504,0.331242
753,0.04541399,0.4122197,0.2113709,0.3309954
754,0.04543642,0.4125558,0.2111571,0.3308506
755,0.045466,0.4128727,0.2108123,0.330849
756,0.04550496,0.4131809,0.2103189,0.3309953
757,0.04061829,0.4644642,0.198863,0.2960545
758,0.03794697,0.484761,0.1995388,0.2777533
759,0.03650983,0.492224,0.2026897,0.2685764
760,0.03572538,0.4943166,0.2058655,0.2640924
761,0.03529974,0.494246,0.2083652,0.2620891
762,0.03507301,0.4934128,0.2101323,0.2613819
763,0.03495507,0.4924084,0.2113164,0.2613201
764,0.03489442,0.4914601,0.2121001,0.2615454
765,0.03486183,0.4906348,0.2126388,0.2618647
766,0.03484094,0.4899337,0.2130477,0.2621776
767,0.03482288,0.4893354,0.2134058,0.2624358
768,0.03480298,0.4888151,0.2137647,0.2626172
769,0.03619769,0.4723933,0.2182623,0.2731466
770,0.03714157,0.4639917,0.2188191,0.2800477
771,0.03773224,0.4599878,0.2181539,0.284126
772,0.03807194,0.4583031,0.2173823,0.2862427
773,0.03824287,0.4577379,0.2169512,0.2870681
774,0.03830518,0.4576444,0.2169698,0.2870806
775,0.03830054,0.4576996,0.217394,0.2866059
776,0.03825711,0.45776,0.2181196,0.2858632
777,0.03819427,0.4577751,0.2190249,0.2850056
778,0.0381262,0.4577393,0.2199845,0.2841501
779,0.0380638,0.4576677,0.2208762,0.2833923
780,0.03801566,0.4575867,0.2215852,0.2828124
781,0.03591951,0.480422,0.2161749,0.2674837
782,0.03470816,0.4899248,0.2162992,0.2590678
783,0.03402805,0.4935927,0.2176298,0.2547494
784,0.03366257,0.4947174,0.2187881,0.2528319
785,0.03347792,0.4948243,0.2194412,0.2522565
786,0.03339478,0.4945792,0.2196284,0.2523975
787,0.03336679,0.4942446,0.2194968,0.2528917
788,0.03336712,0.4939055,0.2191956,0.2535318
789,0.03338033,0.4935779,0.21884,0.2542019
790,0.03339725,0.4932588,0.218509,0.2548349
791,0.03341278,0.4929433,0.2182462,0.2553978
792,0.03342423,0.4926292,0.2180699,0.2558767
793,0.03337747,0.4929857,0.2177438,0.255893
794,0.03334441,0.492974,0.2177092,0.2559724
795,0.03331859,0.4927874,0.2178239,0.2560702
796,0.03329586,0.4925194,0.2180265,0.2561582
797,0.03327337,0.4922192,0.2182897,0.2562178
798,0.03324942,0.4919114,0.2186011,0.2562381
799,0.03322307,0.4916075,0.2189553,0.2562141
800,0.03319394,0.4913121,0.2193488,0.2561451
801,0.03316203,0.4910268,0.2197778,0.2560332
802,0.03312768,0.4907525,0.2202359,0.2558838
803,0.03309144,0.4904898,0.2207144,0.2557044
804,0.03305407,0.4902394,0.221202,0.2555045
805,0.03498645,0.4672164,0.2276213,0.2701759
806,0.0363416,0.4553092,0.2282371,0.280112
807,0.0372175,0.4496895,0.2269566,0.2861364
808,0.03774791,0.447457,0.2253584,0.2894367
809,0.03804994,0.4468936,0.2240409,0.2910156
810,0.03821382,0.4470567,0.223105,0.2916245
811,0.0383029,0.4474762,0.2224413,0.2917796
812,0.03835816,0.4479484,0.2218882,0.2918053
813,0.03840351,0.4484053,0.2213088,0.2918824
814,0.03845116,0.4488377,0.2206179,0.2920932
815,0.03850557,0.4492551,0.2197846,0.2924548
816,0.03856659,0.449666,0.2188225,0.2929448
817,0.03847357,0.4517635,0.217439,0.292324
818,0.03843473,0.4529804,0.2164132,0.2921717
819,0.03843338,0.4537224,0.2155101,0.292334
820,0.0384529,0.4542035,0.2146902,0.2926534
821,0.03848271,0.4545298,0.2139569,0.2930305
822,0.03851613,0.4547542,0.2133258,0.2934039
823,0.03854917,0.4549044,0.2128083,0.2937381
824,0.03857948,0.4549977,0.2124081,0.2940147
825,0.03860572,0.4550476,0.2121212,0.2942255
826,0.0386271,0.4550656,0.2119399,0.2943673
827,0.03864324,0.4550614,0.2118545,0.2944407
828,0.038654,0.4550428,0.2118551,0.2944481
829,0.03613052,0.4827141,0.2056524,0.2755031
830,0.03466257,0.493908,0.206589,0.2648406
831,0.03382611,0.4978947,0.2091842,0.2590951
832,0.03334609,0.498769,0.2118378,0.2560472
833,0.03306929,0.4984069,0.2140392,0.2544847
834,0.03290726,0.4976495,0.2157227,0.2537207
835,0.03280838,0.4968483,0.2169802,0.2533631
836,0.03274267,0.4961292,0.2179384,0.2531897
837,0.03269289,0.4955195,0.2187103,0.2530774
838,0.03264948,0.4950079,0.219381,0.2529616
839,0.03260735,0.4945728,0.220009,0.2528109
840,0.03256399,0.4941935,0.2206297,0.2526129
841,0.03375971,0.4793156,0.2251786,0.261746
842,0.03454906,0.471909,0.2260242,0.2675178
843,0.03503119,0.4685062,0.2256758,0.2707868
844,0.03529962,0.4671574,0.2251838,0.2723591
845,0.03543148,0.4667671,0.224912,0.2728894
846,0.03548355,0.4667666,0.2248969,0.272853
847,0.0354953,0.4668902,0.2250374,0.2725771
848,0.03549291,0.4670358,0.2251925,0.2722788
849,0.03549261,0.467182,0.2252334,0.272092
850,0.03550302,0.4673392,0.2250725,0.2720853
851,0.0355269,0.4675234,0.2246755,0.2722742
852,0.03556341,0.4677435,0.2240529,0.2726401
853,0.03536186,0.4708755,0.2224593,0.2713033
854,0.03525595,0.4724922,0.2214762,0.2707756
855,0.03521288,0.4733553,0.2206645,0.2707672
856,0.03520865,0.4738312,0.2198941,0.271066
857,0.03522609,0.4741014,0.2191557,0.2715169
858,0.03525404,0.474249,0.2184781,0.2720188
859,0.03528551,0.4743126,0.2178933,0.2725087
860,0.03531613,0.4743131,0.2174219,0.2729489
861,0.03534314,0.4742671,0.2170717,0.2733181
862,0.03536497,0.4741883,0.2168398,0.273607
863,0.03538083,0.4740885,0.2167174,0.2738132
864,0.03539042,0.4739766,0.2166941,0.2739389
865,0.03543909,0.4733521,0.2168751,0.2743338
866,0.03546574,0.472995,0.2170137,0.2745256
867,0.03547538,0.4727757,0.2171905,0.2745585
868,0.03547236,0.4726253,0.2174308,0.2744714
869,0.03545985,0.472508,0.2177399,0.2742923
870,0.03544012,0.4724058,0.218113,0.2740411
871,0.03541489,0.4723105,0.2185408,0.2737338
872,0.0353856,0.4722194,0.2190111,0.2733839
