EwEVersion,"6.5.13829.0 (compiled 2016-05-17)"
Date,"2016-09-06 16:58:36"
ModelName,Baltic_Proper-SEALS
EcosimScenario,Proper1_SealVuln100_19742100_seal1_cofF03
TimeSeries,new_data_weights_19742100_BAU_WAR1_codF03_seal100
StartYear,1974

Data,"Prey of microzooplankton"

TimeStep,"Cyanobacteria","Phytoplankton","Detritus-water column",
1,0.0008785255,0.5158164,0.483305
2,0.0008198718,0.5461308,0.4530492
3,0.0007911188,0.559675,0.4395338
4,0.0007766322,0.5654634,0.4337601
5,0.0007692976,0.567544,0.4316868
6,0.0007655741,0.5678974,0.431337
7,0.0007636457,0.5675094,0.431727
8,0.0007625802,0.5668615,0.4323759
9,0.0007619071,0.5661771,0.433061
10,0.0007613972,0.5655503,0.4336883
11,0.0007609448,0.5650129,0.4342261
12,0.0007605043,0.5645697,0.4346699
13,0.0007726948,0.5569893,0.442238
14,0.0007796324,0.5525924,0.446628
15,0.0007832795,0.5502692,0.4489475
16,0.0007850192,0.5491337,0.4500813
17,0.0007856891,0.5486611,0.4505533
18,0.0007857836,0.5485436,0.4506706
19,0.000785586,0.5486045,0.45061
20,0.0007852534,0.5487427,0.450472
21,0.0007848715,0.5488992,0.4503158
22,0.0007844871,0.5490368,0.4501787
23,0.0007841254,0.54913,0.4500859
24,0.0007838001,0.5491609,0.4500553
25,0.0007128019,0.5897602,0.4095269
26,0.0006786227,0.6086188,0.3907026
27,0.0006622651,0.6165195,0.3828183
28,0.0006541656,0.6195205,0.3798253
29,0.0006501476,0.6201602,0.3791896
30,0.0006481193,0.6197114,0.3796404
31,0.000647025,0.6188141,0.3805389
32,0.0006463414,0.6177795,0.3815741
33,0.0006458191,0.6167487,0.3826056
34,0.0006453432,0.6157827,0.3835718
35,0.0006448679,0.6149006,0.3844545
36,0.0006443789,0.6141027,0.3852529
37,0.0006596079,0.6041189,0.3952215
38,0.0006681603,0.598319,0.4010129
39,0.0006726587,0.5951244,0.404203
40,0.0006748311,0.593407,0.4059182
41,0.0006757188,0.5924978,0.4068265
42,0.0006759249,0.5920126,0.4073115
43,0.0006757871,0.5917385,0.4075857
44,0.0006754882,0.5915614,0.4077632
45,0.0006751236,0.591422,0.4079029
46,0.0006747453,0.591285,0.4080402
47,0.0006743786,0.5911317,0.408194
48,0.0006740356,0.5909511,0.4083749
49,0.0006902048,0.5809171,0.4183927
50,0.0006995351,0.5751518,0.4241487
51,0.0007046559,0.5720504,0.427245
52,0.0007073484,0.5704288,0.4288639
53,0.0007086945,0.5695849,0.4297064
54,0.0007093267,0.5691155,0.4301751
55,0.0007096,0.5688021,0.4304883
56,0.0007097046,0.5685337,0.4307567
57,0.0007097368,0.5682601,0.4310302
58,0.0007097392,0.5679686,0.4313217
59,0.0007097299,0.5676601,0.4316301
60,0.0007097147,0.5673423,0.431948
61,0.0007164613,0.5632625,0.436021
62,0.0007203277,0.5610325,0.4382472
63,0.0007226323,0.5596789,0.4395985
64,0.0007239576,0.5588757,0.4404004
65,0.0007247046,0.5583827,0.4408926
66,0.0007251186,0.5580565,0.4412184
67,0.0007253435,0.5578166,0.4414581
68,0.0007254618,0.5576205,0.4416541
69,0.0007255198,0.5574479,0.4418266
70,0.000725545,0.5572874,0.4419871
71,0.0007255507,0.5571351,0.4421394
72,0.0007255446,0.5569903,0.4422842
73,0.0006834583,0.5824491,0.4168674
74,0.0006619956,0.5949562,0.4043818
75,0.0006510922,0.600673,0.3986759
76,0.0006455063,0.6030594,0.3962951
77,0.0006426264,0.6038129,0.3955446
78,0.0006411021,0.6038029,0.395556
79,0.0006402352,0.6034724,0.3958874
80,0.0006396709,0.6030402,0.3963201
81,0.0006392344,0.6026087,0.3967521
82,0.0006388442,0.6022215,0.3971396
83,0.0006384642,0.6018935,0.397468
84,0.0006380806,0.6016265,0.3977354
85,0.0006383589,0.6006067,0.3987549
86,0.0006383623,0.5997743,0.3995873
87,0.0006379871,0.5993913,0.3999707
88,0.000637499,0.5992,0.4001625
89,0.0006369814,0.5991188,0.4002442
90,0.0006364624,0.5991138,0.4002497
91,0.0006359488,0.599169,0.4001951
92,0.0006354408,0.5992742,0.4000904
93,0.000634937,0.5994204,0.3999447
94,0.0006344387,0.5995958,0.3997697
95,0.0006339511,0.5997854,0.3995806
96,0.0006334829,0.5999701,0.3993964
97,0.0006227616,0.6064318,0.3929455
98,0.0006168393,0.6097195,0.3896638
99,0.0006135149,0.6112986,0.3880879
100,0.0006116547,0.6119035,0.3874849
101,0.0006106101,0.6119584,0.3874309
102,0.0006100218,0.6116985,0.3876915
103,0.0006096922,0.6112547,0.3881356
104,0.0006095131,0.6107025,0.3886879
105,0.000609424,0.6100881,0.3893025
106,0.0006093886,0.6094444,0.3899462
107,0.0006093818,0.6087967,0.3905939
108,0.0006093866,0.6081648,0.3912258
109,0.0006286779,0.5952079,0.4041634
110,0.0006399935,0.5875786,0.4117814
111,0.0006462695,0.5834679,0.4158858
112,0.0006496438,0.5813385,0.4180119
113,0.0006513968,0.5802957,0.419053
114,0.0006522773,0.5798237,0.419524
115,0.0006527056,0.579637,0.4197103
116,0.0006529087,0.5795842,0.4197629
117,0.0006530037,0.579589,0.419758
118,0.0006530486,0.5796158,0.4197312
119,0.000653072,0.5796481,0.4196989
120,0.0006530865,0.579679,0.419668
121,0.0006465263,0.5839973,0.4153562
122,0.000642908,0.5863689,0.4129882
123,0.0006410362,0.5874959,0.4118631
124,0.0006400722,0.5879971,0.4113629
125,0.000639583,0.5881769,0.4111835
126,0.0006393338,0.5881987,0.4111618
127,0.0006391992,0.5881489,0.4112118
128,0.0006391154,0.588071,0.4112898
129,0.0006390518,0.5879853,0.4113756
130,0.000638994,0.5879009,0.4114601
131,0.0006389362,0.587821,0.4115402
132,0.0006388758,0.5877467,0.4116144
133,0.0006936348,0.5539035,0.4454028
134,0.0007288627,0.5336701,0.4656011
135,0.0007507709,0.5221894,0.4770598
136,0.0007637936,0.5164051,0.4828311
137,0.000771332,0.5139413,0.4852873
138,0.0007756632,0.5132437,0.4859806
139,0.0007782071,0.5133716,0.4858502
140,0.0007798017,0.513792,0.4854282
141,0.000780919,0.514224,0.4849951
142,0.0007818191,0.5145273,0.4846909
143,0.0007826358,0.5146451,0.4845723
144,0.0007834333,0.5145659,0.4846506
145,0.0007134796,0.5573162,0.4419704
146,0.0006796735,0.5767962,0.4225241
147,0.0006628307,0.5853825,0.4139547
148,0.0006542469,0.588886,0.4104598
149,0.000649803,0.5900308,0.4093193
150,0.0006474481,0.5901346,0.409218
151,0.000646146,0.589825,0.4095289
152,0.0006453753,0.5893884,0.4099663
153,0.000644874,0.5889467,0.4104084
154,0.0006445107,0.5885469,0.4108086
155,0.0006442193,0.5882028,0.4111529
156,0.000643966,0.5879158,0.4114402
157,0.0007674717,0.5102121,0.4890205
158,0.0008618384,0.4529794,0.5461587
159,0.0009292632,0.4148309,0.5842398
160,0.0009752012,0.3913346,0.6076903
161,0.001005398,0.3780966,0.620898
162,0.001024707,0.3715591,0.6274162
163,0.001036843,0.3691057,0.6298574
164,0.001044451,0.3689415,0.6300141
165,0.001049305,0.3699113,0.6290394
166,0.001052532,0.3713154,0.627632
167,0.001054822,0.3727529,0.6261922
168,0.001056582,0.3740118,0.6249317
169,0.0009734679,0.4240737,0.5749528
170,0.0009275723,0.450286,0.5487865
171,0.0009042085,0.4613762,0.5377195
172,0.0008911829,0.4663131,0.5327957
173,0.0008836554,0.4685968,0.5305195
174,0.0008793158,0.4696119,0.5295088
175,0.0008768507,0.4700748,0.5290483
176,0.0008755011,0.470335,0.5287895
177,0.000874826,0.4705457,0.5285795
178,0.0008745682,0.4707634,0.5283619
179,0.0008745721,0.471004,0.5281214
180,0.0008747407,0.4712694,0.5278558
181,0.0008495058,0.4864937,0.5126568
182,0.0008350877,0.495039,0.5041259
183,0.0008270712,0.4996828,0.4994902
184,0.0008227375,0.5021558,0.4970213
185,0.0008204883,0.5034615,0.495718
186,0.0008193944,0.5041706,0.49501
187,0.0008189224,0.5046008,0.4945803
188,0.0008187724,0.5049236,0.4942576
189,0.0008187791,0.505229,0.4939521
190,0.000818855,0.5055606,0.4936206
191,0.0008189544,0.5059379,0.4932432
192,0.0008190551,0.5063689,0.4928121
193,0.0008038519,0.5157564,0.4834398
194,0.0007951642,0.5211168,0.478088
195,0.0007902748,0.5241803,0.4750294
196,0.0007875799,0.5259527,0.4732597
197,0.0007861233,0.5270245,0.4721894
198,0.0007853495,0.5277284,0.4714863
199,0.0007849427,0.5282437,0.4709713
200,0.0007847291,0.5286614,0.4705539
201,0.0007846173,0.529022,0.4701933
202,0.0007845624,0.5293388,0.4698767
203,0.0007845444,0.5296121,0.4696034
204,0.0007845556,0.5298378,0.4693777
205,0.0008512291,0.4908803,0.5082684
206,0.0008961976,0.4656861,0.5334177
207,0.0009251073,0.4506869,0.548388
208,0.000942972,0.4424432,0.5566139
209,0.0009536665,0.4383642,0.5606822
210,0.000959943,0.4366603,0.5623798
211,0.000963629,0.4361841,0.5628522
212,0.0009658686,0.4362495,0.5627847
213,0.0009673382,0.4364785,0.5625542
214,0.0009684067,0.4367016,0.56233
215,0.0009692678,0.4368592,0.5621716
216,0.0009700164,0.4369494,0.5620806
217,0.0008918723,0.4819497,0.5171584
218,0.0008505007,0.5048288,0.4943208
219,0.0008288736,0.5159796,0.4831914
220,0.000817567,0.5212066,0.4779758
221,0.0008117431,0.5234464,0.4757419
222,0.0008088225,0.5242285,0.4749627
223,0.0008074143,0.5243458,0.4748468
224,0.000806773,0.5241988,0.4749945
225,0.0008065053,0.5239801,0.4752134
226,0.0008064091,0.5237755,0.4754181
227,0.0008063846,0.5236176,0.475576
228,0.000806385,0.5235143,0.4756792
229,0.0008198186,0.5159936,0.4831866
230,0.0008279664,0.5117719,0.4874001
231,0.0008328645,0.5094802,0.4896869
232,0.0008357364,0.5083713,0.4907929
233,0.0008373962,0.5079473,0.4912154
234,0.0008383552,0.5078993,0.4912623
235,0.0008389219,0.5080448,0.4911163
236,0.0008392759,0.5082788,0.490882
237,0.0008395182,0.5085427,0.4906178
238,0.0008397034,0.508804,0.4903563
239,0.0008398598,0.5090445,0.4901156
240,0.0008400005,0.5092545,0.4899056
241,0.0008125991,0.5257419,0.4734456
242,0.0007975002,0.5347655,0.464437
243,0.0007896522,0.5391374,0.460073
244,0.0007856179,0.541129,0.4580854
245,0.0007835945,0.5418913,0.4573251
246,0.0007826001,0.5420455,0.4571719
247,0.0007821071,0.5419233,0.4572946
248,0.0007818404,0.5416958,0.4575223
249,0.0007816642,0.5414472,0.4577711
250,0.000781518,0.5412115,0.458007
251,0.0007813769,0.5410004,0.4582182
252,0.0007812337,0.5408152,0.4584036
253,0.0007698615,0.5463727,0.4528574
254,0.0007632275,0.549107,0.4501297
255,0.0007590745,0.5506487,0.4485922
256,0.0007565281,0.5514033,0.4478401
257,0.000754958,0.5517081,0.447537
258,0.000753968,0.5517735,0.4474725
259,0.0007533192,0.551722,0.4475246
260,0.0007528702,0.5516215,0.4476256
261,0.0007525383,0.5515076,0.4477398
262,0.000752276,0.551398,0.4478497
263,0.0007520564,0.5513005,0.4479474
264,0.000751864,0.5512173,0.4480309
265,0.0008157635,0.5144917,0.4846925
266,0.000858114,0.4915911,0.5075507
267,0.0008851183,0.4781291,0.5209857
268,0.0009016037,0.4709554,0.528143
269,0.0009113509,0.4676099,0.5314788
270,0.0009170097,0.4664061,0.5326768
271,0.0009203081,0.4662723,0.5328074
272,0.0009223093,0.4665668,0.5325109
273,0.0009236322,0.4669297,0.5321466
274,0.000924614,0.4671839,0.5318914
275,0.0009254243,0.4672603,0.5318142
276,0.0009261361,0.4671578,0.5319161
277,0.0009447123,0.4563393,0.5427159
278,0.0009565561,0.449394,0.5496495
279,0.000963709,0.4453583,0.5536779
280,0.0009678951,0.4431429,0.5558891
281,0.0009702783,0.4420236,0.5570061
282,0.0009716124,0.441537,0.5574914
283,0.0009723649,0.4413992,0.5576283
284,0.0009728149,0.441444,0.5575832
285,0.0009731212,0.4415789,0.557448
286,0.0009733702,0.4417544,0.5572722
287,0.0009736052,0.4419461,0.5570802
288,0.0009738457,0.4421433,0.5568829
289,0.000899617,0.4841149,0.5149855
290,0.0008598766,0.5056534,0.4934869
291,0.0008388259,0.5162773,0.4828839
292,0.0008276436,0.5213273,0.477845
293,0.0008217465,0.5235375,0.4756408
294,0.0008186745,0.5243416,0.4748397
295,0.0008170918,0.524491,0.474692
296,0.0008162764,0.5243708,0.4748129
297,0.0008158438,0.524171,0.4750132
298,0.0008155957,0.5239769,0.4752074
299,0.0008154332,0.5238228,0.4753618
300,0.0008153087,0.5237178,0.4754669
301,0.0007498086,0.5611991,0.4380511
302,0.0007170184,0.5790964,0.4201865
303,0.0007002751,0.587409,0.4118907
304,0.000691598,0.5910391,0.4082693
305,0.0006870587,0.5923688,0.4069442
306,0.0006846352,0.5926041,0.4067112
307,0.000683275,0.5923572,0.4069596
308,0.0006824359,0.5919302,0.4073873
309,0.0006818448,0.5914647,0.4078534
310,0.0006813673,0.5910231,0.4082955
311,0.000680942,0.5906262,0.4086928
312,0.0006805431,0.5902761,0.4090434
313,0.0007729144,0.5352421,0.4639851
314,0.0008380219,0.4977277,0.5014343
315,0.0008808968,0.4746875,0.5244317
316,0.0009076464,0.4617954,0.5372969
317,0.0009235946,0.4554147,0.5436617
318,0.0009327668,0.4528743,0.5461929
319,0.0009379311,0.452389,0.5466731
320,0.0009408511,0.4528503,0.5462089
321,0.000942581,0.4536107,0.5454468
322,0.0009437047,0.4543315,0.5447249
323,0.0009445259,0.4548566,0.5441989
324,0.0009451889,0.4551399,0.543915
325,0.0009375189,0.4597113,0.5393512
326,0.000932967,0.4621345,0.5369325
327,0.000930267,0.463371,0.5356987
328,0.0009286982,0.4639146,0.5351566
329,0.0009277983,0.4640981,0.5349741
330,0.0009272919,0.4641212,0.5349515
331,0.000927023,0.4640936,0.5349794
332,0.000926905,0.4640701,0.5350029
333,0.000926889,0.4640749,0.5349982
334,0.00092695,0.4641098,0.5349633
335,0.0009270714,0.4641718,0.5349011
336,0.0009272396,0.4642563,0.5348164
337,0.0009334639,0.4609914,0.5380751
338,0.0009374319,0.4591368,0.5399258
339,0.0009399483,0.4581645,0.5408955
340,0.0009415549,0.457732,0.5413264
341,0.000942607,0.4576192,0.5414382
342,0.0009433299,0.457691,0.5413657
343,0.000943862,0.4578678,0.5411883
344,0.0009442866,0.4581039,0.5409518
345,0.0009446521,0.4583734,0.5406819
346,0.0009449859,0.458664,0.540391
347,0.0009453036,0.4589681,0.5400866
348,0.0009456147,0.4592803,0.5397741
349,0.0008152933,0.5341245,0.4650602
350,0.0007557583,0.5672451,0.4319991
351,0.000727876,0.5815338,0.4177383
352,0.0007142775,0.5875492,0.4117364
353,0.0007075843,0.5897074,0.4095851
354,0.0007042628,0.5901003,0.4091955
355,0.0007025567,0.589749,0.4095485
356,0.0007015951,0.5891432,0.4101552
357,0.0007009566,0.5885041,0.4107949
358,0.0007004466,0.5879216,0.4113779
359,0.0006999818,0.5874227,0.4118773
360,0.0006995309,0.5870076,0.4122929
361,0.0007783373,0.5401101,0.4591116
362,0.0008320922,0.5087373,0.4904306
363,0.0008661504,0.4901437,0.5089901
364,0.000886573,0.4801221,0.5189913
365,0.0008982288,0.4754049,0.5236969
366,0.0009045977,0.4737172,0.5253782
367,0.000907965,0.4736001,0.5254919
368,0.0009097274,0.474182,0.5249082
369,0.0009106873,0.4749732,0.5241161
370,0.0009112805,0.4757101,0.5233786
371,0.0009117263,0.4762651,0.5228231
372,0.000912122,0.4765908,0.5224971
373,0.0009226588,0.4710403,0.528037
374,0.0009292375,0.4676771,0.5313936
375,0.0009332816,0.4656421,0.5334246
376,0.0009357259,0.4643953,0.5346689
377,0.000937182,0.4636075,0.5354553
378,0.0009380357,0.4630912,0.5359709
379,0.000938529,0.4627446,0.5363168
380,0.0009388131,0.4625128,0.5365484
381,0.0009389835,0.4623643,0.5366967
382,0.0009390982,0.4622816,0.5367793
383,0.000939195,0.4622508,0.53681
384,0.0009392956,0.4622606,0.5368001
385,0.0009411324,0.4612382,0.5378207
386,0.0009423152,0.4606537,0.538404
387,0.0009430599,0.4603929,0.538664
388,0.0009435526,0.4603256,0.5387308
389,0.0009439057,0.4603733,0.5386828
390,0.000944184,0.4604909,0.5385649
391,0.0009444234,0.4606543,0.5384013
392,0.0009446425,0.4608518,0.5382036
393,0.0009448508,0.4610783,0.5379767
394,0.0009450545,0.46133,0.5377249
395,0.0009452562,0.4616047,0.5374501
396,0.0009454573,0.4619009,0.5371537
397,0.0009651309,0.4504503,0.5485846
398,0.0009775334,0.4433689,0.5556536
399,0.0009847928,0.4396794,0.5593358
400,0.0009889113,0.4379865,0.5610246
401,0.000991179,0.4374266,0.5615822
402,0.0009924062,0.4374713,0.5615363
403,0.0009930815,0.4378081,0.5611989
404,0.0009934863,0.4382599,0.5607467
405,0.0009937737,0.4387312,0.560275
406,0.0009940201,0.4391754,0.5598306
407,0.0009942596,0.439572,0.5594338
408,0.0009945034,0.4399144,0.5590911
409,0.000898158,0.493948,0.5051539
410,0.0008489663,0.5204241,0.4787269
411,0.0008240122,0.5328138,0.4663621
412,0.0008111618,0.5383931,0.4607957
413,0.0008045589,0.54062,0.4585755
414,0.0008011844,0.5412478,0.457951
415,0.000799451,0.5411716,0.4580289
416,0.0007985276,0.5408379,0.4583636
417,0.000797986,0.5404577,0.4587443
418,0.0007976124,0.540122,0.4590804
419,0.0007973042,0.5398628,0.45934
420,0.0007970151,0.5396852,0.4595178
421,0.0008020544,0.5366738,0.4625241
422,0.0008048935,0.5350612,0.4641338
423,0.0008064433,0.5342289,0.4649647
424,0.0008071976,0.5338827,0.4653102
425,0.000807486,0.5338175,0.465375
426,0.0008075124,0.5339043,0.4652882
427,0.0008073988,0.5340634,0.4651291
428,0.0008072179,0.534245,0.4649478
429,0.0008070128,0.5344158,0.4647771
430,0.0008068103,0.5345524,0.4646408
431,0.0008066256,0.534638,0.4645554
432,0.0008064677,0.5346617,0.4645319
433,0.0008699024,0.4994177,0.4997123
434,0.0009118721,0.4775252,0.5215629
435,0.0009387587,0.464493,0.5345684
436,0.0009552477,0.4574074,0.5416374
437,0.0009650703,0.4538998,0.5451351
438,0.0009708432,0.4523471,0.546682
439,0.0009742708,0.4517235,0.5473022
440,0.0009763963,0.4514271,0.5475965
441,0.0009778162,0.4511429,0.5478793
442,0.0009788348,0.450756,0.5482652
443,0.000979595,0.4502631,0.5487573
444,0.0009801585,0.4497186,0.5493012
445,0.0009828501,0.4488785,0.5501387
446,0.0009845573,0.4487462,0.5502692
447,0.0009859655,0.4485941,0.5504199
448,0.000987123,0.4484617,0.5505512
449,0.0009880923,0.4483444,0.5506675
450,0.0009889187,0.4482388,0.5507722
451,0.0009896342,0.4481437,0.5508667
452,0.0009902613,0.4480605,0.5509493
453,0.0009908162,0.4479912,0.551018
454,0.0009913133,0.4479353,0.5510733
455,0.0009917631,0.4478928,0.5511155
456,0.0009921736,0.4478632,0.5511446
457,0.0009816604,0.45212,0.5468983
458,0.0009752917,0.4535555,0.5454692
459,0.0009706435,0.4546795,0.5443498
460,0.0009672762,0.4555824,0.5434504
461,0.0009648943,0.4562904,0.5427447
462,0.0009632569,0.456836,0.5422007
463,0.0009621647,0.4572613,0.5417765
464,0.0009614591,0.4576086,0.5414299
465,0.00096102,0.4579148,0.5411242
466,0.0009607597,0.4582082,0.540831
467,0.000960616,0.4585099,0.5405295
468,0.000960546,0.4588359,0.5402036
469,0.0008587092,0.5161304,0.483011
470,0.0008085446,0.5433651,0.4558264
471,0.0007837475,0.5558224,0.4433939
472,0.0007712101,0.5613565,0.4378722
473,0.000764846,0.5635532,0.4356819
474,0.000761601,0.5641793,0.4350591
475,0.0007599026,0.5641202,0.4351199
476,0.0007589443,0.5638106,0.4354304
477,0.0007583214,0.5634523,0.4357894
478,0.0007578393,0.5631293,0.4361129
479,0.000757411,0.5628665,0.436376
480,0.0007570015,0.5626625,0.4365805
481,0.0008335419,0.5179797,0.4811867
482,0.0008855799,0.4881845,0.51093
483,0.0009185441,0.4705324,0.528549
484,0.0009383736,0.4609289,0.5381327
485,0.0009496956,0.4563335,0.5427169
486,0.0009558254,0.4546261,0.544418
487,0.0009589681,0.4544336,0.5446074
488,0.0009604984,0.4549218,0.5441176
489,0.0009612268,0.4556116,0.5434272
490,0.0009615982,0.456254,0.5427843
491,0.0009618441,0.4567317,0.5423065
492,0.0009620705,0.4570056,0.5420324
493,0.0009014263,0.4908813,0.5082173
494,0.0008686212,0.5083168,0.4908147
495,0.0008511516,0.516774,0.4823748
496,0.0008419162,0.5205604,0.4785977
497,0.0008371223,0.5219617,0.4772011
498,0.0008346981,0.5222083,0.4769571
499,0.0008335095,0.5219513,0.4772152
500,0.0008329413,0.5215225,0.4776445
501,0.0008326688,0.5210795,0.4780878
502,0.0008325262,0.520687,0.4784804
503,0.0008324325,0.520366,0.4788016
504,0.0008323501,0.5201169,0.4790507
505,0.0008905029,0.4869483,0.5121611
506,0.0009290319,0.4657405,0.5333306
507,0.0009533857,0.4532152,0.5458314
508,0.0009681286,0.4464006,0.5526313
509,0.0009766907,0.4431159,0.5559074
510,0.0009814694,0.441875,0.5571435
511,0.0009840432,0.441727,0.557289
512,0.0009853977,0.4420954,0.5569192
513,0.000986119,0.4426485,0.5563654
514,0.0009865364,0.4432105,0.555803
515,0.0009868261,0.4436934,0.5553198
516,0.000987075,0.4440609,0.5549521
517,0.0009050494,0.4900284,0.5090666
518,0.0008620837,0.5131155,0.4860224
519,0.0008399011,0.5240838,0.4750763
520,0.0008284088,0.5290055,0.4701661
521,0.0008225238,0.5309008,0.4682767
522,0.0008195613,0.5313416,0.4678388
523,0.0008180884,0.5311427,0.4680392
524,0.0008173476,0.5307136,0.4684691
525,0.0008169482,0.5302474,0.4689356
526,0.0008166955,0.5298262,0.469357
527,0.0008164975,0.5294772,0.4697063
528,0.000816314,0.529203,0.4699807
529,0.0008572235,0.5057721,0.4933707
530,0.0008832354,0.4913785,0.5077383
531,0.0008990239,0.4832117,0.5158893
532,0.0009081916,0.4789699,0.5201219
533,0.00091328,0.4770603,0.5220265
534,0.000915969,0.4764519,0.5226321
535,0.0009173114,0.4765143,0.5225685
536,0.0009179353,0.4768809,0.5222012
537,0.0009181996,0.4773482,0.5217336
538,0.0009183019,0.4778073,0.5212743
539,0.000918346,0.478204,0.5208778
540,0.0009183825,0.4785129,0.5205687
541,0.0009600634,0.4552621,0.5437779
542,0.0009873448,0.4405516,0.5584611
543,0.001004418,0.4319719,0.5670237
544,0.001014751,0.4272702,0.5717151
545,0.001020814,0.4248982,0.5740809
546,0.001024288,0.4238308,0.5751449
547,0.001026258,0.4234316,0.5755422
548,0.001027392,0.4233329,0.5756398
549,0.001028078,0.4233406,0.5756313
550,0.001028536,0.4233647,0.5756067
551,0.001028882,0.4233722,0.575599
552,0.001029176,0.4233585,0.5756123
553,0.0010214,0.4279347,0.5710438
554,0.00101673,0.4306782,0.5683051
555,0.001014138,0.4321579,0.566828
556,0.0010128,0.4329059,0.5660813
557,0.001012196,0.4332504,0.5657374
558,0.001012004,0.4333894,0.5655986
559,0.001012031,0.4334375,0.5655504
560,0.001012165,0.4334579,0.56553
561,0.001012344,0.4334824,0.5655053
562,0.001012536,0.4335259,0.5654615
563,0.001012726,0.433594,0.5653933
564,0.001012905,0.4336871,0.5653
565,0.0009641057,0.4607226,0.5383133
566,0.0009361943,0.4756285,0.5234354
567,0.0009207405,0.4833731,0.5157062
568,0.0009123083,0.4872063,0.5118815
569,0.0009077963,0.4889583,0.510134
570,0.0009054358,0.4896516,0.5094429
571,0.0009042263,0.4898461,0.5092496
572,0.0009036105,0.4898386,0.5092577
573,0.0009032855,0.4897784,0.5093184
574,0.0009030936,0.4897325,0.5093644
575,0.0009029553,0.489727,0.50937
576,0.0009028337,0.4897671,0.50933
577,0.000897018,0.4929642,0.5061387
578,0.0008934712,0.4948109,0.5042956
579,0.0008912888,0.4959028,0.5032058
580,0.0008899407,0.4965445,0.5025655
581,0.0008890853,0.496933,0.5021778
582,0.0008885161,0.4971834,0.501928
583,0.0008881122,0.4973586,0.5017533
584,0.0008878047,0.4974906,0.5016215
585,0.0008875571,0.4975934,0.501519
586,0.0008873497,0.4976723,0.5014403
587,0.0008871727,0.4977277,0.5013852
588,0.0008870211,0.4977586,0.5013544
589,0.0008907772,0.4954987,0.5036106
590,0.0008929581,0.4941593,0.5049477
591,0.0008941311,0.4934376,0.5056683
592,0.0008947307,0.4930491,0.5060562
593,0.0008950135,0.492835,0.50627
594,0.0008951309,0.4927042,0.5064006
595,0.0008951703,0.4926071,0.5064977
596,0.0008951786,0.4925188,0.5065861
597,0.0008951805,0.4924285,0.5066763
598,0.000895186,0.4923342,0.5067706
599,0.0008951991,0.4922369,0.5068679
600,0.0008952204,0.492139,0.5069657
601,0.0008649747,0.5089799,0.4901551
602,0.0008480771,0.5180016,0.4811504
603,0.0008388773,0.5225118,0.4766493
604,0.000833968,0.524585,0.4745811
605,0.0008314161,0.5253797,0.4737889
606,0.0008301271,0.5255401,0.4736298
607,0.0008294904,0.5254153,0.4737552
608,0.0008291731,0.5251875,0.4739833
609,0.0008289995,0.5249462,0.4742248
610,0.0008288805,0.5247313,0.4744398
611,0.0008287745,0.5245574,0.4746138
612,0.0008286635,0.5244267,0.4747447
613,0.0008628353,0.5051049,0.4940323
614,0.0008843071,0.4934373,0.5056784
615,0.0008972269,0.4869071,0.5121956
616,0.000904671,0.4835774,0.5155179
617,0.0009087769,0.4821222,0.5169691
618,0.0009109391,0.4816923,0.5173969
619,0.0009120225,0.4817725,0.5173155
620,0.0009125383,0.4820664,0.5170209
621,0.000912776,0.4824118,0.5166755
622,0.0009128918,0.4827254,0.5163617
623,0.0009129654,0.4829695,0.5161176
624,0.0009130335,0.4831318,0.5159552
625,0.0009098523,0.4851047,0.5139855
626,0.0009080077,0.4862186,0.5128734
627,0.0009070307,0.486738,0.512355
628,0.0009065493,0.4869212,0.5121722
629,0.0009063475,0.4869159,0.5121777
630,0.0009062974,0.4868127,0.512281
631,0.0009063254,0.4866661,0.5124276
632,0.000906392,0.4865077,0.512586
633,0.0009064752,0.4863552,0.5127382
634,0.0009065644,0.4862195,0.5128739
635,0.0009066537,0.486106,0.5129874
636,0.0009067403,0.486017,0.5130762
637,0.0009518092,0.4607482,0.5383
638,0.0009813699,0.4447568,0.5542619
639,0.000999938,0.4354033,0.5635968
640,0.001011172,0.4303395,0.5686494
641,0.001017726,0.4279017,0.5710806
642,0.001021426,0.4269747,0.5720038
643,0.00102346,0.4268529,0.5721237
644,0.001024566,0.4271145,0.571861
645,0.00102518,0.4275225,0.5714524
646,0.001025551,0.4279498,0.5710247
647,0.001025812,0.428336,0.5706382
648,0.001026028,0.4286571,0.5703169
649,0.0009612712,0.464762,0.5342767
650,0.0009254616,0.484017,0.5150576
651,0.0009063458,0.493559,0.5055348
652,0.0008962272,0.4980307,0.5010731
653,0.0008909851,0.499879,0.4992301
654,0.0008883544,0.5004271,0.4986845
655,0.0008870892,0.5003828,0.4987302
656,0.0008865126,0.5001121,0.4990015
657,0.0008862648,0.4997945,0.4993192
658,0.0008861614,0.4995106,0.4996034
659,0.0008861105,0.4992896,0.4998243
660,0.0008860701,0.4991374,0.4999766
661,0.000899263,0.491383,0.5077177
662,0.0009071954,0.4867868,0.512306
663,0.0009116548,0.4843838,0.5147046
664,0.0009140369,0.4832575,0.5158285
665,0.0009152131,0.4828556,0.5162292
666,0.000915718,0.482846,0.5162383
667,0.0009158675,0.483035,0.5160491
668,0.0009158406,0.4833137,0.5157704
669,0.0009157364,0.4836221,0.5154622
670,0.0009156065,0.483927,0.5151575
671,0.0009154768,0.4842101,0.5148745
672,0.00091536,0.4844601,0.5146245
673,0.0008938126,0.4967554,0.5023508
674,0.0008815017,0.5036144,0.495504
675,0.0008747869,0.5070863,0.4920389
676,0.000871203,0.5087158,0.490413
677,0.0008693587,0.5093463,0.4897843
678,0.0008684534,0.5094575,0.489674
679,0.0008680365,0.5093158,0.4898161
680,0.0008678616,0.5090646,0.4900675
681,0.0008677979,0.5087775,0.4903547
682,0.0008677787,0.5084924,0.4906398
683,0.0008677721,0.5082262,0.490906
684,0.0008677648,0.5079854,0.4911468
685,0.0008824036,0.4996645,0.499453
686,0.0008913258,0.4947419,0.5043668
687,0.0008965766,0.4919896,0.5071138
688,0.0008995563,0.4905483,0.508552
689,0.0009011858,0.4898596,0.5092393
690,0.0009020412,0.4895798,0.5095181
691,0.0009024698,0.4895077,0.5095899
692,0.0009026723,0.4895309,0.5095665
693,0.0009027614,0.48959,0.5095072
694,0.0009027977,0.489655,0.5094422
695,0.000902812,0.4897122,0.5093849
696,0.0009028194,0.4897568,0.5093403
697,0.0007870522,0.5540553,0.4451577
698,0.0007335101,0.5823483,0.4169183
699,0.0007075986,0.5947688,0.4045236
700,0.0006946862,0.5999172,0.399388
701,0.0006882024,0.6016192,0.3976926
702,0.0006849184,0.601731,0.397584
703,0.0006831988,0.6011703,0.3981465
704,0.0006822144,0.6003829,0.3989349
705,0.0006815528,0.5995752,0.3997433
706,0.0006810164,0.5988337,0.4004853
707,0.0006805157,0.5981878,0.4011317
708,0.0006800127,0.5976425,0.4016775
709,0.0007358836,0.5644368,0.4348273
710,0.0007717137,0.5436859,0.4555424
711,0.0007932261,0.5319692,0.4672376
712,0.0008053698,0.5260279,0.4731668
713,0.0008117743,0.5235209,0.4756673
714,0.0008148647,0.5229105,0.4762746
715,0.0008161545,0.5232486,0.4759353
716,0.0008165432,0.5239738,0.4752097
717,0.0008165461,0.5247577,0.4744256
718,0.0008164451,0.5254115,0.473772
719,0.000816379,0.5258331,0.4733506
720,0.0008163948,0.5259885,0.4731951
721,0.0008248575,0.5212151,0.47796
722,0.0008299515,0.518302,0.4808681
723,0.0008330132,0.5164196,0.4827474
724,0.0008348039,0.5151585,0.4840067
725,0.0008358368,0.5142484,0.4849157
726,0.0008364324,0.5135426,0.485621
727,0.0008367904,0.5129648,0.4861983
728,0.0008370354,0.5124772,0.4866859
729,0.0008372409,0.5120609,0.4871018
730,0.0008374452,0.5117058,0.4874567
731,0.0008376606,0.5114076,0.4877547
732,0.0008378851,0.5111639,0.4879981
733,0.000836982,0.511533,0.4876299
734,0.0008364643,0.5117027,0.4874609
735,0.0008361696,0.5118046,0.4873592
736,0.000836022,0.5118691,0.4872948
737,0.0008359613,0.511925,0.487239
738,0.0008359466,0.5119911,0.487173
739,0.0008359517,0.5120787,0.4870853
740,0.0008359596,0.5121943,0.4869697
741,0.0008359602,0.5123407,0.4868234
742,0.0008359485,0.5125173,0.4866467
743,0.0008359221,0.5127224,0.4864417
744,0.0008358805,0.5129524,0.4862116
745,0.0008707122,0.4933489,0.5057804
746,0.0008927734,0.4815679,0.5175393
747,0.000906172,0.4750613,0.5240325
748,0.0009139872,0.4718502,0.5272358
749,0.0009183778,0.4705649,0.5285167
750,0.0009207688,0.4703156,0.5287637
751,0.0009220528,0.470554,0.528524
752,0.0009227613,0.4709604,0.5281168
753,0.0009231935,0.4713618,0.527715
754,0.0009235073,0.4716735,0.5274029
755,0.0009237758,0.4718659,0.5272104
756,0.0009240258,0.4719414,0.5271346
757,0.000822468,0.52902,0.4701576
758,0.0007730152,0.5554706,0.4437563
759,0.0007483335,0.5675063,0.4317453
760,0.0007357951,0.5726745,0.4265898
761,0.0007294552,0.5745038,0.4247667
762,0.0007263093,0.5747533,0.4245203
763,0.0007247894,0.5743144,0.4249608
764,0.0007240684,0.5736334,0.4256425
765,0.0007237138,0.5729247,0.4263516
766,0.0007235041,0.5722831,0.4269934
767,0.0007233307,0.5717437,0.427533
768,0.0007231436,0.5713145,0.4279625
769,0.0007536346,0.5532307,0.4460157
770,0.0007721675,0.5426052,0.4566227
771,0.0007828973,0.53686,0.4623571
772,0.0007887742,0.5341004,0.4651108
773,0.0007917724,0.533076,0.4661322
774,0.0007931317,0.5330138,0.4661932
775,0.0007935962,0.533455,0.4657514
776,0.0007935991,0.5341329,0.4650735
777,0.0007933896,0.5348881,0.4643185
778,0.0007931154,0.5356159,0.4635909
779,0.0007928649,0.5362408,0.4629663
780,0.0007926891,0.5367059,0.4625015
781,0.0007477308,0.562549,0.4367033
782,0.0007244255,0.5751936,0.424082
783,0.0007122079,0.5811135,0.4181743
784,0.0007058508,0.5835061,0.415788
785,0.0007025579,0.5841135,0.4151839
786,0.0007008547,0.5838587,0.4154405
787,0.0006999747,0.5832199,0.41608
788,0.0006995247,0.5824395,0.416861
789,0.0006993013,0.581637,0.4176638
790,0.0006991912,0.580875,0.4184259
791,0.0006991298,0.5801825,0.4191183
792,0.0006990783,0.5795715,0.4197294
793,0.0006977895,0.5797328,0.4195694
794,0.0006970176,0.579652,0.419651
795,0.0006965197,0.5794672,0.4198364
796,0.0006961636,0.5792512,0.4200526
797,0.0006958714,0.5790463,0.4202578
798,0.0006955995,0.5788748,0.4204296
799,0.0006953247,0.5787472,0.4205574
800,0.0006950359,0.5786665,0.4206384
801,0.0006947293,0.5786318,0.4206735
802,0.000694405,0.578638,0.4206676
803,0.0006940658,0.5786787,0.4206273
804,0.0006937156,0.5787448,0.4205614
805,0.0007364728,0.5532194,0.4460441
806,0.000763218,0.5378653,0.4613714
807,0.0007790403,0.5294781,0.4697428
808,0.0007879363,0.5253782,0.4738339
809,0.0007927111,0.5237061,0.4755011
810,0.0007951793,0.5232748,0.47593
811,0.000796439,0.5233755,0.4758281
812,0.0007971135,0.523616,0.475587
813,0.0007975292,0.5238041,0.4753985
814,0.0007978409,0.5238641,0.475338
815,0.0007981103,0.5237873,0.4754147
816,0.0007983557,0.5235978,0.4756038
817,0.0007952909,0.5252877,0.4739171
818,0.0007935619,0.5260885,0.4731179
819,0.0007926424,0.5263584,0.472849
820,0.0007921935,0.5263505,0.4728572
821,0.0007920249,0.5262088,0.4729992
822,0.0007920291,0.5260146,0.4731934
823,0.0007921435,0.5258132,0.4733948
824,0.000792327,0.5256296,0.473578
825,0.0007925508,0.5254783,0.4737292
826,0.0007927918,0.525368,0.4738392
827,0.0007930329,0.5253034,0.4739035
828,0.0007932613,0.5252869,0.4739198
829,0.0007404386,0.5564514,0.4428081
830,0.000713397,0.5717933,0.4274934
831,0.0006994522,0.5791165,0.420184
832,0.0006922511,0.5824258,0.4168819
833,0.0006885516,0.5837383,0.4155732
834,0.0006866458,0.5840999,0.4152133
835,0.0006856301,0.5840519,0.4152625
836,0.0006850316,0.5838668,0.4154482
837,0.0006846081,0.5836763,0.4156391
838,0.0006842422,0.5835368,0.415779
839,0.0006838799,0.5834682,0.4158479
840,0.0006834998,0.5834724,0.4158441
841,0.0007103772,0.5673283,0.4319613
842,0.000726424,0.5581291,0.4411446
843,0.0007355487,0.553343,0.4459215
844,0.0007404432,0.5511978,0.4480618
845,0.0007429009,0.5505089,0.4487481
846,0.000744037,0.5505411,0.4487149
847,0.0007445124,0.5508564,0.4483992
848,0.0007446998,0.551204,0.4480513
849,0.000744794,0.5514508,0.4478044
850,0.0007448823,0.55154,0.447715
851,0.0007449896,0.5514659,0.4477891
852,0.0007451125,0.5512502,0.4480047
853,0.0007397873,0.5541156,0.4451446
854,0.0007368093,0.5554435,0.4438197
855,0.0007351742,0.5559022,0.4433627
856,0.0007343164,0.5558785,0.4433872
857,0.0007339059,0.5556094,0.4436567
858,0.0007337589,0.5552307,0.4440355
859,0.0007337721,0.5548197,0.4444465
860,0.0007338809,0.5544216,0.4448445
861,0.0007340396,0.5540639,0.4452021
862,0.0007342149,0.5537621,0.4455038
863,0.0007343828,0.5535239,0.4457417
864,0.0007345274,0.5533524,0.4459131
865,0.0007356002,0.5526702,0.4465941
866,0.0007362303,0.5523109,0.4469528
867,0.0007365792,0.5521665,0.4470968
868,0.0007367505,0.5521662,0.4470971
869,0.0007368068,0.5522662,0.4469971
870,0.0007367867,0.552439,0.4468242
871,0.000736714,0.5526665,0.4465969
872,0.0007366041,0.5529347,0.4463287
873,0.0007364688,0.5532314,0.4460321
874,0.0007363168,0.553545,0.4457187
875,0.0007361567,0.5538629,0.445401
876,0.0007359965,0.5541719,0.4450921
877,0.0007072576,0.5714253,0.4278674
878,0.0006919256,0.5802757,0.4190324
879,0.0006837738,0.5846027,0.4147136
880,0.0006794644,0.5865488,0.4127718
881,0.0006772,0.5872593,0.4120635
882,0.0006760064,0.5873501,0.4119739
883,0.000675362,0.5871471,0.4121776
884,0.0006749929,0.5868181,0.4125069
885,0.0006747588,0.5864468,0.4128785
886,0.0006745904,0.5860714,0.413254
887,0.000674453,0.5857103,0.4136153
888,0.0006743295,0.5853711,0.4139546
889,0.0006860657,0.5778623,0.4214517
890,0.0006927855,0.5735565,0.4257506
891,0.0006964469,0.5712565,0.428047
892,0.0006983512,0.5700853,0.4292163
893,0.0006992759,0.56953,0.4297707
894,0.0006996739,0.569296,0.4300043
895,0.0006997993,0.5692203,0.4300799
896,0.00069979,0.5692161,0.4300842
897,0.0006997182,0.5692381,0.4300622
898,0.0006996203,0.5692651,0.4300353
899,0.0006995141,0.5692865,0.430014
900,0.0006994078,0.5692977,0.430003
901,0.0006943633,0.5724479,0.4268578
902,0.0006915126,0.5741978,0.4251106
903,0.0006900259,0.5749842,0.4243258
904,0.000689235,0.5752991,0.4240116
905,0.0006888116,0.5753663,0.4239449
906,0.0006885775,0.5753065,0.424005
907,0.0006884378,0.5751839,0.4241277
908,0.0006883438,0.5750319,0.4242798
909,0.0006882724,0.5748674,0.4244444
910,0.0006882125,0.574699,0.4246127
911,0.0006881591,0.5745322,0.4247797
912,0.0006881099,0.57437,0.4249419
913,0.0007276898,0.5500488,0.4492235
914,0.0007524087,0.535309,0.4639386
915,0.0007670424,0.5271969,0.472036
916,0.0007753593,0.5231122,0.4761125
917,0.0007799179,0.5213351,0.477885
918,0.0007823487,0.5207923,0.4784253
919,0.0007836321,0.5208532,0.4783631
920,0.0007843296,0.5211679,0.4780478
921,0.0007847467,0.5215544,0.477661
922,0.0007850427,0.5219237,0.4772913
923,0.0007852946,0.5222396,0.4769752
924,0.000785536,0.5224923,0.4767221
925,0.0007905046,0.5199693,0.4792402
926,0.0007935573,0.5186093,0.4805971
927,0.0007954764,0.5178845,0.48132
928,0.000796692,0.5175454,0.4816579
929,0.0007974944,0.5174172,0.4817852
930,0.0007980608,0.5173981,0.4818038
931,0.0007984961,0.5174327,0.4817688
932,0.0007988599,0.5174929,0.4817082
933,0.0007991856,0.517566,0.4816348
934,0.0007994905,0.5176479,0.4815527
935,0.000799783,0.5177385,0.4814618
936,0.0008000667,0.5178394,0.4813605
937,0.000784102,0.5275367,0.4716791
938,0.0007752189,0.5328284,0.4663964
939,0.0007704177,0.53559,0.4636396
940,0.0007679164,0.53697,0.4622621
941,0.0007666833,0.5376236,0.4616097
942,0.0007661281,0.5379189,0.4613149
943,0.0007659192,0.5380566,0.4611774
944,0.0007658748,0.5381418,0.4610923
945,0.000765898,0.5382267,0.4610074
946,0.0007659408,0.5383334,0.4609007
947,0.00076598,0.5384687,0.4607652
948,0.0007660066,0.5386322,0.4606019
949,0.0007586253,0.5431709,0.4560704
950,0.0007544174,0.5457323,0.4535134
951,0.0007520558,0.5471495,0.4520985
952,0.0007507494,0.5479262,0.4513231
953,0.0007500311,0.548355,0.450895
954,0.000749633,0.5485998,0.4506505
955,0.0007494053,0.5487489,0.4505016
956,0.0007492674,0.5488464,0.4504043
957,0.0007491782,0.548912,0.4503388
958,0.0007491152,0.5489557,0.4502952
959,0.0007490685,0.5489808,0.45027
960,0.0007490329,0.5489888,0.4502622
961,0.0007347543,0.5573208,0.4419444
962,0.0007268183,0.5617036,0.4375696
963,0.000722444,0.5638912,0.4353864
964,0.0007200784,0.5648661,0.4344138
965,0.0007188186,0.5652015,0.4340797
966,0.0007181545,0.5652175,0.4340643
967,0.0007178034,0.5650886,0.4341935
968,0.0007176112,0.564907,0.4343753
969,0.0007174959,0.5647196,0.4345629
970,0.0007174151,0.5645477,0.4347349
971,0.0007173472,0.5644004,0.4348822
972,0.0007172812,0.5642807,0.435002
973,0.0006683458,0.5933718,0.4059599
974,0.0006439063,0.607236,0.39212
975,0.0006314903,0.6135791,0.3857894
976,0.0006251262,0.6162309,0.383144
977,0.0006218509,0.6170677,0.3823105
978,0.0006201334,0.6170489,0.3823309
979,0.0006191783,0.616664,0.3827168
980,0.0006185779,0.6161557,0.3832257
981,0.0006181283,0.6156385,0.3837433
982,0.0006177317,0.6151621,0.3842202
983,0.0006173435,0.6147436,0.384639
984,0.0006169465,0.6143852,0.3849978
985,0.000669494,0.5816139,0.4177166
986,0.0007029994,0.5612772,0.4380198
987,0.0007229475,0.549961,0.4493161
988,0.0007341466,0.5443222,0.4549437
989,0.0007400899,0.5419747,0.4572851
990,0.0007430763,0.5413711,0.4578858
991,0.0007445138,0.5415742,0.4576813
992,0.0007452123,0.5420485,0.4572062
993,0.0007456051,0.54251,0.4567443
994,0.0007459,0.5428272,0.4564269
995,0.0007461758,0.5429622,0.4562916
996,0.0007464454,0.5429297,0.4563239
997,0.0006635844,0.5927345,0.4066018
998,0.0006252156,0.6146265,0.3847483
999,0.0006064728,0.6241867,0.3752068
1000,0.0005971038,0.6279986,0.3714043
1001,0.000592436,0.629054,0.3703536
1002,0.000590178,0.628809,0.3706008
1003,0.0005891423,0.6280017,0.3714091
1004,0.0005886864,0.6270142,0.3723972
1005,0.0005884647,0.6260361,0.3733754
1006,0.0005883033,0.6251504,0.3742613
1007,0.0005881227,0.624385,0.3750268
1008,0.0005878926,0.6237438,0.3756682
1009,0.0006179634,0.6041557,0.3952264
1010,0.0006358739,0.5926867,0.4066775
1011,0.0006459189,0.5865855,0.4127686
1012,0.0006512102,0.5836871,0.4156616
1013,0.0006537578,0.5826193,0.416727
1014,0.0006547797,0.5825633,0.4167819
1015,0.0006549825,0.5830521,0.4162929
1016,0.0006547659,0.5838316,0.4155135
1017,0.0006542883,0.5850768,0.414269
1018,0.0006537951,0.586749,0.4125972
1019,0.0006541049,0.5865335,0.4128124
1020,0.0006538559,0.5868706,0.4124756
1021,0.0006688611,0.5777758,0.4215553
1022,0.0006776247,0.572894,0.4264285
1023,0.0006828376,0.5700648,0.4292523
1024,0.0006859462,0.5681486,0.4311655
1025,0.0006876649,0.5669656,0.4323467
1026,0.0006885929,0.5661477,0.4331636
1027,0.0006890499,0.5655369,0.4337741
1028,0.0006892244,0.5650521,0.4342587
1029,0.0006892337,0.5646511,0.4346597
1030,0.0006891523,0.564316,0.4349948
1031,0.0006890359,0.5640355,0.4352756
1032,0.0006889314,0.5637974,0.4355137
1033,0.0007064111,0.5527217,0.4465719
1034,0.000716931,0.5462841,0.4529989
1035,0.0007231658,0.5427522,0.4565246
1036,0.0007268671,0.5409281,0.4583451
1037,0.0007291107,0.5400808,0.4591901
1038,0.0007305252,0.5397859,0.4594836
1039,0.0007314646,0.5398054,0.4594632
1040,0.0007321233,0.5400098,0.459258
1041,0.000732607,0.5403303,0.4589371
1042,0.0007329735,0.540729,0.4585381
1043,0.0007332559,0.5411842,0.4580825
1044,0.0007334743,0.5416811,0.4575854
1045,0.000672513,0.5795675,0.41976
1046,0.0006426112,0.5975086,0.4018487
1047,0.0006275226,0.6059569,0.3934155
1048,0.0006198296,0.6097576,0.3896225
1049,0.0006159015,0.6112652,0.3881189
1050,0.0006138802,0.6116735,0.3877127
1051,0.0006128061,0.6115882,0.3877989
1052,0.0006121877,0.6113101,0.3880777
1053,0.0006117781,0.610981,0.3884073
1054,0.0006114569,0.610664,0.3887247
1055,0.0006111676,0.6103826,0.3890063
1056,0.0006108862,0.6101425,0.3892465
1057,0.000659524,0.5795106,0.4198299
