EwEVersion,"6.5.13829.0 (compiled 2016-05-17)"
Date,"2016-09-06 16:58:36"
ModelName,Baltic_Proper-SEALS
EcosimScenario,Proper1_SealVuln100_19742100_seal1_cofF03
TimeSeries,new_data_weights_19742100_BAU_WAR1_codF03_seal100
StartYear,1974

Data,"Prey of Temora sp"

TimeStep,"Cyanobacteria","Phytoplankton","microzooplankton","Detritus-water column",
1,0.04225926,0.6065168,0.1818384,0.1693856
2,0.03843141,0.6257737,0.1810654,0.1547296
3,0.0365148,0.6314564,0.1842176,0.1478112
4,0.03551377,0.6320713,0.1878981,0.1445169
5,0.03498649,0.6309366,0.1910353,0.1430416
6,0.03471035,0.6293929,0.1934095,0.1424873
7,0.0345667,0.6279414,0.1951074,0.1423845
8,0.03449095,0.6267245,0.1962997,0.1424849
9,0.03444799,0.6257406,0.1971526,0.1426588
10,0.03441905,0.6249409,0.1977991,0.142841
11,0.03439435,0.6242702,0.198335,0.1430005
12,0.03436901,0.6236819,0.198825,0.143124
13,0.03504702,0.6175472,0.2012598,0.146146
14,0.03547346,0.6146087,0.2018546,0.1480632
15,0.03571072,0.6132495,0.2019098,0.14913
16,0.03582744,0.6126234,0.2018864,0.1496628
17,0.03586937,0.6122902,0.2019732,0.1498673
18,0.03586669,0.6120398,0.2022164,0.1498771
19,0.03583881,0.6117857,0.2025973,0.1497781
20,0.03579811,0.6115039,0.2030724,0.1496255
21,0.03575267,0.611199,0.2035918,0.1494565
22,0.035708,0.6108875,0.2041071,0.1492974
23,0.03566799,0.6105883,0.2045756,0.1491682
24,0.03563545,0.6103187,0.204962,0.1490838
25,0.03168522,0.6408312,0.1948487,0.132635
26,0.02964744,0.6499566,0.1960325,0.1243634
27,0.0286395,0.6517194,0.1990226,0.1206185
28,0.02812166,0.6510121,0.2018997,0.1189665
29,0.02786311,0.6496834,0.2040507,0.1184028
30,0.02774152,0.6484029,0.20546,0.1183956
31,0.02769012,0.6473576,0.2062961,0.1186562
32,0.02767263,0.64655,0.2067476,0.1190296
33,0.02766973,0.6459256,0.2069693,0.1194354
34,0.02767111,0.6454218,0.2070757,0.1198313
35,0.02767179,0.6449878,0.2071419,0.1201985
36,0.02766954,0.6445873,0.2072133,0.1205297
37,0.02845109,0.6369652,0.2103782,0.1242056
38,0.02894338,0.6335509,0.2109403,0.1265653
39,0.02922915,0.6321344,0.2106663,0.1279702
40,0.02938368,0.6316024,0.2102372,0.1287767
41,0.02945791,0.6313975,0.2099236,0.1292209
42,0.02948493,0.6312666,0.2097943,0.1294542
43,0.02948535,0.631112,0.209833,0.1295696
44,0.02947164,0.6309086,0.2099968,0.129623
45,0.02945112,0.6306612,0.2102404,0.1296472
46,0.0294286,0.6303865,0.2105206,0.1296643
47,0.02940696,0.6301019,0.2108028,0.1296883
48,0.02938797,0.6298229,0.2110611,0.1297279
49,0.03022137,0.6217711,0.2145301,0.1334775
50,0.03075722,0.6181589,0.2152077,0.1358762
51,0.0310782,0.6167275,0.2149029,0.1372914
52,0.0312649,0.6163185,0.2143048,0.1381118
53,0.03137182,0.6163386,0.2136969,0.1385926
54,0.03143433,0.6165078,0.2131615,0.1388964
55,0.031474,0.616708,0.2126987,0.1391193
56,0.0315032,0.6168981,0.212284,0.1393146
57,0.03152857,0.6170697,0.2118928,0.139509
58,0.03155274,0.6172239,0.2115135,0.1397099
59,0.0315766,0.6173632,0.2111429,0.1399174
60,0.03160006,0.6174893,0.2107833,0.1401275
61,0.03194922,0.6139862,0.2123996,0.141665
62,0.03216113,0.6123073,0.2129683,0.1425634
63,0.03230232,0.6115549,0.2129701,0.1431727
64,0.03239314,0.6112732,0.2127598,0.1435738
65,0.03245208,0.6112143,0.2124862,0.1438474
66,0.03249157,0.6112514,0.2122105,0.1440465
67,0.03251944,0.6113232,0.2119536,0.1442037
68,0.03254034,0.6114014,0.2117212,0.1443369
69,0.03255688,0.6114739,0.2115141,0.1444552
70,0.03257072,0.6115366,0.2113287,0.144564
71,0.03258265,0.6115885,0.2111632,0.1446657
72,0.03259307,0.6116302,0.2110162,0.1447605
73,0.03030401,0.6312862,0.203739,0.1346709
74,0.02904118,0.6380054,0.203701,0.1292524
75,0.02836677,0.6397136,0.2053659,0.1265537
76,0.02800392,0.6395267,0.2072059,0.1252636
77,0.02781017,0.6387452,0.2087269,0.1247177
78,0.02770728,0.6378844,0.209853,0.1245553
79,0.02765162,0.6371161,0.2106545,0.1245777
80,0.02761905,0.6364709,0.2112332,0.1246769
81,0.02759641,0.6359282,0.2116798,0.1247956
82,0.02757679,0.6354556,0.2120627,0.1249049
83,0.02755669,0.6350244,0.2124275,0.1249915
84,0.02753452,0.6346132,0.2128022,0.1250501
85,0.02758659,0.6344589,0.2124016,0.1255529
86,0.02762656,0.6344943,0.2118825,0.1259966
87,0.02762882,0.6345138,0.2116553,0.126202
88,0.02761395,0.6344552,0.2116396,0.1262912
89,0.02758897,0.6343102,0.2117955,0.1263052
90,0.02755712,0.6340895,0.2120894,0.1262641
91,0.02752015,0.6338086,0.212492,0.1261793
92,0.02747921,0.633483,0.2129785,0.1260593
93,0.0274353,0.6331269,0.2135258,0.1259119
94,0.02738957,0.6327533,0.2141115,0.1257457
95,0.02734348,0.6323742,0.2147112,0.1255712
96,0.0272988,0.632002,0.2152984,0.1254009
97,0.02674976,0.6367371,0.2135377,0.1229753
98,0.0264229,0.6384377,0.2135247,0.1216147
99,0.02622928,0.6388439,0.21404,0.1208868
100,0.02611996,0.6387478,0.2145708,0.1205615
101,0.0260634,0.6385122,0.214935,0.1204894
102,0.0260402,0.6382878,0.2150927,0.1205793
103,0.02603832,0.6381235,0.2150642,0.120774
104,0.02605009,0.6380225,0.2148913,0.1210361
105,0.02607037,0.63797,0.2146201,0.1213395
106,0.02609539,0.6379458,0.2142948,0.121664
107,0.02612229,0.6379318,0.2139529,0.121993
108,0.02614889,0.6379135,0.2136239,0.1223138
109,0.02715873,0.628536,0.2170939,0.1272114
110,0.02782937,0.6245598,0.2171495,0.1304615
111,0.02823782,0.6231818,0.2161831,0.1323973
112,0.02847921,0.6229627,0.2150434,0.1335147
113,0.02861698,0.6231715,0.2140788,0.1341327
114,0.02869282,0.6234723,0.2133772,0.1344576
115,0.02873287,0.623732,0.2129184,0.1346167
116,0.02875281,0.6239138,0.2126483,0.1346851
117,0.02876174,0.6240219,0.2125106,0.1347058
118,0.02876473,0.6240726,0.2124608,0.1347019
119,0.02876464,0.6240831,0.212466,0.1346863
120,0.02876306,0.6240683,0.2125027,0.134666
121,0.02840233,0.6271316,0.2115199,0.1329462
122,0.02817756,0.628211,0.2117312,0.1318802
123,0.02805204,0.6284446,0.2121859,0.1313175
124,0.02798159,0.628346,0.2126468,0.1310256
125,0.02794281,0.6281471,0.2130232,0.130887
126,0.02792186,0.6279441,0.213301,0.130833
127,0.02791063,0.6277705,0.2134951,0.1308238
128,0.02790448,0.6276315,0.2136271,0.1308369
129,0.02790091,0.6275221,0.2137164,0.1308605
130,0.02789855,0.6274356,0.2137778,0.1308881
131,0.02789669,0.6273651,0.2138215,0.1309167
132,0.02789495,0.627306,0.2138545,0.1309445
133,0.03065085,0.5983096,0.2276385,0.143401
134,0.03256273,0.5828114,0.2330687,0.1515572
135,0.03383421,0.5752503,0.2342731,0.1566423
136,0.03461134,0.5720226,0.2339525,0.1594136
137,0.03505506,0.5709565,0.2332959,0.1606926
138,0.03529407,0.5708637,0.2327275,0.1611147
139,0.03541952,0.5711622,0.2323028,0.1611155
140,0.03549045,0.5716033,0.231938,0.1609682
141,0.03554243,0.5721021,0.2315259,0.1608296
142,0.03559602,0.5726427,0.2309755,0.1607858
143,0.03566169,0.5732319,0.2302314,0.160875
144,0.03574386,0.5738794,0.2292692,0.1611076
145,0.03195019,0.6100616,0.2137857,0.1442025
146,0.03004842,0.6233384,0.2105123,0.1361007
147,0.0290988,0.628192,0.2103015,0.1324077
148,0.02862046,0.6297182,0.2108355,0.1308258
149,0.02838237,0.6299728,0.2113832,0.1302617
150,0.02826682,0.6298009,0.2117612,0.130171
151,0.02821267,0.6295306,0.2119743,0.1302824
152,0.02818824,0.6292707,0.2120768,0.1304642
153,0.02817729,0.6290432,0.2121239,0.1306556
154,0.02817148,0.6288409,0.2121577,0.1308298
155,0.02816665,0.6286499,0.2122072,0.1309763
156,0.0281607,0.6284575,0.2122902,0.1310916
157,0.03472828,0.5643542,0.2396912,0.1612262
158,0.04058484,0.5214308,0.2505951,0.1873892
159,0.04530258,0.4943512,0.2528247,0.2075215
160,0.04879257,0.4786167,0.2510623,0.2215284
161,0.05116981,0.470391,0.2481976,0.2302417
162,0.05265838,0.4667407,0.2456858,0.2349152
163,0.05350786,0.4656243,0.2440389,0.2368289
164,0.05394025,0.4657604,0.2432369,0.2370625
165,0.05412737,0.466437,0.2430176,0.2364181
166,0.05419027,0.4673143,0.2430564,0.2354391
167,0.05420845,0.4682623,0.2430614,0.2344678
168,0.05423032,0.4692502,0.2428192,0.2337003
169,0.04855016,0.517,0.2255255,0.2089243
170,0.04541732,0.5389423,0.2198618,0.1957784
171,0.04405222,0.549458,0.2156175,0.1908722
172,0.04341233,0.5552698,0.2122164,0.1891014
173,0.04309561,0.5586369,0.2097554,0.1885121
174,0.04294925,0.5606992,0.2079122,0.1884393
175,0.04288836,0.5620319,0.2065427,0.1885371
176,0.04286762,0.5629374,0.2055508,0.1886441
177,0.04286429,0.5635803,0.2048554,0.1887
178,0.04286774,0.5640528,0.2043864,0.1886931
179,0.04287312,0.5644095,0.2040873,0.1886301
180,0.04287818,0.5646853,0.2039153,0.1885211
181,0.04130099,0.5781647,0.1989375,0.1815969
182,0.04033046,0.5844141,0.1978659,0.1773894
183,0.03975451,0.5871081,0.19821,0.1749275
184,0.03941651,0.5880791,0.1990123,0.1734921
185,0.03921933,0.5882667,0.1998706,0.1726435
186,0.03910331,0.5881366,0.2006438,0.1721164
187,0.03903221,0.5879068,0.2013078,0.1717532
188,0.03898434,0.5876691,0.2018845,0.171462
189,0.03894685,0.5874543,0.2024089,0.1711899
190,0.03891243,0.5872657,0.2029139,0.1709079
191,0.0388769,0.5870962,0.2034263,0.1706006
192,0.038838,0.5869362,0.2039658,0.1702601
193,0.03790483,0.5944884,0.2015148,0.166092
194,0.03731602,0.597797,0.2014186,0.1634685
195,0.03694726,0.5990525,0.2021876,0.1618126
196,0.03671444,0.5993344,0.2032092,0.1607421
197,0.03656368,0.5991978,0.2042227,0.1600159
198,0.03646186,0.5989167,0.2051318,0.1594896
199,0.03638925,0.5986179,0.2059121,0.1590806
200,0.03633462,0.5983545,0.2065666,0.1587442
201,0.03629192,0.5981443,0.2071051,0.1584587
202,0.03625831,0.5979899,0.2075354,0.1582164
203,0.03623264,0.5978889,0.2078623,0.1580161
204,0.03621457,0.5978369,0.2080894,0.1578592
205,0.04006597,0.5647875,0.2208415,0.1743051
206,0.04298521,0.5459951,0.2246091,0.1864105
207,0.04501963,0.5361236,0.2244169,0.1944399
208,0.04635155,0.5316222,0.2226805,0.1993458
209,0.04717795,0.5301002,0.2206309,0.202091
210,0.04767157,0.5300758,0.2187681,0.2034846
211,0.0479641,0.5307089,0.2172056,0.2041213
212,0.04814629,0.5315692,0.2158874,0.204397
213,0.04827527,0.532463,0.2147123,0.2045495
214,0.04838158,0.5333192,0.2136071,0.2046921
215,0.04847981,0.5341199,0.2125325,0.2048678
216,0.04857496,0.5348656,0.2114813,0.2050782
217,0.04356259,0.5754305,0.1969627,0.1840442
218,0.04081399,0.5921867,0.1941646,0.1728346
219,0.03934526,0.5987105,0.1948309,0.1671133
220,0.03855472,0.60082,0.1963971,0.1642282
221,0.03813425,0.601103,0.1979248,0.1628379
222,0.03791652,0.6007254,0.1991314,0.1622267
223,0.03780838,0.6001912,0.1999937,0.1620066
224,0.03775772,0.5996953,0.2005784,0.1619685
225,0.03773562,0.599293,0.2009693,0.1620021
226,0.03772626,0.5989819,0.2012408,0.162051
227,0.03772131,0.5987409,0.2014494,0.1620885
228,0.03771649,0.598546,0.2016347,0.1621028
229,0.03845241,0.591603,0.2048213,0.1651233
230,0.03891934,0.5880436,0.2061103,0.1669268
231,0.03920747,0.5862758,0.2065587,0.167958
232,0.03937257,0.5854444,0.2067177,0.1684653
233,0.03945802,0.5850636,0.2068371,0.1686413
234,0.03949425,0.5848758,0.2070107,0.1686192
235,0.0395015,0.5847553,0.2072571,0.1684861
236,0.03949276,0.5846486,0.2075611,0.1682975
237,0.0394763,0.5845396,0.2078959,0.1680882
238,0.03945729,0.5844294,0.2082326,0.1678807
239,0.03943906,0.5843266,0.2085448,0.1676895
240,0.03942364,0.5842413,0.208811,0.1675241
241,0.03773551,0.596797,0.2052789,0.1601886
242,0.03670697,0.6016741,0.2058674,0.1557515
243,0.03614175,0.6031883,0.2072479,0.153422
244,0.03583362,0.6033375,0.2085942,0.1522346
245,0.03567247,0.6030235,0.2096149,0.1516892
246,0.03559405,0.6026337,0.2102751,0.1514972
247,0.03556061,0.6023112,0.2106372,0.151491
248,0.03555027,0.6020886,0.2107871,0.151574
249,0.03555063,0.601954,0.2108032,0.1516921
250,0.03555527,0.601883,0.2107432,0.1518185
251,0.03556089,0.6018521,0.2106471,0.15194
252,0.03556598,0.6018425,0.2105404,0.1520511
253,0.03504671,0.6080003,0.2067482,0.1502048
254,0.03475018,0.6111393,0.2047868,0.1493236
255,0.0345533,0.612717,0.2039497,0.14878
256,0.03443123,0.6134471,0.2036178,0.148504
257,0.03435694,0.6137356,0.2035162,0.1483913
258,0.0343115,0.6138014,0.2035189,0.1483682
259,0.03428273,0.6137574,0.2035712,0.1483887
260,0.03426309,0.6136599,0.2036514,0.1484256
261,0.03424811,0.6135356,0.2037522,0.1484641
262,0.03423524,0.6133968,0.2038715,0.1484964
263,0.03422305,0.613249,0.2040086,0.1485193
264,0.03421085,0.6130948,0.2041622,0.148532
265,0.03769515,0.5811387,0.2179831,0.1631831
266,0.04021313,0.5631279,0.2233623,0.1732966
267,0.04192865,0.5536495,0.2246081,0.1798138
268,0.04300783,0.549151,0.2242841,0.183557
269,0.04363775,0.547319,0.2236259,0.1854173
270,0.04397867,0.5467799,0.22311,0.1861314
271,0.04415103,0.5467986,0.2228135,0.1862368
272,0.0442379,0.547031,0.2226363,0.1860947
273,0.04429255,0.5473477,0.2224294,0.1859304
274,0.04434565,0.5477201,0.2220677,0.1858666
275,0.04441259,0.548156,0.2214742,0.1859571
276,0.04449794,0.548667,0.2206282,0.1862069
277,0.04578295,0.5405954,0.2219913,0.1916304
278,0.0467487,0.5368667,0.2206657,0.1957188
279,0.04740926,0.5355587,0.2185771,0.198455
280,0.04785121,0.5355359,0.2163777,0.2002352
281,0.04814288,0.5361192,0.2143733,0.2013647
282,0.0483349,0.5369268,0.2126722,0.2020662
283,0.04846254,0.5377603,0.2112845,0.2024927
284,0.04854928,0.5385281,0.2101777,0.2027448
285,0.04861004,0.5391971,0.2093073,0.2028855
286,0.04865423,0.5397636,0.2086282,0.202954
287,0.04868753,0.5402371,0.2081015,0.2029739
288,0.04871338,0.5406314,0.2076955,0.2029596
289,0.04394898,0.5781223,0.1946238,0.1833048
290,0.04129865,0.5936531,0.19236,0.1726883
291,0.03985536,0.5996227,0.193357,0.167165
292,0.03906079,0.6014345,0.1951915,0.1643132
293,0.03862453,0.6015245,0.1969619,0.1628891
294,0.0383874,0.6009965,0.1983932,0.1622229
295,0.03825976,0.6003292,0.1994648,0.1619462
296,0.0381907,0.5997068,0.2002458,0.1618567
297,0.0381515,0.5991806,0.2008234,0.1618445
298,0.03812639,0.5987466,0.2012736,0.1618533
299,0.03810686,0.5983832,0.2016548,0.1618552
300,0.0380885,0.5980663,0.2020075,0.1618377
301,0.03434164,0.628301,0.1911789,0.1461784
302,0.03235529,0.6387723,0.1907244,0.1381481
303,0.03129273,0.6416461,0.1929563,0.1341048
304,0.0307115,0.6415694,0.1956256,0.1320935
305,0.03039031,0.6404918,0.1979693,0.1311486
306,0.03021064,0.639213,0.1998164,0.1307599
307,0.03010715,0.6380253,0.2012164,0.1306511
308,0.03004368,0.6370038,0.2022793,0.1306732
309,0.03000048,0.6361387,0.2031131,0.1307478
310,0.02996677,0.6353943,0.2038048,0.1308341
311,0.02993708,0.6347347,0.2044149,0.1309134
312,0.02990883,0.6341313,0.2049811,0.1309788
313,0.03480098,0.5891019,0.2238842,0.152213
314,0.03873481,0.5623646,0.2300324,0.1688681
315,0.041584,0.5477586,0.2302817,0.1803757
316,0.0434786,0.5407402,0.2282554,0.1875257
317,0.04463513,0.5380005,0.2259336,0.1914308
318,0.04527982,0.5373899,0.2241489,0.1931814
319,0.0456031,0.5376698,0.2230676,0.1936595
320,0.04574573,0.5382257,0.2225307,0.1934978
321,0.04580339,0.5388182,0.2222621,0.1931163
322,0.04583464,0.5393997,0.2220032,0.1927625
323,0.04587236,0.5399976,0.2215627,0.1925673
324,0.04593157,0.5406519,0.2208365,0.1925801
325,0.04552314,0.5456542,0.2180082,0.1908145
326,0.04531731,0.5487145,0.2159456,0.1900226
327,0.04523282,0.5507509,0.2142347,0.1897817
328,0.04522432,0.5522245,0.212677,0.1898742
329,0.04525696,0.5533779,0.2112344,0.1901307
330,0.04530786,0.5543304,0.2099214,0.1904404
331,0.04536336,0.5551372,0.2087605,0.1907389
332,0.04541603,0.5558245,0.2077663,0.1909931
333,0.04546233,0.5564065,0.2069417,0.1911895
334,0.04550172,0.5568938,0.2062745,0.19133
335,0.04553457,0.5572973,0.2057473,0.1914208
336,0.04556159,0.5576283,0.2053408,0.1914693
337,0.04596169,0.5548449,0.2061616,0.1930319
338,0.04622914,0.5534753,0.2062973,0.1939982
339,0.04640086,0.5528708,0.2061818,0.1945464
340,0.04650707,0.5526686,0.2060104,0.194814
341,0.04656973,0.5526593,0.2058719,0.194899
342,0.04660394,0.5527283,0.2058013,0.1948666
343,0.04661959,0.5528155,0.2058066,0.1947583
344,0.04662304,0.5528927,0.2058841,0.1946001
345,0.04661836,0.5529485,0.206025,0.1944082
346,0.04660789,0.5529794,0.2062214,0.1941913
347,0.04659326,0.5529863,0.2064647,0.1939558
348,0.04657565,0.5529714,0.2067464,0.1937066
349,0.03834045,0.6139966,0.1883173,0.1593456
350,0.03444865,0.6320336,0.1900482,0.1434695
351,0.03257497,0.6361826,0.1950293,0.136213
352,0.03161592,0.6357162,0.1998838,0.132784
353,0.03111774,0.6339377,0.203706,0.1312386
354,0.03085928,0.6320583,0.2064444,0.130638
355,0.03072491,0.6304585,0.2083191,0.1304975
356,0.03065273,0.6291927,0.2095922,0.1305625
357,0.03060982,0.6282021,0.2104861,0.130702
358,0.03057901,0.6274051,0.2111649,0.130851
359,0.03055175,0.6267298,0.2117385,0.13098
360,0.03052408,0.626123,0.2122751,0.1310778
361,0.03472021,0.588948,0.2271142,0.1492177
362,0.03801474,0.5681387,0.2305993,0.1632472
363,0.04030514,0.5575331,0.2295922,0.1725695
364,0.04177118,0.5529606,0.2271083,0.1781599
365,0.04263161,0.5515548,0.2247161,0.1810975
366,0.04308785,0.5515675,0.2230142,0.1823304
367,0.04329746,0.5520587,0.2220664,0.1825774
368,0.04337094,0.5526025,0.2216963,0.1823302
369,0.04338037,0.5530613,0.2216556,0.1819027
370,0.04337098,0.553439,0.2217008,0.1814892
371,0.04336926,0.5537918,0.2216382,0.1812008
372,0.0433889,0.5541808,0.2213392,0.1810911
373,0.0440392,0.5495871,0.2227409,0.1836328
374,0.0445077,0.5475636,0.2224849,0.1854438
375,0.04484801,0.5469694,0.2214195,0.1867632
376,0.04510246,0.5471666,0.2199619,0.1877691
377,0.04529977,0.5477757,0.2183501,0.1885745
378,0.04545771,0.5485735,0.216727,0.1892417
379,0.04558671,0.5494297,0.2151822,0.1898015
380,0.04569304,0.5502687,0.2137695,0.1902688
381,0.04578081,0.5510488,0.2125181,0.1906523
382,0.04585277,0.5517487,0.2114404,0.1909581
383,0.04591138,0.5523602,0.210535,0.1911934
384,0.04595886,0.5528839,0.2097902,0.1913671
385,0.04612168,0.552535,0.2093088,0.1920346
386,0.04623877,0.5525413,0.2087309,0.192489
387,0.04631573,0.5527109,0.2082231,0.1927502
388,0.04636546,0.5529346,0.2078196,0.1928803
389,0.04639666,0.553157,0.2075257,0.1929207
390,0.04641493,0.553353,0.2073345,0.1928975
391,0.0464237,0.5535137,0.2072361,0.1928265
392,0.04642493,0.5536371,0.2072218,0.1927161
393,0.04641968,0.5537247,0.207285,0.1925706
394,0.04640888,0.5537786,0.2074183,0.1923942
395,0.04639311,0.5538018,0.2076156,0.1921896
396,0.04637284,0.5537972,0.2078711,0.1919588
397,0.04774123,0.5446712,0.209873,0.1977146
398,0.04871858,0.5401425,0.2093699,0.2017691
399,0.04931665,0.5382264,0.208373,0.204084
400,0.04966267,0.5376673,0.2073921,0.2052779
401,0.04984684,0.5377382,0.2066429,0.2057721
402,0.04993196,0.5380454,0.2061708,0.2058518
403,0.04995999,0.5383955,0.2059409,0.2057036
404,0.04995784,0.5387083,0.2058886,0.2054453
405,0.04994223,0.5389631,0.2059457,0.205149
406,0.04992294,0.5391667,0.206054,0.2048563
407,0.04990558,0.5393361,0.2061677,0.2045906
408,0.04989311,0.5394892,0.2062537,0.2043641
409,0.04361883,0.5863847,0.191252,0.1787445
410,0.04031393,0.6040908,0.1899648,0.1656304
411,0.03860372,0.6101704,0.1920393,0.1591866
412,0.03769667,0.6116108,0.1946684,0.1560241
413,0.03721716,0.6113046,0.196923,0.1545553
414,0.03696788,0.6104757,0.1985997,0.1539567
415,0.03684085,0.6096112,0.1997614,0.1537865
416,0.03677633,0.6088716,0.2005451,0.153807
417,0.03674151,0.6082802,0.2010849,0.1538934
418,0.0367188,0.607811,0.2014871,0.1539831
419,0.03669904,0.6074271,0.201827,0.1540468
420,0.03667779,0.6070958,0.2021534,0.154073
421,0.03693912,0.6041896,0.2036667,0.1552047
422,0.03708594,0.6026353,0.2044665,0.1558123
423,0.0371617,0.6017682,0.2049606,0.1561095
424,0.03718835,0.6012471,0.2053731,0.1561914
425,0.0371839,0.6008872,0.2057902,0.1561387
426,0.0371611,0.6005967,0.2062334,0.1560088
427,0.03712867,0.600336,0.2066941,0.1558413
428,0.03709269,0.6000925,0.2071504,0.1556644
429,0.03705749,0.5998671,0.2075763,0.1554991
430,0.03702633,0.5996664,0.2079454,0.1553618
431,0.03700158,0.5994987,0.2082347,0.1552649
432,0.03698483,0.5993713,0.2084267,0.1552172
433,0.04050035,0.5683716,0.2216178,0.1695103
434,0.04302581,0.5507718,0.2268986,0.1793038
435,0.04476206,0.5413964,0.2281265,0.185715
436,0.04586848,0.5368856,0.2277522,0.1894937
437,0.04653808,0.5350443,0.2268857,0.191532
438,0.04693495,0.5345634,0.22594,0.1925616
439,0.04718078,0.5347347,0.2249765,0.193108
440,0.04735727,0.535215,0.2239154,0.1935124
441,0.04751313,0.5358592,0.2226601,0.1939675
442,0.04767029,0.5366115,0.2211748,0.1945435
443,0.04783356,0.5374432,0.2194899,0.1952334
444,0.04799772,0.538326,0.2176914,0.1959849
445,0.04813661,0.5373994,0.2181515,0.1963126
446,0.04818439,0.5368418,0.2187606,0.1962132
447,0.04823554,0.5364622,0.2191075,0.1961947
448,0.04828434,0.536217,0.219289,0.1962097
449,0.04833102,0.5360686,0.2193522,0.1962481
450,0.04837578,0.5359904,0.2193307,0.1963031
451,0.04841857,0.5359629,0.2192502,0.1963684
452,0.04845904,0.5359717,0.2191318,0.1964375
453,0.04849673,0.5360053,0.2189933,0.1965047
454,0.04853162,0.536055,0.2188463,0.1965671
455,0.04856363,0.5361144,0.2186994,0.1966226
456,0.04859277,0.5361786,0.2185589,0.1966696
457,0.04820616,0.5427192,0.2133996,0.1956751
458,0.04812814,0.5471107,0.2086408,0.1961202
459,0.04804667,0.5501601,0.2054711,0.1963221
460,0.04796785,0.5522641,0.2034107,0.1963574
461,0.0478979,0.5536792,0.202123,0.1962999
462,0.04783888,0.5545993,0.2013673,0.1961944
463,0.04778944,0.5551714,0.2009785,0.1960606
464,0.04774665,0.555503,0.2008471,0.1959034
465,0.04770723,0.5556695,0.2009026,0.1957205
466,0.04766833,0.5557228,0.2011009,0.1955079
467,0.04762762,0.5556968,0.2014144,0.1952613
468,0.04758292,0.5556106,0.2018318,0.1949746
469,0.04106287,0.6033131,0.1873381,0.168286
470,0.03771978,0.6196365,0.1877078,0.154936
471,0.0360111,0.6242756,0.1912779,0.1484354
472,0.03510092,0.6245465,0.1951478,0.1452048
473,0.03460881,0.6233441,0.1984089,0.1436382
474,0.03434038,0.6218347,0.2008982,0.1429268
475,0.03419089,0.6204464,0.2027202,0.1426425
476,0.03410294,0.6192917,0.2040484,0.1425569
477,0.03404535,0.6183606,0.2050436,0.1425505
478,0.0340015,0.6176028,0.2058324,0.1425632
479,0.03396318,0.6169676,0.2065001,0.1425691
480,0.03392672,0.6164151,0.2070984,0.1425598
481,0.03823549,0.5808076,0.2201367,0.1608202
482,0.04160586,0.5606487,0.2228511,0.1748944
483,0.04394472,0.5502706,0.2215465,0.1842382
484,0.04545333,0.545763,0.2188653,0.1899184
485,0.04635142,0.5444288,0.2162277,0.1929921
486,0.04683941,0.5445872,0.2141927,0.1943806
487,0.04707479,0.5452992,0.2128412,0.194785
488,0.04716922,0.5461085,0.2120327,0.1946895
489,0.04719669,0.5468405,0.2115546,0.1944083
490,0.04720219,0.5474638,0.2112082,0.1941259
491,0.04721158,0.5480058,0.2108387,0.193944
492,0.04723766,0.5485083,0.2103466,0.1939074
493,0.04345691,0.5784758,0.1995561,0.1785113
494,0.04133451,0.5912852,0.1972084,0.1701718
495,0.04019223,0.5965077,0.1973385,0.1659616
496,0.03959032,0.5983722,0.1980622,0.1639753
497,0.0392882,0.5988141,0.1987194,0.1631783
498,0.03914943,0.5987147,0.199145,0.1629908
499,0.03909615,0.5984579,0.1993566,0.1630893
500,0.03908442,0.5981947,0.1994226,0.1632983
501,0.0390902,0.5979704,0.1994119,0.1635275
502,0.03910101,0.5977878,0.1993761,0.1637351
503,0.03911073,0.5976349,0.1993502,0.1639042
504,0.03911662,0.5974979,0.199355,0.1640304
505,0.04259952,0.5694196,0.2094704,0.1785104
506,0.04518184,0.5536783,0.2121592,0.1889807
507,0.04694447,0.5455071,0.2117261,0.1958222
508,0.04807062,0.5418157,0.2101875,0.1999262
509,0.04874164,0.540556,0.2085712,0.2021312
510,0.04911012,0.5404727,0.2072988,0.2031182
511,0.04929081,0.5408612,0.2064626,0.2033854
512,0.04936355,0.541366,0.2059997,0.2032707
513,0.04938089,0.5418371,0.2057907,0.2029912
514,0.0493752,0.542233,0.2057149,0.2026769
515,0.04936583,0.5425615,0.2056699,0.2024028
516,0.04936349,0.5428481,0.2055802,0.2022082
517,0.04404904,0.5829959,0.1924346,0.1805204
518,0.04116356,0.5989062,0.1908443,0.1690859
519,0.0396445,0.6046939,0.192279,0.1633826
520,0.03883978,0.606279,0.1942718,0.1606094
521,0.03842232,0.6062178,0.195983,0.1593769
522,0.03821477,0.605625,0.1972199,0.1589402
523,0.03811843,0.6049592,0.1980295,0.158893
524,0.03807823,0.6043802,0.1985263,0.1590152
525,0.03806406,0.6039199,0.198824,0.1591921
526,0.03805988,0.6035606,0.1990125,0.159367
527,0.03805758,0.6032729,0.1991549,0.1595146
528,0.03805334,0.6030288,0.1992919,0.1596259
529,0.04044366,0.5832992,0.2066604,0.1695967
530,0.04212664,0.5728972,0.2085317,0.1764444
531,0.04322066,0.5678554,0.2082215,0.1807026
532,0.04388648,0.5657721,0.2072171,0.1831243
533,0.04426211,0.5651733,0.2062295,0.1843352
534,0.04445296,0.565222,0.2055243,0.1848007
535,0.04453306,0.565486,0.2051407,0.1848402
536,0.04455136,0.5657688,0.2050191,0.1846607
537,0.04453888,0.5660014,0.2050692,0.1843905
538,0.04451474,0.5661758,0.2052015,0.1841078
539,0.04449045,0.5663093,0.2053417,0.1838586
540,0.04447257,0.566425,0.2054341,0.1836684
541,0.04712877,0.5462958,0.2120863,0.1944891
542,0.04907292,0.5352418,0.2134515,0.2022337
543,0.05038254,0.5296652,0.2127212,0.207231
544,0.05122921,0.5272796,0.2111979,0.2102933
545,0.05175872,0.5266255,0.2095368,0.212079
546,0.05208547,0.5268258,0.2080005,0.2130882
547,0.05229079,0.52739,0.2066543,0.2136649
548,0.05242781,0.5280656,0.2054819,0.2140248
549,0.05252845,0.5287356,0.2044467,0.2142893
550,0.05261032,0.529354,0.2035171,0.2145186
551,0.05268217,0.5299079,0.2026735,0.2147363
552,0.05274768,0.5303981,0.2019072,0.2149469
553,0.05222244,0.5348341,0.2002183,0.212725
554,0.05188082,0.5371976,0.1996357,0.2112857
555,0.051687,0.5384024,0.1994245,0.2104861
556,0.05158602,0.5389917,0.199347,0.2100752
557,0.05154093,0.5392706,0.1992993,0.2098892
558,0.05152737,0.5394039,0.1992466,0.2098223
559,0.05152989,0.5394759,0.1991851,0.2098091
560,0.05153912,0.5395265,0.199123,0.2098114
561,0.05154964,0.5395715,0.199071,0.2098079
562,0.05155849,0.539616,0.1990377,0.2097878
563,0.05156423,0.5396598,0.1990294,0.2097466
564,0.05156626,0.5397013,0.1990493,0.2096831
565,0.04827823,0.5639576,0.1913605,0.1964037
566,0.04629667,0.5749522,0.1901544,0.1885968
567,0.04515725,0.5794992,0.1910627,0.1842808
568,0.04450746,0.5810109,0.1925332,0.1819484
569,0.04414136,0.5811781,0.1939511,0.1807296
570,0.04393733,0.5808223,0.1951215,0.1801189
571,0.04382351,0.580323,0.1960291,0.1798243
572,0.04375779,0.5798388,0.1967236,0.1796798
573,0.04371597,0.5794217,0.1972682,0.1795941
574,0.04368477,0.5790771,0.1977179,0.1795203
575,0.04365713,0.5787928,0.1981139,0.1794361
576,0.04362961,0.5785533,0.198484,0.1793332
577,0.04325687,0.5810981,0.1978125,0.1778325
578,0.04301295,0.5822883,0.1978136,0.1768852
579,0.04284953,0.5827796,0.1981079,0.1762629
580,0.04273935,0.5829152,0.1984935,0.175852
581,0.04266272,0.5828854,0.1988818,0.17557
582,0.04260697,0.58279,0.1992374,0.1753656
583,0.04256443,0.5826783,0.1995481,0.1752092
584,0.04253071,0.5825729,0.1998114,0.175085
585,0.04250348,0.5824827,0.2000279,0.174986
586,0.04248156,0.5824106,0.2001987,0.1749092
587,0.04246442,0.5823566,0.2003248,0.1748542
588,0.04245182,0.5823194,0.2004072,0.1748215
589,0.04269538,0.580543,0.2008907,0.175871
590,0.04285756,0.5797538,0.2008131,0.1765755
591,0.04295581,0.579473,0.200571,0.1770003
592,0.04301583,0.5794371,0.2002824,0.1772647
593,0.0430533,0.5795069,0.2000018,0.1774381
594,0.04307815,0.5796115,0.1997473,0.177563
595,0.04309641,0.5797175,0.1995216,0.1776645
596,0.0431115,0.5798109,0.1993216,0.177756
597,0.04312515,0.579887,0.1991442,0.1778436
598,0.04313805,0.5799457,0.1989874,0.1779288
599,0.04315035,0.5799879,0.1988506,0.1780111
600,0.04316197,0.5800151,0.1987338,0.1780892
601,0.04131641,0.5942922,0.1938067,0.1705848
602,0.04021186,0.6003851,0.1931815,0.1662215
603,0.03958125,0.6026528,0.1939041,0.1638618
604,0.0392279,0.6031727,0.1949534,0.1626461
605,0.03903514,0.6029631,0.1959291,0.1620727
606,0.03893319,0.602506,0.1967147,0.1618461
607,0.0388807,0.6020125,0.197312,0.1617947
608,0.03885356,0.6015617,0.1977633,0.1618215
609,0.03883811,0.6011721,0.1981163,0.1618735
610,0.03882685,0.6008379,0.1984121,0.1619232
611,0.03881588,0.6005459,0.1986807,0.1619575
612,0.03880336,0.6002829,0.1989421,0.1619716
613,0.04079454,0.583762,0.20526,0.1701834
614,0.04216687,0.5751489,0.207001,0.1756832
615,0.04304407,0.5710017,0.2069206,0.1790336
616,0.04356849,0.5692827,0.2062593,0.1808895
617,0.04385854,0.5687668,0.2055934,0.1817813
618,0.04400257,0.5687724,0.2051292,0.1820959
619,0.04406159,0.5689536,0.20489,0.1820949
620,0.04407543,0.5691576,0.2048215,0.1819455
621,0.04406892,0.5693328,0.2048485,0.1817497
622,0.04405688,0.5694752,0.2049013,0.1815667
623,0.04404765,0.5695977,0.2049265,0.1814281
624,0.04404536,0.5697171,0.2048893,0.1813482
625,0.04383834,0.5713456,0.2043806,0.1804354
626,0.04371258,0.5721747,0.2042196,0.1798932
627,0.04365183,0.572606,0.2040872,0.1796549
628,0.04363134,0.5728566,0.2039102,0.1796018
629,0.04363554,0.5730332,0.2036702,0.1796611
630,0.04365388,0.5731842,0.2033792,0.1797827
631,0.04367927,0.5733269,0.2030607,0.1799332
632,0.04370713,0.573464,0.2027385,0.1800904
633,0.04373463,0.5735924,0.2024322,0.1802407
634,0.04375993,0.5737076,0.2021576,0.180375
635,0.04378194,0.5738055,0.2019247,0.1804878
636,0.04380011,0.5738838,0.2017395,0.1805767
637,0.04666226,0.5521534,0.2089071,0.1922773
638,0.04875316,0.5400983,0.2105292,0.2006193
639,0.05016012,0.5338969,0.2099551,0.2059879
640,0.05105383,0.5311226,0.2086362,0.2091874
641,0.05158803,0.5302029,0.2072963,0.2109128
642,0.05188627,0.5301853,0.206223,0.2117054
643,0.05203885,0.5305363,0.2054744,0.2119505
644,0.0521072,0.530985,0.2050054,0.2119024
645,0.05213068,0.5314131,0.2047366,0.2117195
646,0.05213374,0.531783,0.2045863,0.2114969
647,0.05213057,0.5320954,0.2044868,0.2112873
648,0.05212896,0.5323656,0.2043882,0.2111172
649,0.04775563,0.5644032,0.1944518,0.1933894
650,0.04522659,0.5781976,0.1931845,0.1833914
651,0.04384509,0.5836416,0.1943306,0.1781828
652,0.04309516,0.5853918,0.1959638,0.1755493
653,0.0426995,0.585595,0.1973882,0.1743174
654,0.04250091,0.5852385,0.1984303,0.1738303
655,0.04240895,0.5847535,0.1991201,0.1737175
656,0.04237185,0.5843057,0.1995496,0.1737729
657,0.04236043,0.5839404,0.1998139,0.1738853
658,0.04235875,0.5836537,0.19999,0.1739977
659,0.0423585,0.5834255,0.2001324,0.1740836
660,0.04235566,0.5832351,0.2002766,0.1741328
661,0.0432008,0.5770394,0.2020485,0.1777113
662,0.0437666,0.5740647,0.2020914,0.1800773
663,0.04410257,0.5728003,0.2016797,0.1814175
664,0.04428885,0.5723866,0.2012188,0.1821057
665,0.04437984,0.572349,0.2008842,0.1823869
666,0.04441242,0.5724419,0.2007223,0.1824234
667,0.04441066,0.5725499,0.2007198,0.1823196
668,0.04438986,0.5726287,0.2008404,0.1821411
669,0.0443596,0.5726687,0.2010428,0.1819289
670,0.04432594,0.5726762,0.2012886,0.1817091
671,0.04429278,0.5726636,0.2015445,0.1814991
672,0.0442627,0.5726433,0.2017829,0.181311
673,0.04288404,0.5826019,0.1989062,0.1756079
674,0.04202687,0.5869246,0.1989256,0.1721229
675,0.04153615,0.5885536,0.1996901,0.1702202
676,0.04126234,0.5889655,0.2005396,0.1692326
677,0.04111851,0.5888868,0.2012108,0.1687839
678,0.04105104,0.5886618,0.2016426,0.1686446
679,0.04102712,0.5884374,0.2018593,0.1686762
680,0.04102701,0.5882643,0.2019123,0.1687963
681,0.04103907,0.5881485,0.2018551,0.1689573
682,0.04105631,0.5880789,0.2017346,0.1691303
683,0.04107477,0.5880397,0.2015861,0.1692994
684,0.04109229,0.5880167,0.2014349,0.1694562
685,0.04197718,0.5810381,0.2038722,0.1731125
686,0.04256805,0.577572,0.2043581,0.1755018
687,0.04294033,0.5759889,0.2041123,0.1769584
688,0.04316431,0.5753848,0.2036559,0.1777949
689,0.04329276,0.575245,0.2032201,0.1782422
690,0.0433624,0.575295,0.2028853,0.1784573
691,0.04339733,0.5754002,0.2026611,0.1785413
692,0.04341269,0.575502,0.2025291,0.1785562
693,0.04341764,0.5755803,0.2024639,0.1785382
694,0.0434176,0.575633,0.2024412,0.1785081
695,0.04341567,0.5756655,0.2024415,0.1784772
696,0.04341349,0.5756844,0.2024508,0.1784512
697,0.03655714,0.6290743,0.1837183,0.1506504
698,0.03328256,0.6459123,0.1829734,0.1378317
699,0.03165076,0.6503177,0.1861971,0.1318344
700,0.03080354,0.6502546,0.1899108,0.1290312
701,0.03036036,0.6487726,0.1930391,0.1278279
702,0.03012993,0.6470561,0.1953827,0.1274312
703,0.03001073,0.6455163,0.1970465,0.1274266
704,0.02994773,0.6442458,0.1982117,0.1275947
705,0.02991121,0.6432182,0.1990492,0.1278213
706,0.02988538,0.6423735,0.1996923,0.1280488
707,0.02986209,0.6416525,0.2002356,0.1282498
708,0.02983728,0.6410086,0.2007415,0.1284125
709,0.03276316,0.6142882,0.211896,0.1410526
710,0.03486687,0.6004611,0.2147128,0.1499592
711,0.03623767,0.5940595,0.2141819,0.1555209
712,0.03705711,0.5916504,0.2126652,0.1586274
713,0.03749714,0.5911218,0.2112949,0.1600861
714,0.03769567,0.5913077,0.2104685,0.1605281
715,0.03775232,0.5916426,0.2102042,0.1604009
716,0.03773483,0.5919062,0.210353,0.1600059
717,0.03768821,0.5920575,0.2107103,0.1595441
718,0.03764183,0.5921387,0.2110716,0.1591478
719,0.03761385,0.5922213,0.211264,0.1589009
720,0.03761287,0.5923694,0.2111761,0.1588416
721,0.03810353,0.5885501,0.2124799,0.1608665
722,0.03845056,0.5869661,0.2122665,0.1623168
723,0.0387072,0.5865739,0.211283,0.1634359
724,0.03890137,0.5868154,0.2099522,0.164331
725,0.03905468,0.5873606,0.2085005,0.1650842
726,0.03917988,0.5880157,0.2070683,0.1657362
727,0.03928415,0.5886654,0.2057467,0.1663037
728,0.03937168,0.5892435,0.2045923,0.1667925
729,0.039445,0.5897166,0.2036336,0.1672049
730,0.03950606,0.5900759,0.2028733,0.1675448
731,0.0395562,0.5903286,0.2022983,0.1678169
732,0.0395965,0.5904904,0.2018864,0.1680267
733,0.03957291,0.5912019,0.2012444,0.1679809
734,0.03956239,0.5916067,0.2008491,0.1679819
735,0.03955483,0.5918198,0.2006514,0.167974
736,0.03954895,0.5919109,0.2005836,0.1679565
737,0.03954276,0.591926,0.2006082,0.1679231
738,0.03953476,0.5918931,0.2007028,0.1678694
739,0.03952399,0.5918295,0.2008542,0.1677924
740,0.03950987,0.5917458,0.2010533,0.167691
741,0.03949214,0.5916489,0.2012936,0.1675653
742,0.03947093,0.5915433,0.2015689,0.1674169
743,0.03944648,0.5914322,0.2018734,0.167248
744,0.03941924,0.5913184,0.2022006,0.1670618
745,0.04145982,0.5742316,0.2088387,0.1754698
746,0.04286943,0.5652547,0.2108096,0.1810662
747,0.04376972,0.5609097,0.2109002,0.1844204
748,0.04430549,0.5591157,0.2103658,0.186213
749,0.04459956,0.5586102,0.2097843,0.187006
750,0.0447453,0.5586842,0.2093531,0.1872173
751,0.0448084,0.5589762,0.20908,0.1871354
752,0.04483214,0.5593257,0.2088954,0.1869467
753,0.04484326,0.5596789,0.2087145,0.1867632
754,0.04485707,0.5600312,0.2084648,0.1866469
755,0.04488098,0.5603954,0.2080998,0.1866239
756,0.0449171,0.5607843,0.2076018,0.1866968
757,0.03878406,0.6097987,0.1898828,0.1615345
758,0.03570645,0.6271912,0.1877573,0.149345
759,0.03413793,0.6328385,0.1895218,0.1435018
760,0.03332012,0.6339247,0.1920054,0.1407498
761,0.03289761,0.6333426,0.194186,0.1395738
762,0.03268659,0.6322804,0.1958346,0.1391984
763,0.0325873,0.6311993,0.1970025,0.1392109
764,0.03254449,0.6302494,0.1978165,0.1393897
765,0.03252764,0.6294531,0.1984014,0.1396179
766,0.0325202,0.6287866,0.1988567,0.1398367
767,0.0325135,0.6282151,0.1992532,0.1400181
768,0.03250321,0.6277071,0.1996392,0.1401506
769,0.03414604,0.6127254,0.2058914,0.1472371
770,0.03523947,0.6053157,0.2076129,0.1518319
771,0.0359106,0.6019481,0.2076219,0.1545194
772,0.03628705,0.6006231,0.2071909,0.1558989
773,0.03646963,0.600206,0.2068916,0.1564328
774,0.03653046,0.6001067,0.2069173,0.1564456
775,0.03651822,0.6000507,0.2072776,0.1561535
776,0.03646496,0.5999349,0.2079019,0.1556983
777,0.03639212,0.5997414,0.2086905,0.155176
778,0.03631504,0.5994925,0.2095343,0.1546581
779,0.03624531,0.5992289,0.2103239,0.1542019
780,0.03619196,0.5989984,0.2109553,0.1538544
781,0.0337107,0.6199591,0.2028816,0.1434487
782,0.03235611,0.6279958,0.2016414,0.1380067
783,0.03162697,0.6308002,0.2022735,0.1352993
784,0.03125115,0.6315078,0.2031152,0.1341259
785,0.03107146,0.6314762,0.2036673,0.1337851
786,0.03099868,0.6312526,0.20387,0.1338788
787,0.0309824,0.6310231,0.2038116,0.1341829
788,0.03099425,0.6308253,0.2036078,0.1345727
789,0.03101834,0.6306471,0.2033549,0.1349798
790,0.03104534,0.6304684,0.2031212,0.1353651
791,0.03107017,0.6302758,0.2029447,0.1357094
792,0.03109015,0.6300634,0.2028417,0.1360048
793,0.031043,0.6304451,0.2025145,0.1359974
794,0.03101335,0.6304526,0.2024895,0.1360445
795,0.03099257,0.6302796,0.2026173,0.1361106
796,0.03097541,0.6300178,0.2028319,0.1361749
797,0.03095846,0.6297147,0.2031027,0.1362241
798,0.03093975,0.6293936,0.203416,0.1362506
799,0.03091822,0.6290655,0.2037652,0.136251
800,0.03089345,0.6287349,0.2041469,0.1362246
801,0.03086544,0.6284046,0.2045574,0.1361726
802,0.03083458,0.6280761,0.2049912,0.136098
803,0.03080147,0.6277525,0.2054406,0.1360053
804,0.03076693,0.6274369,0.2058962,0.1359001
805,0.03302426,0.6063927,0.2148553,0.1457276
806,0.03458822,0.595845,0.2172253,0.1523414
807,0.03558066,0.5911289,0.216975,0.1563154
808,0.03616559,0.5894631,0.2159118,0.1584595
809,0.036486,0.5892222,0.2148323,0.1594595
810,0.03665016,0.5895501,0.2139758,0.1598238
811,0.03673239,0.5900519,0.2133208,0.1598949
812,0.03677954,0.5905806,0.2127564,0.1598835
813,0.03681814,0.5911046,0.2121727,0.1599045
814,0.03686128,0.5916339,0.2114958,0.160009
815,0.03691338,0.5921831,0.2106966,0.1602069
816,0.03697387,0.5927566,0.2097856,0.1604839
817,0.0368475,0.5949211,0.2082491,0.1599823
818,0.03679193,0.5962258,0.2071631,0.1598192
819,0.03678328,0.5970832,0.2062575,0.159876
820,0.03680044,0.5976914,0.2054642,0.160044
821,0.03683035,0.5981433,0.2047701,0.1602563
822,0.03686501,0.5984821,0.2041809,0.1604721
823,0.0368997,0.5987295,0.2037025,0.1606683
824,0.03693166,0.5989002,0.2033357,0.1608324
825,0.03695933,0.599007,0.2030749,0.1609588
826,0.03698171,0.5990617,0.202912,0.1610447
827,0.03699833,0.5990751,0.2028366,0.1610899
828,0.03700899,0.5990564,0.2028391,0.1610955
829,0.03399095,0.6244272,0.1934742,0.1481077
830,0.03234316,0.6336806,0.1927654,0.1412109
831,0.03144655,0.6364455,0.1944688,0.1376392
832,0.03095329,0.636596,0.196637,0.1358138
833,0.03068115,0.6358188,0.1985821,0.1349181
834,0.03052958,0.634827,0.2001359,0.1345076
835,0.03044201,0.6338916,0.2013301,0.1343364
836,0.03038654,0.6330888,0.2022558,0.1342688
837,0.03034542,0.6324168,0.2030061,0.1342317
838,0.03030914,0.6318473,0.2036556,0.1341881
839,0.03027279,0.6313496,0.2042572,0.1341204
840,0.03023415,0.630899,0.2048444,0.1340224
841,0.03162305,0.617347,0.210927,0.1401029
842,0.03252242,0.6108118,0.2127656,0.1439001
843,0.03305957,0.6079394,0.2129744,0.1460265
844,0.03335002,0.6068649,0.2127469,0.1470381
845,0.03348642,0.6065719,0.2125651,0.1473765
846,0.03353514,0.6065624,0.2125478,0.1473546
847,0.03354103,0.6066288,0.2126475,0.1471827
848,0.03353299,0.6067134,0.2127573,0.1469963
849,0.03352843,0.6068259,0.2127689,0.1468768
850,0.03353631,0.6069947,0.2126045,0.1468646
851,0.03355924,0.6072407,0.2122319,0.1469681
852,0.03359609,0.6075692,0.2116586,0.147176
853,0.03335064,0.6106296,0.2098068,0.146213
854,0.03322466,0.6122454,0.2087158,0.1458142
855,0.03317384,0.6131746,0.2078868,0.1457647
856,0.03316829,0.6137619,0.2071512,0.1459186
857,0.03318759,0.6141651,0.2064734,0.146174
858,0.03321892,0.6144488,0.205866,0.1464662
859,0.03325441,0.614639,0.2053509,0.1467558
860,0.03328917,0.6147489,0.2049431,0.147019
861,0.03332014,0.6147908,0.2046468,0.1472422
862,0.03334555,0.6147776,0.2044577,0.1474191
863,0.03336446,0.6147212,0.2043666,0.1475477
864,0.03337652,0.6146317,0.204363,0.1476288
865,0.03343514,0.6140554,0.2046116,0.1478979
866,0.03346711,0.6137173,0.2047841,0.1480314
867,0.03347925,0.6134885,0.2049696,0.1480626
868,0.03347701,0.6133045,0.2052001,0.1480184
869,0.03346416,0.6131332,0.2054854,0.1479171
870,0.03344335,0.6129605,0.2058241,0.147772
871,0.03341652,0.6127815,0.2062091,0.1475929
