EwEVersion,"6.5.13829.0 (compiled 2016-05-17)"
Date,"2016-09-06 16:58:36"
ModelName,Baltic_Proper-SEALS
EcosimScenario,Proper1_SealVuln100_19742100_seal1_cofF03
TimeSeries,new_data_weights_19742100_BAU_WAR1_codF03_seal100
StartYear,1974

Data,"Prey of Cod larvae"

TimeStep,"Temora sp","Acartia sp","Pseudocalanus sp.",
1,0.1079207,0.1002678,0.7918116
2,0.1141322,0.1024312,0.7834366
3,0.1163488,0.1016292,0.7820219
4,0.1165551,0.1003183,0.7831266
5,0.1157019,0.09866481,0.7856333
6,0.1143674,0.09697755,0.788655
7,0.1128841,0.095458,0.7916579
8,0.111417,0.0941787,0.7944043
9,0.1100314,0.09313832,0.7968302
10,0.1087406,0.09230439,0.798955
11,0.107536,0.09163692,0.800827
12,0.1064044,0.0910985,0.802497
13,0.1098771,0.0912352,0.7988877
14,0.1071031,0.09022529,0.8026716
15,0.1057372,0.08990476,0.8043579
16,0.1047977,0.08955631,0.805646
17,0.1041138,0.08918742,0.8066989
18,0.1036688,0.08885361,0.8074775
19,0.1034872,0.08863283,0.80788
20,0.1036145,0.08872848,0.807657
21,0.1040879,0.08939312,0.8065189
22,0.1049105,0.09087368,0.8042158
23,0.1060425,0.09334082,0.8006167
24,0.1074083,0.09678234,0.7958094
25,0.07486404,0.09317458,0.8319613
26,0.0879067,0.1007995,0.8112938
27,0.09150032,0.105066,0.8034337
28,0.0942132,0.1099895,0.7957973
29,0.09619441,0.112416,0.7913896
30,0.09759032,0.1124854,0.7899243
31,0.09850066,0.1112972,0.7902022
32,0.09907395,0.1099096,0.7910165
33,0.09934275,0.108476,0.7921813
34,0.09939008,0.1072373,0.7933726
35,0.09927995,0.1062484,0.7944716
36,0.099058,0.1054935,0.7954485
37,0.09820621,0.1053699,0.7964239
38,0.09620636,0.1043912,0.7994024
39,0.09508105,0.104027,0.8008919
40,0.09432163,0.1039108,0.8017676
41,0.09376384,0.1039994,0.8022369
42,0.09333958,0.104265,0.8023954
43,0.09302046,0.1046856,0.802294
44,0.09268634,0.1048901,0.8024236
45,0.09245194,0.1053709,0.8021771
46,0.09233659,0.1061114,0.8015519
47,0.09235528,0.1071033,0.8005415
48,0.09251557,0.1083108,0.7991737
49,0.09293158,0.1115809,0.7954875
50,0.09167202,0.1122875,0.7960405
51,0.09141758,0.1130761,0.7955064
52,0.09165569,0.1139048,0.7944396
53,0.09223892,0.1148837,0.7928774
54,0.09307381,0.1158912,0.7910351
55,0.09408236,0.1167399,0.7891777
56,0.09527978,0.1175388,0.7871814
57,0.09651154,0.1178815,0.785607
58,0.09770509,0.1178495,0.7844453
59,0.09880087,0.1175239,0.7836753
60,0.09975963,0.1169907,0.7832496
61,0.08794244,0.1163223,0.7957352
62,0.08722457,0.1161772,0.7965983
63,0.08693177,0.1152145,0.7978537
64,0.08702951,0.1146242,0.7983463
65,0.08732836,0.1142124,0.7984592
66,0.08772469,0.1138463,0.798429
67,0.08815973,0.1134704,0.7983699
68,0.0885104,0.1128327,0.7986569
69,0.08880329,0.1121741,0.7990226
70,0.08903538,0.111467,0.7994977
71,0.08920179,0.1107201,0.8000782
72,0.08930013,0.1099476,0.8007523
73,0.07894264,0.1086852,0.8123721
74,0.07880362,0.1098645,0.8113319
75,0.07956827,0.1086039,0.8118277
76,0.08031571,0.1072842,0.8124002
77,0.08070356,0.1059632,0.8133332
78,0.08069181,0.104675,0.8146332
79,0.08033496,0.1034813,0.8161837
80,0.07971007,0.102424,0.8178658
81,0.07886851,0.1015165,0.8196151
82,0.07785496,0.10077,0.821375
83,0.07670552,0.1001872,0.8231073
84,0.07545085,0.09976795,0.8247812
85,0.0909972,0.1000639,0.8089389
86,0.09178801,0.09877566,0.8094363
87,0.09125134,0.099397,0.8093517
88,0.0903608,0.09952717,0.8101121
89,0.08926186,0.09943098,0.8113071
90,0.08804943,0.09930941,0.8126411
91,0.08679496,0.09924018,0.8139648
92,0.08552166,0.09916237,0.815316
93,0.0843099,0.09918506,0.8165051
94,0.08322544,0.0993917,0.8173829
95,0.08232472,0.09990826,0.817767
96,0.08165596,0.1009179,0.8174261
97,0.0862852,0.1031377,0.8105771
98,0.0872412,0.1053339,0.8074248
99,0.08841679,0.1097203,0.8018629
100,0.08967528,0.1144403,0.7958844
101,0.09107753,0.1185156,0.7904069
102,0.09263118,0.121317,0.7860519
103,0.09427577,0.1226383,0.7830859
104,0.09595917,0.1228352,0.7812057
105,0.09750739,0.1220168,0.7804757
106,0.09879867,0.1205602,0.7806411
107,0.09975765,0.1187737,0.7814687
108,0.1003617,0.1168732,0.7827652
109,0.1099946,0.1152959,0.7747095
110,0.1066909,0.1127019,0.7806073
111,0.1050978,0.1111153,0.7837868
112,0.1040487,0.1096569,0.7862944
113,0.1032732,0.1084979,0.7882289
114,0.1026585,0.1076117,0.7897299
115,0.1021433,0.1069234,0.7909333
116,0.1018552,0.1067322,0.7914127
117,0.1016678,0.1066369,0.7916953
118,0.1015391,0.1066257,0.7918352
119,0.1014529,0.1066909,0.7918562
120,0.101404,0.1068271,0.791769
121,0.09442583,0.1063122,0.799262
122,0.09557891,0.1072362,0.7971849
123,0.09583578,0.1074288,0.7967355
124,0.09599178,0.1078424,0.7961658
125,0.09611446,0.1082901,0.7955953
126,0.09622353,0.1087039,0.7950726
127,0.09632904,0.1090809,0.79459
128,0.0963909,0.1093733,0.7942358
129,0.09644635,0.1096409,0.7939127
130,0.09650365,0.1098857,0.7936106
131,0.09656537,0.1101134,0.7933213
132,0.09663244,0.1103307,0.7930368
133,0.05247231,0.1093687,0.8381589
134,0.04422389,0.1111245,0.8446515
135,0.03556016,0.1092778,0.855162
136,0.02875414,0.1091498,0.862096
137,0.02345354,0.1107838,0.8657627
138,0.01948619,0.1139668,0.866547
139,0.01676238,0.118223,0.8650146
140,0.01519349,0.1224085,0.862398
141,0.01476639,0.1260159,0.8592177
142,0.01552287,0.1282753,0.8562018
143,0.01756366,0.1289868,0.8534496
144,0.02098331,0.1283303,0.8506864
145,0.03374868,0.12702,0.8392313
146,0.04913976,0.1252016,0.8256586
147,0.06325436,0.1208308,0.8159148
148,0.07318549,0.1161107,0.8107038
149,0.07882935,0.1117074,0.8094632
150,0.08146589,0.1078872,0.8106468
151,0.08236007,0.1046775,0.8129625
152,0.08233301,0.1019875,0.8156796
153,0.08181318,0.09968982,0.8184969
154,0.081014,0.09768789,0.8212981
155,0.08003213,0.09590849,0.8240593
156,0.07890754,0.09430604,0.8267865
157,0.06497585,0.09220359,0.8428206
158,0.05234006,0.08592808,0.8617318
159,0.04170196,0.08403487,0.8742632
160,0.03240049,0.0837419,0.8838576
161,0.02416125,0.0841275,0.8917112
162,0.01704634,0.08501325,0.8979404
163,0.01127132,0.08664455,0.9020841
164,0.006989677,0.08945737,0.9035529
165,0.004137993,0.0939575,0.9019045
166,0.002422771,0.1001667,0.8974106
167,0.001465716,0.1072578,0.8912764
168,0.0009541968,0.1137871,0.8852587
169,0.00528077,0.1315348,0.8631845
170,0.02865684,0.1292255,0.8421176
171,0.06587479,0.1224898,0.8116354
172,0.09072661,0.1163576,0.7929158
173,0.1033868,0.1104739,0.7861392
174,0.1077784,0.1047726,0.787449
175,0.1078556,0.09965937,0.7924851
176,0.1059401,0.0953621,0.7986978
177,0.1033535,0.09192514,0.8047214
178,0.1007364,0.08921684,0.8100469
179,0.09833441,0.08707246,0.8145931
180,0.09619998,0.08534954,0.8184505
181,0.1006972,0.08421916,0.8150837
182,0.1016384,0.08357069,0.8147909
183,0.1013475,0.08257136,0.816081
184,0.1004181,0.08153494,0.818047
185,0.09920374,0.08060599,0.8201903
186,0.09790375,0.07985412,0.8222421
187,0.09662333,0.07931149,0.8240652
188,0.09543369,0.07905383,0.8255125
189,0.09435492,0.07904998,0.8265951
190,0.09337281,0.07929921,0.827328
191,0.09247315,0.0798127,0.8277141
192,0.09164707,0.08061685,0.827736
193,0.09639941,0.08175516,0.8218455
194,0.09691462,0.08337372,0.8197117
195,0.09719744,0.08522235,0.8175802
196,0.09737527,0.08706155,0.8155632
197,0.09756025,0.08891027,0.8135295
198,0.09782107,0.09079739,0.8113815
199,0.09819543,0.09274318,0.8090614
200,0.09865621,0.09465357,0.8066902
201,0.09925028,0.09668857,0.8040612
202,0.09998303,0.0988096,0.8012074
203,0.1008428,0.1009482,0.798209
204,0.1018039,0.1030067,0.7951894
205,0.09732741,0.1073829,0.7952897
206,0.09231179,0.1073788,0.8003094
207,0.08990865,0.1074914,0.8025999
208,0.08900356,0.1083435,0.802653
209,0.08909726,0.1099586,0.8009442
210,0.08990429,0.1120466,0.798049
211,0.09123474,0.1141884,0.7945769
212,0.09312757,0.1163994,0.7904731
213,0.09524082,0.1177588,0.7870004
214,0.09738264,0.1182928,0.7843246
215,0.09936289,0.1181071,0.78253
216,0.1010347,0.1173968,0.7815685
217,0.1121079,0.1160583,0.7718338
218,0.1177535,0.1160403,0.7662062
219,0.1199521,0.1140438,0.7660041
220,0.1201402,0.1115766,0.7682832
221,0.1192886,0.109101,0.7716104
222,0.1180133,0.1068777,0.7751091
223,0.1166492,0.1049842,0.7783666
224,0.1153453,0.103396,0.7812587
225,0.1141296,0.1020185,0.7838519
226,0.1129885,0.1007798,0.7862318
227,0.1118943,0.09962612,0.7884796
228,0.1108206,0.09852083,0.7906585
229,0.09800708,0.0971289,0.8048639
230,0.09540062,0.09608924,0.8085101
231,0.09333161,0.09488565,0.8117827
232,0.09167855,0.09392448,0.814397
233,0.0902831,0.09319596,0.8165209
234,0.08907343,0.09268638,0.8182402
235,0.08802801,0.09240816,0.8195639
236,0.08714995,0.09239525,0.8204548
237,0.08645763,0.09271449,0.8208278
238,0.08597027,0.09337728,0.8206524
239,0.085702,0.09435518,0.8199428
240,0.08565709,0.0955761,0.8187668
241,0.07013548,0.09466035,0.8352042
242,0.07003225,0.09838386,0.8315839
243,0.07031818,0.09929015,0.8303916
244,0.07111543,0.1003837,0.8285009
245,0.07208394,0.101275,0.8266411
246,0.07305337,0.1018058,0.8251408
247,0.07394122,0.1020338,0.824025
248,0.07467469,0.1019237,0.8234015
249,0.07526919,0.1017404,0.8229904
250,0.07574093,0.1015052,0.8227538
251,0.07610779,0.1012466,0.8226455
252,0.0763876,0.1009824,0.82263
253,0.1054584,0.1014083,0.7931333
254,0.1074236,0.09994658,0.7926298
255,0.1078255,0.1002377,0.7919369
256,0.1078816,0.0998067,0.7923117
257,0.1076798,0.09910022,0.79322
258,0.1073336,0.09836943,0.794297
259,0.1069203,0.09770023,0.7953795
260,0.10648,0.09713501,0.7963849
261,0.1060409,0.09664132,0.7973179
262,0.1056162,0.09622418,0.7981597
263,0.1052149,0.0958828,0.7989023
264,0.1048448,0.0956164,0.7995389
265,0.06982789,0.0948661,0.835306
266,0.06252318,0.09449415,0.8429826
267,0.05580769,0.09320959,0.8509827
268,0.05063263,0.09311988,0.8562474
269,0.04660337,0.09412809,0.8592685
270,0.04355582,0.09613209,0.860312
271,0.04149121,0.09901179,0.8594971
272,0.04051349,0.1026453,0.8568411
273,0.0406873,0.1061955,0.8531172
274,0.04202636,0.1091016,0.848872
275,0.04444062,0.1109764,0.844583
276,0.04770011,0.1117474,0.8405524
277,0.06097607,0.1126193,0.8264046
278,0.06840026,0.1100398,0.82156
279,0.07255658,0.1088188,0.8186247
280,0.07517722,0.107483,0.8173398
281,0.07690351,0.1060895,0.8170069
282,0.07803647,0.1047022,0.8172613
283,0.07874613,0.1033476,0.8179064
284,0.07912385,0.1019771,0.818899
285,0.0792478,0.1006336,0.8201187
286,0.07917738,0.09932461,0.821498
287,0.07895742,0.09805631,0.8229863
288,0.07862129,0.09683258,0.8245461
289,0.08946232,0.09694947,0.8135883
290,0.09505978,0.09676622,0.808174
291,0.0976653,0.0950607,0.807274
292,0.09830883,0.09305524,0.808636
293,0.09789065,0.09109517,0.8110142
294,0.09695575,0.08930861,0.8137357
295,0.0957959,0.08773619,0.8164679
296,0.0945426,0.08637856,0.8190789
297,0.09328232,0.0852357,0.8214819
298,0.09204267,0.08428362,0.8236737
299,0.09083424,0.0835079,0.8256579
300,0.08966255,0.08290148,0.827436
301,0.09481229,0.08358919,0.8215986
302,0.09793396,0.08471175,0.8173543
303,0.0988672,0.08440867,0.8167241
304,0.09860829,0.08390763,0.8174841
305,0.09778711,0.0833578,0.8188551
306,0.0967366,0.08284445,0.820419
307,0.09562596,0.08242727,0.8219467
308,0.09453457,0.08200953,0.8234559
309,0.09345406,0.08173876,0.8248072
310,0.09242944,0.0816249,0.8259456
311,0.09148473,0.08165403,0.8268612
312,0.09063164,0.08180345,0.8275649
313,0.08332296,0.08400914,0.8326679
314,0.07376876,0.08133188,0.8448994
315,0.06799873,0.07982944,0.8521718
316,0.06401356,0.07876056,0.8572258
317,0.06110997,0.07812397,0.8607661
318,0.05900213,0.07826275,0.8627352
319,0.05760026,0.07984205,0.8625576
320,0.05700398,0.08420502,0.858791
321,0.05725463,0.09103269,0.8517126
322,0.05846121,0.09936649,0.8421723
323,0.0606994,0.1072534,0.8320473
324,0.06392009,0.1129186,0.8231614
325,0.07330379,0.1170623,0.8096339
326,0.0795036,0.1168352,0.8036613
327,0.08455285,0.1163318,0.7991153
328,0.08858669,0.1151234,0.7962899
329,0.09160146,0.1136348,0.7947637
330,0.09367625,0.1120816,0.7942421
331,0.09496293,0.1105647,0.7944723
332,0.09556539,0.1089789,0.7954558
333,0.09571071,0.1075213,0.7967681
334,0.09554832,0.1061637,0.798288
335,0.09518349,0.1048972,0.7999193
336,0.0946839,0.1037034,0.8016127
337,0.09203597,0.1020893,0.8058747
338,0.09062733,0.1010669,0.8083058
339,0.08953176,0.1000794,0.8103889
340,0.08857558,0.09910488,0.8123195
341,0.0876624,0.09811573,0.8142219
342,0.08673893,0.09710174,0.8161593
343,0.08577946,0.09606747,0.818153
344,0.08483943,0.09516274,0.8199978
345,0.08387829,0.09426589,0.8218558
346,0.08289141,0.09340645,0.8237021
347,0.08188826,0.09260812,0.8255036
348,0.08088606,0.09189683,0.8272172
349,0.06083358,0.08993221,0.8492342
350,0.05813358,0.09461085,0.8472555
351,0.058143,0.09303208,0.848825
352,0.05916316,0.09200073,0.8488361
353,0.06011393,0.0911797,0.8487064
354,0.06064126,0.09033757,0.8490212
355,0.06070325,0.08950852,0.8497882
356,0.06036423,0.08882561,0.8508102
357,0.05970908,0.08823205,0.8520588
358,0.05880616,0.08775352,0.8534403
359,0.05770968,0.08738945,0.8549009
360,0.05646197,0.08713175,0.8564063
361,0.07105994,0.09096611,0.837974
362,0.06763437,0.08599836,0.8463672
363,0.06304979,0.08537833,0.8515719
364,0.05927971,0.08479623,0.855924
365,0.05608975,0.08422558,0.8596846
366,0.05339742,0.08407209,0.8625305
367,0.05122486,0.08483145,0.8639437
368,0.04963065,0.08687352,0.8634958
369,0.04874889,0.09084179,0.8604093
370,0.04871828,0.09655298,0.8547288
371,0.04966272,0.1030554,0.8472819
372,0.05164433,0.1089419,0.8394137
373,0.05160796,0.1141157,0.8342764
374,0.05392067,0.1157151,0.8303642
375,0.05720409,0.1161462,0.8266498
376,0.06096303,0.1160132,0.8230239
377,0.06478767,0.1155258,0.8196865
378,0.0683522,0.1147821,0.8168657
379,0.0714393,0.113853,0.8147077
380,0.07397039,0.1128524,0.8131772
381,0.07591141,0.1117682,0.8123204
382,0.07730445,0.1106617,0.8120338
383,0.07823426,0.1095781,0.8121877
384,0.07879799,0.1085453,0.8126568
385,0.08107774,0.1072313,0.811691
386,0.08165547,0.1062694,0.8120751
387,0.08169959,0.1054332,0.8128672
388,0.08147584,0.1046275,0.8138967
389,0.08108581,0.1038384,0.8150758
390,0.08057061,0.103064,0.8163654
391,0.07994789,0.1023053,0.8177468
392,0.07916745,0.1014294,0.8194031
393,0.07826651,0.1005599,0.8211735
394,0.07726419,0.09969408,0.8230417
395,0.07617524,0.09884217,0.8249826
396,0.07501522,0.09801993,0.8269649
397,0.09455842,0.09794857,0.807493
398,0.09546883,0.09535747,0.8091738
399,0.09478548,0.09530337,0.8099112
400,0.09404743,0.09514479,0.8108078
401,0.09335268,0.09490535,0.8117419
402,0.09274098,0.09474457,0.8125144
403,0.09224117,0.09474833,0.8130105
404,0.09189462,0.09506667,0.8130387
405,0.09170644,0.09557202,0.8127216
406,0.09168141,0.09625041,0.8120682
407,0.09181618,0.09705564,0.8111282
408,0.09209957,0.09792759,0.8099728
409,0.09486824,0.09812474,0.807007
410,0.1007409,0.1010265,0.7982326
411,0.1038729,0.1014555,0.7946717
412,0.10542,0.1013761,0.7932039
413,0.1059049,0.1006049,0.7934902
414,0.1057082,0.09947856,0.7948132
415,0.105107,0.09831078,0.7965823
416,0.1043229,0.09730645,0.7983707
417,0.1034595,0.0965113,0.8000292
418,0.1025778,0.09591268,0.8015095
419,0.10171,0.09548513,0.8028049
420,0.1008717,0.09520108,0.8039272
421,0.09511314,0.09433061,0.8105563
422,0.09418663,0.09465916,0.8111542
423,0.09318465,0.09458598,0.8122293
424,0.09237117,0.09470478,0.812924
425,0.09175087,0.09502608,0.8132231
426,0.09131637,0.09555338,0.8131303
427,0.09106964,0.09631634,0.812614
428,0.09101341,0.09736803,0.8116185
429,0.09117255,0.09880906,0.8100184
430,0.0915537,0.1006337,0.8078126
431,0.09215526,0.1027546,0.8050901
432,0.09296571,0.105002,0.8020323
433,0.05787167,0.1074434,0.8346849
434,0.05196981,0.1098778,0.8381524
435,0.04599021,0.1087524,0.8452573
436,0.04173661,0.1096144,0.848649
437,0.03898515,0.1120898,0.8489251
438,0.037722,0.1154396,0.8468384
439,0.03802537,0.1187748,0.8431998
440,0.04002661,0.1215886,0.8383847
441,0.04360904,0.1229648,0.8334261
442,0.04842183,0.1231062,0.828472
443,0.05388968,0.1223348,0.8237755
444,0.05933746,0.1209823,0.8196802
445,0.04106174,0.1169444,0.8419939
446,0.03284587,0.1176595,0.8494947
447,0.02804078,0.1167909,0.8551684
448,0.02510681,0.1158094,0.8590838
449,0.02326461,0.1148336,0.8619018
450,0.02209925,0.1138498,0.8640509
451,0.02137094,0.1128452,0.8657838
452,0.02091499,0.1117208,0.8673642
453,0.02063615,0.1105568,0.8688071
454,0.02046904,0.1093533,0.8701776
455,0.0203666,0.1081204,0.871513
456,0.0202945,0.1068696,0.8728358
457,0.05897326,0.1066214,0.8344054
458,0.08220837,0.1022156,0.815576
459,0.09226044,0.1002405,0.8074991
460,0.09544533,0.09887324,0.8056814
461,0.09599174,0.0975653,0.8064429
462,0.09543963,0.09626967,0.8082907
463,0.09438726,0.09502037,0.8105924
464,0.09307945,0.09382704,0.8130935
465,0.09163833,0.09273412,0.8156275
466,0.09012426,0.09176091,0.8181148
467,0.08857465,0.09092744,0.8204979
468,0.08704306,0.0902788,0.8226781
469,0.08125819,0.09043537,0.8283065
470,0.08258997,0.09294982,0.8244603
471,0.08360882,0.09211762,0.8242736
472,0.08396812,0.09159656,0.8244353
473,0.08377718,0.09122325,0.8249995
474,0.08322106,0.09085342,0.8259255
475,0.08244136,0.090514,0.8270446
476,0.08152359,0.09030135,0.8281751
477,0.08053514,0.09027972,0.8291851
478,0.0795408,0.0904736,0.8299856
479,0.07858169,0.0908676,0.8305507
480,0.07768848,0.09143735,0.8308741
481,0.1081631,0.09281572,0.7990212
482,0.09714904,0.09096503,0.811886
483,0.09244956,0.09194504,0.8156055
484,0.09027057,0.09214576,0.8175837
485,0.08933227,0.0923649,0.8183028
486,0.08921578,0.09315414,0.8176301
487,0.08973252,0.09489621,0.8153712
488,0.09092131,0.09827119,0.8108075
489,0.09256799,0.1028232,0.8046088
490,0.09460959,0.1080361,0.7973543
491,0.09697555,0.1129735,0.790051
492,0.09957973,0.1167303,0.7836899
493,0.1076414,0.1176874,0.7746712
494,0.1143204,0.1190858,0.7665938
495,0.1184249,0.1186711,0.762904
496,0.1205845,0.1167336,0.7626818
497,0.1212276,0.1140288,0.7647436
498,0.1208394,0.1112257,0.767935
499,0.119858,0.1086553,0.7714867
500,0.1185681,0.1063873,0.7750446
501,0.1172217,0.1044704,0.7783079
502,0.1159267,0.1028549,0.7812184
503,0.1147264,0.1014889,0.7837847
504,0.1136256,0.1003188,0.7860556
505,0.1080947,0.09936795,0.7925374
506,0.1028258,0.09696856,0.8002056
507,0.09991588,0.09626287,0.8038212
508,0.09821361,0.09615597,0.8056304
509,0.09722777,0.09636452,0.8064077
510,0.09672051,0.09682515,0.8064543
511,0.09658005,0.09755453,0.8058654
512,0.09686642,0.0987737,0.8043599
513,0.09745818,0.1002653,0.8022765
514,0.09832459,0.1019849,0.7996905
515,0.09943023,0.1037915,0.7967783
516,0.1007297,0.1054981,0.7937723
517,0.1046677,0.105481,0.7898512
518,0.1108312,0.1082972,0.7808716
519,0.1141827,0.1084638,0.7773535
520,0.1158414,0.1075303,0.7766283
521,0.1162619,0.1057636,0.7779744
522,0.1158672,0.1037092,0.7804236
523,0.1150027,0.1017211,0.7832762
524,0.1139133,0.0999231,0.7861636
525,0.1127525,0.09838465,0.7888629
526,0.1116074,0.09709774,0.7912948
527,0.1105197,0.09603805,0.7934422
528,0.1095052,0.09517921,0.7953156
529,0.1038611,0.09489282,0.8012462
530,0.09997649,0.09318496,0.8068385
531,0.09767196,0.09276363,0.8095644
532,0.09624118,0.09289171,0.8108671
533,0.09536395,0.09338341,0.8112527
534,0.09487586,0.09418184,0.8109423
535,0.09469883,0.09527241,0.8100288
536,0.0947977,0.09675602,0.8084463
537,0.09516805,0.09850648,0.8063255
538,0.09579294,0.1004642,0.8037429
539,0.09665246,0.1025138,0.8008337
540,0.09771624,0.104502,0.7977818
541,0.1041572,0.1076127,0.78823
542,0.1021117,0.1075509,0.7903374
543,0.1019486,0.1085701,0.7894814
544,0.1025153,0.1094835,0.7880013
545,0.1035286,0.110367,0.7861044
546,0.1048037,0.1110891,0.7841072
547,0.1061831,0.1115025,0.7823145
548,0.1075233,0.1114849,0.7809919
549,0.1087055,0.1110627,0.7802318
550,0.1096481,0.1102894,0.7800625
551,0.110305,0.1092442,0.7804508
552,0.1106652,0.1080132,0.7813216
553,0.1068742,0.1060152,0.7871105
554,0.1063985,0.1050696,0.7885318
555,0.1059483,0.1036265,0.7904252
556,0.105426,0.1022078,0.7923662
557,0.1048197,0.1008757,0.7943046
558,0.1041548,0.09965175,0.7961934
559,0.1034605,0.09854855,0.7979909
560,0.1027592,0.09755575,0.7996851
561,0.1020639,0.09668297,0.8012532
562,0.1013856,0.09592532,0.8026891
563,0.1007312,0.09527855,0.8039902
564,0.1001055,0.09473988,0.8051547
565,0.104742,0.09522312,0.8000349
566,0.1072847,0.09561365,0.7971016
567,0.1082566,0.095066,0.7966774
568,0.1082868,0.09430224,0.7974109
569,0.1078051,0.09351275,0.7986822
570,0.1070748,0.0928038,0.8001215
571,0.1062509,0.09224119,0.8015079
572,0.1054223,0.09186183,0.802716
573,0.1046632,0.09169798,0.8036388
574,0.1039947,0.09173438,0.8042709
575,0.1034285,0.09196033,0.8046111
576,0.1029718,0.09236261,0.8046656
577,0.1063024,0.09506686,0.7986307
578,0.1067486,0.09511182,0.7981396
579,0.1071305,0.09589935,0.7969701
580,0.1074448,0.09678394,0.7957713
581,0.1077571,0.09771574,0.7945272
582,0.1081077,0.09868782,0.7932045
583,0.1085159,0.09968688,0.7917972
584,0.1089887,0.1006718,0.7903395
585,0.1095176,0.1016614,0.788821
586,0.1101004,0.1026271,0.7872726
587,0.1107266,0.1035363,0.7857371
588,0.1113811,0.1043576,0.7842613
589,0.1154261,0.1053166,0.7792572
590,0.1157287,0.1056181,0.7786532
591,0.1163301,0.1061314,0.7775385
592,0.1169074,0.1064472,0.7766454
593,0.117432,0.1066256,0.7759424
594,0.1178887,0.1066905,0.7754207
595,0.1182666,0.1066517,0.7750817
596,0.1185595,0.1065127,0.7749279
597,0.1187538,0.1062941,0.7749522
598,0.1188562,0.1060187,0.775125
599,0.1188745,0.1057049,0.7754207
600,0.118818,0.1053689,0.7758132
601,0.1193485,0.1045837,0.7760678
602,0.1208798,0.1049615,0.7741588
603,0.1212249,0.1044116,0.7743636
604,0.1209774,0.1036569,0.7753656
605,0.1203982,0.102828,0.7767737
606,0.1196475,0.1020164,0.778336
607,0.1188283,0.1012831,0.7798885
608,0.1180052,0.1006442,0.7813507
609,0.1172045,0.1001253,0.7826702
610,0.1164475,0.0997291,0.7838235
611,0.1157439,0.09945228,0.7848037
612,0.1150991,0.0992905,0.7856104
613,0.1082713,0.09934667,0.792382
614,0.1053625,0.09870548,0.795932
615,0.1035729,0.09868284,0.7977443
616,0.1025134,0.09910783,0.7983787
617,0.1019511,0.09988483,0.7981641
618,0.1017601,0.1009662,0.7972737
619,0.1018727,0.102318,0.7958093
620,0.102258,0.103988,0.793754
621,0.1028885,0.1057982,0.7913133
622,0.1037274,0.1076381,0.7886345
623,0.1047333,0.1093706,0.7858961
624,0.1058564,0.1108652,0.7832784
625,0.1045327,0.112042,0.7834253
626,0.106051,0.1129897,0.7809593
627,0.1072832,0.113344,0.7793728
628,0.1083765,0.1134524,0.7781712
629,0.1092877,0.1132901,0.7774221
630,0.109985,0.1129026,0.7771125
631,0.1104541,0.1123522,0.7771936
632,0.1107183,0.1117794,0.7775024
633,0.1107839,0.1111075,0.7781085
634,0.1106729,0.1103919,0.7789353
635,0.1104143,0.1096683,0.7799174
636,0.1100388,0.1089595,0.7810016
637,0.1106355,0.1090094,0.7803552
638,0.1071866,0.1071349,0.7856785
639,0.1051699,0.1068022,0.7880279
640,0.1039132,0.1068625,0.7892243
641,0.103144,0.107152,0.7897039
642,0.1027165,0.1076033,0.7896802
643,0.1025453,0.1081726,0.7892821
644,0.1025618,0.108741,0.7886972
645,0.102762,0.1094011,0.7878369
646,0.1031238,0.1100895,0.7867867
647,0.1036278,0.1107599,0.7856123
648,0.1042506,0.1113678,0.7843816
649,0.1029238,0.1109744,0.7861018
650,0.1068188,0.1128517,0.7803295
651,0.1092616,0.1124624,0.778276
652,0.110706,0.1116997,0.7775943
653,0.1113358,0.1105366,0.7781276
654,0.1113453,0.1091639,0.7794908
655,0.1109178,0.1077683,0.781314
656,0.1102082,0.1064726,0.7833192
657,0.1093276,0.1052967,0.7853757
658,0.1083583,0.104261,0.7873807
659,0.1073556,0.1033675,0.789277
660,0.1063553,0.1026131,0.7910315
661,0.1145909,0.1027336,0.7826756
662,0.1129251,0.1014052,0.7856697
663,0.1119703,0.1012753,0.7867544
664,0.1112416,0.1011836,0.7875748
665,0.1106504,0.1011623,0.7881872
666,0.1101845,0.1012654,0.7885501
667,0.1098483,0.1015175,0.7886341
668,0.10965,0.1019324,0.7884176
669,0.1096032,0.1025409,0.7878559
670,0.1097168,0.1033412,0.7869421
671,0.1099948,0.104316,0.7856892
672,0.1104337,0.1054255,0.7841408
673,0.10421,0.1051911,0.7905989
674,0.1068155,0.1074632,0.7857212
675,0.1080393,0.1084232,0.7835375
676,0.1090545,0.1093493,0.7815962
677,0.1099073,0.1099225,0.7801701
678,0.1106062,0.1101141,0.7792796
679,0.1111536,0.1100051,0.7788413
680,0.1115706,0.1097769,0.7786525
681,0.111837,0.1093677,0.7787954
682,0.1119654,0.1088654,0.7791693
683,0.1119694,0.1083164,0.7797142
684,0.1118677,0.1077539,0.7803784
685,0.1085641,0.1073763,0.7840595
686,0.1073073,0.1065915,0.7861012
687,0.1064913,0.1061046,0.7874041
688,0.105969,0.1058558,0.7881752
689,0.1056397,0.1057657,0.7885946
690,0.1054401,0.1057768,0.7887831
691,0.1053315,0.1058507,0.7888178
692,0.1052782,0.1059043,0.7888175
693,0.1052719,0.1059979,0.7887301
694,0.1053043,0.1061084,0.7885873
695,0.105369,0.1062244,0.7884066
696,0.10546,0.1063375,0.7882025
697,0.119803,0.1061322,0.7740648
698,0.1260278,0.1078203,0.7661518
699,0.1281708,0.1074422,0.764387
700,0.1282453,0.1061542,0.7656006
701,0.1271109,0.104245,0.7686441
702,0.1253948,0.102211,0.7723942
703,0.1234854,0.1003371,0.7761775
704,0.1215843,0.09872523,0.7796904
705,0.1197821,0.09737864,0.7828393
706,0.1180946,0.09625631,0.7856491
707,0.1165118,0.09530602,0.7881822
708,0.1150167,0.09447367,0.7905096
709,0.1109642,0.09433364,0.7947022
710,0.1042382,0.09204387,0.8037179
711,0.1004652,0.09004579,0.8094891
712,0.09800857,0.08746936,0.8145221
713,0.09651183,0.0839935,0.8194947
714,0.09601674,0.07951932,0.8244639
715,0.09669632,0.07443404,0.8288696
716,0.09864392,0.07033012,0.831026
717,0.1016023,0.06977563,0.8286221
718,0.1050039,0.07569272,0.8193034
719,0.1082203,0.08883169,0.802948
720,0.1110303,0.1059512,0.7830185
721,0.1077583,0.1218845,0.7703573
722,0.1112622,0.1305594,0.7581784
723,0.1145099,0.1324836,0.7530065
724,0.1179108,0.1312664,0.7508228
725,0.1209543,0.1289373,0.7501085
726,0.1232865,0.1264177,0.7502958
727,0.1247364,0.1239467,0.751317
728,0.1252515,0.1214415,0.753307
729,0.1249769,0.1190428,0.7559803
730,0.1241002,0.1167508,0.759149
731,0.122842,0.1146154,0.7625425
732,0.1213973,0.1126729,0.7659298
733,0.1237822,0.1118468,0.764371
734,0.1227389,0.1101124,0.7671487
735,0.1216365,0.1088043,0.7695591
736,0.1204967,0.1076254,0.7718778
737,0.1193671,0.1065631,0.7740697
738,0.1182718,0.1056208,0.7761073
739,0.1172224,0.1047971,0.7779806
740,0.1162254,0.1041037,0.7796709
741,0.1153008,0.1035407,0.7811586
742,0.1144521,0.1031099,0.7824379
743,0.1136898,0.1028242,0.783486
744,0.113029,0.1027036,0.7842674
745,0.1062905,0.1037304,0.7899792
746,0.1035014,0.1031902,0.7933083
747,0.1017157,0.1031855,0.7950987
748,0.1006932,0.1037744,0.7955323
749,0.1002902,0.1050062,0.7947035
750,0.1004293,0.1068932,0.7926776
751,0.1010603,0.1093485,0.7895911
752,0.1021169,0.1119924,0.7858906
753,0.1035588,0.1146676,0.7817736
754,0.1053262,0.1169831,0.7776908
755,0.1073347,0.1186526,0.7740126
756,0.1094705,0.1195639,0.7709656
757,0.1261687,0.1185577,0.7552737
758,0.1337259,0.1195303,0.7467437
759,0.1375619,0.1185733,0.7438647
760,0.1388075,0.1162607,0.7449318
761,0.1381708,0.1133029,0.7485263
762,0.1363074,0.1102644,0.7534282
763,0.1337721,0.1074319,0.758796
764,0.1310046,0.1050196,0.7639759
765,0.1282744,0.1029501,0.7687756
766,0.125723,0.1012177,0.7730593
767,0.1233887,0.09977004,0.7768413
768,0.1212534,0.09854291,0.7802037
769,0.1117956,0.09677405,0.7914304
770,0.1079039,0.095292,0.7968041
771,0.1049574,0.09396942,0.8010732
772,0.1025921,0.09256058,0.8048472
773,0.1006106,0.09081752,0.8085719
774,0.09898895,0.08854976,0.8124613
775,0.09782332,0.0856415,0.8165352
776,0.09726742,0.0820545,0.8206781
777,0.09750354,0.07847501,0.8240215
778,0.09858149,0.07605082,0.8253677
779,0.1003655,0.07661782,0.8230166
780,0.1025356,0.08201467,0.8154497
781,0.1178962,0.08933716,0.7927667
782,0.1212977,0.1020079,0.7766944
783,0.1256935,0.1173788,0.7569277
784,0.128825,0.1258487,0.7453264
785,0.1310372,0.1271121,0.7418506
786,0.1324345,0.1248054,0.7427601
787,0.1329628,0.1216359,0.7454013
788,0.1327234,0.1187814,0.7484952
789,0.1317748,0.1161307,0.7520945
790,0.1303547,0.1137708,0.7558745
791,0.1286906,0.1117016,0.7596078
792,0.1269699,0.109921,0.7631091
793,0.1265086,0.107859,0.7656323
794,0.1247682,0.1067156,0.7685162
795,0.1232945,0.1056785,0.7710271
796,0.121978,0.1047563,0.7732657
797,0.1207945,0.1039509,0.7752546
798,0.119723,0.1032425,0.7770345
799,0.1187546,0.102612,0.7786334
800,0.117877,0.1019919,0.7801312
801,0.1171222,0.1014686,0.7814093
802,0.116513,0.1010539,0.7824332
803,0.1160865,0.100787,0.7831265
804,0.1158864,0.100739,0.7833747
805,0.1115984,0.1039273,0.7844743
806,0.1085133,0.1043442,0.7871425
807,0.1065434,0.1033065,0.7901502
808,0.1060319,0.1024799,0.7914881
809,0.106804,0.1031182,0.7900778
810,0.1085495,0.1062109,0.7852395
811,0.1109013,0.1120018,0.7770969
812,0.1135307,0.1193226,0.7671468
813,0.1163209,0.126293,0.757386
814,0.1192387,0.1310444,0.7497169
815,0.1222067,0.1329358,0.7448574
816,0.1250387,0.1325792,0.7423822
817,0.1266083,0.1312389,0.7421528
818,0.1292353,0.1292518,0.7415128
819,0.1309566,0.1271988,0.7418446
820,0.1319166,0.1251688,0.7429146
821,0.1321739,0.1231581,0.7446679
822,0.1318165,0.1211762,0.7470073
823,0.1309674,0.1192442,0.7497883
824,0.1297776,0.1174271,0.7527953
825,0.1283598,0.1156796,0.7559606
826,0.1268253,0.1140336,0.759141
827,0.1252526,0.1125007,0.7622467
828,0.1236905,0.1110842,0.7652254
829,0.1284449,0.1098747,0.7616804
830,0.1303062,0.1095878,0.760106
831,0.1300045,0.108347,0.7616485
832,0.1288661,0.1069865,0.7641473
833,0.1273322,0.1055728,0.767095
834,0.1256255,0.1041704,0.7702041
835,0.1238636,0.1028232,0.7733131
836,0.1221039,0.1015469,0.7763492
837,0.1204064,0.1003625,0.7792311
838,0.1187822,0.09924126,0.7819766
839,0.1172598,0.0981581,0.784582
840,0.1158843,0.0970872,0.7870284
841,0.1068004,0.09539337,0.7978063
842,0.105468,0.09427323,0.8002588
843,0.1035874,0.09091473,0.8054979
844,0.1027349,0.08651707,0.810748
845,0.1031557,0.08179677,0.8150474
846,0.1048196,0.07805631,0.8171241
847,0.1074155,0.07732262,0.8152619
848,0.1103855,0.08166303,0.8079515
849,0.1131805,0.09188408,0.7949355
850,0.1155275,0.1059113,0.7785612
851,0.117604,0.1194696,0.7629263
852,0.1197718,0.1286965,0.7515316
853,0.1245678,0.1322078,0.7432244
854,0.1270946,0.1320713,0.7408341
855,0.1294078,0.1302019,0.7403902
856,0.1309846,0.1276609,0.7413545
857,0.1317443,0.1250933,0.7431623
858,0.1317197,0.1226685,0.7456117
859,0.1310239,0.1203989,0.7485773
860,0.1298187,0.1182548,0.7519266
861,0.1283123,0.1162942,0.7553936
862,0.1266764,0.1145303,0.7587933
863,0.1250307,0.112961,0.7620083
864,0.1234409,0.1115678,0.7649913
865,0.1218372,0.1101471,0.7680157
866,0.1203007,0.1090307,0.7706686
867,0.1188991,0.1079769,0.773124
868,0.1176046,0.1069844,0.775411
869,0.1163998,0.1060365,0.7775636
870,0.1152944,0.1051299,0.7795756
871,0.1143096,0.1042753,0.7814152
872,0.1134866,0.1035573,0.7829561
873,0.1128493,0.1029702,0.7841806
874,0.1124426,0.1026149,0.7849424
875,0.1123033,0.1026258,0.7850709
876,0.112453,0.1031542,0.7843929
877,0.1150239,0.1028227,0.7821535
878,0.1180719,0.1048032,0.7771249
879,0.1205323,0.1089,0.7705678
880,0.1223284,0.1132251,0.7644465
881,0.1235283,0.1165642,0.7599075
882,0.1243227,0.1185958,0.7570815
883,0.1248497,0.1195053,0.755645
884,0.1251607,0.1195855,0.7552538
885,0.1253411,0.1192784,0.7553805
886,0.1253884,0.1187671,0.7558445
887,0.1253211,0.1181774,0.7565014
888,0.1251618,0.117582,0.7572562
889,0.1281709,0.1181029,0.7537261
890,0.1258742,0.1172014,0.7569244
891,0.1249475,0.1165913,0.7584612
892,0.1244455,0.116133,0.7594215
893,0.124192,0.1159106,0.7598974
894,0.124109,0.1159165,0.7599744
895,0.1241556,0.1161161,0.7597283
896,0.1243301,0.1165348,0.7591351
897,0.1245876,0.1170719,0.7583404
898,0.1249274,0.1177148,0.7573577
899,0.1253376,0.1184325,0.7562299
900,0.1258043,0.1191895,0.7550061
901,0.1154079,0.1198513,0.7647408
902,0.1194214,0.1207804,0.7597982
903,0.1205557,0.1211844,0.75826
904,0.1213328,0.121881,0.7567862
905,0.121975,0.122538,0.755487
906,0.1225383,0.1230386,0.7544231
907,0.1230382,0.1233662,0.7535956
908,0.1234675,0.1235126,0.7530199
909,0.1238172,0.1234966,0.7526862
910,0.1240726,0.1233355,0.7525919
911,0.1242292,0.1230556,0.7527152
912,0.124287,0.1226823,0.7530307
913,0.1309103,0.123956,0.7451338
914,0.1248822,0.1225379,0.7525799
915,0.1223834,0.1216279,0.7559888
916,0.1211162,0.1209095,0.7579742
917,0.1205496,0.1206027,0.7588477
918,0.120456,0.1207312,0.7588129
919,0.1207067,0.1212329,0.7580603
920,0.121193,0.1219275,0.7568796
921,0.1218797,0.1227987,0.7553215
922,0.122696,0.1236837,0.7536203
923,0.1235862,0.124449,0.7519649
924,0.1244984,0.1249972,0.7505044
925,0.11986,0.1255489,0.7545911
926,0.1211488,0.1255721,0.753279
927,0.1217376,0.1251237,0.7531387
928,0.1222827,0.1247458,0.7529715
929,0.1227684,0.1243242,0.7529074
930,0.1231549,0.1238194,0.7530257
931,0.1234108,0.1232281,0.7533611
932,0.1235246,0.1225933,0.7538822
933,0.1234869,0.1218731,0.75464
934,0.1232992,0.1210902,0.7556106
935,0.1229755,0.1202728,0.7567517
936,0.1225377,0.1194471,0.7580152
937,0.1241637,0.1180769,0.7577594
938,0.1245908,0.1176349,0.7577742
939,0.1243917,0.1169163,0.758692
940,0.1238511,0.1160819,0.760067
941,0.1230997,0.115187,0.7617133
942,0.1222296,0.1142963,0.7634742
943,0.1213073,0.113462,0.7652307
944,0.1203629,0.1126335,0.7670037
945,0.119446,0.1119314,0.7686226
946,0.1185798,0.1113527,0.7700676
947,0.1177864,0.1109055,0.7713081
948,0.1170852,0.110599,0.7723158
949,0.1180992,0.1105438,0.771357
950,0.1180886,0.1105904,0.7713209
951,0.118092,0.1109361,0.770972
952,0.1180946,0.1113811,0.7705244
953,0.1181286,0.1118799,0.7699915
954,0.1182207,0.1124239,0.7693554
955,0.1183858,0.1130108,0.7686033
956,0.1186637,0.1138185,0.7675179
957,0.1190067,0.1145828,0.7664104
958,0.1194134,0.1153137,0.7652729
959,0.1198663,0.1159863,0.7641474
960,0.1203457,0.116573,0.7630814
961,0.1263723,0.1165955,0.7570322
962,0.1270316,0.1171217,0.7558467
963,0.1279365,0.1177166,0.7543469
964,0.1284722,0.1177823,0.7537456
965,0.1286735,0.1174555,0.7538709
966,0.1286117,0.1168952,0.7544931
967,0.1283507,0.1162203,0.755429
968,0.127928,0.1154445,0.7566275
969,0.1274172,0.1147219,0.7578609
970,0.1268511,0.114058,0.7590909
971,0.1262632,0.1134657,0.760271
972,0.1256811,0.112953,0.761366
973,0.1249163,0.1109392,0.7641445
974,0.1287732,0.1116976,0.7595292
975,0.1298967,0.1119845,0.7581188
976,0.1300195,0.1120055,0.757975
977,0.1294738,0.1115398,0.7589865
978,0.1285443,0.1107463,0.7607094
979,0.1274293,0.1098102,0.7627606
980,0.1262621,0.1089238,0.7648142
981,0.1250961,0.1080675,0.7668365
982,0.123976,0.1072765,0.7687474
983,0.1229285,0.1065541,0.7705175
984,0.1219776,0.1058939,0.7721285
985,0.124506,0.1088392,0.7666547
986,0.1165111,0.1077133,0.7757756
987,0.1116773,0.1045936,0.7837291
988,0.1089726,0.1002697,0.7907577
989,0.1081367,0.09541117,0.7964522
990,0.1090967,0.09107814,0.7998252
991,0.1116251,0.08906405,0.7993109
992,0.1151309,0.09145121,0.7934179
993,0.1188493,0.09964562,0.7815051
994,0.1221521,0.1122563,0.7655916
995,0.1249696,0.1252018,0.7498286
996,0.1276472,0.1342661,0.7380866
997,0.1333205,0.1324425,0.734237
998,0.1433071,0.1337106,0.7229823
999,0.1488251,0.1333343,0.7178405
1000,0.1508528,0.1306,0.7185472
1001,0.1503778,0.1269846,0.7226377
1002,0.1481853,0.1232754,0.7285392
1003,0.1449711,0.1197313,0.7352975
1004,0.1414049,0.1164995,0.7420956
1005,0.1379724,0.1136879,0.7483398
1006,0.1348534,0.1112564,0.7538902
1007,0.1320159,0.1090848,0.7588994
1008,0.1293415,0.1070254,0.7636331
1009,0.1267951,0.1054466,0.7677583
1010,0.1206222,0.10224,0.7771379
1011,0.1162737,0.09879826,0.7849281
1012,0.1121584,0.09380443,0.7940372
1013,0.1079396,0.0859862,0.8060742
1014,0.1037886,0.07297756,0.8232338
1015,0.1004639,0.04999962,0.8495365
1016,0.0996528,0.008407919,0.8919392
1017,0.09898989,0.001461449,0.8995486
1018,0.08856425,0.1256882,0.7857476
1019,0.08428732,0.103946,0.8117667
1020,0.09627073,0.06769778,0.8360315
1021,0.1101419,0.01479334,0.8750648
1022,0.1288463,0.01355139,0.8576024
1023,0.1357965,0.04258515,0.8216184
1024,0.1392506,0.06410779,0.7966416
1025,0.1387011,0.09879517,0.7625037
1026,0.1372583,0.1274356,0.735306
1027,0.1373214,0.1402476,0.7224309
1028,0.1389228,0.1414655,0.7196116
1029,0.1409501,0.1383256,0.7207243
1030,0.1426808,0.1348967,0.7224225
1031,0.1438165,0.1320934,0.72409
1032,0.1442527,0.1297728,0.7259746
1033,0.1411917,0.1277655,0.7310427
1034,0.1384331,0.125176,0.7363908
1035,0.1356665,0.1229089,0.7414245
1036,0.1328015,0.1207858,0.7464127
1037,0.1299699,0.1188345,0.7511955
1038,0.1272989,0.1170496,0.7556515
1039,0.1248597,0.1154182,0.7597221
1040,0.1226479,0.1138541,0.7634979
1041,0.1206554,0.1123624,0.7669823
1042,0.1188637,0.110909,0.7702273
1043,0.117272,0.1094824,0.7732456
1044,0.1159004,0.1081029,0.7759967
1045,0.1241791,0.1047876,0.7710333
1046,0.1262031,0.1043582,0.7694386
1047,0.1281883,0.1065272,0.7652845
1048,0.1294922,0.109097,0.7614108
1049,0.1298559,0.1108885,0.7592556
1050,0.1295437,0.1117655,0.7586908
1051,0.128852,0.1119678,0.7591802
1052,0.1280091,0.1118855,0.7601054
1053,0.1271057,0.111536,0.7613583
1054,0.126211,0.1110278,0.7627612
1055,0.1253624,0.1104145,0.7642231
1056,0.1245872,0.1097268,0.765686
1057,0.1124083,0.1135268,0.7740649
1058,0.1101985,0.1133434,0.776458
1059,0.1062432,0.1086485,0.7851083
1060,0.1038853,0.1018471,0.7942677
1061,0.1034299,0.09372242,0.8028476
1062,0.1047877,0.08544372,0.8097686
1063,0.1075654,0.07934631,0.8130883
1064,0.1110271,0.07898434,0.8099886
1065,0.1142576,0.08693175,0.7988107
1066,0.1167296,0.1021277,0.7811427
1067,0.1186283,0.1194662,0.7619056
1068,0.1205846,0.1328838,0.7465317
1069,0.1314852,0.1367576,0.7317573
1070,0.1360044,0.1381642,0.7258314
1071,0.1400179,0.1375116,0.7224705
1072,0.1425153,0.1351552,0.7223295
1073,0.1436954,0.1325014,0.7238032
1074,0.1437671,0.1300244,0.7262084
1075,0.1428906,0.1277086,0.7294008
1076,0.1412206,0.1254189,0.7333606
1077,0.1390134,0.1231813,0.7378053
1078,0.1365086,0.1210036,0.7424878
1079,0.1339083,0.1189084,0.7471833
1080,0.1313327,0.1168872,0.7517802
1081,0.1276355,0.1137983,0.7585662
1082,0.1232517,0.111576,0.7651722
1083,0.1199711,0.109133,0.7708959
1084,0.1171891,0.1062724,0.7765385
1085,0.1147868,0.1028907,0.7823225
1086,0.112825,0.09885015,0.7883248
1087,0.1114689,0.09401324,0.7945179
1088,0.1109626,0.08843106,0.8006064
1089,0.1115059,0.08233066,0.8061634
1090,0.1132191,0.07658828,0.8101926
1091,0.1159704,0.07287683,0.8111528
1092,0.119306,0.07341827,0.8072757
1093,0.1140717,0.07883019,0.807098
1094,0.1225877,0.09134412,0.7860681
1095,0.1268899,0.1081042,0.7650058
1096,0.1294091,0.1229767,0.7476142
1097,0.1311737,0.1317117,0.7371146
1098,0.1327194,0.1345571,0.7327236
1099,0.1340474,0.1339255,0.7320272
1100,0.1349085,0.1317616,0.7333298
1101,0.135287,0.1294317,0.7352813
1102,0.1351308,0.1272079,0.7376614
1103,0.1345018,0.1251464,0.7403519
1104,0.1335039,0.1232409,0.7432553
1105,0.1327991,0.1212605,0.7459404
1106,0.1315326,0.1197379,0.7487295
1107,0.1301432,0.1183003,0.7515566
1108,0.1287125,0.1169556,0.7543319
1109,0.1272967,0.1157064,0.7569969
1110,0.1259296,0.1145462,0.7595241
1111,0.1246342,0.1134676,0.7618982
1112,0.1234173,0.1124141,0.7641687
1113,0.1223083,0.1114415,0.7662501
1114,0.1213339,0.110554,0.7681121
1115,0.1205284,0.1097702,0.7697014
1116,0.1199311,0.1091292,0.7709396
1117,0.1129092,0.107907,0.7791839
1118,0.1135519,0.1079107,0.7785374
1119,0.1130942,0.1069786,0.7799273
