EwEVersion,"6.5.13829.0 (compiled 2016-05-17)"
Date,"2016-09-06 16:58:36"
ModelName,Baltic_Proper-SEALS
EcosimScenario,Proper1_SealVuln100_19742100_seal1_cofF03
TimeSeries,new_data_weights_19742100_BAU_WAR1_codF03_seal100
StartYear,1974

Data,"Prey of Pseudocalanus sp."

TimeStep,"Cyanobacteria","Phytoplankton","microzooplankton","Detritus-water column",
1,0.04366294,0.4557547,0.2818175,0.2187648
2,0.04009329,0.4747883,0.2833427,0.2017757
3,0.03816162,0.4799528,0.2887887,0.1930968
4,0.03708253,0.4799942,0.2942973,0.1886259
5,0.03647449,0.4783787,0.2987402,0.1864066
6,0.03613125,0.4764783,0.3019903,0.1854002
7,0.03593611,0.4747769,0.3042554,0.1850316
8,0.03582186,0.4733877,0.3058117,0.1849787
9,0.03574984,0.4722825,0.3069051,0.1850626
10,0.03569806,0.4713918,0.3077239,0.1851862
11,0.0356543,0.4706463,0.3084007,0.1852987
12,0.03561193,0.4699903,0.3090229,0.185375
13,0.03617777,0.4636159,0.3116299,0.1885765
14,0.03655842,0.4606593,0.3120425,0.1907397
15,0.03677773,0.4593259,0.311914,0.1919824
16,0.03688683,0.4587188,0.311784,0.1926104
17,0.03692296,0.4583818,0.3118586,0.1928367
18,0.0369129,0.4581037,0.3121724,0.1928111
19,0.03687529,0.4578027,0.3126848,0.1926372
20,0.03682293,0.4574618,0.313329,0.1923863
21,0.03676483,0.4570924,0.3140332,0.1921095
22,0.03670745,0.4567172,0.3147301,0.1918453
23,0.03665565,0.4563605,0.3153605,0.1916234
24,0.03661297,0.4560439,0.3158765,0.1914666
25,0.0331501,0.4876059,0.3057854,0.1734587
26,0.0311473,0.4966093,0.3089246,0.1633187
27,0.0300859,0.4979154,0.3136111,0.1583877
28,0.02950414,0.4967392,0.3177379,0.1560188
29,0.02919316,0.4950518,0.3206866,0.1550684
30,0.02903376,0.493532,0.322546,0.1548883
31,0.02895669,0.4923404,0.3235983,0.1551045
32,0.02892209,0.4914492,0.3241238,0.155505
33,0.02890749,0.4907782,0.3243417,0.1559726
34,0.02890019,0.4902472,0.3244103,0.1564424
35,0.02889356,0.4897931,0.3244314,0.1568819
36,0.02888434,0.4893726,0.3244662,0.1572768
37,0.02955887,0.4812846,0.3278544,0.1613022
38,0.03001414,0.4778103,0.3281161,0.1640595
39,0.03029162,0.4764452,0.3274859,0.1657773
40,0.03044759,0.4759791,0.3267741,0.1667992
41,0.03052419,0.4758197,0.3262832,0.1673729
42,0.03055126,0.4757066,0.3260723,0.1676698
43,0.03054884,0.4755455,0.326102,0.1678037
44,0.03052985,0.475318,0.3263055,0.1678467
45,0.03050243,0.4750356,0.326618,0.167844
46,0.03047219,0.4747208,0.326979,0.167828
47,0.0304427,0.4743961,0.3273412,0.16782
48,0.03041626,0.4740805,0.3276694,0.1678339
49,0.03112203,0.4656736,0.3313853,0.1718192
50,0.03161123,0.4620529,0.3317747,0.1745611
51,0.0319217,0.4607027,0.3311035,0.1762721
52,0.03211289,0.4603889,0.330176,0.1773222
53,0.03222897,0.4604934,0.3293034,0.1779742
54,0.03230109,0.4607324,0.3285587,0.1784078
55,0.0323495,0.4609911,0.327923,0.1787364
56,0.03238653,0.461233,0.3273543,0.1790261
57,0.03241906,0.4614533,0.3268162,0.1793116
58,0.03244996,0.4616547,0.3262921,0.1796033
59,0.03248022,0.4618403,0.3257777,0.1799018
60,0.03250976,0.4620113,0.325277,0.1802018
61,0.03279651,0.4583774,0.3270487,0.1817774
62,0.03298131,0.4566708,0.3275991,0.1827488
63,0.03311392,0.4559421,0.3274815,0.1834624
64,0.03320458,0.4556985,0.327134,0.1839629
65,0.03326678,0.4556791,0.3267309,0.1843232
66,0.0333106,0.4557526,0.3263397,0.184597
67,0.0333429,0.4558569,0.3259811,0.1848191
68,0.0333679,0.455964,0.3256585,0.1850096
69,0.03338807,0.4560619,0.3253711,0.1851789
70,0.03340508,0.4561471,0.3251136,0.1853342
71,0.03341978,0.4562194,0.3248827,0.1854781
72,0.03343256,0.4562791,0.3246769,0.1856114
73,0.03145631,0.476575,0.3172291,0.1747396
74,0.03024613,0.4832559,0.318229,0.168269
75,0.0295532,0.4847052,0.320933,0.1648086
76,0.02915549,0.4842364,0.3235898,0.1630183
77,0.02892856,0.4832236,0.3256813,0.1621666
78,0.02879884,0.4821925,0.3271807,0.1618279
79,0.02872261,0.4813037,0.3282202,0.1617535
80,0.02867417,0.4805715,0.3289544,0.1617998
81,0.02863875,0.479962,0.3295127,0.1618865
82,0.02860807,0.4794323,0.3299897,0.16197
83,0.02857767,0.4789471,0.330447,0.1620281
84,0.02854539,0.4784811,0.3309222,0.1620513
85,0.02860034,0.4783809,0.3303103,0.1627084
86,0.02864647,0.4784861,0.3295572,0.1633102
87,0.02865083,0.4785344,0.3292269,0.1635879
88,0.0286345,0.4784752,0.329192,0.1636983
89,0.028605,0.4783058,0.3293932,0.163696
90,0.02856615,0.4780417,0.3297829,0.1636092
91,0.02852024,0.4777029,0.3303211,0.1634558
92,0.0284689,0.477308,0.3309737,0.1632493
93,0.02841358,0.4768748,0.3317095,0.163002
94,0.02835585,0.4764191,0.3324978,0.1627274
95,0.0282976,0.4759564,0.3333049,0.1624411
96,0.02824106,0.4755029,0.3340946,0.1621616
97,0.02775283,0.4804462,0.3323175,0.1594833
98,0.02743677,0.4821348,0.3325769,0.1578515
99,0.02723672,0.4824592,0.3333916,0.1569125
100,0.02711729,0.4822813,0.3341454,0.1564561
101,0.02705215,0.4819892,0.3346333,0.1563255
102,0.02702351,0.4817384,0.3348223,0.1564157
103,0.02701935,0.4815748,0.3347504,0.1566554
104,0.02703137,0.4814954,0.334479,0.1569942
105,0.02705368,0.4814784,0.3340726,0.1573953
106,0.02708176,0.4814977,0.3335923,0.1578284
107,0.02711206,0.4815294,0.3330894,0.1582691
108,0.0271419,0.4815552,0.3326046,0.1586984
109,0.02802959,0.4717747,0.3360826,0.1641131
110,0.02866479,0.4678608,0.3355022,0.1679723
111,0.02907423,0.4666476,0.3338795,0.1703987
112,0.02932973,0.4665943,0.3321984,0.1718776
113,0.02948329,0.4669358,0.3308393,0.1727416
114,0.02957215,0.4673304,0.3298746,0.1732228
115,0.02962137,0.4676506,0.3292538,0.1734743
116,0.02964705,0.4678677,0.3288927,0.1735924
117,0.02965911,0.4679938,0.3287113,0.1736357
118,0.0296634,0.4680509,0.3286479,0.1736378
119,0.02966344,0.4680609,0.3286573,0.1736185
120,0.02966128,0.4680413,0.3287082,0.1735892
121,0.02934244,0.4711924,0.3277817,0.1716834
122,0.02912392,0.4722255,0.3282636,0.170387
123,0.02899351,0.4723898,0.3289608,0.1696558
124,0.02891519,0.4722258,0.3296125,0.1692466
125,0.02886892,0.4719749,0.330125,0.1690312
126,0.02884188,0.4717343,0.3304939,0.1689299
127,0.02882604,0.4715347,0.330746,0.1688932
128,0.02881651,0.4713781,0.3309138,0.1688915
129,0.02881043,0.4712569,0.3310248,0.1689079
130,0.02880617,0.4711621,0.3310989,0.1689329
131,0.02880281,0.4710857,0.3311502,0.1689613
132,0.02879984,0.4710222,0.3311877,0.1689904
133,0.03107048,0.4410916,0.3461326,0.1817054
134,0.03271073,0.4257894,0.3511922,0.1903076
135,0.03385416,0.4186106,0.3516169,0.1959184
136,0.03458286,0.4156741,0.35064,0.199103
137,0.03501634,0.4147824,0.3495574,0.2006439
138,0.03526049,0.4147786,0.3487591,0.2012018
139,0.0353962,0.4151172,0.3482248,0.2012618
140,0.03547912,0.4155788,0.3477961,0.201146
141,0.03554447,0.4160982,0.3473088,0.2010486
142,0.03561351,0.416672,0.3466335,0.201081
143,0.03569745,0.4173139,0.3456933,0.2012953
144,0.03580118,0.4180361,0.3444553,0.2017074
145,0.03271698,0.4543293,0.3283747,0.1845791
146,0.03100077,0.467705,0.3257764,0.1755178
147,0.03009409,0.4724934,0.3262419,0.1711706
148,0.02961607,0.4739084,0.3272547,0.1692209
149,0.02936777,0.4740688,0.3280831,0.1684803
150,0.02924176,0.4738351,0.3285974,0.1683259
151,0.02917946,0.4735296,0.3288573,0.1684336
152,0.02914914,0.473252,0.3289593,0.1686395
153,0.02913379,0.4730157,0.3289869,0.1688636
154,0.0291243,0.4728071,0.3290001,0.1690685
155,0.0291159,0.472608,0.3290382,0.1692379
156,0.02910605,0.4724034,0.3291252,0.1693654
157,0.03451302,0.4078953,0.3573082,0.2002835
158,0.03940519,0.3681998,0.3649669,0.2274281
159,0.04341533,0.3445506,0.3634385,0.2485955
160,0.04645224,0.331389,0.3585302,0.2636285
161,0.04857721,0.3247693,0.3534334,0.2732201
162,0.0499473,0.3219716,0.3495553,0.2785259
163,0.050755,0.3212138,0.3472255,0.2808057
164,0.05118358,0.3214235,0.346209,0.281184
165,0.05138333,0.3220295,0.3460464,0.2805408
166,0.05146574,0.3227776,0.3462543,0.2795024
167,0.05150741,0.3235856,0.3464257,0.2784813
168,0.05155673,0.3244479,0.346272,0.2777234
169,0.04741256,0.3671897,0.3303617,0.255036
170,0.0448836,0.387352,0.3259172,0.2418472
171,0.04380365,0.397351,0.3216012,0.237244
172,0.043328,0.4030481,0.3177063,0.2359176
173,0.0431107,0.4064235,0.3147432,0.2357226
174,0.04302894,0.4085378,0.312447,0.2359862
175,0.04301205,0.4099293,0.3107076,0.236351
176,0.04302216,0.4108849,0.3094378,0.2366552
177,0.0430408,0.4115645,0.3085484,0.2368463
178,0.04306005,0.4120606,0.3079549,0.2369245
179,0.04307682,0.4124299,0.3075854,0.2369078
180,0.04309006,0.4127096,0.3073845,0.2368159
181,0.04183706,0.4259411,0.3022794,0.2299425
182,0.04099063,0.4319858,0.3016572,0.2253664
183,0.04045369,0.4344973,0.302544,0.2225051
184,0.04011884,0.4353145,0.3038374,0.2207292
185,0.0399114,0.4353798,0.3050963,0.2196124
186,0.03978157,0.435155,0.3061861,0.2188773
187,0.03969697,0.4348505,0.3071045,0.218348
188,0.03963698,0.4345508,0.3078965,0.2179157
189,0.03958869,0.4342804,0.3086169,0.2175139
190,0.03954432,0.434038,0.3093135,0.2171041
191,0.03949916,0.4338132,0.3100235,0.2166641
192,0.03945049,0.4335945,0.3107736,0.2161814
193,0.03867259,0.4411125,0.3083947,0.2118202
194,0.03813435,0.4442956,0.3087534,0.2088166
195,0.03777186,0.4453981,0.3100501,0.2067799
196,0.03752746,0.4455318,0.3115637,0.205377
197,0.03735952,0.4452653,0.3130017,0.2043734
198,0.03724027,0.4448748,0.3142667,0.2036182
199,0.03715211,0.4444853,0.3153432,0.2030194
200,0.0370844,0.4441468,0.3162438,0.202525
201,0.03703117,0.4438751,0.3169856,0.2021081
202,0.03698945,0.4436715,0.3175805,0.2017585
203,0.03695796,0.4435329,0.3180351,0.2014741
204,0.03693619,0.4434542,0.3183537,0.2012559
205,0.04006742,0.4107693,0.3312741,0.2178892
206,0.04255964,0.393156,0.3335781,0.2307062
207,0.04437167,0.3842962,0.3317804,0.2395517
208,0.04561312,0.3804749,0.3286995,0.2452125
209,0.04642287,0.379357,0.3256495,0.2485707
210,0.04693521,0.3795548,0.3230833,0.2504267
211,0.04726019,0.3803058,0.3210269,0.2514071
212,0.04747829,0.3812321,0.3193382,0.2519515
213,0.04764275,0.3821719,0.3178485,0.2523368
214,0.04778305,0.3830702,0.3164469,0.2526999
215,0.04791375,0.3839152,0.3150764,0.2530946
216,0.0480399,0.3847083,0.3137277,0.2535241
217,0.04411147,0.4237679,0.2991666,0.232954
218,0.0416986,0.4400159,0.2975595,0.2207259
219,0.04031653,0.4461746,0.2994606,0.2140482
220,0.03952727,0.4479823,0.3020268,0.2104637
221,0.0390826,0.4480375,0.3042704,0.2086094
222,0.03883742,0.4475022,0.3059518,0.2077085
223,0.03870597,0.4468656,0.3071125,0.207316
224,0.03863757,0.4463053,0.3078785,0.2071785
225,0.03860256,0.4458628,0.3083797,0.2071549
226,0.0385838,0.4455252,0.3087228,0.2071682
227,0.03857166,0.4452643,0.308986,0.2071781
228,0.03856084,0.4450514,0.309223,0.2071648
229,0.03914348,0.4379893,0.3127536,0.2101137
230,0.03953565,0.4344403,0.3140613,0.2119628
231,0.03978937,0.4327106,0.3144365,0.2130634
232,0.03993937,0.4319071,0.3145404,0.2136131
233,0.04001762,0.4315354,0.3146558,0.2137913
234,0.04004898,0.4313389,0.3148776,0.2137345
235,0.04005135,0.4311963,0.3152131,0.2135392
236,0.04003706,0.4310592,0.3156326,0.2132712
237,0.04001449,0.4309154,0.3160953,0.2129747
238,0.03998928,0.4307703,0.3165602,0.2126803
239,0.03996528,0.430635,0.3169911,0.2124087
240,0.039945,0.4305219,0.3173586,0.2121744
241,0.03850862,0.4429264,0.3142269,0.2043381
242,0.03754119,0.4475258,0.315819,0.199114
243,0.03697465,0.4487921,0.3180361,0.1961971
244,0.03664685,0.4487491,0.3199922,0.1946119
245,0.0364649,0.4483048,0.3214069,0.1938235
246,0.03637029,0.4478371,0.3222913,0.1935014
247,0.0363262,0.4474752,0.322758,0.1934405
248,0.03630983,0.4472384,0.3229361,0.1935156
249,0.03630744,0.4471045,0.3229364,0.1936518
250,0.03631141,0.4470422,0.3228375,0.193809
251,0.03631749,0.4470234,0.3226933,0.1939659
252,0.03632355,0.4470268,0.3225375,0.1941122
253,0.0359414,0.4534702,0.3180392,0.1925491
254,0.03571264,0.4567751,0.3156881,0.1918242
255,0.03554628,0.4584182,0.3147161,0.1913194
256,0.03543652,0.4591694,0.3143443,0.1910498
257,0.03536581,0.45946,0.3142384,0.1909358
258,0.03531984,0.4595198,0.3142499,0.1909106
259,0.03528865,0.4594663,0.3143166,0.1909284
260,0.03526567,0.4593575,0.3144159,0.190961
261,0.03524686,0.45922,0.3145411,0.190992
262,0.03522978,0.4590663,0.3146911,0.1910128
263,0.03521309,0.4589016,0.3148655,0.1910198
264,0.03519611,0.4587286,0.3150631,0.1910122
265,0.03802617,0.4263578,0.3298459,0.2057701
266,0.04015591,0.4089649,0.3345667,0.2163125
267,0.04166771,0.4001484,0.3348154,0.2233685
268,0.04265537,0.3961096,0.3336692,0.2275659
269,0.04325286,0.3945394,0.3324803,0.2297274
270,0.04358786,0.3941244,0.3316911,0.2305967
271,0.0437642,0.3941875,0.331292,0.2307563
272,0.04385845,0.3944283,0.33109,0.2306231
273,0.04392269,0.394747,0.330858,0.2304723
274,0.04398837,0.3951325,0.3304178,0.2304614
275,0.04407195,0.3956012,0.3296632,0.2306636
276,0.04417856,0.3961665,0.3285669,0.231088
277,0.04526385,0.3887025,0.3292115,0.2368221
278,0.04615586,0.385497,0.326801,0.241546
279,0.0468082,0.3845592,0.3237089,0.2449238
280,0.04727481,0.3847891,0.320657,0.2472791
281,0.04760431,0.385543,0.3179626,0.2488901
282,0.04783652,0.3864659,0.3157191,0.2499783
283,0.04800155,0.3873781,0.313912,0.2507082
284,0.04812082,0.3882003,0.3124844,0.2511945
285,0.04820889,0.3889071,0.3113699,0.251514
286,0.04827553,0.3894999,0.3105066,0.2517179
287,0.04832716,0.3899916,0.3098418,0.2518395
288,0.0483679,0.390398,0.3093338,0.2519003
289,0.04459705,0.4266526,0.2962407,0.2325097
290,0.04225155,0.4417097,0.2951977,0.220841
291,0.04087997,0.4473002,0.2974918,0.2143281
292,0.04007688,0.4487852,0.3004036,0.2107344
293,0.03960877,0.4486201,0.3029713,0.2087999
294,0.03933763,0.447908,0.3049562,0.2077982
295,0.03918079,0.4471134,0.3063997,0.207306
296,0.03908853,0.4464041,0.3074302,0.2070772
297,0.03903126,0.4458164,0.3081815,0.2069708
298,0.03899179,0.4453361,0.3087633,0.2069089
299,0.03896025,0.4449336,0.3092562,0.2068499
300,0.0389312,0.4445806,0.3097153,0.2067729
301,0.03574353,0.4755996,0.2984748,0.1901821
302,0.03385547,0.4861015,0.2993512,0.1806918
303,0.03276691,0.4886355,0.3030695,0.1755281
304,0.03212961,0.4881412,0.306988,0.1727412
305,0.03175275,0.4866952,0.3102668,0.1712852
306,0.03152632,0.4851279,0.3127777,0.1705681
307,0.03138567,0.4837233,0.3146418,0.1702491
308,0.0312929,0.4825386,0.3160352,0.1701333
309,0.03122607,0.4815464,0.3171161,0.1701115
310,0.03117247,0.4806975,0.3180073,0.1701227
311,0.03112524,0.4799465,0.3187918,0.1701364
312,0.03108088,0.479259,0.3195207,0.1701394
313,0.03517626,0.4330579,0.3394478,0.192318
314,0.03858582,0.4074194,0.3437215,0.2102733
315,0.04113782,0.3940955,0.3417163,0.2230503
316,0.042898,0.388014,0.3378111,0.2312769
317,0.04401465,0.3858339,0.3341893,0.2359621
318,0.04466307,0.3855055,0.3316437,0.2381877
319,0.04500403,0.3858958,0.3302059,0.2388943
320,0.04516532,0.3864704,0.3295608,0.2388034
321,0.04523971,0.3870453,0.3292903,0.2384246
322,0.04528743,0.3876072,0.3290291,0.2380764
323,0.04534405,0.3882025,0.3285165,0.2379369
324,0.04542674,0.3888798,0.3276141,0.2380794
325,0.04516664,0.3937317,0.3244513,0.2366503
326,0.04505469,0.3967524,0.3220412,0.2361517
327,0.04503655,0.3988081,0.3199577,0.2361978
328,0.04508004,0.4003365,0.3179978,0.2365856
329,0.04515633,0.4015617,0.316147,0.2371349
330,0.04524498,0.4025898,0.314445,0.2377202
331,0.04533327,0.4034683,0.312933,0.2382655
332,0.04541407,0.4042186,0.3116361,0.2387311
333,0.04548412,0.4048532,0.3105613,0.2391014
334,0.04554318,0.4053828,0.3096937,0.2393804
335,0.04559207,0.405819,0.3090107,0.2395782
336,0.04563198,0.4061745,0.3084871,0.2397064
337,0.0459609,0.4035165,0.309237,0.2412857
338,0.04619678,0.4022458,0.3092294,0.2423281
339,0.04635708,0.4017085,0.3089809,0.2429535
340,0.0464615,0.4015469,0.3087127,0.2432789
341,0.04652621,0.4015585,0.3085193,0.2433961
342,0.04656328,0.4016334,0.3084325,0.2433707
343,0.04658116,0.4017162,0.3084555,0.2432472
344,0.04658562,0.4017812,0.3085783,0.2430549
345,0.04658061,0.4018187,0.3087873,0.2428134
346,0.04656848,0.4018269,0.3090706,0.242534
347,0.04655104,0.4018074,0.3094165,0.2422251
348,0.04652962,0.4017635,0.309813,0.2418939
349,0.03966767,0.4620009,0.2922543,0.2060771
350,0.03593946,0.4795533,0.2974092,0.187098
351,0.03400084,0.4829307,0.3053493,0.1777192
352,0.03294146,0.4817232,0.3123964,0.172939
353,0.03235463,0.4793716,0.3177047,0.170569
354,0.03202825,0.4770916,0.3213969,0.1694833
355,0.03184454,0.4752239,0.3238654,0.1690661
356,0.0317369,0.4737796,0.325508,0.1689756
357,0.03166782,0.4726656,0.326642,0.1690245
358,0.03161652,0.4717761,0.3274941,0.1691133
359,0.03157191,0.4710233,0.3282129,0.1691919
360,0.03152838,0.4703445,0.328889,0.1692382
361,0.03506243,0.4325477,0.3440292,0.1883607
362,0.03797052,0.4127112,0.3454966,0.2038217
363,0.04006937,0.4031067,0.3423738,0.2144501
364,0.041469,0.399244,0.3381981,0.2210889
365,0.04232651,0.3982599,0.3346618,0.2247518
366,0.04280269,0.3984852,0.3323075,0.2264046
367,0.04303426,0.3990566,0.3310747,0.2268344
368,0.04312424,0.3996066,0.3306529,0.2266163
369,0.04314443,0.4000388,0.330675,0.2261417
370,0.04314298,0.4003851,0.3308029,0.2256689
371,0.04314984,0.40072,0.3307752,0.225355
372,0.04318153,0.4011144,0.330422,0.2252821
373,0.04371608,0.3967671,0.3316599,0.2278569
374,0.04414272,0.3949625,0.3309908,0.229904
375,0.04448206,0.3945499,0.329419,0.231549
376,0.044758,0.3949002,0.327423,0.2329188
377,0.04498822,0.3956424,0.3252725,0.2340969
378,0.04518376,0.3965582,0.3231314,0.2351266
379,0.04535101,0.3975193,0.3211046,0.2360252
380,0.04549384,0.3984508,0.3192564,0.2367991
381,0.04561495,0.3993108,0.3176222,0.237452
382,0.0457164,0.4000784,0.3162174,0.2379877
383,0.04580044,0.4007459,0.3150394,0.2384143
384,0.0458694,0.4013147,0.3140728,0.2387432
385,0.04603091,0.4010529,0.3133454,0.2395709
386,0.04615593,0.4011283,0.3125355,0.2401803
387,0.0462436,0.4013456,0.3118483,0.2405626
388,0.04630389,0.4016003,0.3113155,0.2407803
389,0.0463442,0.4018411,0.3109365,0.2408782
390,0.04636962,0.4020457,0.3106981,0.2408865
391,0.04638351,0.4022069,0.3105851,0.2408245
392,0.04638791,0.4023242,0.3105849,0.2407031
393,0.046384,0.4023992,0.3106885,0.2405283
394,0.04637283,0.4024352,0.3108859,0.240306
395,0.04635518,0.4024356,0.3111687,0.2400405
396,0.04633162,0.4024037,0.3115295,0.2397353
397,0.04746506,0.393833,0.3129885,0.2457135
398,0.04834076,0.3897845,0.3116193,0.2502555
399,0.04890494,0.3881696,0.3099502,0.2529753
400,0.04925,0.3877815,0.3085032,0.2544653
401,0.0494459,0.3879367,0.3074712,0.2551463
402,0.04954509,0.3882739,0.30686,0.255321
403,0.04958507,0.3886219,0.3065931,0.2551999
404,0.0495916,0.3889156,0.3065689,0.2549239
405,0.04958175,0.389144,0.3066889,0.2545853
406,0.04956628,0.3893199,0.306873,0.2542409
407,0.04955179,0.3894638,0.3070593,0.2539253
408,0.04954213,0.3895956,0.3072042,0.2536581
409,0.04449135,0.4349923,0.2926165,0.2278999
410,0.04149069,0.452163,0.2932648,0.2130815
411,0.03982203,0.4577651,0.2971499,0.205263
412,0.03888109,0.4587837,0.3011773,0.2011579
413,0.03835315,0.4581553,0.3044005,0.199091
414,0.03806038,0.4571032,0.3067033,0.1981332
415,0.03789938,0.4560923,0.3082517,0.1977565
416,0.03780973,0.4552586,0.3092705,0.1976612
417,0.03775636,0.4546048,0.3099586,0.1976802
418,0.03771939,0.4540902,0.3104665,0.1977239
419,0.03768785,0.453668,0.3108975,0.1977467
420,0.03765596,0.4532994,0.311317,0.1977276
421,0.03785306,0.4502825,0.3130586,0.1988059
422,0.03796555,0.4486755,0.3139741,0.1993849
423,0.03802139,0.4477741,0.3145533,0.1996512
424,0.03803432,0.4472177,0.3150674,0.1996806
425,0.03801835,0.4468158,0.3156124,0.1995533
426,0.03798461,0.4464773,0.3162055,0.1993325
427,0.03794141,0.4461651,0.3168277,0.1990658
428,0.03789493,0.4458701,0.3174461,0.198789
429,0.03784996,0.4455965,0.318023,0.1985306
430,0.03781022,0.4453542,0.3185218,0.1983137
431,0.03777853,0.4451541,0.3189108,0.1981565
432,0.03775686,0.4450055,0.3191661,0.1980715
433,0.04057435,0.4141165,0.3330341,0.212275
434,0.04268159,0.3973567,0.337625,0.2223367
435,0.04419466,0.3887519,0.3378523,0.2292012
436,0.04519836,0.3847578,0.3366373,0.2334066
437,0.04583206,0.3832197,0.3351654,0.2357828
438,0.04622673,0.3829071,0.3337961,0.23707
439,0.0464868,0.3831776,0.3325011,0.2378345
440,0.04668647,0.3837337,0.3311156,0.2384642
441,0.04687199,0.384457,0.3294834,0.2391876
442,0.04706435,0.3853022,0.3275451,0.2400883
443,0.04726739,0.3862414,0.3253379,0.2411532
444,0.04747428,0.3872402,0.3229761,0.2423095
445,0.04758507,0.3863579,0.323478,0.2425791
446,0.04761199,0.3857923,0.3242428,0.2423529
447,0.0476497,0.3854159,0.3246696,0.2422648
448,0.04769032,0.3851783,0.3248867,0.2422447
449,0.04773257,0.3850406,0.3249542,0.2422726
450,0.04777563,0.3849752,0.3249145,0.2423346
451,0.04781866,0.3849616,0.3248005,0.2424191
452,0.04786072,0.3849848,0.3246393,0.2425151
453,0.04790087,0.3850324,0.3244539,0.2426128
454,0.0479387,0.3850952,0.324259,0.2427071
455,0.04797392,0.3851667,0.3240655,0.2427938
456,0.04800631,0.3852419,0.3238818,0.24287
457,0.04784236,0.3917261,0.3176836,0.2427479
458,0.04792979,0.3962588,0.3116715,0.24414
459,0.04796166,0.3994085,0.3076614,0.2449685
460,0.04795935,0.4015754,0.305062,0.2454033
461,0.04793946,0.4030252,0.3034475,0.2455878
462,0.04791181,0.4039599,0.3025115,0.2456169
463,0.04788069,0.4045321,0.3020434,0.2455437
464,0.04784719,0.4048529,0.301905,0.2453949
465,0.04781073,0.405,0.3020078,0.2451814
466,0.04777024,0.4050261,0.3022963,0.2449073
467,0.04772455,0.4049656,0.3027365,0.2445733
468,0.0476721,0.4048377,0.3033151,0.244175
469,0.04228053,0.4517843,0.28934,0.2165953
470,0.0391448,0.4676697,0.2921988,0.2009867
471,0.03741448,0.4717122,0.2980982,0.1927751
472,0.03642897,0.471401,0.3037968,0.1883733
473,0.03585993,0.4697295,0.3083722,0.1860384
474,0.03552737,0.4678754,0.3117634,0.1848339
475,0.03532817,0.466243,0.3141948,0.184234
476,0.03520246,0.4649153,0.3159408,0.1839415
477,0.03511583,0.4638572,0.3172362,0.1837909
478,0.03504876,0.4630002,0.3182582,0.1836928
479,0.03499092,0.4622817,0.3191233,0.1836041
480,0.03493725,0.4616548,0.3199004,0.1835075
481,0.03854885,0.4258672,0.3329113,0.2026727
482,0.04151267,0.4068312,0.3335279,0.2181283
483,0.04364969,0.3975101,0.3300886,0.2287516
484,0.04508956,0.393742,0.3256705,0.235498
485,0.04598897,0.392852,0.3218053,0.2393537
486,0.04650607,0.3932448,0.3190026,0.2412466
487,0.04677548,0.3940596,0.3172318,0.2419331
488,0.04689954,0.3948992,0.3162308,0.2419705
489,0.04695062,0.3956287,0.3156774,0.2417433
490,0.04697543,0.3962427,0.3152903,0.2414916
491,0.04700245,0.3967842,0.3148571,0.2413561
492,0.0470468,0.3973033,0.314245,0.2414049
493,0.04404536,0.4264066,0.3033875,0.2261606
494,0.04218292,0.4388521,0.3018843,0.2170808
495,0.04111839,0.4438205,0.3028288,0.2122323
496,0.04052928,0.4455009,0.3041394,0.2098304
497,0.04021963,0.4458259,0.3051458,0.2088086
498,0.04006965,0.4456639,0.305739,0.2085274
499,0.04000693,0.4453814,0.306001,0.2086107
500,0.03998849,0.4451138,0.3060533,0.2088445
501,0.03998977,0.4448955,0.3060013,0.2091134
502,0.0399974,0.4447215,0.3059202,0.2093609
503,0.04000443,0.4445754,0.3058583,0.2095619
504,0.04000755,0.4444411,0.3058433,0.209708
505,0.04285379,0.4165952,0.3160811,0.2244699
506,0.04507719,0.4017424,0.3175017,0.2356787
507,0.04666245,0.394349,0.3156812,0.2433073
508,0.04772189,0.3911892,0.3129941,0.2480948
509,0.04838389,0.3902461,0.3105606,0.2508095
510,0.04876743,0.3903282,0.3087783,0.2521261
511,0.04896908,0.3907861,0.3076725,0.2525724
512,0.04906075,0.3913055,0.3071041,0.2525297
513,0.04909274,0.3917639,0.3068849,0.2522584
514,0.04909804,0.3921376,0.3068403,0.251924
515,0.04909755,0.3924457,0.3068282,0.2516285
516,0.04910359,0.39272,0.3067468,0.2514295
517,0.04484054,0.4316157,0.2938386,0.2297052
518,0.04224696,0.447032,0.2938008,0.2169202
519,0.04078364,0.452414,0.2967059,0.2100966
520,0.03996111,0.45366,0.2998209,0.2065579
521,0.03950866,0.4533512,0.3022863,0.2048538
522,0.03926816,0.4525957,0.3039845,0.2041517
523,0.03914604,0.4518312,0.3050521,0.2039706
524,0.03908723,0.4511966,0.3056803,0.204036
525,0.0390599,0.4507053,0.3060386,0.2041962
526,0.03904616,0.4503283,0.3062546,0.204371
527,0.03903634,0.4500273,0.3064151,0.2045212
528,0.03902546,0.4497702,0.3065747,0.2046297
529,0.04099098,0.4299585,0.3141858,0.2148647
530,0.04246071,0.4199566,0.3152781,0.2223046
531,0.04346332,0.4153044,0.3140858,0.2271464
532,0.0441031,0.4135017,0.3123599,0.2300353
533,0.04448183,0.4130755,0.3108798,0.2315628
534,0.04468483,0.4132148,0.3098945,0.2322058
535,0.04477679,0.4135133,0.3093951,0.2323149
536,0.04480342,0.4137962,0.3092686,0.2321318
537,0.04479563,0.4140104,0.3093771,0.2318169
538,0.04477371,0.4141597,0.3095929,0.2314736
539,0.04475056,0.4142693,0.3098133,0.2311669
540,0.04473406,0.4143675,0.309963,0.2309354
541,0.04686278,0.3950637,0.3163341,0.2417394
542,0.04852415,0.3849137,0.3165968,0.2499653
543,0.04970093,0.3799997,0.3147651,0.2555343
544,0.05050354,0.3780441,0.3123094,0.2591431
545,0.0510359,0.3776517,0.3099158,0.2613966
546,0.05138699,0.378008,0.3078167,0.2627883
547,0.05162432,0.3786679,0.3060306,0.2636772
548,0.0517944,0.3794078,0.304499,0.2642988
549,0.05192636,0.3801274,0.303155,0.2647913
550,0.05203693,0.3807889,0.3019485,0.2652257
551,0.05213473,0.3813829,0.3008512,0.2656312
552,0.05222355,0.3819111,0.2998514,0.2660139
553,0.05183747,0.3861029,0.2981136,0.2639461
554,0.05156469,0.3883086,0.2976289,0.2624979
555,0.05140445,0.3894249,0.2975015,0.2616693
556,0.05131943,0.3899683,0.2974753,0.2612371
557,0.05128204,0.3902268,0.2974474,0.2610437
558,0.05127261,0.3903541,0.2973922,0.2609811
559,0.05127786,0.3904271,0.2973163,0.2609787
560,0.05128931,0.3904809,0.2972368,0.260993
561,0.05130177,0.3905288,0.2971707,0.2609988
562,0.0513123,0.3905741,0.297131,0.2609826
563,0.05131936,0.3906161,0.2971263,0.2609383
564,0.05132227,0.3906528,0.2971612,0.2608637
565,0.04871794,0.4138865,0.289655,0.2477406
566,0.04698161,0.4243333,0.2894514,0.2392338
567,0.04591221,0.4285001,0.2913855,0.2342022
568,0.04526354,0.4297315,0.2937059,0.2312991
569,0.04487484,0.4296984,0.2957609,0.2296659
570,0.04464339,0.4292043,0.2973856,0.2287666
571,0.0445044,0.4286106,0.2986122,0.2282728
572,0.04441765,0.4280602,0.2995353,0.2279868
573,0.04435879,0.4275941,0.3002535,0.2277937
574,0.04431363,0.4272095,0.3008462,0.2276307
575,0.04427416,0.4268895,0.301371,0.2274653
576,0.04423618,0.4266158,0.3018651,0.2272829
577,0.04392081,0.4291035,0.3012731,0.2257026
578,0.04369804,0.4302275,0.3014464,0.2246281
579,0.04353831,0.4306527,0.3019386,0.2238703
580,0.04342403,0.4307297,0.3025099,0.2233364
581,0.04334037,0.4306501,0.3030612,0.2229484
582,0.04327701,0.4305128,0.3035559,0.2226543
583,0.04322736,0.4303661,0.303984,0.2224225
584,0.04318744,0.4302317,0.3043451,0.2222357
585,0.04315506,0.4301179,0.3046414,0.2220856
586,0.04312904,0.4300272,0.304875,0.2219688
587,0.04310883,0.4299593,0.3050472,0.2218846
588,0.04309415,0.4299131,0.3051593,0.2218334
589,0.04329794,0.4281718,0.3055888,0.2229414
590,0.04344689,0.427437,0.3053617,0.2237545
591,0.04354375,0.4272031,0.3049744,0.2242787
592,0.04360763,0.4272064,0.3045567,0.2246294
593,0.04365074,0.4273081,0.3041658,0.2248754
594,0.04368146,0.4274392,0.3038172,0.2250622
595,0.04370513,0.4275678,0.3035097,0.2252174
596,0.04372497,0.4276811,0.303237,0.2253568
597,0.04374271,0.4277754,0.3029939,0.2254879
598,0.04375904,0.4278504,0.3027779,0.2256127
599,0.04377415,0.4279073,0.3025879,0.2257307
600,0.04378799,0.4279474,0.3024244,0.2258403
601,0.04226873,0.4421746,0.2974108,0.2181458
602,0.04126813,0.4481134,0.2973838,0.2132347
603,0.0406563,0.4501973,0.298756,0.2103904
604,0.04029008,0.450549,0.3003483,0.2088127
605,0.04007557,0.4502068,0.3017269,0.2079907
606,0.03995201,0.4496528,0.3027935,0.2076016
607,0.03988093,0.4490907,0.303582,0.2074462
608,0.03983858,0.4485909,0.3041655,0.207405
609,0.03981066,0.4481645,0.3046161,0.2074088
610,0.03978886,0.4478,0.3049923,0.2074189
611,0.03976855,0.4474802,0.3053356,0.2074157
612,0.03974734,0.44719,0.3056727,0.20739
613,0.04137511,0.4305963,0.3122718,0.2157567
614,0.04256861,0.4222754,0.3134598,0.2216962
615,0.04336974,0.4184159,0.3127292,0.2254852
616,0.04387151,0.4169033,0.3115408,0.2276844
617,0.0441622,0.4165126,0.3105253,0.2287998
618,0.04431414,0.4165816,0.3098726,0.2292316
619,0.04438116,0.4167854,0.309564,0.2292695
620,0.04440078,0.4169883,0.3095002,0.2291107
621,0.04439795,0.4171518,0.309567,0.2288833
622,0.04438842,0.4172805,0.3096648,0.2286663
623,0.0443816,0.4173936,0.3097202,0.2285046
624,0.04438248,0.417511,0.3096863,0.2284202
625,0.04421516,0.4190958,0.3092061,0.2274829
626,0.04410798,0.4198912,0.3091004,0.2269005
627,0.04405751,0.420311,0.3089759,0.2266557
628,0.04404438,0.420567,0.3087609,0.2266276
629,0.04405545,0.4207619,0.3084452,0.2267375
630,0.04408091,0.4209392,0.3080531,0.2269268
631,0.0441137,0.4211122,0.3076205,0.2271536
632,0.04414894,0.4212806,0.3071818,0.2273886
633,0.04418345,0.4214391,0.3067645,0.227613
634,0.04421505,0.4215813,0.3063901,0.2278136
635,0.04424242,0.4217022,0.3060727,0.2279827
636,0.04426489,0.4217988,0.3058202,0.2281161
637,0.04657212,0.4007903,0.3127552,0.2398823
638,0.04836048,0.389635,0.3132503,0.2487543
639,0.04962093,0.3841148,0.3115472,0.2547171
640,0.05046024,0.3817799,0.3093158,0.2584441
641,0.05098763,0.3811142,0.3073255,0.2605726
642,0.0512993,0.3812273,0.3058352,0.2616382
643,0.05147097,0.381634,0.3048481,0.2620469
644,0.05155738,0.3820962,0.3042633,0.2620831
645,0.05159578,0.3825167,0.3039537,0.2619339
646,0.05161063,0.3828706,0.3038003,0.2617185
647,0.05161707,0.3831666,0.3037088,0.2615075
648,0.05162393,0.383424,0.3036122,0.2613399
649,0.04815798,0.4139334,0.2941352,0.2437734
650,0.04592699,0.4270194,0.2942643,0.2327893
651,0.04462441,0.4320112,0.2966771,0.2266873
652,0.0438754,0.4334475,0.2992676,0.2234095
653,0.04345713,0.433444,0.3013358,0.221763
654,0.04323317,0.4329614,0.3027738,0.2210316
655,0.04311995,0.432405,0.3036876,0.2207874
656,0.04306686,0.4319199,0.3042342,0.2207791
657,0.04304389,0.4315359,0.3045567,0.2208635
658,0.04303369,0.4312389,0.3047649,0.2209626
659,0.04302666,0.4310025,0.3049339,0.221037
660,0.04301781,0.4308021,0.3051113,0.2210688
661,0.04372207,0.4247288,0.3067297,0.2248195
662,0.04423094,0.4219311,0.3063533,0.2274848
663,0.04454913,0.4208001,0.3055827,0.229068
664,0.04473483,0.420473,0.3048677,0.2299245
665,0.04483068,0.4204824,0.3043873,0.2302997
666,0.04486798,0.4205918,0.3041719,0.2303683
667,0.04486877,0.4206953,0.3041855,0.2302504
668,0.04484802,0.4207557,0.30437,0.2300263
669,0.04481577,0.4207692,0.3046654,0.2297497
670,0.04477879,0.4207467,0.3050176,0.2294569
671,0.04474171,0.4207039,0.3053809,0.2291735
672,0.04470783,0.4206561,0.3057182,0.2289179
673,0.04356081,0.4303972,0.3030679,0.222974
674,0.04277879,0.4344911,0.303727,0.219003
675,0.04230243,0.4359357,0.3050612,0.2167006
676,0.04202076,0.4362116,0.3063386,0.2154291
677,0.04186386,0.4360446,0.3072871,0.2148043
678,0.04178486,0.4357705,0.3078706,0.214574
679,0.04175296,0.4355258,0.3081458,0.2145755
680,0.04174845,0.4353517,0.3081942,0.2147057
681,0.04175889,0.4352469,0.3080934,0.2149009
682,0.04177633,0.4351943,0.3079087,0.2151205
683,0.04179603,0.4351749,0.3076888,0.2153403
684,0.04181513,0.4351712,0.3074675,0.2155463
685,0.04254088,0.4282478,0.3099149,0.2192964
686,0.04306176,0.4249242,0.3100925,0.2219216
687,0.04340881,0.4234712,0.3095087,0.2236112
688,0.0436288,0.4229648,0.3087712,0.2246353
689,0.04376164,0.4228909,0.3081316,0.2252158
690,0.04383767,0.4229821,0.3076636,0.2255166
691,0.04387829,0.4231108,0.3073609,0.2256501
692,0.04389782,0.4232242,0.3071885,0.2256895
693,0.04390542,0.4233067,0.3071077,0.2256801
694,0.04390687,0.4233598,0.3070837,0.2256496
695,0.04390563,0.4233908,0.3070893,0.2256143
696,0.04390375,0.4234076,0.3071055,0.2255831
697,0.03816161,0.4775882,0.2876723,0.1965779
698,0.03504214,0.4945894,0.2889703,0.1813983
699,0.03336233,0.4985343,0.294399,0.1737045
700,0.03242918,0.4978701,0.2998998,0.1698009
701,0.03190659,0.4958649,0.3043058,0.1679227
702,0.03161325,0.4937535,0.3075023,0.1671309
703,0.03144691,0.4919329,0.3097143,0.1669058
704,0.031349,0.4904656,0.3112292,0.1669562
705,0.03128602,0.4892964,0.3122972,0.1671204
706,0.03123911,0.4883427,0.3131067,0.1673113
707,0.03119786,0.4875305,0.3137884,0.1674832
708,0.03115666,0.4868026,0.3144272,0.1676135
709,0.03364887,0.4588324,0.3264364,0.1810822
710,0.03553912,0.4451188,0.328279,0.1910631
711,0.03682858,0.4390885,0.3265117,0.1975711
712,0.03763556,0.4370079,0.3239772,0.2013794
713,0.03808927,0.4366956,0.3219474,0.2032677
714,0.03830469,0.4369898,0.3208034,0.2039021
715,0.03837221,0.4373508,0.3204836,0.2037933
716,0.03835818,0.4375885,0.3207419,0.2033114
717,0.03830994,0.4376905,0.3212796,0.20272
718,0.03826049,0.4377241,0.321811,0.2022044
719,0.03823158,0.4377799,0.3221003,0.2018882
720,0.03823445,0.4379336,0.3219989,0.2018331
721,0.03864679,0.4341392,0.323264,0.20395
722,0.03897158,0.4326689,0.3227142,0.2056454
723,0.03923587,0.4324258,0.3212531,0.2070852
724,0.03945299,0.4328265,0.319394,0.2083265
725,0.03963607,0.4335304,0.3174064,0.2094272
726,0.03979267,0.4343364,0.3154604,0.2104105
727,0.03992681,0.435124,0.3136688,0.2112804
728,0.04004071,0.4358227,0.3121032,0.2120334
729,0.04013589,0.4363969,0.3108004,0.2126669
730,0.04021411,0.4368375,0.3097639,0.2131846
731,0.04027697,0.4371529,0.3089767,0.2135935
732,0.04032612,0.4373606,0.3084097,0.2139035
733,0.04032372,0.4381225,0.3075938,0.2139599
734,0.04032564,0.4385601,0.3070859,0.2140284
735,0.04032446,0.4387892,0.3068334,0.2140529
736,0.04032107,0.4388851,0.3067495,0.2140444
737,0.04031477,0.4388962,0.306787,0.214002
738,0.04030485,0.4388526,0.3069184,0.2139241
739,0.04029083,0.4387725,0.3071267,0.2138099
740,0.04027245,0.4386671,0.3074009,0.2136596
741,0.04024967,0.4385438,0.3077321,0.2134744
742,0.04022274,0.4384077,0.3081124,0.2132571
743,0.04019208,0.4382626,0.3085337,0.2130115
744,0.04015827,0.4381123,0.3089871,0.2127423
745,0.04180774,0.4211275,0.3158869,0.2211779
746,0.04301953,0.4125337,0.3173216,0.2271252
747,0.04383197,0.4085145,0.3168002,0.2308534
748,0.04433874,0.4069347,0.3157856,0.2329409
749,0.044631,0.4065484,0.3148983,0.2339223
750,0.04478506,0.4066767,0.3143087,0.2342296
751,0.04485882,0.4069856,0.313973,0.2341825
752,0.04489315,0.4073359,0.3137696,0.2340014
753,0.04491474,0.4076881,0.3135709,0.2338263
754,0.04493984,0.4080469,0.3132741,0.2337391
755,0.04497674,0.4084299,0.3128157,0.2337777
756,0.04502815,0.4088514,0.3121726,0.2339479
757,0.04002415,0.4576702,0.2939312,0.2083744
758,0.03718792,0.4750643,0.2933211,0.1944267
759,0.03563295,0.4804019,0.2967324,0.1872328
760,0.03476998,0.4810972,0.3005401,0.1835928
761,0.03429489,0.4801768,0.3036508,0.1818775
762,0.03403872,0.4788623,0.3059034,0.1811956
763,0.03390419,0.4776048,0.3074453,0.1810457
764,0.03383463,0.4765337,0.3084875,0.1811442
765,0.03379719,0.4756512,0.3092175,0.181334
766,0.03377317,0.4749186,0.3097776,0.1815305
767,0.03375222,0.4742903,0.3102667,0.1816907
768,0.03372876,0.4737273,0.31075,0.1817938
769,0.03510626,0.4581498,0.317522,0.189222
770,0.03608094,0.4507416,0.3188556,0.1943218
771,0.03670815,0.4475032,0.3183496,0.197439
772,0.03707436,0.4462943,0.3175295,0.1991018
773,0.03725719,0.44594,0.3170391,0.1997637
774,0.03731769,0.4458464,0.3170646,0.1997713
775,0.03730052,0.4457492,0.3175769,0.1993734
776,0.03723738,0.4455585,0.3184586,0.1987455
777,0.03715099,0.4452709,0.3195634,0.1980148
778,0.03705867,0.4449225,0.3207374,0.1972814
779,0.03697421,0.4445668,0.3218303,0.1966286
780,0.03690879,0.4442636,0.3227004,0.1961272
781,0.03481707,0.465677,0.3143101,0.1851958
782,0.03356266,0.4737554,0.3137408,0.1789411
783,0.03284468,0.4764272,0.3150922,0.1756358
784,0.0324566,0.4769941,0.3164249,0.1741244
785,0.03226329,0.4768713,0.3172194,0.173646
786,0.03218152,0.4766106,0.3174737,0.1737341
787,0.03216096,0.4763833,0.3173468,0.174109
788,0.03217161,0.4762094,0.3170131,0.1746058
789,0.03219581,0.4760631,0.3166115,0.1751296
790,0.0322229,0.4759143,0.3162384,0.1756244
791,0.03224698,0.475744,0.3159471,0.1760619
792,0.03226503,0.4755441,0.3157605,0.1764304
793,0.03222511,0.4759653,0.3153394,0.1764703
794,0.03219443,0.4759724,0.3153014,0.1765318
795,0.03216859,0.4757787,0.3154585,0.1765942
796,0.03214428,0.475485,0.3157288,0.176642
797,0.03211902,0.4751426,0.3160748,0.1766635
798,0.03209125,0.4747769,0.31648,0.1766519
799,0.03206013,0.4743993,0.3169365,0.176604
800,0.03202534,0.4740152,0.3174398,0.1765196
801,0.03198694,0.4736274,0.3179851,0.1764006
802,0.03194543,0.4732388,0.3185644,0.1762514
803,0.03190155,0.4728529,0.319167,0.1760785
804,0.03185629,0.4724745,0.3197795,0.1758899
805,0.03375058,0.4507124,0.3293712,0.1861658
806,0.03514367,0.4403009,0.3310706,0.1934848
807,0.03607307,0.4358617,0.3299668,0.1980985
808,0.03664907,0.4344314,0.3281972,0.2007222
809,0.03698215,0.4343525,0.3266305,0.2020349
810,0.03716461,0.4347822,0.3254691,0.2025841
811,0.03726488,0.4353495,0.3246197,0.2027659
812,0.03732896,0.4359293,0.3239019,0.2028398
813,0.03738443,0.4365064,0.3231542,0.2029549
814,0.0374456,0.4371,0.3222726,0.2031818
815,0.03751758,0.437728,0.321218,0.2035364
816,0.03759979,0.4383937,0.3200056,0.2040009
817,0.03752792,0.4406595,0.3181418,0.2036707
818,0.03750722,0.442049,0.316786,0.2036578
819,0.03752413,0.4429883,0.3156175,0.20387
820,0.03756158,0.4436751,0.3145706,0.2041927
821,0.03760812,0.4441997,0.3136415,0.2045506
822,0.03765631,0.4446025,0.3128454,0.2048958
823,0.03770167,0.4449034,0.3121947,0.2052003
824,0.03774162,0.4451162,0.3116926,0.2054496
825,0.03777482,0.4452537,0.3113336,0.2056379
826,0.0378006,0.4453285,0.3111075,0.2057634
827,0.03781874,0.4453521,0.3110016,0.2058275
828,0.03782934,0.4453347,0.3110029,0.205833
829,0.03527988,0.4713493,0.301216,0.1921548
830,0.03373073,0.4806301,0.3015529,0.1840863
831,0.03282288,0.4831279,0.3044702,0.1795791
832,0.03228825,0.4829463,0.3076764,0.177089
833,0.03197233,0.4818739,0.3104088,0.175745
834,0.0317831,0.480649,0.3125299,0.175038
835,0.03166524,0.4795367,0.3141301,0.174668
836,0.03158571,0.4785984,0.3153564,0.1744595
837,0.03152497,0.4778177,0.3163456,0.1743118
838,0.03147193,0.4771548,0.3172031,0.1741702
839,0.0314205,0.4765713,0.3180017,0.1740065
840,0.03136763,0.4760375,0.3187861,0.1738087
841,0.03252992,0.4618553,0.3254639,0.1801509
842,0.03332991,0.4552563,0.3270725,0.1843412
843,0.03383119,0.4524574,0.3269179,0.1867936
844,0.03411333,0.451458,0.3264244,0.1880044
845,0.03425027,0.4512061,0.3261209,0.1884228
846,0.03430051,0.4512043,0.3260981,0.188397
847,0.03430692,0.4512588,0.3262548,0.1881795
848,0.03429922,0.4513286,0.3264282,0.187944
849,0.03429648,0.4514376,0.3264644,0.1878016
850,0.03430915,0.4516238,0.3262558,0.1878113
851,0.03434061,0.451912,0.3257599,0.1879875
852,0.03438971,0.4523066,0.3249878,0.1883159
853,0.03420854,0.455518,0.3228058,0.1874677
854,0.03411733,0.4572327,0.3214852,0.1871648
855,0.03408896,0.4582468,0.3204321,0.1872321
856,0.0341004,0.4589165,0.3194589,0.1875241
857,0.03413375,0.4593998,0.3185398,0.1879267
858,0.0341768,0.4597577,0.3177034,0.1883621
859,0.03422166,0.4600121,0.3169858,0.1887805
860,0.03426336,0.460174,0.3164109,0.1891517
861,0.03429891,0.4602546,0.3159873,0.1894592
862,0.03432671,0.4602668,0.3157106,0.1896959
863,0.0343461,0.4602236,0.3155692,0.1898611
864,0.034357,0.4601362,0.3155497,0.189957
865,0.034405,0.4595399,0.3158202,0.190235
866,0.03443039,0.4591868,0.3160175,0.1903652
867,0.0344371,0.4589387,0.3162508,0.1903735
868,0.03442933,0.4587282,0.3165562,0.1902863
869,0.03441031,0.4585226,0.3169429,0.1901241
870,0.03438254,0.4583085,0.3174064,0.1899024
871,0.03434802,0.4580821,0.3179359,0.1896339
872,0.03430846,0.4578449,0.3185166,0.18933
