EwEVersion,"6.5.13829.0 (compiled 2016-05-17)"
Date,"2016-09-06 16:58:36"
ModelName,Baltic_Proper-SEALS
EcosimScenario,Proper1_SealVuln100_19742100_seal1_cofF03
TimeSeries,new_data_weights_19742100_BAU_WAR1_codF03_seal100
StartYear,1974

Data,"Prey of JuvSprat"

TimeStep,"Temora sp","Acartia sp","Pseudocalanus sp.","other mesozooplankton","Mysids",
1,0.3416932,0.2886027,0.1891643,0.1800693,0.0004705526
2,0.3482671,0.2841473,0.1803821,0.186754,0.0004494748
3,0.3504935,0.2783198,0.1777553,0.1929758,0.0004555885
4,0.3508407,0.2745149,0.1778672,0.1963002,0.0004768951
5,0.3503381,0.2715918,0.179495,0.1980676,0.0005075192
6,0.3492337,0.2692107,0.1817131,0.1992999,0.0005424765
7,0.3476537,0.2672598,0.1839658,0.2005427,0.0005779997
8,0.345695,0.265645,0.185981,0.2020675,0.00061143
9,0.3434239,0.2642711,0.1876572,0.2040067,0.000640956
10,0.3408804,0.263051,0.188981,0.2064222,0.0006653713
11,0.3380892,0.2619119,0.1899772,0.2093378,0.0006838777
12,0.3350734,0.2607948,0.1906819,0.2127539,0.0006959516
13,0.3422299,0.2583334,0.1877509,0.2109975,0.0006882315
14,0.336207,0.257478,0.19012,0.2154983,0.0006967137
15,0.3322332,0.256806,0.1906997,0.2195712,0.0006899872
16,0.3288543,0.255479,0.1907574,0.2242355,0.0006737927
17,0.3258283,0.2537416,0.1904923,0.2292879,0.0006498787
18,0.3232095,0.2518364,0.1899555,0.2343788,0.0006197287
19,0.3211084,0.2500156,0.1891461,0.239145,0.0005849206
20,0.3195709,0.248781,0.1879573,0.2431439,0.0005468853
21,0.3185756,0.2487274,0.1862569,0.2459331,0.0005070793
22,0.3180169,0.2504244,0.1839455,0.2471461,0.0004670407
23,0.3177345,0.2542514,0.1810067,0.246579,0.0004283691
24,0.3176013,0.2601646,0.1775576,0.2442839,0.0003926796
25,0.2380597,0.2693503,0.1996187,0.2925476,0.0004236827
26,0.2625619,0.2737003,0.1828409,0.28053,0.0003670059
27,0.2669874,0.2787004,0.1768901,0.277069,0.0003530545
28,0.2703961,0.2869772,0.1723362,0.2699395,0.0003510095
29,0.2742392,0.2913499,0.1702376,0.2638125,0.0003608056
30,0.2783691,0.2916875,0.1700142,0.2595499,0.0003793488
31,0.2821794,0.2898529,0.1708087,0.2567559,0.0004030892
32,0.2852545,0.287684,0.1718478,0.2547852,0.0004285468
33,0.2874957,0.2853884,0.1729837,0.2536781,0.000454093
34,0.2888957,0.2833683,0.1740046,0.2532534,0.0004779854
35,0.2895394,0.2816929,0.1748276,0.2534411,0.0004990315
36,0.2895322,0.2803111,0.1754304,0.25421,0.0005164269
37,0.2883649,0.2812725,0.1764547,0.2533773,0.0005306397
38,0.284924,0.2810584,0.178639,0.2548325,0.0005460684
39,0.282292,0.2807747,0.1794172,0.2569656,0.0005504437
40,0.2798591,0.2802824,0.179499,0.2598128,0.0005466588
41,0.2774936,0.2798051,0.1791454,0.2630192,0.0005365404
42,0.275208,0.279474,0.1785127,0.2662835,0.0005218071
43,0.2730548,0.2793608,0.1777012,0.2693791,0.0005040347
44,0.2711406,0.2789463,0.1771201,0.2723078,0.0004852753
45,0.2694176,0.2791502,0.1763866,0.2745797,0.0004657466
46,0.2679645,0.2799452,0.1755176,0.2761263,0.0004464342
47,0.2668402,0.2813192,0.1745254,0.2768871,0.0004280837
48,0.266093,0.2832029,0.1734384,0.2768544,0.0004113098
49,0.2656955,0.2900134,0.1716089,0.2722934,0.0003887971
50,0.2632294,0.2931138,0.1724719,0.2708076,0.0003772973
51,0.2626612,0.295355,0.1724627,0.2691566,0.0003643901
52,0.2630394,0.2971738,0.1720313,0.2674034,0.0003520501
53,0.2641016,0.2990353,0.1712965,0.2652254,0.000341131
54,0.2657775,0.3008488,0.1704401,0.2626011,0.000332491
55,0.2680259,0.3023398,0.1696402,0.2596673,0.0003267771
56,0.2707658,0.303656,0.1687926,0.2564615,0.0003240108
57,0.2739105,0.3041462,0.1682365,0.2533821,0.000324641
58,0.2772435,0.3040041,0.1679548,0.2504692,0.000328363
59,0.2805695,0.3033983,0.1679196,0.2477779,0.0003347798
60,0.2837314,0.3024903,0.1680886,0.2453462,0.0003433943
61,0.2583606,0.3106692,0.1763932,0.254206,0.0003709999
62,0.2577043,0.3120405,0.1775855,0.252289,0.0003807744
63,0.2582424,0.3111456,0.1788372,0.251384,0.000390876
64,0.2593454,0.3105244,0.17951,0.2502211,0.0003990216
65,0.2607475,0.3100168,0.1798884,0.2489415,0.0004059565
66,0.2623197,0.3094819,0.1801486,0.2476376,0.0004122888
67,0.2639747,0.3088743,0.1803772,0.2463554,0.0004183953
68,0.2656454,0.307858,0.1808646,0.2452071,0.0004249704
69,0.267214,0.3068527,0.1814156,0.2440859,0.000431791
70,0.268676,0.3057876,0.1820409,0.2430566,0.0004389278
71,0.2700049,0.3046716,0.1827326,0.2421446,0.0004463091
72,0.2711783,0.303526,0.1834791,0.2413627,0.0004538115
73,0.2454144,0.3071611,0.1905587,0.2564,0.0004658318
74,0.2430644,0.3080632,0.1888249,0.2595911,0.0004563784
75,0.2452163,0.3042722,0.1887812,0.261271,0.0004592668
76,0.2479245,0.3010661,0.1892232,0.2613184,0.0004678686
77,0.2499925,0.2983987,0.1901027,0.2610262,0.0004798456
78,0.2510851,0.2961023,0.1912665,0.2610529,0.0004930912
79,0.2511694,0.2941245,0.1925464,0.261654,0.0005058467
80,0.2503315,0.292423,0.1938072,0.2629216,0.0005167205
81,0.2486616,0.2909705,0.1949847,0.2648584,0.0005247851
82,0.2462543,0.2897584,0.1960309,0.2674269,0.000529399
83,0.2432028,0.2887762,0.1969173,0.2705736,0.0005301856
84,0.2395988,0.2880175,0.1976263,0.2742305,0.0005269856
85,0.2767706,0.2766792,0.1856492,0.26041,0.0004911064
86,0.2784725,0.2724291,0.1852953,0.263315,0.0004880627
87,0.2758488,0.273157,0.1846097,0.2659056,0.0004787258
88,0.2725681,0.2729254,0.184385,0.2696542,0.0004672962
89,0.2687273,0.2721291,0.1842963,0.2743942,0.0004529842
90,0.2644052,0.2711072,0.1841313,0.2799212,0.0004351134
91,0.2597465,0.2699914,0.1838003,0.2860483,0.0004135125
92,0.2549452,0.2687355,0.1833927,0.2925381,0.0003884489
93,0.2501658,0.2675487,0.1828074,0.2991174,0.0003606501
94,0.2456051,0.2666483,0.1820088,0.3054068,0.0003310865
95,0.2414342,0.2663651,0.1809604,0.3109394,0.0003008865
96,0.2377836,0.267159,0.179609,0.3151773,0.000271217
97,0.2455221,0.2667959,0.174034,0.3134145,0.0002334717
98,0.2451539,0.2690871,0.1712004,0.3143525,0.000205976
99,0.245114,0.2765209,0.1677331,0.3104481,0.0001839279
100,0.2457258,0.2850785,0.1645559,0.3044715,0.0001683447
101,0.2474067,0.2926733,0.162008,0.2977532,0.0001588989
102,0.2503381,0.2980565,0.16029,0.2911602,0.0001551994
103,0.2544016,0.3008522,0.1594464,0.2851429,0.0001568847
104,0.2592062,0.30164,0.1592245,0.2797658,0.0001635449
105,0.2643311,0.300703,0.1596451,0.275146,0.0001749086
106,0.2692894,0.2987304,0.160548,0.2712416,0.0001905191
107,0.2737117,0.2962612,0.1617872,0.2680302,0.0002097612
108,0.277378,0.2936476,0.163238,0.2655045,0.0002318296
109,0.3006512,0.2864921,0.1597775,0.2528246,0.0002544157
110,0.2974626,0.2856561,0.1642189,0.2523716,0.0002908366
111,0.296369,0.2848527,0.1667717,0.2516866,0.0003198951
112,0.2957611,0.283366,0.1686456,0.2518833,0.0003441158
113,0.2951793,0.2819206,0.1699949,0.2525415,0.0003638486
114,0.2945502,0.2806927,0.1709734,0.2534039,0.0003797179
115,0.2938887,0.2796745,0.171711,0.2543334,0.0003924542
116,0.293171,0.2792805,0.1718804,0.2552659,0.0004021269
117,0.2925366,0.2789406,0.1718859,0.2562274,0.0004095419
118,0.2919504,0.2787052,0.1717893,0.2571399,0.0004150988
119,0.2914081,0.2785939,0.1716203,0.2579586,0.0004191337
120,0.2909158,0.2786128,0.1713943,0.258655,0.0004219225
121,0.275019,0.2814895,0.1756493,0.2674053,0.0004369199
122,0.2764446,0.2819647,0.1739764,0.2671809,0.0004333498
123,0.2764696,0.2817396,0.1734281,0.2679291,0.0004336558
124,0.2762844,0.2821755,0.1729065,0.2681997,0.0004339621
125,0.2760913,0.2827874,0.1724414,0.2682458,0.0004341892
126,0.2759299,0.2833805,0.1720322,0.2682233,0.0004342296
127,0.2757973,0.2839155,0.171657,0.2681964,0.0004339274
128,0.2756737,0.2843664,0.1713935,0.2681329,0.0004334707
129,0.2755585,0.2847791,0.1711537,0.2680759,0.000432753
130,0.2754593,0.2851427,0.1709254,0.2680408,0.0004317288
131,0.2753748,0.2854632,0.1707015,0.2680301,0.0004303781
132,0.2753013,0.2857519,0.1704763,0.2680418,0.0004287038
133,0.1681994,0.3187093,0.2027244,0.3098564,0.00051044
134,0.1461582,0.3338747,0.2106344,0.3088194,0.0005132924
135,0.1214251,0.339222,0.2203326,0.3185075,0.0005127456
136,0.1000721,0.3453369,0.2263881,0.3277107,0.0004923454
137,0.08232275,0.3535045,0.2292957,0.3344192,0.000457834
138,0.06845627,0.3639753,0.2297015,0.3374503,0.0004166411
139,0.0586526,0.3760633,0.2283814,0.3365269,0.0003757869
140,0.05291595,0.387568,0.2266325,0.3325427,0.0003408655
141,0.05121983,0.3973713,0.2248809,0.3262133,0.0003147415
142,0.05374355,0.4037427,0.2236742,0.3185407,0.0002988751
143,0.06081828,0.4060426,0.2229885,0.3098577,0.0002930266
144,0.07272612,0.4043458,0.2224699,0.3001621,0.0002961503
145,0.112629,0.3853658,0.2113298,0.2903834,0.0002920948
146,0.157626,0.3651001,0.1998392,0.2771364,0.0002983612
147,0.1983565,0.3444617,0.1930573,0.2638013,0.0003232249
148,0.227805,0.3285624,0.1904083,0.2528622,0.0003620964
149,0.2462636,0.3172499,0.1908073,0.245269,0.0004101597
150,0.2569216,0.309316,0.1929044,0.2403959,0.0004621853
151,0.2627691,0.3036114,0.1957103,0.2373953,0.0005139664
152,0.2657776,0.2992944,0.1986779,0.2356869,0.0005631552
153,0.2670494,0.2958193,0.2015909,0.2349319,0.0006084271
154,0.2671707,0.2928713,0.204369,0.2349398,0.000649235
155,0.2664343,0.290262,0.2069997,0.2356185,0.000685477
156,0.2649732,0.2878925,0.2094895,0.2369276,0.0007172207
157,0.2327806,0.3002962,0.2278323,0.2382755,0.0008154535
158,0.2047381,0.3055673,0.2543443,0.2344039,0.0009463535
159,0.1732674,0.3174149,0.2740868,0.2341962,0.00103473
160,0.1406661,0.3305126,0.2895381,0.2382005,0.001082724
161,0.108346,0.3429563,0.3017194,0.2458887,0.001089546
162,0.07813714,0.3542584,0.3105699,0.2559813,0.001053251
163,0.05222724,0.3649814,0.3153949,0.266422,0.0009744029
164,0.0323552,0.3764527,0.315592,0.2747398,0.0008603368
165,0.01891514,0.3904438,0.3110755,0.2788395,0.0007260992
166,0.01084321,0.4075455,0.3030554,0.2779645,0.0005913664
167,0.00640559,0.4261333,0.293905,0.2730824,0.0004736073
168,0.004088361,0.443212,0.2861982,0.2661191,0.0003824196
169,0.02079159,0.4708021,0.2564363,0.2516857,0.0002842546
170,0.1044975,0.4283842,0.2317053,0.235184,0.0002290161
171,0.2191211,0.370401,0.2037095,0.2065678,0.0002006745
172,0.2879069,0.3356752,0.1898584,0.1863546,0.0002049322
173,0.324482,0.3152045,0.1861703,0.1739087,0.0002343736
174,0.3419645,0.3022067,0.1885199,0.1670262,0.0002828192
175,0.34922,0.2933471,0.1936122,0.1634766,0.0003439721
176,0.3509029,0.2871507,0.1996157,0.161919,0.0004117917
177,0.349751,0.2827976,0.2054778,0.1614925,0.0004811475
178,0.3473324,0.2796489,0.2107437,0.1617265,0.0005483864
179,0.3444405,0.2772661,0.2152954,0.1623867,0.0006113173
180,0.3414171,0.2753713,0.2191735,0.1633692,0.0006688518
181,0.3527242,0.2681861,0.2154297,0.1629592,0.0007007422
182,0.3545496,0.265021,0.2144621,0.1652308,0.0007366317
183,0.3540033,0.262199,0.2150864,0.1679372,0.0007740691
184,0.3521664,0.2599484,0.216471,0.1706034,0.0008107083
185,0.3495888,0.2582285,0.2180869,0.1732513,0.0008444938
186,0.3465419,0.2569574,0.2196047,0.1760223,0.0008737769
187,0.3431588,0.2560688,0.2208311,0.1790442,0.0008972206
188,0.3394588,0.2556323,0.2215616,0.1824338,0.0009135134
189,0.3355225,0.2555443,0.2217867,0.1862246,0.0009218795
190,0.3313287,0.2558084,0.2215143,0.1904266,0.0009219265
191,0.3268542,0.2564589,0.2207517,0.1950216,0.0009135293
192,0.3220835,0.2575628,0.2194963,0.1999605,0.0008967906
193,0.3300062,0.2544311,0.212287,0.202426,0.0008496201
194,0.3266946,0.255499,0.2084967,0.2084968,0.00081297
195,0.3229897,0.2574511,0.204998,0.2137877,0.0007734395
196,0.3194078,0.2596155,0.2018551,0.218389,0.0007326545
197,0.3161393,0.2619177,0.1989136,0.2223385,0.0006909356
198,0.3132783,0.2643496,0.1960688,0.2256547,0.0006487405
199,0.3108768,0.2669232,0.1932698,0.2283234,0.000606818
200,0.3089819,0.2694963,0.1906342,0.2303213,0.0005663845
201,0.3075637,0.2723866,0.1880086,0.2315129,0.0005281041
202,0.3066616,0.2755114,0.1854229,0.2319112,0.0004930035
203,0.3062946,0.2787407,0.1829348,0.2315681,0.0004619632
204,0.3064642,0.2818953,0.1806222,0.2305826,0.0004356704
205,0.2958824,0.2967743,0.1824293,0.2244876,0.0004264386
206,0.2877157,0.3042512,0.188213,0.2193909,0.0004291887
207,0.2841364,0.3088208,0.1913859,0.2152366,0.0004204295
208,0.2827073,0.3128528,0.1923725,0.2116648,0.0004026261
209,0.2826408,0.3171078,0.1917159,0.2081558,0.000379593
210,0.2837298,0.3214627,0.1900376,0.2044143,0.0003556212
211,0.2859793,0.3253895,0.1879299,0.2003669,0.0003344209
212,0.2894787,0.3289246,0.1854005,0.1958781,0.0003182133
213,0.2941283,0.3306088,0.1833894,0.1915641,0.0003093339
214,0.2994902,0.3307247,0.1820046,0.1874725,0.0003080476
215,0.3050558,0.3296389,0.1812765,0.1837146,0.0003141794
216,0.3103414,0.3278181,0.1811431,0.1803701,0.0003271515
217,0.332888,0.3132892,0.1729304,0.1805624,0.0003299582
218,0.3423193,0.3066717,0.1680694,0.1825951,0.0003444637
219,0.347112,0.3000134,0.1672546,0.1852444,0.000375643
220,0.349268,0.2948837,0.16853,0.1869005,0.0004178126
221,0.3499381,0.2909566,0.1707953,0.1878437,0.00046625
222,0.3497467,0.2879499,0.1733289,0.1884576,0.0005168
223,0.3490737,0.2856055,0.1757539,0.1890005,0.0005663748
224,0.348134,0.2836989,0.1779208,0.1896331,0.0006132167
225,0.3470336,0.2820068,0.1798427,0.1904605,0.0006563338
226,0.3458055,0.2804004,0.1815657,0.1915331,0.0006953165
227,0.3444487,0.2788029,0.1831439,0.1928743,0.000730132
228,0.3429516,0.277171,0.1846234,0.1944931,0.0007609379
229,0.3154324,0.2841873,0.1954595,0.2040928,0.0008281052
230,0.3104979,0.2843083,0.1985539,0.2057843,0.0008555319
231,0.3064969,0.283273,0.2011512,0.2082015,0.0008773305
232,0.3029589,0.2821643,0.2030662,0.2109188,0.0008918478
233,0.2996406,0.2811892,0.2044782,0.2137924,0.0008996139
234,0.2964764,0.2804563,0.2054983,0.2166678,0.0009012258
235,0.293477,0.2800727,0.2061681,0.2193851,0.0008971244
236,0.2906798,0.280159,0.2064846,0.221789,0.0008875582
237,0.2881211,0.2808837,0.2063998,0.2237226,0.0008728317
238,0.2858728,0.2822755,0.2059061,0.2250921,0.0008535293
239,0.2840163,0.2842663,0.2050319,0.2258549,0.0008304786
240,0.2826319,0.2866913,0.2038466,0.2260254,0.0008047521
241,0.2408291,0.2954925,0.216396,0.2464584,0.0008239803
242,0.2368432,0.3024782,0.2122044,0.2477017,0.0007724207
243,0.2361988,0.303196,0.2104643,0.2494008,0.0007400662
244,0.2372952,0.3045058,0.2085949,0.2488908,0.0007133978
245,0.2392811,0.3056182,0.2070486,0.2473595,0.0006926302
246,0.2416598,0.306157,0.2059575,0.2455485,0.0006772336
247,0.2440912,0.3062081,0.2052539,0.2437806,0.0006661409
248,0.2463705,0.3057017,0.2049804,0.2422886,0.0006588362
249,0.2483392,0.3051607,0.2048841,0.2409622,0.0006538485
250,0.2500065,0.3045905,0.2049161,0.2398365,0.0006505179
251,0.2513913,0.3040248,0.2050309,0.2389047,0.0006482757
252,0.2525243,0.3034821,0.2051967,0.2381502,0.000646687
253,0.3222354,0.281691,0.1828621,0.2126379,0.0005736262
254,0.3274288,0.2769442,0.1822942,0.212753,0.0005797924
255,0.3281676,0.27734,0.1818655,0.2120418,0.0005850877
256,0.3288496,0.2765777,0.1822349,0.2117444,0.000593372
257,0.3291969,0.275425,0.1829787,0.2117963,0.0006032626
258,0.3291871,0.2742676,0.1838126,0.2121193,0.0006133792
259,0.3288825,0.2732017,0.1846037,0.2126893,0.0006228416
260,0.3283343,0.2722897,0.1852919,0.213453,0.0006311219
261,0.3276278,0.2714424,0.1858765,0.2144154,0.000637988
262,0.3267983,0.2706704,0.1863479,0.2155401,0.0006432616
263,0.3258803,0.2699782,0.1867066,0.2167879,0.0006468817
264,0.3249082,0.2693727,0.1869558,0.2181144,0.0006488602
265,0.2405793,0.2971308,0.2171503,0.2443827,0.0007568084
266,0.2228923,0.306243,0.2267556,0.2433313,0.0007778088
267,0.2049272,0.3111527,0.2357826,0.2473483,0.0007891967
268,0.1892426,0.3164012,0.2414755,0.2521031,0.0007776249
269,0.1756915,0.3225968,0.2444263,0.2565386,0.0007467623
270,0.1644814,0.3300246,0.2451388,0.2596529,0.0007024094
271,0.1560944,0.33863,0.2439838,0.2606409,0.0006509968
272,0.1511291,0.3480927,0.2411761,0.2590036,0.0005982977
273,0.1501951,0.3563776,0.2376244,0.2552522,0.0005506726
274,0.1534767,0.362209,0.2339098,0.2498925,0.0005118255
275,0.1607144,0.3648485,0.2304637,0.2434898,0.0004836495
276,0.1711043,0.3644068,0.2275055,0.2365169,0.0004665336
277,0.2113447,0.3548561,0.2161276,0.217226,0.0004455605
278,0.2354342,0.3443251,0.2133715,0.2064175,0.0004516852
279,0.2493172,0.3399278,0.212249,0.1980403,0.0004656408
280,0.2588383,0.3364258,0.2123393,0.1919108,0.0004858361
281,0.2657741,0.3333084,0.2130481,0.1873593,0.0005100757
282,0.2709375,0.3304719,0.2141006,0.183953,0.0005369087
283,0.2748018,0.3278672,0.2153671,0.1813986,0.000565273
284,0.2776825,0.3253503,0.2168487,0.1795239,0.0005946375
285,0.2797731,0.3229751,0.2184645,0.1781629,0.0006243281
286,0.2812379,0.320728,0.2201733,0.1772069,0.00065386
287,0.282199,0.3185997,0.2219426,0.1765758,0.0006828615
288,0.2827471,0.3165824,0.2237476,0.1762118,0.0007110642
289,0.3083832,0.3038108,0.2116122,0.1755128,0.000681005
290,0.3198314,0.2959752,0.2051703,0.1783497,0.0006734166
291,0.3260047,0.2884642,0.2033246,0.1815195,0.000687052
292,0.3287125,0.2828602,0.2040151,0.1836982,0.0007139375
293,0.3294689,0.2787251,0.2059621,0.1850956,0.0007482435
294,0.3290943,0.2755799,0.2084086,0.1861314,0.0007858779
295,0.32801,0.2731028,0.2109428,0.1871201,0.0008241879
296,0.3264086,0.2711111,0.2133758,0.1882433,0.0008611746
297,0.3244399,0.2695031,0.2155849,0.1895765,0.0008957246
298,0.3221723,0.2681942,0.2175402,0.191166,0.0009272859
299,0.3196443,0.2671483,0.2192315,0.1930204,0.0009554972
300,0.3168859,0.2663553,0.2206539,0.1951247,0.0009800829
301,0.3253587,0.2607686,0.212737,0.2001979,0.0009377856
302,0.3283519,0.2582006,0.2067769,0.2057628,0.0009077826
303,0.3286742,0.2550983,0.204868,0.2104567,0.0009028107
304,0.3273705,0.2532414,0.2047816,0.2136948,0.0009116348
305,0.3252696,0.2520667,0.2055201,0.2162152,0.000928257
306,0.3227156,0.2512464,0.2065143,0.2185751,0.0009485658
307,0.3198664,0.250652,0.2074541,0.2210579,0.0009697366
308,0.3169504,0.2499611,0.2083179,0.223781,0.000989605
309,0.3137836,0.2494982,0.2089633,0.2267479,0.001007108
310,0.310468,0.2492507,0.2093358,0.2299241,0.001021382
311,0.3071002,0.2491819,0.2094352,0.2332509,0.001031819
312,0.3037659,0.2492516,0.2092891,0.2366554,0.001038011
313,0.2863547,0.2624663,0.215922,0.2341501,0.001106882
314,0.2672744,0.2678879,0.2309805,0.2326353,0.001221947
315,0.2539399,0.2710195,0.240128,0.2336252,0.001287334
316,0.2433642,0.2722079,0.2459038,0.2372166,0.001307426
317,0.2345566,0.2726008,0.2492907,0.2422686,0.001283307
318,0.2270854,0.2738318,0.2505443,0.2473201,0.001218422
319,0.2206969,0.2781063,0.2493707,0.2507064,0.001119632
320,0.2151628,0.2889399,0.2445879,0.2503146,0.00099476
321,0.2110821,0.3051023,0.2369296,0.2460246,0.0008613756
322,0.2094049,0.3235686,0.2276174,0.2386735,0.0007356122
323,0.2112956,0.3394098,0.2185444,0.2301202,0.0006300083
324,0.2173181,0.3490048,0.2111684,0.2219587,0.00054988
325,0.2403692,0.3489609,0.200321,0.2098832,0.0004657849
326,0.2568424,0.3431318,0.1959018,0.2037026,0.0004214821
327,0.2705291,0.3383696,0.1929214,0.1977827,0.0003972384
328,0.2822156,0.3334137,0.191412,0.1925691,0.0003896154
329,0.2916664,0.3289295,0.1909446,0.1880647,0.0003947988
330,0.2989081,0.3251248,0.1912259,0.1843313,0.0004098889
331,0.3041923,0.3219719,0.1920252,0.1813781,0.0004325148
332,0.3078326,0.3191271,0.1933372,0.1792422,0.0004607906
333,0.3101841,0.3167821,0.1948392,0.177702,0.000492605
334,0.311606,0.3147502,0.1964391,0.1766781,0.0005265651
335,0.3123537,0.3129364,0.1980691,0.1760794,0.0005615037
336,0.3126086,0.3112611,0.1996985,0.1758352,0.0005965455
337,0.3080778,0.3106637,0.2035428,0.177072,0.0006436736
338,0.3059626,0.3101883,0.2059066,0.1772589,0.0006836274
339,0.3044113,0.3093396,0.2079038,0.1776256,0.0007197725
340,0.303038,0.3082376,0.2096986,0.1782732,0.0007526005
341,0.3016565,0.3069342,0.211411,0.1792157,0.000782718
342,0.3001666,0.3054799,0.2131124,0.1804305,0.0008106437
343,0.2985168,0.303927,0.2148353,0.1818842,0.0008367595
344,0.2966974,0.3025452,0.2163785,0.1835181,0.0008608489
345,0.2947354,0.3011235,0.2179033,0.1853544,0.00088336
346,0.2926125,0.2997558,0.2194012,0.1873263,0.0009041422
347,0.2903461,0.2985044,0.2208507,0.1893756,0.000923014
348,0.2879703,0.297428,0.2222179,0.191444,0.0009397478
349,0.2258243,0.3034938,0.2378703,0.2318402,0.0009714413
350,0.2100846,0.3108246,0.2310293,0.2471529,0.0009086666
351,0.2083146,0.3030138,0.2294701,0.2583086,0.00089278
352,0.2108394,0.2980568,0.2282495,0.2619596,0.0008947898
353,0.2138836,0.2949224,0.227848,0.2624359,0.0009101228
354,0.216016,0.2925456,0.2282032,0.2623009,0.0009341488
355,0.2168151,0.2906359,0.2290202,0.2625661,0.000962631
356,0.2162598,0.2892954,0.2299928,0.26346,0.0009919198
357,0.2145661,0.2882401,0.231034,0.2651398,0.001020026
358,0.2118992,0.2874607,0.2320412,0.2675538,0.001045156
359,0.2084218,0.28692,0.2329677,0.2706246,0.001065987
360,0.204278,0.2865823,0.2337926,0.2742656,0.0010815
361,0.2462586,0.2865851,0.2191203,0.2469855,0.001050438
362,0.2435374,0.2815112,0.2299548,0.2438476,0.001149082
363,0.2322327,0.2858871,0.2366717,0.2440053,0.001203196
364,0.2216735,0.2882647,0.2415062,0.2473352,0.001220398
365,0.2118563,0.2892073,0.2450093,0.2527236,0.001203491
366,0.2027645,0.2902223,0.2471334,0.2587245,0.001155292
367,0.1945598,0.2929115,0.2475957,0.2638524,0.001080728
368,0.1875269,0.2984066,0.2461838,0.2668949,0.0009878387
369,0.1819701,0.308268,0.2423405,0.2665378,0.0008836436
370,0.1785453,0.3216841,0.236358,0.2626344,0.0007781894
371,0.1780727,0.3359272,0.2292346,0.2560841,0.0006813861
372,0.1812361,0.3475557,0.2222714,0.2483363,0.0006004404
373,0.1792412,0.3603081,0.2186335,0.2412852,0.0005319523
374,0.1860226,0.3629175,0.2161546,0.234422,0.0004833265
375,0.1961286,0.3620147,0.2138558,0.2275524,0.000448554
376,0.2077659,0.3594366,0.2116438,0.2207281,0.0004254984
377,0.2196471,0.3560568,0.2096845,0.2141988,0.0004129227
378,0.2308317,0.3523908,0.2081513,0.2082165,0.000409663
379,0.240721,0.3487615,0.20714,0.202963,0.0004144957
380,0.249052,0.3454222,0.2065869,0.1985129,0.0004260654
381,0.2557686,0.3423463,0.2065157,0.1949262,0.0004431938
382,0.2609577,0.3396021,0.2068355,0.1921402,0.0004645551
383,0.2648189,0.3371964,0.2074407,0.1900552,0.0004888647
384,0.2675914,0.3351006,0.208233,0.1885601,0.0005149397
385,0.275003,0.3306471,0.2077361,0.1860703,0.0005434926
386,0.2776549,0.3285001,0.2083539,0.1849164,0.0005746967
387,0.2787344,0.3270058,0.209255,0.1843993,0.0006055848
388,0.278992,0.3256989,0.2102895,0.1843843,0.0006353767
389,0.2787026,0.3244602,0.2113877,0.1847859,0.0006635603
390,0.2779776,0.3232568,0.2125217,0.1855542,0.000689788
391,0.2768653,0.3220825,0.213681,0.1866575,0.0007137948
392,0.2753686,0.3207298,0.2150557,0.1881099,0.0007359519
393,0.2734784,0.3194326,0.2165047,0.1898285,0.0007557577
394,0.2712408,0.3181658,0.2180138,0.1918065,0.0007730954
395,0.2686849,0.3169414,0.2195632,0.1940227,0.0007878153
396,0.2658406,0.3157866,0.2211284,0.1964446,0.0007997542
397,0.3170901,0.2985987,0.204318,0.1792484,0.0007447675
398,0.3221809,0.2925501,0.2060466,0.1784594,0.0007631227
399,0.3210346,0.2934442,0.2069821,0.1777679,0.0007713573
400,0.3195462,0.293886,0.2078691,0.1779252,0.0007734859
401,0.3179913,0.2938912,0.2086373,0.17871,0.0007702551
402,0.3164111,0.2938609,0.2091686,0.1797973,0.0007620921
403,0.3148789,0.2940341,0.2094114,0.180926,0.0007496144
404,0.3134329,0.2947746,0.2092431,0.1818161,0.000733089
405,0.3122376,0.2958172,0.2087914,0.1824401,0.0007138387
406,0.3113468,0.2971482,0.2080852,0.182727,0.0006927652
407,0.3108087,0.2986772,0.2071805,0.1826628,0.0006708221
408,0.3106527,0.3002824,0.2061453,0.1822706,0.0006489248
409,0.312309,0.2936632,0.2004594,0.1929684,0.0006000004
410,0.3195848,0.2913555,0.1910712,0.1974397,0.0005488428
411,0.3237004,0.2874245,0.1868591,0.2014871,0.000528838
412,0.3261564,0.2851319,0.1851711,0.2030133,0.0005273361
413,0.3277285,0.2830248,0.1852785,0.2034295,0.000538725
414,0.3284651,0.2810072,0.1863508,0.2036192,0.0005576832
415,0.3283892,0.2792323,0.1877904,0.2040082,0.0005799781
416,0.3276123,0.2777981,0.1891779,0.2048092,0.0006024546
417,0.3262568,0.2766781,0.1903621,0.2060803,0.0006226768
418,0.324448,0.2757877,0.1912871,0.2078382,0.0006389178
419,0.3222856,0.2750556,0.1919432,0.2100656,0.0006499631
420,0.3198486,0.2744253,0.1923433,0.2127279,0.000655022
421,0.3062145,0.2760864,0.1969036,0.2201187,0.0006768098
422,0.3029151,0.2767589,0.1968433,0.2228101,0.0006725625
423,0.2994736,0.2763428,0.1969601,0.2265619,0.0006617579
424,0.2961806,0.2760574,0.1966779,0.2304415,0.0006426528
425,0.2931415,0.2760052,0.1960479,0.2341886,0.0006167569
426,0.290426,0.2762741,0.1951338,0.2375801,0.0005859531
427,0.2880902,0.2769888,0.1939656,0.2404032,0.0005521476
428,0.2861699,0.2783187,0.1925556,0.2424388,0.0005171088
429,0.284694,0.2804906,0.1908511,0.2434819,0.0004823232
430,0.2837107,0.2834982,0.1888843,0.2434575,0.0004492478
431,0.2832862,0.2871533,0.186739,0.2424024,0.0004191482
432,0.2834995,0.2910947,0.1845469,0.2404658,0.0003930564
433,0.1944786,0.3282412,0.2116478,0.2652074,0.0004250916
434,0.1789191,0.3438926,0.2177279,0.259053,0.0004074661
435,0.1629466,0.3502889,0.2259719,0.260401,0.0003916397
436,0.1501855,0.3585798,0.2304223,0.2604481,0.000364308
437,0.1409976,0.3685411,0.2316687,0.2584622,0.0003304053
438,0.1361217,0.3786996,0.2305784,0.2543046,0.0002957492
439,0.1363147,0.3870802,0.228079,0.248261,0.0002650491
440,0.1421139,0.3924534,0.2246036,0.2405881,0.0002410272
441,0.1533524,0.3930992,0.2211397,0.2321833,0.0002253352
442,0.1687188,0.3899505,0.2178138,0.2232992,0.0002178056
443,0.1862327,0.3843329,0.2148051,0.2144112,0.000218049
444,0.2037244,0.37761,0.212346,0.2060941,0.0002256408
445,0.1514982,0.3922446,0.2344037,0.2215942,0.0002593666
446,0.1248384,0.4065384,0.2436203,0.2247218,0.0002811584
447,0.1090524,0.4129155,0.2509471,0.2267803,0.0003047008
448,0.09929175,0.4163637,0.2563554,0.2276603,0.0003287938
449,0.09318393,0.4181397,0.2604885,0.2278345,0.0003533603
450,0.08941872,0.4187842,0.2638005,0.2276181,0.000378321
451,0.08720651,0.418616,0.2665755,0.2271984,0.0004035385
452,0.08600997,0.4176692,0.2691399,0.226752,0.0004290421
453,0.08546977,0.4162716,0.2715143,0.2262897,0.0004545481
454,0.08535035,0.4145216,0.2737796,0.2258684,0.0004799338
455,0.08547594,0.4125156,0.2759845,0.2255189,0.0005050644
456,0.08571473,0.4103352,0.2781603,0.22526,0.0005298125
457,0.218615,0.3593158,0.2333928,0.1881968,0.0004795148
458,0.2872604,0.3247015,0.2150353,0.172519,0.0004838897
459,0.3147969,0.310932,0.2078942,0.1658641,0.0005128096
460,0.3240702,0.3051902,0.2064112,0.1637755,0.0005529922
461,0.3267491,0.301914,0.2071284,0.1636125,0.0005957731
462,0.3266517,0.2995387,0.2087416,0.1644306,0.0006374452
463,0.3251629,0.2975855,0.2107054,0.1658701,0.000676105
464,0.3228436,0.2958514,0.2127964,0.1677982,0.000710404
465,0.319931,0.2943244,0.2148605,0.1701447,0.0007394422
466,0.3165442,0.2929933,0.2168165,0.1728834,0.000762525
467,0.3127537,0.291874,0.218603,0.1759903,0.000779011
468,0.3086424,0.2910145,0.2201086,0.1794461,0.0007883568
469,0.2874203,0.290801,0.2210685,0.1999438,0.0007664266
470,0.2838233,0.2903866,0.2137844,0.211293,0.0007125491
471,0.2835565,0.2840125,0.2109329,0.2208138,0.000684307
472,0.2828785,0.2805253,0.2095692,0.2263588,0.0006679496
473,0.2816057,0.2787588,0.2092448,0.2297315,0.0006592217
474,0.2798097,0.2777015,0.2095347,0.2322995,0.000654613
475,0.277529,0.2770042,0.2100766,0.2347388,0.0006513518
476,0.2747634,0.2766797,0.2106121,0.2372973,0.0006475537
477,0.2715763,0.2767605,0.2109811,0.2400403,0.0006418907
478,0.2681021,0.2772295,0.2110894,0.2429454,0.0006335707
479,0.2644854,0.2780333,0.210927,0.2459321,0.000622187
480,0.2608643,0.2791188,0.2105129,0.2488963,0.0006076837
481,0.3360823,0.2621776,0.1873313,0.2138495,0.0005593151
482,0.3159123,0.2689117,0.1992088,0.2153474,0.0006198268
483,0.3058435,0.2765222,0.2035916,0.2134075,0.0006351785
484,0.3011109,0.2794235,0.2057775,0.2130619,0.000626303
485,0.298548,0.2806209,0.2063504,0.2138829,0.0005978607
486,0.2970871,0.2820016,0.2054397,0.2149171,0.0005543517
487,0.2962756,0.2848407,0.2031359,0.2152465,0.0005013276
488,0.2958657,0.2907117,0.1990821,0.2138964,0.000444042
489,0.2958786,0.2987796,0.1940542,0.2108986,0.0003889821
490,0.296629,0.307932,0.1886319,0.2064667,0.0003405553
491,0.2986155,0.3162524,0.1835653,0.2012651,0.000301712
492,0.3022177,0.3220623,0.1794645,0.195982,0.0002736406
493,0.3171332,0.3152097,0.1722128,0.1952016,0.0002426473
494,0.328544,0.3111266,0.1662343,0.1938685,0.0002265769
495,0.3367435,0.3067667,0.1636859,0.1925753,0.0002284989
496,0.3431276,0.3019724,0.1637544,0.1909009,0.0002446679
497,0.3476869,0.2973094,0.1654962,0.1892358,0.0002717525
498,0.3504915,0.2932793,0.1680657,0.187857,0.0003064274
499,0.3518645,0.2899789,0.1708922,0.1869189,0.0003454885
500,0.3521853,0.2872766,0.1737062,0.186446,0.0003859758
501,0.3518421,0.2850628,0.1762694,0.1864003,0.0004254209
502,0.3510806,0.2831754,0.1785177,0.1867643,0.0004620709
503,0.3500479,0.2815076,0.1804457,0.1875041,0.000494736
504,0.3488263,0.2799772,0.182084,0.1885898,0.0005227309
505,0.3400248,0.2841581,0.1881099,0.1871421,0.0005649903
506,0.3329328,0.2854256,0.1954978,0.1855363,0.0006074547
507,0.3284261,0.2876532,0.1993646,0.1839283,0.0006277635
508,0.3251982,0.289441,0.2012787,0.1834515,0.0006305289
509,0.3226957,0.2907551,0.2019496,0.1839805,0.0006191454
510,0.3206992,0.2918602,0.2017644,0.1850791,0.0005969706
511,0.3191593,0.2930723,0.2009407,0.1862604,0.0005673405
512,0.318149,0.2949212,0.1993394,0.1870572,0.0005332021
513,0.3177166,0.2971526,0.1973473,0.1872857,0.0004978442
514,0.3179106,0.2997684,0.1950968,0.1867606,0.000463585
515,0.3187962,0.3025268,0.1927603,0.1854843,0.0004323948
516,0.3204176,0.3050778,0.1905198,0.1835791,0.0004057223
517,0.3255813,0.2982828,0.1853863,0.1903697,0.0003797335
518,0.3337484,0.2964705,0.177428,0.1919976,0.0003555068
519,0.3390344,0.292776,0.1741596,0.1936765,0.000353483
520,0.3430052,0.289451,0.1735144,0.1936633,0.0003660695
521,0.3459402,0.2860929,0.1746684,0.1929093,0.000389176
522,0.3477963,0.2830017,0.1767585,0.1920249,0.0004187609
523,0.3486642,0.2803611,0.1791843,0.1913388,0.0004514617
524,0.3487602,0.2781158,0.1816146,0.1910247,0.0004847544
525,0.3482559,0.276253,0.1838482,0.1911262,0.0005166407
526,0.3473111,0.2746895,0.1858015,0.1916521,0.0005457168
527,0.3460356,0.273358,0.1874484,0.1925869,0.0005710179
528,0.3445014,0.272211,0.188791,0.1939046,0.0005919071
529,0.3336559,0.277132,0.1942216,0.1943687,0.0006217984
530,0.3277964,0.2777534,0.1996082,0.1941941,0.0006477822
531,0.3234252,0.2792473,0.2022743,0.194397,0.0006562309
532,0.3198144,0.2806218,0.2033163,0.1955969,0.0006504764
533,0.3166545,0.2818893,0.2032559,0.1975673,0.0006331377
534,0.3138526,0.2832333,0.2024162,0.1998909,0.0006068172
535,0.3114328,0.2848356,0.2010044,0.202153,0.0005741859
536,0.3093754,0.2870604,0.1990786,0.2039478,0.000537776
537,0.3078798,0.2897092,0.1968276,0.2050832,0.0005001893
538,0.3070207,0.2927203,0.1943734,0.2054221,0.0004635954
539,0.3068744,0.2958949,0.1918561,0.2049448,0.000429816
540,0.3074942,0.2989526,0.1894261,0.2037268,0.000400239
541,0.3216094,0.3020719,0.1836444,0.1923079,0.0003664775
542,0.3191957,0.3056349,0.1864145,0.1883982,0.0003565878
543,0.3198876,0.3096948,0.1869148,0.1831611,0.0003419665
544,0.3219085,0.3125358,0.1867052,0.1785231,0.0003273867
545,0.3246578,0.3146389,0.1860079,0.1743812,0.0003141511
546,0.3279386,0.3160057,0.18513,0.1706222,0.0003035929
547,0.3316118,0.3165675,0.1843492,0.1671748,0.0002967433
548,0.3355264,0.3162622,0.1838892,0.1640281,0.0002941457
549,0.3394373,0.3152708,0.1838304,0.1611655,0.0002960275
550,0.3431371,0.3137674,0.1841965,0.1585967,0.0003023039
551,0.3464556,0.3119309,0.1849625,0.1563383,0.0003126484
552,0.3492808,0.3099189,0.1860712,0.1544027,0.0003265546
553,0.3431012,0.3094032,0.1906648,0.1564741,0.0003567983
554,0.3433275,0.3082179,0.1919897,0.1560845,0.0003805307
555,0.3440342,0.3059042,0.1936662,0.1559895,0.0004058072
556,0.3445797,0.3036918,0.1954129,0.1558841,0.0004315178
557,0.3448585,0.3017114,0.1971835,0.1557895,0.0004570085
558,0.3448732,0.2999662,0.1989226,0.1557564,0.0004816708
559,0.3446496,0.2984425,0.2005795,0.1558235,0.0005049537
560,0.3442307,0.2970908,0.2021312,0.1560208,0.0005265308
561,0.3436286,0.2959201,0.2035506,0.1563547,0.000546016
562,0.3428705,0.2949134,0.2048268,0.1568263,0.0005631314
563,0.3419783,0.2940606,0.2059542,0.1574292,0.0005776813
564,0.3409697,0.2933582,0.2069297,0.1581529,0.0005895409
565,0.3492482,0.2886444,0.2012833,0.1602529,0.0005710502
566,0.3524414,0.2855461,0.1975823,0.1638704,0.0005597246
567,0.3534192,0.2821422,0.1962472,0.1676328,0.000558529
568,0.3531244,0.2795641,0.1962093,0.1705386,0.0005635339
569,0.3521573,0.2776998,0.1968597,0.1727113,0.0005718952
570,0.3507768,0.2763865,0.1977813,0.1744741,0.0005813214
571,0.3490978,0.275516,0.1987046,0.1760916,0.0005900579
572,0.3471828,0.2750225,0.199468,0.1777303,0.000596449
573,0.3451265,0.2748853,0.1999543,0.1794343,0.000599554
574,0.3429784,0.2750396,0.2001445,0.1812387,0.0005989603
575,0.3407834,0.275452,0.2000367,0.1831335,0.00059449
576,0.3385901,0.2760955,0.1996442,0.1850839,0.0005861843
577,0.3429182,0.2787941,0.1943921,0.1833576,0.0005379358
578,0.3427888,0.2776555,0.1933877,0.1856602,0.0005079602
579,0.341967,0.2782876,0.1919545,0.1873118,0.0004791006
580,0.3410008,0.279242,0.1905653,0.1887395,0.0004523513
581,0.3400698,0.2803457,0.1891979,0.1899593,0.0004273579
582,0.3392659,0.2815494,0.1878254,0.1909554,0.0004038778
583,0.3386466,0.2828125,0.1864458,0.1917131,0.0003818724
584,0.3382695,0.2840512,0.185089,0.1922289,0.0003615064
585,0.3381065,0.2853203,0.1837525,0.1924777,0.0003428943
586,0.338181,0.2865693,0.1824614,0.1924621,0.0003262054
587,0.3385003,0.2877444,0.1812466,0.1921971,0.0003115997
588,0.3390563,0.2887963,0.1801385,0.1917095,0.0002992037
589,0.3470817,0.2878934,0.1768047,0.187937,0.0002832143
590,0.347684,0.2884626,0.1765116,0.1870664,0.0002754473
591,0.3487931,0.2892856,0.1759069,0.1857454,0.000268951
592,0.3500192,0.2897286,0.1754518,0.1845358,0.0002645942
593,0.3512521,0.2899355,0.1751247,0.1834254,0.000262274
594,0.3524472,0.2899712,0.174922,0.1823978,0.0002618651
595,0.3535751,0.2898642,0.1748447,0.1814527,0.0002632394
596,0.3546172,0.2896223,0.1748921,0.1806021,0.0002663144
597,0.3555172,0.2892877,0.1750547,0.1798695,0.0002709356
598,0.35626,0.2888917,0.1753082,0.1792632,0.000276891
599,0.3568352,0.2884572,0.1756313,0.1787923,0.000283953
600,0.3572402,0.2880034,0.1760032,0.1784613,0.0002918788
601,0.3577225,0.2849707,0.175515,0.1814891,0.0003026861
602,0.3593046,0.2836261,0.1736299,0.1831284,0.0003109827
603,0.3596961,0.2816436,0.1733701,0.1849658,0.0003243076
604,0.3594922,0.280021,0.1738509,0.1862954,0.000340577
605,0.3589192,0.2786732,0.1747256,0.1873235,0.0003585798
606,0.3580582,0.2775412,0.1757529,0.1882707,0.0003771364
607,0.3569586,0.2765937,0.1767729,0.1892795,0.0003952144
608,0.3556814,0.2757757,0.1777017,0.1904293,0.0004119532
609,0.3542321,0.2751026,0.1784875,0.1917511,0.0004267463
610,0.3526468,0.2745612,0.1791074,0.1932454,0.0004391506
611,0.3509555,0.2741423,0.1795562,0.194897,0.0004488753
612,0.349186,0.2738419,0.1798364,0.19668,0.0004557513
613,0.3352287,0.2796331,0.1851177,0.1995438,0.0004765381
614,0.3303446,0.2813388,0.1882966,0.1995327,0.0004872593
615,0.3266504,0.2829345,0.1898393,0.2000887,0.0004870856
616,0.3236363,0.2844407,0.1901826,0.2012631,0.0004773332
617,0.3211075,0.2859997,0.1896865,0.2027464,0.0004599916
618,0.3190278,0.2877625,0.1886009,0.2041714,0.0004373381
619,0.3174278,0.2898321,0.1871033,0.2052251,0.0004116411
620,0.316306,0.2924158,0.1852601,0.2056336,0.0003846445
621,0.3157984,0.2952082,0.1832638,0.2053712,0.0003583489
622,0.3159302,0.2980375,0.1812419,0.2044561,0.0003342164
623,0.3167108,0.300667,0.17932,0.202989,0.0003133002
624,0.3181092,0.3028738,0.1776073,0.2011134,0.000296259
625,0.3143609,0.3063122,0.1777704,0.2012718,0.000284653
626,0.317205,0.3072357,0.1762541,0.1990314,0.0002739164
627,0.3199838,0.3073281,0.175399,0.1970206,0.0002684975
628,0.3227699,0.3071702,0.1748714,0.1949211,0.0002673167
629,0.3254515,0.3067005,0.1746857,0.1928923,0.0002700058
630,0.3278854,0.3059849,0.1748067,0.1910469,0.0002761228
631,0.3299584,0.3051169,0.175183,0.1894567,0.0002851729
632,0.3315811,0.3043262,0.1756943,0.1881019,0.0002964432
633,0.3328024,0.3034312,0.1763743,0.1870826,0.0003095176
634,0.3336096,0.3025114,0.1771675,0.1863876,0.0003238024
635,0.3340246,0.3016071,0.1780275,0.186002,0.0003387133
636,0.3340866,0.3007361,0.1789165,0.1859071,0.0003536912
637,0.3375164,0.3023233,0.1796297,0.1801656,0.0003649622
638,0.3337709,0.3032818,0.1846029,0.1779591,0.0003853562
639,0.3311785,0.3057442,0.1872397,0.1754417,0.0003957985
640,0.32926,0.3078228,0.1886923,0.1738263,0.0003985908
641,0.3277262,0.30951,0.1893288,0.1730402,0.0003948949
642,0.3264857,0.3109257,0.1893915,0.1728109,0.0003861036
643,0.3255327,0.312179,0.1890587,0.1728559,0.0003737093
644,0.3249231,0.3131811,0.1885344,0.1730022,0.0003591726
645,0.3246557,0.3142099,0.1878073,0.1729837,0.000343511
646,0.3247818,0.3151999,0.1869715,0.172719,0.0003278302
647,0.3253218,0.3161017,0.1860933,0.1721703,0.0003129767
648,0.3262694,0.3168578,0.1852296,0.1713436,0.0002995812
649,0.3207665,0.3144152,0.1848577,0.1796692,0.0002913885
650,0.3254331,0.312557,0.1793814,0.1823505,0.0002777887
651,0.3293425,0.3081731,0.1770106,0.1851972,0.0002765455
652,0.3323739,0.3048703,0.1761548,0.1863174,0.0002835978
653,0.3346844,0.3020746,0.1764968,0.1864469,0.0002972348
654,0.3362087,0.2996562,0.1775962,0.1862233,0.000315509
655,0.3369377,0.2976096,0.1790851,0.186031,0.000336548
656,0.3369443,0.2959303,0.1807043,0.1860622,0.0003588223
657,0.3363634,0.2945105,0.1823231,0.186422,0.0003809294
658,0.3353159,0.2933061,0.1838493,0.187127,0.0004016595
659,0.3339083,0.2922763,0.1852326,0.1881627,0.000420051
660,0.3322245,0.2913953,0.1864454,0.1894995,0.0004353726
661,0.3506972,0.2858261,0.180738,0.1823137,0.0004251289
662,0.3485854,0.2845681,0.182997,0.1834152,0.000434402
663,0.3466922,0.2850705,0.1838087,0.183993,0.000435634
664,0.3449386,0.2852278,0.1842688,0.1851327,0.000432023
665,0.3431726,0.2852238,0.1844482,0.1867313,0.0004240942
666,0.3414049,0.2852448,0.1843589,0.188579,0.000412286
667,0.3396991,0.2853971,0.1840188,0.1904877,0.0003971815
668,0.3381253,0.2857514,0.183447,0.1922967,0.0003796047
669,0.3367419,0.2864034,0.1826443,0.1938501,0.000360219
670,0.3356141,0.2873743,0.1816333,0.1950385,0.0003397845
671,0.3347994,0.2886494,0.1804466,0.1957856,0.0003190777
672,0.3343471,0.2901677,0.1791329,0.1960535,0.0002988564
673,0.3192666,0.2929748,0.1827619,0.2047011,0.0002956832
674,0.3220532,0.294551,0.1787504,0.2043667,0.0002786985
675,0.3231776,0.2948416,0.1768498,0.2048622,0.0002686727
676,0.3243793,0.2956876,0.1754194,0.2042516,0.0002622642
677,0.3258704,0.296287,0.1745393,0.2030438,0.0002594764
678,0.3275587,0.2964556,0.1741359,0.2015898,0.0002599769
679,0.329289,0.2962605,0.1740957,0.2000916,0.0002633058
680,0.3308986,0.2959807,0.1742506,0.1986012,0.0002688889
681,0.3323389,0.2954555,0.1746243,0.1973049,0.0002764555
682,0.3335362,0.2948193,0.1751363,0.1962226,0.0002855265
683,0.3344595,0.2941341,0.1757377,0.1953731,0.000295655
684,0.335106,0.293439,0.1763877,0.194761,0.000306401
685,0.3292358,0.2960307,0.1794136,0.1949984,0.0003214375
686,0.3280566,0.2962438,0.1813356,0.1940303,0.0003336687
687,0.3272534,0.2964226,0.1825799,0.1934012,0.0003428884
688,0.3266061,0.2965975,0.1832963,0.193151,0.0003491285
689,0.326046,0.2967593,0.1836501,0.1931918,0.0003527865
690,0.3255608,0.2969096,0.1837678,0.1934074,0.0003543501
691,0.3251562,0.2970537,0.1837367,0.1936991,0.0003543069
