EwEVersion,"6.5.13829.0 (compiled 2016-05-17)"
Date,"2016-09-06 18:45:07"
ModelName,Baltic_Proper-SEALS
EcosimScenario,Proper1_SealVuln100_19742100_seal0_cofF1
TimeSeries,new_data_weights_19742100_BAU_WAR1_codF1_seal0
StartYear,1974

Data,"Prey of JuvSprat"

Year,"Temora sp","Acartia sp","Pseudocalanus sp.","other mesozooplankton","Mysids",
1974,0.3451402,0.2707768,0.1844684,0.1990497,0.0005648402
1975,0.3250975,0.2538365,0.1871371,0.23335,0.0005787756
1976,0.2761258,0.2833386,0.1759867,0.264131,0.0004178401
1977,0.275221,0.2803826,0.1771964,0.2667021,0.0004977536
1978,0.269896,0.2996313,0.1700786,0.2600493,0.0003448435
1979,0.2636178,0.3084541,0.1802727,0.2472409,0.0004145102
1980,0.2468263,0.2965945,0.1925558,0.263527,0.0004963504
1981,0.2605394,0.2704063,0.1834121,0.2852356,0.0004065908
1982,0.2564649,0.2900038,0.1636426,0.2897026,0.0001861056
1983,0.294487,0.281399,0.169222,0.2545244,0.0003677589
1984,0.2757836,0.2835797,0.1722284,0.2679752,0.0004331055
1985,0.08639252,0.3691464,0.222342,0.3217172,0.0004018953
1986,0.2328146,0.3183172,0.1995986,0.248779,0.0004904668
1987,0.08856414,0.3633146,0.290276,0.2570094,0.0008358572
1988,0.281819,0.3265213,0.2083598,0.1829248,0.0003751279
1989,0.3423318,0.258968,0.2187569,0.179093,0.0008504399
1990,0.3146132,0.2665181,0.1952927,0.2229427,0.0006333584
1991,0.2917738,0.3195312,0.1864415,0.201893,0.0003604368
1992,0.3457266,0.2901208,0.1753132,0.1882999,0.0005394365
1993,0.2963585,0.2824939,0.2035037,0.2167773,0.0008666607
1994,0.2437358,0.3038847,0.2075773,0.2441069,0.0006953361
1995,0.3272914,0.2741001,0.1843192,0.2136744,0.0006149562
1996,0.1783773,0.3348428,0.2354494,0.2506794,0.0006510487
1997,0.2641739,0.3309515,0.2164816,0.1878323,0.0005606441
1998,0.3232546,0.2784025,0.2113185,0.1862132,0.0008111238
1999,0.3191396,0.2523681,0.2078328,0.2196933,0.0009662083
2000,0.2331279,0.2920122,0.2350823,0.2387512,0.001026382
2001,0.291609,0.3262299,0.1947613,0.1869374,0.0004624444
2002,0.2986826,0.3045106,0.2135968,0.1823982,0.0008117422
2003,0.2131002,0.2943326,0.2309599,0.260634,0.0009732638
2004,0.2050195,0.3022025,0.2369483,0.2548302,0.0009995102
2005,0.2298789,0.3501294,0.2100729,0.2094634,0.0004553359
2006,0.2748786,0.3227256,0.2136242,0.1880817,0.0006898889
2007,0.3156343,0.2955805,0.2076565,0.1803959,0.0007328444
2008,0.3238987,0.2817154,0.1898412,0.2039572,0.0005875364
2009,0.2914834,0.2795891,0.1930091,0.2353625,0.0005557937
2010,0.1628422,0.3710641,0.2222337,0.2435594,0.0003006304
2011,0.09854258,0.4129096,0.2620641,0.2260914,0.0003923032
2012,0.3086684,0.3054363,0.2143745,0.1708776,0.0006431889
2013,0.2763678,0.2805844,0.2115278,0.2308576,0.0006624419
2014,0.3108328,0.2768774,0.1893355,0.2224644,0.0004900006
2015,0.3193641,0.3104874,0.1711049,0.1987485,0.000295016
2016,0.3404458,0.2903903,0.1747202,0.1939425,0.0005012362
2017,0.3169448,0.2815783,0.1829213,0.2179347,0.0006208796
2018,0.315583,0.2952253,0.1702845,0.2184545,0.0004527612
2019,0.3122673,0.3080005,0.1728076,0.2064825,0.0004420794
2020,0.3130736,0.3078091,0.17489,0.2037598,0.0004674762
2021,0.3085036,0.317784,0.1821339,0.1910836,0.0004948362
2022,0.3334356,0.2981656,0.1758943,0.1919884,0.000516195
2023,0.3267603,0.2794047,0.1784006,0.214902,0.0005323589
2024,0.309548,0.2937656,0.1690703,0.2272494,0.0003666402
2025,0.3133695,0.3139798,0.1749402,0.1973276,0.0003830638
2026,0.3375008,0.3015404,0.1708647,0.1896674,0.0004266854
2027,0.32283,0.2919048,0.1792275,0.2055188,0.000518826
2028,0.329828,0.2878926,0.165977,0.2158773,0.0004250446
2029,0.3261085,0.2798859,0.1654962,0.2280935,0.0004159056
2030,0.3084505,0.2962709,0.1602641,0.2346977,0.00031684
2031,0.305232,0.3105475,0.1658396,0.2179887,0.0003923154
2032,0.3247375,0.2962938,0.1599008,0.2186287,0.0004391576
2033,0.3025527,0.2873996,0.1686286,0.2409773,0.0004418753
2034,0.2994451,0.3207577,0.1632277,0.2162016,0.0003678038
2035,0.3297341,0.2928204,0.1655015,0.2114248,0.000519224
2036,0.2902181,0.2949462,0.1833857,0.2310182,0.0004317828
2037,0.3248253,0.3145453,0.1690855,0.1911039,0.0004401292
2038,0.329207,0.2742248,0.1761266,0.2198296,0.0006120128
2039,0.3044921,0.2641851,0.1715049,0.2594175,0.0004003023
2040,0.3275614,0.301904,0.1588045,0.2113458,0.0003842728
2041,0.3393185,0.2734884,0.1580503,0.2286867,0.0004561306
2042,0.3100445,0.2317722,0.1772084,0.2805978,0.0003770402
2043,0.3241719,0.3116586,0.1525579,0.2112923,0.0003192934
2044,0.3247001,0.2901642,0.1644821,0.2201472,0.0005064824
2045,0.3045071,0.2916687,0.1646441,0.2388302,0.0003499678
2046,0.3354155,0.2863037,0.1540644,0.2238237,0.0003928139
2047,0.2959161,0.260636,0.1812684,0.2618148,0.0003646751
2048,0.3300352,0.3043711,0.1543603,0.2108896,0.0003438232
2049,0.314498,0.2754857,0.1729654,0.2365162,0.0005346388
2050,0.3002216,0.3054784,0.1633601,0.2306509,0.000289064
2051,0.3259576,0.3012717,0.1704935,0.2017922,0.0004850378
2052,0.3266189,0.2765726,0.1682269,0.2281024,0.0004792091
2053,0.3045303,0.2859078,0.1669153,0.2423219,0.0003247246
2054,0.3283298,0.3036754,0.1616922,0.205905,0.0003976953
2055,0.3321435,0.2691069,0.1641556,0.2340432,0.0005508781
2056,0.3380099,0.1560005,0.1859955,0.3195448,0.0004492092
2057,0.316245,0.2819806,0.1539287,0.2475455,0.0003002079
2058,0.3100657,0.3067302,0.1626116,0.2201387,0.0004538362
2059,0.3265897,0.2957931,0.1548374,0.2223779,0.0004019224
2060,0.3176195,0.2820885,0.1623694,0.237529,0.000393574
2061,0.3225273,0.2978253,0.1523538,0.2270138,0.0002798522
2062,0.3213205,0.2877563,0.1598773,0.2306376,0.0004083105
2063,0.3048588,0.2928422,0.1612564,0.2406763,0.0003663219
2064,0.318216,0.298473,0.159062,0.2238407,0.0004083677
2065,0.3259319,0.2754089,0.1590088,0.2391759,0.0004745021
2066,0.316601,0.2482642,0.1584212,0.2763297,0.0003839105
2067,0.2962348,0.3066277,0.1501587,0.2467181,0.000260705
2068,0.3158782,0.3085512,0.156859,0.2183177,0.0003939001
2069,0.3256454,0.2841537,0.1579488,0.2318206,0.0004314947
2070,0.3121232,0.2793014,0.1572613,0.2509708,0.0003432489
2071,0.3182437,0.2935472,0.1519502,0.2359267,0.0003321723
2072,0.312501,0.2847091,0.1580755,0.2443337,0.0003807257
2073,0.3165114,0.2941841,0.1526364,0.2363681,0.0003000151
2074,0.3144694,0.2924953,0.1556672,0.2370011,0.0003669779
2075,0.3143906,0.2722876,0.1540392,0.2588788,0.0004037472
2076,0.2975656,0.28068,0.1560092,0.2654717,0.0002735805
2077,0.3345476,0.2940472,0.1450793,0.2259654,0.0003604529
2078,0.3150098,0.2483042,0.1618201,0.2744416,0.0004242693
2079,0.3094783,0.2675953,0.156749,0.2659529,0.0002246372
2080,0.3280917,0.2897162,0.1539734,0.2277865,0.0004322174
2081,0.3122109,0.2391389,0.1639927,0.2842374,0.0004199811
2082,0.3178973,0.2626842,0.1521993,0.266945,0.0002742608
2083,0.3197595,0.2890047,0.1501797,0.2406511,0.0004050673
2084,0.306264,0.2675683,0.1550477,0.2707514,0.0003686525
2085,0.3133123,0.2900091,0.1445919,0.2517475,0.0003392528
2086,0.3132888,0.2780373,0.1498714,0.2584113,0.0003911207
2087,0.3059041,0.2870764,0.1471007,0.2596086,0.0003101997
2088,0.3207279,0.2805032,0.145584,0.2527921,0.0003927272
2089,0.3185408,0.2200871,0.1579282,0.3030667,0.0003771372
2090,0.3298856,0.2479301,0.1432739,0.2786507,0.0002597213
2091,0.3189183,0.2640868,0.1407099,0.2758869,0.0003980166
2092,0.2423643,0.2935989,0.1480446,0.3157456,0.0002467007
2093,0.3189141,0.3302984,0.1306279,0.2198653,0.0002942764
2094,0.3183818,0.1916901,0.1756226,0.3138567,0.0004487671
2095,0.3446903,0.2340093,0.153108,0.2678796,0.0003127638
2096,0.3107532,0.289943,0.1586403,0.2402194,0.0004441772
2097,0.3274575,0.2765169,0.1474714,0.2481827,0.0003716135
2098,0.3046976,0.2566641,0.1649879,0.273285,0.0003653994
