EwEVersion,"6.5.13829.0 (compiled 2016-05-17)"
Date,"2016-09-06 18:45:08"
ModelName,Baltic_Proper-SEALS
EcosimScenario,Proper1_SealVuln100_19742100_seal0_cofF1
TimeSeries,new_data_weights_19742100_BAU_WAR1_codF1_seal0
StartYear,1974

Data,"Prey of microzooplankton"

TimeStep,"Cyanobacteria","Phytoplankton","Detritus-water column",
1,0.0008785255,0.5158164,0.483305
2,0.0008198718,0.5461308,0.4530492
3,0.0007911187,0.559675,0.4395338
4,0.0007766321,0.5654632,0.43376
5,0.0007692975,0.567544,0.4316867
6,0.0007655739,0.5678975,0.4313369
7,0.0007636456,0.5675095,0.4317269
8,0.0007625802,0.5668615,0.4323759
9,0.000761907,0.5661771,0.433061
10,0.0007613972,0.5655503,0.4336883
11,0.0007609448,0.5650129,0.4342261
12,0.0007605043,0.5645697,0.4346699
13,0.0007726948,0.5569893,0.442238
14,0.0007796324,0.5525923,0.446628
15,0.0007832795,0.5502692,0.4489475
16,0.0007850194,0.5491336,0.4500813
17,0.0007856891,0.5486611,0.4505533
18,0.0007857836,0.5485436,0.4506706
19,0.000785586,0.5486044,0.45061
20,0.0007852534,0.5487427,0.450472
21,0.0007848715,0.5488992,0.4503159
22,0.0007844871,0.5490368,0.4501787
23,0.0007841254,0.54913,0.4500859
24,0.0007838001,0.549161,0.4500553
25,0.0007128019,0.5897602,0.4095269
26,0.0006786226,0.6086188,0.3907025
27,0.0006622651,0.6165195,0.3828183
28,0.0006541656,0.6195205,0.3798254
29,0.0006501475,0.6201601,0.3791896
30,0.0006481193,0.6197114,0.3796404
31,0.000647025,0.6188141,0.3805389
32,0.0006463414,0.6177795,0.3815742
33,0.0006458191,0.6167487,0.3826056
34,0.0006453432,0.6157827,0.3835718
35,0.0006448679,0.6149006,0.3844546
36,0.0006443789,0.6141027,0.385253
37,0.0006596078,0.6041189,0.3952215
38,0.0006681603,0.5983189,0.401013
39,0.0006726586,0.5951243,0.404203
40,0.0006748312,0.593407,0.4059182
41,0.0006757187,0.5924977,0.4068265
42,0.0006759249,0.5920126,0.4073115
43,0.0006757871,0.5917385,0.4075857
44,0.0006754881,0.5915613,0.4077632
45,0.0006751236,0.591422,0.4079029
46,0.0006747452,0.591285,0.4080403
47,0.0006743785,0.5911316,0.408194
48,0.0006740356,0.590951,0.4083749
49,0.0006902047,0.580917,0.4183927
50,0.0006995352,0.5751517,0.4241487
51,0.0007046558,0.5720504,0.427245
52,0.0007073484,0.5704288,0.4288639
53,0.0007086944,0.5695848,0.4297064
54,0.0007093266,0.5691155,0.4301751
55,0.0007096,0.568802,0.4304884
56,0.0007097046,0.5685337,0.4307567
57,0.0007097368,0.5682601,0.4310302
58,0.0007097391,0.5679685,0.4313217
59,0.0007097299,0.5676601,0.4316302
60,0.0007097147,0.5673422,0.4319481
61,0.0007164612,0.5632625,0.436021
62,0.0007203277,0.5610325,0.4382473
63,0.0007226323,0.5596789,0.4395985
64,0.0007239575,0.5588756,0.4404004
65,0.0007247046,0.5583826,0.4408926
66,0.0007251186,0.5580565,0.4412184
67,0.0007253434,0.5578165,0.4414581
68,0.0007254616,0.5576205,0.4416541
69,0.0007255198,0.5574478,0.4418266
70,0.0007255449,0.5572874,0.4419871
71,0.0007255506,0.557135,0.4421394
72,0.0007255446,0.5569903,0.4422842
73,0.0006834582,0.5824491,0.4168674
74,0.0006619956,0.5949561,0.4043818
75,0.0006510922,0.600673,0.398676
76,0.0006455063,0.6030594,0.3962952
77,0.0006426264,0.6038128,0.3955446
78,0.000641102,0.6038028,0.395556
79,0.0006402352,0.6034724,0.3958874
80,0.0006396708,0.6030402,0.3963202
81,0.0006392344,0.6026087,0.3967521
82,0.0006388441,0.6022214,0.3971397
83,0.0006384642,0.6018935,0.3974681
84,0.0006380806,0.6016264,0.3977355
85,0.000638359,0.6006066,0.3987551
86,0.0006383623,0.5997742,0.3995874
87,0.000637987,0.5993912,0.3999708
88,0.0006374989,0.5992,0.4001625
89,0.0006369815,0.5991187,0.4002444
90,0.0006364623,0.5991138,0.4002498
91,0.0006359489,0.599169,0.4001952
92,0.0006354408,0.5992742,0.4000904
93,0.0006349368,0.5994202,0.3999448
94,0.0006344386,0.5995958,0.3997698
95,0.0006339511,0.5997854,0.3995807
96,0.0006334829,0.59997,0.3993965
97,0.0006227615,0.6064317,0.3929455
98,0.0006168393,0.6097193,0.3896638
99,0.000613515,0.6112985,0.388088
100,0.0006116547,0.6119034,0.387485
101,0.0006106101,0.6119584,0.387431
102,0.0006100217,0.6116984,0.3876915
103,0.0006096922,0.6112546,0.3881357
104,0.000609513,0.6107025,0.388688
105,0.0006094241,0.610088,0.3893026
106,0.0006093885,0.6094443,0.3899463
107,0.0006093818,0.6087966,0.390594
108,0.0006093866,0.6081647,0.3912258
109,0.0006286778,0.5952079,0.4041635
110,0.0006399935,0.5875785,0.4117814
111,0.0006462695,0.5834679,0.4158859
112,0.0006496438,0.5813385,0.418012
113,0.0006513968,0.5802956,0.419053
114,0.0006522772,0.5798237,0.419524
115,0.0006527055,0.5796369,0.4197104
116,0.0006529086,0.5795842,0.4197629
117,0.0006530036,0.579589,0.419758
118,0.0006530487,0.5796157,0.4197313
119,0.000653072,0.579648,0.4196989
120,0.0006530865,0.5796789,0.419668
121,0.0006465263,0.5839973,0.4153562
122,0.000642908,0.5863689,0.4129882
123,0.0006410362,0.5874959,0.4118631
124,0.0006400722,0.5879971,0.4113629
125,0.0006395831,0.5881768,0.4111835
126,0.0006393337,0.5881987,0.4111619
127,0.0006391992,0.588149,0.4112119
128,0.0006391153,0.588071,0.4112899
129,0.0006390518,0.5879853,0.4113756
130,0.0006389939,0.5879008,0.4114601
131,0.0006389361,0.5878209,0.4115402
132,0.0006388758,0.5877466,0.4116145
133,0.0006936348,0.5539035,0.4454029
134,0.0007288627,0.53367,0.4656011
135,0.0007507708,0.5221894,0.4770599
136,0.0007637936,0.5164051,0.4828311
137,0.000771332,0.5139412,0.4852875
138,0.0007756632,0.5132437,0.4859807
139,0.0007782071,0.5133715,0.4858502
140,0.0007798016,0.5137919,0.4854283
141,0.000780919,0.5142239,0.4849951
142,0.000781819,0.5145272,0.484691
143,0.0007826356,0.514645,0.4845723
144,0.0007834332,0.5145658,0.4846507
145,0.0007134795,0.5573161,0.4419704
146,0.0006796734,0.5767962,0.4225242
147,0.0006628306,0.5853823,0.4139548
148,0.0006542468,0.5888859,0.4104599
149,0.0006498031,0.5900308,0.4093194
150,0.0006474479,0.5901346,0.409218
151,0.0006461459,0.589825,0.409529
152,0.0006453752,0.5893883,0.4099663
153,0.000644874,0.5889466,0.4104085
154,0.0006445106,0.5885468,0.4108087
155,0.0006442192,0.5882028,0.411153
156,0.0006439659,0.5879158,0.4114402
157,0.0007674716,0.510212,0.4890205
158,0.0008618382,0.4529794,0.5461587
159,0.000929263,0.4148309,0.5842399
160,0.0009752011,0.3913345,0.6076903
161,0.001005397,0.3780965,0.6208981
162,0.001024707,0.371559,0.6274163
163,0.001036843,0.3691057,0.6298575
164,0.001044451,0.3689414,0.6300141
165,0.001049305,0.3699112,0.6290395
166,0.001052532,0.3713154,0.6276321
167,0.001054822,0.3727528,0.6261923
168,0.001056582,0.3740117,0.6249317
169,0.0009734678,0.4240736,0.5749529
170,0.0009275721,0.4502859,0.5487866
171,0.0009042084,0.4613762,0.5377197
172,0.0008911827,0.466313,0.5327958
173,0.0008836553,0.4685967,0.5305197
174,0.0008793157,0.4696118,0.5295089
175,0.0008768507,0.4700747,0.5290484
176,0.000875501,0.4703348,0.5287896
177,0.000874826,0.4705456,0.5285795
178,0.0008745681,0.4707633,0.528362
179,0.0008745719,0.471004,0.5281215
180,0.0008747405,0.4712693,0.5278559
181,0.0008495057,0.4864936,0.5126569
182,0.0008350876,0.495039,0.504126
183,0.0008270711,0.4996827,0.4994902
184,0.0008227373,0.5021558,0.4970214
185,0.0008204882,0.5034615,0.495718
186,0.0008193943,0.5041705,0.49501
187,0.0008189224,0.5046007,0.4945804
188,0.0008187723,0.5049235,0.4942577
189,0.0008187791,0.505229,0.4939522
190,0.0008188548,0.5055605,0.4936206
191,0.0008189543,0.5059379,0.4932432
192,0.000819055,0.5063688,0.4928121
193,0.0008038517,0.5157563,0.4834398
194,0.0007951643,0.5211167,0.4780881
195,0.0007902749,0.5241802,0.4750295
196,0.0007875798,0.5259527,0.4732598
197,0.0007861232,0.5270244,0.4721895
198,0.0007853495,0.5277283,0.4714863
199,0.0007849425,0.5282437,0.4709714
200,0.000784729,0.5286613,0.470554
201,0.0007846172,0.529022,0.4701934
202,0.0007845624,0.5293387,0.4698768
203,0.0007845444,0.529612,0.4696034
204,0.0007845556,0.5298377,0.4693778
205,0.0008512291,0.4908803,0.5082685
206,0.0008961976,0.4656861,0.5334177
207,0.0009251072,0.4506868,0.5483881
208,0.0009429719,0.4424431,0.5566139
209,0.0009536662,0.4383641,0.5606822
210,0.0009599429,0.4366602,0.5623798
211,0.000963629,0.4361841,0.5628523
212,0.0009658685,0.4362494,0.5627847
213,0.0009673383,0.4364784,0.5625543
214,0.0009684066,0.4367015,0.5623301
215,0.0009692678,0.4368591,0.5621716
216,0.0009700163,0.4369493,0.5620806
217,0.0008918723,0.4819497,0.5171585
218,0.0008505007,0.5048288,0.4943208
219,0.0008288735,0.5159796,0.4831915
220,0.000817567,0.5212066,0.4779759
221,0.0008117431,0.5234463,0.475742
222,0.0008088225,0.5242284,0.4749628
223,0.0008074142,0.5243458,0.4748469
224,0.0008067728,0.5241988,0.4749945
225,0.0008065052,0.52398,0.4752135
226,0.000806409,0.5237754,0.4754182
227,0.0008063844,0.5236176,0.4755761
228,0.000806385,0.5235143,0.4756793
229,0.0008198185,0.5159935,0.4831867
230,0.0008279663,0.5117719,0.4874002
231,0.0008328645,0.5094802,0.4896869
232,0.0008357364,0.5083712,0.490793
233,0.000837396,0.5079471,0.4912155
234,0.0008383551,0.5078992,0.4912624
235,0.0008389219,0.5080447,0.4911164
236,0.0008392758,0.5082787,0.490882
237,0.0008395182,0.5085427,0.4906178
238,0.0008397033,0.5088039,0.4903564
239,0.0008398597,0.5090445,0.4901157
240,0.0008400005,0.5092544,0.4899056
241,0.000812599,0.5257418,0.4734456
242,0.0007975001,0.5347655,0.464437
243,0.0007896521,0.5391374,0.460073
244,0.0007856179,0.5411289,0.4580854
245,0.0007835943,0.5418913,0.4573252
246,0.0007826,0.5420454,0.457172
247,0.0007821071,0.5419231,0.4572947
248,0.0007818404,0.5416957,0.4575224
249,0.0007816642,0.5414471,0.4577712
250,0.0007815179,0.5412114,0.4580071
251,0.0007813768,0.5410002,0.4582183
252,0.0007812338,0.5408151,0.4584037
253,0.0007698614,0.5463726,0.4528575
254,0.0007632274,0.549107,0.4501298
255,0.0007590745,0.5506487,0.4485922
256,0.000756528,0.5514033,0.4478401
257,0.0007549579,0.551708,0.4475371
258,0.000753968,0.5517735,0.4474726
259,0.0007533193,0.5517219,0.4475247
260,0.0007528701,0.5516214,0.4476256
261,0.0007525382,0.5515075,0.4477399
262,0.000752276,0.551398,0.4478497
263,0.0007520564,0.5513005,0.4479475
264,0.0007518639,0.5512172,0.4480309
265,0.0008157634,0.5144917,0.4846925
266,0.0008581139,0.4915911,0.5075508
267,0.0008851181,0.4781291,0.5209858
268,0.0009016037,0.4709553,0.528143
269,0.0009113508,0.4676099,0.5314789
270,0.0009170097,0.4664061,0.5326769
271,0.000920308,0.4662723,0.5328074
272,0.0009223092,0.4665667,0.532511
273,0.0009236324,0.4669297,0.5321467
274,0.0009246141,0.4671838,0.5318916
275,0.0009254243,0.4672602,0.5318144
276,0.0009261361,0.4671578,0.5319161
277,0.0009447123,0.4563393,0.5427161
278,0.0009565561,0.4493939,0.5496496
279,0.0009637089,0.4453583,0.5536779
280,0.000967895,0.4431429,0.5558892
281,0.0009702784,0.4420235,0.5570062
282,0.0009716123,0.4415369,0.5574914
283,0.0009723648,0.4413992,0.5576284
284,0.0009728147,0.441444,0.5575832
285,0.0009731212,0.4415788,0.5574481
286,0.0009733702,0.4417544,0.5572723
287,0.0009736052,0.441946,0.5570803
288,0.0009738457,0.4421432,0.556883
289,0.000899617,0.4841149,0.5149856
290,0.0008598764,0.5056533,0.4934868
291,0.0008388259,0.5162772,0.482884
292,0.0008276435,0.5213273,0.4778451
293,0.0008217465,0.5235375,0.4756409
294,0.0008186743,0.5243416,0.4748398
295,0.0008170917,0.5244908,0.4746921
296,0.0008162764,0.5243708,0.474813
297,0.0008158438,0.5241709,0.4750133
298,0.0008155956,0.5239769,0.4752075
299,0.0008154332,0.5238227,0.4753619
300,0.0008153087,0.5237178,0.4754669
301,0.0007498086,0.5611991,0.4380512
302,0.0007170184,0.5790964,0.4201866
303,0.0007002749,0.587409,0.4118908
304,0.000691598,0.5910391,0.4082693
305,0.0006870587,0.5923687,0.4069442
306,0.0006846352,0.592604,0.4067113
307,0.0006832749,0.5923571,0.4069596
308,0.0006824359,0.5919302,0.4073874
309,0.0006818447,0.5914647,0.4078535
310,0.0006813673,0.5910231,0.4082955
311,0.000680942,0.5906262,0.4086929
312,0.0006805431,0.5902761,0.4090435
313,0.0007729144,0.535242,0.4639851
314,0.0008380218,0.4977276,0.5014343
315,0.0008808967,0.4746874,0.5244317
316,0.0009076463,0.4617954,0.537297
317,0.0009235946,0.4554147,0.5436618
318,0.0009327667,0.4528742,0.5461929
319,0.000937931,0.452389,0.5466731
320,0.0009408512,0.4528502,0.546209
321,0.000942581,0.4536106,0.5454468
322,0.0009437047,0.4543314,0.5447249
323,0.0009445257,0.4548565,0.5441989
324,0.0009451889,0.4551398,0.543915
325,0.0009375188,0.4597112,0.5393512
326,0.0009329669,0.4621344,0.5369326
327,0.0009302669,0.463371,0.5356987
328,0.0009286982,0.4639146,0.5351567
329,0.0009277982,0.464098,0.5349742
330,0.0009272918,0.4641212,0.5349516
331,0.000927023,0.4640935,0.5349795
332,0.000926905,0.4640701,0.535003
333,0.0009268889,0.4640748,0.5349983
334,0.0009269501,0.4641098,0.5349633
335,0.0009270713,0.4641718,0.5349011
336,0.0009272396,0.4642563,0.5348164
337,0.0009334639,0.4609914,0.5380751
338,0.0009374319,0.4591367,0.5399259
339,0.0009399483,0.4581644,0.5408956
340,0.0009415549,0.457732,0.5413265
341,0.0009426069,0.4576191,0.5414382
342,0.0009433298,0.457691,0.5413656
343,0.000943862,0.4578678,0.5411884
344,0.0009442865,0.4581039,0.5409518
345,0.0009446521,0.4583734,0.540682
346,0.0009449857,0.4586639,0.540391
347,0.0009453036,0.458968,0.5400866
348,0.0009456146,0.4592802,0.5397741
349,0.0008152933,0.5341244,0.4650602
350,0.0007557583,0.5672451,0.4319991
351,0.0007278759,0.5815338,0.4177383
352,0.0007142774,0.5875492,0.4117365
353,0.0007075843,0.5897073,0.4095851
354,0.0007042627,0.5901002,0.4091955
355,0.0007025567,0.5897489,0.4095485
356,0.0007015951,0.5891431,0.4101553
357,0.0007009566,0.5885041,0.4107949
358,0.0007004465,0.5879216,0.4113779
359,0.0006999818,0.5874227,0.4118774
360,0.0006995308,0.5870076,0.4122929
361,0.0007783372,0.54011,0.4591117
362,0.0008320922,0.5087373,0.4904307
363,0.0008661503,0.4901436,0.5089902
364,0.0008865728,0.4801221,0.5189913
365,0.0008982287,0.4754048,0.523697
366,0.0009045976,0.4737172,0.5253782
367,0.0009079649,0.4736001,0.5254919
368,0.0009097275,0.474182,0.5249084
369,0.0009106872,0.4749732,0.5241161
370,0.0009112805,0.4757101,0.5233786
371,0.0009117262,0.4762651,0.5228232
372,0.000912122,0.4765907,0.5224972
373,0.0009226587,0.4710403,0.528037
374,0.0009292375,0.4676771,0.5313937
375,0.0009332814,0.4656421,0.5334246
376,0.0009357259,0.4643953,0.5346689
377,0.0009371819,0.4636075,0.5354553
378,0.0009380357,0.4630912,0.5359708
379,0.0009385289,0.4627446,0.5363168
380,0.0009388131,0.4625127,0.5365485
381,0.0009389833,0.4623643,0.5366967
382,0.0009390981,0.4622816,0.5367794
383,0.000939195,0.4622508,0.53681
384,0.0009392956,0.4622605,0.5368001
385,0.0009411325,0.4612382,0.5378207
386,0.000942315,0.4606536,0.538404
387,0.00094306,0.4603929,0.5386641
388,0.0009435526,0.4603256,0.5387309
389,0.0009439057,0.4603733,0.5386828
390,0.000944184,0.4604909,0.5385649
391,0.0009444234,0.4606543,0.5384013
392,0.0009446424,0.4608517,0.5382036
393,0.0009448508,0.4610783,0.5379768
394,0.0009450546,0.46133,0.537725
395,0.0009452561,0.4616046,0.5374501
396,0.0009454572,0.4619008,0.5371538
397,0.0009651309,0.4504503,0.5485846
398,0.0009775334,0.4433689,0.5556536
399,0.0009847928,0.4396794,0.5593358
400,0.0009889111,0.4379864,0.5610247
401,0.000991179,0.4374266,0.5615823
402,0.000992406,0.4374712,0.5615364
403,0.0009930814,0.437808,0.5611989
404,0.0009934861,0.4382598,0.5607467
405,0.0009937737,0.4387312,0.5602751
406,0.00099402,0.4391753,0.5598307
407,0.0009942595,0.4395719,0.5594338
408,0.0009945034,0.4399143,0.5590912
409,0.0008981579,0.4939479,0.505154
410,0.0008489662,0.520424,0.4787269
411,0.0008240122,0.5328138,0.4663622
412,0.0008111617,0.538393,0.4607958
413,0.0008045589,0.54062,0.4585755
414,0.0008011843,0.5412478,0.457951
415,0.0007994511,0.5411716,0.458029
416,0.0007985276,0.5408379,0.4583636
417,0.0007979859,0.5404577,0.4587443
418,0.0007976122,0.5401219,0.4590804
419,0.0007973042,0.5398627,0.45934
420,0.0007970151,0.5396851,0.4595179
421,0.0008020544,0.5366738,0.4625242
422,0.0008048934,0.5350612,0.4641339
423,0.0008064432,0.5342288,0.4649647
424,0.0008071976,0.5338827,0.4653102
425,0.0008074859,0.5338175,0.465375
426,0.0008075122,0.5339043,0.4652882
427,0.0008073988,0.5340635,0.4651292
428,0.0008072178,0.534245,0.4649478
429,0.0008070128,0.5344159,0.4647771
430,0.0008068103,0.5345524,0.4646408
431,0.0008066256,0.5346379,0.4645554
432,0.0008064678,0.5346617,0.464532
433,0.0008699024,0.4994177,0.4997124
434,0.0009118721,0.4775251,0.5215631
435,0.0009387585,0.4644929,0.5345683
436,0.0009552474,0.4574073,0.5416374
437,0.0009650703,0.4538998,0.5451351
438,0.0009708432,0.4523471,0.5466821
439,0.0009742707,0.4517235,0.5473022
440,0.0009763964,0.451427,0.5475966
441,0.0009778162,0.4511428,0.5478793
442,0.0009788348,0.4507559,0.5482652
443,0.0009795949,0.4502631,0.5487573
444,0.0009801583,0.4497186,0.5493013
445,0.00098285,0.4488785,0.5501387
446,0.0009845571,0.4487462,0.5502692
447,0.0009859654,0.4485941,0.5504199
448,0.0009871228,0.4484617,0.5505512
449,0.0009880923,0.4483444,0.5506675
450,0.0009889186,0.4482388,0.5507723
451,0.0009896342,0.4481436,0.5508667
452,0.0009902611,0.4480603,0.5509494
453,0.0009908162,0.4479911,0.551018
454,0.0009913131,0.4479353,0.5510734
455,0.000991763,0.4478927,0.5511156
456,0.0009921736,0.4478631,0.5511447
457,0.0009816604,0.45212,0.5468984
458,0.0009752915,0.4535554,0.5454693
459,0.0009706435,0.4546795,0.5443498
460,0.0009672763,0.4555824,0.5434504
461,0.0009648942,0.4562904,0.5427448
462,0.0009632568,0.456836,0.5422007
463,0.0009621646,0.4572612,0.5417766
464,0.000961459,0.4576086,0.54143
465,0.0009610199,0.4579147,0.5411242
466,0.0009607596,0.4582082,0.540831
467,0.0009606159,0.4585098,0.5405296
468,0.000960546,0.4588359,0.5402036
469,0.0008587091,0.5161302,0.4830111
470,0.0008085444,0.543365,0.4558264
471,0.0007837474,0.5558223,0.4433939
472,0.0007712101,0.5613565,0.4378723
473,0.000764846,0.5635532,0.435682
474,0.000761601,0.5641793,0.4350592
475,0.0007599025,0.5641202,0.43512
476,0.0007589441,0.5638106,0.4354305
477,0.0007583213,0.5634522,0.4357894
478,0.0007578392,0.5631293,0.4361129
479,0.0007574109,0.5628665,0.4363761
480,0.0007570014,0.5626624,0.4365806
481,0.0008007916,0.5365938,0.4626054
482,0.0008283881,0.520294,0.4788776
483,0.0008444687,0.5113693,0.4877861
484,0.0008533885,0.5068597,0.4922869
485,0.000858047,0.504889,0.4942531
486,0.0008602983,0.5042838,0.4948559
487,0.0008612628,0.5043508,0.494788
488,0.0008615818,0.5047016,0.4944368
489,0.000861606,0.5051284,0.4940099
490,0.0008615146,0.5055311,0.4936073
491,0.0008613958,0.5058631,0.4932756
492,0.0008612896,0.506106,0.4930328
493,0.0008830311,0.4939185,0.5051984
494,0.0008965138,0.4866335,0.51247
495,0.0009045417,0.4825842,0.5165112
496,0.0009091903,0.4804532,0.5186376
497,0.000911826,0.479397,0.5196912
498,0.0009133106,0.4789001,0.5201865
499,0.000914163,0.4786671,0.5204188
500,0.0009146805,0.4785432,0.5205421
501,0.000915027,0.4784569,0.520628
502,0.0009152942,0.4783727,0.520712
503,0.0009155259,0.4782821,0.5208024
504,0.0009157417,0.4781878,0.5208964
505,0.0008869627,0.494324,0.5047891
506,0.0008707021,0.5031007,0.4960286
507,0.0008617761,0.5075722,0.491566
508,0.0008569887,0.5096945,0.4894485
509,0.0008544988,0.5105758,0.4885696
510,0.0008532525,0.5108375,0.4883093
511,0.0008526557,0.5108183,0.4883291
512,0.000852383,0.5106947,0.488453
513,0.0008522609,0.5105532,0.4885946
514,0.0008521987,0.5104356,0.4887123
515,0.0008521536,0.5103568,0.488791
516,0.0008521074,0.5103202,0.4888277
517,0.0008521192,0.5103812,0.4887666
518,0.0008521251,0.5105065,0.4886414
519,0.000852184,0.5105799,0.4885678
520,0.0008522344,0.5106612,0.4884866
521,0.0008522645,0.5107607,0.488387
522,0.000852273,0.5108793,0.4882683
523,0.0008522633,0.5110143,0.4881335
524,0.0008522391,0.511161,0.4879867
525,0.0008522043,0.5113143,0.4878335
526,0.0008521626,0.5114689,0.487679
527,0.0008521173,0.5116189,0.4875291
528,0.0008520716,0.5117586,0.4873894
529,0.0008563385,0.5093666,0.4897771
530,0.0008588549,0.507996,0.4911452
531,0.0008602278,0.507332,0.4918078
532,0.0008609594,0.5070343,0.4921048
533,0.0008613354,0.5069209,0.4922177
534,0.0008615232,0.5068883,0.4922502
535,0.0008616185,0.5068797,0.4922587
536,0.0008616724,0.5068669,0.4922714
537,0.0008617107,0.5068383,0.4923
538,0.0008617451,0.5067915,0.4923467
539,0.00086178,0.5067288,0.4924095
540,0.0008618156,0.5066546,0.4924836
541,0.0008836266,0.494408,0.5047083
542,0.0008971475,0.4871178,0.5119851
543,0.0009052518,0.4830381,0.5160567
544,0.0009099523,0.48092,0.51817
545,0.0009126042,0.4799327,0.5191547
546,0.0009140705,0.4795582,0.5195277
547,0.0009148765,0.4794914,0.5195937
548,0.0009153293,0.4795621,0.5195225
549,0.0009156017,0.4796812,0.5194033
550,0.0009157867,0.4798051,0.5192791
551,0.0009159314,0.4799163,0.5191678
552,0.0009160588,0.4800099,0.519074
553,0.0009150707,0.4807628,0.5183221
554,0.0009145434,0.4812416,0.5178439
555,0.0009143343,0.4814935,0.5175921
556,0.0009142908,0.4816304,0.5174553
557,0.0009143325,0.4817074,0.5173782
558,0.0009144135,0.4817561,0.5173295
559,0.0009145087,0.4817942,0.5172913
560,0.000914605,0.4818313,0.5172541
561,0.0009146973,0.4818715,0.5172136
562,0.0009147839,0.4819164,0.5171688
563,0.0009148648,0.4819659,0.5171193
564,0.0009149401,0.4820195,0.5170656
565,0.0009520549,0.4613953,0.5376527
566,0.0009761519,0.4485705,0.5504534
567,0.0009911745,0.4411846,0.5578243
568,0.001000241,0.4372431,0.5617567
569,0.001005562,0.4353647,0.5636297
570,0.001008626,0.4346409,0.5643504
571,0.001010386,0.4345073,0.5644823
572,0.001011423,0.4346331,0.5643554
573,0.001012076,0.4348374,0.5641505
574,0.001012533,0.4350326,0.5639548
575,0.001012891,0.435183,0.5638041
576,0.001013198,0.4352811,0.5637056
577,0.0009545488,0.4676912,0.5313542
578,0.0009218162,0.4850356,0.5140425
579,0.0009040496,0.4937518,0.5053442
580,0.00089448,0.497896,0.5012094
581,0.0008893958,0.4996632,0.4994474
582,0.0008867334,0.50025,0.4988633
583,0.0008853492,0.500298,0.4988167
584,0.000884619,0.5001392,0.4989761
585,0.0008842113,0.4999359,0.49918
586,0.0008839543,0.4997602,0.4993559
587,0.0008837628,0.4996395,0.4994767
588,0.0008835966,0.4995801,0.4995362
589,0.0008713007,0.5062586,0.4928701
590,0.0008640754,0.5100095,0.4891264
591,0.0008598851,0.5120524,0.4870877
592,0.0008574779,0.5131301,0.4860124
593,0.0008560907,0.5136912,0.4854528
594,0.0008552714,0.5139947,0.48515
595,0.0008547595,0.5141834,0.4849618
596,0.0008544097,0.5143315,0.4848141
597,0.0008541429,0.5144734,0.4846724
598,0.0008539195,0.5146217,0.4845244
599,0.0008537218,0.5147758,0.4843704
600,0.0008535444,0.5149289,0.4842176
601,0.0008477911,0.5182924,0.4808598
602,0.0008444026,0.5202441,0.4789115
603,0.0008425186,0.5212439,0.4779136
604,0.0008414831,0.5217166,0.477442
605,0.0008409327,0.5218827,0.4772764
606,0.0008406559,0.5218679,0.4772914
607,0.0008405316,0.5217442,0.4774152
608,0.000840491,0.5215524,0.477607
609,0.0008404953,0.5213172,0.4778423
610,0.0008405213,0.5210556,0.4781039
611,0.0008405544,0.5207806,0.4783789
612,0.0008405849,0.520503,0.4786564
613,0.0008932491,0.4906825,0.5084243
614,0.0009276984,0.4717654,0.5273069
615,0.0009491816,0.4606922,0.5383586
616,0.0009620311,0.4546762,0.5443618
617,0.0009694193,0.4517271,0.5473035
618,0.0009735207,0.4505133,0.5485132
619,0.0009757395,0.4502003,0.5488239
620,0.0009769346,0.4502977,0.5487254
621,0.0009776045,0.4505371,0.5484854
622,0.0009780256,0.450783,0.548239
623,0.0009783405,0.4509781,0.5480435
624,0.0009786164,0.4511064,0.547915
625,0.0009451064,0.4697713,0.5292835
626,0.0009257901,0.4800858,0.5189883
627,0.0009149979,0.4854428,0.5136423
628,0.0009091025,0.4880401,0.5110508
629,0.000905971,0.4891574,0.5099366
630,0.0009043629,0.4895253,0.5095704
631,0.0009035692,0.4895482,0.5095482
632,0.0009031933,0.4894411,0.5096557
633,0.0009030201,0.4893117,0.5097852
634,0.0009029375,0.4892084,0.5098886
635,0.0009028898,0.4891497,0.5099475
636,0.0009028507,0.489139,0.5099581
637,0.0009064326,0.4871656,0.511928
638,0.0009085935,0.4860986,0.5129927
639,0.0009098659,0.4855773,0.5135128
640,0.0009105877,0.4853923,0.5136971
641,0.0009109814,0.4854044,0.5136846
642,0.0009111863,0.4855267,0.5135621
643,0.0009112864,0.4857063,0.5133823
644,0.0009113314,0.4859114,0.5131773
645,0.0009113502,0.4861214,0.5129672
646,0.0009113596,0.4863237,0.512765
647,0.0009113689,0.4865088,0.5125798
648,0.0009113842,0.48667,0.5124187
649,0.0008665888,0.5115902,0.4875432
650,0.0008421309,0.5246102,0.4745476
651,0.0008289727,0.5310596,0.4681115
652,0.0008219673,0.5340249,0.4651532
653,0.0008182934,0.5351816,0.464
654,0.0008163896,0.5354438,0.4637398
655,0.0008153991,0.5353005,0.4638841
656,0.0008148605,0.5350049,0.4641803
657,0.0008145314,0.5346811,0.4645043
658,0.0008142904,0.5343848,0.4648009
659,0.0008140796,0.5341368,0.4650491
660,0.0008138736,0.5339413,0.4652447
661,0.0008149627,0.5329915,0.4661935
662,0.0008154748,0.5324124,0.4667721
663,0.0008155999,0.5321329,0.4670515
664,0.0008155286,0.5320122,0.4671722
665,0.0008153568,0.5319839,0.4672008
666,0.0008151375,0.5320097,0.4671752
667,0.0008149005,0.5320671,0.467118
668,0.0008146617,0.5321414,0.4670439
669,0.0008144304,0.5322223,0.4669633
670,0.0008142118,0.5323016,0.4668841
671,0.0008140097,0.5323721,0.4668139
672,0.000813827,0.5324271,0.4667591
673,0.0008136979,0.5326004,0.4665859
674,0.00081357,0.5327709,0.4664156
675,0.000813572,0.5327654,0.466421
676,0.0008135854,0.5327069,0.4664796
677,0.0008135994,0.5326091,0.4665773
678,0.0008136146,0.5324765,0.4667099
679,0.0008136326,0.5323119,0.4668744
680,0.0008136544,0.5321193,0.4670671
681,0.0008136799,0.5319033,0.467283
682,0.0008137066,0.5316712,0.4675151
683,0.0008137317,0.5314306,0.4677557
684,0.0008137522,0.5311887,0.4679976
685,0.000848254,0.5114655,0.4876862
686,0.0008699315,0.4995024,0.4996276
687,0.0008829903,0.492748,0.5063691
688,0.0008905659,0.4892103,0.5098992
689,0.0008948176,0.4875408,0.5115645
690,0.0008971413,0.4868867,0.5122161
691,0.0008983944,0.4867405,0.512361
692,0.0008990784,0.4868177,0.5122832
693,0.0008994737,0.4869694,0.512131
694,0.0008997328,0.4871223,0.511978
695,0.0008999316,0.4872462,0.5118539
696,0.0009001063,0.4873331,0.5117669
697,0.0008564377,0.5118865,0.4872571
698,0.0008326477,0.5246867,0.4744807
699,0.0008198688,0.5310208,0.4681593
700,0.0008130752,0.5339443,0.4652427
701,0.0008095177,0.5351096,0.4640809
702,0.0008076773,0.535414,0.4637783
703,0.0008067219,0.5353352,0.4638581
704,0.0008062029,0.5351191,0.4640747
705,0.0008058867,0.534885,0.464309
706,0.0008056551,0.534686,0.4645083
707,0.0008054519,0.5345415,0.4646531
708,0.0008052519,0.5344553,0.4647394
709,0.0008232885,0.5240917,0.475085
710,0.0008341186,0.5181376,0.4810282
711,0.0008403548,0.514987,0.4841726
712,0.0008437845,0.5135123,0.4856439
713,0.0008455706,0.5129881,0.4861663
714,0.000846434,0.5129699,0.4861836
715,0.0008468049,0.5131952,0.4859581
716,0.0008469321,0.5135122,0.4856408
717,0.0008469553,0.5138342,0.4853189
718,0.0008469512,0.5141114,0.4850417
719,0.0008469596,0.514316,0.4848369
720,0.0008469995,0.5144345,0.4847185
721,0.0008732516,0.4997432,0.4993836
722,0.0008896918,0.490916,0.5081943
723,0.0008996314,0.4859285,0.5131718
724,0.0009054888,0.483257,0.5158376
725,0.0009088941,0.4818915,0.5171996
726,0.000910882,0.4812103,0.5178788
727,0.0009120763,0.4808566,0.5182313
728,0.0009128345,0.4806422,0.5184449
729,0.0009133533,0.4804786,0.518608
730,0.0009137353,0.480332,0.5187543
731,0.0009140319,0.4801957,0.5188903
732,0.0009142691,0.4800739,0.5190119
733,0.0008723129,0.5034984,0.4956292
734,0.000849147,0.5158553,0.4832957
735,0.0008365435,0.5220552,0.4771082
736,0.0008297468,0.5249827,0.4741876
737,0.0008261217,0.5262153,0.4729587
738,0.0008241993,0.5266141,0.4725617
739,0.0008231677,0.52664,0.4725368
740,0.0008225865,0.5265313,0.472646
741,0.0008222218,0.5264054,0.4727724
742,0.0008219538,0.5263152,0.472863
743,0.0008217237,0.5262812,0.4728971
744,0.000821504,0.5263088,0.4728697
745,0.0008806961,0.4927915,0.5063277
746,0.0009198795,0.4715301,0.52755
747,0.000944545,0.4592016,0.5398538
748,0.0009593757,0.4527485,0.5462921
749,0.0009679037,0.4499143,0.5491179
750,0.0009726073,0.4491449,0.5498825
751,0.0009751261,0.449426,0.5495988
752,0.0009764932,0.4501214,0.5489021
753,0.0009773273,0.4508471,0.5481756
754,0.0009779752,0.4513871,0.547635
755,0.0009786085,0.4516416,0.5473799
756,0.0009792901,0.4515932,0.5474275
757,0.000951689,0.4668666,0.5321817
758,0.0009359088,0.4750683,0.5239958
759,0.00092722,0.4790625,0.5200102
760,0.0009225797,0.4807447,0.5183328
761,0.0009201747,0.4812449,0.517835
762,0.0009189537,0.4812092,0.5178718
763,0.0009183309,0.4809842,0.5180976
764,0.0009179945,0.4807391,0.5183429
765,0.0009177891,0.4805461,0.5185361
766,0.0009176408,0.4804279,0.5186545
767,0.0009175183,0.4803849,0.5186976
768,0.0009174091,0.48041,0.5186726
769,0.0008676337,0.5081356,0.4909968
770,0.0008404972,0.5226629,0.4764966
771,0.0008258868,0.5299396,0.4692345
772,0.0008180462,0.5334275,0.4657544
773,0.0008138629,0.5349702,0.4642159
774,0.0008116282,0.53556,0.4636285
775,0.000810405,0.5357249,0.4634647
776,0.0008096882,0.5357374,0.4634529
777,0.0008092114,0.5357308,0.46346
778,0.0008088402,0.5357639,0.4634273
779,0.0008085097,0.535857,0.4633346
780,0.0008081928,0.5360103,0.4631816
781,0.0008075066,0.5364622,0.4627302
782,0.0008069837,0.5368644,0.4623286
783,0.0008066047,0.5371816,0.4620118
784,0.0008063046,0.5374515,0.4617422
785,0.0008060656,0.5376696,0.4615243
786,0.0008058844,0.5378216,0.4613725
787,0.0008057617,0.5378919,0.4613023
788,0.0008056979,0.537868,0.4613263
789,0.0008056916,0.5377428,0.4614515
790,0.000805735,0.5375192,0.461675
791,0.0008058172,0.5372079,0.4619863
792,0.0008059243,0.5368254,0.4623687
793,0.0008258938,0.5250471,0.474127
794,0.000837982,0.5179073,0.4812547
795,0.000844936,0.513905,0.48525
796,0.000848815,0.5117217,0.4874294
797,0.0008509054,0.510564,0.4885851
798,0.0008519918,0.5099608,0.4891871
799,0.0008525336,0.5096464,0.4895011
800,0.000852789,0.5094779,0.4896693
801,0.0008528989,0.5093834,0.4897637
802,0.0008529376,0.5093276,0.4898195
803,0.0008529419,0.5092956,0.4898515
804,0.0008529295,0.509282,0.4898651
805,0.0007883507,0.545803,0.4534087
806,0.0007554172,0.5635841,0.4356605
807,0.0007384534,0.5719578,0.4273038
808,0.0007296507,0.5756615,0.4236088
809,0.0007250795,0.5770491,0.4222259
810,0.0007226843,0.5773327,0.4219447
811,0.0007213813,0.577135,0.4221436
812,0.000720605,0.5767676,0.4225117
813,0.0007200681,0.5763789,0.422901
814,0.0007196284,0.5760338,0.4232466
815,0.000719221,0.5757557,0.4235251
816,0.0007188172,0.5755491,0.4237321
817,0.0007590324,0.551995,0.447246
818,0.0007839967,0.5379306,0.4612854
819,0.0007987104,0.5302323,0.468969
820,0.0008069153,0.5264928,0.4727003
821,0.0008112301,0.5250376,0.4741512
822,0.0008133489,0.5247936,0.474393
823,0.0008143093,0.5251079,0.4740778
824,0.0008147187,0.5255961,0.4735892
825,0.0008149171,0.5260378,0.4731473
826,0.0008150823,0.5263119,0.4728731
827,0.0008152887,0.5263706,0.4728141
828,0.0008155519,0.526222,0.4729625
829,0.0008282686,0.518773,0.4803987
830,0.0008360517,0.5141931,0.4849708
831,0.0008406768,0.5114822,0.4876771
832,0.0008434145,0.509849,0.4893077
833,0.0008450463,0.5088282,0.4903267
834,0.0008460385,0.5081564,0.4909976
835,0.0008466588,0.5076915,0.4914619
836,0.0008470588,0.5073605,0.4917924
837,0.0008473237,0.5071257,0.4920269
838,0.0008475039,0.5069644,0.4921882
839,0.000847629,0.5068626,0.4922898
840,0.0008477172,0.5068114,0.4923408
841,0.0008344481,0.5144784,0.4846871
842,0.0008268526,0.5187466,0.4804266
843,0.000822635,0.5209823,0.478195
844,0.0008203328,0.5221141,0.4770656
845,0.0008190955,0.522669,0.4765119
846,0.000818433,0.5229439,0.4762378
847,0.0008180682,0.5231011,0.4760809
848,0.0008178486,0.5232258,0.4759562
849,0.0008176934,0.5233601,0.4758221
850,0.0008175614,0.5235222,0.4756603
851,0.000817434,0.5237172,0.4754653
852,0.000817304,0.5239434,0.4752393
853,0.0008319462,0.5157436,0.4834244
854,0.0008407302,0.5111233,0.488036
855,0.0008457726,0.5087968,0.4903575
856,0.0008485565,0.5078088,0.4913426
857,0.0008500341,0.5075537,0.4915962
858,0.0008507946,0.5076589,0.4914904
859,0.0008511892,0.507903,0.4912457
860,0.0008514192,0.5081599,0.4909887
861,0.0008515955,0.5083607,0.4907877
862,0.0008517728,0.5084738,0.4906745
863,0.0008519742,0.5084905,0.4906575
864,0.0008522049,0.5084168,0.4907311
865,0.0008009019,0.537386,0.4618131
866,0.0007740475,0.5517828,0.4474431
867,0.0007599893,0.5586147,0.4406253
868,0.0007526862,0.56156,0.4376872
869,0.0007489381,0.5625597,0.4366914
870,0.0007470276,0.5626402,0.4366127
871,0.0007460361,0.5623354,0.4369186
872,0.0007454815,0.5619123,0.4373422
873,0.0007451181,0.561497,0.4377578
874,0.0007448265,0.5611425,0.4381127
875,0.0007445517,0.5608667,0.4383888
876,0.0007442706,0.560672,0.4385836
877,0.0008032159,0.5263835,0.4728133
878,0.0008417394,0.5048331,0.4943252
879,0.0008655534,0.4925014,0.506633
880,0.0008795093,0.4861934,0.5129271
881,0.000887254,0.4835528,0.51556
882,0.0008913005,0.4829865,0.5161222
883,0.0008932762,0.4834777,0.515629
884,0.0008941874,0.4843991,0.5147067
885,0.0008946331,0.4853679,0.5137374
886,0.0008949492,0.4861559,0.5129492
887,0.0008952999,0.4866417,0.5124629
888,0.000895737,0.4867928,0.5123115
889,0.0008510038,0.5120215,0.4871275
890,0.0008270898,0.524731,0.4744419
891,0.0008145148,0.5306794,0.468506
892,0.0008080862,0.5330687,0.4661232
893,0.0008049207,0.5336879,0.4655071
894,0.0008034249,0.5335125,0.465684
895,0.0008027361,0.5330518,0.4661455
896,0.0008024073,0.5325511,0.4666465
897,0.0008022209,0.5321138,0.4670839
898,0.000802079,0.5317717,0.4674262
899,0.0008019417,0.5315264,0.4676716
900,0.0008017957,0.5313691,0.467829
901,0.0008081977,0.5275497,0.4716421
902,0.0008119065,0.525426,0.4737621
903,0.0008139563,0.524359,0.474827
904,0.0008150137,0.5239272,0.4752578
905,0.000815495,0.5238701,0.4753143
906,0.0008156508,0.524033,0.4751514
907,0.0008156279,0.5243251,0.4748593
908,0.0008155096,0.5246931,0.4744914
909,0.000815344,0.5251035,0.4740812
910,0.0008151591,0.5255327,0.4736522
911,0.0008149739,0.5259596,0.4732254
912,0.0008148037,0.5263631,0.472822
913,0.0008442557,0.509823,0.4893328
914,0.0008625968,0.5000203,0.4991171
915,0.0008735107,0.494721,0.5044054
916,0.0008798036,0.492098,0.5070222
917,0.0008833655,0.490942,0.5081746
918,0.0008854,0.4904968,0.5086177
919,0.00088663,0.4903237,0.5087896
920,0.0008874635,0.490192,0.5089204
921,0.0008881151,0.4900005,0.5091113
922,0.0008886837,0.4897258,0.5093855
923,0.0008892047,0.4893856,0.5097252
924,0.0008896825,0.489015,0.5100953
925,0.0008838461,0.4922262,0.50689
926,0.0008805228,0.4939386,0.5051809
927,0.0008787311,0.4947402,0.5043811
928,0.0008778081,0.495063,0.5040591
929,0.0008773624,0.4951544,0.5039682
930,0.0008771669,0.4951538,0.503969
931,0.000877094,0.4951353,0.5039876
932,0.0008770757,0.4951354,0.5039876
933,0.0008770765,0.4951702,0.5039527
934,0.0008770801,0.4952455,0.5038775
935,0.0008770791,0.4953612,0.5037616
936,0.0008770715,0.4955156,0.5036074
937,0.000831796,0.5212491,0.4779191
938,0.0008073053,0.5346263,0.4645663
939,0.0007941531,0.5413275,0.4578783
940,0.0007871197,0.5445343,0.4546787
941,0.0007833813,0.5459444,0.4532722
942,0.0007813904,0.5464717,0.4527469
943,0.0007803023,0.5466006,0.4526191
944,0.0007796637,0.5465795,0.4526408
945,0.0007792375,0.546529,0.4526918
946,0.0007789048,0.5465012,0.4527199
947,0.0007786095,0.5465136,0.4527078
948,0.0007783282,0.5465662,0.4526555
949,0.0008082674,0.5293725,0.4698192
950,0.0008266621,0.519244,0.4799294
951,0.0008374194,0.5138064,0.4853562
952,0.0008434355,0.5111915,0.487965
953,0.0008466579,0.5101594,0.488994
954,0.0008483225,0.5099311,0.4892206
955,0.0008491753,0.5100422,0.4891086
956,0.000849644,0.510231,0.4889194
957,0.0008499617,0.5103598,0.4887902
958,0.0008502433,0.5103694,0.4887803
959,0.0008505365,0.5102475,0.4889021
960,0.0008508523,0.5100081,0.489141
961,0.0008529655,0.5086517,0.4904954
962,0.000854363,0.507677,0.4914687
963,0.0008552849,0.5069676,0.492177
964,0.0008559059,0.5064291,0.492715
965,0.0008563289,0.5060126,0.493131
966,0.0008566179,0.5056907,0.4934527
967,0.0008568131,0.5054464,0.4936967
968,0.0008569419,0.5052686,0.4938745
969,0.0008570221,0.5051488,0.4939942
970,0.000857068,0.5050792,0.4940638
971,0.0008570895,0.5050532,0.4940896
972,0.0008570935,0.5050659,0.4940769
973,0.0007825112,0.5475001,0.4517173
974,0.0007452978,0.5677873,0.4314674
975,0.0007264516,0.5771999,0.4220736
976,0.0007167695,0.5813463,0.4179368
977,0.0007117745,0.5829131,0.4163751
978,0.0007091669,0.5832591,0.4160317
979,0.0007077488,0.5830748,0.4162174
980,0.0007069021,0.5827036,0.4165895
981,0.0007063144,0.5823083,0.4169854
982,0.0007058332,0.5819606,0.4173336
983,0.000705388,0.5816871,0.4176075
984,0.0007049488,0.581494,0.4178011
985,0.0007185191,0.5731617,0.4261198
986,0.000726254,0.5684726,0.4308012
987,0.0007303546,0.5661258,0.4331438
988,0.0007323542,0.5651124,0.4341553
989,0.0007331831,0.5648295,0.4344373
990,0.000733394,0.5649181,0.4343486
991,0.0007333077,0.5651671,0.4340995
992,0.0007331078,0.5654566,0.4338102
993,0.0007328967,0.5657337,0.4335335
994,0.0007327429,0.5659621,0.4333052
995,0.0007327399,0.5658875,0.4333798
996,0.0007327689,0.5656775,0.4335898
997,0.0007496332,0.5556834,0.4435669
998,0.0007596033,0.5498596,0.4493808
999,0.0007654011,0.5464842,0.4527504
1000,0.0007686638,0.5445754,0.4546559
1001,0.0007704796,0.5434647,0.4557648
1002,0.0007715037,0.5427581,0.4564704
1003,0.0007721078,0.5422435,0.4569843
1004,0.0007724903,0.5418193,0.4574082
1005,0.0007727498,0.5414453,0.457782
1006,0.0007729341,0.5411089,0.4581181
1007,0.0007730646,0.5408111,0.4584157
1008,0.0007731517,0.5405558,0.458671
1009,0.0008168385,0.5148611,0.4843221
1010,0.000844738,0.4990271,0.5001281
1011,0.0008617448,0.4900508,0.5090876
1012,0.0008717128,0.4853733,0.513755
1013,0.0008773553,0.4832366,0.5158859
1014,0.0008804596,0.4825112,0.5166083
1015,0.0008821395,0.4825135,0.5166043
1016,0.000883057,0.4828518,0.5162652
1017,0.0008835893,0.4833128,0.5158036
1018,0.0008839421,0.4837874,0.5153287
1019,0.0008842224,0.4842238,0.514892
1020,0.000884483,0.4846006,0.5145149
1021,0.0008385677,0.5113275,0.487834
1022,0.0008137397,0.5252491,0.4739372
1023,0.0008005024,0.5321785,0.467021
1024,0.000793531,0.5354317,0.4637748
1025,0.0007899391,0.5367853,0.4624247
1026,0.0007881391,0.5372015,0.4620103
1027,0.0007872627,0.5371932,0.4620195
1028,0.000786842,0.5370252,0.462188
1029,0.000786632,0.5368279,0.4623854
1030,0.0007865091,0.5366598,0.4625537
1031,0.0007864144,0.5365431,0.4626704
1032,0.0007863218,0.5364832,0.4627305
1033,0.0007997493,0.5286048,0.4705954
1034,0.0008077039,0.5241086,0.4750836
1035,0.0008121853,0.5218119,0.4773759
1036,0.0008146003,0.520794,0.4783913
1037,0.0008158255,0.5204952,0.4786889
1038,0.0008163923,0.5205802,0.4786035
1039,0.0008166117,0.5208539,0.4783295
1040,0.0008166611,0.5212054,0.4779779
1041,0.0008166391,0.521571,0.4776124
1042,0.0008165988,0.5219138,0.4772696
1043,0.0008165686,0.5222118,0.4769715
1044,0.0008165635,0.5224518,0.4767316
1045,0.0008115591,0.5254918,0.4736966
1046,0.0008087,0.5271718,0.4720196
1047,0.0008071268,0.5280353,0.4711576
1048,0.0008063192,0.528407,0.4707867
1049,0.0008059527,0.5284941,0.4706999
1050,0.0008058327,0.5284227,0.4707715
1051,0.0008058446,0.528269,0.4709252
1052,0.000805922,0.5280793,0.4711148
1053,0.0008060259,0.5278825,0.4713115
1054,0.0008061352,0.5276951,0.4714988
1055,0.0008062377,0.5275272,0.4716666
1056,0.000806327,0.5273848,0.4718088
