EwEVersion,"6.5.13829.0 (compiled 2016-05-17)"
Date,"2016-09-06 18:45:07"
ModelName,Baltic_Proper-SEALS
EcosimScenario,Proper1_SealVuln100_19742100_seal0_cofF1
TimeSeries,new_data_weights_19742100_BAU_WAR1_codF1_seal0
StartYear,1974

Data,"Prey of Temora sp"

Year,"Cyanobacteria","Phytoplankton","microzooplankton","Detritus-water column",
1974,0.03575868,0.6257873,0.1919152,0.1465388
1975,0.03568297,0.6123868,0.2028339,0.1490963
1976,0.02831195,0.647203,0.2035632,0.1209219
1977,0.02929848,0.6316591,0.2103662,0.1286761
1978,0.03128025,0.6173812,0.2130099,0.1383286
1979,0.03242605,0.6117117,0.212041,0.1438213
1980,0.02806403,0.6366475,0.209121,0.1261676
1981,0.02750571,0.6336558,0.2128818,0.1259567
1982,0.02617924,0.6381227,0.2143457,0.1213523
1983,0.0284629,0.624148,0.2140361,0.1333531
1984,0.02799036,0.6277713,0.2130584,0.13118
1985,0.03462185,0.5754029,0.2317666,0.1582086
1986,0.02878701,0.627073,0.2117842,0.1323558
1987,0.04978675,0.483211,0.2456073,0.2213949
1988,0.04372634,0.5551419,0.2100189,0.1911128
1989,0.03939299,0.5865414,0.2008706,0.173195
1990,0.03663578,0.5981349,0.205063,0.1601663
1991,0.04659115,0.5363125,0.2181145,0.1989819
1992,0.03873276,0.5970353,0.1987732,0.1654588
1993,0.03930788,0.5856872,0.2071966,0.1678084
1994,0.035919,0.601882,0.2092531,0.1529458
1995,0.03440941,0.6127945,0.2040963,0.1486999
1996,0.04303323,0.5522404,0.2224186,0.1823077
1997,0.04799558,0.5381433,0.213321,0.2005401
1998,0.03917495,0.5974805,0.1980298,0.1653147
1999,0.03077218,0.6371185,0.1990067,0.1331027
2000,0.04360867,0.5458432,0.2245666,0.1859815
2001,0.04539183,0.5536866,0.2102377,0.1906839
2002,0.04649252,0.5530701,0.2061227,0.1943147
2003,0.03188327,0.6293363,0.2039171,0.1348633
2004,0.04172572,0.5574864,0.2243534,0.1764345
2005,0.04533653,0.5496146,0.2162433,0.1888055
2006,0.04635803,0.5532904,0.2077993,0.1925524
2007,0.04956663,0.5392125,0.207006,0.2042149
2008,0.03790604,0.6069278,0.1975255,0.1576407
2009,0.03708431,0.6008464,0.2063765,0.1556929
2010,0.04609853,0.5404351,0.2239274,0.1895389
2011,0.04838416,0.5362722,0.218956,0.1963876
2012,0.04785064,0.5528255,0.2034573,0.1958665
2013,0.0352562,0.6188362,0.1993352,0.1465725
2014,0.03987009,0.5833251,0.2097551,0.1670497
2015,0.04380291,0.5665048,0.2078204,0.1818719
2016,0.04075217,0.5899469,0.1994653,0.1698356
2017,0.04016661,0.5887588,0.2034407,0.1676338
2018,0.04058826,0.5845878,0.2058168,0.1690073
2019,0.04382383,0.5674929,0.2071708,0.1815124
2020,0.0441851,0.568805,0.2048857,0.1821243
2021,0.05005722,0.5367061,0.2091077,0.204129
2022,0.04312344,0.5822299,0.1980639,0.1765828
2023,0.04046585,0.5918674,0.2005078,0.1671589
2024,0.03924242,0.5937493,0.2045964,0.1624119
2025,0.04727129,0.5487062,0.2099117,0.1941108
2026,0.04405999,0.5754946,0.1996797,0.1807657
2027,0.0439188,0.5730972,0.2026681,0.180316
2028,0.03826654,0.6037466,0.1996816,0.1583053
2029,0.0376956,0.6018912,0.2030311,0.1573822
2030,0.03749898,0.5995802,0.2061151,0.1568058
2031,0.04240636,0.5714708,0.2096697,0.1764532
2032,0.03779076,0.6029399,0.201266,0.1580033
2033,0.03936743,0.5879312,0.2079564,0.1647449
2034,0.04335347,0.5659899,0.2109393,0.1797173
2035,0.03889794,0.5985019,0.2002451,0.1623551
2036,0.04686411,0.5451094,0.2149709,0.1930556
2037,0.04478526,0.5677188,0.2037458,0.18375
2038,0.03816438,0.6050643,0.198107,0.1586643
2039,0.0369296,0.6017382,0.2071942,0.154138
2040,0.03978825,0.5872102,0.206533,0.1664685
2041,0.03291132,0.6291453,0.1980519,0.1398915
2042,0.03694939,0.5935997,0.2123754,0.1570754
2043,0.03960397,0.5846342,0.2082801,0.1674817
2044,0.03835016,0.5961619,0.2029808,0.1625072
2045,0.03977929,0.5835823,0.2091606,0.1674778
2046,0.0342246,0.6192203,0.2009214,0.1456337
2047,0.04156404,0.5675403,0.2155827,0.1753129
2048,0.0375574,0.6005193,0.2034576,0.1584656
2049,0.03783998,0.5964606,0.2051845,0.1605149
2050,0.04169562,0.5710376,0.2125487,0.1747181
2051,0.0419841,0.5782816,0.2040674,0.1756668
2052,0.03628251,0.6104524,0.2002202,0.1530449
2053,0.03930923,0.5848449,0.2105706,0.1652753
2054,0.04045874,0.584569,0.2051863,0.169786
2055,0.03221243,0.6322646,0.197964,0.137559
2056,0.0326,0.6174478,0.2092865,0.1406657
2057,0.03487064,0.6035914,0.2111112,0.1504268
2058,0.04156956,0.5689793,0.2117739,0.1776772
2059,0.03682309,0.6033147,0.2026888,0.1571735
2060,0.03783494,0.5934399,0.2071663,0.1615589
2061,0.03735062,0.5971907,0.206442,0.1590167
2062,0.03639547,0.6035184,0.204653,0.1554331
2063,0.03767372,0.5932451,0.2087411,0.1603401
2064,0.03811219,0.5933626,0.2065547,0.1619705
2065,0.03283721,0.6246756,0.20127,0.1412171
2066,0.03079777,0.6287427,0.2061755,0.1342841
2067,0.03643629,0.5904053,0.2151614,0.157997
2068,0.03907419,0.5842263,0.2086005,0.168099
2069,0.03553078,0.6080959,0.2032215,0.1531518
2070,0.03509498,0.605718,0.2077997,0.1513873
2071,0.03450712,0.6095858,0.2066776,0.1492294
2072,0.03522074,0.6046901,0.2076272,0.1524621
2073,0.03663754,0.5964988,0.2089576,0.1579061
2074,0.03508925,0.6076398,0.2058944,0.1513766
2075,0.03147249,0.6265227,0.2048432,0.1371616
2076,0.03591763,0.5932969,0.2149575,0.155828
2077,0.03322043,0.6178315,0.2040639,0.1448841
2078,0.03237872,0.6185476,0.2069102,0.1421634
2079,0.03611487,0.5917356,0.2151556,0.1569939
2080,0.03398007,0.6133321,0.204315,0.1483728
2081,0.03148372,0.6233382,0.2067946,0.1383834
2082,0.03340969,0.6071743,0.2127644,0.1466517
2083,0.03270786,0.6163793,0.2067224,0.1441904
2084,0.0324126,0.6152095,0.2093018,0.1430761
2085,0.03171894,0.6189148,0.2089145,0.1404518
2086,0.0319496,0.6173164,0.2086856,0.1420483
2087,0.03300533,0.6095227,0.2111943,0.1462776
2088,0.02970237,0.6318425,0.2056107,0.1328445
2089,0.02927196,0.628932,0.2096548,0.1321412
2090,0.02914927,0.6276514,0.2109959,0.1322035
2091,0.02554149,0.6503723,0.2059259,0.1181604
2092,0.03083854,0.6027089,0.225043,0.1414095
2093,0.03156472,0.6130835,0.2108238,0.1445281
2094,0.03281009,0.6053132,0.2128367,0.1490399
2095,0.03313586,0.6048343,0.2130724,0.1489574
2096,0.03676395,0.5874723,0.2120786,0.1636853
2097,0.03081788,0.627596,0.2041059,0.1374803
2098,0.03569074,0.5906984,0.2154674,0.1581434
