EwEVersion,"6.5.13829.0 (compiled 2016-05-17)"
Date,"2016-09-06 18:45:08"
ModelName,Baltic_Proper-SEALS
EcosimScenario,Proper1_SealVuln100_19742100_seal0_cofF1
TimeSeries,new_data_weights_19742100_BAU_WAR1_codF1_seal0
StartYear,1974

Data,"Prey of Pseudocalanus sp."

TimeStep,"Cyanobacteria","Phytoplankton","microzooplankton","Detritus-water column",
1,0.04366293,0.4557547,0.2818175,0.2187649
2,0.0400933,0.4747883,0.2833427,0.2017757
3,0.03816162,0.4799529,0.2887887,0.1930968
4,0.03708254,0.4799942,0.2942973,0.1886259
5,0.03647449,0.4783788,0.2987401,0.1864066
6,0.03613125,0.4764783,0.3019903,0.1854002
7,0.0359361,0.474777,0.3042554,0.1850316
8,0.03582186,0.4733878,0.3058116,0.1849787
9,0.03574984,0.4722825,0.306905,0.1850626
10,0.03569806,0.4713918,0.3077239,0.1851862
11,0.0356543,0.4706463,0.3084007,0.1852987
12,0.03561193,0.4699903,0.3090228,0.185375
13,0.03617777,0.4636159,0.3116299,0.1885765
14,0.03655842,0.4606593,0.3120425,0.1907397
15,0.03677773,0.4593259,0.311914,0.1919824
16,0.03688683,0.4587188,0.311784,0.1926104
17,0.03692295,0.4583818,0.3118585,0.1928366
18,0.0369129,0.4581036,0.3121724,0.1928111
19,0.03687529,0.4578028,0.3126848,0.1926372
20,0.03682293,0.4574618,0.313329,0.1923863
21,0.03676482,0.4570924,0.3140332,0.1921095
22,0.03670745,0.4567172,0.3147301,0.1918453
23,0.03665565,0.4563604,0.3153605,0.1916234
24,0.03661297,0.4560439,0.3158765,0.1914666
25,0.0331501,0.4876059,0.3057854,0.1734587
26,0.0311473,0.4966094,0.3089246,0.1633187
27,0.0300859,0.4979153,0.3136111,0.1583877
28,0.02950414,0.4967392,0.3177379,0.1560188
29,0.02919316,0.4950518,0.3206867,0.1550684
30,0.02903376,0.4935321,0.322546,0.1548883
31,0.02895668,0.4923404,0.3235983,0.1551046
32,0.02892208,0.4914491,0.3241238,0.155505
33,0.02890749,0.4907782,0.3243417,0.1559726
34,0.02890019,0.4902472,0.3244103,0.1564424
35,0.02889356,0.489793,0.3244314,0.1568819
36,0.02888434,0.4893726,0.3244662,0.1572769
37,0.02955887,0.4812846,0.3278544,0.1613022
38,0.03001414,0.4778103,0.3281161,0.1640595
39,0.03029162,0.4764452,0.3274859,0.1657773
40,0.03044759,0.4759791,0.3267741,0.1667992
41,0.03052419,0.4758197,0.3262832,0.1673729
42,0.03055126,0.4757065,0.3260723,0.1676699
43,0.03054884,0.4755455,0.326102,0.1678037
44,0.03052986,0.475318,0.3263055,0.1678467
45,0.03050243,0.4750355,0.326618,0.167844
46,0.03047219,0.4747207,0.326979,0.167828
47,0.03044269,0.4743961,0.3273412,0.16782
48,0.03041627,0.4740805,0.3276694,0.1678339
49,0.03112202,0.4656735,0.3313853,0.1718192
50,0.03161122,0.4620529,0.3317747,0.1745611
51,0.0319217,0.4607026,0.3311035,0.1762721
52,0.03211288,0.4603889,0.330176,0.1773222
53,0.03222897,0.4604934,0.3293034,0.1779742
54,0.03230108,0.4607324,0.3285586,0.1784078
55,0.0323495,0.460991,0.3279229,0.1787364
56,0.03238652,0.461233,0.3273543,0.1790261
57,0.03241906,0.4614532,0.3268161,0.1793116
58,0.03244996,0.4616546,0.3262921,0.1796034
59,0.03248022,0.4618402,0.3257777,0.1799018
60,0.03250977,0.4620113,0.325277,0.1802018
61,0.03279651,0.4583774,0.3270487,0.1817774
62,0.0329813,0.4566708,0.3275991,0.1827489
63,0.03311393,0.4559421,0.3274815,0.1834625
64,0.03320458,0.4556984,0.327134,0.1839629
65,0.03326678,0.4556791,0.326731,0.1843233
66,0.0333106,0.4557526,0.3263398,0.1845971
67,0.0333429,0.4558569,0.3259811,0.1848191
68,0.0333679,0.455964,0.3256585,0.1850096
69,0.03338807,0.4560619,0.3253711,0.185179
70,0.03340508,0.4561472,0.3251136,0.1853342
71,0.03341977,0.4562193,0.3248827,0.1854781
72,0.03343256,0.4562791,0.3246769,0.1856114
73,0.03145631,0.476575,0.3172291,0.1747396
74,0.03024613,0.4832559,0.318229,0.168269
75,0.0295532,0.4847052,0.320933,0.1648086
76,0.02915549,0.4842364,0.3235898,0.1630183
77,0.02892856,0.4832236,0.3256813,0.1621666
78,0.02879884,0.4821925,0.3271807,0.161828
79,0.02872261,0.4813037,0.3282202,0.1617535
80,0.02867417,0.4805715,0.3289544,0.1617999
81,0.02863875,0.4799619,0.3295128,0.1618866
82,0.02860806,0.4794323,0.3299896,0.16197
83,0.02857768,0.4789471,0.3304471,0.1620281
84,0.02854539,0.4784811,0.3309223,0.1620513
85,0.02860034,0.4783809,0.3303104,0.1627084
86,0.02864648,0.4784861,0.3295572,0.1633102
87,0.02865083,0.4785344,0.3292269,0.1635879
88,0.0286345,0.4784752,0.3291921,0.1636983
89,0.028605,0.4783057,0.3293933,0.163696
90,0.02856615,0.4780417,0.3297829,0.1636092
91,0.02852024,0.4777028,0.3303211,0.1634559
92,0.0284689,0.477308,0.3309737,0.1632493
93,0.02841358,0.4768748,0.3317096,0.1630021
94,0.02835585,0.476419,0.3324977,0.1627274
95,0.02829759,0.4759564,0.333305,0.1624411
96,0.02824106,0.4755028,0.3340946,0.1621616
97,0.02775283,0.4804463,0.3323175,0.1594834
98,0.02743677,0.4821347,0.3325769,0.1578515
99,0.02723672,0.4824591,0.3333917,0.1569125
100,0.02711729,0.4822811,0.3341454,0.1564561
101,0.02705215,0.4819891,0.3346333,0.1563255
102,0.02702351,0.4817384,0.3348223,0.1564157
103,0.02701934,0.4815749,0.3347503,0.1566554
104,0.02703136,0.4814954,0.334479,0.1569943
105,0.02705368,0.4814784,0.3340727,0.1573953
106,0.02708176,0.4814976,0.3335923,0.1578284
107,0.02711206,0.4815294,0.3330894,0.1582692
108,0.0271419,0.4815552,0.3326045,0.1586984
109,0.02802958,0.4717747,0.3360825,0.1641131
110,0.02866479,0.4678607,0.3355022,0.1679723
111,0.02907423,0.4666475,0.3338796,0.1703987
112,0.02932973,0.4665942,0.3321984,0.1718776
113,0.02948329,0.4669358,0.3308393,0.1727416
114,0.02957214,0.4673304,0.3298746,0.1732228
115,0.02962137,0.4676505,0.3292538,0.1734743
116,0.02964705,0.4678678,0.3288928,0.1735925
117,0.02965911,0.4679937,0.3287113,0.1736357
118,0.0296634,0.4680508,0.3286479,0.1736379
119,0.02966344,0.4680608,0.3286573,0.1736185
120,0.02966128,0.4680413,0.3287081,0.1735892
121,0.02934244,0.4711924,0.3277817,0.1716835
122,0.02912392,0.4722255,0.3282636,0.170387
123,0.02899351,0.4723898,0.3289608,0.1696559
124,0.02891519,0.4722258,0.3296125,0.1692466
125,0.02886891,0.4719748,0.330125,0.1690312
126,0.02884188,0.4717343,0.3304939,0.1689299
127,0.02882604,0.4715347,0.3307461,0.1688932
128,0.02881651,0.4713781,0.3309138,0.1688915
129,0.02881043,0.4712569,0.3310248,0.1689079
130,0.02880616,0.4711621,0.331099,0.1689329
131,0.0288028,0.4710858,0.3311502,0.1689613
132,0.02879984,0.471022,0.3311877,0.1689904
133,0.03107048,0.4410915,0.3461326,0.1817054
134,0.03271073,0.4257894,0.3511922,0.1903076
135,0.03385416,0.4186106,0.3516169,0.1959184
136,0.03458286,0.4156741,0.35064,0.199103
137,0.03501633,0.4147823,0.3495573,0.2006439
138,0.03526049,0.4147786,0.3487591,0.2012018
139,0.0353962,0.4151172,0.3482248,0.2012618
140,0.03547912,0.4155788,0.3477961,0.201146
141,0.03554447,0.4160981,0.3473088,0.2010486
142,0.03561351,0.416672,0.3466334,0.201081
143,0.03569744,0.4173138,0.3456933,0.2012954
144,0.03580118,0.4180361,0.3444554,0.2017074
145,0.03271698,0.4543293,0.3283747,0.1845791
146,0.03100077,0.467705,0.3257764,0.1755179
147,0.03009409,0.4724934,0.3262419,0.1711706
148,0.02961607,0.4739083,0.3272547,0.1692209
149,0.02936776,0.4740688,0.3280831,0.1684803
150,0.02924176,0.4738349,0.3285974,0.1683259
151,0.02917945,0.4735295,0.3288573,0.1684336
152,0.02914914,0.473252,0.3289594,0.1686395
153,0.02913379,0.4730157,0.3289869,0.1688636
154,0.0291243,0.4728071,0.3290001,0.1690685
155,0.02911589,0.472608,0.3290382,0.1692379
156,0.02910605,0.4724034,0.3291252,0.1693655
157,0.03451301,0.4078952,0.3573082,0.2002835
158,0.03940519,0.3681998,0.3649669,0.2274282
159,0.04341533,0.3445505,0.3634386,0.2485955
160,0.04645223,0.331389,0.3585303,0.2636285
161,0.0485772,0.3247692,0.3534335,0.2732201
162,0.04994729,0.3219715,0.3495553,0.2785259
163,0.05075501,0.3212138,0.3472255,0.2808057
164,0.05118357,0.3214234,0.346209,0.281184
165,0.05138332,0.3220294,0.3460464,0.2805409
166,0.05146573,0.3227775,0.3462544,0.2795024
167,0.05150741,0.3235855,0.3464257,0.2784813
168,0.05155673,0.3244478,0.346272,0.2777234
169,0.04741255,0.3671896,0.3303617,0.2550361
170,0.0448836,0.3873519,0.3259173,0.2418472
171,0.04380365,0.397351,0.3216014,0.237244
172,0.043328,0.4030481,0.3177063,0.2359176
173,0.04311069,0.4064235,0.3147432,0.2357226
174,0.04302894,0.4085378,0.312447,0.2359863
175,0.04301205,0.4099292,0.3107077,0.2363511
176,0.04302215,0.4108848,0.3094378,0.2366552
177,0.04304079,0.4115644,0.3085485,0.2368463
178,0.04306005,0.4120604,0.307955,0.2369246
179,0.04307681,0.4124298,0.3075855,0.2369079
180,0.04309006,0.4127095,0.3073845,0.2368159
181,0.04183706,0.425941,0.3022795,0.2299425
182,0.04099062,0.4319857,0.3016572,0.2253664
183,0.04045369,0.4344973,0.302544,0.2225051
184,0.04011884,0.4353145,0.3038375,0.2207292
185,0.0399114,0.4353798,0.3050963,0.2196125
186,0.03978157,0.4351549,0.3061862,0.2188773
187,0.03969697,0.4348505,0.3071045,0.218348
188,0.03963698,0.4345508,0.3078965,0.2179157
189,0.03958869,0.4342804,0.308617,0.2175139
190,0.03954431,0.434038,0.3093136,0.2171041
191,0.03949916,0.4338132,0.3100235,0.2166641
192,0.03945049,0.4335945,0.3107736,0.2161814
193,0.03867259,0.4411125,0.3083947,0.2118202
194,0.03813435,0.4442956,0.3087534,0.2088166
195,0.03777187,0.4453981,0.3100501,0.20678
196,0.03752746,0.4455318,0.3115637,0.205377
197,0.03735952,0.4452653,0.3130017,0.2043735
198,0.03724027,0.4448748,0.3142668,0.2036182
199,0.0371521,0.4444852,0.3153432,0.2030195
200,0.0370844,0.4441468,0.3162438,0.202525
201,0.03703117,0.4438751,0.3169857,0.2021081
202,0.03698945,0.4436715,0.3175806,0.2017586
203,0.03695795,0.4435328,0.3180351,0.2014741
204,0.03693619,0.4434541,0.3183538,0.2012559
205,0.04006742,0.4107692,0.3312742,0.2178892
206,0.04255964,0.393156,0.3335781,0.2307062
207,0.04437167,0.3842961,0.3317804,0.2395518
208,0.04561312,0.3804748,0.3286995,0.2452126
209,0.04642287,0.3793569,0.3256495,0.2485707
210,0.0469352,0.3795547,0.3230833,0.2504267
211,0.04726018,0.3803057,0.321027,0.2514072
212,0.04747829,0.381232,0.3193382,0.2519515
213,0.04764275,0.3821719,0.3178486,0.2523369
214,0.04778305,0.3830702,0.3164469,0.2526999
215,0.04791375,0.3839151,0.3150765,0.2530946
216,0.04803989,0.3847082,0.3137277,0.2535241
217,0.04411147,0.4237678,0.2991666,0.232954
218,0.0416986,0.4400159,0.2975595,0.2207259
219,0.04031652,0.4461746,0.2994606,0.2140483
220,0.03952726,0.4479822,0.3020269,0.2104637
221,0.0390826,0.4480375,0.3042705,0.2086094
222,0.03883742,0.4475022,0.3059518,0.2077086
223,0.03870597,0.4468655,0.3071126,0.207316
224,0.03863757,0.4463053,0.3078786,0.2071786
225,0.03860256,0.4458627,0.3083797,0.207155
226,0.0385838,0.4455252,0.3087228,0.2071682
227,0.03857166,0.4452642,0.308986,0.2071781
228,0.03856084,0.4450513,0.309223,0.2071648
229,0.03914348,0.4379893,0.3127536,0.2101137
230,0.03953565,0.4344403,0.3140613,0.2119628
231,0.03978937,0.4327106,0.3144365,0.2130635
232,0.03993937,0.4319071,0.3145404,0.2136131
233,0.04001762,0.4315353,0.3146558,0.2137913
234,0.04004898,0.4313388,0.3148777,0.2137345
235,0.04005134,0.4311962,0.3152131,0.2135392
236,0.04003705,0.4310591,0.3156326,0.2132712
237,0.04001449,0.4309154,0.3160954,0.2129748
238,0.03998929,0.4307701,0.3165602,0.2126803
239,0.03996528,0.4306349,0.3169911,0.2124087
240,0.039945,0.4305219,0.3173587,0.2121745
241,0.03850861,0.4429264,0.3142269,0.2043381
242,0.03754118,0.4475258,0.3158191,0.199114
243,0.03697465,0.448792,0.3180362,0.1961972
244,0.03664685,0.4487489,0.3199922,0.194612
245,0.0364649,0.4483047,0.3214069,0.1938235
246,0.03637028,0.447837,0.3222913,0.1935014
247,0.0363262,0.4474751,0.3227581,0.1934406
248,0.03630983,0.4472383,0.3229362,0.1935157
249,0.03630744,0.4471044,0.3229364,0.1936518
250,0.0363114,0.4470421,0.3228375,0.193809
251,0.03631749,0.4470233,0.3226933,0.1939659
252,0.03632354,0.4470267,0.3225375,0.1941123
253,0.0359414,0.4534702,0.3180393,0.1925491
254,0.03571264,0.456775,0.3156881,0.1918242
255,0.03554628,0.4584182,0.3147162,0.1913195
256,0.03543652,0.4591693,0.3143443,0.1910499
257,0.03536581,0.4594599,0.3142385,0.1909359
258,0.03531984,0.4595197,0.3142499,0.1909106
259,0.03528865,0.4594663,0.3143166,0.1909285
260,0.03526567,0.4593574,0.3144159,0.190961
261,0.03524686,0.45922,0.3145411,0.1909921
262,0.03522977,0.4590662,0.3146911,0.1910129
263,0.03521308,0.4589015,0.3148656,0.1910198
264,0.03519611,0.4587285,0.3150631,0.1910122
265,0.03802617,0.4263578,0.3298459,0.2057701
266,0.04015591,0.4089649,0.3345667,0.2163125
267,0.04166771,0.4001483,0.3348155,0.2233685
268,0.04265537,0.3961095,0.3336692,0.2275659
269,0.04325286,0.3945394,0.3324803,0.2297275
270,0.04358784,0.3941243,0.3316911,0.2305967
271,0.0437642,0.3941874,0.331292,0.2307564
272,0.04385845,0.3944283,0.3310901,0.2306232
273,0.04392269,0.3947469,0.330858,0.2304724
274,0.04398837,0.3951325,0.3304178,0.2304614
275,0.04407195,0.3956011,0.3296633,0.2306636
276,0.04417856,0.3961665,0.3285669,0.2310881
277,0.04526386,0.3887025,0.3292115,0.2368221
278,0.04615586,0.385497,0.3268011,0.2415461
279,0.0468082,0.3845591,0.3237089,0.2449238
280,0.04727481,0.3847891,0.320657,0.2472791
281,0.04760431,0.385543,0.3179626,0.2488901
282,0.04783653,0.3864659,0.3157191,0.2499785
283,0.04800155,0.3873781,0.313912,0.2507083
284,0.04812082,0.3882003,0.3124844,0.2511945
285,0.04820888,0.3889071,0.31137,0.251514
286,0.04827553,0.3894999,0.3105066,0.251718
287,0.04832716,0.3899915,0.3098418,0.2518395
288,0.0483679,0.3903979,0.3093338,0.2519003
289,0.04459705,0.4266526,0.2962407,0.2325098
290,0.04225155,0.4417097,0.2951976,0.2208411
291,0.04087996,0.4473002,0.2974918,0.2143281
292,0.04007688,0.4487852,0.3004035,0.2107344
293,0.03960876,0.44862,0.3029713,0.2087999
294,0.03933763,0.4479079,0.3049563,0.2077982
295,0.03918079,0.4471134,0.3063998,0.207306
296,0.03908853,0.446404,0.3074302,0.2070773
297,0.03903126,0.4458164,0.3081816,0.2069708
298,0.03899179,0.445336,0.3087633,0.2069089
299,0.03896025,0.4449336,0.3092563,0.2068499
300,0.03893119,0.4445806,0.3097153,0.2067729
301,0.03574353,0.4755995,0.2984748,0.1901821
302,0.03385547,0.4861015,0.2993512,0.1806918
303,0.03276691,0.4886353,0.3030696,0.1755281
304,0.03212961,0.4881411,0.3069881,0.1727413
305,0.03175275,0.4866952,0.3102668,0.1712853
306,0.03152632,0.4851279,0.3127777,0.1705682
307,0.03138567,0.4837233,0.3146418,0.1702491
308,0.0312929,0.4825386,0.3160353,0.1701333
309,0.03122607,0.4815464,0.3171161,0.1701115
310,0.03117247,0.4806975,0.3180073,0.1701227
311,0.03112524,0.4799464,0.3187918,0.1701365
312,0.03108088,0.479259,0.3195207,0.1701394
313,0.03517626,0.4330579,0.3394478,0.192318
314,0.03858582,0.4074194,0.3437215,0.2102733
315,0.04113782,0.3940955,0.3417163,0.2230504
316,0.042898,0.388014,0.337811,0.231277
317,0.04401464,0.3858339,0.3341893,0.2359621
318,0.04466307,0.3855056,0.3316438,0.2381877
319,0.04500402,0.3858957,0.3302059,0.2388943
320,0.04516532,0.3864704,0.3295609,0.2388035
321,0.04523971,0.3870452,0.3292903,0.2384247
322,0.04528742,0.387607,0.3290291,0.2380764
323,0.04534404,0.3882025,0.3285165,0.2379369
324,0.04542674,0.3888797,0.3276141,0.2380794
325,0.04516664,0.3937317,0.3244514,0.2366503
326,0.04505469,0.3967523,0.3220412,0.2361517
327,0.04503655,0.398808,0.3199576,0.2361978
328,0.04508004,0.4003365,0.3179978,0.2365856
329,0.04515632,0.4015617,0.316147,0.2371349
330,0.04524498,0.4025898,0.314445,0.2377202
331,0.04533326,0.4034683,0.312933,0.2382655
332,0.04541407,0.4042186,0.3116362,0.2387312
333,0.04548411,0.4048531,0.3105613,0.2391014
334,0.04554318,0.4053827,0.3096937,0.2393804
335,0.04559207,0.405819,0.3090107,0.2395782
336,0.04563197,0.4061745,0.3084871,0.2397065
337,0.04596089,0.4035165,0.309237,0.2412857
338,0.04619677,0.4022457,0.3092294,0.2423281
339,0.04635708,0.4017085,0.3089809,0.2429536
340,0.04646149,0.4015469,0.3087127,0.243279
341,0.0465262,0.4015584,0.3085193,0.2433961
342,0.04656328,0.4016334,0.3084326,0.2433708
343,0.04658115,0.4017162,0.3084555,0.2432472
344,0.04658562,0.4017811,0.3085784,0.2430549
345,0.04658061,0.4018187,0.3087873,0.2428135
346,0.04656848,0.4018269,0.3090706,0.242534
347,0.04655103,0.4018073,0.3094165,0.2422251
348,0.04652961,0.4017634,0.309813,0.2418939
349,0.03966767,0.4620009,0.2922543,0.2060771
350,0.03593946,0.4795533,0.2974092,0.187098
351,0.03400084,0.4829307,0.3053493,0.1777192
352,0.03294146,0.4817232,0.3123963,0.172939
353,0.03235463,0.4793716,0.3177048,0.170569
354,0.03202824,0.4770915,0.3213969,0.1694833
355,0.03184454,0.4752238,0.3238655,0.1690661
356,0.0317369,0.4737795,0.325508,0.1689756
357,0.03166782,0.4726655,0.326642,0.1690245
358,0.03161651,0.471776,0.3274941,0.1691133
359,0.03157191,0.4710232,0.3282129,0.1691919
360,0.03152838,0.4703444,0.328889,0.1692382
361,0.03506244,0.4325476,0.3440292,0.1883607
362,0.03797052,0.4127111,0.3454966,0.2038217
363,0.04006937,0.4031067,0.3423738,0.2144501
364,0.041469,0.399244,0.3381982,0.2210889
365,0.04232651,0.3982599,0.3346618,0.2247518
366,0.04280269,0.3984852,0.3323075,0.2264047
367,0.04303426,0.3990566,0.3310747,0.2268344
368,0.04312423,0.3996065,0.3306529,0.2266163
369,0.04314443,0.4000387,0.3306751,0.2261417
370,0.04314298,0.4003851,0.3308029,0.2256689
371,0.04314983,0.4007199,0.3307752,0.225355
372,0.04318153,0.4011143,0.330422,0.2252821
373,0.04371608,0.3967671,0.33166,0.2278569
374,0.04414273,0.3949625,0.3309908,0.229904
375,0.04448206,0.3945499,0.3294191,0.231549
376,0.044758,0.3949002,0.327423,0.2329188
377,0.04498822,0.3956424,0.3252725,0.234097
378,0.04518375,0.3965582,0.3231315,0.2351266
379,0.04535101,0.3975192,0.3211046,0.2360252
380,0.04549384,0.3984507,0.3192564,0.2367991
381,0.04561494,0.3993108,0.3176222,0.2374521
382,0.0457164,0.4000784,0.3162174,0.2379877
383,0.04580044,0.4007459,0.3150394,0.2384143
384,0.0458694,0.4013147,0.3140728,0.2387432
385,0.04603091,0.4010529,0.3133454,0.2395709
386,0.04615593,0.4011283,0.3125355,0.2401803
387,0.0462436,0.4013455,0.3118483,0.2405626
388,0.04630389,0.4016002,0.3113155,0.2407803
389,0.04634419,0.4018411,0.3109365,0.2408782
390,0.04636962,0.4020457,0.3106981,0.2408866
391,0.04638351,0.4022068,0.3105851,0.2408245
392,0.04638791,0.4023241,0.3105849,0.2407031
393,0.046384,0.4023992,0.3106885,0.2405283
394,0.04637284,0.4024352,0.3108859,0.2403061
395,0.04635517,0.4024356,0.3111688,0.2400405
396,0.04633162,0.4024036,0.3115295,0.2397353
397,0.04746506,0.393833,0.3129885,0.2457135
398,0.04834076,0.3897844,0.3116193,0.2502555
399,0.04890494,0.3881696,0.3099502,0.2529753
400,0.04925,0.3877815,0.3085032,0.2544653
401,0.0494459,0.3879367,0.3074711,0.2551463
402,0.04954508,0.3882738,0.30686,0.2553211
403,0.04958507,0.3886218,0.3065931,0.2551999
404,0.04959159,0.3889156,0.3065688,0.2549239
405,0.04958175,0.389144,0.306689,0.2545853
406,0.04956628,0.3893198,0.306873,0.2542409
407,0.04955178,0.3894637,0.3070592,0.2539253
408,0.04954213,0.3895956,0.3072042,0.2536581
409,0.04449135,0.4349922,0.2926165,0.2279
410,0.04149069,0.452163,0.2932648,0.2130815
411,0.03982202,0.457765,0.2971499,0.205263
412,0.03888109,0.4587837,0.3011773,0.2011579
413,0.03835315,0.4581553,0.3044005,0.199091
414,0.03806037,0.4571031,0.3067033,0.1981332
415,0.03789939,0.4560923,0.3082517,0.1977566
416,0.03780972,0.4552586,0.3092704,0.1976612
417,0.03775636,0.4546048,0.3099586,0.1976802
418,0.03771939,0.4540902,0.3104665,0.197724
419,0.03768785,0.4536679,0.3108975,0.1977467
420,0.03765596,0.4532994,0.311317,0.1977276
421,0.03785306,0.4502824,0.3130586,0.1988059
422,0.03796555,0.4486755,0.3139741,0.1993849
423,0.03802139,0.4477741,0.3145533,0.1996512
424,0.03803431,0.4472177,0.3150674,0.1996806
425,0.03801835,0.4468158,0.3156125,0.1995534
426,0.03798461,0.4464773,0.3162056,0.1993326
427,0.0379414,0.4461651,0.3168278,0.1990657
428,0.03789493,0.44587,0.3174461,0.1987889
429,0.03784996,0.4455965,0.318023,0.1985305
430,0.03781023,0.4453542,0.3185218,0.1983137
431,0.03777853,0.445154,0.3189108,0.1981565
432,0.03775686,0.4450055,0.3191662,0.1980716
433,0.04057436,0.4141165,0.3330341,0.212275
434,0.0426816,0.3973566,0.3376251,0.2223367
435,0.04419466,0.3887519,0.3378523,0.2292012
436,0.04519836,0.3847578,0.3366373,0.2334066
437,0.04583206,0.3832197,0.3351654,0.2357829
438,0.04622674,0.3829071,0.3337962,0.23707
439,0.0464868,0.3831776,0.3325011,0.2378345
440,0.04668647,0.3837337,0.3311156,0.2384643
441,0.04687199,0.384457,0.3294834,0.2391877
442,0.04706434,0.3853022,0.3275451,0.2400883
443,0.04726739,0.3862414,0.3253379,0.2411532
444,0.04747428,0.3872402,0.3229761,0.2423095
445,0.04758507,0.3863579,0.323478,0.2425791
446,0.04761198,0.3857923,0.3242428,0.2423529
447,0.0476497,0.3854158,0.3246697,0.2422648
448,0.04769032,0.3851782,0.3248867,0.2422447
449,0.04773256,0.3850406,0.3249542,0.2422726
450,0.04777563,0.3849751,0.3249146,0.2423347
451,0.04781866,0.3849616,0.3248006,0.2424192
452,0.04786072,0.3849847,0.3246394,0.2425151
453,0.04790086,0.3850323,0.3244539,0.2426128
454,0.04793869,0.3850952,0.324259,0.2427071
455,0.04797392,0.3851667,0.3240655,0.2427938
456,0.04800631,0.3852418,0.3238818,0.2428701
457,0.04784235,0.391726,0.3176836,0.242748
458,0.04792978,0.3962587,0.3116715,0.24414
459,0.04796165,0.3994084,0.3076614,0.2449685
460,0.04795935,0.4015754,0.305062,0.2454033
461,0.04793946,0.4030252,0.3034475,0.2455878
462,0.0479118,0.4039598,0.3025115,0.2456169
463,0.04788069,0.404532,0.3020435,0.2455438
464,0.04784719,0.4048529,0.301905,0.2453949
465,0.04781073,0.405,0.3020078,0.2451815
466,0.04777024,0.405026,0.3022964,0.2449074
467,0.04772454,0.4049656,0.3027365,0.2445734
468,0.0476721,0.4048377,0.3033152,0.244175
469,0.04228052,0.4517842,0.28934,0.2165953
470,0.0391448,0.4676697,0.2921988,0.2009867
471,0.03741448,0.4717121,0.2980982,0.1927751
472,0.03642897,0.4714009,0.3037969,0.1883733
473,0.03585993,0.4697294,0.3083722,0.1860384
474,0.03552737,0.4678753,0.3117634,0.1848339
475,0.03532816,0.4662429,0.3141949,0.184234
476,0.03520246,0.4649153,0.3159408,0.1839415
477,0.03511583,0.4638571,0.3172362,0.1837909
478,0.03504876,0.4630001,0.3182583,0.1836928
479,0.03499092,0.4622817,0.3191233,0.1836041
480,0.03493725,0.4616548,0.3199005,0.1835076
481,0.03704905,0.4413476,0.3266791,0.1949243
482,0.03866894,0.4317723,0.3259714,0.2035873
483,0.03974213,0.4278384,0.323348,0.2090714
484,0.04041557,0.4267437,0.3205075,0.2123332
485,0.04080879,0.42689,0.3182146,0.2140867
486,0.04101809,0.4274435,0.3166551,0.2148833
487,0.04111423,0.4280226,0.3157469,0.2151163
488,0.04114574,0.4284898,0.3153157,0.2150487
489,0.04114451,0.4288274,0.3151775,0.2148506
490,0.04113013,0.4290647,0.315182,0.2146232
491,0.04111455,0.4292431,0.3152151,0.2144273
492,0.04110472,0.4293995,0.3151988,0.214297
493,0.04216966,0.419331,0.3187722,0.2197272
494,0.04295765,0.4145368,0.3188655,0.2236401
495,0.04349612,0.4125462,0.3177542,0.2262035
496,0.04385658,0.4120106,0.3162867,0.2278461
497,0.04409782,0.4121715,0.3148295,0.2289012
498,0.04426408,0.4126249,0.3135015,0.2296095
499,0.04438554,0.4131701,0.3123169,0.2301275
500,0.04448074,0.4137149,0.3112592,0.2305453
501,0.04456007,0.4142211,0.3103118,0.230907
502,0.04462998,0.4146769,0.3094541,0.2312391
503,0.04469331,0.4150816,0.3086762,0.2315488
504,0.04475112,0.4154386,0.3079748,0.2318355
505,0.04334728,0.4294827,0.3024902,0.2246798
506,0.04241649,0.4357101,0.301799,0.2200744
507,0.04184935,0.4381972,0.3025464,0.2174071
508,0.0415141,0.4389428,0.303607,0.2159361
509,0.04132247,0.4389475,0.3045515,0.2151786
510,0.04121677,0.4386889,0.3052672,0.2148271
511,0.04116029,0.4383779,0.3057702,0.2146916
512,0.04113043,0.438094,0.3061167,0.2146589
513,0.04111366,0.4378567,0.3063653,0.2146643
514,0.04110174,0.4376609,0.3065678,0.2146695
515,0.04109018,0.4374935,0.3067613,0.214655
516,0.04107663,0.4373415,0.30697,0.214612
517,0.04104485,0.4370494,0.3074895,0.2144162
518,0.04100519,0.4367312,0.3081109,0.2141527
519,0.04097304,0.4364215,0.3086677,0.2139377
520,0.04094175,0.4361316,0.3092005,0.2137262
521,0.04090976,0.4358605,0.3097216,0.2135081
522,0.04087671,0.4356051,0.3102366,0.2132816
523,0.04084273,0.4353631,0.3107463,0.2130479
524,0.04080832,0.4351335,0.3112477,0.2128105
525,0.0407741,0.4349167,0.3117353,0.2125739
526,0.04074081,0.4347143,0.3122014,0.2123435
527,0.04070931,0.4345285,0.3126369,0.2121253
528,0.04068042,0.4343621,0.313032,0.2119254
529,0.04088074,0.4322959,0.3138774,0.212946
530,0.0410229,0.4313644,0.3139572,0.2136555
531,0.0411072,0.4309968,0.3138548,0.2140412
532,0.04115712,0.4309006,0.3136939,0.2142484
533,0.04118682,0.430927,0.3135276,0.2143586
534,0.04120587,0.4310045,0.3133646,0.2144251
535,0.0412204,0.4311016,0.3131974,0.2144807
536,0.04123402,0.4312061,0.3130162,0.2145437
537,0.04124855,0.4313144,0.3128147,0.2146222
538,0.04126464,0.4314257,0.3125919,0.2147178
539,0.04128227,0.4315391,0.3123505,0.2148281
540,0.04130096,0.4316535,0.3120967,0.2149489
541,0.04236593,0.421416,0.315831,0.2203871
542,0.04314398,0.4164547,0.3161622,0.2242391
543,0.04367292,0.4142874,0.3152945,0.2267451
544,0.04401651,0.4135683,0.3141358,0.2282795
545,0.04423195,0.4135341,0.313069,0.2291649
546,0.04436378,0.4137783,0.3122139,0.2296441
547,0.04444372,0.4141009,0.3115709,0.2298844
548,0.04449295,0.4144156,0.3110977,0.2299937
549,0.0445249,0.4146928,0.3107448,0.2300375
550,0.04454777,0.4149292,0.3104689,0.2300542
551,0.04456623,0.4151317,0.3102384,0.2300638
552,0.04458276,0.4153089,0.3100327,0.2300756
553,0.04453146,0.4159304,0.3098123,0.2297258
554,0.04449474,0.416241,0.3098075,0.2294568
555,0.04447875,0.4164047,0.3098013,0.2293153
556,0.04447477,0.4165055,0.3097748,0.229245
557,0.04447804,0.4165837,0.3097209,0.2292173
558,0.04448537,0.4166575,0.309644,0.2292131
559,0.04449455,0.4167331,0.3095527,0.2292197
560,0.04450416,0.4168113,0.309456,0.2292285
561,0.04451339,0.4168905,0.3093611,0.229235
562,0.04452183,0.4169689,0.3092723,0.2292369
563,0.04452932,0.417045,0.3091924,0.2292332
564,0.0445358,0.4171177,0.3091225,0.2292239
565,0.04640928,0.3998467,0.3150496,0.2386945
566,0.04783422,0.3907774,0.3157255,0.2456629
567,0.04882301,0.3863423,0.3145874,0.2502474
568,0.04947433,0.3844817,0.3129854,0.2530586
569,0.04988329,0.3839518,0.3115184,0.2546465
570,0.05013034,0.3840418,0.3103715,0.2554564
571,0.0502768,0.3843749,0.309532,0.2558164
572,0.05036582,0.3847721,0.308913,0.2559491
573,0.05042572,0.3851619,0.3084173,0.2559951
574,0.05047344,0.3855255,0.3079681,0.2560329
575,0.05051839,0.3858656,0.3075141,0.2561018
576,0.05056494,0.3861913,0.3070284,0.2562154
577,0.04753912,0.4140853,0.2973658,0.2410098
578,0.04558493,0.4264106,0.2964924,0.2315121
579,0.04442841,0.4313746,0.2980174,0.2261796
580,0.04375676,0.4330028,0.299939,0.2233014
581,0.04337652,0.4332259,0.3015539,0.2218437
582,0.04316765,0.4329422,0.3027108,0.2211793
583,0.0430564,0.4325431,0.3034668,0.2209336
584,0.04299807,0.4321764,0.3039386,0.220887
585,0.04296615,0.4318791,0.3042397,0.220915
586,0.04294544,0.4316446,0.3044593,0.2209506
587,0.0429274,0.4314526,0.3046609,0.2209591
588,0.04290746,0.4312821,0.3048862,0.2209243
589,0.04229534,0.4368923,0.3029135,0.2178987
590,0.04186901,0.4393361,0.302941,0.2158539
591,0.04158239,0.4402111,0.3036835,0.214523
592,0.04138962,0.440325,0.3046301,0.2136552
593,0.04125647,0.4401005,0.3055757,0.2130673
594,0.04115949,0.4397463,0.3064568,0.2126375
595,0.04108351,0.4393586,0.3072682,0.2122897
596,0.04101924,0.4389772,0.3080239,0.2119797
597,0.04096132,0.4386153,0.3087388,0.2116846
598,0.04090707,0.4382752,0.3094227,0.211395
599,0.04085562,0.4379564,0.3100772,0.2111108
600,0.0408072,0.4376586,0.3106962,0.210838
601,0.04047315,0.4398763,0.3105793,0.2090713
602,0.04023193,0.4406624,0.311292,0.2078137
603,0.04007684,0.4407906,0.3120892,0.2070432
604,0.03997852,0.4406496,0.3127865,0.2065853
605,0.03991986,0.4404312,0.3133033,0.2063457
606,0.0398891,0.4402243,0.3136256,0.2062611
607,0.03987816,0.4400643,0.313769,0.2062885
608,0.0398814,0.4399596,0.313761,0.2063981
609,0.03989479,0.4399064,0.3136308,0.206568
610,0.03991508,0.4398958,0.3134092,0.2067799
611,0.03993966,0.4399171,0.3131251,0.2070181
612,0.03996632,0.4399601,0.3128048,0.2072689
613,0.04253444,0.4153806,0.3215933,0.2204917
614,0.04453367,0.4026107,0.3223175,0.2305382
615,0.04595064,0.3964885,0.3201987,0.2373622
616,0.04690012,0.394062,0.3173415,0.2416964
617,0.04750398,0.3935247,0.314716,0.2442554
618,0.04787114,0.3938343,0.3126465,0.245648
619,0.04808718,0.3944379,0.31114,0.246335
620,0.04821334,0.3950744,0.3100774,0.2466349
621,0.04829029,0.395644,0.3093145,0.2467512
622,0.04834348,0.3961254,0.3087254,0.2468057
623,0.04838758,0.3965307,0.3082184,0.2468633
624,0.04843015,0.3968805,0.3077364,0.246953
625,0.04674638,0.4130773,0.3017505,0.2384259
626,0.04562688,0.4206343,0.3007885,0.2329504
627,0.04494486,0.4239118,0.3013601,0.2297832
628,0.04454606,0.4251374,0.3022517,0.2280648
629,0.04432359,0.4254483,0.3030144,0.2272137
630,0.0442066,0.4253995,0.30354,0.2268539
631,0.04414963,0.4252444,0.3038553,0.2267507
632,0.04412436,0.4250849,0.3040276,0.2267631
633,0.04411378,0.4249521,0.3041243,0.2268098
634,0.04410806,0.4248461,0.3041987,0.2268471
635,0.04410181,0.4247574,0.3042875,0.2268532
636,0.0440923,0.4246748,0.304414,0.2268188
637,0.04425827,0.4228759,0.3052169,0.2276489
638,0.04436199,0.4219328,0.3055921,0.2281132
639,0.04441919,0.4214335,0.3058282,0.2283191
640,0.04444203,0.4211555,0.3060651,0.2283373
641,0.04444127,0.4209767,0.3063529,0.2282292
642,0.04442513,0.4208352,0.306699,0.2280406
643,0.04439966,0.4207034,0.307092,0.227805
644,0.04436921,0.4205716,0.3075125,0.2275467
645,0.04433705,0.4204398,0.3079392,0.227284
646,0.0443056,0.4203119,0.3083516,0.2270309
647,0.04427671,0.4201935,0.3087312,0.2267986
648,0.04425187,0.4200898,0.309062,0.2265963
649,0.04201094,0.4409091,0.3018216,0.2152584
650,0.04058138,0.4494294,0.3017201,0.208269
651,0.03972656,0.4524405,0.3035239,0.2043091
652,0.03922631,0.4530664,0.3055373,0.2021699
653,0.03894153,0.4527752,0.3071797,0.2011035
654,0.03878457,0.4522232,0.3083448,0.2006474
655,0.03870092,0.4516751,0.3091038,0.2005202
656,0.03865729,0.4512148,0.3095734,0.2005546
657,0.03863376,0.4508494,0.3098634,0.2006534
658,0.03861875,0.4505579,0.3100603,0.200763
659,0.03860583,0.4503146,0.3102246,0.200855
660,0.03859155,0.4500973,0.3103952,0.200916
661,0.03864998,0.4493754,0.3106136,0.201361
662,0.03868571,0.44902,0.3106236,0.2016706
663,0.03869404,0.4488121,0.31069,0.2018038
664,0.03868554,0.4486509,0.3108342,0.2018293
665,0.03866569,0.4484913,0.3110623,0.2017806
666,0.03863831,0.448316,0.3113648,0.2016808
667,0.03860615,0.4481215,0.3117254,0.2015469
668,0.03857131,0.447911,0.3121256,0.2013921
669,0.03853551,0.4476903,0.3125466,0.2012276
670,0.03850015,0.4474663,0.3129708,0.2010629
671,0.03846652,0.4472455,0.3133811,0.2009069
672,0.03843575,0.4470344,0.3137622,0.2007677
673,0.03838101,0.4466138,0.3145661,0.2004391
674,0.03832893,0.4462207,0.3153248,0.2001255
675,0.0383011,0.4458911,0.3158258,0.1999821
676,0.03828394,0.445635,0.3161668,0.1999143
677,0.03827536,0.4454456,0.3163711,0.1999079
678,0.03827428,0.4453139,0.3164565,0.1999554
679,0.03827979,0.4452306,0.3164394,0.2000502
680,0.03829096,0.4451872,0.3163361,0.2001857
681,0.03830676,0.4451762,0.3161624,0.2003547
682,0.03832586,0.4451893,0.3159373,0.2005475
683,0.03834696,0.445219,0.3156791,0.200755
684,0.03836878,0.4452583,0.3154048,0.2009681
685,0.04001987,0.4289864,0.3214436,0.2095501
686,0.04124417,0.4210101,0.3220103,0.2157354
687,0.04208041,0.4174711,0.3206681,0.2197804
688,0.04262249,0.4162419,0.318879,0.2222566
689,0.04295836,0.4161036,0.3172663,0.2236718
690,0.04315889,0.4164039,0.3160179,0.2244193
691,0.04327577,0.4168241,0.3151233,0.2247768
692,0.04334395,0.4172292,0.3145013,0.2249255
693,0.04338556,0.4175763,0.3140624,0.2249756
694,0.04341433,0.4178641,0.3137287,0.2249927
695,0.04343803,0.4181062,0.3134445,0.2250113
696,0.04346072,0.4183179,0.3131746,0.2250468
697,0.04133017,0.4391599,0.3053553,0.2141545
698,0.03997606,0.4478331,0.304721,0.2074698
699,0.03917134,0.4510379,0.3060792,0.2037115
700,0.03870345,0.451848,0.3077531,0.2016955
701,0.03843863,0.4517121,0.3091559,0.2006933
702,0.038293,0.4512827,0.3101664,0.2002579
703,0.03821472,0.4508272,0.3108385,0.2001196
704,0.03817228,0.4504344,0.3112738,0.2001194
705,0.038147,0.4501159,0.3115707,0.2001664
706,0.03812814,0.4498551,0.3118059,0.2002108
707,0.03810972,0.4496298,0.3120334,0.200227
708,0.03808862,0.44942,0.3122884,0.200203
709,0.03892674,0.4405352,0.3159572,0.2045808
710,0.03950721,0.4362859,0.3167075,0.2074994
711,0.0398723,0.4343926,0.3165134,0.2092216
712,0.04008141,0.4336504,0.3161676,0.2101005
713,0.04018472,0.4334069,0.3159851,0.2104232
714,0.04022054,0.4333355,0.3160406,0.2104035
715,0.04021642,0.4332914,0.3163,0.2101922
716,0.04019156,0.433226,0.3166889,0.2098936
717,0.04015917,0.4331364,0.3171248,0.2095796
718,0.0401283,0.4330391,0.3175327,0.2093
719,0.04010494,0.4329549,0.3178524,0.2090877
720,0.04009277,0.4329029,0.3180409,0.2089634
721,0.04133997,0.4205864,0.3227644,0.2153092
722,0.04226154,0.4145628,0.3233222,0.2198534
723,0.04289637,0.4119132,0.3223385,0.2228519
724,0.04332161,0.4110334,0.3208782,0.2247668
725,0.04360589,0.4110159,0.319389,0.2259893
726,0.04380163,0.4113774,0.3180153,0.2268057
727,0.0439447,0.4118778,0.3167741,0.2274033
728,0.04405749,0.412408,0.3156431,0.2278914
729,0.04415261,0.4129229,0.314599,0.2283255
730,0.04423637,0.4134073,0.3136289,0.2287275
731,0.04431143,0.4138569,0.3127304,0.2291013
732,0.04437855,0.4142711,0.3119078,0.2294426
733,0.04234849,0.4345515,0.3039608,0.2191392
734,0.04104451,0.4432794,0.3029196,0.2127565
735,0.04026137,0.4466773,0.3039322,0.2091292
736,0.03979985,0.4476703,0.3053804,0.2071494
737,0.03953288,0.4476672,0.3066727,0.2061272
738,0.03938035,0.4473189,0.3076627,0.2056381
739,0.03929253,0.4469027,0.308379,0.2054258
740,0.0392391,0.4465183,0.3089037,0.2053389
741,0.03920195,0.4461865,0.3093213,0.2052903
742,0.03917048,0.4458973,0.3097004,0.2052317
743,0.03913878,0.4456325,0.310091,0.2051378
744,0.0391036,0.4453745,0.3105255,0.2049964
745,0.04191542,0.4169543,0.3216593,0.219471
746,0.04409001,0.4017872,0.3238351,0.2302876
747,0.04560902,0.394193,0.3227864,0.2374116
748,0.04658652,0.3908464,0.3209687,0.2415984
749,0.0471558,0.3896818,0.3195126,0.2436498
750,0.04744354,0.3894965,0.3187691,0.2442908
751,0.04755615,0.3896561,0.3186756,0.2441121
752,0.04757636,0.3898785,0.3189804,0.2435648
753,0.04756511,0.3900814,0.3193761,0.2429774
754,0.04756396,0.3902804,0.3195847,0.2425711
755,0.0475975,0.3905229,0.3194076,0.242472
756,0.04767577,0.390851,0.3187504,0.2427229
757,0.04638005,0.4044887,0.3129238,0.2362075
758,0.04556327,0.4111638,0.3109421,0.2323308
759,0.04511707,0.4144077,0.3100301,0.2304452
760,0.0449053,0.4159926,0.3093285,0.2297736
761,0.04483033,0.4168168,0.3085843,0.2297686
762,0.0448274,0.4173124,0.307785,0.2300752
763,0.04485652,0.4176713,0.3069909,0.2304813
764,0.04489475,0.4179673,0.3062665,0.2308715
765,0.04492999,0.4182211,0.3056583,0.2311906
766,0.04495665,0.4184338,0.3051917,0.2314179
767,0.0449726,0.4186008,0.3048765,0.2315502
768,0.04497755,0.4187186,0.3047117,0.2315921
769,0.04247028,0.4421867,0.2964535,0.2188895
770,0.04086149,0.451728,0.2964333,0.2109772
771,0.03988719,0.4550056,0.2987116,0.2063956
772,0.03929724,0.4555511,0.3013823,0.2037694
773,0.03893842,0.4550237,0.3037616,0.2022762
774,0.03871603,0.4541709,0.3056937,0.2014195
775,0.03857164,0.4532996,0.3072286,0.2009002
776,0.03846963,0.4525116,0.3084776,0.2005412
777,0.03838868,0.4518198,0.3095514,0.2002401
778,0.03831648,0.4512049,0.3105376,0.1999411
779,0.0382463,0.4506408,0.3114963,0.1996166
780,0.03817501,0.450106,0.3124622,0.1992568
781,0.03807696,0.4497104,0.3134926,0.1987201
782,0.03798192,0.4492149,0.3146228,0.1981803
783,0.03789729,0.4486895,0.3157171,0.1976961
784,0.03782046,0.4481717,0.3167542,0.1972536
785,0.03775297,0.4476862,0.3176938,0.196867
786,0.03769726,0.4472524,0.3184943,0.196556
787,0.03765577,0.4468867,0.3191178,0.1963397
788,0.03763051,0.4466024,0.3195334,0.1962338
789,0.03762257,0.4464077,0.3197226,0.1962472
790,0.03763154,0.4463046,0.3196854,0.1963785
791,0.0376558,0.446288,0.3194387,0.1966175
792,0.03769271,0.446348,0.3190124,0.1969469
793,0.0386943,0.4373192,0.3216775,0.202309
794,0.03944433,0.4333905,0.3208541,0.2063111
795,0.03995368,0.4320096,0.3190609,0.2089759
796,0.04029422,0.4318581,0.3171115,0.2107362
797,0.04051941,0.4322247,0.3153614,0.2118946
798,0.04066845,0.4327495,0.3139177,0.2126644
799,0.04076812,0.4332671,0.3127779,0.2131869
800,0.04083582,0.433713,0.3119009,0.2135503
801,0.04088239,0.4340712,0.3112389,0.2138075
802,0.04091465,0.4343465,0.3107479,0.2139909
803,0.0409367,0.434551,0.3103932,0.2141191
804,0.040951,0.4346975,0.3101485,0.214203
805,0.03780752,0.465342,0.2988136,0.198037
806,0.03592233,0.4764462,0.2989525,0.188679
807,0.03483452,0.479654,0.3019333,0.1835782
808,0.03420362,0.4797354,0.3052104,0.1808505
809,0.03383822,0.4787535,0.3079496,0.1794586
810,0.03362597,0.477562,0.3100072,0.1788049
811,0.03350015,0.4764713,0.3114867,0.1785418
812,0.03342123,0.475558,0.3125522,0.1784685
813,0.03336607,0.4748071,0.3133557,0.1784711
814,0.03332136,0.4741763,0.3140157,0.1784866
815,0.03327971,0.4736232,0.3146152,0.1784819
816,0.03323717,0.4731137,0.3152081,0.178441
817,0.03502852,0.4528705,0.3241236,0.1879774
818,0.03632316,0.4430708,0.3259639,0.1946421
819,0.03717533,0.4387418,0.325287,0.1987958
820,0.03768614,0.4371431,0.3241055,0.2010653
821,0.03795772,0.436741,0.3232458,0.2020555
822,0.03807565,0.4367535,0.3229126,0.2022583
823,0.03810503,0.4368364,0.3230173,0.2020413
824,0.03809269,0.4368815,0.3233595,0.2016664
825,0.03807126,0.4368961,0.3237169,0.2013158
826,0.03806247,0.4369343,0.3238913,0.2011119
827,0.03807807,0.4370514,0.3237523,0.2011183
828,0.03812054,0.4372743,0.3232643,0.2013409
829,0.03877744,0.4317802,0.3246059,0.2048365
830,0.03928541,0.4295383,0.3236316,0.2075446
831,0.03965628,0.4289345,0.3218953,0.2095139
832,0.0399307,0.4291259,0.3199614,0.210982
833,0.04013777,0.4296565,0.3180982,0.2121075
834,0.04029749,0.4302914,0.3164183,0.2129928
835,0.04042264,0.4309169,0.3149608,0.2136996
836,0.04052128,0.4314831,0.3137317,0.214264
837,0.04059861,0.4319714,0.3127219,0.2147081
838,0.04065856,0.4323796,0.311912,0.2150499
839,0.04070403,0.4327123,0.3112806,0.215303
840,0.04073727,0.4329771,0.3108069,0.2154788
841,0.04009792,0.4395083,0.3082737,0.21212
842,0.03966203,0.4423638,0.3080939,0.2098802
843,0.03938722,0.443454,0.3086372,0.2085215
844,0.03921518,0.4437181,0.3093651,0.2077016
845,0.03910656,0.4436283,0.3100667,0.2071984
846,0.03903517,0.4434099,0.3106863,0.2068685
847,0.03898414,0.443161,0.3112327,0.2066221
848,0.03894299,0.4429177,0.3117339,0.2064054
849,0.03890544,0.4426882,0.312219,0.2061874
850,0.03886789,0.4424693,0.3127113,0.2059516
851,0.03882859,0.4422555,0.3132249,0.2056911
852,0.0387869,0.4420418,0.313766,0.2054052
853,0.03945082,0.4347826,0.3169874,0.2087792
854,0.03990713,0.4313174,0.3177945,0.210981
855,0.04018606,0.4297774,0.3178429,0.2121936
856,0.04034087,0.4291827,0.3177376,0.2127388
857,0.04041508,0.4290092,0.3177062,0.2128695
858,0.04044191,0.4289991,0.3177844,0.2127745
859,0.04044523,0.4290416,0.3179257,0.2125875
860,0.04044132,0.4291012,0.3180592,0.2123983
861,0.04044078,0.4291761,0.3181186,0.2122646
862,0.04044963,0.4292763,0.3180562,0.2122179
863,0.0404706,0.4294114,0.3178478,0.2122704
864,0.04050389,0.4295859,0.3174908,0.2124193
865,0.03808885,0.4543414,0.3075455,0.2000241
866,0.03661777,0.4640556,0.3065476,0.192779
867,0.03576863,0.4673955,0.3079664,0.1888695
868,0.03529051,0.4680773,0.3097338,0.1868984
869,0.03502965,0.4677738,0.3111755,0.1860211
870,0.0348926,0.4672024,0.3121712,0.1857338
871,0.03482314,0.466639,0.3127976,0.1857403
872,0.03478791,0.4661627,0.3131789,0.1858705
