EwEVersion,"6.5.13829.0 (compiled 2016-05-17)"
Date,"2016-09-06 18:45:08"
ModelName,Baltic_Proper-SEALS
EcosimScenario,Proper1_SealVuln100_19742100_seal0_cofF1
TimeSeries,new_data_weights_19742100_BAU_WAR1_codF1_seal0
StartYear,1974

Data,"Prey of Cod larvae"

TimeStep,"Temora sp","Acartia sp","Pseudocalanus sp.",
1,0.1079211,0.1002682,0.7918108
2,0.1141324,0.1024312,0.7834364
3,0.1163488,0.1016293,0.7820219
4,0.1165552,0.1003183,0.7831265
5,0.1157019,0.09866478,0.7856334
6,0.1143675,0.09697758,0.7886549
7,0.1128841,0.09545804,0.7916578
8,0.111417,0.09417874,0.7944042
9,0.1100314,0.09313829,0.7968302
10,0.1087406,0.0923044,0.798955
11,0.1075361,0.09163691,0.8008271
12,0.1064044,0.09109852,0.8024971
13,0.1098771,0.09123518,0.7988878
14,0.1071032,0.09022532,0.8026716
15,0.1057372,0.08990476,0.804358
16,0.1047978,0.08955628,0.805646
17,0.1041138,0.08918739,0.8066989
18,0.1036688,0.08885361,0.8074777
19,0.1034872,0.08863278,0.80788
20,0.1036145,0.08872848,0.807657
21,0.1040879,0.08939307,0.806519
22,0.1049105,0.09087364,0.8042159
23,0.1060425,0.09334076,0.8006167
24,0.1074082,0.0967824,0.7958094
25,0.07486401,0.09317464,0.8319614
26,0.08790673,0.1007995,0.8112938
27,0.09150035,0.105066,0.8034337
28,0.09421314,0.1099896,0.7957972
29,0.09619442,0.112416,0.7913896
30,0.09759028,0.1124855,0.7899242
31,0.09850062,0.1112971,0.7902023
32,0.09907398,0.1099095,0.7910165
33,0.09934278,0.108476,0.7921813
34,0.09939011,0.1072373,0.7933726
35,0.09927996,0.1062484,0.7944717
36,0.09905796,0.1054935,0.7954485
37,0.09820619,0.1053699,0.7964239
38,0.09620634,0.1043913,0.7994024
39,0.09508106,0.104027,0.8008919
40,0.09432162,0.1039107,0.8017677
41,0.09376384,0.1039994,0.8022368
42,0.09333955,0.104265,0.8023954
43,0.09302047,0.1046856,0.802294
44,0.09268633,0.1048901,0.8024236
45,0.09245197,0.1053708,0.8021772
46,0.09233657,0.1061114,0.8015521
47,0.09235531,0.1071032,0.8005415
48,0.09251558,0.1083108,0.7991737
49,0.09293159,0.1115809,0.7954875
50,0.09167203,0.1122874,0.7960405
51,0.09141757,0.1130761,0.7955063
52,0.09165569,0.1139048,0.7944395
53,0.0922389,0.1148837,0.7928774
54,0.09307378,0.1158912,0.791035
55,0.09408239,0.1167399,0.7891777
56,0.09527981,0.1175388,0.7871813
57,0.09651151,0.1178815,0.785607
58,0.0977051,0.1178495,0.7844454
59,0.0988009,0.1175239,0.7836752
60,0.09975962,0.1169907,0.7832496
61,0.08794246,0.1163223,0.7957352
62,0.08722456,0.1161772,0.7965982
63,0.08693175,0.1152145,0.7978537
64,0.0870295,0.1146242,0.7983462
65,0.08732835,0.1142124,0.7984592
66,0.08772467,0.1138463,0.798429
67,0.08815973,0.1134704,0.7983699
68,0.08851041,0.1128327,0.7986569
69,0.08880329,0.1121741,0.7990227
70,0.08903539,0.111467,0.7994977
71,0.08920179,0.1107201,0.800078
72,0.08930011,0.1099476,0.8007523
73,0.07894265,0.1086852,0.8123721
74,0.0788036,0.1098645,0.811332
75,0.07956827,0.1086039,0.8118278
76,0.08031572,0.1072841,0.8124002
77,0.08070356,0.1059633,0.8133332
78,0.08069181,0.104675,0.8146331
79,0.08033495,0.1034813,0.8161837
80,0.07971007,0.102424,0.817866
81,0.07886851,0.1015165,0.819615
82,0.07785497,0.10077,0.821375
83,0.07670555,0.1001872,0.8231073
84,0.07545082,0.09976796,0.8247812
85,0.09099716,0.1000638,0.808939
86,0.09178802,0.09877565,0.8094364
87,0.0912513,0.09939699,0.8093517
88,0.09036075,0.09952714,0.8101121
89,0.08926187,0.099431,0.8113071
90,0.08804942,0.09930937,0.8126413
91,0.08679496,0.09924018,0.8139648
92,0.08552168,0.09916243,0.8153159
93,0.0843099,0.09918509,0.816505
94,0.08322545,0.09939166,0.8173829
95,0.08232471,0.09990829,0.817767
96,0.08165591,0.1009179,0.8174261
97,0.0862852,0.1031376,0.8105772
98,0.08724124,0.1053339,0.8074249
99,0.08841681,0.1097203,0.801863
100,0.08967531,0.1144403,0.7958844
101,0.09107753,0.1185155,0.7904069
102,0.09263119,0.1213169,0.7860518
103,0.09427576,0.1226384,0.7830859
104,0.09595919,0.1228351,0.7812057
105,0.09750737,0.1220168,0.7804758
106,0.09879863,0.1205602,0.7806411
107,0.09975763,0.1187737,0.7814686
108,0.1003617,0.1168732,0.7827652
109,0.1099947,0.1152959,0.7747094
110,0.1066909,0.1127019,0.7806072
111,0.1050979,0.1111153,0.7837868
112,0.1040487,0.1096569,0.7862945
113,0.1032732,0.108498,0.7882288
114,0.1026585,0.1076117,0.7897298
115,0.1021433,0.1069234,0.7909333
116,0.1018552,0.1067321,0.7914127
117,0.1016678,0.1066369,0.7916953
118,0.101539,0.1066257,0.7918352
119,0.1014529,0.1066909,0.7918562
120,0.101404,0.106827,0.791769
121,0.09442579,0.1063122,0.799262
122,0.09557892,0.1072362,0.7971849
123,0.09583579,0.1074289,0.7967354
124,0.09599178,0.1078425,0.7961658
125,0.09611448,0.1082901,0.7955954
126,0.09622356,0.1087039,0.7950726
127,0.09632906,0.109081,0.7945899
128,0.0963909,0.1093734,0.7942357
129,0.09644631,0.1096409,0.7939128
130,0.09650367,0.1098858,0.7936106
131,0.0965654,0.1101134,0.7933212
132,0.09663244,0.1103308,0.7930368
133,0.05247235,0.1093687,0.8381589
134,0.04422392,0.1111246,0.8446515
135,0.03556017,0.1092778,0.8551621
136,0.02875415,0.1091498,0.862096
137,0.02345354,0.1107838,0.8657627
138,0.01948621,0.1139668,0.866547
139,0.01676238,0.118223,0.8650146
140,0.01519349,0.1224085,0.862398
141,0.01476639,0.1260159,0.8592178
142,0.01552286,0.1282753,0.8562018
143,0.01756365,0.1289868,0.8534495
144,0.0209833,0.1283303,0.8506864
145,0.03374866,0.1270201,0.8392313
146,0.04913973,0.1252016,0.8256587
147,0.06325433,0.1208308,0.8159148
148,0.0731855,0.1161107,0.8107038
149,0.07882933,0.1117074,0.8094633
150,0.08146587,0.1078873,0.8106468
151,0.08236007,0.1046775,0.8129625
152,0.08233303,0.1019875,0.8156795
153,0.08181319,0.09968986,0.818497
154,0.08101399,0.0976879,0.8212981
155,0.0800321,0.09590853,0.8240594
156,0.07890753,0.09430604,0.8267864
157,0.06497584,0.0922036,0.8428205
158,0.05234007,0.08592809,0.8617318
159,0.04170196,0.08403488,0.8742632
160,0.03240049,0.08374189,0.8838576
161,0.02416124,0.08412752,0.8917112
162,0.01704634,0.0850133,0.8979404
163,0.01127131,0.08664455,0.9020841
164,0.006989672,0.08945741,0.9035528
165,0.004137987,0.09395757,0.9019045
166,0.002422768,0.1001667,0.8974105
167,0.001465715,0.1072578,0.8912765
168,0.0009541954,0.1137871,0.8852587
169,0.005280762,0.1315348,0.8631845
170,0.02865681,0.1292255,0.8421176
171,0.06587477,0.1224898,0.8116354
172,0.09072662,0.1163576,0.7929158
173,0.1033868,0.1104739,0.7861392
174,0.1077785,0.1047726,0.7874489
175,0.1078556,0.09965938,0.7924849
176,0.1059401,0.0953621,0.7986978
177,0.1033535,0.09192515,0.8047214
178,0.1007364,0.08921685,0.8100469
179,0.09833441,0.08707245,0.8145931
180,0.09619998,0.08534956,0.8184505
181,0.1006972,0.08421915,0.8150837
182,0.1016384,0.08357068,0.8147909
183,0.1013475,0.08257139,0.8160812
184,0.1004181,0.08153494,0.818047
185,0.09920373,0.08060598,0.8201903
186,0.09790373,0.07985411,0.8222421
187,0.09662335,0.07931149,0.8240651
188,0.0954337,0.07905383,0.8255125
189,0.09435492,0.07905,0.8265951
190,0.09337278,0.0792992,0.827328
191,0.09247313,0.07981269,0.8277142
192,0.09164711,0.08061685,0.827736
193,0.0963994,0.08175512,0.8218455
194,0.0969146,0.0833737,0.8197117
195,0.0971974,0.08522236,0.8175802
196,0.09737528,0.08706153,0.8155631
197,0.09756026,0.08891024,0.8135295
198,0.09782103,0.09079739,0.8113816
199,0.0981954,0.09274322,0.8090614
200,0.09865619,0.09465356,0.8066903
201,0.0992503,0.09668855,0.8040612
202,0.09998303,0.09880964,0.8012073
203,0.1008428,0.1009483,0.798209
204,0.1018039,0.1030067,0.7951894
205,0.09732744,0.1073828,0.7952897
206,0.09231178,0.1073788,0.8003094
207,0.08990864,0.1074914,0.8025999
208,0.08900353,0.1083435,0.802653
209,0.08909725,0.1099586,0.8009441
210,0.08990435,0.1120467,0.798049
211,0.09123474,0.1141884,0.7945769
212,0.09312756,0.1163994,0.790473
213,0.09524081,0.1177588,0.7870004
214,0.09738263,0.1182928,0.7843245
215,0.09936292,0.1181071,0.7825299
216,0.1010346,0.1173968,0.7815686
217,0.1121079,0.1160583,0.7718337
218,0.1177535,0.1160403,0.7662062
219,0.1199522,0.1140438,0.766004
220,0.1201402,0.1115766,0.7682832
221,0.1192885,0.109101,0.7716105
222,0.1180133,0.1068776,0.7751091
223,0.1166492,0.1049842,0.7783666
224,0.1153454,0.103396,0.7812586
225,0.1141296,0.1020185,0.7838519
226,0.1129884,0.1007798,0.7862318
227,0.1118943,0.09962611,0.7884796
228,0.1108206,0.09852082,0.7906585
229,0.0980071,0.09712888,0.804864
230,0.09540062,0.09608926,0.8085102
231,0.09333162,0.09488566,0.8117827
232,0.09167857,0.0939245,0.814397
233,0.0902831,0.09319592,0.8165209
234,0.08907343,0.09268636,0.8182402
235,0.088028,0.09240814,0.8195639
236,0.08714994,0.09239524,0.8204548
237,0.0864576,0.09271449,0.820828
238,0.08597023,0.09337725,0.8206525
239,0.08570199,0.09435517,0.8199429
240,0.08565713,0.09557609,0.8187668
241,0.07013548,0.09466028,0.8352042
242,0.07003225,0.09838387,0.8315839
243,0.07031818,0.09929019,0.8303916
244,0.07111543,0.1003836,0.828501
245,0.07208396,0.101275,0.8266411
246,0.07305335,0.1018058,0.8251408
247,0.07394122,0.1020337,0.824025
248,0.07467466,0.1019237,0.8234017
249,0.07526919,0.1017404,0.8229904
250,0.07574092,0.1015052,0.8227539
251,0.07610776,0.1012466,0.8226456
252,0.07638759,0.1009824,0.82263
253,0.1054584,0.1014083,0.7931333
254,0.1074236,0.09994657,0.7926298
255,0.1078255,0.1002376,0.7919369
256,0.1078816,0.09980671,0.7923117
257,0.1076798,0.09910021,0.79322
258,0.1073336,0.09836945,0.794297
259,0.1069203,0.09770023,0.7953795
260,0.10648,0.09713503,0.7963849
261,0.1060408,0.09664131,0.7973178
262,0.1056161,0.09622418,0.7981598
263,0.1052149,0.09588279,0.7989023
264,0.1048448,0.09561637,0.7995389
265,0.06982789,0.09486611,0.835306
266,0.06252318,0.09449418,0.8429826
267,0.0558077,0.09320962,0.8509827
268,0.05063263,0.09311987,0.8562475
269,0.04660338,0.0941281,0.8592685
270,0.04355584,0.0961322,0.860312
271,0.0414912,0.09901178,0.8594971
272,0.04051349,0.1026453,0.8568411
273,0.04068729,0.1061955,0.8531172
274,0.04202634,0.1091016,0.848872
275,0.0444406,0.1109764,0.844583
276,0.0477001,0.1117475,0.8405524
277,0.06097607,0.1126194,0.8264046
278,0.06840026,0.1100398,0.82156
279,0.07255657,0.1088188,0.8186246
280,0.07517722,0.107483,0.8173398
281,0.07690352,0.1060895,0.817007
282,0.07803647,0.1047022,0.8172613
283,0.07874611,0.1033476,0.8179063
284,0.07912385,0.1019771,0.818899
285,0.0792478,0.1006336,0.8201186
286,0.07917738,0.09932462,0.821498
287,0.07895739,0.09805629,0.8229863
288,0.07862128,0.0968326,0.8245462
289,0.0894623,0.09694946,0.8135883
290,0.09505983,0.0967662,0.808174
291,0.09766532,0.0950607,0.807274
292,0.09830882,0.09305523,0.808636
293,0.09789063,0.09109518,0.8110142
294,0.09695573,0.08930862,0.8137357
295,0.09579592,0.0877362,0.8164679
296,0.09454262,0.08637857,0.8190789
297,0.09328232,0.08523573,0.8214819
298,0.09204267,0.08428364,0.8236737
299,0.09083421,0.08350793,0.8256578
300,0.08966257,0.08290149,0.8274359
301,0.0948123,0.08358916,0.8215985
302,0.09793394,0.08471175,0.8173543
303,0.09886717,0.08440867,0.8167241
304,0.09860829,0.08390764,0.8174841
305,0.0977871,0.08335778,0.8188551
306,0.09673657,0.08284444,0.820419
307,0.09562597,0.08242723,0.8219469
308,0.09453455,0.08200951,0.8234559
309,0.09345404,0.08173873,0.8248072
310,0.09242944,0.08162485,0.8259457
311,0.0914847,0.08165403,0.8268613
312,0.0906317,0.08180341,0.827565
313,0.08332297,0.08400911,0.8326679
314,0.07376878,0.08133189,0.8448994
315,0.06799871,0.07982939,0.8521719
316,0.06401354,0.07876058,0.8572258
317,0.06110997,0.07812396,0.8607661
318,0.05900209,0.07826276,0.8627351
319,0.05760026,0.07984211,0.8625576
320,0.05700396,0.08420503,0.858791
321,0.05725463,0.09103264,0.8517127
322,0.05846119,0.09936654,0.8421723
323,0.0606994,0.1072534,0.8320472
324,0.06392009,0.1129187,0.8231612
325,0.0733038,0.1170624,0.8096338
326,0.07950362,0.1168352,0.8036612
327,0.08455286,0.1163318,0.7991154
328,0.08858671,0.1151234,0.7962899
329,0.09160147,0.1136348,0.7947636
330,0.09367626,0.1120816,0.7942421
331,0.09496292,0.1105647,0.7944724
332,0.09556537,0.1089788,0.7954558
333,0.09571072,0.1075213,0.7967681
334,0.09554832,0.1061637,0.798288
335,0.09518348,0.1048972,0.7999194
336,0.09468389,0.1037033,0.8016127
337,0.09203598,0.1020894,0.8058747
338,0.09062732,0.1010669,0.8083058
339,0.08953175,0.1000794,0.8103889
340,0.08857557,0.09910488,0.8123196
341,0.08766238,0.09811571,0.8142219
342,0.08673893,0.09710175,0.8161593
343,0.0857795,0.09606749,0.8181531
344,0.08483944,0.09516277,0.8199978
345,0.08387831,0.09426589,0.8218558
346,0.08289143,0.09340642,0.8237022
347,0.08188825,0.09260807,0.8255036
348,0.08088605,0.09189684,0.8272171
349,0.06083356,0.0899322,0.8492342
350,0.05813356,0.09461085,0.8472555
351,0.05814298,0.09303209,0.848825
352,0.05916316,0.09200072,0.8488362
353,0.0601139,0.09117973,0.8487064
354,0.06064125,0.09033758,0.8490213
355,0.06070323,0.0895085,0.8497883
356,0.06036423,0.08882561,0.8508102
357,0.05970908,0.08823201,0.8520589
358,0.05880615,0.08775348,0.8534404
359,0.05770965,0.08738943,0.854901
360,0.05646197,0.08713174,0.8564063
361,0.07105994,0.09096609,0.837974
362,0.06763439,0.08599835,0.8463672
363,0.06304981,0.08537834,0.8515718
364,0.05927971,0.08479623,0.8559241
365,0.05608976,0.08422561,0.8596846
366,0.05339742,0.08407205,0.8625305
367,0.05122485,0.08483146,0.8639436
368,0.04963065,0.08687349,0.8634958
369,0.0487489,0.09084177,0.8604093
370,0.04871828,0.09655289,0.8547289
371,0.04966274,0.1030554,0.8472818
372,0.05164437,0.1089419,0.8394138
373,0.05160797,0.1141157,0.8342763
374,0.05392068,0.1157151,0.8303642
375,0.05720409,0.1161461,0.8266498
376,0.06096304,0.1160131,0.8230239
377,0.06478766,0.1155258,0.8196866
378,0.06835221,0.1147821,0.8168657
379,0.07143933,0.113853,0.8147077
380,0.07397041,0.1128524,0.8131772
381,0.07591141,0.1117682,0.8123204
382,0.07730446,0.1106618,0.8120337
383,0.07823423,0.109578,0.8121877
384,0.07879799,0.1085453,0.8126568
385,0.08107772,0.1072313,0.811691
386,0.08165549,0.1062694,0.8120751
387,0.08169959,0.1054332,0.8128672
388,0.08147582,0.1046276,0.8138966
389,0.08108583,0.1038384,0.8150759
390,0.08057062,0.103064,0.8163654
391,0.07994789,0.1023053,0.8177468
392,0.07916745,0.1014295,0.8194031
393,0.07826651,0.1005599,0.8211735
394,0.07726418,0.09969412,0.8230417
395,0.07617524,0.09884214,0.8249826
396,0.07501521,0.09801996,0.8269649
397,0.09455841,0.09794859,0.807493
398,0.09546879,0.09535751,0.8091737
399,0.09478546,0.09530337,0.8099113
400,0.09404741,0.09514481,0.8108078
401,0.09335268,0.09490536,0.8117419
402,0.09274099,0.09474459,0.8125144
403,0.09224117,0.09474831,0.8130106
404,0.09189464,0.09506667,0.8130388
405,0.09170646,0.09557202,0.8127216
406,0.09168142,0.09625047,0.8120682
407,0.09181613,0.09705569,0.8111282
408,0.09209954,0.09792762,0.8099728
409,0.09486822,0.09812475,0.807007
410,0.1007409,0.1010265,0.7982326
411,0.1038729,0.1014554,0.7946717
412,0.10542,0.1013761,0.7932039
413,0.1059049,0.1006049,0.7934902
414,0.1057082,0.09947855,0.7948132
415,0.1051069,0.0983108,0.7965823
416,0.1043229,0.09730648,0.7983706
417,0.1034594,0.09651133,0.8000293
418,0.1025778,0.09591269,0.8015095
419,0.10171,0.09548513,0.8028049
420,0.1008717,0.09520109,0.8039272
421,0.09511314,0.0943306,0.8105562
422,0.09418661,0.09465918,0.8111542
423,0.09318467,0.09458596,0.8122294
424,0.09237117,0.09470479,0.8129241
425,0.09175082,0.09502608,0.813223
426,0.09131638,0.09555338,0.8131303
427,0.09106965,0.09631635,0.812614
428,0.09101338,0.09736804,0.8116186
429,0.09117257,0.09880903,0.8100184
430,0.09155372,0.1006336,0.8078127
431,0.09215526,0.1027546,0.8050902
432,0.09296568,0.1050019,0.8020324
433,0.05787167,0.1074434,0.834685
434,0.05196979,0.1098778,0.8381523
435,0.04599021,0.1087525,0.8452573
436,0.04173659,0.1096143,0.848649
437,0.03898513,0.1120898,0.8489251
438,0.037722,0.1154397,0.8468383
439,0.03802537,0.1187748,0.8431998
440,0.04002661,0.1215886,0.8383848
441,0.04360903,0.1229648,0.8334262
442,0.04842183,0.1231062,0.828472
443,0.05388968,0.1223348,0.8237756
444,0.05933746,0.1209824,0.8196802
445,0.04106174,0.1169445,0.8419938
446,0.03284588,0.1176595,0.8494947
447,0.02804078,0.1167909,0.8551683
448,0.02510681,0.1158094,0.8590838
449,0.02326462,0.1148335,0.8619018
450,0.02209926,0.1138497,0.864051
451,0.02137095,0.1128452,0.8657838
452,0.020915,0.1117208,0.8673642
453,0.02063616,0.1105568,0.8688071
454,0.02046905,0.1093533,0.8701776
455,0.02036661,0.1081204,0.871513
456,0.02029451,0.1068697,0.8728359
457,0.05897327,0.1066214,0.8344054
458,0.0822084,0.1022156,0.815576
459,0.09226047,0.1002405,0.8074991
460,0.09544534,0.09887326,0.8056814
461,0.09599172,0.09756531,0.806443
462,0.09543961,0.09626968,0.8082907
463,0.09438723,0.09502039,0.8105924
464,0.09307943,0.09382702,0.8130935
465,0.09163831,0.09273417,0.8156276
466,0.09012422,0.0917609,0.8181148
467,0.08857464,0.09092744,0.8204979
468,0.08704308,0.0902788,0.8226781
469,0.08125816,0.0904354,0.8283065
470,0.08258995,0.09294982,0.8244602
471,0.08360879,0.09211761,0.8242735
472,0.08396815,0.09159659,0.8244353
473,0.08377717,0.09122328,0.8249995
474,0.08322105,0.09085342,0.8259255
475,0.08244134,0.09051403,0.8270446
476,0.08152359,0.09030137,0.8281751
477,0.08053513,0.09027974,0.8291851
478,0.0795408,0.09047358,0.8299856
479,0.07858171,0.09086762,0.8305507
480,0.07768848,0.09143735,0.8308741
481,0.1085822,0.09236749,0.7990503
482,0.1011144,0.09120799,0.8076776
483,0.09830415,0.09280977,0.8088861
484,0.09711404,0.09344603,0.8094399
485,0.09662297,0.09391646,0.8094606
486,0.09656338,0.09464475,0.8087919
487,0.09682313,0.09578767,0.8073892
488,0.09749639,0.0977817,0.8047219
489,0.09843648,0.1002731,0.8012904
490,0.09961779,0.1031843,0.7971979
491,0.1010017,0.1063109,0.7926873
492,0.1025459,0.1093843,0.7880699
493,0.1050107,0.1124108,0.7825785
494,0.1043117,0.1144859,0.7812024
495,0.1049092,0.115886,0.7792048
496,0.1060095,0.1169102,0.7770804
497,0.107352,0.1177483,0.7748997
498,0.1087607,0.1183535,0.7728857
499,0.1101086,0.1186554,0.771236
500,0.1111578,0.1183228,0.7705194
501,0.1120296,0.1178578,0.7701126
502,0.1126749,0.1171812,0.7701439
503,0.1130952,0.1163439,0.7705609
504,0.1133092,0.1154055,0.7712854
505,0.1151916,0.1126715,0.7721369
506,0.1166443,0.1125964,0.7707592
507,0.1168885,0.1114772,0.7716343
508,0.1165663,0.1101343,0.7732994
509,0.1159498,0.1087505,0.7752998
510,0.1151965,0.107423,0.7773804
511,0.1143974,0.1062021,0.7794005
512,0.1137214,0.1053109,0.7809677
513,0.1130791,0.1045094,0.7824115
514,0.1124689,0.1038137,0.7837174
515,0.1118823,0.1032107,0.784907
516,0.1113128,0.1026906,0.7859966
517,0.1056833,0.1004301,0.7938865
518,0.1056856,0.1008807,0.7934337
519,0.1051197,0.1006305,0.7942498
520,0.1045524,0.100465,0.7949826
521,0.1040457,0.1004351,0.7955191
522,0.1036119,0.1005459,0.7958422
523,0.1032615,0.1008086,0.7959299
524,0.1030049,0.1012329,0.7957621
525,0.1028476,0.1018443,0.7953081
526,0.1027998,0.1026539,0.7945463
527,0.1028657,0.1036538,0.7934805
528,0.1030444,0.1048221,0.7921335
529,0.107627,0.10651,0.7858629
530,0.1066729,0.1076324,0.7856947
531,0.1068719,0.1090911,0.784037
532,0.107313,0.1103715,0.7823156
533,0.1078631,0.1115415,0.7805954
534,0.1084673,0.1125986,0.7789341
535,0.1090867,0.1135052,0.777408
536,0.1096911,0.114223,0.7760859
537,0.110254,0.1147278,0.7750182
538,0.110759,0.1150287,0.7742124
539,0.1111932,0.1151453,0.7736617
540,0.1115495,0.1151069,0.7733435
541,0.1070634,0.116115,0.7768216
542,0.1061304,0.1153468,0.7785228
543,0.105567,0.1147837,0.7796493
544,0.1053605,0.1145633,0.7800763
545,0.1053841,0.1145871,0.7800287
546,0.1055478,0.1147515,0.7797008
547,0.1057898,0.1149723,0.7792378
548,0.1060651,0.1151763,0.7787585
549,0.1063586,0.1153611,0.7782803
550,0.1066499,0.115493,0.7778571
551,0.1069265,0.1155606,0.7775128
552,0.1071804,0.1155628,0.7772568
553,0.1047963,0.114751,0.7804527
554,0.105223,0.1150185,0.7797585
555,0.105359,0.1148511,0.7797899
556,0.1054563,0.114669,0.7798748
557,0.1055305,0.114465,0.7800045
558,0.1055783,0.1142363,0.7801854
559,0.105598,0.1139899,0.7804121
560,0.1055919,0.11374,0.7806681
561,0.1055708,0.1134956,0.7809336
562,0.105535,0.1132545,0.7812105
563,0.105488,0.113023,0.781489
564,0.1054347,0.1128072,0.781758
565,0.1046277,0.1121107,0.7832616
566,0.1013518,0.1116036,0.7870446
567,0.09972847,0.1115456,0.7887259
568,0.09889608,0.1117254,0.7893785
569,0.09857459,0.1122039,0.7892216
570,0.09862139,0.1129378,0.7884408
571,0.09894456,0.1138255,0.7872299
572,0.09948148,0.114781,0.7857375
573,0.1001482,0.1155872,0.7842647
574,0.1008895,0.1161774,0.7829331
575,0.1016516,0.1165038,0.7818445
576,0.102387,0.1165558,0.7810572
577,0.1070566,0.1156061,0.7773373
578,0.1112799,0.1161224,0.7725976
579,0.1133088,0.1151387,0.7715525
580,0.1140835,0.1136633,0.7722532
581,0.1140714,0.1119099,0.7740187
582,0.113595,0.1101345,0.7762705
583,0.1128689,0.1085011,0.7786301
584,0.1120166,0.1070353,0.780948
585,0.1111213,0.1058042,0.7830744
586,0.1102157,0.1047768,0.7850075
587,0.1093161,0.1039313,0.7867525
588,0.1084316,0.1032501,0.7883184
589,0.1115965,0.1028769,0.7855266
590,0.1113275,0.1025661,0.7861064
591,0.1108771,0.1023471,0.7867759
592,0.1102863,0.1021278,0.7875859
593,0.1096364,0.1019473,0.7884162
594,0.1089889,0.1018383,0.7891728
595,0.1083887,0.1018251,0.7897862
596,0.1078686,0.1019623,0.7901691
597,0.1074459,0.1022391,0.7903152
598,0.107149,0.1026965,0.7901545
599,0.1069987,0.103365,0.7896363
600,0.1070087,0.1042681,0.7887233
601,0.102922,0.1058041,0.7912739
602,0.1048191,0.107213,0.7879679
603,0.1056103,0.1086227,0.785767
604,0.1063242,0.1103481,0.7833276
605,0.1070242,0.112046,0.7809297
606,0.1077166,0.1135054,0.7787781
607,0.1083901,0.1146089,0.777001
608,0.1090415,0.1154408,0.7755177
609,0.1096371,0.1158376,0.7745253
610,0.1101532,0.115867,0.7739798
611,0.1105719,0.1156091,0.773819
612,0.1108837,0.1151474,0.7739689
613,0.1110464,0.1175433,0.7714103
614,0.1063976,0.1151948,0.7784077
615,0.1043092,0.1141165,0.7815744
616,0.1033374,0.1137553,0.7829072
617,0.1030372,0.113985,0.7829779
618,0.1031733,0.1146174,0.7822093
619,0.103599,0.1154669,0.7809341
620,0.1042035,0.1163135,0.779483
621,0.1049239,0.1171085,0.7779678
622,0.1056979,0.1177329,0.7765692
623,0.1064729,0.1181196,0.7754075
624,0.1072039,0.1182453,0.7745507
625,0.1123118,0.1181381,0.7695501
626,0.115075,0.1180878,0.7668372
627,0.1165153,0.1174285,0.7660562
628,0.1171006,0.1163427,0.7665567
629,0.1171083,0.1150131,0.7678787
630,0.1167481,0.1136325,0.7696194
631,0.1161705,0.1123273,0.7715021
632,0.1154686,0.1111128,0.7734186
633,0.1147124,0.110053,0.7752346
634,0.1139372,0.1091338,0.776929
635,0.1131639,0.1083457,0.7784904
636,0.1124052,0.1076786,0.7799162
637,0.1099911,0.105671,0.7843379
638,0.1090489,0.105702,0.7852491
639,0.1081919,0.1054504,0.7863577
640,0.1074751,0.1052718,0.7872531
641,0.1068832,0.1052213,0.7878956
642,0.106406,0.1053142,0.7882798
643,0.1060426,0.1055589,0.7883986
644,0.1058018,0.1060399,0.7881582
645,0.1056826,0.1066812,0.7876362
646,0.1056846,0.1074848,0.7868306
647,0.1058039,0.10843,0.7857662
648,0.106032,0.1094772,0.7844908
649,0.1113175,0.1099748,0.7787077
650,0.1145673,0.1114642,0.7739685
651,0.1163752,0.1128196,0.7708052
652,0.1173393,0.113527,0.7691337
653,0.1176878,0.1134626,0.7688497
654,0.1176275,0.1128888,0.7694837
655,0.1173148,0.1120856,0.7705997
656,0.1168537,0.1112243,0.771922
657,0.1163099,0.1104173,0.7732729
658,0.1157277,0.1097103,0.774562
659,0.1151339,0.1091174,0.7757487
660,0.1145455,0.1086374,0.7768171
661,0.1182352,0.1091917,0.7725731
662,0.1167063,0.1084949,0.7747988
663,0.1160755,0.1083456,0.7755789
664,0.1155894,0.108221,0.7761896
665,0.1151768,0.1081475,0.7766757
666,0.1148373,0.1081493,0.7770134
667,0.1145812,0.1082405,0.7771782
668,0.1144272,0.1084759,0.7770969
669,0.1143803,0.1088557,0.7767639
670,0.114452,0.1094101,0.7761379
671,0.1146451,0.1101582,0.7751967
672,0.1149534,0.1111021,0.7739444
673,0.1058763,0.1124881,0.7816356
674,0.1091292,0.1138365,0.7770343
675,0.1099781,0.1147334,0.7752885
676,0.1106522,0.1160541,0.7732937
677,0.1113038,0.1174769,0.7712191
678,0.1119507,0.1187805,0.7692688
679,0.1125807,0.1198289,0.7675903
680,0.1131964,0.1206492,0.7661545
681,0.1137507,0.1211055,0.7651438
682,0.1142339,0.1212479,0.7645183
683,0.1146301,0.1211379,0.764232
684,0.1149304,0.1208429,0.7642267
685,0.1112913,0.1207419,0.7679667
686,0.1084811,0.1201804,0.7713385
687,0.1069212,0.1192806,0.7737982
688,0.1061492,0.1187308,0.77512
689,0.1058688,0.1186359,0.7754952
690,0.1059023,0.1189152,0.7751825
691,0.1061393,0.1194417,0.774419
692,0.1064771,0.119972,0.773551
693,0.1069041,0.1205707,0.7725252
694,0.1073765,0.1211256,0.7714978
695,0.1078664,0.121575,0.7705585
696,0.1083504,0.1218862,0.7697634
697,0.1138646,0.1205767,0.7655586
698,0.1170773,0.1212051,0.7617177
699,0.1186596,0.1213062,0.7600341
700,0.1193289,0.1208433,0.7598278
701,0.1193859,0.1198931,0.760721
702,0.1190624,0.1187172,0.7622204
703,0.1185167,0.1175179,0.7639655
704,0.1178339,0.1163623,0.7658038
705,0.1170768,0.1153134,0.7676098
706,0.1162702,0.1143636,0.7693663
707,0.1154302,0.113501,0.7710688
708,0.1145694,0.1127133,0.7727174
709,0.1105838,0.1113638,0.7780524
710,0.1085503,0.1107754,0.7806743
711,0.1069998,0.1099335,0.7830667
712,0.1058256,0.1091074,0.785067
713,0.1049715,0.1084359,0.7865926
714,0.1044219,0.1080364,0.7875418
715,0.1041767,0.1080423,0.787781
716,0.1042387,0.1086535,0.7871078
717,0.1045872,0.1100105,0.7854024
718,0.1051802,0.1121745,0.7826453
719,0.1059646,0.1150382,0.7789972
720,0.1068861,0.118296,0.7748179
721,0.1053814,0.1213543,0.7732642
722,0.1039157,0.1247016,0.7713827
723,0.1034325,0.126123,0.7704445
724,0.103701,0.126867,0.7694321
725,0.1044278,0.1273463,0.7682259
726,0.1053863,0.1275596,0.7670541
727,0.1064122,0.1274027,0.7661851
728,0.1073839,0.1268175,0.7657986
729,0.1082214,0.1258616,0.7659169
730,0.1088766,0.124644,0.7664793
731,0.1093337,0.1232879,0.7673784
732,0.1096009,0.1218949,0.7685042
733,0.1152548,0.1201301,0.7646151
734,0.1178658,0.1192776,0.7628566
735,0.118776,0.1179843,0.7632397
736,0.1187901,0.1164921,0.7647177
737,0.1182957,0.1149259,0.7667784
738,0.1175286,0.1134267,0.7690446
739,0.1166252,0.1120737,0.7713012
740,0.1156496,0.1108635,0.7734869
741,0.1146356,0.109804,0.7755604
742,0.1135943,0.1088644,0.7775412
743,0.1125321,0.1080152,0.7794527
744,0.1114566,0.1072287,0.7813147
745,0.1054714,0.1080585,0.78647
746,0.09941607,0.1062033,0.7943806
747,0.0956488,0.1043312,0.80002
748,0.09307983,0.1020489,0.8048712
749,0.09146837,0.09946314,0.8090684
750,0.09078886,0.09706584,0.8121453
751,0.09101799,0.09592151,0.8130605
752,0.09201922,0.09763293,0.8103479
753,0.09352872,0.1034236,0.8030477
754,0.0953328,0.1129329,0.7917343
755,0.09739175,0.1235156,0.7790926
756,0.09978256,0.1316007,0.7686167
757,0.1052547,0.1332387,0.7615067
758,0.1097205,0.1332848,0.7569947
759,0.1127201,0.1307727,0.7565072
760,0.114339,0.1268474,0.7588136
761,0.1148224,0.1226769,0.7625006
762,0.1145274,0.1188965,0.7665761
763,0.1137814,0.1157089,0.7705098
764,0.1128179,0.1131076,0.7740744
765,0.1117758,0.1110034,0.7772208
766,0.1107237,0.109305,0.7799713
767,0.1096885,0.1079301,0.7823813
768,0.1086755,0.1068114,0.784513
769,0.1128911,0.1055454,0.7815635
770,0.1149535,0.1057359,0.7793105
771,0.1150988,0.1049335,0.7799677
772,0.1144919,0.1040522,0.7814558
773,0.1135339,0.1031593,0.7833067
774,0.1124036,0.1022775,0.7853189
775,0.1111915,0.1014173,0.7873912
776,0.1099439,0.1005728,0.7894831
777,0.1086988,0.09972378,0.7915773
778,0.1074856,0.09882791,0.7936865
779,0.1063483,0.09783965,0.7958121
780,0.105349,0.0967204,0.7979306
781,0.1021161,0.09508551,0.8027984
782,0.1025307,0.09382083,0.8036485
783,0.1025892,0.09237084,0.8050399
784,0.1030114,0.09135542,0.8056331
785,0.1038467,0.09122945,0.8049238
786,0.1050141,0.09253833,0.8024476
787,0.1063592,0.09572219,0.7979187
788,0.1077309,0.1010604,0.7912086
789,0.1089792,0.1077811,0.7832397
790,0.1100825,0.1146925,0.775225
791,0.1110866,0.1204612,0.7684522
792,0.1120424,0.1241873,0.7637703
793,0.1226068,0.1286774,0.7487159
794,0.1190494,0.1273124,0.7536382
795,0.1183102,0.1253355,0.7563543
796,0.1182107,0.1231761,0.7586133
797,0.1182815,0.1213192,0.7603993
798,0.1183447,0.1198015,0.7618538
799,0.1183385,0.1185419,0.7631196
800,0.1182353,0.1174077,0.764357
801,0.118072,0.1164507,0.7654774
802,0.1178558,0.11562,0.7665242
803,0.1176026,0.1148961,0.7675014
804,0.1173255,0.1142645,0.7684101
805,0.1225939,0.1142685,0.7631377
806,0.1264653,0.1141937,0.759341
807,0.1276459,0.1137424,0.7586118
808,0.1277049,0.1130536,0.7592415
809,0.1270933,0.1120379,0.7608688
810,0.126124,0.1108597,0.7630163
811,0.1249884,0.109663,0.7653486
812,0.1237909,0.1085683,0.7676408
813,0.1225631,0.1075186,0.7699183
814,0.1213212,0.1064989,0.77218
815,0.1200712,0.1054725,0.7744563
816,0.1188233,0.1043931,0.7767836
817,0.1076615,0.1039828,0.7883556
818,0.1054783,0.102431,0.7920907
819,0.1027463,0.09872846,0.7985253
820,0.1008843,0.09352954,0.8055862
821,0.1001932,0.08685186,0.8129549
822,0.1008658,0.0790362,0.820098
823,0.1029176,0.07135581,0.8257265
824,0.1060087,0.06647563,0.8275157
825,0.1094155,0.06796928,0.8226152
826,0.1123276,0.07776885,0.8099036
827,0.114322,0.0942007,0.7914773
828,0.1155772,0.1123385,0.7720844
829,0.120283,0.1275284,0.7521886
830,0.1190986,0.135308,0.7455934
831,0.1195121,0.1369458,0.7435421
832,0.1203622,0.1352924,0.7443454
833,0.1211428,0.1325572,0.7463
834,0.1216198,0.1297474,0.7486328
835,0.1217542,0.127195,0.7510508
836,0.121567,0.1248653,0.7535678
837,0.1211819,0.1228832,0.7559349
838,0.1206646,0.121181,0.7581544
839,0.1200706,0.1197184,0.7602109
840,0.1194363,0.1184601,0.7621036
841,0.1173727,0.1170491,0.7655782
842,0.1180064,0.1164516,0.765542
843,0.1177445,0.1155375,0.7667179
844,0.117196,0.1146857,0.7681184
845,0.1165077,0.1138885,0.7696038
846,0.1157443,0.1131405,0.7711152
847,0.1149414,0.1124465,0.7726121
848,0.1141201,0.1118033,0.7740766
849,0.1132854,0.1111919,0.7755228
850,0.1124594,0.1106178,0.7769228
851,0.1116648,0.1100884,0.7782468
852,0.1109287,0.1096182,0.7794531
853,0.1097872,0.1099883,0.7802245
854,0.107897,0.1094956,0.7826074
855,0.1068622,0.1090347,0.7841032
856,0.1063298,0.1087814,0.7848889
857,0.1062437,0.1090521,0.7847041
858,0.1065489,0.1100838,0.7833672
859,0.1071713,0.1119821,0.7808466
860,0.1080438,0.1147922,0.777164
861,0.1090742,0.1180884,0.7728373
862,0.1101922,0.1213667,0.7684411
863,0.111342,0.1240943,0.7645636
864,0.1124704,0.1258958,0.7616339
865,0.1226216,0.124084,0.7532943
866,0.1260245,0.1243539,0.7496217
867,0.1280755,0.1244218,0.7475026
868,0.1286466,0.1230561,0.7482972
869,0.1281975,0.1207805,0.751022
870,0.1271863,0.1182849,0.7545288
871,0.1259179,0.1159592,0.7581229
872,0.1245495,0.1138929,0.7615576
873,0.1231712,0.1121518,0.764677
874,0.1218075,0.1106755,0.767517
875,0.1204578,0.1093934,0.7701488
876,0.1191113,0.1082317,0.772657
877,0.108493,0.1105694,0.7809376
878,0.1032409,0.1078867,0.7888724
879,0.09932715,0.1049623,0.7957106
880,0.09646042,0.101338,0.8022016
881,0.09452469,0.09657038,0.808905
882,0.09363505,0.09051237,0.8158525
883,0.09395862,0.08372872,0.8223127
884,0.09550179,0.07831189,0.8261864
885,0.09788277,0.07767778,0.8244395
886,0.1004675,0.08518003,0.8143525
887,0.1027952,0.1007898,0.7964149
888,0.1049545,0.1195519,0.7754937
889,0.1152742,0.1293766,0.7553491
890,0.1202634,0.1369837,0.742753
891,0.1240516,0.138729,0.7372195
892,0.1259934,0.1354043,0.7386023
893,0.1263396,0.1303495,0.7433109
894,0.1256125,0.1254795,0.748908
895,0.124333,0.1213939,0.7542732
896,0.1228417,0.1180706,0.7590877
897,0.1213528,0.1154507,0.7631965
898,0.1199301,0.1133564,0.7667134
899,0.118582,0.1116506,0.7697673
900,0.1172922,0.1102273,0.7724804
901,0.1144409,0.1091237,0.7764354
902,0.112876,0.107923,0.779201
903,0.1114763,0.1069185,0.7816053
904,0.1101699,0.1060046,0.7838255
905,0.1089278,0.1051265,0.7859457
906,0.1077557,0.1042537,0.7879906
907,0.1066856,0.103372,0.7899424
908,0.1057699,0.1025164,0.7917137
909,0.1050511,0.1016947,0.7932541
910,0.1046039,0.1010296,0.7943665
911,0.1044868,0.1007111,0.794802
912,0.1047295,0.1010074,0.7942631
913,0.1058652,0.1038674,0.7902675
914,0.1031289,0.1065207,0.7903503
915,0.1022636,0.1087529,0.7889835
916,0.1024952,0.1116004,0.7859044
917,0.103479,0.1157627,0.7807584
918,0.1049146,0.1209671,0.7741183
919,0.1065996,0.1260927,0.7673077
920,0.108424,0.1298896,0.7616864
921,0.1102546,0.1314863,0.7582591
922,0.1119266,0.1310035,0.7570699
923,0.1132727,0.1291145,0.7576128
924,0.114186,0.1265447,0.7592693
925,0.1133269,0.1234632,0.7632099
926,0.114053,0.1210677,0.7648792
927,0.1140601,0.1186738,0.7672661
928,0.1137261,0.1165441,0.7697298
929,0.1131948,0.114682,0.7721232
930,0.1125553,0.1130846,0.7743601
931,0.1118627,0.1117356,0.7764016
932,0.111151,0.1106247,0.7782243
933,0.110433,0.1096939,0.7798731
934,0.1097165,0.1089212,0.7813622
935,0.1090052,0.1082847,0.7827101
936,0.1083035,0.1077688,0.7839277
937,0.1140014,0.1082162,0.7777824
938,0.1161026,0.1081703,0.7757271
939,0.1166927,0.1080018,0.7753056
940,0.1166065,0.1077673,0.7756262
941,0.1161209,0.107368,0.7765111
942,0.1154095,0.1068501,0.7777405
943,0.1145866,0.1062878,0.7791256
944,0.1137221,0.1056815,0.7805964
945,0.1128662,0.1051263,0.7820075
946,0.1120592,0.1046376,0.7833031
947,0.1113387,0.1042327,0.7844286
948,0.1107411,0.1039328,0.7853261
949,0.1090292,0.1044382,0.7865325
950,0.1058628,0.1044068,0.7897305
951,0.1041625,0.1035548,0.7922827
952,0.1035003,0.1026631,0.7938367
953,0.1037152,0.1025077,0.7937772
954,0.104618,0.10375,0.791632
955,0.1059806,0.1067913,0.787228
956,0.107605,0.1117222,0.7806728
957,0.1093134,0.1175842,0.7731023
958,0.1110221,0.1230388,0.7659391
959,0.1126989,0.1268848,0.7604163
960,0.1142922,0.1286185,0.7570893
961,0.1166067,0.1282708,0.7551225
962,0.1172584,0.1270365,0.7557052
963,0.1178365,0.1251327,0.7570308
964,0.1181421,0.1230236,0.7588344
965,0.1181866,0.1209933,0.7608201
966,0.1180177,0.1191503,0.762832
967,0.1176931,0.117523,0.7647839
968,0.1172475,0.1160407,0.7667119
969,0.1167397,0.1147736,0.7684867
970,0.1161958,0.1136825,0.7701218
971,0.1156349,0.1127433,0.7716218
972,0.1150693,0.1119355,0.7729953
973,0.1171983,0.1092506,0.7735511
974,0.1217289,0.1103694,0.7679017
975,0.122692,0.1097556,0.7675525
976,0.12252,0.1089499,0.7685301
977,0.1217462,0.1078906,0.7703632
978,0.1206559,0.1066904,0.7726537
979,0.1194105,0.1054628,0.7751267
980,0.1180881,0.1043044,0.7776076
981,0.1166992,0.1031292,0.7801716
982,0.1152515,0.1019032,0.7828453
983,0.1137471,0.1005506,0.7857023
984,0.1121984,0.09896184,0.7888397
985,0.1144938,0.09796325,0.7875429
986,0.1100739,0.09516894,0.7947571
987,0.107544,0.0911743,0.8012818
988,0.10586,0.08513621,0.8090038
989,0.1051578,0.07639951,0.8184427
990,0.105813,0.06415806,0.830029
991,0.1082198,0.04795172,0.8438285
992,0.1124886,0.02953324,0.8579782
993,0.1176868,0.0174676,0.8648456
994,0.1215955,0.0252523,0.8531522
995,0.1254703,0.03034378,0.8441859
996,0.128442,0.04263983,0.8289181
997,0.1179829,0.06383949,0.8181776
998,0.1194137,0.08700375,0.7935826
999,0.1181185,0.1056576,0.776224
1000,0.1172727,0.1193784,0.7633488
1001,0.1171784,0.1277662,0.7550554
1002,0.1176312,0.1315765,0.7507923
1003,0.118321,0.1322111,0.749468
1004,0.1189539,0.1309737,0.7500725
1005,0.1194228,0.129057,0.7515203
1006,0.1196625,0.1270024,0.7533351
1007,0.1196889,0.1250772,0.7552339
1008,0.1195439,0.1233751,0.757081
1009,0.1183589,0.1228649,0.7587763
1010,0.1135483,0.1210091,0.7654426
1011,0.1112007,0.1197983,0.769001
1012,0.109931,0.1190585,0.7710105
1013,0.1092487,0.1187332,0.7720181
1014,0.1089199,0.1187426,0.7723374
1015,0.1088288,0.1190248,0.7721464
1016,0.108919,0.119551,0.77153
1017,0.1091503,0.1202466,0.7706031
1018,0.1094984,0.1210659,0.7694356
1019,0.1099418,0.1219496,0.7681085
1020,0.1104583,0.1228263,0.7667154
1021,0.1158014,0.1228987,0.7613
1022,0.1196303,0.123708,0.7566618
1023,0.1217333,0.1243809,0.7538858
1024,0.1228219,0.1243357,0.7528425
1025,0.1231625,0.1234986,0.7533389
1026,0.1230082,0.1221973,0.7547944
1027,0.1225467,0.1207341,0.7567192
1028,0.1218828,0.1192177,0.7588995
1029,0.1210979,0.1177798,0.7611223
1030,0.1202324,0.1164367,0.7633309
1031,0.1193139,0.1151919,0.7654942
1032,0.1183613,0.1140413,0.7675974
1033,0.1197309,0.1144294,0.7658398
1034,0.1169907,0.1127958,0.7702135
1035,0.115499,0.1117705,0.7727305
1036,0.1143832,0.1108694,0.7747474
1037,0.1135195,0.1101387,0.7763418
1038,0.1128914,0.1096331,0.7774754
1039,0.1125062,0.1094086,0.7780852
1040,0.1123863,0.1096446,0.7779691
1041,0.1125296,0.1103516,0.7771188
1042,0.1129206,0.1116013,0.775478
1043,0.1135269,0.1133996,0.7730736
1044,0.1143013,0.1156538,0.770045
1045,0.1170566,0.1182875,0.7646559
1046,0.1180357,0.1206486,0.7613156
1047,0.1192254,0.1229657,0.7578089
1048,0.1202525,0.1246058,0.7551417
1049,0.1210817,0.1254338,0.7534844
1050,0.1217059,0.1255342,0.7527599
1051,0.1221234,0.1250884,0.7527882
1052,0.1223208,0.1242027,0.7534765
1053,0.1223471,0.1231723,0.7544806
1054,0.1222202,0.1220811,0.7556987
1055,0.1219715,0.1209978,0.7570306
1056,0.1216323,0.1199674,0.7584004
1057,0.1174828,0.1173714,0.7651458
1058,0.1184409,0.1171939,0.7643652
1059,0.1182739,0.1165127,0.7652134
1060,0.1179029,0.1158915,0.7662056
1061,0.1174475,0.1153021,0.7672504
1062,0.1169564,0.1147496,0.768294
1063,0.1164599,0.1142516,0.7692884
1064,0.1159817,0.1138419,0.7701765
1065,0.1155278,0.1135014,0.7709709
1066,0.1151113,0.1132422,0.7716464
1067,0.1147434,0.1130722,0.7721843
1068,0.1144349,0.1129995,0.7725657
1069,0.110011,0.1128995,0.7770895
1070,0.109697,0.1131663,0.7771367
1071,0.1091485,0.1130621,0.7777894
1072,0.108892,0.1132089,0.7778991
1073,0.1089222,0.1137437,0.777334
1074,0.1091895,0.1146926,0.7761179
1075,0.1096403,0.116002,0.7743576
1076,0.1102303,0.1175873,0.7721824
1077,0.110905,0.119222,0.769873
1078,0.1116234,0.1207181,0.7676585
1079,0.1123477,0.1219096,0.7657426
1080,0.1130431,0.122691,0.7642658
1081,0.1155537,0.1218265,0.7626199
1082,0.115352,0.1222021,0.7624459
1083,0.1155299,0.1220315,0.7624387
1084,0.1157106,0.121466,0.7628235
1085,0.1158326,0.1207053,0.7634621
1086,0.1158772,0.1198627,0.7642601
1087,0.1158435,0.1190042,0.7651522
1088,0.1157341,0.1181532,0.7661127
1089,0.1155677,0.1173567,0.7670757
1090,0.1153534,0.116624,0.7680225
1091,0.1151029,0.115963,0.7689341
1092,0.1148271,0.1153788,0.769794
1093,0.1179916,0.1136992,0.7683092
1094,0.1210167,0.1139724,0.7650108
1095,0.1220075,0.1139107,0.7640817
1096,0.122132,0.1135787,0.7642892
1097,0.1217031,0.1128696,0.7654272
1098,0.1209463,0.1119207,0.7671331
1099,0.1200096,0.1108766,0.7691138
1100,0.1189717,0.1097724,0.771256
1101,0.117879,0.108689,0.773432
1102,0.1167609,0.1076143,0.7756249
1103,0.115642,0.1065203,0.7778378
1104,0.1145507,0.1053699,0.7800794
1105,0.1190771,0.1044807,0.7764421
1106,0.1172687,0.102996,0.7797353
1107,0.1167128,0.1021927,0.7810944
1108,0.1164108,0.1014513,0.7821378
1109,0.1162493,0.1006695,0.7830812
1110,0.1162613,0.09986856,0.7838702
1111,0.1164992,0.09914713,0.7843537
1112,0.1170299,0.09900992,0.7839602
1113,0.1178034,0.09943551,0.7827611
1114,0.1187754,0.1006545,0.7805701
1115,0.1198624,0.102821,0.7773166
1116,0.1209641,0.1059381,0.7730978
1117,0.1131549,0.1159318,0.7709134
1118,0.1117259,0.1218691,0.766405
1119,0.1091295,0.1233799,0.7674907
1120,0.1081627,0.1238678,0.7679695
1121,0.1085969,0.1249343,0.7664688
1122,0.1098849,0.1271836,0.7629315
1123,0.1115813,0.1303467,0.7580721
