EwEVersion,"6.5.13829.0 (compiled 2016-05-17)"
Date,"2016-09-06 18:45:08"
ModelName,Baltic_Proper-SEALS
EcosimScenario,Proper1_SealVuln100_19742100_seal0_cofF1
TimeSeries,new_data_weights_19742100_BAU_WAR1_codF1_seal0
StartYear,1974

Data,"Prey of other mesozooplankton"

TimeStep,"Cyanobacteria","Phytoplankton","microzooplankton","Detritus-water column",
1,0.04280682,0.5585232,0.1841945,0.2144755
2,0.03914408,0.5794344,0.1844229,0.1969986
3,0.03727721,0.5860372,0.1880639,0.1886217
4,0.03628786,0.5871349,0.1919936,0.1845836
5,0.03575879,0.5862401,0.1952522,0.1827489
6,0.03547649,0.5848047,0.1976785,0.1820404
7,0.03532583,0.5833926,0.1993923,0.1818893
8,0.03524353,0.5821813,0.2005829,0.1819923
9,0.03519486,0.5811884,0.201427,0.1821897
10,0.03516104,0.5803756,0.2020631,0.1824004
11,0.03513219,0.5796929,0.2025897,0.1825852
12,0.03510328,0.5790968,0.2030727,0.1827272
13,0.03574783,0.5726326,0.2052842,0.1863354
14,0.03615527,0.5694742,0.2057343,0.1886363
15,0.03638262,0.5679889,0.2057087,0.1899198
16,0.03649445,0.567299,0.205645,0.1905615
17,0.03653415,0.5669435,0.2057164,0.190806
18,0.03653048,0.5666971,0.2059588,0.1908136
19,0.03650214,0.5664628,0.2063472,0.1906879
20,0.03646115,0.5662091,0.2068337,0.1904961
21,0.03641541,0.5659351,0.2073657,0.1902837
22,0.03637033,0.5656534,0.207893,0.1900833
23,0.03632978,0.5653792,0.2083713,0.1899198
24,0.03629651,0.5651277,0.2087641,0.1898117
25,0.03250096,0.597572,0.199865,0.170062
26,0.03050136,0.6078882,0.2016787,0.1599318
27,0.02949767,0.6102251,0.2049862,0.1552909
28,0.02897471,0.609782,0.2080242,0.1532191
29,0.02870892,0.60855,0.2102448,0.1524962
30,0.02858025,0.6072789,0.2116719,0.1524689
31,0.0285226,0.6061999,0.2124981,0.1527794
32,0.02849969,0.6053397,0.2129267,0.1532339
33,0.02849206,0.6046565,0.2131204,0.1537312
34,0.02848924,0.6040948,0.2131981,0.1542178
35,0.02848608,0.6036071,0.2132374,0.1546695
36,0.02848028,0.6031583,0.2132848,0.1550767
37,0.02923621,0.5950386,0.2161837,0.1595414
38,0.0297146,0.5913022,0.216561,0.1624222
39,0.02999321,0.5896895,0.2161731,0.1641442
40,0.03014404,0.5890422,0.2156775,0.1651363
41,0.03021618,0.5887728,0.2153271,0.165684
42,0.03024171,0.5886083,0.215179,0.165971
43,0.03024082,0.5884383,0.2152093,0.1661117
44,0.03022576,0.5882294,0.2153701,0.1661748
45,0.03020383,0.5879815,0.2156137,0.1662009
46,0.03017984,0.5877077,0.2158946,0.1662179
47,0.03015666,0.5874233,0.216177,0.1662431
48,0.03013609,0.5871419,0.2164341,0.166288
49,0.03093774,0.5786451,0.2196153,0.1708018
50,0.03145641,0.5747375,0.2200999,0.1737062
51,0.03176896,0.5731229,0.2196795,0.1754287
52,0.0319519,0.572601,0.2190138,0.1764332
53,0.03205729,0.5725505,0.2183661,0.1770261
54,0.03211918,0.5726722,0.2178056,0.1774031
55,0.03215848,0.5728362,0.2173244,0.177681
56,0.03218728,0.5729944,0.2168936,0.1779248
57,0.03221211,0.5731344,0.2164866,0.1781669
58,0.03223561,0.5732563,0.2160911,0.1784169
59,0.03225869,0.5733628,0.2157038,0.1786747
60,0.03228132,0.5734558,0.2153275,0.1789355
61,0.03261458,0.5697933,0.216823,0.1807691
62,0.03281827,0.5680166,0.2173198,0.1818455
63,0.03295492,0.5671909,0.2172727,0.1825815
64,0.03304333,0.5668568,0.2170303,0.1830696
65,0.03310096,0.5667596,0.2167349,0.1834045
66,0.03313966,0.5667672,0.2164434,0.1836498
67,0.03316699,0.5668148,0.2161741,0.183844
68,0.03318742,0.5668722,0.2159314,0.184009
69,0.03320351,0.5669261,0.2157151,0.1841553
70,0.03321689,0.5669717,0.2155213,0.1842901
71,0.03322836,0.5670079,0.2153479,0.1844158
72,0.03323831,0.567035,0.2151936,0.184533
73,0.03104035,0.5878413,0.2086895,0.1724289
74,0.02980685,0.5952966,0.2090715,0.1658251
75,0.02913946,0.5973992,0.21096,0.1625013
76,0.02877577,0.5974122,0.2129169,0.1608952
77,0.02857861,0.5967223,0.2144943,0.1602048
78,0.02847176,0.595895,0.2156432,0.15999
79,0.02841237,0.5951313,0.21645,0.1600063
80,0.02837646,0.5944775,0.217026,0.16012
81,0.02835091,0.5939224,0.2174673,0.1602595
82,0.0283287,0.5934381,0.2178448,0.1603883
83,0.02830629,0.5929984,0.2182059,0.1604894
84,0.02828201,0.5925827,0.2185792,0.1605561
85,0.02833143,0.5923536,0.2181364,0.1611786
86,0.02836934,0.5923212,0.2175792,0.1617303
87,0.02837021,0.5923092,0.2173348,0.1619857
88,0.02835414,0.5922378,0.2173126,0.1620955
89,0.02832799,0.5920923,0.217469,0.1621108
90,0.02829501,0.5918803,0.2177684,0.1620563
91,0.02825693,0.5916154,0.2181809,0.1619467
92,0.0282149,0.5913118,0.2186805,0.1617928
93,0.02816995,0.5909821,0.2192435,0.1616044
94,0.02812321,0.590638,0.2198466,0.1613923
95,0.02807615,0.5902896,0.2204644,0.1611699
96,0.02803052,0.5899475,0.2210693,0.1609527
97,0.02749604,0.595001,0.2194951,0.1580077
98,0.02717387,0.5968937,0.2195935,0.156339
99,0.02698083,0.5974079,0.2201729,0.1554383
100,0.02687039,0.5973626,0.2207354,0.1550316
101,0.02681211,0.5971403,0.2211093,0.1549384
102,0.02678706,0.5969041,0.2212617,0.1550471
103,0.02678338,0.5967114,0.2212179,0.1552873
104,0.02679342,0.5965712,0.2210231,0.1556123
105,0.02681205,0.5964725,0.2207259,0.1559895
106,0.0268355,0.5963989,0.2203725,0.1563932
107,0.02686084,0.5963345,0.220002,0.1568026
108,0.02688593,0.5962672,0.2196452,0.1572018
109,0.02786474,0.5862501,0.2227373,0.1631479
110,0.02851846,0.5818404,0.2225263,0.1671148
111,0.02891897,0.5801945,0.2213977,0.1694888
112,0.02915725,0.5798128,0.2201632,0.1708668
113,0.02929422,0.5799268,0.2191451,0.1716339
114,0.02937024,0.5801747,0.2184149,0.1720401
115,0.02941075,0.5804066,0.2179417,0.1722409
116,0.02943115,0.5805755,0.217665,0.1723283
117,0.02944043,0.5806789,0.2175251,0.1723555
118,0.02944366,0.5807293,0.2174755,0.1723515
119,0.02944371,0.5807421,0.2174818,0.1723324
120,0.02944221,0.5807305,0.2175202,0.1723071
121,0.02909405,0.5840046,0.2166713,0.1702301
122,0.02887459,0.5852283,0.2169688,0.1689282
123,0.02875074,0.5855431,0.2174709,0.1682353
124,0.02868042,0.5854896,0.2179575,0.1678724
125,0.02864116,0.5853142,0.218347,0.1676977
126,0.02861954,0.5851222,0.2186307,0.1676276
127,0.02860763,0.5849522,0.2188266,0.1676135
128,0.02860086,0.5848132,0.2189583,0.1676276
129,0.02859674,0.5847018,0.2190464,0.1676551
130,0.02859388,0.5846123,0.219106,0.1676879
131,0.02859157,0.5845385,0.2191477,0.1677222
132,0.02858943,0.5844761,0.2191787,0.1677558
133,0.0312299,0.5541933,0.231939,0.1826377
134,0.03306174,0.537948,0.2366405,0.1923498
135,0.03428453,0.5299152,0.2373912,0.198409
136,0.035037,0.5264158,0.2368297,0.2017176
137,0.0354712,0.525213,0.2360654,0.2032503
138,0.03570895,0.5250673,0.2354631,0.2037607
139,0.03583683,0.525356,0.2350398,0.2037673
140,0.0359114,0.5258027,0.2346891,0.2035968
141,0.03596691,0.5263042,0.2342909,0.203438
142,0.03602333,0.5268335,0.2337482,0.2033949
143,0.03609094,0.5273923,0.2330026,0.2035142
144,0.03617411,0.5279883,0.232029,0.2038086
145,0.03258261,0.5655791,0.2180173,0.183821
146,0.03074454,0.5797991,0.2153892,0.1740672
147,0.02981455,0.5851305,0.2154743,0.1695806
148,0.02934049,0.5868734,0.2161397,0.1676464
149,0.02910131,0.5872094,0.2167376,0.1669517
150,0.02898305,0.5870535,0.2171268,0.1668367
151,0.02892597,0.58677,0.2173337,0.1669704
152,0.02889888,0.5864861,0.2174234,0.1671916
153,0.02888561,0.5862329,0.2174563,0.1674252
154,0.02887783,0.5860072,0.2174772,0.1676377
155,0.02887128,0.5857968,0.2175159,0.1678161
156,0.02886381,0.5855897,0.2175907,0.1679559
157,0.03511448,0.5187548,0.2423567,0.203774
158,0.0406074,0.4742914,0.2507344,0.2343667
159,0.04499038,0.4463129,0.2510824,0.2576142
160,0.04822012,0.4300012,0.2481168,0.2736617
161,0.05042366,0.4213924,0.2445785,0.2836054
162,0.05181392,0.4175052,0.2417459,0.288935
163,0.05261977,0.4162691,0.2399885,0.2911227
164,0.05304257,0.4163719,0.2391889,0.2913966
165,0.05323823,0.417068,0.2390256,0.2906682
166,0.05331711,0.4179859,0.2391401,0.289557
167,0.05335228,0.4189694,0.2392225,0.2884558
168,0.05338861,0.4199698,0.2390503,0.2875913
169,0.04829752,0.4675542,0.224352,0.2597964
170,0.0454196,0.4899721,0.2198729,0.2447354
171,0.04415079,0.500625,0.2161,0.2391242
172,0.04355186,0.5064132,0.2128985,0.2371365
173,0.0432538,0.5097157,0.2105253,0.2365051
174,0.04311581,0.5117031,0.2087185,0.2364626
175,0.04305885,0.512969,0.2073638,0.2366083
176,0.04304044,0.5138242,0.2063795,0.2367558
177,0.04303901,0.5144342,0.2056904,0.2368365
178,0.0430444,0.5148883,0.2052287,0.2368385
179,0.04305189,0.515239,0.2049383,0.2367708
180,0.04305924,0.5155179,0.2047764,0.2366465
181,0.04159889,0.5293952,0.2003724,0.2286335
182,0.04068775,0.5359922,0.1996188,0.2237012
183,0.04014154,0.5389307,0.2001396,0.2207882
184,0.03981823,0.5400659,0.2010406,0.2190754
185,0.03962822,0.5403633,0.2019543,0.2180542
186,0.03951576,0.5403093,0.2027602,0.2174148
187,0.0394467,0.5401363,0.2034456,0.2169714
188,0.03940037,0.5399458,0.204039,0.2166148
189,0.03936441,0.539775,0.204579,0.2162816
190,0.03933173,0.5396308,0.2051005,0.215937
191,0.03929827,0.5395085,0.2056311,0.2155621
192,0.03926174,0.5394,0.2061911,0.2151471
193,0.03838547,0.5472969,0.2040701,0.2102476
194,0.03782584,0.5508764,0.2041704,0.2071273
195,0.03747211,0.5523292,0.2050597,0.205139
196,0.03724705,0.5527534,0.2061571,0.2038424
197,0.03710047,0.5527223,0.2072209,0.2029564
198,0.03700113,0.5525224,0.2081658,0.2023107
199,0.03693027,0.5522889,0.2089736,0.2018072
200,0.03687708,0.5520797,0.2096505,0.2013928
201,0.03683569,0.5519149,0.2102082,0.2010412
202,0.03680331,0.5517985,0.2106549,0.2007432
203,0.03677879,0.5517282,0.2109956,0.2004974
204,0.03676174,0.5516996,0.2112334,0.2003053
205,0.04037965,0.5174627,0.2225704,0.2195871
206,0.043116,0.4978693,0.2252925,0.2337221
207,0.04502542,0.4874476,0.2244457,0.2430812
208,0.04628179,0.4825656,0.2223454,0.2488073
209,0.0470682,0.480788,0.2201176,0.2520261
210,0.04754404,0.4805979,0.2181829,0.2536753
211,0.04783093,0.4811231,0.2166025,0.2544433
212,0.04801306,0.4819075,0.21529,0.2547894
213,0.04814377,0.4827385,0.2141274,0.2549904
214,0.04825182,0.4835352,0.2130342,0.2551789
215,0.04835117,0.484275,0.2119686,0.2554052
216,0.04844679,0.4849584,0.2109233,0.2556714
217,0.04383881,0.5264356,0.1982116,0.2315141
218,0.04125236,0.5441337,0.1962501,0.2183638
219,0.03984936,0.5512556,0.1973271,0.211568
220,0.03908483,0.5537098,0.1990975,0.2081079
221,0.0386732,0.5541803,0.2007222,0.2064242
222,0.03845702,0.5538988,0.20197,0.2056741
223,0.0383476,0.55341,0.202846,0.2053964
224,0.03829483,0.5529328,0.2034316,0.2053407
225,0.03827067,0.5525366,0.2038189,0.2053739
226,0.0382596,0.5522271,0.2040858,0.2054275
227,0.03825336,0.5519873,0.2042908,0.2054684
228,0.03824765,0.5517958,0.2044743,0.2054822
229,0.0389392,0.5446293,0.2074142,0.2090172
230,0.03938116,0.5409283,0.208556,0.2111345
231,0.03965592,0.539074,0.2089212,0.2123488
232,0.03981476,0.5381993,0.2090393,0.2129466
233,0.03989799,0.5378065,0.2091434,0.2131522
234,0.03993416,0.5376276,0.2093166,0.2131217
235,0.03994239,0.537529,0.2095704,0.2129583
236,0.03993507,0.5374513,0.2098857,0.2127279
237,0.03992013,0.5373741,0.2102333,0.2124725
238,0.0399026,0.5372955,0.2105826,0.2122193
239,0.03988571,0.5372219,0.2109066,0.2119858
240,0.03987147,0.5371617,0.211183,0.2117839
241,0.03827935,0.5503618,0.2082374,0.2031215
242,0.03729473,0.5557347,0.2091637,0.1978068
243,0.03674734,0.5575411,0.2107206,0.194991
244,0.03644555,0.5578551,0.2121564,0.1935429
245,0.03628563,0.5576259,0.2132179,0.1928706
246,0.03620632,0.5572725,0.2138922,0.192629
247,0.03617128,0.5569586,0.2142545,0.1926157
248,0.03615926,0.5567296,0.214398,0.1927132
249,0.03615809,0.5565814,0.2144053,0.1928552
250,0.0361614,0.5564943,0.2143359,0.1930084
251,0.03616591,0.5564469,0.214231,0.1931563
252,0.03617003,0.5564219,0.2141162,0.1932919
253,0.035679,0.5626994,0.2104782,0.1911434
254,0.03539534,0.5658959,0.2085889,0.1901199
255,0.03520482,0.5675182,0.2077953,0.1894816
256,0.03508528,0.5682727,0.2074858,0.1891562
257,0.03501153,0.5685716,0.2073937,0.1890232
258,0.03496564,0.5686393,0.207399,0.188996
259,0.03493599,0.5685933,0.2074503,0.1890204
260,0.03491534,0.5684925,0.2075283,0.189064
261,0.03489934,0.5683653,0.2076265,0.1891089
262,0.03488547,0.5682247,0.2077437,0.1891461
263,0.03487237,0.5680767,0.2078793,0.1891716
264,0.03485934,0.5679238,0.2080323,0.1891845
265,0.03815434,0.5347435,0.2206384,0.2064637
266,0.04053209,0.515995,0.2251339,0.2183389
267,0.04215537,0.5060393,0.2258226,0.2259827
268,0.04318201,0.50125,0.2251925,0.2303755
269,0.0437867,0.4992612,0.2243893,0.2325629
270,0.04411872,0.4986556,0.2238206,0.2334052
271,0.04429054,0.4986603,0.2235176,0.2335316
272,0.0443802,0.4989005,0.2233525,0.2333667
273,0.04443815,0.4992244,0.2231605,0.2331771
274,0.04449365,0.4995889,0.2228088,0.2331086
275,0.04456158,0.4999952,0.2222171,0.2332262
276,0.04464648,0.5004532,0.2213647,0.2335357
277,0.04583967,0.4920591,0.2222664,0.2398349
278,0.04674293,0.4880002,0.2206384,0.2446183
279,0.04736538,0.4864207,0.2183747,0.2478392
280,0.04778556,0.4861829,0.2160809,0.2499507
281,0.04806584,0.486601,0.2140302,0.2513031
282,0.04825263,0.4872844,0.2123102,0.2521528
283,0.04837856,0.4880258,0.2109183,0.2526773
284,0.04846548,0.4887259,0.209815,0.2529936
285,0.04852739,0.4893456,0.2089514,0.2531757
286,0.04857315,0.4898765,0.2082806,0.2532698
287,0.04860825,0.4903248,0.2077626,0.2533043
288,0.04863598,0.4907021,0.2073655,0.2532964
289,0.04424678,0.5291269,0.1959426,0.2306836
290,0.04174939,0.5455748,0.1944595,0.2182163
291,0.04036885,0.5521346,0.1958482,0.2116484
292,0.03959925,0.5542957,0.1978822,0.2082229
293,0.03917143,0.5545834,0.1997507,0.2064945
294,0.03893562,0.5541632,0.2012265,0.2056746
295,0.0388065,0.5535527,0.2023151,0.2053256
296,0.0387351,0.5529597,0.2031003,0.2052049
297,0.03869359,0.5524493,0.2036769,0.2051802
298,0.03866649,0.5520259,0.2041249,0.2051827
299,0.03864537,0.5516719,0.2045045,0.2051781
300,0.0386258,0.5513662,0.2048571,0.2051509
301,0.03506302,0.5831809,0.1951948,0.1865612
302,0.03313507,0.5946972,0.1953209,0.1768469
303,0.0320887,0.598152,0.1978644,0.171895
304,0.0315087,0.5983846,0.2007036,0.169403
305,0.0311836,0.5974643,0.203137,0.1682151
306,0.03099864,0.5962598,0.2050283,0.1677132
307,0.03088989,0.5951027,0.2064477,0.1675598
308,0.03082166,0.5940898,0.2075173,0.1675712
309,0.03077427,0.5932237,0.2083519,0.1676502
310,0.03073687,0.5924754,0.2090423,0.1677454
311,0.03070391,0.5918118,0.2096509,0.1678333
312,0.03067269,0.5912061,0.2102163,0.1679049
313,0.03534894,0.5439796,0.2274094,0.1932621
314,0.03908291,0.515835,0.2320998,0.2129822
315,0.04178047,0.500315,0.2313697,0.2265348
316,0.04357782,0.4927038,0.2287763,0.2349421
317,0.04468211,0.4896061,0.2261714,0.2395404
318,0.04530511,0.488809,0.2242741,0.2416117
319,0.04562427,0.4890177,0.2231712,0.2421868
320,0.04577115,0.4895679,0.2226543,0.2420067
321,0.04583568,0.49018,0.2224188,0.2415656
322,0.04587344,0.4907783,0.2221911,0.2411571
323,0.04591593,0.4913732,0.2217732,0.2409378
324,0.04597778,0.4919962,0.2210588,0.2409673
325,0.04560986,0.4969942,0.2184234,0.2389726
326,0.04542531,0.5000201,0.2164603,0.2380944
327,0.04535177,0.5019992,0.2147981,0.237851
328,0.04534828,0.5033983,0.21326,0.2379934
329,0.04538288,0.5044704,0.2118221,0.2383246
330,0.04543433,0.5053433,0.2105073,0.238715
331,0.04548993,0.5060782,0.2093429,0.2390889
332,0.04554269,0.5067042,0.2083458,0.2394073
333,0.0455893,0.5072368,0.2075197,0.2396543
334,0.04562921,0.5076857,0.2068525,0.2398326
335,0.04566279,0.5080607,0.2063267,0.2399499
336,0.04569071,0.5083715,0.2059227,0.240015
337,0.04606222,0.5055076,0.2066125,0.2418176
338,0.04631326,0.5040749,0.2066727,0.2429391
339,0.04647637,0.5034276,0.2065173,0.2435787
340,0.04657876,0.5032004,0.2063279,0.2438929
341,0.04664049,0.5031809,0.2061847,0.2439939
342,0.04667542,0.5032508,0.2061169,0.2439568
343,0.04669273,0.5033479,0.2061295,0.2438298
344,0.04669835,0.5034418,0.2062167,0.2436431
345,0.04669615,0.5035192,0.2063688,0.2434158
346,0.04668833,0.5035762,0.2065773,0.2431581
347,0.04667646,0.5036125,0.2068334,0.2428777
348,0.04666167,0.5036297,0.2071282,0.2425805
349,0.03896314,0.5672441,0.1913757,0.202417
350,0.03520881,0.5872549,0.1942419,0.1832943
351,0.03336852,0.5924369,0.1997804,0.1744141
352,0.03241317,0.5924971,0.2049242,0.1701655
353,0.03190977,0.5909755,0.2088909,0.1682237
354,0.03164407,0.589211,0.2116945,0.1674504
355,0.03150272,0.5876533,0.2135927,0.1672513
356,0.03142447,0.5863943,0.2148691,0.1673121
357,0.03137647,0.5853962,0.2157579,0.1674695
358,0.03134136,0.5845879,0.2164293,0.1676415
359,0.03131042,0.5839025,0.2169964,0.1677906
360,0.03127951,0.5832896,0.2175286,0.1679023
361,0.03529324,0.5442436,0.2308626,0.1896006
362,0.03843123,0.5221483,0.2331257,0.2062947
363,0.04061145,0.5107002,0.2313371,0.2173513
364,0.04201188,0.5055881,0.228417,0.2239832
365,0.04284012,0.5038657,0.2258151,0.2274791
366,0.04328523,0.5037219,0.2240358,0.228957
367,0.04349506,0.5041619,0.2230798,0.2292633
368,0.04357374,0.5047148,0.222733,0.2289785
369,0.04358972,0.5052094,0.2227253,0.2284757
370,0.04358632,0.5056243,0.2228015,0.2279879
371,0.04358915,0.5059996,0.2227619,0.2276493
372,0.04361163,0.5063869,0.2224754,0.227526
373,0.04421847,0.5016585,0.2236476,0.2304754
374,0.04466033,0.4994921,0.2232478,0.2325997
375,0.04498449,0.4987579,0.2220932,0.2341644
376,0.0452291,0.4988209,0.2205795,0.2353704
377,0.04542033,0.4993031,0.2189311,0.2363454
378,0.04557437,0.4999831,0.2172833,0.2371593
379,0.04570086,0.5007321,0.215721,0.2378459
380,0.0458056,0.5014765,0.2142961,0.2384218
381,0.04589243,0.5021749,0.2130362,0.2388965
382,0.04596398,0.5028062,0.2119532,0.2392765
383,0.04602258,0.5033619,0.2110449,0.2395706
384,0.04607037,0.5038412,0.2102992,0.2397892
385,0.04622437,0.503423,0.2097749,0.2405778
386,0.04633648,0.5033717,0.209172,0.2411198
387,0.04641129,0.5035011,0.2086527,0.2414349
388,0.04646055,0.5036987,0.2082459,0.2415949
389,0.04649229,0.5039064,0.2079534,0.2416479
390,0.04651169,0.5040969,0.2077667,0.2416246
391,0.046522,0.5042596,0.2076749,0.2415435
392,0.04652504,0.5043918,0.2076687,0.2414146
393,0.04652185,0.5044938,0.2077412,0.2412431
394,0.0465133,0.5045677,0.207885,0.2410339
395,0.04649998,0.5046158,0.2080938,0.2407903
396,0.04648234,0.5046406,0.2083619,0.2405151
397,0.04774539,0.4951987,0.2098913,0.2471647
398,0.04865346,0.4903822,0.20909,0.2518743
399,0.04921373,0.4882756,0.2079382,0.2545726
400,0.04954176,0.4875984,0.2068871,0.2559728
401,0.04971967,0.4876057,0.2061157,0.2565589
402,0.04980498,0.4878881,0.2056465,0.2566604
403,0.04983636,0.4882392,0.2054312,0.2564932
404,0.04983884,0.4885681,0.2053982,0.2561949
405,0.04982809,0.4888467,0.2054751,0.2558502
406,0.0498134,0.4890761,0.2056019,0.2555085
407,0.04980015,0.4892696,0.2057322,0.255198
408,0.04979121,0.4894429,0.2058325,0.2549334
409,0.04399817,0.5377129,0.1929152,0.2253737
410,0.04086602,0.5566942,0.1925664,0.2098734
411,0.03921841,0.5635328,0.1950971,0.2021517
412,0.03833281,0.5653925,0.1979534,0.1983213
413,0.03785827,0.5653045,0.2003152,0.1965221
414,0.03760752,0.5645806,0.2020361,0.1957758
415,0.03747693,0.5637604,0.2032105,0.1955522
416,0.03740855,0.563035,0.2039926,0.1955639
417,0.03737026,0.562445,0.2045259,0.1956588
418,0.03734469,0.561974,0.2049215,0.1957597
419,0.03732267,0.5615901,0.2052567,0.1958306
420,0.03729966,0.5612628,0.2055809,0.1958567
421,0.03754453,0.5582653,0.2070046,0.1971855
422,0.03768253,0.5566633,0.2077557,0.1978985
423,0.03775363,0.5557758,0.2082253,0.1982452
424,0.03777811,0.5552564,0.20863,0.1983355
425,0.03777284,0.554913,0.2090495,0.1982647
426,0.03774991,0.5546481,0.2095011,0.1981009
427,0.03771766,0.5544175,0.2099729,0.1978918
428,0.03768195,0.5542051,0.2104412,0.1976717
429,0.03764699,0.5540087,0.2108784,0.1974659
430,0.03761595,0.5538324,0.2112568,0.1972948
431,0.03759115,0.5536826,0.2115527,0.1971736
432,0.03757415,0.553565,0.2117477,0.1971131
433,0.04088024,0.5215479,0.2236965,0.2138753
434,0.04325265,0.5033411,0.2280948,0.2253114
435,0.04488725,0.4935551,0.2287646,0.232793
436,0.04593437,0.4887789,0.2280794,0.2372074
437,0.04657336,0.4867725,0.2270577,0.2395965
438,0.04695638,0.4861885,0.2260432,0.2408119
439,0.04719661,0.4862854,0.225052,0.241466
440,0.04737043,0.4866942,0.2239776,0.2419577
441,0.04752371,0.4872532,0.2227097,0.2425134
442,0.04767729,0.4879003,0.2212073,0.2432151
443,0.04783595,0.4886091,0.2195009,0.244054
444,0.04799496,0.4893591,0.2176789,0.2449671
445,0.04812584,0.4884357,0.2181027,0.2453358
446,0.04817237,0.4879162,0.218706,0.2452053
447,0.04822206,0.4875567,0.2190463,0.2451748
448,0.0482696,0.4873212,0.219222,0.2451872
449,0.04831515,0.487175,0.2192802,0.2452296
450,0.04835889,0.4870938,0.2192541,0.2452932
451,0.04840075,0.4870596,0.2191695,0.2453701
452,0.04844041,0.4870595,0.2190476,0.2454525
453,0.04847742,0.4870834,0.2189061,0.245533
454,0.04851175,0.4871233,0.2187567,0.2456083
455,0.04854335,0.487173,0.218608,0.2456756
456,0.04857218,0.4872286,0.2184664,0.2457329
457,0.04822639,0.4935881,0.2134891,0.2446965
458,0.04816221,0.4977253,0.2087885,0.2453239
459,0.04809159,0.5006131,0.2056632,0.2456321
460,0.04802147,0.5026194,0.203638,0.2457211
461,0.04795831,0.5039795,0.2023779,0.2456843
462,0.04790448,0.5048726,0.2016435,0.2455793
463,0.04785907,0.5054367,0.2012714,0.2454329
464,0.04781954,0.5057736,0.2011537,0.2452531
465,0.04778299,0.5059562,0.2012217,0.2450392
466,0.04774679,0.506034,0.201432,0.2447872
467,0.04770884,0.5060403,0.2017579,0.2444928
468,0.04766713,0.5059943,0.202189,0.2441496
469,0.04159425,0.5555638,0.1897623,0.2130796
470,0.0383954,0.5733957,0.1910699,0.197139
471,0.03673265,0.5788947,0.1951105,0.1892621
472,0.03583467,0.5796381,0.1992271,0.1853002
473,0.03534246,0.5786888,0.2026149,0.1833539
474,0.03506979,0.5773116,0.2051653,0.1824533
475,0.03491515,0.5759902,0.2070144,0.1820801
476,0.03482236,0.5748693,0.2083529,0.1819554
477,0.03476061,0.5739562,0.2093514,0.1819318
478,0.03471329,0.5732107,0.2101414,0.1819346
479,0.03467208,0.5725865,0.2108102,0.1819311
480,0.03463316,0.5720458,0.2114107,0.1819104
481,0.03699564,0.5508891,0.217472,0.1946432
482,0.03869658,0.5401011,0.2174696,0.2037328
483,0.03977487,0.5352386,0.2157429,0.2092437
484,0.04042163,0.5335096,0.2137037,0.212365
485,0.04078224,0.5332653,0.212005,0.2139474
486,0.04096446,0.5336059,0.2108273,0.2146024
487,0.04104213,0.53409,0.2101288,0.2147391
488,0.04106291,0.5345341,0.2097873,0.2146158
489,0.04105634,0.5348854,0.2096681,0.2143901
490,0.04103962,0.5351505,0.2096589,0.2141509
491,0.04102271,0.5353552,0.2096739,0.2139483
492,0.04101107,0.5355265,0.2096538,0.2138087
493,0.04222983,0.5249115,0.212818,0.2200406
494,0.04307198,0.51955,0.2131427,0.2242353
495,0.04361745,0.517121,0.212427,0.2268345
496,0.04396324,0.5162659,0.2113706,0.2284002
497,0.04418179,0.5161953,0.2102859,0.2293371
498,0.04432367,0.5164754,0.2092823,0.2299185
499,0.04442166,0.516883,0.2083807,0.2303148
500,0.04449518,0.5173114,0.2075734,0.23062
501,0.04455481,0.5177152,0.2068501,0.2308798
502,0.04460688,0.5180778,0.2061959,0.2311194
503,0.04465409,0.5183967,0.2056036,0.2313456
504,0.04469742,0.5186751,0.2050702,0.2315573
505,0.04306561,0.5333648,0.2003497,0.2232199
506,0.04206618,0.5401393,0.1995376,0.2182568
507,0.04148838,0.5430219,0.1999578,0.2155319
508,0.04116284,0.544036,0.2006921,0.214109
509,0.04098558,0.5442111,0.201379,0.2134243
510,0.04089304,0.5440542,0.201913,0.2131397
511,0.04084696,0.5438008,0.202295,0.2130572
512,0.04082488,0.5435492,0.2025617,0.2130642
513,0.04081399,0.5433315,0.2027548,0.2130996
514,0.04080687,0.5431514,0.2029123,0.2131294
515,0.04079971,0.5430009,0.2030618,0.2131375
516,0.0407906,0.5428702,0.2032216,0.2131176
517,0.04076901,0.5426403,0.2036154,0.2129753
518,0.04074123,0.5423997,0.2040849,0.212774
519,0.04071993,0.5421568,0.2045072,0.2126161
520,0.04069893,0.5419313,0.2049111,0.2124586
521,0.04067691,0.5417245,0.2053058,0.2122928
522,0.04065356,0.5415338,0.2056953,0.2121173
523,0.04062908,0.541357,0.2060804,0.2119334
524,0.04060392,0.5411924,0.2064591,0.2117445
525,0.04057861,0.5410395,0.2068271,0.2115547
526,0.0405538,0.5408985,0.2071789,0.2113688
527,0.04053017,0.5407705,0.2075074,0.2111919
528,0.0405084,0.5406567,0.2078055,0.2110293
529,0.04074026,0.538513,0.2085325,0.2122142
530,0.04089251,0.5374916,0.2086395,0.2129764
531,0.0409789,0.5370645,0.2085834,0.2133731
532,0.04102745,0.5369288,0.2084704,0.2135734
533,0.04105452,0.5369285,0.208347,0.2136701
534,0.04107049,0.5369855,0.2082233,0.2137206
535,0.0410817,0.5370637,0.2080956,0.213759
536,0.04109173,0.5371476,0.2079574,0.2138034
537,0.04110235,0.5372322,0.207804,0.2138615
538,0.0411142,0.537316,0.2076348,0.213935
539,0.04112731,0.5373989,0.207452,0.2140217
540,0.04114129,0.5374808,0.20726,0.2141179
541,0.04236267,0.5267293,0.2105378,0.2203701
542,0.04319901,0.5212322,0.2110436,0.2245251
543,0.04373968,0.5186509,0.2105177,0.2270917
544,0.04407468,0.5176436,0.2097006,0.2285811
545,0.04427503,0.5174211,0.2089159,0.2293881
546,0.0443916,0.5175472,0.2082731,0.2297881
547,0.04445847,0.5177979,0.2077829,0.2299607
548,0.0444972,0.518069,0.2074183,0.2300156
549,0.04452083,0.5183185,0.2071442,0.2300165
550,0.04453697,0.5185356,0.206929,0.2299984
551,0.04454974,0.5187225,0.206749,0.2299787
552,0.04456125,0.5188856,0.2065887,0.2299646
553,0.04449979,0.5195433,0.2063946,0.2295624
554,0.04445957,0.51989,0.2063751,0.2292754
555,0.04444169,0.520072,0.2063621,0.2291242
556,0.0444362,0.5201803,0.2063374,0.2290462
557,0.0444378,0.5202586,0.2062938,0.2290099
558,0.04444316,0.5203277,0.2062335,0.2289956
559,0.04445015,0.5203965,0.2061625,0.2289909
560,0.04445744,0.5204672,0.2060874,0.2289879
561,0.04446438,0.5205394,0.2060136,0.2289826
562,0.04447063,0.5206117,0.2059444,0.2289732
563,0.04447608,0.5206829,0.2058818,0.2289591
564,0.04448071,0.5207521,0.2058268,0.2289403
565,0.04664507,0.5023476,0.2111001,0.2399071
566,0.048198,0.4921865,0.2120843,0.2475311
567,0.04923049,0.4869584,0.2114753,0.2523359
568,0.04988379,0.4845796,0.2103837,0.2551529
569,0.05027806,0.4837379,0.2093224,0.2566617
570,0.05050645,0.4836538,0.2084667,0.257373
571,0.05063548,0.4838963,0.2078268,0.2576414
572,0.05070953,0.4842473,0.2073474,0.2576958
573,0.05075642,0.4846098,0.2069599,0.2576739
574,0.05079215,0.4849498,0.2066085,0.2576496
575,0.05082529,0.4852623,0.2062548,0.2576577
576,0.05085967,0.4855528,0.2058787,0.2577088
577,0.04733089,0.5153394,0.1973755,0.2399542
578,0.04523338,0.5289027,0.1961372,0.2297267
579,0.04405376,0.5346712,0.1970028,0.2242723
580,0.04339783,0.5368136,0.198319,0.2214696
581,0.04304129,0.5373472,0.1994823,0.2201292
582,0.04285346,0.5372388,0.2003383,0.2195695
583,0.04275795,0.536931,0.2009088,0.2194022
584,0.04271058,0.5366085,0.2012709,0.2194101
585,0.04268628,0.5363324,0.2015053,0.219476
586,0.04267129,0.5361114,0.2016772,0.2195401
587,0.04265825,0.5359343,0.2018338,0.2195736
588,0.04264343,0.5357851,0.2020067,0.2195648
589,0.04194919,0.5416459,0.2002896,0.2161154
590,0.04150158,0.5443506,0.2001883,0.2139596
591,0.04121864,0.5454503,0.2006846,0.2126464
592,0.04103924,0.5457468,0.2013675,0.2118465
593,0.04092228,0.5456693,0.202067,0.2113414
594,0.04084157,0.545437,0.2027264,0.210995
595,0.04078105,0.545155,0.2033373,0.2107267
596,0.04073128,0.5448695,0.2039077,0.2104916
597,0.04068705,0.544598,0.2044477,0.2102673
598,0.0406458,0.5443451,0.2049643,0.2100449
599,0.04060669,0.5441101,0.2054586,0.2098246
600,0.04056991,0.5438919,0.2059263,0.209612
601,0.04021407,0.5463256,0.2057274,0.207733
602,0.03997602,0.5473242,0.2062079,0.2064918
603,0.03983117,0.5476106,0.2067841,0.2057741
604,0.03974402,0.5475811,0.2073012,0.2053736
605,0.03969465,0.5474332,0.2076905,0.2051816
606,0.03967036,0.5472626,0.2079371,0.20513
607,0.03966293,0.5471115,0.2080504,0.2051751
608,0.03966708,0.5469941,0.2080499,0.2052889
609,0.03967921,0.5469117,0.2079574,0.2054518
610,0.03969659,0.5468597,0.2077957,0.205648
611,0.03971709,0.5468318,0.2075867,0.2058644
612,0.03973895,0.5468213,0.2073501,0.2060897
613,0.04267753,0.5209724,0.2151168,0.2212334
614,0.04483797,0.506702,0.2163466,0.2321134
615,0.04630305,0.4994115,0.2151029,0.2391826
616,0.04724335,0.4961822,0.2131092,0.2434652
617,0.04781594,0.4951362,0.2111885,0.2458595
618,0.04814833,0.4951434,0.2096379,0.2470704
619,0.04833387,0.4955767,0.2084908,0.2475987
620,0.04843569,0.4961205,0.2076716,0.2477723
621,0.04849367,0.4966379,0.2070781,0.2477905
622,0.04853164,0.497084,0.206618,0.2477663
623,0.04856274,0.4974575,0.2062228,0.2477569
624,0.04859336,0.4977725,0.2058489,0.2477852
625,0.04662117,0.5149635,0.2006281,0.2377872
626,0.04540459,0.5232312,0.1995486,0.2318155
627,0.04469793,0.5269784,0.1998029,0.2285208
628,0.04430091,0.5284972,0.2003922,0.2268096
629,0.04408741,0.5289765,0.2009331,0.226003
630,0.04397923,0.5290144,0.2013192,0.2256871
631,0.04392884,0.5288972,0.2015572,0.2256167
632,0.04390796,0.5287501,0.201691,0.2256509
633,0.04390029,0.5286192,0.2017683,0.2257121
634,0.04389683,0.5285145,0.2018279,0.2257608
635,0.04389288,0.5284314,0.2018973,0.2257784
636,0.04388616,0.5283617,0.2019938,0.2257584
637,0.04408282,0.5264995,0.2026713,0.2267464
638,0.04420202,0.5255141,0.2029934,0.2272905
639,0.04426799,0.5249987,0.2031914,0.2275419
640,0.04429731,0.52473,0.2033789,0.2275937
641,0.04430275,0.5245808,0.2035986,0.2275178
642,0.04429333,0.5244833,0.2038593,0.227364
643,0.04427517,0.5244046,0.2041539,0.2271663
644,0.04425244,0.5243309,0.2044688,0.2269478
645,0.0442281,0.5242582,0.2047883,0.2267254
646,0.04420419,0.5241873,0.2050972,0.2265112
647,0.04418225,0.5241213,0.2053817,0.2263147
648,0.04416347,0.5240632,0.2056297,0.2261436
649,0.04161065,0.545885,0.1992971,0.2132073
650,0.04010875,0.5552438,0.1988041,0.2058434
651,0.039258,0.5588801,0.1999626,0.2018993
652,0.03878338,0.5599381,0.2013915,0.1998871
653,0.03852544,0.5599216,0.2025983,0.1989547
654,0.03839014,0.5595303,0.2034727,0.1986069
655,0.03832214,0.559068,0.2040523,0.1985577
656,0.03828923,0.5586485,0.2044172,0.1986451
657,0.03827306,0.5583,0.2046469,0.19878
658,0.03826344,0.5580157,0.2048051,0.1989158
659,0.03825502,0.5577782,0.204937,0.1990298
660,0.03824509,0.5575704,0.2050724,0.1991122
661,0.0383126,0.5568159,0.2052681,0.1996033
662,0.03835153,0.5564264,0.2052936,0.1999285
663,0.0383626,0.5562096,0.2053525,0.2000752
664,0.03835754,0.5560586,0.2054658,0.200118
665,0.03834227,0.5559248,0.2056402,0.2000927
666,0.03832061,0.5557871,0.2058697,0.2000225
667,0.03829512,0.555639,0.2061427,0.1999232
668,0.03826763,0.5554804,0.2064454,0.1998065
669,0.03823952,0.5553145,0.206764,0.199682
670,0.03821192,0.5551454,0.2070851,0.1995576
671,0.03818581,0.5549772,0.2073961,0.1994407
672,0.03816209,0.5548143,0.2076854,0.1993382
673,0.03812186,0.5544978,0.2082947,0.1990857
674,0.03808342,0.554203,0.20887,0.1988436
675,0.0380652,0.5539308,0.2092537,0.1987503
676,0.03805486,0.5537105,0.2095166,0.1987181
677,0.0380507,0.5535387,0.2096761,0.1987345
678,0.03805195,0.5534087,0.2097455,0.1987938
679,0.038058,0.5533136,0.2097373,0.1988911
680,0.03806821,0.5532468,0.2096639,0.1990212
681,0.03808183,0.5532027,0.2095373,0.1991782
682,0.03809786,0.5531759,0.2093718,0.1993544
683,0.03811528,0.5531614,0.2091812,0.1995421
684,0.03813313,0.5531547,0.2089784,0.1997338
685,0.04001592,0.5361801,0.2142746,0.2095294
686,0.04133031,0.5273618,0.2151219,0.216186
687,0.0421868,0.523158,0.2143192,0.220336
688,0.04271786,0.5214666,0.2130617,0.2227539
689,0.04303278,0.5210307,0.2118773,0.2240593
690,0.0432124,0.5211502,0.2109398,0.2246976
691,0.04331195,0.5214656,0.2102578,0.2249647
692,0.04336678,0.5218113,0.209778,0.225044
693,0.04339829,0.5221236,0.2094364,0.2250417
694,0.04341912,0.5223877,0.2091755,0.2250175
695,0.04343608,0.5226092,0.2089536,0.2250012
696,0.04345255,0.5227991,0.2087438,0.2250045
697,0.04100196,0.5445905,0.2019536,0.2124539
698,0.03956519,0.5540379,0.2010594,0.2053374
699,0.03875538,0.5578104,0.201886,0.2015482
700,0.03830593,0.5590088,0.2030614,0.1996238
701,0.03806273,0.5591183,0.2040883,0.1987307
702,0.0379352,0.5588325,0.2048455,0.1983867
703,0.03787033,0.5584554,0.2053581,0.1983161
704,0.0378374,0.5581035,0.2056953,0.1983638
705,0.03781904,0.5578076,0.205928,0.1984455
706,0.03780572,0.5575637,0.2061128,0.1985178
707,0.03779241,0.5573575,0.2062902,0.1985598
708,0.03777663,0.5571733,0.2064869,0.1985631
709,0.03874021,0.5480304,0.2096289,0.2036005
710,0.03936933,0.543454,0.2104014,0.2067752
711,0.03974933,0.5413161,0.2103582,0.2085763
712,0.0399606,0.5404291,0.2101431,0.2094672
713,0.0400636,0.5401257,0.2100217,0.2097889
714,0.04010077,0.5400561,0.2100662,0.2097769
715,0.04010056,0.5400537,0.2102592,0.2095866
716,0.04008159,0.5400508,0.2105483,0.2093193
717,0.040056,0.5400295,0.2108733,0.2090412
718,0.0400316,0.5399945,0.2111783,0.2087956
719,0.04001339,0.5399582,0.2114179,0.2086104
720,0.04000428,0.5399342,0.2115593,0.2085022
721,0.04144116,0.5270197,0.2157029,0.2158362
722,0.04243695,0.5203543,0.2164428,0.2207659
723,0.04308888,0.5172024,0.2158567,0.2238521
724,0.04350438,0.5159593,0.2148212,0.225715
725,0.04376823,0.5156825,0.2137187,0.2268306
726,0.04394051,0.5158522,0.2126824,0.2275248
727,0.04406023,0.5162008,0.2117379,0.2280011
728,0.04415076,0.5166013,0.2108742,0.2283738
729,0.04422495,0.5169992,0.2100763,0.2286996
730,0.04428913,0.5173753,0.2093352,0.2290003
731,0.04434599,0.5177245,0.2086495,0.22928
732,0.04439638,0.5180468,0.208022,0.2295348
733,0.04204085,0.5392434,0.2011684,0.2175473
734,0.04064431,0.5486965,0.1999774,0.210682
735,0.0398486,0.5526223,0.2005441,0.2069851
736,0.03940095,0.5539793,0.2015465,0.2050732
737,0.03915339,0.5542123,0.2024859,0.2041485
738,0.03901843,0.5540099,0.2032235,0.2037482
739,0.03894465,0.5536825,0.2037658,0.203607
740,0.03890216,0.5533549,0.2041674,0.2035756
741,0.03887387,0.5530655,0.2044884,0.2035722
742,0.03885033,0.552816,0.2047794,0.2035543
743,0.03882644,0.5525952,0.2050776,0.2035008
744,0.03879962,0.55239,0.2054076,0.2034028
745,0.04204076,0.5227513,0.2150807,0.2201273
746,0.04442311,0.5060284,0.2175211,0.2320275
747,0.04602542,0.4972399,0.2171556,0.2395791
748,0.04702279,0.4931332,0.215983,0.243861
749,0.04758808,0.4915676,0.214961,0.2458834
750,0.04786873,0.4912339,0.2144172,0.2464801
751,0.0479789,0.4914,0.214339,0.2462821
752,0.04800152,0.4917032,0.2145539,0.2457414
753,0.04799411,0.4919994,0.2148377,0.2451688
754,0.04799389,0.4922602,0.2149823,0.2447637
755,0.04802194,0.4925067,0.2148372,0.2446342
756,0.0480863,0.4927707,0.2143301,0.2448129
757,0.04652827,0.5072267,0.2092826,0.2369624
758,0.04560233,0.5143953,0.2074724,0.23253
759,0.0451054,0.5178757,0.2066333,0.2303856
760,0.04486543,0.5195292,0.2060359,0.2295695
761,0.04477021,0.5203223,0.2054469,0.2294605
762,0.04474984,0.520738,0.204835,0.2296772
763,0.04476308,0.5210016,0.2042342,0.2300011
764,0.04478713,0.5212067,0.2036882,0.230318
765,0.04481039,0.5213848,0.2032297,0.2305752
766,0.04482764,0.5215414,0.2028773,0.2307538
767,0.04483698,0.521673,0.2026381,0.2308519
768,0.04483815,0.521776,0.2025115,0.2308743
769,0.04197793,0.5463256,0.1953445,0.216352
770,0.04029253,0.5567976,0.1948704,0.2080395
771,0.03932947,0.5608044,0.1963565,0.2035097
772,0.03877659,0.5618943,0.1982595,0.2010696
773,0.03845762,0.5617566,0.2000073,0.1997786
774,0.03827038,0.5611787,0.2014499,0.199101
775,0.03815517,0.5605063,0.2026075,0.198731
776,0.03807736,0.5598717,0.2035547,0.1984963
777,0.03801721,0.5593097,0.2043707,0.1983025
778,0.03796385,0.5588154,0.2051198,0.198101
779,0.03791162,0.5583717,0.205847,0.1978697
780,0.03785805,0.557961,0.2065786,0.1976024
781,0.03777739,0.5577152,0.2073508,0.1971566
782,0.03770182,0.5573776,0.2082017,0.1967188
783,0.03763635,0.557,0.2090288,0.1963349
784,0.03757778,0.5566199,0.2098144,0.1959879
785,0.03752693,0.5562571,0.2105277,0.1956883
786,0.03748553,0.5559255,0.211137,0.195452
787,0.03745542,0.5556362,0.2116132,0.1952951
788,0.0374381,0.5553985,0.2119331,0.1952304
789,0.03743437,0.5552182,0.2120821,0.1952654
790,0.03744379,0.5550973,0.2120603,0.1953987
791,0.03746502,0.5550336,0.2118801,0.1956213
792,0.03749587,0.5550213,0.2115643,0.1959185
793,0.03861306,0.5455013,0.2140014,0.2018842
794,0.03938933,0.5409828,0.2136045,0.2060234
795,0.03988792,0.5391231,0.2123571,0.2086319
796,0.04020333,0.5386049,0.2109308,0.2102609
797,0.04040081,0.5386994,0.2096255,0.2112743
798,0.04052467,0.5390242,0.2085385,0.2119125
799,0.04060338,0.5393952,0.207676,0.2123254
800,0.04065445,0.5397334,0.2070104,0.2126018
801,0.04068825,0.5400124,0.2065072,0.2127922
802,0.04071094,0.5402299,0.2061337,0.2129255
803,0.04072601,0.5403932,0.2058637,0.2130171
804,0.04073545,0.5405117,0.2056773,0.2130755
805,0.03718538,0.5721055,0.1959309,0.1947782
806,0.03523661,0.584189,0.1954971,0.1850773
807,0.03417598,0.5882328,0.1974835,0.1801077
808,0.03359235,0.5889521,0.1998372,0.1776184
809,0.03327132,0.5884162,0.2018604,0.1764521
810,0.03309464,0.58752,0.2034058,0.1759795
811,0.03299569,0.5866204,0.2045307,0.1758532
812,0.03293688,0.5858326,0.2053484,0.1758821
813,0.03289729,0.5851702,0.2059688,0.1759637
814,0.03286545,0.5846106,0.2064795,0.1760445
815,0.03283532,0.5841235,0.2069427,0.1760985
816,0.03280387,0.5836822,0.2073992,0.1761147
817,0.03484813,0.5631729,0.2149696,0.1870093
818,0.03624657,0.5526707,0.2168511,0.1942317
819,0.03712868,0.5477391,0.2165858,0.1985464
820,0.03763907,0.5457464,0.2158004,0.2008142
821,0.03790328,0.5451431,0.215188,0.2017656
822,0.0380167,0.5450966,0.2149417,0.2019451
823,0.03804656,0.5452077,0.2150145,0.2017313
824,0.03803816,0.54532,0.2152643,0.2013776
825,0.03802113,0.545401,0.2155271,0.2010507
826,0.0380142,0.5454753,0.2156537,0.2008568
827,0.03802691,0.5455802,0.2155449,0.2008481
828,0.03806103,0.5457395,0.215173,0.2010265
829,0.03878741,0.5398639,0.2164596,0.2048892
830,0.03930478,0.5371875,0.2158607,0.207647
831,0.03965886,0.5362028,0.2146108,0.2095276
832,0.03990565,0.536071,0.2131738,0.2108497
833,0.04008241,0.5363298,0.2117729,0.2118149
834,0.04021304,0.5367371,0.2105034,0.2125465
835,0.0403121,0.5371731,0.2093996,0.2131152
836,0.04038826,0.5375833,0.2084678,0.2135606
837,0.04044685,0.5379458,0.2077019,0.2139055
838,0.04049157,0.5382546,0.2070872,0.2141666
839,0.040525,0.5385114,0.2066077,0.214356
840,0.04054905,0.5387206,0.2062472,0.2144831
841,0.03981448,0.5455019,0.204063,0.2106206
842,0.03935143,0.5486245,0.2037875,0.2082366
843,0.03907523,0.5499267,0.2041283,0.2068698
844,0.03891138,0.5503506,0.2046456,0.2060925
845,0.03881347,0.5503792,0.2051618,0.2056455
846,0.03875265,0.5502509,0.2056252,0.2053713
847,0.03871138,0.5500755,0.2060367,0.2051764
848,0.03867927,0.5498979,0.2064152,0.2050076
849,0.03865038,0.5497324,0.2067814,0.2048357
850,0.03862148,0.5495801,0.2071524,0.2046459
851,0.03859104,0.5494372,0.2075391,0.2044327
852,0.03855857,0.5492995,0.2079459,0.2041961
853,0.03933153,0.5418348,0.2106859,0.2081478
854,0.03983154,0.5381255,0.2114617,0.2105813
855,0.04012601,0.536419,0.2115786,0.2118765
856,0.04028516,0.5357375,0.2115325,0.2124449
857,0.04036059,0.5355385,0.2115185,0.2125824
858,0.04038854,0.5355411,0.2115766,0.2124937
859,0.04039332,0.5356137,0.2116784,0.2123146
860,0.0403906,0.5357039,0.2117736,0.2121319
861,0.04039011,0.535798,0.2118133,0.2119986
862,0.04039711,0.5358985,0.2117621,0.2119423
863,0.04041388,0.5360119,0.2116015,0.2119728
864,0.04044056,0.5361427,0.2113296,0.2120871
865,0.03767182,0.5617086,0.2027855,0.1978341
866,0.03611821,0.5721558,0.201577,0.190149
867,0.03526805,0.5760681,0.2024376,0.1862263
868,0.034811,0.5771466,0.2036835,0.1843589
869,0.03457266,0.5770891,0.204744,0.1835943
870,0.03445355,0.5766544,0.2054954,0.1833967
871,0.03439683,0.5761578,0.2059789,0.1834665
