EwEVersion,"6.5.13829.0 (compiled 2016-05-17)"
Date,"2016-09-06 18:45:08"
ModelName,Baltic_Proper-SEALS
EcosimScenario,Proper1_SealVuln100_19742100_seal0_cofF1
TimeSeries,new_data_weights_19742100_BAU_WAR1_codF1_seal0
StartYear,1974

Data,"Prey of Temora sp"

TimeStep,"Cyanobacteria","Phytoplankton","microzooplankton","Detritus-water column",
1,0.04225925,0.6065168,0.1818384,0.1693856
2,0.03843141,0.6257736,0.1810653,0.1547296
3,0.0365148,0.6314564,0.1842176,0.1478112
4,0.03551377,0.6320712,0.1878981,0.1445169
5,0.03498649,0.6309366,0.1910353,0.1430416
6,0.03471035,0.629393,0.1934095,0.1424873
7,0.03456669,0.6279414,0.1951074,0.1423845
8,0.03449095,0.6267245,0.1962997,0.1424848
9,0.03444798,0.6257406,0.1971526,0.1426588
10,0.03441905,0.6249409,0.1977991,0.142841
11,0.03439435,0.6242702,0.198335,0.1430005
12,0.03436902,0.623682,0.198825,0.1431241
13,0.03504702,0.6175472,0.2012598,0.146146
14,0.03547345,0.6146087,0.2018546,0.1480632
15,0.03571072,0.6132495,0.2019097,0.14913
16,0.03582743,0.6126233,0.2018863,0.1496628
17,0.03586937,0.6122901,0.2019731,0.1498673
18,0.03586669,0.6120398,0.2022164,0.1498771
19,0.03583881,0.6117858,0.2025973,0.1497781
20,0.03579811,0.6115038,0.2030724,0.1496255
21,0.03575266,0.611199,0.2035918,0.1494565
22,0.03570799,0.6108875,0.2041071,0.1492974
23,0.03566799,0.6105883,0.2045756,0.1491682
24,0.03563545,0.6103187,0.204962,0.1490838
25,0.03168523,0.6408312,0.1948486,0.132635
26,0.02964744,0.6499566,0.1960325,0.1243635
27,0.0286395,0.6517194,0.1990227,0.1206185
28,0.02812166,0.6510121,0.2018997,0.1189665
29,0.02786311,0.6496834,0.2040507,0.1184028
30,0.02774151,0.6484029,0.20546,0.1183956
31,0.02769012,0.6473576,0.2062961,0.1186562
32,0.02767263,0.6465501,0.2067477,0.1190296
33,0.02766973,0.6459256,0.2069694,0.1194354
34,0.02767111,0.6454219,0.2070757,0.1198313
35,0.02767179,0.6449879,0.2071419,0.1201985
36,0.02766954,0.6445873,0.2072133,0.1205297
37,0.02845109,0.6369651,0.2103782,0.1242056
38,0.02894338,0.6335509,0.2109403,0.1265653
39,0.02922915,0.6321344,0.2106663,0.1279702
40,0.02938368,0.6316023,0.2102372,0.1287767
41,0.02945792,0.6313975,0.2099236,0.129221
42,0.02948493,0.6312666,0.2097943,0.1294542
43,0.02948535,0.631112,0.209833,0.1295696
44,0.02947163,0.6309086,0.2099968,0.129623
45,0.02945112,0.6306612,0.2102404,0.1296472
46,0.0294286,0.6303865,0.2105206,0.1296643
47,0.02940696,0.6301019,0.2108028,0.1296883
48,0.02938797,0.6298229,0.2110611,0.1297279
49,0.03022137,0.6217711,0.2145301,0.1334775
50,0.03075722,0.6181589,0.2152077,0.1358762
51,0.0310782,0.6167275,0.214903,0.1372914
52,0.0312649,0.6163185,0.2143048,0.1381118
53,0.03137182,0.6163386,0.2136969,0.1385927
54,0.03143433,0.6165078,0.2131615,0.1388964
55,0.03147399,0.6167079,0.2126987,0.1391193
56,0.03150321,0.6168982,0.212284,0.1393147
57,0.03152856,0.6170697,0.2118927,0.139509
58,0.03155274,0.6172239,0.2115135,0.1397099
59,0.03157659,0.6173632,0.2111429,0.1399174
60,0.03160006,0.6174892,0.2107833,0.1401275
61,0.03194922,0.6139861,0.2123997,0.141665
62,0.03216113,0.6123073,0.2129683,0.1425634
63,0.03230232,0.6115549,0.2129701,0.1431727
64,0.03239315,0.6112732,0.2127598,0.1435739
65,0.03245207,0.6112143,0.2124862,0.1438474
66,0.03249156,0.6112514,0.2122104,0.1440466
67,0.03251944,0.6113232,0.2119536,0.1442037
68,0.03254034,0.6114015,0.2117212,0.144337
69,0.03255688,0.6114739,0.2115141,0.1444552
70,0.03257072,0.6115365,0.2113287,0.144564
71,0.03258265,0.6115885,0.2111632,0.1446657
72,0.03259307,0.6116302,0.2110162,0.1447606
73,0.03030401,0.6312862,0.203739,0.1346709
74,0.02904118,0.6380054,0.203701,0.1292524
75,0.02836676,0.6397136,0.2053659,0.1265537
76,0.02800392,0.6395266,0.2072059,0.1252636
77,0.02781017,0.6387452,0.2087269,0.1247177
78,0.02770728,0.6378844,0.209853,0.1245553
79,0.02765162,0.6371161,0.2106545,0.1245777
80,0.02761905,0.6364709,0.2112332,0.1246769
81,0.02759641,0.6359282,0.2116799,0.1247956
82,0.02757679,0.6354555,0.2120627,0.124905
83,0.02755669,0.6350243,0.2124275,0.1249915
84,0.02753453,0.6346131,0.2128023,0.1250501
85,0.02758659,0.6344588,0.2124017,0.125553
86,0.02762656,0.6344942,0.2118825,0.1259967
87,0.02762882,0.6345137,0.2116553,0.1262021
88,0.02761395,0.6344552,0.2116396,0.1262912
89,0.02758897,0.6343101,0.2117956,0.1263053
90,0.02755711,0.6340894,0.2120894,0.1262641
91,0.02752015,0.6338085,0.212492,0.1261793
92,0.02747921,0.6334829,0.2129785,0.1260593
93,0.0274353,0.6331269,0.2135259,0.1259119
94,0.02738957,0.6327533,0.2141115,0.1257457
95,0.02734348,0.6323741,0.2147113,0.1255712
96,0.0272988,0.6320019,0.2152984,0.1254009
97,0.02674976,0.6367371,0.2135377,0.1229753
98,0.02642289,0.6384377,0.2135248,0.1216147
99,0.02622928,0.6388438,0.21404,0.1208869
100,0.02611996,0.6387477,0.2145708,0.1205615
101,0.0260634,0.6385121,0.214935,0.1204894
102,0.02604019,0.6382877,0.2150927,0.1205793
103,0.02603832,0.6381235,0.2150642,0.120774
104,0.02605009,0.6380225,0.2148913,0.1210361
105,0.02607037,0.63797,0.2146201,0.1213396
106,0.02609539,0.6379458,0.2142948,0.121664
107,0.02612229,0.6379318,0.213953,0.121993
108,0.02614889,0.6379134,0.2136239,0.1223138
109,0.02715873,0.628536,0.2170939,0.1272114
110,0.02782937,0.6245598,0.2171495,0.1304615
111,0.02823783,0.6231818,0.2161831,0.1323974
112,0.02847922,0.6229626,0.2150435,0.1335147
113,0.02861697,0.6231715,0.2140788,0.1341327
114,0.02869282,0.6234723,0.2133772,0.1344577
115,0.02873287,0.6237319,0.2129185,0.1346167
116,0.02875281,0.6239138,0.2126483,0.1346851
117,0.02876174,0.6240219,0.2125105,0.1347058
118,0.02876473,0.6240725,0.2124609,0.1347019
119,0.02876464,0.6240831,0.212466,0.1346863
120,0.02876306,0.6240683,0.2125027,0.134666
121,0.02840233,0.6271316,0.2115198,0.1329463
122,0.02817755,0.628211,0.2117312,0.1318802
123,0.02805204,0.6284446,0.2121859,0.1313175
124,0.02798159,0.628346,0.2126468,0.1310256
125,0.02794281,0.628147,0.2130232,0.130887
126,0.02792186,0.6279442,0.213301,0.130833
127,0.02791063,0.6277705,0.2134951,0.1308238
128,0.02790448,0.6276315,0.2136271,0.130837
129,0.02790091,0.6275222,0.2137164,0.1308605
130,0.02789854,0.6274354,0.2137778,0.1308881
131,0.02789668,0.6273651,0.2138216,0.1309167
132,0.02789495,0.627306,0.2138545,0.1309446
133,0.03065085,0.5983096,0.2276385,0.143401
134,0.03256272,0.5828113,0.2330687,0.1515572
135,0.03383421,0.5752503,0.2342731,0.1566423
136,0.03461134,0.5720225,0.2339525,0.1594136
137,0.03505505,0.5709563,0.2332959,0.1606926
138,0.03529408,0.5708637,0.2327275,0.1611148
139,0.03541951,0.5711621,0.2323028,0.1611156
140,0.03549045,0.5716034,0.2319381,0.1609682
141,0.03554242,0.5721021,0.2315258,0.1608296
142,0.03559602,0.5726427,0.2309755,0.1607859
143,0.03566169,0.5732319,0.2302314,0.160875
144,0.03574385,0.5738793,0.2292692,0.1611076
145,0.03195019,0.6100616,0.2137857,0.1442025
146,0.03004842,0.6233385,0.2105124,0.1361008
147,0.0290988,0.6281919,0.2103016,0.1324077
148,0.02862046,0.6297182,0.2108356,0.1308258
149,0.02838237,0.6299728,0.2113831,0.1302617
150,0.02826682,0.6298009,0.2117612,0.1301711
151,0.02821266,0.6295305,0.2119744,0.1302824
152,0.02818824,0.6292706,0.2120769,0.1304643
153,0.02817729,0.6290432,0.2121239,0.1306557
154,0.02817148,0.6288409,0.2121578,0.1308299
155,0.02816665,0.6286498,0.2122072,0.1309763
156,0.0281607,0.6284574,0.2122902,0.1310916
157,0.03472828,0.5643542,0.2396912,0.1612262
158,0.04058484,0.5214307,0.2505952,0.1873892
159,0.04530258,0.4943511,0.2528248,0.2075215
160,0.04879257,0.4786166,0.2510624,0.2215284
161,0.05116981,0.4703908,0.2481977,0.2302417
162,0.05265837,0.4667406,0.2456858,0.2349152
163,0.05350786,0.4656242,0.244039,0.2368289
164,0.05394024,0.4657603,0.2432369,0.2370626
165,0.05412736,0.4664369,0.2430176,0.2364182
166,0.05419026,0.4673142,0.2430564,0.2354392
167,0.05420844,0.4682622,0.2430615,0.2344679
168,0.05423032,0.4692501,0.2428192,0.2337003
169,0.04855016,0.517,0.2255256,0.2089243
170,0.04541731,0.5389423,0.2198619,0.1957784
171,0.04405222,0.5494581,0.2156175,0.1908723
172,0.04341232,0.5552698,0.2122164,0.1891014
173,0.04309561,0.5586368,0.2097554,0.1885122
174,0.04294924,0.5606991,0.2079123,0.1884394
175,0.04288836,0.5620317,0.2065428,0.1885371
176,0.04286762,0.5629374,0.2055509,0.1886442
177,0.04286428,0.5635803,0.2048554,0.1887
178,0.04286774,0.5640528,0.2043864,0.1886932
179,0.04287312,0.5644094,0.2040873,0.1886301
180,0.04287818,0.5646853,0.2039154,0.1885212
181,0.04130099,0.5781646,0.1989375,0.181597
182,0.04033046,0.5844141,0.197866,0.1773895
183,0.03975451,0.587108,0.1982099,0.1749275
184,0.03941651,0.588079,0.1990123,0.1734921
185,0.03921933,0.5882666,0.1998706,0.1726435
186,0.0391033,0.5881365,0.2006438,0.1721164
187,0.03903221,0.5879067,0.2013078,0.1717532
188,0.03898433,0.5876689,0.2018846,0.1714621
189,0.03894685,0.5874543,0.202409,0.1711899
190,0.03891242,0.5872657,0.2029139,0.170908
191,0.03887689,0.5870962,0.2034263,0.1706006
192,0.038838,0.5869362,0.2039658,0.1702601
193,0.03790483,0.5944883,0.2015148,0.166092
194,0.03731602,0.5977969,0.2014186,0.1634685
195,0.03694727,0.5990524,0.2021876,0.1618126
196,0.03671444,0.5993343,0.2032092,0.1607421
197,0.03656368,0.5991977,0.2042227,0.1600159
198,0.03646185,0.5989167,0.2051319,0.1594897
199,0.03638925,0.598618,0.2059122,0.1590807
200,0.03633462,0.5983545,0.2065666,0.1587442
201,0.03629191,0.5981442,0.2071051,0.1584587
202,0.03625831,0.5979899,0.2075354,0.1582164
203,0.03623264,0.5978888,0.2078624,0.1580161
204,0.03621457,0.5978369,0.2080894,0.1578592
205,0.04006597,0.5647874,0.2208415,0.1743051
206,0.04298522,0.5459951,0.2246092,0.1864105
207,0.04501963,0.5361235,0.2244169,0.1944399
208,0.04635154,0.5316222,0.2226805,0.1993458
209,0.04717795,0.5301,0.2206309,0.2020911
210,0.04767157,0.5300758,0.2187681,0.2034846
211,0.0479641,0.530709,0.2172056,0.2041214
212,0.04814628,0.5315692,0.2158874,0.2043971
213,0.04827527,0.5324629,0.2147123,0.2045496
214,0.04838157,0.5333192,0.2136071,0.2046922
215,0.04847981,0.5341198,0.2125326,0.2048678
216,0.04857495,0.5348655,0.2114813,0.2050782
217,0.04356259,0.5754304,0.1969627,0.1840443
218,0.04081399,0.5921867,0.1941646,0.1728347
219,0.03934526,0.5987105,0.1948309,0.1671133
220,0.03855472,0.6008199,0.1963971,0.1642283
221,0.03813424,0.6011029,0.1979249,0.162838
222,0.03791652,0.6007254,0.1991314,0.1622268
223,0.03780838,0.6001912,0.1999938,0.1620067
224,0.03775772,0.5996954,0.2005784,0.1619686
225,0.03773561,0.5992929,0.2009693,0.1620021
226,0.03772626,0.5989819,0.2012408,0.162051
227,0.0377213,0.5987409,0.2014494,0.1620885
228,0.03771648,0.598546,0.2016347,0.1621029
229,0.03845241,0.5916029,0.2048213,0.1651234
230,0.03891934,0.5880435,0.2061103,0.1669268
231,0.03920747,0.5862758,0.2065587,0.167958
232,0.03937257,0.5854443,0.2067178,0.1684653
233,0.03945801,0.5850636,0.2068371,0.1686413
234,0.03949425,0.5848758,0.2070108,0.1686192
235,0.0395015,0.5847553,0.2072571,0.1684861
236,0.03949277,0.5846486,0.2075612,0.1682975
237,0.0394763,0.5845395,0.207896,0.1680882
238,0.0394573,0.5844293,0.2082326,0.1678808
239,0.03943906,0.5843266,0.2085449,0.1676896
240,0.03942364,0.5842412,0.208811,0.1675241
241,0.03773551,0.596797,0.2052789,0.1601886
242,0.03670697,0.6016741,0.2058674,0.1557515
243,0.03614174,0.6031883,0.2072479,0.153422
244,0.03583362,0.6033375,0.2085942,0.1522347
245,0.03567247,0.6030234,0.2096149,0.1516892
246,0.03559404,0.6026335,0.2102752,0.1514972
247,0.03556061,0.6023111,0.2106373,0.151491
248,0.03555027,0.6020886,0.2107871,0.151574
249,0.03555063,0.601954,0.2108032,0.1516922
250,0.03555526,0.601883,0.2107432,0.1518185
251,0.03556089,0.6018519,0.2106471,0.15194
252,0.03556598,0.6018425,0.2105404,0.1520511
253,0.03504671,0.6080002,0.2067482,0.1502048
254,0.03475018,0.6111393,0.2047869,0.1493236
255,0.0345533,0.6127169,0.2039497,0.14878
256,0.03443123,0.613447,0.2036178,0.148504
257,0.03435694,0.6137356,0.2035162,0.1483913
258,0.0343115,0.6138014,0.203519,0.1483682
259,0.03428273,0.6137574,0.2035712,0.1483887
260,0.03426309,0.6136599,0.2036514,0.1484257
261,0.03424811,0.6135355,0.2037522,0.1484641
262,0.03423523,0.6133968,0.2038716,0.1484964
263,0.03422305,0.613249,0.2040086,0.1485194
264,0.03421086,0.6130948,0.2041623,0.1485321
265,0.03769515,0.5811387,0.2179831,0.1631831
266,0.04021313,0.5631279,0.2233623,0.1732966
267,0.04192865,0.5536494,0.2246081,0.1798138
268,0.04300783,0.5491509,0.2242842,0.183557
269,0.04363774,0.5473189,0.2236259,0.1854173
270,0.04397867,0.5467799,0.2231101,0.1861314
271,0.04415103,0.5467985,0.2228135,0.1862368
272,0.0442379,0.5470309,0.2226364,0.1860948
273,0.04429255,0.5473476,0.2224294,0.1859305
274,0.04434566,0.54772,0.2220677,0.1858666
275,0.0444126,0.548156,0.2214742,0.1859572
276,0.04449794,0.548667,0.2206282,0.186207
277,0.04578295,0.5405952,0.2219913,0.1916305
278,0.0467487,0.5368667,0.2206657,0.1957188
279,0.04740926,0.5355586,0.2185771,0.1984551
280,0.04785121,0.5355359,0.2163777,0.2002352
281,0.04814288,0.536119,0.2143732,0.2013647
282,0.0483349,0.5369267,0.2126722,0.2020662
283,0.04846254,0.5377603,0.2112845,0.2024928
284,0.04854927,0.5385281,0.2101777,0.2027449
285,0.04861005,0.539197,0.2093073,0.2028856
286,0.04865422,0.5397635,0.2086282,0.202954
287,0.04868753,0.540237,0.2081015,0.202974
288,0.04871338,0.5406314,0.2076955,0.2029597
289,0.04394898,0.5781223,0.1946238,0.1833048
290,0.04129864,0.5936531,0.19236,0.1726883
291,0.03985536,0.5996226,0.193357,0.167165
292,0.03906079,0.6014345,0.1951915,0.1643132
293,0.03862453,0.6015244,0.1969619,0.1628892
294,0.0383874,0.6009965,0.1983932,0.1622229
295,0.03825976,0.6003292,0.1994648,0.1619463
296,0.03819069,0.5997068,0.2002458,0.1618567
297,0.0381515,0.5991806,0.2008235,0.1618445
298,0.03812639,0.5987466,0.2012737,0.1618533
299,0.03810686,0.598383,0.2016549,0.1618552
300,0.03808849,0.5980663,0.2020075,0.1618377
301,0.03434164,0.628301,0.1911789,0.1461784
302,0.03235529,0.6387722,0.1907244,0.1381481
303,0.03129273,0.6416461,0.1929563,0.1341049
304,0.0307115,0.6415693,0.1956256,0.1320936
305,0.03039031,0.6404918,0.1979693,0.1311486
306,0.03021065,0.639213,0.1998164,0.1307599
307,0.03010715,0.6380253,0.2012164,0.1306511
308,0.03004368,0.6370037,0.2022794,0.1306732
309,0.03000049,0.6361386,0.2031131,0.1307479
310,0.02996677,0.6353943,0.2038048,0.1308341
311,0.02993708,0.6347346,0.2044149,0.1309134
312,0.02990883,0.6341313,0.2049811,0.1309788
313,0.03480097,0.5891018,0.2238842,0.152213
314,0.0387348,0.5623646,0.2300325,0.1688682
315,0.041584,0.5477586,0.2302817,0.1803757
316,0.0434786,0.5407403,0.2282554,0.1875258
317,0.04463512,0.5380004,0.2259336,0.1914308
318,0.04527982,0.5373898,0.2241489,0.1931814
319,0.04560309,0.5376697,0.2230677,0.1936595
320,0.04574573,0.5382257,0.2225307,0.1934978
321,0.04580338,0.5388182,0.2222622,0.1931163
322,0.04583464,0.5393996,0.2220032,0.1927625
323,0.04587236,0.5399976,0.2215627,0.1925673
324,0.04593156,0.5406517,0.2208365,0.1925801
325,0.04552313,0.5456541,0.2180081,0.1908146
326,0.04531731,0.5487143,0.2159456,0.1900226
327,0.04523282,0.5507508,0.2142347,0.1897817
328,0.04522432,0.5522244,0.212677,0.1898742
329,0.04525696,0.5533779,0.2112344,0.1901307
330,0.04530786,0.5543303,0.2099214,0.1904404
331,0.04536336,0.5551372,0.2087605,0.190739
332,0.04541603,0.5558245,0.2077664,0.1909932
333,0.04546233,0.5564065,0.2069417,0.1911895
334,0.04550172,0.5568938,0.2062745,0.19133
335,0.04553456,0.5572973,0.2057473,0.1914208
336,0.04556158,0.5576283,0.2053408,0.1914693
337,0.04596169,0.5548448,0.2061616,0.1930319
338,0.04622914,0.5534753,0.2062973,0.1939983
339,0.04640086,0.5528708,0.2061818,0.1945464
340,0.04650707,0.5526686,0.2060104,0.1948141
341,0.04656973,0.5526593,0.2058719,0.194899
342,0.04660394,0.5527282,0.2058013,0.1948666
343,0.04661959,0.5528155,0.2058067,0.1947583
344,0.04662303,0.5528927,0.2058841,0.1946001
345,0.04661835,0.5529484,0.206025,0.1944082
346,0.04660789,0.5529794,0.2062214,0.1941914
347,0.04659325,0.5529861,0.2064648,0.1939558
348,0.04657565,0.5529714,0.2067464,0.1937066
349,0.03834045,0.6139966,0.1883173,0.1593457
350,0.03444864,0.6320336,0.1900482,0.1434695
351,0.03257497,0.6361826,0.1950293,0.136213
352,0.03161592,0.6357163,0.1998838,0.1327841
353,0.03111774,0.6339377,0.2037061,0.1312386
354,0.03085928,0.6320583,0.2064444,0.130638
355,0.03072491,0.6304585,0.2083191,0.1304975
356,0.03065273,0.6291926,0.2095922,0.1305625
357,0.03060982,0.628202,0.2104861,0.130702
358,0.03057901,0.6274051,0.2111649,0.130851
359,0.03055175,0.6267297,0.2117385,0.13098
360,0.03052409,0.626123,0.2122751,0.1310779
361,0.0347202,0.5889478,0.2271142,0.1492177
362,0.03801474,0.5681388,0.2305993,0.1632473
363,0.04030514,0.5575331,0.2295922,0.1725696
364,0.04177118,0.5529606,0.2271084,0.1781599
365,0.04263161,0.5515547,0.2247161,0.1810976
366,0.04308785,0.5515675,0.2230143,0.1823304
367,0.04329746,0.5520587,0.2220664,0.1825774
368,0.04337094,0.5526025,0.2216964,0.1823302
369,0.04338037,0.5530613,0.2216556,0.1819027
370,0.04337098,0.553439,0.2217008,0.1814892
371,0.04336926,0.5537918,0.2216382,0.1812008
372,0.0433889,0.5541808,0.2213392,0.1810912
373,0.04403919,0.5495871,0.2227409,0.1836328
374,0.04450769,0.5475636,0.2224849,0.1854438
375,0.04484801,0.5469693,0.2214195,0.1867632
376,0.04510245,0.5471665,0.2199619,0.1877691
377,0.04529978,0.5477756,0.2183501,0.1885745
378,0.0454577,0.5485734,0.2167271,0.1892418
379,0.0455867,0.5494295,0.2151822,0.1898015
380,0.04569304,0.5502687,0.2137695,0.1902688
381,0.0457808,0.5510488,0.2125181,0.1906524
382,0.04585277,0.5517487,0.2114404,0.1909581
383,0.04591138,0.5523602,0.210535,0.1911934
384,0.04595885,0.5528838,0.2097902,0.191367
385,0.04612167,0.552535,0.2093088,0.1920346
386,0.04623876,0.5525413,0.2087309,0.192489
387,0.04631573,0.5527109,0.2082232,0.1927502
388,0.04636546,0.5529345,0.2078196,0.1928803
389,0.04639665,0.553157,0.2075257,0.1929207
390,0.04641493,0.553353,0.2073345,0.1928975
391,0.0464237,0.5535136,0.2072362,0.1928265
392,0.04642493,0.5536371,0.2072218,0.1927161
393,0.04641969,0.5537246,0.207285,0.1925707
394,0.04640888,0.5537785,0.2074183,0.1923943
395,0.04639311,0.5538017,0.2076156,0.1921896
396,0.04637283,0.5537971,0.2078711,0.1919588
397,0.04774123,0.5446712,0.2098731,0.1977146
398,0.04871857,0.5401424,0.2093699,0.2017691
399,0.04931664,0.5382264,0.208373,0.204084
400,0.04966267,0.5376673,0.2073921,0.205278
401,0.04984684,0.5377381,0.2066429,0.2057721
402,0.04993196,0.5380453,0.2061708,0.2058518
403,0.04995999,0.5383955,0.2059409,0.2057037
404,0.04995784,0.5387083,0.2058886,0.2054453
405,0.04994222,0.5389631,0.2059458,0.205149
406,0.04992294,0.5391667,0.206054,0.2048563
407,0.04990558,0.5393361,0.2061677,0.2045906
408,0.04989311,0.5394891,0.2062537,0.2043641
409,0.04361884,0.5863847,0.191252,0.1787445
410,0.04031393,0.6040908,0.1899649,0.1656304
411,0.03860372,0.6101704,0.1920393,0.1591866
412,0.03769667,0.6116108,0.1946684,0.1560241
413,0.03721716,0.6113046,0.196923,0.1545553
414,0.03696788,0.6104757,0.1985997,0.1539568
415,0.03684085,0.6096112,0.1997615,0.1537866
416,0.03677633,0.6088716,0.2005451,0.1538071
417,0.03674151,0.6082802,0.2010848,0.1538935
418,0.0367188,0.607811,0.2014871,0.1539831
419,0.03669904,0.6074271,0.201827,0.1540468
420,0.03667779,0.6070958,0.2021534,0.154073
421,0.03693911,0.6041896,0.2036667,0.1552047
422,0.03708594,0.6026353,0.2044665,0.1558123
423,0.0371617,0.6017681,0.2049606,0.1561095
424,0.03718835,0.6012471,0.2053731,0.1561914
425,0.03718391,0.6008872,0.2057901,0.1561388
426,0.03716109,0.6005967,0.2062334,0.1560088
427,0.03712868,0.600336,0.2066941,0.1558413
428,0.03709269,0.6000925,0.2071504,0.1556644
429,0.03705749,0.599867,0.2075763,0.1554991
430,0.03702633,0.5996664,0.2079455,0.1553618
431,0.03700159,0.5994987,0.2082347,0.155265
432,0.03698483,0.5993713,0.2084267,0.1552172
433,0.04050035,0.5683716,0.2216178,0.1695103
434,0.04302581,0.5507717,0.2268986,0.1793039
435,0.04476206,0.5413964,0.2281265,0.185715
436,0.04586848,0.5368856,0.2277522,0.1894937
437,0.04653808,0.5350443,0.2268857,0.191532
438,0.04693495,0.5345634,0.22594,0.1925616
439,0.04718078,0.5347346,0.2249765,0.1931081
440,0.04735727,0.5352149,0.2239154,0.1935124
441,0.04751313,0.5358592,0.2226601,0.1939675
442,0.04767028,0.5366114,0.2211748,0.1945435
443,0.04783355,0.5374432,0.2194899,0.1952334
444,0.04799772,0.5383259,0.2176914,0.1959849
445,0.04813661,0.5373994,0.2181515,0.1963126
446,0.04818438,0.5368418,0.2187606,0.1962132
447,0.04823553,0.5364622,0.2191075,0.1961947
448,0.04828434,0.536217,0.219289,0.1962097
449,0.04833101,0.5360686,0.2193522,0.1962481
450,0.04837577,0.5359903,0.2193307,0.1963031
451,0.04841857,0.5359628,0.2192502,0.1963684
452,0.04845903,0.5359716,0.2191318,0.1964375
453,0.04849673,0.5360053,0.2189934,0.1965047
454,0.04853161,0.5360549,0.2188463,0.1965671
455,0.04856363,0.5361143,0.2186994,0.1966227
456,0.04859277,0.5361786,0.218559,0.1966696
457,0.04820616,0.5427192,0.2133996,0.1956751
458,0.04812814,0.5471107,0.2086409,0.1961203
459,0.04804667,0.55016,0.2054712,0.1963221
460,0.04796785,0.5522641,0.2034107,0.1963574
461,0.04789791,0.5536792,0.202123,0.1962999
462,0.04783887,0.5545993,0.2013674,0.1961944
463,0.04778944,0.5551714,0.2009785,0.1960606
464,0.04774664,0.5555029,0.2008471,0.1959034
465,0.04770723,0.5556695,0.2009027,0.1957205
466,0.04766833,0.5557228,0.201101,0.195508
467,0.04762762,0.5556967,0.2014144,0.1952613
468,0.04758292,0.5556106,0.2018319,0.1949746
469,0.04106287,0.6033131,0.1873381,0.168286
470,0.03771977,0.6196365,0.1877077,0.154936
471,0.03601109,0.6242756,0.1912779,0.1484354
472,0.03510092,0.6245465,0.1951478,0.1452048
473,0.03460881,0.623344,0.1984089,0.1436382
474,0.03434038,0.6218346,0.2008982,0.1429268
475,0.03419088,0.6204463,0.2027202,0.1426425
476,0.03410293,0.6192918,0.2040484,0.1425569
477,0.03404534,0.6183605,0.2050436,0.1425505
478,0.0340015,0.6176028,0.2058325,0.1425632
479,0.03396318,0.6169677,0.2065001,0.1425691
480,0.03392672,0.6164151,0.2070985,0.1425598
481,0.03640728,0.596341,0.2140135,0.1532382
482,0.03819005,0.5863342,0.2146229,0.1608528
483,0.03931585,0.5819678,0.2132531,0.1654631
484,0.03998666,0.5805455,0.2114041,0.1680638
485,0.04035699,0.5804753,0.2097944,0.1693732
486,0.04054119,0.5809017,0.208649,0.169908
487,0.04061723,0.5814167,0.2079534,0.1700127
488,0.04063501,0.5818603,0.2076012,0.1699035
489,0.04062528,0.5821965,0.2074667,0.1697114
490,0.04060575,0.5824423,0.2074424,0.1695095
491,0.04058657,0.5826299,0.2074448,0.1693389
492,0.04057325,0.5827903,0.2074156,0.1692209
493,0.0418746,0.5725458,0.2110278,0.1745518
494,0.04276798,0.5674714,0.2116384,0.1781221
495,0.04334243,0.5652466,0.2110876,0.1803234
496,0.04370335,0.5645354,0.2101211,0.1816401
497,0.04392909,0.5645673,0.2090832,0.1824203
498,0.04407404,0.5649233,0.2081037,0.1828989
499,0.04417316,0.5653907,0.207215,0.1832211
500,0.04424708,0.5658696,0.206416,0.1834673
501,0.04430689,0.5663179,0.2056991,0.183676
502,0.04435918,0.5667211,0.205051,0.1838688
503,0.04440672,0.5670775,0.2044646,0.1840512
504,0.04445045,0.5673902,0.2039371,0.1842223
505,0.04269449,0.5816454,0.1986232,0.177037
506,0.04163474,0.5880595,0.1974911,0.1728147
507,0.04102903,0.5907106,0.1977439,0.1705164
508,0.04069156,0.591588,0.1983943,0.1693261
509,0.04051015,0.591688,0.199043,0.1687588
510,0.04041703,0.5914933,0.1995627,0.168527
511,0.04037183,0.591223,0.199942,0.1684632
512,0.04035107,0.590965,0.2002108,0.1684732
513,0.04034146,0.5907453,0.2004074,0.168506
514,0.04033538,0.5905633,0.2005678,0.1685335
515,0.04032897,0.5904095,0.2007189,0.1685427
516,0.04032033,0.5902725,0.2008787,0.1685284
517,0.04029877,0.5900195,0.2012668,0.168415
518,0.04027066,0.5897484,0.2017277,0.1682532
519,0.04024931,0.5894799,0.2021437,0.168127
520,0.0402282,0.5892296,0.2025411,0.168001
521,0.04020593,0.5889975,0.2029287,0.1678679
522,0.04018221,0.5887809,0.2033105,0.1677264
523,0.04015727,0.5885776,0.2036873,0.1675779
524,0.04013155,0.5883862,0.2040573,0.167425
525,0.04010565,0.5882067,0.2044165,0.1672712
526,0.04008021,0.5880401,0.2047594,0.1671203
527,0.04005596,0.5878878,0.2050796,0.1669767
528,0.04003362,0.5877517,0.2053699,0.1668447
529,0.04028071,0.5856826,0.2061803,0.1678564
530,0.04044142,0.5847188,0.206338,0.1685017
531,0.04053175,0.5843248,0.2063075,0.168836
532,0.04058193,0.5842081,0.2062066,0.1690034
533,0.04060949,0.584219,0.2060885,0.1690831
534,0.04062546,0.5842836,0.2059671,0.1691238
535,0.04063654,0.5843685,0.2058408,0.1691542
536,0.04064648,0.5844601,0.2057041,0.1691894
537,0.04065711,0.584554,0.205553,0.1692359
538,0.04066909,0.5846488,0.205387,0.1692951
539,0.04068242,0.5847443,0.205208,0.1693653
540,0.0406967,0.5848398,0.2050203,0.1694432
541,0.0420015,0.5744626,0.2087428,0.1747931
542,0.04288942,0.5692466,0.2095312,0.1783328
543,0.04345951,0.5668616,0.2091692,0.1805097
544,0.04380971,0.5659848,0.2084399,0.1817655
545,0.04401688,0.5658447,0.2076979,0.1824405
546,0.04413575,0.5660207,0.2070727,0.1827709
547,0.04420264,0.5663002,0.2065872,0.1829099
548,0.04424043,0.5665875,0.2062214,0.1829507
549,0.04426283,0.5668464,0.2059439,0.1829468
550,0.04427776,0.5670697,0.2057247,0.1829279
551,0.04428947,0.5672613,0.2055412,0.1829081
552,0.04430006,0.5674287,0.2053778,0.1828934
553,0.04423254,0.5680653,0.2051551,0.182547
554,0.04418851,0.5683925,0.2051169,0.182302
555,0.04416863,0.5685642,0.2050941,0.1821731
556,0.04416199,0.5686675,0.2050642,0.1821062
557,0.04416294,0.5687447,0.2050178,0.1820747
558,0.04416784,0.5688148,0.2049559,0.1820616
559,0.04417443,0.5688855,0.2048837,0.1820564
560,0.04418135,0.5689584,0.2048075,0.1820526
561,0.04418787,0.5690326,0.2047326,0.1820469
562,0.04419369,0.5691065,0.2046619,0.1820378
563,0.04419866,0.5691788,0.2045977,0.1820248
564,0.0442028,0.5692485,0.2045408,0.182008
565,0.0465402,0.55134,0.2106255,0.1914942
566,0.04821186,0.5415609,0.2121454,0.1980819
567,0.04931785,0.5366047,0.2118505,0.202227
568,0.05001244,0.5344124,0.2109264,0.2046488
569,0.05042725,0.5336906,0.2099435,0.2059386
570,0.05066398,0.5336786,0.2091169,0.2065406
571,0.05079491,0.5339618,0.2084812,0.2067621
572,0.05086796,0.5343361,0.2079952,0.2068007
573,0.05091292,0.5347143,0.2075981,0.2067747
574,0.05094676,0.5350686,0.2072374,0.2067471
575,0.05097849,0.5353975,0.2068765,0.2067475
576,0.05101202,0.5357081,0.2064954,0.2067846
577,0.04716378,0.5648719,0.1966787,0.1912856
578,0.0449214,0.5777804,0.1947845,0.1825138
579,0.04367757,0.5831161,0.1953206,0.1778857
580,0.04299422,0.5850032,0.1964746,0.1755279
581,0.04262743,0.5853984,0.1975642,0.17441
582,0.04243715,0.5852216,0.1983921,0.1739492
583,0.04234246,0.5848849,0.1989565,0.1738161
584,0.04229696,0.5845531,0.1993218,0.1738282
585,0.0422746,0.5842759,0.199562,0.1738875
586,0.04226123,0.5840554,0.1997391,0.1739443
587,0.04224933,0.5838764,0.1998991,0.1739751
588,0.04223519,0.5837216,0.2000729,0.1739703
589,0.04149517,0.5893619,0.1981218,0.1710211
590,0.04102392,0.5918941,0.1978843,0.1691977
591,0.04072925,0.5928715,0.1983019,0.1680973
592,0.04054438,0.5930827,0.1989394,0.1674336
593,0.0404251,0.5929438,0.199612,0.167019
594,0.04034354,0.5926644,0.2002543,0.1667377
595,0.04028274,0.5923431,0.2008527,0.1665215
596,0.04023285,0.5920221,0.2014125,0.1663326
597,0.04018846,0.5917168,0.2019423,0.1661525
598,0.04014695,0.5914307,0.2024487,0.1659736
599,0.04010751,0.5911635,0.2029329,0.1657962
600,0.04007036,0.5909142,0.2033906,0.1656248
601,0.03969463,0.5931956,0.2030701,0.1640397
602,0.0394461,0.5940758,0.2034744,0.1630037
603,0.03929649,0.5942858,0.2040083,0.1624094
604,0.03920753,0.5942085,0.2045029,0.162081
605,0.03915791,0.5940341,0.2048822,0.1619257
606,0.0391342,0.5938529,0.2051268,0.1618861
607,0.03912782,0.5937032,0.2052435,0.1619256
608,0.03913324,0.5935959,0.2052499,0.1620209
609,0.03914678,0.5935303,0.2051669,0.162156
610,0.03916565,0.5935,0.2050164,0.1623179
611,0.03918765,0.5934967,0.2048195,0.1624961
612,0.03921099,0.5935123,0.2045954,0.1626813
613,0.04234509,0.5686057,0.2134411,0.1756081
614,0.04464832,0.5550148,0.2154315,0.1849053
615,0.04620579,0.5481989,0.2146511,0.1909442
616,0.04719968,0.545296,0.2129122,0.1945921
617,0.0477996,0.5444637,0.2111163,0.1966204
618,0.04814349,0.5446032,0.2096168,0.1976365
619,0.04833203,0.5451136,0.2084828,0.1980714
620,0.04843289,0.5457011,0.2076596,0.1982064
621,0.04848854,0.5462438,0.2070563,0.1982114
622,0.04852412,0.5467076,0.206586,0.1981823
623,0.0485533,0.5470969,0.2061827,0.1981671
624,0.04858267,0.5474292,0.2058036,0.1981845
625,0.04643825,0.5642374,0.199841,0.1894834
626,0.04513558,0.5721444,0.1983664,0.1843537
627,0.0443875,0.5756503,0.1984153,0.1815469
628,0.04397165,0.5770263,0.1989029,0.1800992
629,0.04375066,0.5774297,0.1993984,0.1794214
630,0.04364041,0.5774327,0.1997682,0.1791587
631,0.0435903,0.5773034,0.2000039,0.1791024
632,0.04357051,0.5771551,0.2001409,0.1791334
633,0.043564,0.5770269,0.2002227,0.1791865
634,0.04356144,0.576924,0.2002859,0.1792287
635,0.04355804,0.5768401,0.2003571,0.1792448
636,0.04355148,0.5767657,0.2004534,0.1792294
637,0.04376332,0.5749519,0.2012024,0.1800824
638,0.04389069,0.573994,0.2015636,0.1805517
639,0.04396064,0.5734891,0.2017807,0.1807697
640,0.04399138,0.5732167,0.2019744,0.1808175
641,0.04399678,0.5730535,0.2021925,0.1807572
642,0.0439865,0.5729351,0.2024471,0.1806312
643,0.04396708,0.5728312,0.2027333,0.1804685
644,0.04394293,0.57273,0.2030387,0.1802884
645,0.04391713,0.5726294,0.2033484,0.1801051
646,0.04389183,0.5725317,0.203648,0.1799285
647,0.04386863,0.572441,0.2039238,0.1797666
648,0.04384873,0.5723614,0.2041643,0.1796256
649,0.04111939,0.5933843,0.1969442,0.1685522
650,0.03954111,0.6021243,0.1959905,0.1623442
651,0.03865847,0.6053797,0.1969089,0.1590528
652,0.03817199,0.6062223,0.1982168,0.1573888
653,0.03791123,0.6060943,0.1993683,0.1566262
654,0.03777696,0.6056526,0.2002227,0.1563477
655,0.03771139,0.6051738,0.2008002,0.1563145
656,0.03768121,0.6047551,0.2011712,0.1563925
657,0.03766759,0.6044146,0.2014095,0.1565083
658,0.03766019,0.6041399,0.2015761,0.1566238
659,0.03765361,0.6039105,0.2017153,0.1567207
660,0.03764522,0.6037076,0.2018558,0.1567913
661,0.03771812,0.6029938,0.2020831,0.157205
662,0.03776031,0.6026337,0.2021289,0.1574772
663,0.03777312,0.6024293,0.202197,0.1576007
664,0.03776901,0.6022796,0.2023133,0.1576381
665,0.03775429,0.6021396,0.2024867,0.1576194
666,0.03773295,0.6019903,0.2027127,0.1575641
667,0.03770766,0.6018269,0.2029804,0.157485
668,0.03768031,0.6016507,0.203277,0.157392
669,0.03765232,0.6014661,0.203589,0.1572926
670,0.03762486,0.6012782,0.2039036,0.1571934
671,0.03759891,0.6010922,0.2042085,0.1571003
672,0.03757539,0.6009132,0.2044925,0.1570189
673,0.03753508,0.6005592,0.2050887,0.1568171
674,0.03749653,0.6002288,0.2056512,0.1566235
675,0.03747891,0.599939,0.2060307,0.1565513
676,0.03746931,0.5997096,0.2062928,0.1565283
677,0.03746596,0.5995356,0.2064539,0.1565444
678,0.03746812,0.5994096,0.2065273,0.156595
679,0.03747514,0.5993236,0.2065251,0.1566761
680,0.0374864,0.5992705,0.2064595,0.1567836
681,0.03750114,0.5992439,0.2063421,0.1569128
682,0.03751832,0.5992373,0.2061869,0.1570575
683,0.03753692,0.5992445,0.2060071,0.1572114
684,0.03755594,0.5992603,0.2058153,0.1573685
685,0.03955267,0.5829703,0.211794,0.165683
686,0.04094141,0.5746394,0.2130977,0.1713214
687,0.04184166,0.5707658,0.2125658,0.1748267
688,0.04239582,0.5692889,0.2114555,0.1768598
689,0.04272129,0.5689852,0.2103436,0.17795
690,0.04290454,0.569181,0.209437,0.1784774
691,0.04300431,0.5695379,0.2087644,0.1786935
692,0.04305796,0.5699048,0.2082841,0.1787531
693,0.04308789,0.5702281,0.2079384,0.1787456
694,0.04310723,0.5704989,0.207673,0.178721
695,0.04312297,0.5707263,0.2074474,0.1787034
696,0.04313855,0.5709233,0.2072353,0.1787028
697,0.04051705,0.5919648,0.1995652,0.167953
698,0.03900598,0.6008281,0.1982177,0.1619482
699,0.03816491,0.604243,0.1988101,0.158782
700,0.03770357,0.6052403,0.1998683,0.1571878
701,0.0374572,0.6052459,0.2008416,0.1564553
702,0.03733023,0.6049126,0.2015787,0.1561784
703,0.03726725,0.6045184,0.2020879,0.1561264
704,0.03723649,0.6041641,0.2024286,0.1561708
705,0.0372201,0.603871,0.2026668,0.1562422
706,0.03720841,0.6036301,0.2028564,0.1563051
707,0.03719638,0.6034241,0.2030368,0.1563427
708,0.03718155,0.603236,0.2032342,0.1563482
709,0.03820221,0.5944617,0.2067177,0.1606184
710,0.03886446,0.5901333,0.2077033,0.1632988
711,0.03926184,0.5881451,0.2077783,0.1648147
712,0.03948093,0.5873362,0.2076206,0.1655623
713,0.03958639,0.5870614,0.2075201,0.1658321
714,0.0396233,0.5869884,0.2075651,0.1658233
715,0.0396216,0.5869638,0.2077479,0.1656667
716,0.03960079,0.5869299,0.2080226,0.1654467
717,0.0395734,0.5868757,0.2083328,0.1652181
718,0.03954753,0.5868111,0.2086247,0.1650166
719,0.03952823,0.5867525,0.2088545,0.1648648
720,0.03951848,0.5867152,0.2089902,0.1647761
721,0.04104975,0.5742464,0.2136657,0.1710382
722,0.04210506,0.5679133,0.2147501,0.1752315
723,0.04279149,0.5649959,0.2143669,0.1778457
724,0.04322544,0.5639163,0.2134439,0.1794143
725,0.04349845,0.5637544,0.2124013,0.1803459
726,0.04367495,0.5640082,0.2113971,0.1809198
727,0.04379658,0.5644231,0.2104709,0.1813094
728,0.04388807,0.5648803,0.2096195,0.181612
729,0.04396292,0.5653298,0.2088316,0.1818756
730,0.04402772,0.5657538,0.2080997,0.1821189
731,0.04408516,0.5661474,0.2074223,0.1823452
732,0.04413607,0.5665104,0.2068024,0.1825512
733,0.04160751,0.5870536,0.1990949,0.172244
734,0.04013328,0.5959773,0.197463,0.1664264
735,0.03930364,0.5995712,0.1978015,0.1633235
736,0.03884228,0.6007367,0.1986887,0.1617323
737,0.03859029,0.600866,0.1995738,0.16097
738,0.03845502,0.6006111,0.200289,0.1606449
739,0.03838247,0.6002588,0.2008244,0.1605343
740,0.03834158,0.5999194,0.2012254,0.1605137
741,0.03831478,0.5996224,0.2015474,0.1605155
742,0.03829237,0.5993645,0.2018384,0.1605047
743,0.03826926,0.5991318,0.2021346,0.1604643
744,0.03824285,0.5989098,0.2024601,0.1603872
745,0.04169677,0.5703214,0.2133209,0.1746609
746,0.04423743,0.5543046,0.2166119,0.1848461
747,0.04594234,0.5459766,0.2167636,0.1913173
748,0.04699736,0.5421532,0.2158662,0.1949833
749,0.04758902,0.5407351,0.2149653,0.1967106
750,0.047877,0.5404506,0.2144543,0.1972181
751,0.04798448,0.540603,0.214364,0.1970487
752,0.04800047,0.5408615,0.2145492,0.1965888
753,0.04798613,0.5411094,0.214802,0.1961025
754,0.04798078,0.5413383,0.2149235,0.1957574
755,0.04800639,0.5415819,0.2147676,0.195644
756,0.04807119,0.5418774,0.2142627,0.1957888
757,0.04637384,0.5560975,0.2085879,0.1889407
758,0.04537845,0.5630569,0.2064538,0.1851107
759,0.04484929,0.5664287,0.20546,0.183262
760,0.04459611,0.5680516,0.2047991,0.1825532
761,0.04449699,0.5688617,0.2041932,0.1824481
762,0.04447683,0.5693172,0.2035853,0.1826207
763,0.04449168,0.569627,0.202996,0.1828853
764,0.04451747,0.5698756,0.2024619,0.1831451
765,0.04454209,0.5700893,0.2020129,0.1833557
766,0.04456012,0.5702719,0.2016666,0.1835014
767,0.0445697,0.5704195,0.2014301,0.1835806
768,0.04457061,0.5705289,0.2013032,0.1835973
769,0.04150632,0.5942068,0.1931499,0.171137
770,0.03973341,0.6039782,0.1921663,0.1641221
771,0.0387338,0.6075417,0.1933826,0.1603419
772,0.03816685,0.6083648,0.195142,0.1583263
773,0.0378438,0.6080693,0.1968149,0.1572719
774,0.03765666,0.6073974,0.1982194,0.1567265
775,0.03754304,0.6066657,0.1993571,0.1564342
776,0.0374671,0.6059885,0.2002924,0.156252
777,0.03740856,0.6053906,0.2010987,0.1561021
778,0.03735638,0.6048611,0.2018376,0.1559449
779,0.03730492,0.6043797,0.2025528,0.1557626
780,0.03725175,0.6039277,0.2032702,0.1555502
781,0.03717002,0.6036234,0.2040171,0.1551895
782,0.0370937,0.6032261,0.2048436,0.1548367
783,0.03702786,0.6027942,0.2056494,0.1545285
784,0.03696911,0.6023644,0.2064159,0.1542507
785,0.03691822,0.6019577,0.2071128,0.1540113
786,0.03687697,0.6015905,0.2077093,0.1538232
787,0.03684727,0.601276,0.2081773,0.1536993
788,0.03683062,0.6010252,0.2084942,0.15365
789,0.03682785,0.6008448,0.208646,0.1536814
790,0.03683854,0.6007369,0.2086325,0.1537921
791,0.03686126,0.600698,0.2084656,0.1539751
792,0.03689383,0.6007207,0.2081673,0.1542182
793,0.03807344,0.5916656,0.2110107,0.1592503
794,0.03888793,0.587506,0.2108855,0.1627207
795,0.0394077,0.5858957,0.2098005,0.1648961
796,0.03973414,0.5855511,0.2084691,0.1662456
797,0.03993693,0.5857655,0.2072187,0.1670788
798,0.04006314,0.586174,0.2061636,0.1675993
799,0.04014276,0.5866038,0.20532,0.1679334
800,0.04019411,0.586984,0.2046663,0.1681556
801,0.04022792,0.5872933,0.204171,0.1683078
802,0.04025056,0.5875328,0.2038027,0.1684141
803,0.04026553,0.5877115,0.2035361,0.1684868
804,0.04027487,0.5878403,0.2033518,0.168533
805,0.03651873,0.6180339,0.1924183,0.153029
806,0.03449822,0.6291422,0.1914005,0.1449592
807,0.03341408,0.632631,0.193081,0.140874
808,0.03282517,0.6330519,0.1952733,0.1388496
809,0.03250577,0.6323649,0.1972157,0.1379137
810,0.03233301,0.6313987,0.1987247,0.1375437
811,0.03223836,0.6304718,0.1998363,0.1374536
812,0.03218356,0.6296771,0.2006518,0.1374875
813,0.03214748,0.629016,0.2012742,0.1375624
814,0.03211862,0.6284587,0.2017875,0.1376353
815,0.03209104,0.6279715,0.202252,0.1376855
816,0.03206179,0.6275261,0.2027075,0.1377045
817,0.0342012,0.6079898,0.2109788,0.1468301
818,0.03566099,0.5981162,0.2133477,0.152875
819,0.03657765,0.5935711,0.2133715,0.1564798
820,0.03710433,0.5917921,0.2127346,0.158369
821,0.03737401,0.5912841,0.2121833,0.1591586
822,0.03748734,0.5912573,0.2119488,0.1593066
823,0.03751481,0.5913464,0.2120093,0.1591294
824,0.03750348,0.5914204,0.2122386,0.1588376
825,0.03748398,0.5914654,0.2124822,0.1585683
826,0.03747545,0.5915191,0.2125974,0.1584082
827,0.03748752,0.5916256,0.2124875,0.1583993
828,0.03752189,0.5918099,0.2121251,0.1585431
829,0.03828932,0.5862243,0.2136799,0.1618065
830,0.03883145,0.5837902,0.2132612,0.1641171
831,0.03919964,0.5829935,0.2121257,0.1656811
832,0.0394544,0.58301,0.2107632,0.1667723
833,0.03963571,0.5833881,0.2094128,0.1675635
834,0.03976904,0.5838919,0.2081793,0.1681597
835,0.03986976,0.5844069,0.207102,0.1686214
836,0.039947,0.5848809,0.2061902,0.1689819
837,0.04000624,0.5852942,0.2054393,0.1692602
838,0.04005131,0.5856426,0.2048357,0.1694704
839,0.04008486,0.585929,0.2043637,0.1696223
840,0.04010884,0.5861594,0.2040081,0.1697237
841,0.03932581,0.5926873,0.2015585,0.1664284
842,0.03883818,0.5956159,0.2011295,0.1644165
843,0.03855022,0.5967918,0.2013857,0.1632722
844,0.03838108,0.5971353,0.2018566,0.1626271
845,0.03828102,0.597112,0.2023474,0.1622596
846,0.03821945,0.596948,0.202796,0.1620365
847,0.03817794,0.5967451,0.2031976,0.1618793
848,0.03814568,0.5965431,0.2035677,0.1617436
849,0.03811652,0.5963532,0.2039253,0.1616051
850,0.03808716,0.5961746,0.2042866,0.1614517
851,0.03805608,0.5960028,0.2046621,0.161279
852,0.0380228,0.5958337,0.2050566,0.161087
853,0.03884388,0.5886286,0.2080738,0.1644537
854,0.03937104,0.5850946,0.2090169,0.1665174
855,0.03967895,0.5834869,0.2092214,0.1676127
856,0.0398435,0.5828504,0.2092134,0.1680927
857,0.03991997,0.5826613,0.2092094,0.1682093
858,0.0399469,0.5826538,0.2092632,0.1681361
859,0.03994993,0.5827079,0.2093549,0.1679873
860,0.03994545,0.5827798,0.2094396,0.1678352
861,0.03994353,0.5828613,0.2094714,0.1677237
862,0.03994962,0.5829585,0.2094163,0.1676757
863,0.03996599,0.5830786,0.2092564,0.1676989
864,0.03999276,0.5832267,0.2089896,0.167791
865,0.03705654,0.6077877,0.1994734,0.1556823
866,0.0354383,0.6175237,0.1977824,0.1492556
867,0.03456427,0.6210297,0.1983979,0.1460081
868,0.03410025,0.6218992,0.1995248,0.1444758
869,0.0338619,0.6217476,0.2005347,0.1438559
870,0.03374537,0.6212816,0.2012715,0.1437016
871,0.03369191,0.6207852,0.2017576,0.1437653
872,0.03366864,0.6203508,0.2020683,0.1439122
